8.249076974091678949e+00
2.065195262824596423e+00
2.053070756092943761e+00
3.845321014763050993e+00
2.046879362060983532e+00
2.044437238407577517e+00
2.935731932792275511e+00
2.057497810407218797e+00
6.135273213824743443e+00
2.259225485794391641e+00
3.508769381756277284e+00
6.966420634648592625e+00
2.392884781427535579e+00
2.775463590598667984e+00
5.971968573502149269e+00
2.918153104236279827e+00
2.081800675058993910e+00
6.983882437750119188e+00
3.177415028133266262e+00
2.059928196185140337e+00
7.486249130744496050e+00
4.064140097313164723e+00
1.124707377538821085e+01
5.837913532450778042e+00
2.148431814989979483e+00
1.069734806769716684e+01
2.661522315689717644e+00
2.018810009049139431e+00
3.017227796788737759e+00
2.152676663508329202e+00
5.845570977965683035e+00
9.546121388944621700e+00
2.075222925505116667e+00
8.543155456208854304e+00
2.442853952840755127e+00
4.159006711498483000e+00
5.980393790132468190e+00
2.425817141554446721e+00
7.320523820757857791e+00
2.022191233219795770e+00
2.071021266234847058e+00
2.760636393877254235e+00
2.080310410883019490e+00
1.217149218919962905e+01
2.535263436627986255e+00
2.082960639118407453e+00
2.037278322029925093e+00
2.103205713553985667e+00
2.094986241484465328e+00
6.545543181717723868e+00
2.032969147037489321e+00
2.011403493226603167e+00
6.415692873836501775e+00
2.424014423046003675e+00
8.591152380423045187e+00
9.654205616152253810e+00
2.138699102905817107e+00
9.035290904207915474e+00
3.261133525926552146e+00
2.355794693747779611e+00
3.992253095626893789e+00
2.176557402676002617e+00
2.027996745679224055e+00
2.281484510164362600e+00
2.042406467693749672e+00
3.949336901664624033e+00
2.145232956905970934e+00
7.556870630789198628e+00
4.266518286244020963e+00
9.230690404502364999e+00
2.026420351463318337e+00
8.847807504349264107e+00
4.912719042146234116e+00
2.633477535307624517e+00
2.468943589271897388e+00
5.305893323166587905e+00
2.036054036514254761e+00
4.726825983847514401e+00
2.467157498058329068e+00
4.004903618298162549e+00
7.865379490399438289e+00
1.212539976154549848e+01
2.008450741818498031e+00
2.683771016122712627e+00
3.080487484682474353e+00
2.169300942006785249e+00
2.012039799054936129e+00
4.643006634792222087e+00
2.075728753771841184e+00
2.123031503290114141e+00
2.203054970622140285e+00
5.775295230718414885e+00
7.587334740227961838e+00
3.754469508861841831e+00
2.149914781856733015e+00
2.110701267460255437e+00
2.076312465679928998e+00
2.073123023102859008e+00
6.141921856750142794e+00
6.841591577085842424e+00
