6.191370560154367375e+00
2.010971784341109903e+00
2.056960959276746603e+00
8.964541805785193773e+00
4.877112622833403854e+00
2.080126081134755722e+00
2.038070890838837190e+00
2.029226715404014669e+00
2.021109630361912490e+00
2.072021356330506769e+00
2.320772311242519592e+00
3.390226990654227279e+00
2.866502007696785981e+00
2.397500861457203758e+00
2.301118768103096901e+00
2.235041656519754394e+00
3.304706475095381624e+00
9.116625188582297312e+00
2.645445388171145051e+00
3.314470286284119105e+00
4.214845193425527548e+00
5.115510658751172279e+00
7.288432645638684981e+00
8.090544008319676905e+00
4.466459044995305661e+00
6.094386620300036306e+00
2.240388868242991549e+00
2.037153293397731435e+00
3.701071921152877309e+00
2.067325485526237294e+00
3.087589142826512312e+00
4.585680305164340886e+00
2.489456120700285879e+00
5.960817925430075270e+00
2.111384094996307415e+00
2.048790122932741653e+00
4.144847380064222264e+00
2.994029624775640386e+00
3.901698207746514324e+00
2.125532084863236193e+00
2.011246491659521851e+00
2.106293630750593504e+00
2.033552974738856101e+00
8.674714514260767118e+00
2.123297299528654314e+00
4.052761277856815170e+00
2.058961814311665695e+00
2.007777930000523625e+00
2.326724672422156637e+00
6.248641581978895410e+00
2.002385639687272789e+00
2.002298330440016816e+00
3.468015127371606887e+00
8.889119755928446054e+00
7.100693559026932000e+00
8.249034507290575746e+00
2.057738888573380720e+00
4.058888839391640246e+00
2.072795749364966245e+00
2.026813104306460112e+00
2.893562354611243670e+00
2.069555129546479133e+00
2.041988296778735279e+00
2.601764046764313498e+00
6.666326468114561088e+00
6.102489773817472596e+00
2.020167123635688178e+00
5.213262283454600521e+00
9.557784153656150750e+00
6.521613025126005603e+00
2.628546979491353852e+00
7.014240516621711663e+00
2.056101209409449293e+00
2.063054265950442723e+00
2.723680965014986910e+00
4.883395180913085554e+00
2.596951732911548127e+00
2.797010564350541184e+00
6.860597305710577132e+00
2.093870181271582975e+00
1.097737104655247187e+01
9.544510299505297723e+00
2.379527208263222171e+00
2.040509282485682974e+00
2.061263080694402561e+00
2.022420201248114058e+00
3.332521308763092271e+00
8.247960229574868407e+00
2.318192896543322945e+00
2.065880428812805203e+00
2.278714993106400133e+00
3.557141884425465861e+00
2.024103719010523328e+00
2.151402704446311986e+00
2.244547948753862432e+00
2.147248383116331372e+00
2.236904561420119730e+00
2.043849464589223786e+00
5.849499458624138448e+00
6.747709338496881593e+00
