5.450740810573874384e+00
2.080704378655005904e+00
2.054576656313099381e+00
8.275599832971613168e+00
4.990878275727297364e+00
2.019147836870056167e+00
2.320587238514625117e+00
2.032072902092135092e+00
2.148901491844663170e+00
2.031461337767711761e+00
2.211747083968242933e+00
5.286900898672798554e+00
3.308563956734914768e+00
3.145310968341264335e+00
2.319999449410110604e+00
2.450374241035784273e+00
2.327898433260199074e+00
9.682814344189077715e+00
2.204422721610095781e+00
2.114773164412504070e+00
1.021625293625563557e+01
5.859582058483505662e+00
5.058971346116285517e+00
7.747556743653604805e+00
5.871799285845540339e+00
1.094845241014797921e+01
2.004134250525187788e+00
2.385545460183617461e+00
2.003075228742021707e+00
2.104395152291256732e+00
5.852897715881986151e+00
8.125576936468664968e+00
2.047063831737064632e+00
5.147830877967149554e+00
3.343103275524221374e+00
2.236922074733796784e+00
7.543070467860334638e+00
2.044100698205330247e+00
6.650356939659609168e+00
2.010834208936649770e+00
2.035581667399553041e+00
2.034441003469172227e+00
2.158152405063206825e+00
3.310091750954571310e+00
3.389109741119173513e+00
3.185025617740970372e+00
2.008572010033528255e+00
2.011674143196741316e+00
2.053628600028433393e+00
7.269029782594155442e+00
2.023041326806482854e+00
2.045873056166680470e+00
3.022340093194541666e+00
5.163660072421670577e+00
1.277888307250310618e+01
7.603525325962485759e+00
2.030781649153176271e+00
6.853033352811675805e+00
2.140633803298566118e+00
2.016984298633972106e+00
2.068647786082020268e+00
3.107780611193017073e+00
2.348702569872110235e+00
2.434272751160584836e+00
2.290580481762229503e+00
2.290742781383503512e+00
2.017749124189835985e+00
4.595549236761452327e+00
7.681980262267289028e+00
9.884218380409661719e+00
2.010083393538794727e+00
5.234669542638139106e+00
2.261202082525000101e+00
2.345437520136213649e+00
2.112363618178117353e+00
4.379558830758816690e+00
2.698812655394156490e+00
2.536423500195436276e+00
5.549085290011100291e+00
2.625754564847595063e+00
4.422929137228935659e+00
7.966216214712191324e+00
3.106121118225999567e+00
2.762064293750742472e+00
6.790680483299163406e+00
2.045515849005100861e+00
2.044064006401168143e+00
6.179548249660838266e+00
5.709407883110705129e+00
5.392242714849833973e+00
2.158557641044653863e+00
4.587365969538717003e+00
2.995949062972250054e+00
2.076389726384464396e+00
2.259891995215219218e+00
2.186341797972790157e+00
2.295146453721867097e+00
2.083895656152048748e+00
1.022278060510091890e+01
5.959077162292320651e+00
