7.972843889882800461e+00
2.031085960638175258e+00
2.054163988791816831e+00
4.236403327966089094e+00
2.602539002309866234e+00
2.042082710161105652e+00
2.041311029380879383e+00
2.509750293233776741e+00
2.050360215762503380e+00
2.099183507267953441e+00
4.529277623909978345e+00
2.079739955185271771e+00
3.699478320942263032e+00
2.276512468309163761e+00
4.914100051420492221e+00
3.774175942246017268e+00
2.469394878947762884e+00
4.181097402581595901e+00
2.931341491563565604e+00
2.807953030559618757e+00
7.119744826959768957e+00
5.298021110998126559e+00
4.647441490979435486e+00
8.512714647687658953e+00
7.841840448878403258e+00
8.348320085683061720e+00
2.209688816817998447e+00
2.191758757203953856e+00
3.415038262793584689e+00
2.209180916325938604e+00
3.683042281709432597e+00
4.883266363823937972e+00
2.135929094167543507e+00
8.905138433551023525e+00
2.244040401278216024e+00
2.188648989287293567e+00
9.018747846163456927e+00
2.006243053170644774e+00
6.725556069512190760e+00
2.147992478607845257e+00
2.637008126915452166e+00
2.028912093669626771e+00
2.128403806118725594e+00
7.374878639508108513e+00
3.654424516105638787e+00
3.332302954975961740e+00
2.301983676611705221e+00
2.249604041423459044e+00
2.013486956076846024e+00
7.071088455899241509e+00
2.007035975406551209e+00
2.012382132496667086e+00
2.357158192745724357e+00
2.058305079712198005e+00
8.492291935032186601e+00
4.252540008387629911e+00
2.089341829946514295e+00
4.653104852388281643e+00
4.216560929469887142e+00
2.245291976891833574e+00
4.324663598881654636e+00
2.002911043579501893e+00
2.009073668584765660e+00
2.027327723075282861e+00
6.316456163123247869e+00
3.757901207791550124e+00
2.037434124141942693e+00
4.323059313824719752e+00
8.877316259882226390e+00
5.213436812292114197e+00
2.086285502899207334e+00
5.836986130750450918e+00
2.345968172361106774e+00
3.176343120930228636e+00
2.596847646853914782e+00
2.068216772088781852e+00
2.387485481897886785e+00
3.646231159305389102e+00
9.860006758238039737e+00
3.090774054097832568e+00
7.918283420947766160e+00
8.328660366600711740e+00
2.072327964210459061e+00
2.023203743799016685e+00
6.978644961133356084e+00
2.230860200673584703e+00
2.897283648155126290e+00
5.386889267190382746e+00
2.107818233200036140e+00
2.032560138989881970e+00
2.070394535140655634e+00
5.540714827764400496e+00
2.588456652813988512e+00
2.096033460801922210e+00
3.171571449792437214e+00
2.236781388276567917e+00
2.039925186857734829e+00
2.376931938477352624e+00
6.469548214527086394e+00
7.685068311201803226e+00
