6.115424031056020837e+00
2.003420732904160229e+00
2.028797587788039092e+00
9.966517241759747847e+00
2.822850762787058265e+00
2.033031755738954338e+00
2.088989329728052624e+00
3.031984745758357302e+00
2.015998040089099774e+00
2.144481857087739751e+00
2.341110319695981712e+00
4.321939811142741839e+00
6.424704619245360959e+00
2.232970995063960018e+00
3.724351992359115293e+00
2.406080613484121056e+00
3.617086476966216324e+00
1.188739575202457921e+01
2.078782869919429732e+00
2.018871858351068749e+00
5.345041749217116944e+00
2.771962772991205526e+00
8.600907231717563661e+00
6.191291123782476369e+00
5.529334771559258677e+00
8.394077834021302920e+00
2.106507480497178619e+00
3.928976763300991770e+00
2.126098463212786616e+00
2.065486811579403170e+00
3.709121398983581841e+00
4.367881136837535649e+00
2.015683646837494347e+00
8.046342728615401896e+00
2.375810022772395946e+00
2.871392443131913108e+00
6.963066742863812664e+00
2.087102908616723429e+00
5.263825326362035817e+00
2.258773258060574829e+00
2.304487419742411003e+00
2.092529550035772345e+00
2.072025474908316234e+00
7.609825895281710828e+00
2.018981439726955429e+00
3.951616077648326009e+00
2.028210862285014571e+00
2.071797819638685034e+00
2.059242630535232266e+00
5.054357514857188427e+00
2.022930919296546559e+00
2.099471506184436009e+00
2.535737953432937175e+00
2.456985452596430974e+00
4.069235969112106943e+00
6.232498370139706090e+00
3.984618644055377690e+00
7.697588026324259758e+00
2.550696903590486286e+00
2.149665395076229224e+00
3.297714126538645374e+00
2.522343160740449175e+00
2.272163534178966771e+00
2.187388013809199450e+00
4.752835181799244246e+00
2.122415559544657437e+00
2.035385126589132732e+00
4.063793129894031964e+00
6.305009210692253063e+00
6.213914979872246391e+00
2.896817164169998016e+00
2.718111728475925748e+00
3.177828293801731707e+00
2.034501674831449058e+00
2.194525588949113981e+00
2.178830581077805473e+00
2.184148715310555211e+00
3.458128008915533513e+00
2.101918367196517590e+00
2.348287366438546631e+00
9.735581378005189634e+00
1.055188965638967602e+01
2.034993944825475243e+00
2.037904563929465951e+00
7.399634401375022819e+00
2.135814308074458712e+00
2.129045937239532282e+00
8.028115894389872054e+00
2.046814440970782467e+00
4.876440443777006806e+00
2.204628579908542996e+00
4.950550691034442785e+00
5.872380768450121025e+00
2.459143930648324705e+00
2.060971529646873801e+00
2.164194921058548271e+00
2.424706896046203930e+00
2.273693115034914669e+00
8.229561400827993367e+00
8.044270924157064684e+00
