8.972013583659812497e+00
2.045733500112089320e+00
2.050434614627631991e+00
8.239109420621991475e+00
2.348519072540839137e+00
2.006856122247057783e+00
2.113683367349182163e+00
3.002323093484017491e+00
2.108020025278579013e+00
2.066701083031153630e+00
2.124251318308412628e+00
3.586633167755858942e+00
3.075713697994743256e+00
2.069989627994611503e+00
5.566486801429808118e+00
4.407113032030821387e+00
2.225434378890607690e+00
8.595407701621322616e+00
2.499094434742797688e+00
2.045065830985662636e+00
6.387078276502477614e+00
5.772161018913445574e+00
9.110223817421175596e+00
9.303873249421124925e+00
5.721214042210882589e+00
1.168966426493037858e+01
2.370563543945172658e+00
2.150710383934929304e+00
3.517566326957068057e+00
2.015996434610770827e+00
2.815947434008298167e+00
4.258446252643047991e+00
2.051666520944289474e+00
2.808728836259805739e+00
2.615345478342211649e+00
2.045602082523131138e+00
7.998505730376206380e+00
2.267805613970565126e+00
2.215021847918962727e+00
2.061550024790327118e+00
2.763546112233179919e+00
2.627683979047493956e+00
2.020787175432940064e+00
6.863375991564341305e+00
2.329122393609304620e+00
3.314426328021438550e+00
2.008618716779088764e+00
2.186299913637199666e+00
2.566584126699643864e+00
1.013685723962478491e+01
2.829120703763357003e+00
2.157711528936923973e+00
2.678485246271394615e+00
2.401726518602848248e+00
8.421213532140878755e+00
3.211496648848867430e+00
2.007073728407891000e+00
5.435072092478501204e+00
2.028394277567413084e+00
2.528503200216905000e+00
4.769678216470653709e+00
2.215329986090011083e+00
2.029134111933505569e+00
2.084303967592694651e+00
4.280509456663528667e+00
3.474535084573546762e+00
2.687682370418725597e+00
3.533711779005034526e+00
4.960217263342864058e+00
2.445220445539782794e+00
2.676600957543201265e+00
4.945505596476174937e+00
2.022796979123668848e+00
2.214381321803829294e+00
2.747989306580029378e+00
2.901869905400170868e+00
2.287619472843821722e+00
2.095694222507709092e+00
7.769193449117070216e+00
3.589205988127248226e+00
7.877907745674539441e+00
9.739128274828910747e+00
2.010432980059106534e+00
3.121286335094819009e+00
5.208540741285254683e+00
2.009288096965626380e+00
2.670004496368068914e+00
7.388990532071304962e+00
2.229780015558361139e+00
3.878012454278709775e+00
2.191890934721395290e+00
3.707742386555921144e+00
3.878806926770349772e+00
2.088888308032496699e+00
2.341774095970489356e+00
2.204426763844394621e+00
2.130569484552339521e+00
2.250565930274470272e+00
7.157285195127133903e+00
9.033746346864925059e+00
