6.211999465471500059e+00
2.599491403764133235e+00
2.119726861748857605e+00
8.349527972694978928e+00
7.597636997059076691e+00
2.049802226212993794e+00
2.150068253866810331e+00
2.216755156094989410e+00
2.619276297614133497e+00
2.002722680909246655e+00
5.886501102104285899e+00
6.864961646040019794e+00
2.010339561184885326e+00
2.071613762856186813e+00
3.785936033879524931e+00
2.961388803104268774e+00
2.162566974802903275e+00
9.281613082670094883e+00
4.896538115642482758e+00
2.001903966023484749e+00
9.791249137917022338e+00
8.282861535524443042e+00
8.367219568939194829e+00
7.371951180892768463e+00
5.178646314516517357e+00
8.254726342770910108e+00
2.001752124657985021e+00
3.089515501318010227e+00
2.153957845384253833e+00
2.107733784403291288e+00
2.092530171132641836e+00
3.590961239048672038e+00
2.008832257217466388e+00
2.877031322980669437e+00
4.502270581741482758e+00
2.581191858138064177e+00
9.471590195539400625e+00
2.148006644405025867e+00
3.928414523252234059e+00
2.039974729107060902e+00
4.060859341044839255e+00
2.967916444316137881e+00
2.153849008651798513e+00
6.853016118680663737e+00
2.194596792514371231e+00
2.291865636750838764e+00
2.442163829004243780e+00
2.002835098659449642e+00
2.010830964154936229e+00
2.379651810143791124e+00
2.088813582594968299e+00
2.309677226825342267e+00
3.027590042286504524e+00
5.907305771136290851e+00
8.456813492725162362e+00
6.148703251333878406e+00
2.029215166248901969e+00
4.592694002121376684e+00
2.021096626768128512e+00
2.333209972273911692e+00
3.589691182710833317e+00
2.230048747530254616e+00
2.174080038050823394e+00
2.108577009312033290e+00
4.195668553067034345e+00
3.148189375402817625e+00
2.042332569151607657e+00
2.295091251670016597e+00
4.940122659053886700e+00
3.224026329517512224e+00
2.060138524546667682e+00
2.689873019611499494e+00
2.320231645918720886e+00
2.230639794917196106e+00
2.070936996119946194e+00
3.049635257688785295e+00
2.119336857026104859e+00
2.016105022361214250e+00
9.598892480456605369e+00
4.640869705715307880e+00
7.709234127684921667e+00
1.020033139890425744e+01
2.183835280609889740e+00
2.121530371421349592e+00
4.808418248308269582e+00
2.085446479308639134e+00
2.064387062034087617e+00
1.030980692643075436e+01
2.080721525091994817e+00
2.583577073485854303e+00
2.116239539536117764e+00
2.014411873768954919e+00
3.401121619935542739e+00
3.980662327368102105e+00
2.300192840998105837e+00
3.309247968557786024e+00
3.553782086717310662e+00
2.133279921010976743e+00
4.777367564657938992e+00
8.152999870063801779e+00
