7.115872431294152811e+00
2.136631300510984932e+00
2.653164978960032450e+00
7.729946076635896723e+00
7.720463693928389937e+00
2.014696719846756245e+00
2.476308492671743355e+00
2.238448577169426024e+00
4.931255720000923937e+00
2.188835221097420902e+00
2.118031165683699424e+00
4.462375337103638095e+00
2.149521862311199349e+00
2.027328261325641812e+00
6.579027294463442921e+00
6.874962616993396836e+00
3.739486234212867188e+00
5.959437110004472515e+00
2.000518125540181824e+00
2.000901155155253797e+00
6.688870059643824639e+00
4.477188664125754336e+00
1.196092291343860126e+01
6.793617352713992474e+00
2.164727167776051786e+00
8.842792602347998354e+00
2.067319002719359311e+00
4.071079900723838740e+00
2.101335941551095932e+00
2.048320890985807718e+00
4.060169617764674221e+00
7.372654100888375694e+00
2.027795522597229727e+00
5.784167276178488137e+00
2.598478360796677045e+00
2.075128228230402883e+00
9.922333252598551923e+00
2.240665157174988931e+00
6.389387120249063301e+00
2.252637804911788777e+00
2.402984926440566493e+00
2.345178912584587216e+00
2.192306676598664072e+00
9.683745690630294334e+00
2.087181554351010604e+00
2.000456533575137197e+00
2.056623259881264154e+00
2.436370340555745528e+00
3.011735453899620829e+00
4.632078823102331100e+00
2.630886951809138452e+00
2.028988687836892790e+00
4.341958179978878896e+00
5.838079052113040568e+00
1.136732821141468008e+01
7.272933316573954698e+00
2.038342275754274624e+00
4.555003938651812412e+00
2.005834787434767286e+00
2.057198275411722843e+00
4.241354882721685371e+00
2.155386260714613922e+00
3.279122362905742882e+00
2.136698836655707368e+00
3.363866638606744175e+00
2.663373563501539643e+00
2.021835793484656474e+00
4.788383229970273547e+00
8.459294628968594409e+00
2.781389631551677954e+00
2.492719016040663149e+00
5.633736399072874157e+00
2.078809688930215671e+00
2.151410087936533877e+00
2.529220723065543464e+00
2.601624812532141728e+00
2.266444313878974270e+00
2.277268377667821753e+00
7.732124256274340190e+00
4.955552820579105067e+00
1.139109064239562841e+01
9.732804386318127499e+00
2.000451184190070286e+00
2.322748535284308691e+00
5.150294752474398940e+00
2.436540218860854257e+00
2.308052969515297370e+00
6.952898658801098364e+00
2.078228875008325982e+00
2.061870102160119789e+00
2.248671618353819124e+00
3.230186537234930988e+00
4.974936930654788370e+00
2.010709801374426231e+00
2.062576087937956437e+00
2.149344308815670956e+00
5.527902744997487794e+00
5.134355710164228981e+00
5.587760622068081773e+00
8.854372049143711010e+00
