8.438385862964270956e+00
2.100834701177489272e+00
2.073593944017717128e+00
4.945066689363730283e+00
2.344891613659995322e+00
2.009242887116586385e+00
2.084205033608826252e+00
2.063307914524083575e+00
2.028764592738048211e+00
2.005637384773178766e+00
2.056663518777186006e+00
7.080585472759838517e+00
2.121327601891922932e+00
2.046269486909646940e+00
3.017143318265281593e+00
2.819177555472359042e+00
2.004729397256966639e+00
6.973989648219466986e+00
2.051495928190128826e+00
2.101201521146255580e+00
5.761488213036879635e+00
3.323030109030657098e+00
3.774914098127841289e+00
7.328613928050279114e+00
9.960559952542004325e+00
7.078901675560675066e+00
2.749808343478029826e+00
2.120019533293366898e+00
2.274252985635562219e+00
2.220715683100516813e+00
7.012911528235978409e+00
7.749455052985243064e+00
2.083290178101374401e+00
9.361010072188260978e+00
4.456339943830715633e+00
2.280337169082642390e+00
6.270317194209656719e+00
2.449551732771099832e+00
8.044501439272091048e+00
2.025299129022835043e+00
2.136401897012005779e+00
2.512806842713944722e+00
2.476026158595330706e+00
8.616472122686010593e+00
4.989849910771176233e+00
2.596767257252021288e+00
2.092149335489297712e+00
2.115079976472297396e+00
4.111149286122882884e+00
3.993299445461950370e+00
2.047037518237072362e+00
2.113828154470651199e+00
2.250772708329602523e+00
7.402668096470324421e+00
8.574217147124018723e+00
5.120765902224039046e+00
2.006101977283738069e+00
2.554664204829999896e+00
2.929254309303561232e+00
2.046715849355798866e+00
2.044169577522723102e+00
2.041595030508836839e+00
2.004223440575620518e+00
2.264068944068804434e+00
5.368892073208276550e+00
2.180077427220686204e+00
2.028416261674000243e+00
2.605575980880813880e+00
3.110017471304579395e+00
6.719447258824319924e+00
2.184253306080012003e+00
9.716083201184897433e+00
2.297479686452128966e+00
2.243033603913588969e+00
2.034452121315236450e+00
2.616767790837249308e+00
2.135999992449252538e+00
2.007672997677216742e+00
9.183248240286873809e+00
2.019568510281211982e+00
8.276145358967362142e+00
1.059507611266599092e+01
2.432002678929870765e+00
3.921096488092598698e+00
3.609215977570508826e+00
3.073408970340994806e+00
3.177721040783224371e+00
5.760663785184274133e+00
2.332428048806103771e+00
4.739309812551448786e+00
3.037960208941513862e+00
4.212214703002083560e+00
2.113706294974900146e+00
2.182313118130601470e+00
2.129846872006566638e+00
2.413906704198858222e+00
2.215852713821504505e+00
2.103999561876146451e+00
8.813726255455879510e+00
8.634040819286555646e+00
