7.205444637385496343e+00
2.001239544142072724e+00
2.033534939163289756e+00
5.792267019100904690e+00
9.677883159777280753e+00
2.224002004760712303e+00
2.175952365245164000e+00
2.080009682647706803e+00
2.260384159011089356e+00
2.027232575252921443e+00
2.470433029051102736e+00
8.568638082903298425e+00
2.117026522211638007e+00
2.164986726148373286e+00
3.438276523719891564e+00
3.243919765992339777e+00
4.115250267914373872e+00
1.007621723895317523e+01
2.065508803384991321e+00
2.126261405112287228e+00
9.234826429157465100e+00
3.388796510147316976e+00
6.622049664490593734e+00
3.338374674067830838e+00
2.078405209883975147e+00
1.016746998681709258e+01
2.571378708186775164e+00
2.035367084493636458e+00
2.165652646278708460e+00
3.097054879037298036e+00
2.825892145897199281e+00
5.792689551092958133e+00
2.012554306433619544e+00
7.594075236279300256e+00
4.435179981703270435e+00
3.804270990417925269e+00
7.835564019689126525e+00
2.293859097496836252e+00
3.669780143369296255e+00
2.070587279167086514e+00
2.045382676996588600e+00
2.000647770899987687e+00
2.126979740833135235e+00
2.289561040576930218e+00
2.867721630523739407e+00
2.166941076965919422e+00
2.001471548336833717e+00
2.012405627767103411e+00
2.009573525837339059e+00
6.049420930399005414e+00
2.162878499998890813e+00
2.503703695281007668e+00
4.930102700649172220e+00
4.524118770702018288e+00
9.236370981933806235e+00
7.036426447877353496e+00
2.019583389075410018e+00
5.891356012500207129e+00
2.526788247641804652e+00
2.257186527705252743e+00
2.565824847632965255e+00
2.078455259185752357e+00
2.674557314637456162e+00
2.193536818170768399e+00
8.588026445089365524e+00
2.904965159702128652e+00
2.442974186678713799e+00
2.145366240535559132e+00
8.901169058467001349e+00
3.380430023477904111e+00
3.037508363633357966e+00
8.627738170488452596e+00
2.409375260894355275e+00
2.164377719607935013e+00
2.033703865132515887e+00
3.591888330423653297e+00
2.163081835035000733e+00
3.168436807700160340e+00
6.668825496097086081e+00
5.216676963945013235e+00
1.078502658360490507e+01
1.172593414070483853e+01
2.219234837114827830e+00
3.349391408457989883e+00
6.027899286972941084e+00
2.038020320303858934e+00
2.175858327663727110e+00
1.027450592853551647e+01
3.989732266807238137e+00
3.328489339137576053e+00
3.025810697935561677e+00
3.133511482737702192e+00
4.417302507860681793e+00
3.136228230540148321e+00
2.028823782377275897e+00
3.246172945901669049e+00
2.013056399161385013e+00
2.851215098927701419e+00
7.679321122786125997e+00
9.609192636910155016e+00
