6.695343248161194971e+00
2.027865342784140879e+00
2.097225596511752332e+00
6.680343628247160659e+00
8.022964039481854215e+00
2.022575068606746740e+00
2.146602465805564464e+00
2.240813835020181610e+00
3.670602819662050820e+00
2.314163691897235697e+00
2.114081568674749168e+00
3.560051974653635209e+00
3.540543404085834567e+00
2.116293864144648929e+00
5.558625725719591237e+00
4.091051357467108573e+00
2.017536499656641613e+00
8.889353709506467638e+00
2.753805215310638932e+00
2.235029394997749552e+00
9.140082294733844037e+00
3.727080573479518932e+00
7.896582178937933350e+00
4.460879044921600034e+00
4.126164446523635121e+00
1.102188845523384408e+01
3.709322814060536988e+00
2.050476252897042606e+00
2.058928850893046114e+00
2.224497805718515409e+00
2.670284002505067811e+00
4.435004607801883658e+00
3.098578736856213656e+00
7.761849614619517723e+00
7.043172144486805841e+00
2.037169355612028276e+00
6.891607179587040832e+00
2.060837395992439092e+00
8.098209381189883871e+00
2.137599606022738463e+00
4.561112766432765753e+00
2.289930166131072031e+00
2.071418261940676686e+00
5.458450392599975665e+00
2.317915950797588831e+00
2.221930996619801313e+00
2.008856846079696279e+00
2.148368920689826655e+00
2.041411276473401593e+00
3.078644675381550400e+00
2.433177128510781717e+00
2.199631670848465781e+00
2.562988657558269434e+00
3.225919321019792285e+00
1.116363583323833453e+01
4.529312424611195986e+00
2.089543825235999464e+00
6.058103289379272560e+00
2.101092975701710941e+00
2.307471377752220665e+00
2.080779443180936550e+00
2.183173741947720181e+00
2.608238958738521518e+00
2.040749649846909541e+00
7.090608899960440858e+00
3.966908323308928175e+00
2.141123684670262151e+00
4.244604145783656080e+00
8.947339908668007880e+00
8.078555779749866161e+00
2.134305342550792517e+00
7.696616167198109260e+00
2.266818424439746238e+00
2.183587419016738362e+00
3.800035737533791647e+00
4.395918533122133098e+00
2.062445993304215186e+00
3.185914386127022713e+00
3.995907000777147111e+00
3.185430676815768081e+00
1.241527056911590243e+01
1.182625079465466200e+01
2.473984954458234409e+00
2.014913029324223004e+00
9.826244431227626919e+00
2.217677077785753070e+00
2.970957197716354692e+00
5.727563386974569681e+00
2.191567935504671105e+00
2.859042244534284460e+00
2.004999206396338440e+00
2.012241759429970855e+00
5.245130570792582603e+00
2.385488256631422832e+00
2.445532443621986296e+00
2.042008607771321316e+00
2.342273372687785127e+00
2.112746570932136692e+00
8.752378813235175414e+00
6.528787080435704659e+00
