1.023408737173104122e+01
2.038719354934092731e+00
2.043543606490882514e+00
7.214971135918530010e+00
5.126380725448359321e+00
2.324172994436705775e+00
2.129783905389123433e+00
2.136671100217182317e+00
2.481845044092686248e+00
2.000387095484839062e+00
2.563666813114537035e+00
2.995800614423163921e+00
2.554147029085891418e+00
2.012196327617785663e+00
6.039733855507752658e+00
3.866695240992783500e+00
3.432146814584458916e+00
1.143284326906976389e+01
2.086014122141389926e+00
2.014196188227446616e+00
6.995138360794303622e+00
2.036125829352668060e+00
8.847974837218821165e+00
1.015125633566149332e+01
7.174247036402078059e+00
6.923644174810328344e+00
2.494785078215074670e+00
2.017792734006182975e+00
2.140679047822990899e+00
2.055664153644535919e+00
4.080000021617855133e+00
7.768623896052688771e+00
2.126252889600037665e+00
5.114721386171482642e+00
6.050458412659651231e+00
2.023622152631581628e+00
9.949869405134233347e+00
3.466077324423430639e+00
5.978224378849827936e+00
2.053523165493610136e+00
2.023637842854826285e+00
2.036493875049657287e+00
2.509673459519401906e+00
8.580816230185737581e+00
2.960957576927409463e+00
2.123998128969052601e+00
2.103652536750028723e+00
2.026586069163036186e+00
3.268994590342766848e+00
4.235708928005885276e+00
2.120304955620322840e+00
2.098579765908892725e+00
2.079016360550822728e+00
2.299193960517366797e+00
1.017426622339183062e+01
7.416552545114405426e+00
3.043985143307001540e+00
5.304240299739535480e+00
2.182279798751990629e+00
2.678249012781647842e+00
2.159939129986272910e+00
2.014802706155476741e+00
2.090186902721092199e+00
2.179450020331538784e+00
6.023716226811724361e+00
4.874716140155501698e+00
2.087581570217707405e+00
3.730861360419062134e+00
3.104947633830961173e+00
2.586503352583756854e+00
2.707601079504289743e+00
2.810193972005759822e+00
2.364988928106356525e+00
2.072306332354225233e+00
4.612300720146166100e+00
3.303736972454167198e+00
2.009753619265334912e+00
2.861887405504464965e+00
4.487249649176311195e+00
2.137607041434780086e+00
1.130686336120731639e+01
1.025340567885760379e+01
2.117901884500265730e+00
2.229466235702504573e+00
5.632269504893129941e+00
4.560943512810522016e+00
4.583077769012300351e+00
1.104874394347485200e+01
2.095937689498896805e+00
2.614664922934491820e+00
2.695843963440852864e+00
4.536200993822591343e+00
2.523675553645671865e+00
2.092409188051832292e+00
2.299520874149187044e+00
2.020243640319310252e+00
2.015496845243522905e+00
2.032893819506314870e+00
1.165060828563711759e+01
7.520240579577758488e+00
