7.277393334709394423e+00
2.136870478739721246e+00
2.023486125867973939e+00
5.807208867278853326e+00
6.349154796182078009e+00
2.012867754237782414e+00
2.479409305741760328e+00
2.061752726003327041e+00
2.352239281706861362e+00
2.052862157502206575e+00
3.796867153869262879e+00
3.847982539573905569e+00
2.337928293756712961e+00
2.189859336283972890e+00
3.446711227995961302e+00
3.979525787324169617e+00
2.246667489888029667e+00
7.045070162017014859e+00
4.640850173409189594e+00
2.199572140273282184e+00
3.888841925013140077e+00
4.080343605581143507e+00
3.852968845541973053e+00
7.528464535278154734e+00
5.110687697487575676e+00
4.323890262422660058e+00
2.633030992569337148e+00
2.007584055191602435e+00
2.132969250517193327e+00
2.029101565279749941e+00
6.016362921834526034e+00
4.931886304579073510e+00
2.101643983851898767e+00
7.742177609082635747e+00
2.467913942123772575e+00
4.031727663672720396e+00
8.282191551870580426e+00
2.257522361847289272e+00
3.069141563414197194e+00
2.105313538106193594e+00
3.814473644001325603e+00
2.005266988447451659e+00
2.161852771198543355e+00
9.173981205962672192e+00
2.632152224079805869e+00
2.358261667220993729e+00
2.137627655424020556e+00
2.018755552501605877e+00
2.019501425860231514e+00
7.964189976915655222e+00
2.040298920842064323e+00
2.741335005832807870e+00
2.907119078491449571e+00
6.162495067820987771e+00
8.518854842543662542e+00
6.916134291910776000e+00
2.070984980939373887e+00
5.653741142190605196e+00
2.505899348987983721e+00
3.316073047800806695e+00
2.589871127078763546e+00
2.442809641183400604e+00
2.012285669063172744e+00
2.060450915457259224e+00
7.996710719756529251e+00
2.859348146985745576e+00
2.001034092355357785e+00
2.030908682902497375e+00
5.481232180467163317e+00
3.358911917971730610e+00
2.319981386567433024e+00
9.053033571283165770e+00
2.114118866424658627e+00
2.130485254909633586e+00
2.026414413989189089e+00
2.374301643764372916e+00
6.004018009447706916e+00
2.115845756173414305e+00
6.541909970365903604e+00
2.600138429250875127e+00
8.853681896074760971e+00
1.056040672894322796e+01
2.108116158337884904e+00
2.021197432808806038e+00
7.598170297211716218e+00
2.086710235918079803e+00
3.599732816345581288e+00
9.457622657117303433e+00
2.375373461364651995e+00
2.543600780483762591e+00
2.027466832407785802e+00
7.765481983951445066e+00
5.488389188974790223e+00
2.000950149063728034e+00
4.027160022617626289e+00
2.640836352057229774e+00
2.500452707174299238e+00
2.076729786753873874e+00
1.079519082882790570e+01
4.137222545639867910e+00
