9.383249972559653429e+00
2.036003228944148535e+00
2.268586185781196196e+00
3.935147478937284671e+00
4.342427891044616572e+00
2.048449641668043775e+00
2.113720302433254261e+00
2.144240616737029814e+00
2.236213541364132418e+00
2.072218092645220722e+00
2.648567293076046436e+00
7.747046223143718713e+00
4.386355229742552098e+00
2.090311552401631356e+00
7.051193648358192512e+00
4.550066267408015896e+00
2.548788514680641271e+00
7.195195162850855475e+00
2.495576054922342912e+00
2.051659254474672345e+00
8.761145098261009068e+00
3.485153155451641283e+00
5.026982307699151775e+00
8.586170067991558241e+00
7.093733082803888479e+00
1.007009707476724003e+01
2.110830138334820472e+00
2.016271800624522381e+00
2.009085468362143523e+00
2.692212605758621091e+00
2.039498321395601721e+00
5.068666521735113228e+00
2.622364865644290166e+00
3.007999947072382607e+00
7.146019909069948106e+00
5.014359348173393016e+00
1.042447300671164179e+01
2.337996125841402151e+00
8.239372079943342086e+00
2.001281627076256342e+00
2.039119851438852216e+00
4.354923631639620929e+00
2.155886172844302173e+00
7.124208952350651991e+00
2.139550283666336483e+00
2.330017748111761211e+00
2.079900819892499086e+00
2.522092107964635677e+00
2.311814103252495478e+00
4.385227817441387010e+00
3.091212882208608015e+00
2.131504746694411256e+00
2.553755208393219789e+00
4.821700731363676162e+00
7.890227633678132513e+00
7.444463969990779084e+00
2.055851126272682627e+00
7.523163711168612267e+00
2.280318950863248428e+00
2.152868357315179892e+00
2.584598630193919000e+00
2.196066162475708072e+00
2.167785572006513561e+00
2.033661749315122336e+00
4.368336003720398431e+00
2.256181600488835759e+00
2.158752795280262760e+00
2.195403860503415849e+00
6.922820518645915300e+00
3.853848623210535784e+00
2.058660485693299957e+00
8.074125295640483202e+00
2.084812234187063407e+00
2.398991784203017286e+00
5.236356142711064976e+00
2.129709217460161952e+00
2.622074731806846692e+00
2.427005825980529163e+00
5.626670792816791611e+00
2.152474195727930528e+00
8.783452144017697805e+00
1.003247031166194958e+01
2.142598543836994107e+00
2.008984952746997177e+00
3.236198045205893159e+00
2.751646050539402921e+00
2.025409599773905445e+00
1.042760009575533431e+01
2.033373165363618007e+00
6.366686769549081859e+00
3.056716533337419328e+00
5.753518160102387924e+00
3.203522702132476141e+00
2.444707023214615305e+00
2.152799188036770062e+00
2.111290392692469542e+00
2.010167130867808627e+00
2.130438942007968350e+00
6.353240789126387789e+00
5.870426683630644682e+00
