7.449681580448789475e+00
2.024767854778896758e+00
2.006720765751209168e+00
3.360841845873782319e+00
4.182172598713965961e+00
2.057940282697224621e+00
2.188244465566756336e+00
2.944544475993839061e+00
2.052313956380986681e+00
2.175418833326554058e+00
2.024314798668212845e+00
7.327674345566776104e+00
2.944501027852318487e+00
2.098056088396201169e+00
5.190715923679590560e+00
4.043112003520740849e+00
2.402050137880830327e+00
6.826870347157921515e+00
5.027882002372995096e+00
2.025879575877604033e+00
5.719762278823278479e+00
2.994193910231922828e+00
8.884370252669516077e+00
6.328820655787684935e+00
2.843009388118717062e+00
3.254744337261300746e+00
2.267676288535832363e+00
3.121577430431824673e+00
2.008724984251656132e+00
2.124208949163210569e+00
5.092439517999647336e+00
7.816114832549938107e+00
2.069902638121043026e+00
6.251269459149304097e+00
4.936475843223708360e+00
5.887107866163839631e+00
3.089318107870686170e+00
2.108555504869825015e+00
8.932866171107001207e+00
2.074513902455286107e+00
2.968503645669467339e+00
2.188835069955965995e+00
2.067758424681406915e+00
2.005985467215905871e+00
3.304528746425928531e+00
2.090035692360884045e+00
2.051939894460793834e+00
2.006611433648420650e+00
2.699925446540965890e+00
9.602221284921222733e+00
2.005741940975486415e+00
2.033686890106935152e+00
2.004038845039327388e+00
7.452940924662321720e+00
9.891351728097777851e+00
6.564339810447679113e+00
2.141290258675002445e+00
5.633855029296028327e+00
2.175551077395069921e+00
2.061384079297943206e+00
2.259430573916686225e+00
2.084449048561781481e+00
2.544044858100348083e+00
2.017921066896932292e+00
1.033627289972507590e+01
4.171250886412914305e+00
2.136185234878538619e+00
2.002049242603093582e+00
7.161001309791548586e+00
4.230639594471595544e+00
2.654357798007067615e+00
7.389865110209145271e+00
2.010869795401667659e+00
2.029055038200085370e+00
2.465591923749588243e+00
2.639087802927752247e+00
2.003651200952795364e+00
2.396568576574829912e+00
8.850119369419985560e+00
2.021005020210101755e+00
1.000168550380115917e+01
1.135683184939368395e+01
2.006716226575677275e+00
4.678310735504245699e+00
6.194297659752519003e+00
2.914606285099158978e+00
4.777598936488978154e+00
7.457286785712695654e+00
2.644727016535850961e+00
5.331758409962945144e+00
3.060906157029273711e+00
4.918261679943193521e+00
5.295319975822334158e+00
2.694402866968766297e+00
2.239961253026637955e+00
3.402298829141975567e+00
5.261821188636715441e+00
3.097233551364534598e+00
8.493720645562364169e+00
4.359333919114118494e+00
