6.183792944146522252e+00
2.030250931570425799e+00
2.049573163117266006e+00
9.389463355235070807e+00
3.017178008538098588e+00
2.009658855247296039e+00
2.165887734944781151e+00
2.002970720662217374e+00
2.333007531371219301e+00
2.245766154840689310e+00
6.048767676376897384e+00
3.445360464971012782e+00
3.548422973860636986e+00
2.140256137702666539e+00
5.334615028241936230e+00
2.605675418939515264e+00
5.478765355702454265e+00
7.476299207644397704e+00
2.027270282684551006e+00
2.041558339163999314e+00
8.891252481966334997e+00
5.738017804555086698e+00
6.670420444738671684e+00
5.203457156585439058e+00
5.011403446649219440e+00
9.489968410689384015e+00
2.067955155080245078e+00
2.075086197008846778e+00
2.117864980000232489e+00
2.013181102579148174e+00
3.784958202498677426e+00
8.047495118743690057e+00
2.407237341581524248e+00
7.590304763378595609e+00
3.383990287825109800e+00
4.554614847137816724e+00
7.752755955643592323e+00
2.001382953726178915e+00
4.280541266758959296e+00
2.110454412569071181e+00
2.119891058412346485e+00
2.284816769490110033e+00
2.035481663642164651e+00
6.049820852750893430e+00
2.743215527239040163e+00
3.720569531165402566e+00
2.072327321297110725e+00
2.204563382594871168e+00
2.031778162070809302e+00
7.133846143580282018e+00
2.236374990382578254e+00
2.751630089600304974e+00
4.155356323950932129e+00
5.116736835480105050e+00
9.830752564231243440e+00
3.963093799605152512e+00
2.053389523600457345e+00
2.912144910755857019e+00
2.054126001955388858e+00
2.081607193692478042e+00
2.290961377877480221e+00
2.050886596292675446e+00
2.116791029736213581e+00
2.301608992623347838e+00
6.633716056814281004e+00
2.095880296071182869e+00
2.736086719771168241e+00
2.220329819141475092e+00
6.124871256840538791e+00
8.073406276604906395e+00
2.157552909267979935e+00
4.671905838192035532e+00
2.076727835013423729e+00
2.266713544650712731e+00
2.030158391490753278e+00
2.164507277051461731e+00
2.126571153663348035e+00
2.829658141155459550e+00
7.657275204632484567e+00
2.649210981511420648e+00
1.066628794915838618e+01
8.567201894241554427e+00
4.957003647743066566e+00
4.467608309493646068e+00
4.809435522772921523e+00
2.252528065579780581e+00
2.582311647709495173e+00
7.723106415394681790e+00
2.002596672446733894e+00
2.084287822503239074e+00
2.358186845341966986e+00
5.153350822022275679e+00
2.607805440190558155e+00
2.014785526610099353e+00
3.055254933514737203e+00
2.394513832471801607e+00
3.992707594808820204e+00
4.128698533929468617e+00
2.500771271203039436e+00
7.613914182993140933e+00
