4.714450588770668915e+00
4.002461358774869638e+00
5.829961667016810622e+00
5.901872956384907276e+00
4.256983925330406926e+00
4.388834747767814903e+00
6.070832414373850128e+00
6.173652575800439024e+00
5.050048894457220605e+00
6.600404022936969817e+00
7.473530791931398021e+00
4.661951103735371582e+00
4.738340526769231786e+00
7.543447898661286288e+00
4.006518847581855169e+00
4.695156674187923151e+00
3.752788862644207413e+00
4.636464653824208249e+00
4.657027177016026087e+00
5.945976806560669736e+00
3.961845418324875467e+00
4.503405154411686873e+00
4.661203073068342029e+00
4.512891549230706012e+00
6.038269458823606328e+00
5.134550276503973443e+00
4.257487835226774209e+00
4.800483175041881267e+00
5.100000195759920807e+00
5.869625239864518562e+00
6.818799273885918666e+00
5.735292866966910985e+00
5.720556970157823606e+00
4.542566295267969068e+00
5.458912201996337643e+00
5.737972431236507909e+00
3.332866559253920613e+00
4.008518158213262517e+00
6.415583749095303823e+00
4.985106618660993583e+00
5.931006832521042327e+00
5.839507180259465358e+00
5.461453904523223990e+00
5.851163136635169515e+00
5.459090074254557834e+00
6.354346107215611994e+00
4.890149274555251502e+00
4.584770200577493071e+00
3.232969589202545624e+00
4.816099133315092651e+00
4.310139059138116124e+00
5.875011365856124712e+00
5.124547496441079097e+00
4.427545297998674911e+00
4.470393527847904558e+00
5.804006014126047219e+00
6.107580968922365017e+00
4.218647649448338477e+00
4.383009067101252931e+00
5.066766088517757005e+00
5.605432224654996354e+00
4.264336436797817598e+00
5.634853528701141201e+00
5.731280922059845295e+00
4.447136789615824704e+00
4.025965301427105736e+00
4.025147948931230957e+00
5.728164083993217304e+00
5.489591887376120027e+00
6.128042526005006430e+00
3.149062692174622313e+00
4.624591787746558325e+00
6.197178320328728951e+00
4.693130027557987027e+00
4.726122208201333663e+00
5.092482250683760370e+00
5.771050841175503265e+00
5.292204224043123517e+00
6.914233762282138152e+00
5.874741567736686321e+00
5.164466691996225656e+00
6.234653577860200357e+00
5.072237547215403985e+00
4.734719332728468011e+00
6.324703191851382300e+00
4.897333883286398404e+00
5.840764639006179593e+00
4.960021928652088796e+00
5.210115699344440188e+00
4.192063061731426288e+00
6.241147787980615647e+00
6.902835386101949133e+00
5.351013264180282114e+00
4.843131938049991980e+00
6.278434269195537709e+00
6.226822771859396255e+00
4.621892706640859494e+00
4.476958265626301170e+00
3.835576074033919092e+00
5.029928581633000384e+00

