1.376285709329939699e+01
1.405045182168658080e+01
1.697560180818776843e+01
7.353547382646104857e+00
9.862272083120720012e+00
7.771672493575344731e+00
1.985259434511763033e+01
8.034361215502089593e+00
7.254023729846458046e+00
1.470518421198118730e+01
1.196861297137596658e+01
9.709643268179382503e+00
7.603037543044549373e+00
9.132491995354682146e+00
7.902614601475882239e+00
1.245293497657593029e+01
1.249057599723734668e+01
7.633110624585194515e+00
8.257824042271218801e+00
8.854406725255449473e+00
7.628243570010980967e+00
1.011143100034238174e+01
7.450403898693086724e+00
1.092482384430414832e+01
6.922470954040511160e+00
1.603981340118959409e+01
1.462483743078943910e+01
7.432868792248659595e+00
7.784499231837397559e+00
1.534575509965319107e+01
7.382269993787341278e+00
8.303697509895142659e+00
6.971363243462673331e+00
9.313183633602600153e+00
1.050763090467569327e+01
1.311896832298136317e+01
1.398576524769252671e+01
7.141096268346659670e+00
1.001901574375511750e+01
7.804589452526990989e+00
6.992525143855639946e+00
9.356980051124800468e+00
9.484681332574155022e+00
1.160037674243355710e+01
6.724875190367924027e+00
1.646509628209182097e+01
9.252142442279305712e+00
7.429819270509129048e+00
8.643723119883802042e+00
7.253752061599286982e+00
8.269684736449328000e+00
1.138122633898836966e+01
1.395291550457351448e+01
8.215105779308029099e+00
6.884028471128465831e+00
1.985307065397016046e+01
1.317420851594503439e+01
1.000136875959291061e+01
8.023384647771997891e+00
1.557683721599718396e+01
1.086166168592334991e+01
7.094188339229676288e+00
7.797030469682360909e+00
7.278943523829464191e+00
1.010520011581088795e+01
1.658922096242655542e+01
1.372084051987902242e+01
7.158296241670489835e+00
1.021563107712348817e+01
7.880669461918836660e+00
1.249763177261221259e+01
8.703442233726240929e+00
9.491815238616796435e+00
7.321717512823700424e+00
6.977853207952648518e+00
1.152241550978516749e+01
1.054645198901680558e+01
8.995096113844020635e+00
1.896638873564764083e+01
8.635278538359525413e+00
6.697453890814688116e+00
1.639838293368548250e+01
1.015540367857592230e+01
1.195998023540843214e+01
7.127663958755602991e+00
1.629477723528437139e+01
7.859058218880349500e+00
1.491578294950651973e+01
1.786119287467386840e+01
1.025240382145265627e+01
1.335627844150909915e+01
7.822593378363054128e+00
7.360196562862187264e+00
9.056084917896638942e+00
1.292696749885523566e+01
8.646177611332886315e+00
7.805879522367292545e+00
8.138534591128355089e+00
8.023913892301976603e+00
8.319923877956815872e+00
