-7.466846923935219138e+01
-7.225366934176520317e+01
-7.372197732235352419e+01
-7.487054052985379826e+01
-9.071860119083552831e+01
-7.225220104756830608e+01
-5.619191288386098648e+01
-7.603101518982229834e+01
-7.217651766639127686e+01
-6.947070926241727307e+01
-8.057288511409529974e+01
-8.042095097255401015e+01
-8.903429511228227966e+01
-9.001658247213647712e+01
-8.118261131911673090e+01
-8.698724013021009682e+01
-8.349450167737576578e+01
-7.342909996469349210e+01
-6.457327852875603469e+01
-8.657240959348914089e+01
-7.600220023380482814e+01
-7.905447974499327302e+01
-8.029445385765519916e+01
-8.142668549495336094e+01
-8.759318326324101633e+01
-8.188089212018383023e+01
-8.028885567457614059e+01
-9.087046171434096209e+01
-8.213552212300697875e+01
-6.421600312133415400e+01
-8.095156794250772236e+01
-6.879314485078326413e+01
-8.998373329342358318e+01
-7.007036981865948633e+01
-1.013974176462630510e+02
-8.359160930702731207e+01
-7.771230893575501852e+01
-8.311421763028546650e+01
-7.853640721840125138e+01
-9.017783901432257210e+01
-6.157316490676939225e+01
-9.065112737042642266e+01
-8.669962667800520251e+01
-7.102115009953809022e+01
-8.668605437921659984e+01
-8.353223660443210008e+01
-5.276192276931120517e+01
-8.672164175698519273e+01
-5.146618198219463380e+01
-6.872361012460727636e+01
-9.145904537026795822e+01
-9.012005695116943116e+01
-7.753070508317381382e+01
-8.652615184571870088e+01
-8.499778787008375502e+01
-7.350193603017814326e+01
-5.800783454041259546e+01
-7.783801533100803738e+01
-7.766580370908114617e+01
-6.770655765162798900e+01
-8.339164678429220601e+01
-8.239754805995515596e+01
-4.822906355992866168e+01
-9.022895373552192666e+01
-8.402983994197055040e+01
-7.032613396640979886e+01
-8.869822208713121370e+01
-7.883510765228643891e+01
-6.449669633698013627e+01
-8.093696012538492823e+01
-4.672965895545620896e+01
-7.748234971111105551e+01
-8.354212651771250364e+01
-8.562272574006632908e+01
-9.362502711614416739e+01
-6.880254563836547277e+01
-8.675436016641100423e+01
-7.032879207003531974e+01
-2.679069884484679420e+01
-7.142544931893269222e+01
-6.635446427929879576e+01
-7.644224293720706953e+01
-6.185452943329394770e+01
-8.788790566473673493e+01
-7.482797280693726805e+01
-9.811718115436738685e+01
-8.191329129742520365e+01
-5.833798028306573968e+01
-8.314398823260641791e+01
-7.949148164286467022e+01
-5.769408345060553955e+01
-8.535133811007594318e+01
-7.967208379052519263e+01
-7.892624008061133623e+01
-9.180775693036387963e+01
-8.814271000488332675e+01
-5.091304211741060470e+01
-8.937021568672703609e+01
-6.543972960416617468e+01
-7.920517653320260365e+01
