-7.165386619375640009e+01
-7.246819342379356499e+01
-7.984007796655468781e+01
-7.353022665152381876e+01
-8.954847285956837766e+01
-7.646835265591694508e+01
-4.996889162399366313e+01
-7.563381873550231660e+01
-6.702014022626659084e+01
-7.169758838908215637e+01
-8.032293362861449282e+01
-8.179765314297641510e+01
-8.328252283720988203e+01
-9.253206257243965638e+01
-8.040394351208024659e+01
-8.427094775592918552e+01
-8.055516637371748345e+01
-7.626339181754039487e+01
-6.710272250712156961e+01
-8.906314113849533953e+01
-7.362651515598295759e+01
-7.864017298613345019e+01
-8.165899600679968273e+01
-7.967650464563888590e+01
-7.926183736953088044e+01
-8.560197776554815619e+01
-7.825893427178742456e+01
-8.681949420387230987e+01
-8.232614859857874023e+01
-6.053747275758703239e+01
-8.083243597596315055e+01
-4.441450223529832186e+01
-8.270740453759385957e+01
-6.717348767362615547e+01
-1.026949786616725220e+02
-8.317547312862618014e+01
-8.150835586878513084e+01
-8.411313076304304559e+01
-7.970217975799518229e+01
-1.017666855624502347e+02
-6.085011190927498603e+01
-8.228718783727491370e+01
-8.779524579599296885e+01
-6.039305441270334285e+01
-8.996975587187614565e+01
-7.919154568885433321e+01
-4.890495944147104268e+01
-9.143688117095146595e+01
-5.148555558663856857e+01
-5.918890629090520861e+01
-9.040715053340393581e+01
-8.752206786081660539e+01
-8.023215966528981369e+01
-8.293784685118555444e+01
-8.727960538190527018e+01
-7.318372091812557301e+01
-5.636993307900291938e+01
-7.806705074495073404e+01
-7.636114471529624836e+01
-6.717720352885585555e+01
-8.079982799499931900e+01
-8.368356010028971070e+01
-5.170820068437978279e+01
-8.563455401127069422e+01
-8.002217058736873412e+01
-5.971074648041434330e+01
-8.932932923749805809e+01
-8.442805338604334509e+01
-7.259787119305025271e+01
-9.557457943321352900e+01
-5.876827437307000679e+01
-7.804904278145541241e+01
-8.245578736276142706e+01
-8.915924031505022640e+01
-8.186179698186617770e+01
-6.112604541540836323e+01
-8.792456678481050858e+01
-6.644607781622460152e+01
-6.573748087246868010e+01
-7.465629752871029723e+01
-5.485501654410538208e+01
-7.587398269065259626e+01
-6.108206588817908766e+01
-9.024080226784712977e+01
-7.784405991043010431e+01
-9.318793608416768848e+01
-8.830118582556674767e+01
-6.755937570454078411e+01
-7.784869295192041250e+01
-8.459309789157852322e+01
-5.682900434023301983e+01
-8.347483784387219430e+01
-8.679246606062214653e+01
-8.470912415568879794e+01
-8.713363172137265167e+01
-8.227640102006611755e+01
-5.574854707618118965e+01
-8.545220140949689380e+01
-6.426833499237126546e+01
-7.951652229160040974e+01
