-7.527695066699529036e+01
-7.155801700645382368e+01
-7.787914842604438093e+01
-7.331446132397151416e+01
-7.846234557203918314e+01
-7.086424561563438829e+01
-5.510254947361052302e+01
-7.501656306789075757e+01
-6.471261142350532225e+01
-6.780792083681936333e+01
-7.874328376663930840e+01
-8.028024054546170873e+01
-9.075101104455771406e+01
-8.712881985511000948e+01
-8.183136764159807797e+01
-8.516849836046620226e+01
-7.563227824236868457e+01
-7.445472730813212081e+01
-6.876092713961968172e+01
-9.000668706610748870e+01
-7.537915764558533738e+01
-8.149813402698597997e+01
-8.296003620377958043e+01
-8.011224500220255607e+01
-8.235506739826234934e+01
-8.396593434498699082e+01
-8.020523676058529361e+01
-8.778641204821300903e+01
-8.447463707044057912e+01
-6.406726750170037121e+01
-8.436142775498821322e+01
-5.395303122650343397e+01
-9.061415713869766364e+01
-5.039262590150843124e+01
-8.130633677380870949e+01
-8.239495163059187632e+01
-8.094687254423136835e+01
-8.601396645222546056e+01
-8.080179586784153400e+01
-8.717125062775548372e+01
-6.668912573875221028e+01
-8.916595557169478070e+01
-8.581916659991151164e+01
-6.606272079918385032e+01
-9.858553901723729496e+01
-8.243341468065324307e+01
-5.567915873204224653e+01
-8.880014833457178725e+01
-4.903986277747684852e+01
-5.397062992383296631e+01
-9.479489362654557283e+01
-8.658540230849827424e+01
-8.030927904053007182e+01
-8.249334329835066626e+01
-8.596336819425775388e+01
-7.107930216513557298e+01
-6.000808964237760534e+01
-8.125644114624732595e+01
-8.571862078168604171e+01
-6.482238934681839737e+01
-8.059242952618332367e+01
-8.689573221010780912e+01
-4.640639127470041103e+01
-8.816107004145329995e+01
-8.109205179117876128e+01
-6.558382982410559237e+01
-9.651751803428645360e+01
-7.322254007822031951e+01
-6.915430393413522836e+01
-9.163397946101792968e+01
-5.004120351917153897e+01
-8.567718123530387686e+01
-8.955241561381674842e+01
-8.413988446701324619e+01
-8.713354809405076651e+01
-6.391299382343332525e+01
-8.939930507633748391e+01
-5.709183903552153083e+01
-6.593035479850669844e+01
-7.294021513030314452e+01
-6.547878909228953148e+01
-7.656852443688954679e+01
-6.172314384306620383e+01
-8.796019561115825525e+01
-7.803870782583294385e+01
-9.182947150153512439e+01
-8.696049004168477836e+01
-6.902962223337615910e+01
-8.347054523603800646e+01
-8.817221241861940939e+01
-5.529070518496696707e+01
-9.508903641918088567e+01
-8.365359722133263176e+01
-7.984817216722275646e+01
-8.834350973995798029e+01
-8.424691899933533534e+01
-6.006875653343502108e+01
-8.774681743063088390e+01
-6.020422960111082489e+01
-7.996703747591678280e+01
