-7.576576825958680672e+01
-6.531765259114158084e+01
-7.518980968429750078e+01
-7.236166761299695338e+01
-8.476998077887378713e+01
-7.318787787068434625e+01
-4.958548237815232795e+01
-7.997801678516353263e+01
-6.611632309852339517e+01
-7.745225935310905641e+01
-8.096593184718524583e+01
-8.619507509966430803e+01
-8.126499073758428437e+01
-8.333452285538625404e+01
-8.129412101326578011e+01
-8.202935955682858093e+01
-8.348849466863970292e+01
-7.238371568685857937e+01
-6.277020173568029549e+01
-8.441364164656124558e+01
-7.355627658328909035e+01
-7.895701224114579020e+01
-8.502773733031609993e+01
-8.061168813890589036e+01
-7.906998075857234198e+01
-8.396529503425938401e+01
-8.255957430713212375e+01
-9.337342260196838595e+01
-8.692943851524765364e+01
-6.235376827411714373e+01
-8.515669867622173683e+01
-5.944372111252571500e+01
-8.468267957595182338e+01
-6.865532465446344190e+01
-8.987686289708739196e+01
-7.998945478716530033e+01
-7.900562544678503230e+01
-8.656861391730325295e+01
-7.931431144965297619e+01
-8.743909900217202846e+01
-6.268178454390979937e+01
-9.002152615125254442e+01
-8.609688049145646005e+01
-6.820203452309340264e+01
-9.171763180735295862e+01
-7.946199176440636336e+01
-5.442011864829350998e+01
-8.504816894971763475e+01
-4.825450329662064775e+01
-6.699482704734997185e+01
-8.621186422987865683e+01
-8.776011496592623473e+01
-8.295767452761887739e+01
-9.188898562748127574e+01
-8.318079614565495206e+01
-6.823997360730632522e+01
-5.813339702032286027e+01
-8.013208157469674120e+01
-7.871297298384239127e+01
-6.482682049397197943e+01
-8.114173214758355357e+01
-9.374899080711614374e+01
-4.896200017612557787e+01
-8.294732601477008416e+01
-7.825021758675953265e+01
-7.338962347786959128e+01
-9.082335443163029254e+01
-7.650838055533603210e+01
-7.268368027703461109e+01
-8.461827695360514667e+01
-5.103780170762952650e+01
-7.744234145255410340e+01
-8.788778302272983467e+01
-8.236959860362190966e+01
-8.707794865400326501e+01
-5.483318683724962739e+01
-8.551479097747174762e+01
-6.946871029621524940e+01
-6.680438240217304724e+01
-7.436188487395057223e+01
-6.845110260750139730e+01
-7.644121034791740499e+01
-5.944945121322239601e+01
-9.933023370159708065e+01
-7.856454405157306553e+01
-8.651650096502568488e+01
-8.718467454231588931e+01
-6.238463026230661512e+01
-8.193170408224486323e+01
-8.535319965884464466e+01
-6.041475344941834180e+01
-8.399199479349982767e+01
-8.268604470064462930e+01
-7.831632501528974899e+01
-8.895992727084268381e+01
-8.442750480232503207e+01
-5.688353290917563498e+01
-8.481233357750437563e+01
-6.676343074066753047e+01
-7.853908553356822608e+01
