-7.565844796044437714e+01
-7.339868296742022835e+01
-7.401693618401112928e+01
-7.342344771406608572e+01
-8.249302211994593392e+01
-7.479779021922354332e+01
-5.010817946912290211e+01
-7.795512473479462301e+01
-6.277136391855339070e+01
-6.994081422418049954e+01
-7.899208418612994365e+01
-8.619632727094212044e+01
-8.111753455882926289e+01
-9.473538554230728437e+01
-7.990128770491634214e+01
-8.379895302460661810e+01
-7.798265542331508016e+01
-7.521114693179727340e+01
-6.797334009896414386e+01
-8.751559760328861159e+01
-7.441605873204017030e+01
-8.064304907407765199e+01
-8.187399532330925922e+01
-8.001781306474109101e+01
-7.877816964080761863e+01
-8.395829469357094865e+01
-7.910263830860516521e+01
-9.302048477329140042e+01
-8.845150124470525554e+01
-6.257064027850712762e+01
-8.015885108962331174e+01
-6.608699838227417445e+01
-9.226779860780126796e+01
-6.220064290586635991e+01
-8.400818068990736265e+01
-8.664431458352430582e+01
-8.057441314368890062e+01
-8.347298607945752735e+01
-7.907427985777484025e+01
-9.025026318299639172e+01
-5.630320925507260199e+01
-9.714377408458102536e+01
-8.528580444358519230e+01
-6.724117218255111084e+01
-8.369350418566882865e+01
-8.102468510138812974e+01
-5.213111977660184948e+01
-8.802659128174092018e+01
-4.922563140240579571e+01
-4.696580229709248044e+01
-9.081298738888388300e+01
-8.653570277125082555e+01
-7.985935328363039787e+01
-8.207878469459771509e+01
-8.136806229106757371e+01
-6.608960268692298712e+01
-6.330895839445116735e+01
-7.999796196670993709e+01
-8.646531468027188794e+01
-6.117445658209477699e+01
-7.930474350687380536e+01
-8.588797515915484837e+01
-4.557814786958273601e+01
-8.509435992205864352e+01
-7.845861254963050158e+01
-6.648884181207225197e+01
-9.651032575725400875e+01
-8.501276715385490945e+01
-7.298205679494364517e+01
-8.495900787264507414e+01
-6.310629628737568453e+01
-7.870247890371186372e+01
-9.021223916959087319e+01
-8.677257608409351519e+01
-8.323104831731656361e+01
-6.878179552168651867e+01
-8.813205022547795409e+01
-6.407873001560855641e+01
-6.478087355583474505e+01
-7.191009470011177029e+01
-6.764173615842932463e+01
-7.518382878098110211e+01
-6.743912613873617090e+01
-8.817836101955667516e+01
-8.727979437084449899e+01
-8.829135381827821050e+01
-8.654045975515420253e+01
-6.617096777834058230e+01
-8.484908742180529373e+01
-8.055673713735664876e+01
-6.549217990020044056e+01
-8.303751955653329730e+01
-7.970722138836762838e+01
-8.591821401660976676e+01
-8.332962410064976666e+01
-8.212319839101189700e+01
-5.979922799462774208e+01
-9.101855424672116612e+01
-6.598881284750680720e+01
-7.822190747764331320e+01
