-7.373818639296879951e+01
-7.206344068096133526e+01
-7.754539589516926412e+01
-7.152533028878697507e+01
-8.408695202638693900e+01
-7.365713665149604594e+01
-5.243012728769411268e+01
-7.763754360617227235e+01
-6.347795322907125382e+01
-6.313406014089307661e+01
-8.167118324749991132e+01
-8.086732602090270916e+01
-8.042493956777640562e+01
-9.476044203885648187e+01
-7.958808682556744429e+01
-9.194602871842718628e+01
-7.880439742661255309e+01
-7.350963088576673954e+01
-5.369291414687804576e+01
-9.559921826749636864e+01
-7.317453193212648443e+01
-8.328860364084796686e+01
-9.036412241562810266e+01
-8.143326605549329145e+01
-7.862620310739967522e+01
-8.618646232593464163e+01
-7.859328064437478645e+01
-9.333194773451158710e+01
-8.338048876641666141e+01
-5.984061508087643944e+01
-8.131740346484841098e+01
-6.663395031991110784e+01
-8.497523256619395227e+01
-6.923956677307963048e+01
-8.572648273396541185e+01
-8.229293282960722422e+01
-8.130009179045740098e+01
-8.467609952825166886e+01
-7.981363443290251780e+01
-9.233222654680692187e+01
-5.811337611327970620e+01
-8.732827731603059362e+01
-8.401577780822992736e+01
-6.694487641674592737e+01
-8.463169712322083171e+01
-8.059789011996625163e+01
-5.391312796428203313e+01
-8.439446405408237695e+01
-6.160858740710762760e+01
-6.127153386598923390e+01
-9.316127840313019703e+01
-8.956733583481097583e+01
-7.811374748430922921e+01
-8.077077177174409428e+01
-8.335604967255108022e+01
-7.037024896233482707e+01
-5.790164396132181679e+01
-7.935003416270603793e+01
-8.048484740609976029e+01
-6.046440162607356683e+01
-7.953456377467630034e+01
-9.165233718443010957e+01
-4.297284167941054278e+01
-8.639221240547519187e+01
-8.417943291132944239e+01
-6.757290076527496581e+01
-8.921181575007123854e+01
-7.948678985313611634e+01
-6.473959243780062423e+01
-8.250724189848818924e+01
-4.919314231643479474e+01
-7.792908287552803870e+01
-8.753720404643634367e+01
-8.525637387695833525e+01
-8.763549467075607424e+01
-6.532731858241442069e+01
-9.267596718718681359e+01
-6.117363793351463386e+01
-6.559266209838565942e+01
-6.794251830159431904e+01
-6.961476468722828770e+01
-7.639947922670774005e+01
-6.488051681601420739e+01
-8.312754242991137232e+01
-8.089270560519452147e+01
-9.008255869557189044e+01
-8.558171363328273173e+01
-6.194731404827902566e+01
-7.901175113596355004e+01
-8.402393927905460203e+01
-6.462956758545449532e+01
-8.609265106784033605e+01
-8.392945258217282856e+01
-8.403578116932865782e+01
-9.263602474599143477e+01
-8.796628110115665322e+01
-4.903084745125722321e+01
-8.911336718267811818e+01
-6.762242641401553556e+01
-7.805143456690281312e+01
