-7.620560351422945189e+01
-7.454565988264880616e+01
-7.849756023875831090e+01
-7.317595487576920732e+01
-7.853700649252076005e+01
-7.793524149207983953e+01
-4.563789122709295754e+01
-7.943627912549717962e+01
-6.645458708194766473e+01
-6.732763454805900949e+01
-8.463788486929924204e+01
-7.971434405283670799e+01
-8.722058931895242040e+01
-9.228462708706382500e+01
-8.589111217608721915e+01
-8.299977636719546581e+01
-8.026805868846932412e+01
-7.481155237601498698e+01
-5.821247274848846587e+01
-9.467316717351398836e+01
-7.410932075846045564e+01
-8.248796401419269841e+01
-8.430515937913746427e+01
-8.572732966409462563e+01
-8.783528751948729507e+01
-8.318470532780979454e+01
-7.521004014247728264e+01
-9.221446369554043088e+01
-8.973600507430825246e+01
-6.746726656232792152e+01
-8.039442741646738000e+01
-6.080602697795217892e+01
-9.227718004703184818e+01
-6.650984106755652192e+01
-8.869938668145391603e+01
-7.882253574011291164e+01
-8.092439998750384689e+01
-8.249433658427817306e+01
-7.565158173858827695e+01
-8.405903890037279780e+01
-5.565401089051170658e+01
-8.881701109039994435e+01
-8.680662383969027474e+01
-4.228332802739760865e+01
-8.899491237437462132e+01
-7.849120966239364350e+01
-4.709666621624059246e+01
-9.037537106403729581e+01
-5.165975608319812551e+01
-6.590066428805033638e+01
-9.082382867838967400e+01
-8.891540152959983345e+01
-7.701743478716076652e+01
-7.904583419578349890e+01
-8.416743272392014319e+01
-7.048179894107445875e+01
-5.747532980841290140e+01
-7.756663079436779640e+01
-8.066009784768547775e+01
-6.139617470388183307e+01
-8.347822574976312637e+01
-8.707431524895592645e+01
-5.417363217919652385e+01
-8.737633159188104059e+01
-7.944281852230747631e+01
-7.164501958252098746e+01
-8.860769552869454913e+01
-8.077492826166793805e+01
-7.326558933313377509e+01
-8.999447397618915545e+01
-5.978553386124169577e+01
-7.824631728286485099e+01
-8.592272393096151006e+01
-8.697749402984726430e+01
-8.841652054491015633e+01
-6.366373271449078430e+01
-9.585206740977680795e+01
-6.734516410877343162e+01
-6.059249091039305313e+01
-7.448942665232138438e+01
-6.995317635304530768e+01
-7.548641258946604182e+01
-6.026127771724586779e+01
-8.356097142053781113e+01
-7.880113630098553301e+01
-9.702362562999587681e+01
-9.371084531257807271e+01
-6.912383839269723751e+01
-8.024482408070690553e+01
-8.041563675705072001e+01
-6.401270364790580913e+01
-9.201027648013936755e+01
-7.856176007690861240e+01
-8.279313342523954589e+01
-8.839886267591671754e+01
-8.510099183657121102e+01
-5.285941851435914174e+01
-8.638982586425927934e+01
-6.685425495980334176e+01
-7.843471821001534749e+01
