-7.368838140593642549e+01
-7.218600844576050690e+01
-7.706512133448997304e+01
-7.411353144479429034e+01
-8.718199760763198469e+01
-7.322671612831324239e+01
-4.491328172845060607e+01
-7.464494709214932300e+01
-7.137740245763758651e+01
-7.671345418606280475e+01
-7.721264493652759597e+01
-8.135638251551043254e+01
-7.924629909578516163e+01
-9.138256513715698759e+01
-7.990967718211091153e+01
-8.918171006673070167e+01
-7.852996098744104359e+01
-7.695932158774620291e+01
-6.002917248073754308e+01
-9.459841208475816643e+01
-7.359122083285016913e+01
-8.173269532135550719e+01
-8.116256487599493141e+01
-8.221407243884570448e+01
-7.865087332247179575e+01
-8.785082975257505211e+01
-7.894492043786745228e+01
-8.842137563975803971e+01
-8.739286983698515598e+01
-6.797589022870106135e+01
-8.565328514692062356e+01
-6.206824177564282508e+01
-8.450422490553795285e+01
-6.250750983647375136e+01
-9.972346205546951126e+01
-7.883469922271956420e+01
-7.949923370059299543e+01
-8.707832322352841459e+01
-7.895888067138764654e+01
-9.154937497063906449e+01
-5.939257444666277053e+01
-8.996409301958235005e+01
-8.807889344544938126e+01
-6.901198650743535268e+01
-9.014603211617925638e+01
-8.156351405535566812e+01
-5.727229809638816249e+01
-8.957138447621588284e+01
-4.732674506791893521e+01
-6.727397574198744223e+01
-9.139153411120554438e+01
-9.028428148590104740e+01
-7.791733869706264670e+01
-7.979601715043541788e+01
-8.166737120829925800e+01
-6.981615083157726076e+01
-6.212006650567772681e+01
-8.211431905233347095e+01
-7.810298851215161164e+01
-6.278842983197897354e+01
-8.191145388219224799e+01
-8.493719221222266924e+01
-5.238508025458941120e+01
-8.629953185100220026e+01
-7.964044223438642689e+01
-7.267062184317991580e+01
-8.634878302314741916e+01
-7.693101167601028578e+01
-6.809038210306948713e+01
-8.560272341462331269e+01
-5.274697046615961682e+01
-7.790770877565506680e+01
-9.261532571322483420e+01
-8.823293822229112493e+01
-8.241797782995047328e+01
-5.632913663161722440e+01
-8.672994869538570128e+01
-6.977380818891923298e+01
-6.077084195971991676e+01
-6.071931097948603906e+01
-6.001928455277963792e+01
-7.549721577588695709e+01
-6.138581621467020000e+01
-9.017552084016951142e+01
-8.234132700705660568e+01
-8.688641674975602314e+01
-7.997045048610691254e+01
-6.185161500963064185e+01
-8.600630768465609322e+01
-8.011502115143723302e+01
-6.420797369492061080e+01
-8.156498197650496707e+01
-8.623932841477081013e+01
-8.196713274303228047e+01
-9.709277070679448229e+01
-8.411233447923223139e+01
-4.900092349094906297e+01
-8.645039654268087759e+01
-6.966746407394838059e+01
-9.175363946119045977e+01
