-7.261103826491785185e+01
-7.263199789512074744e+01
-6.999862215573433843e+01
-7.119684803406886431e+01
-8.318714940120015910e+01
-6.803296999948400980e+01
-4.648694492317424931e+01
-8.184814030523848771e+01
-6.753623981650258656e+01
-6.932315987897324305e+01
-8.448668554039404910e+01
-8.055979692765292555e+01
-9.136311489157358778e+01
-9.539194701198117343e+01
-7.876536785606045044e+01
-7.974521510876134300e+01
-8.438604456941402532e+01
-7.683375581370665941e+01
-5.879171914836694413e+01
-9.155104950401619135e+01
-7.393719754118859555e+01
-8.654234848680957271e+01
-8.171075880917321399e+01
-8.652536921735388376e+01
-7.857182298068282478e+01
-8.444923100323592280e+01
-7.918440767124153012e+01
-9.435461031969502699e+01
-8.524329215729061104e+01
-6.578765654963324039e+01
-8.021923496604030390e+01
-6.811596377596745810e+01
-8.732812178799017033e+01
-6.595614565038026456e+01
-8.401800156427306376e+01
-7.875379902395692966e+01
-7.892844143047042849e+01
-8.206620165384555321e+01
-7.981402588640050055e+01
-9.040147252442342563e+01
-6.816104639735826254e+01
-8.947939266026676819e+01
-8.684088668798479205e+01
-6.636862279220063954e+01
-8.483611199062691810e+01
-8.272248442830202464e+01
-5.115491864796935317e+01
-8.228343742916553083e+01
-5.288597234986774254e+01
-5.652475354025574461e+01
-8.712494737830873248e+01
-9.536220948829594590e+01
-7.945519338667598674e+01
-8.279701794023037564e+01
-8.281506344445199375e+01
-6.959965830916873131e+01
-6.094792412826696193e+01
-7.987422232012471568e+01
-8.245650963210435691e+01
-6.178695853319536013e+01
-7.859209030937532248e+01
-8.787806665697935671e+01
-6.494285450574264473e+01
-8.333904747396074697e+01
-7.917878888303503970e+01
-7.001326312018714759e+01
-8.879989079538596286e+01
-7.630131672036003465e+01
-7.068888429317979671e+01
-9.769237552804342783e+01
-5.307581880163270682e+01
-7.831240584180278574e+01
-8.357819828458151790e+01
-8.388682013369712820e+01
-8.815465269298735507e+01
-6.916924402652429649e+01
-9.768836593578244276e+01
-6.161034300337765757e+01
-6.579486119916950315e+01
-6.810853145277866361e+01
-6.451773970326686936e+01
-7.569036006314874498e+01
-6.290655769964497068e+01
-9.138896080816824963e+01
-7.786919663229808464e+01
-9.733445564935018979e+01
-8.630299925691295471e+01
-6.459740816849155465e+01
-8.025900885451464717e+01
-8.256862981219224196e+01
-7.024120420688203126e+01
-9.543009392044703532e+01
-8.061593845621949583e+01
-8.755037512128014043e+01
-8.974733464103782410e+01
-8.724897922365718728e+01
-6.029987391247536976e+01
-8.814172278087468726e+01
-6.898407429121756707e+01
-7.786339278845305500e+01
