-7.560522777454089294e+01
-7.155767459688965459e+01
-7.705624294518301554e+01
-7.335149549639454847e+01
-7.999484220443277138e+01
-7.051902810961367152e+01
-4.750956866107839005e+01
-7.148724665472602169e+01
-6.877311538577549754e+01
-7.233829629882282575e+01
-8.394336462428849188e+01
-8.182409007964321290e+01
-8.242801196214958281e+01
-8.819995071424477828e+01
-7.939960287745861933e+01
-8.754599731210315383e+01
-8.667721727338431492e+01
-7.530819755113340364e+01
-5.912784521415037631e+01
-8.763970178642064468e+01
-7.252726213739609307e+01
-7.997538917688825677e+01
-8.513896561552463993e+01
-7.864728227773687763e+01
-8.191655071694273715e+01
-8.417568412336676431e+01
-7.441079933993276541e+01
-8.377132307596689031e+01
-8.606795713816937621e+01
-6.229374175118986301e+01
-8.067329944125184227e+01
-5.926959547376113591e+01
-9.421692060033507232e+01
-6.758391000807263538e+01
-8.495474602672805986e+01
-8.168960459704381094e+01
-8.175340268026575075e+01
-8.562402816305284148e+01
-7.763946781692358456e+01
-8.314208465220026767e+01
-6.417725575622760914e+01
-9.013375113640239533e+01
-8.313573091630833289e+01
-6.136750190255486359e+01
-9.640157640908026337e+01
-7.855661942736499270e+01
-5.978976851263730197e+01
-8.384682748323662338e+01
-5.407926341010173132e+01
-7.072444487055332729e+01
-8.803132736331808417e+01
-9.022159124163859190e+01
-8.349392772211847102e+01
-9.438699485033333758e+01
-8.268315969430463497e+01
-7.168277884966623503e+01
-5.988280935853724429e+01
-7.767202285632585301e+01
-8.094824720955627129e+01
-6.100282966360867221e+01
-8.122961882466776729e+01
-8.940784927402988558e+01
-5.799164084104616990e+01
-8.340589959288318767e+01
-8.503545829224351849e+01
-6.443565797327222811e+01
-9.134093764031528906e+01
-7.929195789798869498e+01
-7.209885036572460137e+01
-8.325332819058574785e+01
-5.719442519159232319e+01
-7.821078488367037096e+01
-8.503849797246131459e+01
-8.443749928938480309e+01
-8.240401442651415209e+01
-6.699329615554363215e+01
-9.553208441500798642e+01
-6.382704690767319278e+01
-6.464191398290384427e+01
-6.679440815567498646e+01
-6.777815822899657405e+01
-7.640197506168068742e+01
-6.706847983904513910e+01
-8.941513559665760624e+01
-7.986340742295362816e+01
-9.186255594329618646e+01
-8.676530884846059166e+01
-6.556966453401244621e+01
-8.524386712730552063e+01
-7.764735686016952343e+01
-7.150252873475339754e+01
-8.330578349827419515e+01
-8.439370326289005675e+01
-8.387161194415104148e+01
-8.588681937142450806e+01
-7.777764175137954794e+01
-6.646780863631163072e+01
-8.256677861912309879e+01
-6.812664458828282932e+01
-7.909422988314902625e+01
