-7.501565573442753987e+01
-7.417778406925820889e+01
-7.761006209259900857e+01
-7.443573703825715882e+01
-7.847754491340633365e+01
-7.292193817816972512e+01
-4.983337158969067815e+01
-7.564505529135281847e+01
-6.756395391780041848e+01
-7.294171728141810718e+01
-8.473284859240382616e+01
-8.187175339693490628e+01
-7.959231714331434659e+01
-9.196168557128716259e+01
-8.209491566367691462e+01
-8.207397788081581780e+01
-8.163567912778466962e+01
-7.636449507576419649e+01
-6.898850210320716769e+01
-9.542454561388338163e+01
-7.051563264271969445e+01
-8.296274964566386245e+01
-8.310478295016983452e+01
-8.079269370413256013e+01
-8.135003445068542760e+01
-9.022724486404476352e+01
-7.632697268628029974e+01
-9.013201614788860638e+01
-9.154174693014867614e+01
-6.349954704490604485e+01
-8.078295803344647652e+01
-5.998187652358028288e+01
-8.634439021510058865e+01
-6.713164220170054364e+01
-9.395075603443622470e+01
-7.653118658768042337e+01
-7.829215165884187400e+01
-8.226119103299910762e+01
-7.916254128177574501e+01
-8.657487193564402617e+01
-6.739039597823732208e+01
-9.169961693622852295e+01
-8.393942258472470996e+01
-6.994829618665487203e+01
-8.346464166681582242e+01
-7.952964076689170270e+01
-5.378780994200270271e+01
-8.680134441475891549e+01
-4.745954345746212510e+01
-6.829378562691280763e+01
-9.395094374270415472e+01
-8.675036456518839145e+01
-7.814995939974022576e+01
-8.240217615889422120e+01
-8.416434803865425351e+01
-7.221535035232584221e+01
-5.810933769888737288e+01
-8.002986580142274420e+01
-8.284707304463529454e+01
-6.750463023984373478e+01
-8.299112731286233213e+01
-8.423497487210137535e+01
-5.170426613846790787e+01
-8.527722300003053135e+01
-8.028122430607723459e+01
-6.775543862243642934e+01
-9.077267055251685690e+01
-8.002716479658603532e+01
-7.096670015705201706e+01
-8.464119003746536407e+01
-5.261748913227819457e+01
-7.733465993209910039e+01
-8.661160208789800663e+01
-8.291763625968906126e+01
-8.368417527264240618e+01
-6.277770457656689018e+01
-8.232509474590906962e+01
-6.087155651693212377e+01
-6.053239373438063353e+01
-7.162204530499124644e+01
-6.947471267557891395e+01
-7.612526938995446812e+01
-6.806197787380864384e+01
-8.792522528160223771e+01
-7.805146308125650023e+01
-9.162913322948864447e+01
-8.379654821170778689e+01
-6.915714537624891989e+01
-8.144805035818109218e+01
-8.205786540853388544e+01
-6.395955039574560885e+01
-8.079746616507715373e+01
-7.954685819837426664e+01
-8.613107834103603011e+01
-8.233529729036307288e+01
-8.977552995474889030e+01
-5.226174518239427158e+01
-9.236096095036847942e+01
-6.988856298390803090e+01
-8.083510311691033223e+01
