-7.714617955937691818e+01
-6.934924682096681181e+01
-7.117423357853790833e+01
-7.427611336801800235e+01
-7.923157003022267020e+01
-7.233449706313248839e+01
-4.733257304732077131e+01
-7.121541300435832511e+01
-6.555678203073063059e+01
-7.205250983875984616e+01
-7.848084234225071043e+01
-8.043946260066014986e+01
-8.312844392648186442e+01
-8.615152324634829029e+01
-7.784457527732386950e+01
-9.150826482795589811e+01
-8.817743322456179556e+01
-7.430106935182726602e+01
-6.503191776856809270e+01
-9.073567018482009416e+01
-7.250275640915957354e+01
-8.022097121650774909e+01
-8.095846699981169081e+01
-8.357377310789955516e+01
-7.891801939456605908e+01
-8.886181309969408915e+01
-8.128468504439574360e+01
-9.044652874445272062e+01
-8.179964085037097732e+01
-6.104412769987396103e+01
-8.533807147731694442e+01
-6.584961786934626105e+01
-8.274483181418537470e+01
-6.418884494510656680e+01
-8.386064534803614379e+01
-8.064781463266240280e+01
-8.009303975671051035e+01
-8.778660381330907114e+01
-8.197770042922408607e+01
-8.900148240688390899e+01
-6.870102064129056885e+01
-9.015091576131531781e+01
-8.932499912858916957e+01
-6.569719081579282260e+01
-8.712012358691175962e+01
-8.750339986532910075e+01
-4.876000550815012247e+01
-8.432424790699880646e+01
-4.789510963182230796e+01
-6.697583095095291128e+01
-8.836414581875477836e+01
-8.699709730648285699e+01
-7.914136781560281975e+01
-8.203189231070865617e+01
-8.460217544678148727e+01
-7.020860125502933613e+01
-5.380385635572061886e+01
-8.142235879438349855e+01
-8.591192491623591820e+01
-6.320919231736075972e+01
-8.480176855016947002e+01
-8.654204411485447679e+01
-5.130493946152925844e+01
-8.912261364741861769e+01
-7.940225905500231818e+01
-7.271016693126904329e+01
-8.339230259519884214e+01
-8.347210320921860216e+01
-7.124867505091563658e+01
-9.628564160751365364e+01
-5.133507767668453425e+01
-8.201277858930762932e+01
-8.590288958218721405e+01
-8.578022918370744776e+01
-8.022429434097138312e+01
-6.839868756161067154e+01
-9.233065799099519211e+01
-6.532519211083490518e+01
-6.542861587926172717e+01
-7.064807732350537606e+01
-6.592095362239192013e+01
-7.453300357387543329e+01
-6.752390538422686461e+01
-9.418834754375434670e+01
-7.814541745316789445e+01
-8.353128040271344901e+01
-8.659701836946099718e+01
-6.147239241038000301e+01
-8.559075725203244644e+01
-8.371956197063917671e+01
-5.900929818232064150e+01
-8.550071858022002402e+01
-8.984511557578480279e+01
-8.211863807478799515e+01
-8.573224429907683941e+01
-8.798921410280291866e+01
-6.334758927537728823e+01
-8.959047718249601644e+01
-6.741533137076245907e+01
-7.589121580739715967e+01
