-7.522034217529250100e+01
-7.214774523338302004e+01
-7.802722195210759537e+01
-7.462982492355639863e+01
-8.216023674603263771e+01
-7.107786893253636151e+01
-5.764669706121645731e+01
-7.313921574189294006e+01
-6.305403750366399152e+01
-7.143633541750075722e+01
-7.896581644633053543e+01
-7.979621304853957042e+01
-8.097105273213387022e+01
-8.824579461560107063e+01
-8.032172397536632502e+01
-8.162372850662403323e+01
-7.849340453691924324e+01
-7.600067949158696479e+01
-6.804399173106608600e+01
-9.277813114484460755e+01
-7.214655381991866534e+01
-8.029429658310498041e+01
-8.229324284516498267e+01
-8.086643667018583415e+01
-7.900290259244016511e+01
-8.823272329446224660e+01
-8.664661250261897862e+01
-8.975024421747615122e+01
-8.147052243810050243e+01
-5.588874488389888739e+01
-7.882389060082512344e+01
-6.784575400557764624e+01
-8.512007120939436788e+01
-6.776771916982984578e+01
-9.602783106891098441e+01
-7.959855188136235427e+01
-8.018955492707260646e+01
-8.732409679466468333e+01
-7.322522843582862606e+01
-8.791980833994567490e+01
-6.239709862525312190e+01
-9.160851802390286025e+01
-8.895493929546246648e+01
-6.868196990935864221e+01
-9.447151659362215526e+01
-8.129512254168621155e+01
-5.389020498249685431e+01
-8.625064561293788756e+01
-5.962881824897684169e+01
-6.078558464910516790e+01
-8.783227253826655101e+01
-8.414537397389210582e+01
-8.316954109590622579e+01
-7.985034549129535719e+01
-8.602740544371958720e+01
-7.169192533169302806e+01
-6.765352507786488445e+01
-7.830908194128757316e+01
-8.095838057539606325e+01
-6.939271669204950399e+01
-8.648965962458655099e+01
-8.046717207753117407e+01
-5.411468625203571037e+01
-8.502425237353978105e+01
-8.205421607382166371e+01
-7.144966307426251717e+01
-8.822730453350553148e+01
-7.225687775572673388e+01
-7.039098928802013688e+01
-8.694697942057763385e+01
-4.508153740114531871e+01
-7.866004333138153015e+01
-8.248082860413148865e+01
-9.046807805943217318e+01
-8.007267114420170628e+01
-7.221667004162934234e+01
-9.045667022101494581e+01
-6.023590788262864493e+01
-6.501160067717542290e+01
-6.380810038723608812e+01
-5.684698720160996288e+01
-7.583667594907718978e+01
-6.015021155001597464e+01
-8.903349867481848889e+01
-8.025840412226482101e+01
-9.320006266178819487e+01
-8.890820089365340095e+01
-6.843527519271036397e+01
-8.482316036857760366e+01
-8.165457910113127582e+01
-7.042894076488366295e+01
-8.474575788519514674e+01
-7.876598489010319781e+01
-8.195548787017750669e+01
-8.633602805258897206e+01
-8.807250389812817559e+01
-6.418213922038137298e+01
-8.521219895321164017e+01
-6.852155792425108416e+01
-7.810426393157160874e+01
