-7.447995003913047185e+01
-6.974049969875348154e+01
-8.337946601438028438e+01
-7.195168925211159205e+01
-7.871132644864952965e+01
-6.930274283766061671e+01
-5.391536275147543478e+01
-8.233143126751282637e+01
-6.502953270780196249e+01
-6.724340851520911144e+01
-9.019010440379679494e+01
-7.866195220903991014e+01
-8.004814759970901150e+01
-8.779368689579115426e+01
-8.103199643178248834e+01
-9.585514465454524213e+01
-7.627124160012178322e+01
-7.331802852206523369e+01
-6.862734253117513106e+01
-9.347531146220777032e+01
-7.423307823999155630e+01
-8.111773067315273522e+01
-8.149678673347901281e+01
-8.333788827419806466e+01
-8.306184558504908466e+01
-8.450114051682636784e+01
-8.756909755713934373e+01
-8.860893000956187393e+01
-9.003013124833212544e+01
-6.877160141068382870e+01
-7.864189733277973460e+01
-6.874602232618848063e+01
-8.893115290332305278e+01
-4.693460372473825970e+01
-9.361220608633128393e+01
-8.043513020038034256e+01
-7.894349356268617157e+01
-9.084317510670541651e+01
-8.185029439818434582e+01
-8.482544659717207480e+01
-6.483414193531950787e+01
-8.935521038721510934e+01
-9.073371931453523587e+01
-6.274031999213422495e+01
-9.499820830443324837e+01
-8.618195902189597746e+01
-4.861079632674987039e+01
-8.361509303165388474e+01
-4.821038115603125362e+01
-4.465616847026131353e+01
-8.896226424109461561e+01
-9.642867903124307816e+01
-8.022816194883067453e+01
-8.299272560219070272e+01
-8.295457205831331748e+01
-7.113978316695666138e+01
-6.344340837449661308e+01
-7.853617131733545875e+01
-8.600449886699848889e+01
-6.356676147619585038e+01
-7.883709154579850065e+01
-8.422794131383035676e+01
-4.872601143600638807e+01
-8.535732259566398739e+01
-8.218819341346343776e+01
-5.767934945806341318e+01
-9.634922476672993241e+01
-7.600395564130911907e+01
-5.597939777984665000e+01
-9.355134473376740800e+01
-4.734511121442279347e+01
-7.827142189964278884e+01
-8.806366657922869479e+01
-8.475594370992398296e+01
-9.131285298981886456e+01
-6.908712847735280604e+01
-8.519384319252323223e+01
-6.097588621467361492e+01
-6.550636828076667939e+01
-7.312792559195068520e+01
-6.912976605367570926e+01
-7.708172691655003916e+01
-6.435035089035518752e+01
-9.886423879996124242e+01
-7.913809768137566891e+01
-8.848547541989439935e+01
-8.289916473639894434e+01
-6.316871263287572447e+01
-8.051781329531813469e+01
-8.246220573851709901e+01
-6.630445059301700894e+01
-8.405734831734622503e+01
-7.993285303607770231e+01
-8.184689931220165704e+01
-9.521200395111600301e+01
-8.283378558642186817e+01
-5.049285918584406119e+01
-8.708559741624073069e+01
-6.608661315587281138e+01
-7.764201528432839439e+01
