-7.275916116669878875e+01
-7.455264032458171641e+01
-7.699067464234488511e+01
-7.482812685984836776e+01
-7.623296530533679061e+01
-7.091402001756769380e+01
-5.110992502963934925e+01
-7.582558151842962957e+01
-6.488066490456287738e+01
-7.337901737539667124e+01
-7.796935008366909869e+01
-8.214742973049503405e+01
-8.464614649270350810e+01
-8.436923614526932624e+01
-7.771885482352008978e+01
-8.742634582166576251e+01
-8.039338604403585009e+01
-7.440146649447906668e+01
-5.674946166989074925e+01
-8.587786437652603411e+01
-7.388718746363410617e+01
-8.208596107619962368e+01
-8.106508803550890718e+01
-7.972997958834251619e+01
-8.042494050292249597e+01
-8.159988581383022677e+01
-8.138566778074637398e+01
-9.084358450172383925e+01
-8.591433862168420887e+01
-5.883035737297684165e+01
-8.172039170423971655e+01
-6.744047786861712268e+01
-8.540887749313793620e+01
-6.875126204152390130e+01
-8.457096542265205130e+01
-8.160715372581748284e+01
-8.180851951347462148e+01
-8.487514230086303257e+01
-8.007159441832655489e+01
-8.687695905393088935e+01
-5.582771599134482443e+01
-9.356216134819491970e+01
-8.931371248967026588e+01
-6.635760143573754988e+01
-9.456396309362560260e+01
-8.129432671194085458e+01
-4.604234650836478693e+01
-8.738054124435444692e+01
-4.993705142696970967e+01
-6.833811245758099062e+01
-8.729210987560975354e+01
-8.977500683292832662e+01
-7.835758719573242104e+01
-8.113553580001627097e+01
-8.207683863319628870e+01
-6.610889017178901383e+01
-6.422765022541310032e+01
-8.005475672727588687e+01
-8.637637304772488278e+01
-6.713090158016635201e+01
-8.322982527278445275e+01
-8.562679413129758643e+01
-5.179834637396098884e+01
-9.151274406157943986e+01
-8.065191552064865732e+01
-6.374836566925327475e+01
-8.564633803649391552e+01
-8.513734355727403624e+01
-7.153498476897308933e+01
-8.132422687608431033e+01
-4.872165987719044011e+01
-7.565449635685294538e+01
-9.245654603772628377e+01
-8.645217773208894130e+01
-8.601047778236461738e+01
-6.576835742198417734e+01
-8.652505550973934589e+01
-6.434455723839633379e+01
-6.334896167695351465e+01
-6.658197930873173220e+01
-7.138341016220914526e+01
-7.527140135238067842e+01
-7.242183538564485445e+01
-8.289322173484747225e+01
-7.987463720539292922e+01
-8.981036574523240290e+01
-8.661427127914750201e+01
-6.753397142370839390e+01
-8.733418727512341206e+01
-9.404276719056227307e+01
-6.424721119981927586e+01
-8.662888899765515305e+01
-8.397146436752703380e+01
-8.471443741503561853e+01
-8.547649845324409057e+01
-8.661371369120892894e+01
-6.470431309010780296e+01
-8.119868630949623878e+01
-5.200191785877082395e+01
-7.932487769443024206e+01
