-7.404322145818753143e+01
-7.189923526265991427e+01
-7.551033277566743607e+01
-7.293664089000064621e+01
-8.349959931829327786e+01
-7.076802521504558285e+01
-4.745825090226446008e+01
-8.039912862363470936e+01
-6.501847902785276290e+01
-7.567061585021389192e+01
-7.769758583905760929e+01
-8.363022727293663650e+01
-8.334103341957920463e+01
-9.428122943649684373e+01
-8.716554157874864472e+01
-8.615206693182577169e+01
-8.302061168370624955e+01
-7.425699642970720049e+01
-6.548000040542341083e+01
-9.592481040434618933e+01
-7.466714490381011160e+01
-7.860930419223178944e+01
-8.108092488115265439e+01
-8.145469498945602993e+01
-7.814937560523250681e+01
-8.646215322608988174e+01
-8.268438400147131517e+01
-8.989570083761427099e+01
-8.153192401632395558e+01
-6.366760427511324139e+01
-7.992550421874679500e+01
-6.636203008359193234e+01
-9.193409690236377685e+01
-6.751977532297290452e+01
-8.919523235118707305e+01
-8.368247205386822429e+01
-8.019069981042714801e+01
-8.178200503602964488e+01
-8.378379499242161899e+01
-8.863075053072452647e+01
-5.673473069622301779e+01
-9.168230619855198427e+01
-8.600661519055596216e+01
-6.789493145142449748e+01
-8.231675848103840565e+01
-8.314354630120615752e+01
-5.375310779350741797e+01
-9.048464782071172863e+01
-4.938250279060267900e+01
-6.603399185271157990e+01
-9.084092915684792047e+01
-8.782958923345383084e+01
-7.653906430363497293e+01
-8.152717932650064370e+01
-8.825995334038910300e+01
-6.315377154429290840e+01
-5.474403884450651248e+01
-8.149642837353883351e+01
-8.103976842282007453e+01
-6.238583346150485198e+01
-8.568581782803106250e+01
-8.784727406735599686e+01
-5.443906756402640923e+01
-8.092817100146864107e+01
-8.526772217772388274e+01
-6.922815884373574136e+01
-8.982066959094001390e+01
-7.735537688395540101e+01
-6.793613633107833039e+01
-8.686631247364068997e+01
-5.395615781836875158e+01
-7.773405732499958276e+01
-9.653162753760042847e+01
-8.457458131782732380e+01
-8.468371370679662391e+01
-6.106793911351519455e+01
-9.205291104758070730e+01
-6.001947788283169416e+01
-6.232620774594805368e+01
-6.373024524553787984e+01
-6.500374840407430099e+01
-7.466125883730452983e+01
-6.186927410381812109e+01
-9.434337790910410604e+01
-7.869467134667662833e+01
-9.186341726458152834e+01
-8.566734309308057504e+01
-6.922410247807800943e+01
-8.287500102748992958e+01
-7.902051049613247358e+01
-6.814655230773574601e+01
-8.473590343049654905e+01
-8.079058062980280397e+01
-8.037287264596355385e+01
-9.311604205363565256e+01
-8.378550913547557855e+01
-4.541731397229575862e+01
-8.648860855557677496e+01
-6.753826617413999145e+01
-7.886365456158306131e+01
