[78.5731122809776, 85.44817568144856, 104.64629552113811, 116.31964638827525, 128.00819252432137, 140.31149151115346, 150.06002400960412, 160.15374759769597]
[463.60686138154006, 465.11627906977236, 613.4969325152963, 637.3486297004163, 705.7163020465623, 779.4232268122187, 868.8097306690184, 866.5511265164672, 911.5770282589045]
[122.12994626282213, 139.87970345502865, 145.3699665649097, 148.83167137966848, 202.02020202020017, 224.82014388489316, 231.9647413593115, 231.2673450508812]
[137.93103448275863, 151.3317191283279, 174.06440382941673, 201.9386106623587, 226.34676324129114, 242.95432458697852]
[129.9038711353602, 163.26530612244898, 170.38677798603078, 225.93764121102348, 219.63540522732825, 249.9375156210891, 315.7562361856617, 348.1894150417741]
[107.06638115631915, 147.99467219179974, 248.57071836937456, 292.99736302373185, 343.1708991077572, 441.891294741487, 460.61722708430665, 505.81689428427535, 563.3802816901481]
[411.18421052633227, 506.58561296857977, 541.7118093174421, 544.3658138268949, 531.349628055275, 638.5696040867865, 733.6757153337921, 714.2857142857259, 766.8711656441873]
[232.4500232450012, 345.1846738004775, 412.7115146512778, 417.1881518564987, 467.94571829666506, 551.5719801434469, 586.166471277876, 621.890547263702, 681.1989100817093]
[111.45786892554639, 161.4987080103387, 178.92288423689575, 249.62556165751548, 340.36759700476654, 275.55800496004264, 350.0175008750473, 343.87895460797614, 482.85852245291517]
[82.69246671628241, 127.16174974567598, 143.2664756447011, 165.23463317911376, 190.5124785673453, 259.2016588906128, 264.8305084745795, 247.52475247524976, 282.24668360145813]
[106.95187165775505, 147.27540500736208, 148.58841010401147, 178.92288423689212, 171.2035610340726, 209.86358866737183, 274.57440966502384, 265.60424966799565, 363.9010189228618]
[105.86491636671578, 150.46644598254684, 166.306336271411, 181.06101756292162, 211.64021164020554, 220.1188641866605, 254.84199796125804, 271.22321670735766]
[120.13455069678103, 137.93103448275644, 177.84101013693967, 165.7824933686992, 221.38587558113534, 227.6348736626495, 271.22321670734925, 280.4262478968096, 309.50170225936296]
[111.8818527634805, 123.91573729863616, 173.58097552508002, 157.90304752881806, 197.12201852946615, 228.8853284504389, 221.14108801415622, 230.94688221709396, 277.5464890369174]
[113.40440009072226, 138.31258644536618, 180.18018018017796, 192.418703097941, 215.98272138228964, 215.88946459412492, 267.665952890793, 277.0083102493064]
[67.00167504187625, 131.7870321560384, 145.64520827264815, 165.97510373444047, 176.99115044247503, 188.6436521411079, 209.24879681942343, 228.62368541380764]
[111.0124333925409, 126.74271229404332, 149.29829799940327, 182.91567587342286, 195.1219512195122, 261.5746795710112, 240.15369836696215, 265.886732252071, 286.6972477064267]
[77.45933384972908, 88.31581736288896, 96.1908426317808, 110.4850292785336, 119.27480916030676, 131.682907558598, 145.39110206455274, 161.39444803098704]
[65.01527859046888, 90.22013713460795, 104.7559187094078, 120.70006035003064, 131.440588853837, 136.76148796498885, 150.9433962264151, 172.59233690023876, 197.2386587771228, 206.95364238410136]
[81.98737394441254, 89.79885057471382, 108.44810758052267, 112.91779584462519, 137.77900248002132, 134.03029084572887, 159.66789078716184, 165.09823344889855, 183.78974453225405]
[63.71455877668027, 76.20208793720987, 112.82861333634283, 116.49580615097776, 122.35409274440228, 133.6362421488717, 143.59563469270654, 161.44656118824477, 170.85255424568737]
[71.5665927145205, 78.54225573358485, 94.41979038806527, 106.58708164570513, 118.03588290840285, 125.92872434202373, 142.59232853272195]
[69.57005704744667, 86.85833405715253, 102.3122570083896, 117.32957878681339, 132.55567338282108, 137.4759417102007, 156.27441787779338, 166.11295681063174]
[72.02535292422925, 84.18925745074979, 95.95087315294441, 110.27790030877831, 123.91573729863616, 145.66642388929333, 151.01177891875923, 165.6726308813768]
[83.68901163277214, 114.05109489051057, 124.71938139186784, 151.2630464377555, 151.5151515151536, 161.44656118824477, 193.57336430507388, 193.61084220716498, 194.704049844238]
[60.63178318074274, 80.68420203324186, 95.16558812333426, 106.1909312944684, 116.30611770179017]
[72.31703789412799, 98.71668311944723, 119.77482333213655, 122.97097884899242, 135.3179972936403, 144.27932477275922, 145.98540145985353, 159.54052329291855, 170.5320600272842]
[97.66578767457837, 113.71389583807164, 131.49243918474852, 128.78300064391522, 144.48779078167792, 165.23463317911066, 168.35016835017004, 189.89745537409934, 179.1472590469368]
[89.74243919949721, 108.86131069018029, 126.1352169525732, 136.4070386031916, 151.69902912621134, 158.7805652588123, 186.95083193120047, 185.42555164101904, 197.62845849802142]
[60.168471720818275, 95.58401835213266, 119.83223487117995, 129.31591878960387, 133.2977872567324, 153.63343063450571, 167.75708773695652, 183.62100624311333, 197.19976336028736, 197.86307874950637]
[97.637180238234, 109.67317394165461, 130.97576948264393, 134.98920086393267, 133.0494944119219, 140.98406880022634, 173.0103806228382, 193.9864209505345, 203.08692120227548]
[149.20919128618326, 169.72165648336576, 191.4975105323638, 208.550573514074, 227.11787417670254, 254.00050800102258, 268.31231553527664]
[107.74701002047253, 140.3114915111557, 166.27868307282978, 210.57064645188356, 258.9331952356238, 359.5828838547351, 383.1417624521053, 404.36716538617776, 482.39266763145685]
[153.3507130808168, 176.616036736131, 190.40365575019212, 230.1495972382034, 251.38260432377666, 271.22321670734925, 296.64787896767706, 313.87319522913515]
[126.07160867372642, 130.41210224308804, 217.53317380900683, 239.34897079942573, 242.30676035861012, 324.35939020436155, 332.44680851063407, 374.111485222612, 441.1116012351022]
[90.07386056566497, 140.37057832678224, 184.5699520118084, 239.00573613766258, 253.48542458808296, 314.76235442240903, 300.0300030003027, 377.50094375235926, 365.764447695679]
[126.75877804537949, 189.86140117714288, 182.4817518248169, 281.76951253874506, 291.97080291970224, 333.3333333333333, 351.74111853677584, 438.40420868039126]
[206.86801820438302, 135.0803728218307, 189.4657067070853, 217.06099413934916, 276.70171555063393, 323.5198964736323, 340.59945504086784, 381.09756097558983, 431.2203536006763]
[83.31944675887306, 128.00819252432322, 170.41581458759552, 195.08388607101142, 216.96680407897952, 228.72827081426894, 257.86487880351166, 284.17163967036043]
[167.67270288397214, 188.89308651303017, 262.0545073375319, 277.7006387114691, 310.36623215393263, 311.0419906687482, 389.25652004671684, 439.753737906772, 500.7511266900458]
[143.53380221042087, 168.66250632484474, 211.6402116402157, 243.0133657351216, 265.04108136761823, 302.7550711474315, 331.8951211417155, 350.38542396635785, 365.09675063891495]
[130.05592404733903, 180.79913216416355, 182.91567587342286, 262.1231979030107, 329.16392363395624, 350.1400560224096, 340.83162917519104, 400.9623095429167, 503.7783375314827]
[130.82155939298787, 187.828700225396, 183.62100624311333, 283.92958546280136, 286.20492272466856, 293.0832356389087, 378.5011355033989, 392.77297721915977, 427.53313381783994]
[81.5926892950386, 201.9386106623587, 258.93319523563144, 312.40237425804224, 283.44671201812986, 320.2049311559466, 364.8303538854452, 433.2755632582336, 420.5214465937888, 455.58086560365786]
[122.81994595922298, 143.71945961483013, 174.55053237912594, 201.04543626859484, 246.06299212597952, 263.50461133070115, 290.1073397156946, 328.62306933946695]
[148.01657785672057, 166.88918558077225, 199.04458598726112, 297.8850163836785, 275.0275027502689, 465.5493482309071, 461.2546125460999, 466.8534080298671, 523.8344683080481]
[112.51125112511208, 184.84288354898445, 209.5996646405384, 269.1790040376828, 298.9536621823593, 342.34851078397236, 364.16605972323634, 461.46746654360226, 476.8717215069192, 492.85362247412604]
[122.44398187829023, 143.71945961483246, 192.7153594141424, 213.72088053002898, 259.1344908007231, 285.5511136493471, 316.35558367605745, 348.06822137138306, 385.05968425107875]
[117.28829462819517, 207.125103562548, 235.90469450342513, 341.53005464480907, 318.5727938834244, 344.23407917384145, 442.47787610619645, 523.0125523012458, 518.1347150259202, 545.5537370431077]
[138.888888888888, 157.25743041358612, 192.3446816695535, 228.57142857142858, 237.52969121139938, 265.60424966799565, 282.16704288938286, 298.4183825723665]
[117.564072419469, 164.12276382734083, 192.27071716977423, 251.382604323791, 291.80040852057016, 303.39805825243315, 365.2300949598475, 398.72408293462126, 498.0079681274806]
[105.67473317129912, 136.0914534567216, 166.9170422300121, 215.37798836959254, 254.19420437213498, 287.35632183908837, 348.3106931382679, 405.6795131845789, 399.840063974414]
[156.9119723834945, 210.7481559536352, 216.309755569974, 274.4237102085616, 327.7613897082876, 379.7949107481905, 450.04500450045407, 477.7830864787476, 559.9104143336883]
[94.79571523367163, 128.23800974608685, 160.4106512672432, 187.05574261129803, 207.46887966805252, 251.57232704402372, 270.41644131963375, 283.68794326241317]
[133.3688983728986, 146.3914507392789, 184.06037180195128, 211.01498206373012, 229.46305644790868, 253.61399949278038]
[125.70710245128785, 182.0830298616144, 189.501610763694, 267.88106080900457, 256.01638504864644, 293.68575624081484, 319.38677738740745, 344.94653328734034, 366.0322108345421]
[151.1715797430107, 213.81227282445917, 295.85798816568087, 259.6053997923097, 300.751879699244, 301.9323671497574, 456.82960255825316, 433.46337234503375, 528.2620179609322, 537.6344086021794]
[99.80039920159813, 127.16174974567781, 135.94344752582725, 158.17779183802304, 173.13019390581516, 191.97542714532318]
[98.79470460383365, 139.4894685451252, 152.34613040828845, 150.9661835748787, 186.53236336504023, 204.4571662236777, 256.01638504864644, 231.80343069078225]
[85.98452278589858, 115.06155793349402, 136.55605626109346, 162.31131309852444, 170.82336863683162, 209.20502092050327, 239.6931927133255, 268.1684097613353, 263.7130801687743]
[105.49636037556658, 123.28936012821936, 147.05882352941273, 182.61504747991236, 192.86403085824273, 243.3090024330892, 227.3243919072516, 241.6626389560088]
[76.56967840735034, 134.49899125756656, 147.40566037735866, 165.45334215751205, 186.77624206201222, 200.16012810248276, 223.763705526961, 222.22222222222223]
[102.6694045174537, 133.70771493515304, 146.97236919458953, 167.39203213926888, 189.4657067070853, 199.24287706714463, 218.38829438742317, 277.0083102493064, 281.6108138552575]
[107.43446497636582, 106.07828577490164, 134.8617666891443, 146.37002341920632, 189.07165815844252, 198.9653800238732, 219.44261575597903, 266.95141484249194]
[75.07507507507543, 103.12467773538205, 122.39902080783415, 142.34875444839903, 157.0845114671697]
[68.84207627702074, 153.35071308081413, 147.7323090559904, 180.53800324968446, 187.30099269525934, 210.5706464518886, 251.50905432596298, 264.4802962179274, 283.92958546280136]
[75.8035172832019, 123.10722639418863, 156.96123057604538, 151.49219815179782, 178.76296031462482, 207.29684908789577, 217.48586341887446, 234.192037470727]
[126.67848999239921, 128.40267077555194, 156.49452269170334, 191.05846388994897, 191.53418885271424, 212.8565346956161, 240.5002405002396, 271.5915263443852]
[88.85729518393356, 114.5213009619808, 132.97872340425565, 152.20700152206885, 163.4253963065853, 182.61504747991236]
[74.8334954725732, 99.69095803010717, 119.66016513102667, 148.1920569057463, 168.83336147222687, 184.3657817109152]
[96.95559433779256, 138.21700069108473, 147.05882352941273, 198.72813990460895, 213.40162185232447, 241.02193299590257, 272.7768685215454, 312.79324366593653, 321.853878339237]
[128.8493750805295, 137.76002204160326, 149.49917775452062, 168.2085786375091, 204.75020475020415, 220.79929344226116, 245.15812699191957]
[83.74507997655117, 109.36132983377071, 149.4098311668886, 188.39487565938234, 195.96315892612375, 248.81811395869585, 257.0694087403608, 301.477238468495]
[60.80875646093019, 99.3739441518435, 119.43150603129038, 158.98251192368932, 173.4304543877882, 200.40080160320605, 245.39877300613222, 260.96033402922797, 275.40622418066]
[68.6059275521404, 90.93389106119793, 139.0433815350388, 153.35071308081413, 198.64918553833962, 228.10218978102705, 242.24806201550803, 307.97659377887686, 350.87719298246736]
[53.593440162923756, 104.48229025180328, 131.99577613516328, 165.09823344890165, 169.8081168279841, 190.43991620643772, 216.63778162911146, 262.7430373095164, 286.4508736751659]
[68.97027381198693, 118.51149561507323, 138.6770212175862, 167.08437761069618, 191.7913310318395, 218.15008726003745, 243.60535931790392, 278.62914460853057]
[101.90563538163673, 113.54604292040402, 133.24450366422394, 157.52993068682875, 183.78974453225788, 205.29665366454608, 224.82014388489316, 251.3194269917038]
[82.74036074797277, 110.90163025396548, 144.55044810639137, 172.17630853994174, 179.53321364452262, 208.507089241037, 237.02299123015285, 246.00246002459696]
[84.1679993266554, 131.57894736842263, 184.22991893883577, 198.29466587348776, 201.0050251256272, 258.1311306143505, 267.3082063619282, 295.8579881656709, 354.2330853701762, 422.65426880811754]
[101.34792743488435, 126.58227848101484, 163.5055591890128, 171.5854495538786, 189.60940462646943, 212.35931195583169, 227.3760800363789, 268.45637583892454, 271.665308340122]
[80.77544426494349, 103.54110581900999, 124.1773252204148, 140.01680201624313, 154.32098765432056]
[81.07669855683511, 129.1489086917207, 152.09125475285066, 192.08605455243887, 227.3760800363789, 235.9046945034188, 249.06600249066088, 309.88534242330576, 345.06556245686386, 405.1863857374456]
[122.63919548687765, 131.87392852433126, 148.56633486852144, 172.77125086385593, 194.13706076489748, 256.93730729701605, 244.3792766373421, 282.8854314002854, 329.05561039815865]
[80.15389547932104, 115.54015020219563, 146.5416178194617, 170.29972752043722, 189.25056775170356, 201.9386106623587, 228.41480127912658, 238.66348448687688]
[112.80315848843756, 142.08581983518022, 157.8033769922679, 180.53800324968446, 206.7824648469853, 258.3311805734889, 356.3791874554475, 304.50669914739257, 318.87755102039995]
[107.15816545220753, 146.28437682855443, 168.43523665150715, 203.99836801304934, 205.42317173377418, 226.3467632412795, 265.6748140276375, 300.9328919650937, 344.1156228492834]
[103.97171969224438, 125.31328320802155, 150.82956259426857, 162.0220349967559, 174.9169144656293, 200.3205128205098, 216.1227577263855, 233.918128654972]
[112.95606009262313, 135.74046423238627, 154.6790409899451, 185.25379770285207, 206.61157024793252, 234.52157598499633, 290.1915264074267, 286.53295128939754, 338.98305084746545]
[108.44810758052134, 131.40604467805497, 172.11703958692073, 202.22446916077106, 242.95432458697852, 242.07213749697576, 359.8416696653477, 333.1112591605649, 365.0967506389301]
[63.055678163818506, 124.2390359050817, 164.52780519907932, 178.18959372772736, 199.76028765481988, 226.65457842248819, 251.88916876574135, 288.6002886002859, 355.9985760057143, 366.1662394727061]
[74.593465612412, 144.0507058484585, 145.7725947521863, 212.5398512221023, 202.30629172566867, 232.18017181332627, 264.55026455026643, 281.05677346823217, 388.34951456309994]
[82.71298593879295, 108.18998160770386, 130.17443374121487, 150.3081316699229, 173.6714136853097, 193.42359767891836, 213.58393848781978]
[118.87779362814977, 132.83740701381473, 178.98693395382173, 193.57336430506962, 254.12960609911406, 249.37655860349184, 304.8780487804798, 321.7503217503272, 361.14120621164284]
[61.26324817741802, 92.87638153617489, 119.71746677840366, 138.7154945207368, 165.39861065166917, 184.12815319462212, 203.12817387771676, 228.57142857142858]
[72.36937328122747, 108.56584518510462, 139.0820584144635, 155.32774153464112, 181.4882032667842, 195.38882375928333, 231.8571759795972, 261.6431187859835, 288.93383415198764]
[88.91259891526663, 130.63357282821732, 154.87068297971481, 202.59319286871815, 232.9373398555785, 264.13100898045025, 281.13578858589466, 330.5785123966967, 364.16605972323634, 381.8251240931612]
[70.10656197420018, 103.885310617079, 132.89036544850538, 156.7152483936666, 183.11664530306143, 216.0293799956785, 232.5040688212081, 258.59839668994306, 293.772032902468]
[89.76660682226223, 128.419160138694, 142.30823964707469, 179.21146953404886, 195.4652071931202, 209.24879681941846, 241.60425223483875, 251.63563160543958, 285.6326763781796]
[120.99213551119198, 130.78733978550753, 162.3640201331357, 185.66654288897254, 195.00780031201086, 248.44720496895252, 257.33401955738765, 306.84258975145616]
