1.592176260786500208e+00
-1.053904981468473334e+00
1.224944453401304756e+00
-1.199791589881770371e+00
1.235005598809117977e+00
-1.033782690652846448e+00
-7.118260376028113789e-01
-6.816426013793708272e-01
-7.017648921949977137e-01
-1.058935554172380389e+00
1.461381370484923892e+00
1.235005598809117977e+00
1.365800489110695182e+00
-6.967343194910911031e-01
1.431197934261483340e+00
1.592176260786500208e+00
-6.917037467871840484e-01
-1.104210708507541217e+00
1.184699871770050095e+00
1.320525334775533466e+00
1.109241281211447827e+00
1.657573705937289255e+00
-9.885075363176851759e-01
-1.008629827133312062e+00
-9.985686817254988412e-01
-1.018690972541125728e+00
-1.129363572027075158e+00
-1.043843836060659669e+00
-1.008629827133312062e+00
-8.124374916809471436e-01
1.748124014607610910e+00
1.582115115378686987e+00
1.833643750574026399e+00
-1.174638726362236429e+00
1.697818287568543028e+00
-1.179669299066143262e+00
-1.229975026105211144e+00
1.904071768428721612e+00
1.753154587311517965e+00
1.602237406194314318e+00
-1.194761017177863760e+00
1.868857759501374005e+00
-1.235005598809117977e+00
1.692787714864635973e+00
1.728001723791983579e+00
1.702848860272450082e+00
1.818552032462306123e+00
1.818552032462306123e+00
1.909102341132628666e+00
-1.219913880697397701e+00
-1.235005598809117977e+00
-1.235005598809117977e+00
1.798429741646678792e+00
-1.194761017177863760e+00
1.883949477613094281e+00
1.692787714864635973e+00
1.582115115378686987e+00
1.808490887054492902e+00
1.712910005680263303e+00
1.778307450831051462e+00
-1.154516435546609321e+00
1.748124014607610910e+00
1.743093441903704743e+00
1.657573705937289255e+00
1.728001723791983579e+00
-1.214883307993490869e+00
1.702848860272450082e+00
1.712910005680263303e+00
1.677695996752915697e+00
1.632420842417754869e+00
-1.149485862842702488e+00
-1.164577580954422986e+00
1.652543133233382200e+00
1.546901106451339380e+00
1.748124014607610910e+00
1.607267978898220484e+00
1.722971151088077413e+00
1.743093441903704743e+00
1.738062869199797689e+00
-1.179669299066143262e+00
1.753154587311517965e+00
1.712910005680263303e+00
-1.159547008250516154e+00
-1.154516435546609321e+00
-1.159547008250516154e+00
1.733032296495890634e+00
1.702848860272450082e+00
1.733032296495890634e+00
1.748124014607610910e+00
1.712910005680263303e+00
-1.089118990395820941e+00
-1.094149563099727551e+00
-1.109241281211448271e+00
-1.119302426619261936e+00
-1.084088417691914330e+00
-1.119302426619261936e+00
-1.089118990395820941e+00
1.733032296495890634e+00
-1.058935554172380389e+00
-1.074027272284100665e+00
-1.089118990395820941e+00
1.516717670227898829e+00
-1.084088417691914330e+00
-1.099180135803634606e+00
-1.139424717434888823e+00
-1.094149563099727551e+00
-1.089118990395820941e+00
-1.089118990395820941e+00
-1.099180135803634606e+00
-1.084088417691914330e+00
1.526778815635712050e+00
-1.109241281211448271e+00
-1.094149563099727551e+00
-1.094149563099727551e+00
-1.089118990395820941e+00
-1.084088417691914330e+00
-1.089118990395820941e+00
-1.099180135803634606e+00
-1.099180135803634606e+00
-1.089118990395820941e+00
-9.734158182059649000e-01
1.758185160015425019e+00
-9.885075363176851759e-01
1.310464189367720245e+00
-1.028752117948939393e+00
1.672665424049009530e+00
1.647512560529475145e+00
-7.269177557145316548e-01
-1.023721545245032782e+00
-1.003599254429405452e+00
-8.728043641278286913e-01
-9.885075363176851759e-01
-8.627432187200150260e-01
-9.432323819825239042e-01
1.657573705937289255e+00
-9.935381090215917865e-01
-8.979572276473626324e-01
-9.532935273903375695e-01
-9.834769636137781212e-01
-9.683852455020578454e-01
-1.008629827133312062e+00
-1.149485862842702488e+00
1.602237406194314318e+00
-8.878960822395489672e-01
-9.935381090215917865e-01
-9.885075363176851759e-01
-9.382018092786172936e-01
-1.028752117948939393e+00
-6.917037467871840484e-01
1.763215732719331186e+00
1.858796614093560784e+00
1.808490887054492902e+00
1.355739343702881072e+00
1.838674323277933453e+00
1.828613177870120232e+00
1.888980050317001336e+00
1.934255204652162163e+00
1.823582605166213177e+00
-1.028752117948939393e+00
-1.068996699580193610e+00
1.843704895981840508e+00
1.813521459758399068e+00
1.873888332205281060e+00
1.929224631948255997e+00
1.793399168942772626e+00
1.833643750574026399e+00
1.838674323277933453e+00
1.878918904909188115e+00
1.813521459758399068e+00
1.843704895981840508e+00
1.793399168942772626e+00
1.768246305423238240e+00
1.818552032462306123e+00
1.914132913836535721e+00
1.848735468685746675e+00
-9.382018092786172936e-01
1.853766041389653729e+00
1.833643750574026399e+00
1.878918904909188115e+00
1.873888332205281060e+00
-6.514591651559298313e-01
1.813521459758399068e+00
-6.615203105637434966e-01
1.697818287568543028e+00
-6.665508832676501072e-01
1.798429741646678792e+00
1.858796614093560784e+00
1.813521459758399068e+00
-6.263063016363958901e-01
-6.766120286754637725e-01
1.843704895981840508e+00
1.808490887054492902e+00
1.773276878127145295e+00
1.778307450831051462e+00
1.838674323277933453e+00
1.798429741646678792e+00
-6.615203105637434966e-01
-6.212757289324892795e-01
1.748124014607610910e+00
1.873888332205281060e+00
-6.917037467871840484e-01
-6.514591651559298313e-01
-6.917037467871840484e-01
-6.514591651559298313e-01
1.833643750574026399e+00
1.813521459758399068e+00
1.798429741646678792e+00
1.793399168942772626e+00
-7.319483284184387095e-01
1.763215732719331186e+00
1.843704895981840508e+00
1.778307450831051462e+00
1.798429741646678792e+00
1.798429741646678792e+00
1.788368596238865571e+00
1.858796614093560784e+00
1.818552032462306123e+00
1.823582605166213177e+00
1.753154587311517965e+00
1.818552032462306123e+00
1.823582605166213177e+00
1.813521459758399068e+00
1.813521459758399068e+00
1.813521459758399068e+00
1.828613177870120232e+00
1.838674323277933453e+00
1.813521459758399068e+00
1.803460314350585847e+00
1.788368596238865571e+00
1.838674323277933453e+00
1.778307450831051462e+00
1.833643750574026399e+00
1.793399168942772626e+00
1.803460314350585847e+00
1.818552032462306123e+00
1.813521459758399068e+00
1.813521459758399068e+00
1.813521459758399068e+00
1.833643750574026399e+00
1.833643750574026399e+00
1.682726569456822752e+00
1.561992824563059656e+00
1.476473088596644168e+00
1.733032296495890634e+00
1.124332999323168991e+00
1.637451415121661924e+00
1.722971151088077413e+00
1.672665424049009530e+00
1.753154587311517965e+00
1.426167361557576285e+00
1.129363572027075158e+00
1.627390269713847815e+00
1.481503661300551222e+00
1.717940578384170358e+00
1.541870533747432326e+00
1.637451415121661924e+00
1.551931679155246435e+00
1.612298551602127539e+00
1.395983925334135733e+00
1.672665424049009530e+00
1.627390269713847815e+00
1.722971151088077413e+00
1.642481987825568090e+00
1.728001723791983579e+00
1.411075643445856009e+00
1.471442515892737113e+00
1.722971151088077413e+00
1.224944453401304756e+00
1.431197934261483340e+00
1.466411943188830946e+00
1.511687097523991774e+00
1.577084542674779932e+00
1.843704895981840508e+00
1.406045070741948955e+00
1.697818287568543028e+00
-6.665508832676501072e-01
1.179669299066143040e+00
-1.154516435546609321e+00
1.506656524820084719e+00
1.692787714864635973e+00
1.164577580954422764e+00
-1.235005598809117977e+00
1.561992824563059656e+00
1.818552032462306123e+00
1.345678198295067851e+00
1.506656524820084719e+00
1.511687097523991774e+00
-8.023763462731334783e-01
1.728001723791983579e+00
-8.325597824965744742e-01
-8.275292097926678636e-01
-7.772234827535995372e-01
1.692787714864635973e+00
1.833643750574026399e+00
1.567023397266966711e+00
-8.476515006082947501e-01
-7.168566103067179895e-01
-1.144455290138795656e+00
-8.124374916809471436e-01
1.446289652373203616e+00
1.617329124306034593e+00
-9.331712365747102389e-01
1.707879432976357137e+00
-9.231100911668965736e-01
1.712910005680263303e+00
1.768246305423238240e+00
1.652543133233382200e+00
-9.432323819825239042e-01
-9.180795184629899630e-01
1.728001723791983579e+00
-9.231100911668965736e-01
1.612298551602127539e+00
-9.231100911668965736e-01
-9.382018092786172936e-01
1.677695996752915697e+00
-9.281406638708036283e-01
1.662604278641195421e+00
-9.281406638708036283e-01
-9.130489457590833524e-01
1.652543133233382200e+00
-9.281406638708036283e-01
-9.130489457590833524e-01
-9.834769636137781212e-01
-8.828655095356423566e-01
-9.532935273903375695e-01
1.702848860272450082e+00
-9.180795184629899630e-01
1.733032296495890634e+00
-9.130489457590833524e-01
1.773276878127145295e+00
-7.772234827535995372e-01
-7.721929100496929266e-01
-7.671623373457863160e-01
-7.872846281614132025e-01
-7.772234827535995372e-01
-8.124374916809471436e-01
-8.174680643848541983e-01
-8.375903552004810848e-01
-7.067954648989047683e-01
-7.772234827535995372e-01
1.687757142160729806e+00
-8.023763462731334783e-01
1.687757142160729806e+00
-8.124374916809471436e-01
-1.255127889624745086e+00
-8.828655095356423566e-01
-7.218871830106250442e-01
-8.677737914239220807e-01
-8.828655095356423566e-01
-1.240036171513024810e+00
-9.130489457590833524e-01
-8.174680643848541983e-01
-1.255127889624745086e+00
-8.426209279043881395e-01
-8.426209279043881395e-01
-1.270219607736465584e+00
-7.621317646418792613e-01
1.607267978898220484e+00
-8.023763462731334783e-01
-8.577126460161084154e-01
1.788368596238865571e+00
1.828613177870120232e+00
1.707879432976357137e+00
1.758185160015425019e+00
-9.784463909098715106e-01
-9.633546727981512348e-01
1.808490887054492902e+00
-9.331712365747102389e-01
-9.432323819825239042e-01
-9.382018092786172936e-01
1.758185160015425019e+00
-9.784463909098715106e-01
-9.985686817254988412e-01
-9.834769636137781212e-01
1.717940578384170358e+00
-9.583241000942441801e-01
-9.432323819825239042e-01
-9.482629546864305148e-01
-9.281406638708036283e-01
-9.231100911668965736e-01
1.838674323277933453e+00
-9.532935273903375695e-01
-9.231100911668965736e-01
-9.382018092786172936e-01
-9.482629546864305148e-01
-9.683852455020578454e-01
1.753154587311517965e+00
-9.130489457590833524e-01
1.697818287568543028e+00
1.818552032462306123e+00
1.652543133233382200e+00
-8.778349368317357460e-01
1.722971151088077413e+00
1.652543133233382200e+00
1.602237406194314318e+00
-1.013660399837219117e+00
1.717940578384170358e+00
1.697818287568543028e+00
1.692787714864635973e+00
-8.325597824965744742e-01
-9.532935273903375695e-01
-9.985686817254988412e-01
-9.532935273903375695e-01
1.717940578384170358e+00
1.768246305423238240e+00
1.622359697009941648e+00
1.743093441903704743e+00
1.763215732719331186e+00
-9.482629546864305148e-01
1.456350797781016837e+00
-9.382018092786172936e-01
1.682726569456822752e+00
1.687757142160729806e+00
-1.104210708507541217e+00
1.768246305423238240e+00
1.647512560529475145e+00
-8.275292097926678636e-01
-9.482629546864305148e-01
1.763215732719331186e+00
-8.426209279043881395e-01
-1.013660399837219117e+00
-1.144455290138795656e+00
-9.382018092786172936e-01
1.843704895981840508e+00
1.813521459758399068e+00
9.985686817254988412e-01
1.526778815635712050e+00
-9.231100911668965736e-01
-1.018690972541125728e+00
1.888980050317001336e+00
-1.018690972541125728e+00
1.899041195724814557e+00
-9.382018092786172936e-01
1.758185160015425019e+00
-9.029878003512696871e-01
-9.683852455020578454e-01
-7.772234827535995372e-01
-1.003599254429405452e+00
1.617329124306034593e+00
1.959408068171696549e+00
1.697818287568543028e+00
1.612298551602127539e+00
1.290341898552092914e+00
-1.109241281211448271e+00
1.848735468685746675e+00
1.833643750574026399e+00
-9.029878003512696871e-01
-5.860617200051416731e-01
-9.683852455020578454e-01
-9.583241000942441801e-01
