-2.331670448260799056e+00
-2.316578730149078780e+00
-2.346762166372519332e+00
-2.336701020964706110e+00
-2.356823311780333441e+00
-2.346762166372519332e+00
-2.331670448260799056e+00
-2.356823311780333441e+00
-2.321609302852985834e+00
-2.311548157445172169e+00
-2.331670448260799056e+00
-2.351792739076426386e+00
-2.326639875556892445e+00
-2.351792739076426386e+00
-2.326639875556892445e+00
-2.326639875556892445e+00
-2.351792739076426386e+00
-2.311548157445172169e+00
-2.356823311780333441e+00
-2.351792739076426386e+00
-2.346762166372519332e+00
-2.326639875556892445e+00
-2.331670448260799056e+00
-2.341731593668612721e+00
-2.326639875556892445e+00
-2.311548157445172169e+00
-2.326639875556892445e+00
-2.316578730149078780e+00
-2.321609302852985834e+00
-2.336701020964706110e+00
-2.397067893411587658e+00
-2.392037320707680603e+00
-2.392037320707680603e+00
-2.392037320707680603e+00
-2.392037320707680603e+00
-2.397067893411587658e+00
-2.392037320707680603e+00
-2.397067893411587658e+00
-2.392037320707680603e+00
-2.392037320707680603e+00
-2.392037320707680603e+00
-2.392037320707680603e+00
-2.392037320707680603e+00
-2.392037320707680603e+00
-2.392037320707680603e+00
-2.392037320707680603e+00
-2.392037320707680603e+00
-2.397067893411587658e+00
-2.392037320707680603e+00
-2.387006748003773993e+00
-2.392037320707680603e+00
-2.392037320707680603e+00
-2.392037320707680603e+00
-2.392037320707680603e+00
-2.392037320707680603e+00
-2.392037320707680603e+00
-2.387006748003773993e+00
-2.392037320707680603e+00
-2.387006748003773993e+00
-2.392037320707680603e+00
-2.432281902338934820e+00
-2.427251329635028210e+00
-2.432281902338934820e+00
-2.427251329635028210e+00
-2.432281902338934820e+00
-2.427251329635028210e+00
-2.442343047746748930e+00
-2.407129038819401323e+00
-2.432281902338934820e+00
-2.432281902338934820e+00
-2.432281902338934820e+00
-2.422220756931121599e+00
-2.437312475042841875e+00
-2.427251329635028210e+00
-2.437312475042841875e+00
-2.427251329635028210e+00
-2.427251329635028210e+00
-2.427251329635028210e+00
-2.417190184227214544e+00
-2.427251329635028210e+00
-2.427251329635028210e+00
-2.432281902338934820e+00
-2.427251329635028210e+00
-2.442343047746748930e+00
-2.432281902338934820e+00
-2.427251329635028210e+00
-2.437312475042841875e+00
-2.417190184227214544e+00
-2.412159611523307934e+00
-2.437312475042841875e+00
-2.387006748003773993e+00
-2.392037320707680603e+00
-2.402098466115494269e+00
-2.412159611523307934e+00
-2.387006748003773993e+00
-2.407129038819401323e+00
-2.392037320707680603e+00
-2.407129038819401323e+00
-2.407129038819401323e+00
-2.392037320707680603e+00
-2.402098466115494269e+00
-2.397067893411587658e+00
-2.417190184227214544e+00
-2.392037320707680603e+00
-2.412159611523307934e+00
-2.392037320707680603e+00
-2.402098466115494269e+00
-2.392037320707680603e+00
-2.402098466115494269e+00
-2.402098466115494269e+00
-2.387006748003773993e+00
-2.407129038819401323e+00
-2.392037320707680603e+00
-2.397067893411587658e+00
-2.397067893411587658e+00
-2.392037320707680603e+00
-2.407129038819401323e+00
-2.412159611523307934e+00
-2.407129038819401323e+00
-2.392037320707680603e+00
-2.392037320707680603e+00
-2.432281902338934820e+00
-2.356823311780333441e+00
-2.407129038819401323e+00
-2.387006748003773993e+00
-2.397067893411587658e+00
-2.392037320707680603e+00
-2.392037320707680603e+00
-2.371915029892053717e+00
-2.392037320707680603e+00
-2.397067893411587658e+00
-2.392037320707680603e+00
-2.392037320707680603e+00
-2.407129038819401323e+00
-2.387006748003773993e+00
-2.387006748003773993e+00
-2.392037320707680603e+00
-2.366884457188146662e+00
-2.381976175299866938e+00
-2.407129038819401323e+00
-2.376945602595960327e+00
-2.387006748003773993e+00
-2.387006748003773993e+00
-2.381976175299866938e+00
-2.381976175299866938e+00
-2.387006748003773993e+00
-2.392037320707680603e+00
-2.387006748003773993e+00
-2.402098466115494269e+00
-2.392037320707680603e+00
-2.492648774785816812e+00
-2.492648774785816812e+00
-2.487618202081909757e+00
-2.497679347489723423e+00
-2.492648774785816812e+00
-2.477557056674096092e+00
-2.497679347489723423e+00
-2.492648774785816812e+00
-2.492648774785816812e+00
-2.492648774785816812e+00
-2.482587629378003147e+00
-2.492648774785816812e+00
-2.487618202081909757e+00
-2.492648774785816812e+00
-2.492648774785816812e+00
-2.492648774785816812e+00
-2.482587629378003147e+00
-2.492648774785816812e+00
-2.487618202081909757e+00
-2.497679347489723423e+00
-2.487618202081909757e+00
-2.492648774785816812e+00
-2.482587629378003147e+00
-2.487618202081909757e+00
-2.497679347489723423e+00
-2.492648774785816812e+00
-2.487618202081909757e+00
-2.492648774785816812e+00
-2.492648774785816812e+00
-2.492648774785816812e+00
-2.427251329635028210e+00
-2.432281902338934820e+00
-2.427251329635028210e+00
-2.437312475042841875e+00
-2.437312475042841875e+00
-2.442343047746748930e+00
-2.432281902338934820e+00
-2.432281902338934820e+00
-2.427251329635028210e+00
-2.432281902338934820e+00
-2.442343047746748930e+00
-2.432281902338934820e+00
-2.432281902338934820e+00
-2.437312475042841875e+00
-2.437312475042841875e+00
-2.432281902338934820e+00
-2.432281902338934820e+00
-2.432281902338934820e+00
-2.432281902338934820e+00
-2.442343047746748930e+00
-2.432281902338934820e+00
-2.422220756931121599e+00
-2.432281902338934820e+00
-2.427251329635028210e+00
-2.432281902338934820e+00
-2.432281902338934820e+00
-2.427251329635028210e+00
-2.427251329635028210e+00
-2.437312475042841875e+00
-2.422220756931121599e+00
-2.351792739076426386e+00
-2.341731593668612721e+00
-2.351792739076426386e+00
-2.356823311780333441e+00
-2.346762166372519332e+00
-2.361853884484240051e+00
-2.336701020964706110e+00
-2.341731593668612721e+00
-2.351792739076426386e+00
-2.341731593668612721e+00
-2.361853884484240051e+00
-2.336701020964706110e+00
-2.361853884484240051e+00
-2.336701020964706110e+00
-2.341731593668612721e+00
-2.341731593668612721e+00
-2.351792739076426386e+00
-2.346762166372519332e+00
-2.351792739076426386e+00
-2.371915029892053717e+00
-2.341731593668612721e+00
-2.366884457188146662e+00
-2.341731593668612721e+00
-2.341731593668612721e+00
-2.366884457188146662e+00
-2.341731593668612721e+00
-2.351792739076426386e+00
-2.346762166372519332e+00
-2.361853884484240051e+00
-2.351792739076426386e+00
-2.331670448260799056e+00
-2.341731593668612721e+00
-2.321609302852985834e+00
-2.326639875556892445e+00
-2.331670448260799056e+00
-2.331670448260799056e+00
-2.321609302852985834e+00
-2.331670448260799056e+00
-2.341731593668612721e+00
-2.326639875556892445e+00
-2.326639875556892445e+00
-2.336701020964706110e+00
-2.336701020964706110e+00
-2.326639875556892445e+00
-2.341731593668612721e+00
-2.331670448260799056e+00
-2.321609302852985834e+00
-2.336701020964706110e+00
-2.326639875556892445e+00
-2.336701020964706110e+00
-2.326639875556892445e+00
-2.326639875556892445e+00
-2.331670448260799056e+00
-2.326639875556892445e+00
-2.336701020964706110e+00
-2.341731593668612721e+00
-2.326639875556892445e+00
-2.336701020964706110e+00
-2.326639875556892445e+00
-2.331670448260799056e+00
-2.376945602595960327e+00
-2.326639875556892445e+00
-2.346762166372519332e+00
-2.387006748003773993e+00
-2.326639875556892445e+00
-2.381976175299866938e+00
-2.381976175299866938e+00
-2.341731593668612721e+00
-2.361853884484240051e+00
-2.371915029892053717e+00
-2.376945602595960327e+00
-2.381976175299866938e+00
-2.321609302852985834e+00
-2.341731593668612721e+00
-2.336701020964706110e+00
-2.336701020964706110e+00
-2.371915029892053717e+00
-2.387006748003773993e+00
-2.261242430406103843e+00
-2.251181284998290622e+00
-2.316578730149078780e+00
-2.387006748003773993e+00
-2.392037320707680603e+00
-2.326639875556892445e+00
-2.387006748003773993e+00
-2.301487012037358504e+00
-2.381976175299866938e+00
-2.246150712294383567e+00
-2.336701020964706110e+00
-2.356823311780333441e+00
-2.321609302852985834e+00
-2.271303575813917508e+00
-2.316578730149078780e+00
-2.271303575813917508e+00
-2.271303575813917508e+00
-2.276334148517824563e+00
-2.271303575813917508e+00
-2.271303575813917508e+00
-2.271303575813917508e+00
-2.326639875556892445e+00
-2.266273003110010897e+00
-2.311548157445172169e+00
-2.266273003110010897e+00
-2.266273003110010897e+00
-2.316578730149078780e+00
-2.266273003110010897e+00
-2.316578730149078780e+00
-2.266273003110010897e+00
-2.276334148517824563e+00
-2.311548157445172169e+00
-2.266273003110010897e+00
-2.271303575813917508e+00
-2.331670448260799056e+00
-2.266273003110010897e+00
-2.271303575813917508e+00
-2.316578730149078780e+00
-2.276334148517824563e+00
-2.321609302852985834e+00
-2.281364721221731173e+00
-2.326639875556892445e+00
-2.356823311780333441e+00
-2.376945602595960327e+00
-2.361853884484240051e+00
-2.361853884484240051e+00
-2.361853884484240051e+00
-2.361853884484240051e+00
-2.366884457188146662e+00
-2.356823311780333441e+00
-2.371915029892053717e+00
-2.361853884484240051e+00
-2.361853884484240051e+00
-2.356823311780333441e+00
-2.351792739076426386e+00
-2.356823311780333441e+00
-2.387006748003773993e+00
-2.361853884484240051e+00
-2.371915029892053717e+00
-2.366884457188146662e+00
-2.356823311780333441e+00
-2.376945602595960327e+00
-2.356823311780333441e+00
-2.371915029892053717e+00
-2.376945602595960327e+00
-2.356823311780333441e+00
-2.366884457188146662e+00
-2.381976175299866938e+00
-2.356823311780333441e+00
-2.381976175299866938e+00
-2.361853884484240051e+00
-2.361853884484240051e+00
-2.442343047746748930e+00
-2.457434765858469206e+00
-2.452404193154562151e+00
-2.467495911266282427e+00
-2.462465338562375816e+00
-2.457434765858469206e+00
-2.467495911266282427e+00
-2.457434765858469206e+00
-2.462465338562375816e+00
-2.457434765858469206e+00
-2.457434765858469206e+00
-2.462465338562375816e+00
-2.462465338562375816e+00
-2.432281902338934820e+00
-2.462465338562375816e+00
-2.447373620450655540e+00
-2.457434765858469206e+00
-2.457434765858469206e+00
-2.457434765858469206e+00
-2.467495911266282427e+00
-2.442343047746748930e+00
-2.452404193154562151e+00
-2.457434765858469206e+00
-2.462465338562375816e+00
-2.462465338562375816e+00
-2.447373620450655540e+00
-2.427251329635028210e+00
-2.457434765858469206e+00
-2.462465338562375816e+00
-2.462465338562375816e+00
-2.392037320707680603e+00
-2.371915029892053717e+00
-2.376945602595960327e+00
-2.397067893411587658e+00
-2.331670448260799056e+00
-2.392037320707680603e+00
-2.392037320707680603e+00
-2.397067893411587658e+00
-2.376945602595960327e+00
-2.331670448260799056e+00
-2.392037320707680603e+00
-2.376945602595960327e+00
-2.397067893411587658e+00
-2.392037320707680603e+00
-2.346762166372519332e+00
-2.371915029892053717e+00
-2.387006748003773993e+00
-2.381976175299866938e+00
-2.392037320707680603e+00
-2.387006748003773993e+00
-2.397067893411587658e+00
-2.381976175299866938e+00
-2.356823311780333441e+00
-2.371915029892053717e+00
-2.387006748003773993e+00
-2.371915029892053717e+00
-2.356823311780333441e+00
-2.392037320707680603e+00
-2.392037320707680603e+00
-2.371915029892053717e+00
-2.457434765858469206e+00
-2.452404193154562151e+00
-2.447373620450655540e+00
-2.457434765858469206e+00
-2.452404193154562151e+00
-2.442343047746748930e+00
-2.452404193154562151e+00
-2.467495911266282427e+00
-2.407129038819401323e+00
-2.447373620450655540e+00
-2.462465338562375816e+00
-2.447373620450655540e+00
-2.452404193154562151e+00
-2.452404193154562151e+00
-2.447373620450655540e+00
-2.447373620450655540e+00
-2.437312475042841875e+00
-2.442343047746748930e+00
-2.447373620450655540e+00
-2.457434765858469206e+00
-2.452404193154562151e+00
-2.462465338562375816e+00
-2.452404193154562151e+00
-2.457434765858469206e+00
-2.462465338562375816e+00
-2.457434765858469206e+00
-2.442343047746748930e+00
-2.452404193154562151e+00
-2.447373620450655540e+00
-2.442343047746748930e+00
