7.4405e-01
6.4804e-01
7.7719e-01
9.2775e-01
6.3895e-01
9.6517e-01
9.7411e-01
6.6034e-01
6.6762e-01
9.6923e-01
7.2574e-01
9.5994e-01
9.5108e-01
9.6665e-01
7.6913e-01
7.6699e-01
7.9384e-01
6.4403e-01
6.8379e-01
7.3567e-01
6.6211e-01
7.9139e-01
8.1837e-01
7.6225e-01
7.7533e-01
6.2796e-01
9.6506e-01
8.8667e-01
7.8060e-01
6.2874e-01
8.7687e-01
7.8343e-01
6.3352e-01
7.2998e-01
7.0239e-01
9.3547e-01
8.6263e-01
6.1263e-01
8.5888e-01
7.2551e-01
7.6150e-01
6.4864e-01
6.1209e-01
6.2700e-01
7.9210e-01
9.7158e-01
6.6735e-01
8.4444e-01
6.3172e-01
7.1050e-01
7.6605e-01
7.0261e-01
6.9574e-01
7.4282e-01
9.7864e-01
9.0427e-01
6.8723e-01
9.4685e-01
8.2138e-01
7.8351e-01
9.3532e-01
6.3016e-01
8.3098e-01
7.6737e-01
6.9141e-01
8.3026e-01
8.1733e-01
7.3082e-01
7.0217e-01
9.7063e-01
8.5555e-01
6.3361e-01
6.8421e-01
6.7674e-01
8.5397e-01
7.7383e-01
6.1651e-01
8.9052e-01
8.4297e-01
7.8433e-01
9.4451e-01
9.7523e-01
7.4535e-01
8.0079e-01
9.5738e-01
9.7934e-01
8.4224e-01
6.5897e-01
8.7353e-01
8.7340e-01
7.2150e-01
6.9219e-01
8.5727e-01
7.2474e-01
9.5798e-01
8.9807e-01
6.0973e-01
7.9265e-01
6.0742e-01
8.9091e-01
6.6500e-01
8.5854e-01
7.2715e-01
9.5486e-01
7.7171e-01
8.9172e-01
6.7820e-01
7.0614e-01
7.3074e-01
6.0215e-01
7.2048e-01
9.1764e-01
9.8164e-01
8.8536e-01
6.5640e-01
8.7350e-01
7.6167e-01
9.3365e-01
6.2833e-01
9.2485e-01
7.3070e-01
7.1107e-01
9.5822e-01
6.3345e-01
9.7724e-01
6.6188e-01
6.6151e-01
9.5373e-01
9.5544e-01
8.2136e-01
9.6114e-01
8.9159e-01
8.3553e-01
8.1670e-01
6.6751e-01
8.0462e-01
6.5245e-01
9.9603e-01
7.1352e-01
7.0720e-01
8.5164e-01
8.8925e-01
6.5362e-01
7.3157e-01
8.6982e-01
8.8982e-01
9.6998e-01
6.2093e-01
7.8781e-01
6.2982e-01
8.3556e-01
8.6300e-01
6.7469e-01
7.8618e-01
9.7723e-01
6.9666e-01
7.0540e-01
7.4624e-01
6.0037e-01
6.0367e-01
6.9608e-01
8.3537e-01
9.6049e-01
7.2638e-01
7.3182e-01
9.1309e-01
9.0627e-01
6.0930e-01
6.8066e-01
8.7806e-01
8.4375e-01
6.1506e-01
6.9164e-01
8.3605e-01
7.9899e-01
7.0772e-01
6.8594e-01
7.3353e-01
6.6341e-01
8.7705e-01
9.3095e-01
6.9084e-01
9.2785e-01
6.6030e-01
7.4232e-01
7.4959e-01
7.6256e-01
7.8599e-01
8.1648e-01
8.2048e-01
6.2265e-01
6.9056e-01
7.2209e-01
8.6614e-01
9.6171e-01
8.1913e-01
9.4211e-01
6.8962e-01
8.1788e-01
9.9214e-01
7.5855e-01
7.6627e-01
6.8376e-01
8.0003e-01
7.6789e-01
8.9096e-01
9.6060e-01
7.8979e-01
8.1793e-01
8.0016e-01
7.5612e-01
9.5214e-01
8.2897e-01
7.3399e-01
8.8630e-01
6.4090e-01
8.5466e-01
7.6775e-01
8.5792e-01
6.8881e-01
9.7323e-01
7.8476e-01
9.1562e-01
9.9203e-01
6.6343e-01
7.9093e-01
9.4236e-01
6.6957e-01
7.8367e-01
9.6440e-01
9.4575e-01
7.6093e-01
6.9719e-01
9.9637e-01
6.1883e-01
9.1540e-01
7.6602e-01
6.9353e-01
9.4984e-01
8.9347e-01
6.6938e-01
7.4010e-01
6.8072e-01
6.6026e-01
8.6426e-01
8.3581e-01
6.6489e-01
7.5111e-01
8.9594e-01
6.9385e-01
9.0995e-01
9.2827e-01
6.1311e-01
6.3319e-01
6.7694e-01
8.2803e-01
6.3306e-01
9.0972e-01
8.6692e-01
7.5935e-01
6.8984e-01
7.4398e-01
7.7450e-01
9.4536e-01
6.7667e-01
6.8801e-01
8.4848e-01
6.5785e-01
9.3004e-01
9.4603e-01
8.0065e-01
8.6687e-01
8.8350e-01
9.8376e-01
8.6809e-01
8.4651e-01
8.2687e-01
6.9352e-01
9.2928e-01
8.5923e-01
9.1738e-01
7.7363e-01
9.8009e-01
7.1685e-01
7.5781e-01
6.1174e-01
8.8981e-01
6.8528e-01
9.6630e-01
8.5903e-01
9.2548e-01
8.0739e-01
8.8132e-01
8.5990e-01
7.9030e-01
8.9034e-01
9.2096e-01
7.6123e-01
6.7444e-01
8.3247e-01
9.5476e-01
8.3849e-01
6.4687e-01
7.1157e-01
6.6828e-01
8.3605e-01
7.1550e-01
6.6277e-01
9.1820e-01
8.5343e-01
7.9340e-01
8.1594e-01
9.5452e-01
8.9887e-01
7.4691e-01
8.9530e-01
7.7044e-01
9.8809e-01
6.4956e-01
8.7300e-01
9.9195e-01
8.2905e-01
6.1391e-01
9.8754e-01
9.1378e-01
7.8036e-01
8.3676e-01
7.2778e-01
9.2541e-01
6.4895e-01
8.6222e-01
6.5296e-01
7.3259e-01
6.9914e-01
8.0027e-01
6.4699e-01
8.4369e-01
6.7255e-01
7.6793e-01
8.6242e-01
9.2396e-01
6.8351e-01
8.8754e-01
6.2502e-01
8.9770e-01
8.6851e-01
7.1606e-01
7.4371e-01
7.8304e-01
8.4731e-01
6.8586e-01
7.9286e-01
6.5231e-01
8.2828e-01
6.3818e-01
8.5429e-01
8.8756e-01
8.8315e-01
8.6573e-01
7.4477e-01
8.2955e-01
9.0995e-01
8.3690e-01
9.1381e-01
6.1773e-01
9.5525e-01
9.5425e-01
8.7111e-01
7.3724e-01
8.3895e-01
7.1100e-01
7.4168e-01
9.2071e-01
7.0528e-01
8.0263e-01
9.4799e-01
7.8024e-01
8.2527e-01
9.6527e-01
9.1593e-01
6.7431e-01
9.5892e-01
8.5570e-01
7.0644e-01
7.1669e-01
8.9356e-01
9.8697e-01
8.2248e-01
9.2819e-01
7.7638e-01
9.2717e-01
7.7744e-01
8.0662e-01
8.9148e-01
6.2933e-01
8.8567e-01
7.5491e-01
6.1607e-01
7.4339e-01
8.3979e-01
8.4797e-01
7.5305e-01
9.7109e-01
7.4828e-01
9.9664e-01
9.5003e-01
8.1256e-01
8.9976e-01
9.5928e-01
6.6380e-01
8.9554e-01
8.6491e-01
9.1072e-01
7.8572e-01
8.9050e-01
9.3414e-01
6.8911e-01
9.3077e-01
9.8851e-01
6.6907e-01
8.6207e-01
7.1756e-01
8.3101e-01
8.0781e-01
8.0106e-01
6.3511e-01
7.1962e-01
9.3566e-01
8.4684e-01
6.3918e-01
9.0295e-01
8.5266e-01
8.6160e-01
6.5792e-01
9.7989e-01
6.6794e-01
7.8669e-01
7.6691e-01
7.7493e-01
6.5232e-01
8.9658e-01
9.7318e-01
8.8243e-01
6.7270e-01
8.9757e-01
9.7535e-01
8.2500e-01
6.7254e-01
6.9976e-01
7.3158e-01
9.0642e-01
8.8335e-01
9.0993e-01
7.9671e-01
7.7164e-01
9.4633e-01
6.8323e-01
7.7676e-01
6.8432e-01
8.2601e-01
7.8299e-01
8.2483e-01
6.3003e-01
7.4840e-01
6.7452e-01
7.4362e-01
7.4635e-01
6.1741e-01
7.2685e-01
6.6496e-01
9.1179e-01
6.7090e-01
6.6651e-01
8.9366e-01
7.8604e-01
8.7626e-01
7.0120e-01
7.3814e-01
9.8959e-01
8.5889e-01
6.0461e-01
7.1639e-01
7.6599e-01
7.1822e-01
8.9713e-01
8.1695e-01
7.5025e-01
7.5979e-01
8.6208e-01
6.9197e-01
8.7995e-01
7.0512e-01
9.2357e-01
7.7491e-01
7.4311e-01
7.1113e-01
6.5432e-01
6.8101e-01
9.3718e-01
9.2670e-01
6.3185e-01
6.1720e-01
6.1453e-01
8.9222e-01
8.7730e-01
8.3581e-01
6.9435e-01
8.9760e-01
7.1418e-01
7.8319e-01
8.9322e-01
9.4834e-01
6.5442e-01
9.8916e-01
7.5797e-01
9.0601e-01
6.0674e-01
6.0188e-01
8.2248e-01
9.1133e-01
9.9422e-01
7.7572e-01
9.5206e-01
6.2393e-01
9.6971e-01
9.9106e-01
6.9141e-01
9.0584e-01
9.6170e-01
8.5663e-01
6.7183e-01
8.9148e-01
9.5507e-01
9.2528e-01
7.1349e-01
7.0515e-01
9.4010e-01
6.8348e-01
6.2265e-01
6.4518e-01
9.8203e-01
8.5275e-01
7.0400e-01
8.2771e-01
6.1353e-01
9.6196e-01
7.4063e-01
9.1720e-01
9.9819e-01
9.8502e-01
7.3851e-01
8.8147e-01
7.6826e-01
7.6331e-01
9.1240e-01
6.0321e-01
7.7114e-01
8.9611e-01
7.3067e-01
6.1376e-01
8.3667e-01
6.9509e-01
7.0723e-01
7.9684e-01
8.5266e-01
6.7997e-01
6.5942e-01
6.3966e-01
6.7918e-01
8.5626e-01
8.1016e-01
8.8134e-01
7.5047e-01
7.7752e-01
6.2312e-01
7.4433e-01
9.0237e-01
7.5154e-01
8.1432e-01
9.4686e-01
6.6465e-01
9.4870e-01
6.7909e-01
8.5821e-01
8.9347e-01
8.9636e-01
8.2920e-01
9.1673e-01
9.3854e-01
8.9083e-01
9.0795e-01
8.5172e-01
8.7767e-01
9.3786e-01
9.0056e-01
8.5927e-01
6.3086e-01
8.1176e-01
8.7508e-01
6.6358e-01
7.0322e-01
7.4806e-01
6.3839e-01
6.3512e-01
9.0534e-01
7.3491e-01
9.7623e-01
7.9040e-01
9.8164e-01
9.8001e-01
7.1130e-01
7.5934e-01
7.0665e-01
7.6313e-01
8.1720e-01
7.7752e-01
6.5791e-01
7.9922e-01
9.6702e-01
9.0340e-01
7.1810e-01
6.1367e-01
6.2271e-01
9.7319e-01
7.6356e-01
9.7437e-01
7.2816e-01
6.1096e-01
9.2543e-01
7.1565e-01
6.2438e-01
7.0679e-01
8.8155e-01
8.5909e-01
8.0074e-01
9.8185e-01
7.7463e-01
7.8700e-01
8.9309e-01
8.8187e-01
7.1433e-01
8.8842e-01
9.4283e-01
6.7738e-01
9.7186e-01
8.6645e-01
8.9931e-01
8.2995e-01
8.6287e-01
8.7582e-01
7.0496e-01
8.0229e-01
9.7979e-01
6.2218e-01
6.6456e-01
8.2005e-01
6.7646e-01
6.5731e-01
9.8410e-01
6.3809e-01
6.5780e-01
8.2943e-01
6.4913e-01
6.1850e-01
8.8541e-01
7.9019e-01
7.3259e-01
7.9254e-01
6.2365e-01
9.4482e-01
6.6976e-01
6.1986e-01
8.0521e-01
9.1274e-01
9.9440e-01
9.8370e-01
7.0038e-01
9.4974e-01
9.1491e-01
8.2658e-01
8.0384e-01
6.0301e-01
9.1344e-01
6.4347e-01
6.1834e-01
9.5249e-01
9.7793e-01
6.2022e-01
9.2901e-01
7.4123e-01
6.3740e-01
7.0451e-01
7.4411e-01
8.2161e-01
8.5031e-01
7.7553e-01
7.4418e-01
6.3758e-01
7.3194e-01
7.6933e-01
8.6334e-01
7.3756e-01
9.9203e-01
9.3542e-01
8.7755e-01
9.2081e-01
9.5304e-01
8.2457e-01
6.3314e-01
8.8956e-01
6.3712e-01
6.7416e-01
8.9870e-01
8.8921e-01
6.6982e-01
6.7200e-01
8.1846e-01
8.0428e-01
9.9415e-01
9.5436e-01
6.0603e-01
6.7896e-01
9.5581e-01
7.1896e-01
9.6016e-01
7.1892e-01
8.2696e-01
7.3410e-01
7.9233e-01
6.3715e-01
7.2865e-01
8.5429e-01
7.7416e-01
6.2114e-01
7.7244e-01
8.5930e-01
8.9196e-01
9.9335e-01
6.2268e-01
8.9217e-01
6.4606e-01
6.5367e-01
8.2345e-01
6.7474e-01
6.8643e-01
9.5003e-01
6.2695e-01
7.9837e-01
6.0397e-01
7.2540e-01
7.0855e-01
6.0739e-01
9.3650e-01
6.9629e-01
9.4176e-01
7.6661e-01
6.2985e-01
6.0057e-01
9.0094e-01
7.7164e-01
9.9361e-01
8.1565e-01
7.1282e-01
6.8114e-01
9.8097e-01
7.0286e-01
7.1544e-01
6.7478e-01
6.0017e-01
6.3510e-01
9.7572e-01
8.0360e-01
8.8226e-01
6.1668e-01
9.3768e-01
8.9579e-01
9.9923e-01
7.7735e-01
9.7557e-01
8.5657e-01
9.0251e-01
9.4199e-01
7.0430e-01
6.2006e-01
6.6204e-01
9.2823e-01
6.4573e-01
6.7133e-01
6.0340e-01
7.3055e-01
9.5961e-01
6.0980e-01
6.7886e-01
8.3306e-01
7.6167e-01
7.7189e-01
6.8885e-01
9.6573e-01
7.0318e-01
6.9260e-01
7.8566e-01
6.2160e-01
9.0325e-01
8.1119e-01
9.2521e-01
7.8534e-01
8.6052e-01
6.7499e-01
8.1565e-01
8.5456e-01
9.6228e-01
6.1654e-01
7.9832e-01
8.0958e-01
7.8061e-01
8.9533e-01
9.7088e-01
9.2066e-01
6.9871e-01
7.7308e-01
8.8141e-01
8.1105e-01
6.0420e-01
9.4775e-01
7.7215e-01
7.3773e-01
6.4915e-01
6.4512e-01
7.7161e-01
9.1411e-01
8.8016e-01
7.4682e-01
8.2451e-01
8.3061e-01
7.6856e-01
8.4407e-01
6.1528e-01
9.8367e-01
8.1125e-01
6.0506e-01
7.2413e-01
9.7394e-01
6.3285e-01
8.4300e-01
9.6971e-01
9.4050e-01
6.9787e-01
7.0039e-01
9.3687e-01
6.9403e-01
7.0911e-01
9.5400e-01
7.4398e-01
8.5554e-01
7.0507e-01
7.2746e-01
8.8615e-01
8.1637e-01
9.9361e-01
8.4743e-01
7.4230e-01
7.0655e-01
8.1862e-01
8.0730e-01
6.1043e-01
9.4713e-01
9.6292e-01
7.7397e-01
8.6827e-01
6.1154e-01
7.1289e-01
7.0287e-01
8.7586e-01
8.8994e-01
6.5142e-01
7.9348e-01
6.5164e-01
8.9474e-01
8.2307e-01
6.5234e-01
9.0626e-01
6.2825e-01
9.0676e-01
8.1507e-01
9.8696e-01
8.7542e-01
9.4852e-01
9.2343e-01
7.6989e-01
7.6018e-01
9.6273e-01
6.6141e-01
6.6711e-01
9.4300e-01
9.8683e-01
7.6670e-01
7.7245e-01
6.5535e-01
7.6301e-01
6.2285e-01
7.2914e-01
7.6724e-01
9.9707e-01
8.9263e-01
6.4004e-01
9.0257e-01
8.1554e-01
7.5631e-01
9.1198e-01
9.4924e-01
6.2115e-01
8.1453e-01
9.8802e-01
8.8667e-01
9.6849e-01
6.3248e-01
7.8583e-01
7.7766e-01
9.1842e-01
7.0158e-01
9.3179e-01
9.5553e-01
6.5089e-01
6.9327e-01
9.9246e-01
9.5561e-01
8.1621e-01
8.2937e-01
8.2000e-01
7.4710e-01
6.4831e-01
6.8246e-01
7.8001e-01
8.7933e-01
9.0300e-01
9.8361e-01
7.6648e-01
9.5704e-01
7.4771e-01
8.9548e-01
8.8415e-01
8.0526e-01
6.9947e-01
9.6524e-01
9.2096e-01
6.8532e-01
8.1723e-01
9.8645e-01
9.5468e-01
7.7405e-01
8.8085e-01
6.2363e-01
9.0159e-01
9.1296e-01
9.4414e-01
6.7221e-01
8.2174e-01
8.9203e-01
6.5680e-01
6.3901e-01
6.8347e-01
8.3455e-01
9.3615e-01
9.1116e-01
8.8064e-01
7.1593e-01
6.7068e-01
8.2846e-01
9.0536e-01
6.8908e-01
7.3095e-01
6.4564e-01
9.6554e-01
6.0483e-01
8.9125e-01
7.4422e-01
8.5006e-01
8.3078e-01
8.6989e-01
9.9487e-01
7.9865e-01
6.3398e-01
7.8428e-01
8.3669e-01
7.7054e-01
7.5388e-01
9.4879e-01
9.3004e-01
7.3965e-01
9.1504e-01
8.7467e-01
6.0285e-01
6.9931e-01
8.4514e-01
7.1341e-01
8.3605e-01
6.5658e-01
8.6429e-01
6.3189e-01
9.7823e-01
7.0638e-01
9.2596e-01
8.6742e-01
7.3458e-01
7.0852e-01
7.3936e-01
6.6797e-01
6.1166e-01
6.3143e-01
9.5056e-01
9.3731e-01
7.4533e-01
7.4704e-01
6.4479e-01
8.9488e-01
6.4785e-01
6.7174e-01
9.5901e-01
9.4792e-01
7.5555e-01
8.8904e-01
9.7347e-01
6.9948e-01
7.5847e-01
9.5793e-01
9.1426e-01
8.4853e-01
7.7796e-01
8.4223e-01
7.5794e-01
7.9751e-01
6.0265e-01
8.2084e-01
6.9795e-01
6.7902e-01
7.0147e-01
7.5851e-01
9.4686e-01
7.2548e-01
7.5263e-01
8.9530e-01
6.9837e-01
6.1139e-01
7.5776e-01
7.1425e-01
6.5873e-01
7.4069e-01
9.7597e-01
9.9500e-01
7.1962e-01
8.2249e-01
7.8393e-01
8.4358e-01
7.9489e-01
9.5514e-01
6.2349e-01
7.1061e-01
8.4419e-01
8.6167e-01
8.2497e-01
9.5417e-01
6.2813e-01
6.7981e-01
7.9994e-01
8.4360e-01
8.5216e-01
6.2760e-01
6.5031e-01
8.4045e-01
6.1214e-01
9.2107e-01
9.0383e-01
6.5622e-01
8.9807e-01
7.5085e-01
8.5015e-01
6.5256e-01
8.0043e-01
9.6173e-01
6.1558e-01
6.4441e-01
6.6382e-01
6.4852e-01
9.9068e-01
7.8047e-01
9.6957e-01
6.6484e-01
7.2487e-01
8.7730e-01
8.0935e-01
6.2783e-01
6.3557e-01
6.0419e-01
9.9245e-01
7.1661e-01
6.0422e-01
9.1863e-01
6.4589e-01
7.2584e-01
9.8110e-01
6.5307e-01
9.4319e-01
9.3297e-01
7.7281e-01
9.3687e-01
6.1593e-01
6.2826e-01
6.5148e-01
7.6430e-01
7.9915e-01
8.5553e-01
7.3375e-01
8.7016e-01
6.0414e-01
6.8341e-01
9.9387e-01
7.4494e-01
9.2330e-01
9.6418e-01
8.4376e-01
7.6893e-01
6.2209e-01
8.6439e-01
6.4873e-01
8.9843e-01
6.5708e-01
8.9413e-01
8.2389e-01
8.0013e-01
7.2940e-01
6.0282e-01
8.4833e-01
8.0408e-01
8.5564e-01
7.1771e-01
8.2962e-01
9.6768e-01
8.6220e-01
9.3494e-01
9.0869e-01
7.0480e-01
9.3126e-01
9.7360e-01
8.1229e-01
9.5556e-01
7.4742e-01
8.4158e-01
8.1990e-01
7.0798e-01
8.0886e-01
7.9198e-01
6.5981e-01
6.5512e-01
6.2190e-01
8.2745e-01
7.4937e-01
9.5384e-01
6.2288e-01
9.9526e-01
8.0390e-01
7.4206e-01
9.3786e-01
9.2841e-01
6.1554e-01
6.1162e-01
9.9325e-01
6.1076e-01
8.3894e-01
9.6099e-01
8.2014e-01
6.2985e-01
9.5630e-01
9.3996e-01
7.1941e-01
7.9473e-01
9.5101e-01
9.0985e-01
9.8728e-01
8.0496e-01
9.6591e-01
6.8672e-01
8.3716e-01
9.5808e-01
8.7310e-01
8.6887e-01
6.4207e-01
9.0955e-01
6.1527e-01
8.4862e-01
9.2552e-01
8.6237e-01
8.4954e-01
9.5523e-01
8.3880e-01
6.2540e-01
6.1392e-01
9.0885e-01
8.9036e-01
9.3166e-01
9.1057e-01
6.9491e-01
8.7188e-01
6.7208e-01
8.5917e-01
7.4787e-01
6.0245e-01
6.2988e-01
9.0965e-01
6.2916e-01
8.9650e-01
7.0928e-01
6.9733e-01
8.1631e-01
7.8349e-01
8.2637e-01
7.9219e-01
8.7272e-01
8.0779e-01
9.3765e-01
6.5038e-01
8.3829e-01
7.6128e-01
8.7679e-01
6.7652e-01
8.0546e-01
8.1693e-01
8.6241e-01
6.1445e-01
6.9492e-01
6.3286e-01
8.6994e-01
7.1016e-01
7.3143e-01
9.9087e-01
8.7066e-01
7.5600e-01
9.4115e-01
8.8287e-01
6.3151e-01
7.2389e-01
8.0161e-01
9.5442e-01
6.0787e-01
6.1527e-01
8.7047e-01
8.9166e-01
8.6802e-01
6.1165e-01
6.9195e-01
6.9455e-01
7.9918e-01
9.5986e-01
7.6388e-01
9.7715e-01
9.8981e-01
7.2703e-01
8.2682e-01
6.9267e-01
9.3621e-01
9.2530e-01
9.2963e-01
6.5204e-01
6.8309e-01
7.9051e-01
7.8155e-01
7.4152e-01
9.9182e-01
8.5057e-01
9.8064e-01
7.8688e-01
8.0682e-01
8.0968e-01
9.9075e-01
6.8494e-01
7.8666e-01
7.9386e-01
9.5440e-01
9.4100e-01
7.8370e-01
8.8822e-01
7.3586e-01
6.4791e-01
8.1668e-01
7.9787e-01
7.2092e-01
7.2773e-01
7.5651e-01
7.9341e-01
6.8856e-01
6.4201e-01
9.5233e-01
6.7825e-01
8.3069e-01
8.2041e-01
8.2466e-01
7.0873e-01
8.3981e-01
6.8334e-01
7.4683e-01
8.1706e-01
8.1229e-01
8.7086e-01
6.6130e-01
7.0810e-01
8.1036e-01
8.9134e-01
9.6482e-01
9.8755e-01
9.1627e-01
7.4582e-01
7.7868e-01
9.2393e-01
7.9089e-01
8.5283e-01
9.8201e-01
6.5994e-01
9.7789e-01
8.3569e-01
7.0838e-01
7.0648e-01
9.0819e-01
9.2039e-01
6.7878e-01
8.1173e-01
9.2257e-01
6.9104e-01
9.7498e-01
8.2817e-01
8.7487e-01
8.6871e-01
8.8847e-01
9.5772e-01
6.1824e-01
7.3669e-01
8.6641e-01
6.0298e-01
9.3222e-01
7.9436e-01
6.9939e-01
9.8836e-01
6.2682e-01
9.1584e-01
6.6310e-01
6.7747e-01
9.6441e-01
9.8513e-01
8.5033e-01
9.6564e-01
6.8624e-01
6.3898e-01
6.3924e-01
7.9867e-01
8.4095e-01
7.4273e-01
6.9932e-01
8.7702e-01
7.4982e-01
8.8295e-01
9.2969e-01
6.9758e-01
9.3167e-01
9.0361e-01
7.1436e-01
9.0180e-01
8.3295e-01
8.3907e-01
8.5192e-01
7.4625e-01
8.2312e-01
7.8150e-01
7.0869e-01
6.7398e-01
9.0866e-01
8.9505e-01
7.6772e-01
9.0251e-01
9.1127e-01
7.2086e-01
9.6583e-01
9.4427e-01
8.3565e-01
6.4319e-01
7.9300e-01
7.7525e-01
9.4419e-01
8.0634e-01
9.9511e-01
6.2581e-01
7.8051e-01
7.9154e-01
9.3792e-01
8.4363e-01
6.3606e-01
6.8630e-01
9.6150e-01
6.2866e-01
9.5836e-01
8.4456e-01
7.2056e-01
8.4206e-01
6.3110e-01
9.4421e-01
9.7056e-01
6.1327e-01
6.0365e-01
6.8349e-01
9.5795e-01
8.7849e-01
6.8675e-01
8.6987e-01
8.7500e-01
7.2602e-01
7.1766e-01
7.6502e-01
7.1858e-01
9.5853e-01
8.9656e-01
8.2928e-01
7.2868e-01
8.6463e-01
6.0345e-01
9.3558e-01
6.8127e-01
9.5091e-01
9.3845e-01
7.6693e-01
9.9112e-01
9.4526e-01
9.8785e-01
8.1062e-01
6.5320e-01
9.0733e-01
7.9937e-01
7.4137e-01
7.5477e-01
9.8332e-01
6.7249e-01
6.3825e-01
9.3761e-01
9.4091e-01
6.7719e-01
8.1879e-01
9.8423e-01
8.1911e-01
9.6245e-01
9.3634e-01
6.1225e-01
7.2719e-01
6.3397e-01
6.1676e-01
8.3667e-01
7.3581e-01
8.8556e-01
9.1120e-01
9.8139e-01
6.9148e-01
6.4054e-01
9.6640e-01
7.2547e-01
7.1184e-01
7.6000e-01
7.0337e-01
8.5617e-01
7.6907e-01
9.4144e-01
6.0318e-01
6.4673e-01
7.0584e-01
6.0506e-01
6.3514e-01
8.1706e-01
8.7220e-01
6.0689e-01
6.0527e-01
9.7778e-01
9.3764e-01
6.5061e-01
7.5101e-01
6.4593e-01
8.7441e-01
6.7431e-01
7.6334e-01
9.6770e-01
7.7912e-01
7.3773e-01
8.5829e-01
6.7428e-01
7.4812e-01
9.1500e-01
7.3160e-01
7.0710e-01
9.7063e-01
6.2820e-01
6.7558e-01
7.6093e-01
9.8281e-01
8.1910e-01
6.1715e-01
9.2957e-01
8.9767e-01
8.9214e-01
6.0089e-01
9.7593e-01
9.0564e-01
7.7661e-01
9.6766e-01
9.9074e-01
6.8844e-01
6.6308e-01
8.8970e-01
9.1623e-01
7.2063e-01
8.1103e-01
6.0791e-01
8.1946e-01
6.9039e-01
7.6982e-01
7.2781e-01
7.0200e-01
8.5389e-01
7.7203e-01
8.8420e-01
7.5855e-01
6.3716e-01
9.5100e-01
8.7771e-01
9.2821e-01
9.0346e-01
6.7916e-01
6.1727e-01
7.8730e-01
7.3701e-01
6.9176e-01
9.8226e-01
9.0817e-01
9.8640e-01
8.2886e-01
6.3945e-01
7.7284e-01
7.8582e-01
6.5800e-01
6.3352e-01
8.8909e-01
9.6334e-01
9.9801e-01
9.7876e-01
7.8910e-01
9.4407e-01
7.4472e-01
6.9214e-01
7.7548e-01
8.7933e-01
6.6130e-01
9.0162e-01
8.8197e-01
7.5259e-01
8.2312e-01
7.4687e-01
7.4430e-01
8.9854e-01
7.0688e-01
6.5555e-01
8.5740e-01
6.3170e-01
8.2463e-01
8.6255e-01
8.3054e-01
8.6714e-01
8.0381e-01
8.4831e-01
7.2989e-01
6.6331e-01
8.5471e-01
9.8577e-01
6.2208e-01
9.7903e-01
8.7359e-01
8.2644e-01
7.7395e-01
9.1005e-01
7.5194e-01
7.5739e-01
6.2356e-01
9.1908e-01
9.1940e-01
6.4803e-01
9.5220e-01
8.5636e-01
9.0355e-01
7.5109e-01
8.4601e-01
9.8648e-01
9.1080e-01
9.7138e-01
8.9450e-01
8.8926e-01
6.6200e-01
9.6721e-01
6.9234e-01
9.4026e-01
7.9492e-01
9.3990e-01
7.3149e-01
8.5569e-01
7.4646e-01
8.3901e-01
6.5790e-01
7.7440e-01
9.8086e-01
9.5070e-01
7.8621e-01
7.4578e-01
7.5317e-01
8.4946e-01
6.9961e-01
8.3874e-01
6.8348e-01
8.9887e-01
6.3163e-01
9.7461e-01
7.0259e-01
9.9149e-01
7.6324e-01
7.2488e-01
6.0756e-01
8.6836e-01
8.9518e-01
7.0046e-01
8.3255e-01
8.6500e-01
7.1042e-01
9.5329e-01
8.1585e-01
9.6649e-01
8.2829e-01
9.0100e-01
6.7028e-01
8.7411e-01
6.9899e-01
8.3504e-01
9.7907e-01
7.7000e-01
7.3732e-01
8.9152e-01
8.8711e-01
7.0527e-01
6.5459e-01
7.2678e-01
8.9389e-01
7.2278e-01
8.8942e-01
7.1972e-01
7.7158e-01
9.6920e-01
9.8838e-01
7.6850e-01
8.6956e-01
8.2489e-01
8.5252e-01
6.4088e-01
8.0123e-01
9.5963e-01
7.4140e-01
8.0709e-01
7.8706e-01
8.2679e-01
8.8694e-01
7.6096e-01
6.3715e-01
6.9100e-01
9.0525e-01
6.7354e-01
9.6947e-01
8.0109e-01
9.5110e-01
6.2927e-01
7.7829e-01
6.5198e-01
7.0199e-01
7.8210e-01
8.2932e-01
7.8403e-01
7.6786e-01
6.8355e-01
6.2520e-01
8.0834e-01
8.2304e-01
8.4757e-01
8.5382e-01
6.6222e-01
9.6875e-01
7.0892e-01
6.6239e-01
7.5017e-01
7.2733e-01
6.5277e-01
6.9291e-01
8.1794e-01
6.3690e-01
9.1415e-01
7.4375e-01
6.2889e-01
7.1517e-01
7.5646e-01
8.6586e-01
6.2904e-01
6.7902e-01
8.4375e-01
8.5105e-01
6.7596e-01
7.3443e-01
6.9366e-01
9.8677e-01
8.3545e-01
7.3776e-01
7.7316e-01
9.5649e-01
7.9699e-01
7.9563e-01
6.0395e-01
7.9049e-01
7.2616e-01
9.8588e-01
9.3469e-01
7.1061e-01
9.3769e-01
6.4311e-01
8.3442e-01
6.0817e-01
9.6589e-01
8.1894e-01
8.9142e-01
7.6238e-01
7.7789e-01
9.7873e-01
8.8389e-01
6.9266e-01
8.1401e-01
9.3237e-01
7.9508e-01
8.1840e-01
8.6591e-01
8.4796e-01
8.3861e-01
7.4234e-01
9.1801e-01
9.4104e-01
8.4244e-01
9.2829e-01
7.1094e-01
6.8941e-01
7.3071e-01
9.7286e-01
6.7660e-01
8.0248e-01
7.9722e-01
9.1774e-01
8.9573e-01
9.5850e-01
8.1013e-01
7.7787e-01
7.5974e-01
6.3132e-01
6.2411e-01
7.9994e-01
8.5658e-01
7.6810e-01
7.8153e-01
7.0012e-01
6.5717e-01
6.4416e-01
9.7900e-01
8.1055e-01
6.8308e-01
8.9709e-01
6.4161e-01
8.3145e-01
9.9431e-01
9.2677e-01
7.3112e-01
9.1499e-01
8.9974e-01
9.9647e-01
9.8725e-01
8.0047e-01
9.3114e-01
9.8207e-01
7.6439e-01
6.0017e-01
8.0288e-01
9.8461e-01
7.2873e-01
6.3335e-01
6.9114e-01
8.8315e-01
9.7622e-01
9.6473e-01
9.8548e-01
9.0571e-01
9.9544e-01
9.3952e-01
6.1607e-01
7.3768e-01
9.3098e-01
7.9607e-01
9.9360e-01
7.1681e-01
6.8053e-01
8.4440e-01
8.4290e-01
9.7599e-01
7.6524e-01
9.5454e-01
8.0213e-01
8.0075e-01
6.9207e-01
6.4495e-01
7.4528e-01
7.6546e-01
6.0671e-01
6.9095e-01
7.6576e-01
6.2912e-01
6.0800e-01
8.7509e-01
8.3644e-01
9.8134e-01
9.1322e-01
8.2534e-01
8.3978e-01
9.3803e-01
8.3880e-01
6.1371e-01
6.5338e-01
6.7195e-01
8.3110e-01
7.7618e-01
8.1659e-01
7.8284e-01
7.8724e-01
9.6974e-01
6.5804e-01
6.2659e-01
8.8323e-01
6.6095e-01
6.4096e-01
6.6013e-01
6.7475e-01
6.7614e-01
7.2535e-01
6.9597e-01
6.9434e-01
9.7873e-01
6.9094e-01
7.1985e-01
8.3159e-01
6.9864e-01
9.2386e-01
7.0511e-01
8.7647e-01
8.2917e-01
8.3102e-01
8.1140e-01
9.9486e-01
7.4019e-01
6.0511e-01
8.4744e-01
7.5316e-01
7.8281e-01
8.5192e-01
7.7244e-01
6.5937e-01
8.3954e-01
8.3862e-01
6.1051e-01
8.8296e-01
8.4226e-01
6.3077e-01
9.4058e-01
9.4376e-01
8.5594e-01
6.8384e-01
6.9580e-01
7.1204e-01
7.7068e-01
7.1848e-01
7.2257e-01
9.4891e-01
9.9059e-01
9.3740e-01
9.5405e-01
7.2010e-01
6.7079e-01
6.0965e-01
8.4350e-01
9.5254e-01
9.2513e-01
8.8051e-01
9.4730e-01
9.0213e-01
6.2925e-01
7.2898e-01
8.8460e-01
9.9356e-01
7.0433e-01
9.9646e-01
9.8121e-01
7.8145e-01
9.5254e-01
9.0099e-01
7.6501e-01
6.1350e-01
8.2037e-01
8.6311e-01
6.0756e-01
9.0205e-01
9.1372e-01
9.7885e-01
6.7114e-01
9.7930e-01
8.7030e-01
9.3644e-01
7.4586e-01
9.5084e-01
9.5225e-01
7.9134e-01
8.1778e-01
7.6049e-01
7.2377e-01
7.8984e-01
9.0209e-01
6.0323e-01
7.7487e-01
9.8149e-01
8.1599e-01
8.6335e-01
6.6582e-01
9.2033e-01
9.1191e-01
6.2442e-01
7.6766e-01
7.9086e-01
9.0087e-01
9.2005e-01
7.0086e-01
9.8702e-01
7.7102e-01
8.3832e-01
9.4941e-01
9.2802e-01
7.4966e-01
9.8771e-01
8.3770e-01
7.3292e-01
7.6242e-01
8.1624e-01
8.1242e-01
8.6553e-01
7.1221e-01
6.9901e-01
7.1712e-01
8.1208e-01
7.0221e-01
8.9242e-01
8.8439e-01
8.4274e-01
8.1883e-01
9.9371e-01
9.2163e-01
7.5565e-01
6.4065e-01
7.9830e-01
8.9866e-01
7.2752e-01
7.4542e-01
8.1396e-01
6.3441e-01
8.5058e-01
6.1150e-01
8.4909e-01
9.3627e-01
8.5192e-01
7.5149e-01
9.5360e-01
7.0134e-01
6.4824e-01
7.3038e-01
8.9033e-01
9.8182e-01
9.0524e-01
7.7266e-01
9.4743e-01
8.2895e-01
7.1340e-01
8.8296e-01
7.4786e-01
7.1558e-01
7.1267e-01
9.6497e-01
9.8600e-01
8.2225e-01
8.1476e-01
7.7329e-01
7.6211e-01
7.7265e-01
7.2929e-01
8.8448e-01
8.5141e-01
9.7699e-01
6.6393e-01
8.8253e-01
8.5284e-01
9.0285e-01
8.9082e-01
9.9898e-01
7.9375e-01
9.5528e-01
8.8116e-01
6.1755e-01
6.5395e-01
6.4719e-01
6.6291e-01
7.8366e-01
9.0779e-01
7.5234e-01
8.1332e-01
8.5127e-01
6.6668e-01
7.8362e-01
6.9849e-01
8.6729e-01
7.1845e-01
6.2045e-01
7.5647e-01
9.2919e-01
6.9927e-01
9.7930e-01
8.4191e-01
8.0941e-01
6.1277e-01
8.2402e-01
6.2266e-01
6.4722e-01
6.8811e-01
9.8542e-01
6.9740e-01
9.7383e-01
8.6080e-01
8.2765e-01
6.6228e-01
7.0740e-01
8.8082e-01
7.6900e-01
6.0350e-01
6.7852e-01
7.2838e-01
9.7861e-01
7.5506e-01
6.2444e-01
9.8268e-01
9.5125e-01
7.8794e-01
8.4097e-01
8.0522e-01
8.1001e-01
7.9377e-01
9.3255e-01
7.7182e-01
9.2998e-01
9.6619e-01
7.6339e-01
6.3363e-01
7.0865e-01
7.4636e-01
6.7959e-01
9.7300e-01
8.1623e-01
6.2956e-01
6.0446e-01
8.6749e-01
7.7826e-01
6.7606e-01
7.3526e-01
6.7567e-01
8.2906e-01
9.7983e-01
7.9821e-01
8.0650e-01
7.5780e-01
9.1776e-01
8.4960e-01
6.8093e-01
9.3325e-01
7.1461e-01
9.3774e-01
9.5941e-01
9.4121e-01
6.5501e-01
7.3143e-01
6.0198e-01
7.5734e-01
6.9222e-01
9.8577e-01
9.2559e-01
6.2624e-01
9.0831e-01
8.1676e-01
9.0177e-01
8.9375e-01
9.9360e-01
9.9655e-01
7.0905e-01
7.4561e-01
9.7007e-01
6.7920e-01
9.1835e-01
8.4235e-01
6.9564e-01
9.8969e-01
9.1859e-01
8.3067e-01
7.0238e-01
9.5200e-01
7.1809e-01
8.0804e-01
9.5650e-01
7.9751e-01
6.1834e-01
8.1841e-01
8.3778e-01
9.5098e-01
8.9989e-01
9.5815e-01
9.3492e-01
6.4139e-01
8.6102e-01
6.9524e-01
7.2822e-01
9.3808e-01
7.7839e-01
9.2152e-01
7.8316e-01
6.9040e-01
9.6619e-01
6.3094e-01
7.8211e-01
7.1500e-01
7.0777e-01
9.7639e-01
6.3291e-01
9.8035e-01
8.4173e-01
6.8442e-01
7.3536e-01
9.4539e-01
7.6067e-01
6.0495e-01
8.1071e-01
9.4075e-01
6.4180e-01
8.9974e-01
9.6842e-01
6.2934e-01
8.6943e-01
9.5756e-01
8.0902e-01
7.6808e-01
6.9503e-01
7.6542e-01
8.0581e-01
7.5283e-01
8.1122e-01
8.4567e-01
7.3123e-01
9.8503e-01
7.9162e-01
6.0691e-01
6.8904e-01
6.3614e-01
8.4734e-01
6.0526e-01
9.5599e-01
9.6867e-01
8.8176e-01
9.5848e-01
8.0787e-01
8.0902e-01
7.9859e-01
6.3290e-01
9.9682e-01
7.9900e-01
7.1925e-01
9.2897e-01
8.6012e-01
7.2810e-01
8.4560e-01
9.2006e-01
9.3551e-01
7.5606e-01
8.3731e-01
8.3025e-01
9.8760e-01
9.5363e-01
8.8987e-01
9.2955e-01
8.1896e-01
7.9754e-01
9.4458e-01
8.5308e-01
9.2323e-01
9.0583e-01
9.8828e-01
9.1035e-01
6.6820e-01
9.5244e-01
7.3162e-01
9.2237e-01
6.0414e-01
7.5350e-01
7.3389e-01
8.6046e-01
9.0104e-01
8.0187e-01
8.1336e-01
7.7665e-01
6.6558e-01
9.6251e-01
7.8341e-01
9.2375e-01
7.6319e-01
6.9961e-01
8.3592e-01
9.7237e-01
7.4881e-01
8.4876e-01
9.0967e-01
7.7651e-01
8.0458e-01
7.9541e-01
7.5688e-01
9.2235e-01
8.1359e-01
9.0629e-01
8.0215e-01
9.2460e-01
7.8473e-01
7.3151e-01
6.8477e-01
6.7509e-01
6.4674e-01
6.5831e-01
9.1072e-01
9.5784e-01
6.4582e-01
6.8290e-01
8.4568e-01
8.8517e-01
9.9662e-01
6.5913e-01
9.9809e-01
7.1566e-01
7.0422e-01
9.7942e-01
9.3014e-01
8.7806e-01
7.1562e-01
6.1098e-01
9.6930e-01
7.5488e-01
9.4012e-01
9.6976e-01
9.6428e-01
6.3807e-01
7.3425e-01
8.0244e-01
7.6442e-01
7.4058e-01
7.8694e-01
9.5707e-01
9.3700e-01
9.7247e-01
9.6290e-01
9.9288e-01
7.5514e-01
6.1562e-01
6.6508e-01
8.0294e-01
7.3683e-01
8.7019e-01
7.9732e-01
8.7793e-01
8.3937e-01
6.4450e-01
6.7908e-01
9.7881e-01
6.9984e-01
9.6671e-01
6.5995e-01
8.3983e-01
9.5505e-01
9.8858e-01
7.2162e-01
9.9280e-01
8.2666e-01
7.6170e-01
8.4530e-01
6.8722e-01
8.3351e-01
7.6789e-01
7.9168e-01
8.8944e-01
9.9627e-01
6.1678e-01
8.7345e-01
6.5862e-01
8.3766e-01
9.1332e-01
7.7007e-01
9.9416e-01
8.1297e-01
7.7623e-01
9.7274e-01
7.3659e-01
9.1688e-01
8.1184e-01
6.1803e-01
7.6980e-01
9.0476e-01
6.2765e-01
6.2020e-01
6.3883e-01
6.9927e-01
7.2996e-01
9.4119e-01
8.2518e-01
7.0802e-01
6.5879e-01
8.4810e-01
9.6727e-01
9.8334e-01
7.7687e-01
6.2959e-01
9.2315e-01
7.1624e-01
9.0085e-01
6.5849e-01
9.4421e-01
6.7198e-01
8.5653e-01
9.8537e-01
6.9781e-01
8.3036e-01
6.7353e-01
8.6565e-01
9.6807e-01
7.1361e-01
9.3559e-01
7.1937e-01
7.5534e-01
7.2012e-01
9.8373e-01
8.0219e-01
9.3650e-01
9.7241e-01
6.0967e-01
9.4392e-01
7.7682e-01
6.8320e-01
6.1207e-01
6.3504e-01
8.0043e-01
6.3326e-01
6.6673e-01
7.9924e-01
7.6224e-01
8.5953e-01
9.6372e-01
9.1062e-01
6.7687e-01
6.7579e-01
7.8256e-01
8.4271e-01
6.6546e-01
7.3351e-01
6.5262e-01
8.1327e-01
9.2451e-01
7.7631e-01
9.7833e-01
6.8756e-01
8.2683e-01
7.8096e-01
9.0115e-01
9.9269e-01
7.9576e-01
7.8148e-01
6.7360e-01
8.4011e-01
9.8113e-01
6.4882e-01
9.5939e-01
6.2871e-01
6.0564e-01
8.8517e-01
9.8119e-01
8.9926e-01
7.4895e-01
8.0207e-01
6.7535e-01
9.6998e-01
6.3519e-01
6.2567e-01
6.1752e-01
7.8219e-01
6.5770e-01
7.1359e-01
6.9442e-01
6.9634e-01
7.8570e-01
8.4443e-01
8.4570e-01
7.3722e-01
9.7218e-01
6.3227e-01
9.7650e-01
9.5221e-01
9.9447e-01
7.6261e-01
7.0691e-01
8.6166e-01
8.5634e-01
8.0861e-01
9.0402e-01
8.5005e-01
9.4645e-01
8.4719e-01
9.6871e-01
8.4083e-01
8.0274e-01
7.0035e-01
8.6348e-01
8.7982e-01
9.7517e-01
8.2591e-01
6.3869e-01
9.0368e-01
7.3911e-01
9.8807e-01
6.8558e-01
8.3302e-01
6.9579e-01
8.3087e-01
8.0848e-01
9.9714e-01
9.3113e-01
6.4842e-01
8.0624e-01
7.3090e-01
6.9769e-01
6.1583e-01
8.7764e-01
7.6845e-01
8.3464e-01
7.2704e-01
9.4457e-01
7.4182e-01
7.9951e-01
9.8305e-01
6.3246e-01
6.3471e-01
9.4787e-01
8.4753e-01
9.5639e-01
6.3218e-01
9.7807e-01
8.9121e-01
6.3151e-01
6.1838e-01
8.5232e-01
9.8608e-01
7.5434e-01
9.0117e-01
7.0032e-01
7.4763e-01
8.4666e-01
8.4068e-01
8.7123e-01
6.1474e-01
7.6647e-01
9.1131e-01
8.3509e-01
8.9133e-01
7.1092e-01
8.9786e-01
9.8607e-01
7.0189e-01
7.9071e-01
6.0949e-01
9.1737e-01
9.6158e-01
9.8864e-01
6.1423e-01
6.4471e-01
8.1900e-01
7.6819e-01
6.8063e-01
6.3446e-01
8.8596e-01
7.5247e-01
6.2223e-01
9.2419e-01
8.9398e-01
8.1524e-01
7.9864e-01
8.0976e-01
8.8071e-01
7.6395e-01
7.3642e-01
9.0547e-01
6.9411e-01
8.7002e-01
7.0288e-01
7.9317e-01
8.7061e-01
6.2074e-01
6.7709e-01
7.3402e-01
8.9092e-01
8.7669e-01
7.9522e-01
7.6599e-01
7.6364e-01
7.0690e-01
8.8504e-01
8.0971e-01
7.6041e-01
7.0157e-01
8.4290e-01
8.0300e-01
6.2774e-01
9.2300e-01
7.4833e-01
6.9618e-01
8.1930e-01
8.1593e-01
7.6085e-01
9.7104e-01
7.4482e-01
7.9448e-01
6.3694e-01
6.2494e-01
8.8572e-01
9.6796e-01
6.2793e-01
6.3733e-01
9.8599e-01
9.1075e-01
8.2243e-01
9.6195e-01
8.2486e-01
6.0708e-01
6.0625e-01
7.6576e-01
8.9935e-01
7.7261e-01
7.2830e-01
8.0701e-01
9.5777e-01
6.0765e-01
8.9144e-01
9.2920e-01
6.9660e-01
9.1522e-01
8.6011e-01
6.5952e-01
9.7661e-01
6.4176e-01
6.4615e-01
9.7897e-01
9.3474e-01
6.1966e-01
6.6607e-01
7.9010e-01
7.7793e-01
8.0602e-01
8.4350e-01
6.7371e-01
7.3326e-01
8.9990e-01
8.3396e-01
7.1408e-01
7.5227e-01
7.6371e-01
8.4798e-01
9.7301e-01
9.1304e-01
8.8847e-01
9.9996e-01
9.8999e-01
8.2586e-01
6.2638e-01
7.2383e-01
8.2311e-01
9.6779e-01
8.1643e-01
7.9117e-01
6.9049e-01
8.5878e-01
6.4079e-01
7.6524e-01
9.1095e-01
6.1087e-01
6.4893e-01
9.3115e-01
9.7013e-01
8.2256e-01
8.6277e-01
6.5269e-01
7.0058e-01
8.5327e-01
9.1153e-01
9.4250e-01
6.4246e-01
9.0691e-01
8.9046e-01
7.6844e-01
9.5292e-01
8.2772e-01
6.0047e-01
7.8555e-01
9.1586e-01
9.8598e-01
7.8010e-01
6.7928e-01
7.2949e-01
7.9656e-01
7.0803e-01
9.8299e-01
8.1818e-01
8.7443e-01
9.4116e-01
8.2951e-01
6.2515e-01
9.7985e-01
9.4120e-01
7.7186e-01
9.0756e-01
9.1258e-01
8.8338e-01
7.0721e-01
6.7484e-01
7.3464e-01
7.8742e-01
8.7409e-01
6.8901e-01
6.1077e-01
9.5926e-01
6.9254e-01
7.0911e-01
6.2642e-01
8.6913e-01
9.4602e-01
8.5667e-01
6.9978e-01
6.9202e-01
7.2296e-01
9.7278e-01
8.8717e-01
8.6001e-01
8.5079e-01
9.8087e-01
7.0819e-01
7.1794e-01
7.5406e-01
8.4259e-01
7.8606e-01
7.4393e-01
9.2718e-01
9.6235e-01
7.2488e-01
8.6633e-01
7.3126e-01
9.5524e-01
9.3781e-01
9.7170e-01
8.7294e-01
9.8797e-01
8.5319e-01
9.3382e-01
6.4092e-01
9.7076e-01
6.1720e-01
8.2146e-01
7.5673e-01
8.0510e-01
9.8718e-01
8.7851e-01
6.5844e-01
6.3345e-01
8.6071e-01
7.4012e-01
9.8829e-01
7.3863e-01
6.8066e-01
7.5256e-01
6.1371e-01
9.5298e-01
8.9135e-01
9.9755e-01
8.8767e-01
6.3820e-01
8.7176e-01
6.5851e-01
7.0653e-01
7.2359e-01
7.6448e-01
8.2863e-01
8.4597e-01
8.7610e-01
6.5245e-01
8.8032e-01
6.5952e-01
9.5038e-01
6.1914e-01
9.9099e-01
8.8550e-01
6.1890e-01
9.2891e-01
6.6289e-01
9.5982e-01
7.1271e-01
8.5787e-01
7.3960e-01
8.7556e-01
7.4413e-01
8.6169e-01
6.2430e-01
9.3064e-01
8.6472e-01
9.6662e-01
9.0391e-01
7.9366e-01
6.3716e-01
6.7772e-01
6.7878e-01
6.2026e-01
9.5886e-01
9.4727e-01
7.1042e-01
7.6035e-01
8.1847e-01
6.5819e-01
7.7687e-01
9.2653e-01
6.6409e-01
7.1121e-01
8.7497e-01
7.5684e-01
8.9129e-01
9.8197e-01
9.8251e-01
8.4708e-01
7.4866e-01
6.6194e-01
8.9559e-01
7.5521e-01
8.8625e-01
9.1345e-01
9.3580e-01
8.4103e-01
7.6535e-01
6.6330e-01
6.5539e-01
7.5227e-01
6.9788e-01
8.8750e-01
9.4196e-01
7.9037e-01
9.5745e-01
6.4643e-01
7.5075e-01
7.5515e-01
9.1748e-01
7.8024e-01
7.6271e-01
9.4138e-01
9.8825e-01
9.9339e-01
9.1309e-01
8.2191e-01
8.4083e-01
8.6744e-01
9.3730e-01
6.3505e-01
9.5505e-01
7.6580e-01
9.0526e-01
7.8249e-01
6.0093e-01
9.0258e-01
9.3768e-01
9.7886e-01
7.0983e-01
6.0146e-01
8.4678e-01
6.1246e-01
8.5509e-01
8.3371e-01
8.9502e-01
8.7750e-01
9.0976e-01
9.2333e-01
8.8850e-01
9.1905e-01
6.6651e-01
8.0511e-01
7.4917e-01
6.8338e-01
6.1372e-01
7.4300e-01
9.5705e-01
6.9317e-01
6.3800e-01
9.7416e-01
9.1701e-01
6.6721e-01
9.4204e-01
9.7585e-01
6.1185e-01
7.0237e-01
7.0738e-01
6.8074e-01
7.7763e-01
7.0249e-01
9.5395e-01
7.8267e-01
7.2471e-01
6.8102e-01
9.8728e-01
6.3478e-01
9.6613e-01
7.0710e-01
6.1523e-01
9.3824e-01
6.3795e-01
9.5752e-01
6.9436e-01
9.4573e-01
6.6088e-01
9.9190e-01
6.9286e-01
9.2020e-01
9.8269e-01
8.4978e-01
7.1314e-01
9.7266e-01
9.0004e-01
9.0467e-01
9.9216e-01
7.8722e-01
6.0499e-01
6.9755e-01
8.3407e-01
9.0686e-01
6.2535e-01
6.6449e-01
9.3645e-01
7.5159e-01
8.8894e-01
6.8876e-01
7.3149e-01
6.8004e-01
8.1324e-01
6.2283e-01
8.4734e-01
7.1736e-01
8.9926e-01
9.3905e-01
7.8763e-01
9.6579e-01
8.5645e-01
9.8772e-01
7.8277e-01
8.3364e-01
9.8865e-01
9.4958e-01
8.9877e-01
6.2576e-01
8.2304e-01
7.4308e-01
7.0186e-01
7.9523e-01
8.7299e-01
7.5250e-01
8.8277e-01
9.7281e-01
9.3209e-01
9.2081e-01
6.4061e-01
8.5750e-01
7.5047e-01
8.8348e-01
7.9832e-01
9.4109e-01
9.9304e-01
7.8021e-01
8.6099e-01
9.9627e-01
6.1474e-01
9.1938e-01
7.4861e-01
9.0653e-01
7.8600e-01
8.3093e-01
8.1280e-01
7.3324e-01
7.4990e-01
7.0434e-01
7.6479e-01
9.3628e-01
9.8058e-01
9.3307e-01
9.6486e-01
8.8322e-01
6.1439e-01
6.5464e-01
9.5267e-01
8.9331e-01
9.7923e-01
6.0134e-01
6.9085e-01
8.7785e-01
8.8071e-01
8.9754e-01
7.7940e-01
8.2827e-01
9.6823e-01
9.7727e-01
8.8003e-01
7.2169e-01
8.9006e-01
6.4102e-01
7.6294e-01
7.9155e-01
6.7560e-01
8.8851e-01
9.6955e-01
6.2838e-01
8.5738e-01
7.1443e-01
6.7818e-01
7.3800e-01
8.3258e-01
7.1710e-01
9.9047e-01
7.2758e-01
6.7931e-01
7.3398e-01
7.5101e-01
7.9102e-01
9.9850e-01
8.4828e-01
8.0006e-01
7.2042e-01
7.6529e-01
6.7369e-01
6.1112e-01
6.6580e-01
8.3160e-01
6.1327e-01
7.1339e-01
7.2823e-01
7.1884e-01
8.4518e-01
7.6789e-01
7.4183e-01
8.7691e-01
6.3183e-01
7.6336e-01
7.8816e-01
6.6510e-01
6.3860e-01
9.3090e-01
6.7650e-01
7.6380e-01
6.1389e-01
8.6200e-01
8.5806e-01
6.6257e-01
9.7895e-01
8.1145e-01
8.2929e-01
6.5190e-01
6.3430e-01
7.2821e-01
6.3060e-01
8.8446e-01
6.2611e-01
7.2396e-01
7.0478e-01
9.5622e-01
7.4762e-01
7.9411e-01
8.4242e-01
7.8328e-01
7.3038e-01
9.0999e-01
8.9394e-01
6.1731e-01
7.8500e-01
7.2105e-01
8.8446e-01
8.8811e-01
6.5686e-01
9.7007e-01
9.5206e-01
8.8326e-01
8.3112e-01
8.6239e-01
8.9995e-01
8.5321e-01
8.2699e-01
6.2298e-01
8.0689e-01
6.6540e-01
6.9142e-01
6.5273e-01
9.0410e-01
6.6946e-01
6.3520e-01
6.5101e-01
6.7427e-01
9.8956e-01
7.7685e-01
6.2807e-01
6.5135e-01
7.2376e-01
9.9648e-01
9.8392e-01
7.9393e-01
7.0069e-01
7.4969e-01
9.6160e-01
8.7126e-01
6.3552e-01
6.4684e-01
6.7169e-01
6.3253e-01
7.9684e-01
9.6435e-01
6.5696e-01
6.1758e-01
7.1593e-01
7.0864e-01
7.3326e-01
7.6709e-01
6.8514e-01
7.1433e-01
7.1581e-01
6.3629e-01
8.1389e-01
8.5668e-01
7.9704e-01
6.8935e-01
6.0547e-01
6.9196e-01
6.7198e-01
7.7104e-01
6.3462e-01
6.3112e-01
7.1242e-01
8.3480e-01
8.7051e-01
6.1240e-01
6.3272e-01
7.4317e-01
6.5797e-01
7.9281e-01
6.9501e-01
7.0469e-01
7.1160e-01
9.1751e-01
9.3546e-01
6.9922e-01
7.2719e-01
8.0612e-01
8.6647e-01
8.1224e-01
6.0658e-01
7.9596e-01
8.4006e-01
7.5441e-01
9.3138e-01
6.0932e-01
9.5397e-01
8.6672e-01
7.7884e-01
9.9888e-01
7.0614e-01
8.0535e-01
6.3734e-01
9.1476e-01
9.0310e-01
7.9529e-01
8.1366e-01
7.3937e-01
8.1284e-01
6.3560e-01
7.0017e-01
8.6214e-01
9.8146e-01
6.6435e-01
6.1867e-01
7.0529e-01
7.8089e-01
7.7277e-01
8.6352e-01
9.8637e-01
7.7338e-01
9.7923e-01
9.3721e-01
9.6725e-01
9.1316e-01
8.2949e-01
6.7320e-01
7.7322e-01
6.3348e-01
9.9127e-01
6.3313e-01
8.1940e-01
7.7440e-01
7.9702e-01
7.9846e-01
8.9446e-01
8.5231e-01
8.9806e-01
8.9995e-01
7.2802e-01
9.0095e-01
7.1131e-01
7.9274e-01
7.0576e-01
9.8202e-01
8.1436e-01
9.0783e-01
8.4267e-01
6.0205e-01
8.7096e-01
6.1054e-01
6.2731e-01
7.8222e-01
9.0269e-01
9.4662e-01
9.9999e-01
8.5349e-01
8.7982e-01
9.7460e-01
9.2309e-01
9.1910e-01
9.7641e-01
7.1485e-01
9.6940e-01
6.1745e-01
7.8728e-01
9.0674e-01
7.7162e-01
7.2311e-01
9.2688e-01
9.5766e-01
6.1345e-01
9.3458e-01
9.3299e-01
6.2463e-01
9.6838e-01
8.8810e-01
6.4217e-01
8.4608e-01
7.6946e-01
8.0834e-01
6.1546e-01
9.9683e-01
7.2972e-01
9.2970e-01
7.5984e-01
6.6248e-01
6.4010e-01
7.2857e-01
8.9269e-01
7.7465e-01
6.5841e-01
9.0915e-01
6.4068e-01
9.0648e-01
8.9555e-01
6.1686e-01
6.9187e-01
6.0954e-01
9.0752e-01
9.6076e-01
9.1244e-01
8.9245e-01
7.4031e-01
6.6170e-01
7.6167e-01
7.6262e-01
6.0006e-01
8.5885e-01
7.1207e-01
9.1966e-01
7.4027e-01
8.5933e-01
9.7139e-01
6.6858e-01
6.8940e-01
8.3797e-01
8.4757e-01
8.5120e-01
6.3051e-01
6.7986e-01
7.1573e-01
6.6193e-01
8.3665e-01
6.6372e-01
8.3822e-01
7.7847e-01
6.0048e-01
7.6818e-01
9.2731e-01
7.2347e-01
9.2809e-01
6.1970e-01
7.0282e-01
9.4609e-01
7.2200e-01
7.2282e-01
6.7701e-01
7.2503e-01
8.6310e-01
9.5430e-01
8.3924e-01
7.2191e-01
9.0218e-01
8.6639e-01
6.4018e-01
7.1040e-01
9.5766e-01
7.2891e-01
8.9418e-01
9.8456e-01
7.5617e-01
7.1233e-01
6.1690e-01
6.0533e-01
8.5912e-01
9.8091e-01
7.5874e-01
6.2151e-01
8.6159e-01
9.7781e-01
6.3621e-01
7.8431e-01
7.9165e-01
6.2860e-01
6.0827e-01
9.4589e-01
8.4358e-01
9.3350e-01
9.8330e-01
6.2700e-01
8.7025e-01
9.3617e-01
8.4861e-01
7.8982e-01
6.2546e-01
6.5188e-01
9.6277e-01
6.5458e-01
6.5236e-01
6.6447e-01
6.4181e-01
9.0733e-01
6.9855e-01
8.6289e-01
8.0828e-01
6.2608e-01
9.1682e-01
8.3922e-01
9.2645e-01
6.5530e-01
8.7673e-01
9.6302e-01
6.5813e-01
8.1704e-01
8.6166e-01
9.0553e-01
6.7179e-01
6.0618e-01
6.6230e-01
7.2469e-01
6.8213e-01
7.1198e-01
9.2494e-01
6.0896e-01
9.2936e-01
7.4071e-01
6.2856e-01
8.3385e-01
6.2172e-01
7.0151e-01
7.2934e-01
6.7937e-01
6.0906e-01
6.5356e-01
9.4409e-01
9.8573e-01
9.0640e-01
7.5511e-01
9.3281e-01
8.4062e-01
7.7359e-01
8.1080e-01
6.5469e-01
8.9677e-01
6.0248e-01
9.7203e-01
9.5066e-01
7.5331e-01
7.6842e-01
9.2461e-01
8.1988e-01
7.6689e-01
6.4651e-01
6.7466e-01
8.6286e-01
6.6781e-01
8.1019e-01
7.6263e-01
9.9151e-01
7.5302e-01
8.1733e-01
6.7951e-01
7.4106e-01
8.3647e-01
8.9449e-01
9.6917e-01
9.7273e-01
6.7695e-01
6.2225e-01
9.1909e-01
7.5761e-01
9.6352e-01
9.0854e-01
9.3950e-01
7.6139e-01
6.7357e-01
6.1203e-01
7.4527e-01
8.3446e-01
9.6013e-01
8.2350e-01
8.8018e-01
6.0006e-01
9.2200e-01
6.0666e-01
6.9320e-01
7.8339e-01
8.9974e-01
6.0035e-01
7.5395e-01
7.7239e-01
6.2859e-01
7.6593e-01
8.1952e-01
9.5724e-01
6.1288e-01
7.7415e-01
7.7470e-01
9.3211e-01
8.9182e-01
9.7443e-01
7.5168e-01
6.9190e-01
7.9897e-01
9.0213e-01
8.2314e-01
7.0157e-01
8.3985e-01
9.0006e-01
6.4841e-01
6.9505e-01
8.4424e-01
8.6565e-01
9.7441e-01
9.0400e-01
8.2838e-01
8.6206e-01
7.8142e-01
8.0430e-01
9.3636e-01
7.7444e-01
7.7720e-01
8.9307e-01
6.6194e-01
8.7271e-01
9.7748e-01
9.2765e-01
6.9550e-01
6.1275e-01
9.8636e-01
6.4264e-01
6.4104e-01
7.2447e-01
7.6961e-01
6.3960e-01
8.2693e-01
7.6942e-01
7.1596e-01
8.9507e-01
9.3422e-01
8.4744e-01
7.4117e-01
7.0226e-01
9.9167e-01
6.9247e-01
8.1615e-01
6.5492e-01
9.1432e-01
9.1563e-01
8.0702e-01
8.2062e-01
7.7113e-01
9.1738e-01
7.0915e-01
9.6768e-01
9.1472e-01
8.3319e-01
7.7385e-01
6.5626e-01
6.8888e-01
8.6145e-01
6.0989e-01
8.9945e-01
6.2602e-01
6.8377e-01
9.2889e-01
7.5193e-01
8.7714e-01
9.2007e-01
9.7777e-01
7.9359e-01
9.8293e-01
6.7175e-01
9.9257e-01
7.5250e-01
7.6831e-01
8.7183e-01
8.6432e-01
8.2649e-01
7.2707e-01
6.1075e-01
8.5815e-01
8.3887e-01
8.3270e-01
8.3409e-01
9.6068e-01
7.2544e-01
7.2354e-01
9.0230e-01
7.1210e-01
7.6825e-01
9.2834e-01
6.1511e-01
9.7334e-01
7.0639e-01
8.6169e-01
6.6906e-01
9.3914e-01
9.7700e-01
8.9066e-01
8.0808e-01
9.3631e-01
6.4688e-01
6.4607e-01
6.8533e-01
7.2830e-01
6.2062e-01
6.3343e-01
6.9247e-01
6.2899e-01
7.6835e-01
8.7391e-01
6.5273e-01
8.3422e-01
8.3528e-01
7.8840e-01
8.2638e-01
6.4626e-01
6.3231e-01
8.6238e-01
6.7569e-01
7.8360e-01
8.5860e-01
9.1555e-01
9.4415e-01
6.2369e-01
6.4628e-01
8.3856e-01
7.9954e-01
7.1216e-01
7.2566e-01
6.9098e-01
7.3953e-01
8.4775e-01
6.6930e-01
6.5889e-01
9.5988e-01
7.3204e-01
9.1565e-01
8.6616e-01
7.2988e-01
9.0935e-01
6.2047e-01
9.1728e-01
7.4170e-01
6.4020e-01
6.6133e-01
9.7592e-01
8.1026e-01
9.3551e-01
8.3427e-01
7.1314e-01
6.4884e-01
7.3787e-01
9.1303e-01
6.9072e-01
7.2304e-01
8.8348e-01
6.2736e-01
9.2282e-01
6.3131e-01
9.2162e-01
7.1851e-01
7.0599e-01
7.2371e-01
9.5232e-01
8.1313e-01
7.7597e-01
