8.0689e-01
9.7541e-01
8.3956e-01
8.7632e-01
8.1816e-01
9.8710e-01
8.2399e-01
8.1324e-01
7.2938e-01
6.0809e-01
8.1219e-01
9.7542e-01
8.6559e-01
9.9870e-01
6.0809e-01
9.9782e-01
7.3005e-01
9.7149e-01
6.2984e-01
7.2162e-01
7.3454e-01
6.1330e-01
9.7079e-01
6.5434e-01
6.1992e-01
7.4158e-01
7.2458e-01
9.5094e-01
8.9506e-01
9.2770e-01
6.2009e-01
9.3424e-01
7.6771e-01
6.7973e-01
6.8699e-01
8.2006e-01
7.2466e-01
7.2508e-01
6.0500e-01
6.2042e-01
7.0610e-01
9.0741e-01
7.4772e-01
6.1093e-01
6.6149e-01
7.0090e-01
9.0775e-01
7.9612e-01
9.1719e-01
7.1251e-01
9.6811e-01
8.2312e-01
7.1117e-01
6.6436e-01
7.3336e-01
8.6629e-01
7.8341e-01
8.2587e-01
7.9999e-01
8.1278e-01
6.9703e-01
8.2302e-01
8.2115e-01
6.9717e-01
9.1183e-01
6.6007e-01
6.8953e-01
6.6622e-01
7.9488e-01
9.2070e-01
6.5768e-01
7.9398e-01
9.6015e-01
8.9126e-01
6.2953e-01
8.2901e-01
8.6387e-01
7.4668e-01
6.2538e-01
8.2110e-01
8.0689e-01
7.4128e-01
7.8504e-01
9.8957e-01
8.5410e-01
6.7084e-01
8.9798e-01
8.4690e-01
7.2717e-01
8.2526e-01
6.9807e-01
7.7617e-01
7.7848e-01
6.4634e-01
6.6908e-01
8.1642e-01
8.3927e-01
8.8847e-01
6.5735e-01
7.7991e-01
9.1143e-01
9.1753e-01
9.4505e-01
9.2546e-01
6.0330e-01
9.8031e-01
9.8426e-01
6.7282e-01
9.6970e-01
6.8644e-01
7.9706e-01
7.0984e-01
6.4512e-01
8.1025e-01
6.5806e-01
9.5109e-01
6.3925e-01
8.0312e-01
7.2067e-01
6.3745e-01
6.8382e-01
6.4631e-01
8.6010e-01
6.8949e-01
7.1139e-01
8.3550e-01
7.4556e-01
9.2565e-01
7.2868e-01
8.8327e-01
7.2264e-01
9.2202e-01
6.7122e-01
6.9742e-01
9.9801e-01
6.4095e-01
7.7194e-01
8.3680e-01
8.9039e-01
8.2531e-01
6.1038e-01
6.5270e-01
8.9036e-01
6.4246e-01
7.2838e-01
8.1193e-01
6.9295e-01
9.4811e-01
8.1163e-01
8.1271e-01
8.0382e-01
7.7745e-01
9.3925e-01
7.5565e-01
7.4876e-01
9.3721e-01
8.9258e-01
6.8912e-01
9.0708e-01
7.8515e-01
6.1756e-01
9.4516e-01
9.3345e-01
8.6499e-01
9.1661e-01
9.2040e-01
6.9270e-01
8.5652e-01
7.6507e-01
8.1641e-01
6.9361e-01
8.3391e-01
9.9075e-01
7.1248e-01
7.1062e-01
7.7839e-01
8.8799e-01
9.5275e-01
8.5321e-01
8.4362e-01
9.0858e-01
6.4407e-01
8.7486e-01
8.4138e-01
9.8913e-01
7.7272e-01
8.7974e-01
8.3665e-01
8.5892e-01
8.0345e-01
6.8220e-01
8.7365e-01
6.7389e-01
8.6388e-01
7.4149e-01
7.9684e-01
8.5106e-01
8.4524e-01
7.2506e-01
8.9103e-01
9.6543e-01
7.1445e-01
6.4344e-01
7.3874e-01
9.7108e-01
9.9703e-01
9.3731e-01
7.6732e-01
9.4531e-01
9.6846e-01
9.5927e-01
9.1132e-01
8.0278e-01
9.2918e-01
7.2361e-01
9.0727e-01
9.6507e-01
9.2097e-01
6.3857e-01
8.2759e-01
8.0400e-01
7.2302e-01
8.4595e-01
7.6364e-01
7.8728e-01
9.9196e-01
6.7076e-01
6.0076e-01
9.2533e-01
8.6055e-01
8.4048e-01
9.3753e-01
7.7632e-01
6.8278e-01
7.5385e-01
7.6612e-01
7.1758e-01
8.6321e-01
9.8039e-01
8.5715e-01
6.7959e-01
7.7794e-01
7.6079e-01
7.1019e-01
9.3231e-01
7.8791e-01
7.9719e-01
7.5325e-01
8.0132e-01
6.9128e-01
9.9974e-01
6.6215e-01
6.6468e-01
7.2415e-01
9.5239e-01
8.2745e-01
7.4070e-01
6.7641e-01
6.0098e-01
9.8979e-01
9.0137e-01
7.6466e-01
7.2488e-01
9.4952e-01
6.8185e-01
8.7268e-01
6.9405e-01
9.5302e-01
7.4576e-01
7.5305e-01
7.4790e-01
8.9039e-01
6.7856e-01
9.7026e-01
9.1941e-01
6.5195e-01
9.1034e-01
8.2599e-01
8.1683e-01
7.0915e-01
9.2051e-01
6.3172e-01
9.3744e-01
8.2813e-01
6.3413e-01
6.0218e-01
8.0791e-01
8.5168e-01
9.8829e-01
8.9900e-01
6.1176e-01
8.0474e-01
6.3939e-01
6.5268e-01
8.2320e-01
7.4215e-01
6.4953e-01
6.7968e-01
8.7901e-01
7.4506e-01
6.1319e-01
8.0748e-01
9.5825e-01
9.3960e-01
9.8485e-01
6.1529e-01
9.3710e-01
8.3472e-01
8.2705e-01
6.5872e-01
9.5485e-01
8.3412e-01
8.8864e-01
9.6448e-01
7.3937e-01
9.9821e-01
7.2916e-01
7.1111e-01
7.8993e-01
8.0146e-01
9.3969e-01
7.5225e-01
9.8558e-01
7.8298e-01
8.7473e-01
8.4229e-01
7.7822e-01
8.2098e-01
9.5002e-01
8.3090e-01
6.7284e-01
8.9466e-01
6.6807e-01
7.2505e-01
8.7145e-01
6.8832e-01
6.1412e-01
6.7068e-01
7.6389e-01
9.8805e-01
6.0351e-01
6.1565e-01
9.0823e-01
6.3856e-01
9.2880e-01
6.7473e-01
7.5255e-01
6.9481e-01
7.9396e-01
8.7574e-01
9.4600e-01
8.9826e-01
9.9056e-01
7.2649e-01
7.2362e-01
8.1104e-01
7.0100e-01
7.2205e-01
6.0973e-01
6.2226e-01
9.8441e-01
8.8167e-01
6.5123e-01
7.1245e-01
9.3600e-01
9.4504e-01
9.5514e-01
9.8789e-01
8.0727e-01
7.5957e-01
8.0969e-01
6.4906e-01
7.6978e-01
9.9677e-01
9.2323e-01
9.2163e-01
8.7005e-01
7.6671e-01
8.6316e-01
9.2300e-01
6.9889e-01
6.2489e-01
8.0375e-01
9.0753e-01
6.3146e-01
9.7061e-01
6.6629e-01
8.0738e-01
9.7289e-01
7.6935e-01
9.1454e-01
8.8067e-01
9.7678e-01
8.0148e-01
9.2889e-01
6.0031e-01
7.5971e-01
6.8704e-01
6.4239e-01
8.1561e-01
8.1690e-01
9.9701e-01
7.6987e-01
6.2211e-01
9.1983e-01
7.7984e-01
8.4179e-01
6.9732e-01
9.5245e-01
8.8722e-01
7.7020e-01
7.5833e-01
7.1744e-01
6.7044e-01
7.7120e-01
7.8893e-01
6.8934e-01
7.0544e-01
9.1986e-01
6.1106e-01
7.4609e-01
7.4047e-01
9.9643e-01
8.5615e-01
9.3546e-01
7.9055e-01
6.3319e-01
6.9931e-01
8.7157e-01
9.6136e-01
7.8626e-01
9.2963e-01
8.0920e-01
9.0653e-01
6.2164e-01
8.8210e-01
8.3799e-01
7.5185e-01
9.8173e-01
8.2114e-01
9.7615e-01
6.6051e-01
6.6639e-01
9.2254e-01
6.9464e-01
9.2366e-01
6.8331e-01
8.1777e-01
7.6743e-01
6.8287e-01
9.6689e-01
7.5228e-01
9.7328e-01
9.6228e-01
6.6966e-01
6.4486e-01
6.9045e-01
8.1849e-01
8.1160e-01
9.4087e-01
7.7765e-01
8.5340e-01
6.5463e-01
8.5597e-01
7.8097e-01
7.8258e-01
9.0205e-01
8.0378e-01
6.7594e-01
9.7680e-01
8.9481e-01
8.3891e-01
6.1470e-01
6.9178e-01
8.4527e-01
9.7280e-01
6.6636e-01
7.8892e-01
9.2227e-01
9.4156e-01
6.3565e-01
7.1201e-01
6.8859e-01
7.0600e-01
6.1517e-01
9.5754e-01
8.8549e-01
6.7426e-01
8.5965e-01
8.2770e-01
8.5571e-01
6.0266e-01
7.1475e-01
8.5779e-01
8.3726e-01
7.6762e-01
9.6830e-01
9.5693e-01
8.2736e-01
7.9430e-01
9.6960e-01
8.6004e-01
7.7843e-01
7.1006e-01
9.6646e-01
9.3780e-01
7.5737e-01
9.5930e-01
8.5384e-01
6.9028e-01
9.6197e-01
9.6772e-01
9.8741e-01
7.2390e-01
6.5448e-01
7.0423e-01
9.9330e-01
8.5271e-01
9.4699e-01
9.0825e-01
7.1202e-01
6.5935e-01
9.4481e-01
9.6854e-01
9.7975e-01
6.9253e-01
7.1759e-01
9.5934e-01
9.3003e-01
6.7195e-01
9.9734e-01
7.7692e-01
7.8062e-01
8.5127e-01
7.8246e-01
6.6324e-01
6.5799e-01
7.8336e-01
7.8326e-01
8.0218e-01
9.2684e-01
8.4397e-01
6.7966e-01
8.8222e-01
6.9640e-01
6.7891e-01
9.4335e-01
9.0087e-01
6.3509e-01
6.5203e-01
8.9525e-01
7.2906e-01
9.7630e-01
9.0279e-01
8.6793e-01
6.4876e-01
7.1195e-01
9.4105e-01
6.9350e-01
6.2121e-01
7.9874e-01
9.8069e-01
8.7671e-01
8.3897e-01
6.4497e-01
7.2105e-01
8.4764e-01
9.4029e-01
7.0313e-01
6.8407e-01
6.0990e-01
9.5844e-01
6.5732e-01
8.5325e-01
9.0002e-01
7.8405e-01
6.9381e-01
9.4920e-01
6.7243e-01
9.3031e-01
7.5807e-01
9.3013e-01
8.5180e-01
6.2494e-01
7.7825e-01
7.5668e-01
8.9400e-01
6.5681e-01
7.8508e-01
8.4626e-01
6.0922e-01
7.6407e-01
9.9487e-01
8.7946e-01
6.6043e-01
8.1988e-01
6.2276e-01
6.6362e-01
9.2909e-01
7.2746e-01
8.6128e-01
9.5457e-01
8.4132e-01
9.6650e-01
6.4143e-01
6.6435e-01
9.3898e-01
6.1381e-01
6.0844e-01
9.1357e-01
7.2898e-01
9.5758e-01
6.4868e-01
7.2812e-01
9.0754e-01
7.8306e-01
8.1842e-01
7.0192e-01
7.4008e-01
9.1509e-01
9.0581e-01
9.2087e-01
8.1650e-01
8.7412e-01
6.5491e-01
7.6275e-01
7.2196e-01
6.1522e-01
8.5037e-01
7.0786e-01
7.0896e-01
9.8557e-01
6.9688e-01
7.9939e-01
7.0418e-01
9.5237e-01
6.0958e-01
7.6898e-01
9.1535e-01
8.0733e-01
7.6900e-01
9.3620e-01
7.6960e-01
7.9222e-01
8.5579e-01
7.5988e-01
6.9216e-01
6.1812e-01
7.4539e-01
9.2566e-01
8.0443e-01
7.6477e-01
7.9684e-01
8.3253e-01
8.1943e-01
7.4335e-01
7.7208e-01
8.2301e-01
7.7404e-01
6.9217e-01
7.5652e-01
9.6949e-01
8.8699e-01
7.0255e-01
8.0002e-01
9.3188e-01
9.3254e-01
7.8184e-01
9.7019e-01
9.8269e-01
7.8926e-01
6.0572e-01
8.9025e-01
6.5318e-01
8.9739e-01
9.5331e-01
6.7150e-01
9.1802e-01
7.8290e-01
7.1539e-01
9.6963e-01
7.9574e-01
7.7716e-01
6.0087e-01
7.7205e-01
6.4195e-01
9.3544e-01
7.6146e-01
9.5621e-01
7.7069e-01
6.8807e-01
9.2417e-01
7.4905e-01
6.6166e-01
9.2909e-01
8.6004e-01
9.3216e-01
8.1250e-01
9.4436e-01
6.8458e-01
9.2798e-01
9.9548e-01
9.5787e-01
6.8860e-01
8.1048e-01
6.4835e-01
6.2193e-01
8.8802e-01
7.4545e-01
9.0266e-01
6.2213e-01
8.9546e-01
9.5267e-01
9.1557e-01
7.8329e-01
6.6572e-01
8.7035e-01
6.2557e-01
7.7405e-01
7.8481e-01
7.5394e-01
6.3899e-01
6.2245e-01
9.3465e-01
9.8982e-01
6.2187e-01
7.6309e-01
6.4651e-01
8.0113e-01
9.1003e-01
7.9162e-01
9.6058e-01
6.3161e-01
8.8661e-01
7.0095e-01
6.5268e-01
6.8376e-01
8.6354e-01
6.8318e-01
6.3851e-01
8.7345e-01
8.8651e-01
7.3566e-01
6.4377e-01
6.9398e-01
9.6981e-01
8.2711e-01
7.1940e-01
7.2551e-01
9.8631e-01
8.7586e-01
6.0416e-01
7.5898e-01
6.2051e-01
8.4285e-01
7.3979e-01
8.5691e-01
6.4525e-01
7.5170e-01
6.9157e-01
7.5173e-01
6.4814e-01
7.7587e-01
6.6471e-01
8.8999e-01
9.4635e-01
8.4061e-01
9.1736e-01
9.7888e-01
9.4529e-01
6.8569e-01
6.5941e-01
7.7523e-01
8.2007e-01
9.5576e-01
9.3552e-01
7.5286e-01
6.5121e-01
9.3076e-01
6.2089e-01
6.1104e-01
6.9799e-01
8.0326e-01
8.3918e-01
6.8142e-01
9.0275e-01
6.7981e-01
9.9075e-01
9.5810e-01
6.8127e-01
7.2570e-01
8.5068e-01
9.5028e-01
7.1584e-01
7.4867e-01
7.3931e-01
9.4191e-01
8.1623e-01
6.1799e-01
8.0932e-01
7.3563e-01
8.8914e-01
7.1914e-01
8.8487e-01
9.4191e-01
6.1315e-01
9.1004e-01
9.9299e-01
6.1046e-01
8.4671e-01
6.5392e-01
8.9761e-01
6.4177e-01
9.2664e-01
6.8245e-01
8.4351e-01
7.6009e-01
8.2064e-01
8.3459e-01
6.1051e-01
8.5506e-01
8.5999e-01
8.1569e-01
8.4902e-01
7.1478e-01
6.3026e-01
9.7486e-01
9.4894e-01
6.1314e-01
9.4232e-01
8.5804e-01
6.6681e-01
8.8617e-01
9.3528e-01
9.8095e-01
9.8693e-01
7.6552e-01
7.0007e-01
7.6739e-01
8.8056e-01
8.0056e-01
9.4766e-01
9.5983e-01
6.2960e-01
8.7268e-01
6.9869e-01
6.0826e-01
6.6947e-01
6.4690e-01
8.6985e-01
7.5955e-01
7.1848e-01
7.7543e-01
9.7538e-01
6.8711e-01
9.6971e-01
6.8079e-01
6.0236e-01
7.4634e-01
8.1979e-01
9.2773e-01
7.9594e-01
7.1467e-01
6.4298e-01
8.6346e-01
8.1416e-01
6.5585e-01
8.0479e-01
6.5914e-01
8.9022e-01
7.9619e-01
7.7255e-01
7.5237e-01
8.2690e-01
9.4729e-01
6.6750e-01
7.8267e-01
8.1365e-01
6.4314e-01
9.0535e-01
7.9020e-01
9.4576e-01
8.7729e-01
6.8299e-01
9.4806e-01
7.7946e-01
8.8115e-01
6.0017e-01
8.5792e-01
7.7592e-01
9.7749e-01
9.0885e-01
9.0426e-01
8.6728e-01
9.7447e-01
6.4327e-01
9.9592e-01
8.7491e-01
7.0488e-01
7.6390e-01
9.4545e-01
6.5026e-01
6.6938e-01
6.1603e-01
8.9551e-01
9.7842e-01
9.2315e-01
9.6167e-01
8.9657e-01
8.9776e-01
6.0967e-01
9.4690e-01
6.8666e-01
8.0495e-01
6.0110e-01
9.4560e-01
6.3432e-01
9.5571e-01
7.6984e-01
7.7768e-01
7.7161e-01
8.1815e-01
6.9152e-01
9.0370e-01
7.8142e-01
9.0283e-01
7.3033e-01
9.4697e-01
6.5157e-01
8.8458e-01
6.3348e-01
6.7113e-01
9.1257e-01
9.9034e-01
9.5947e-01
9.6686e-01
7.0478e-01
8.5170e-01
6.4203e-01
6.3179e-01
9.1425e-01
9.5463e-01
6.0128e-01
8.8573e-01
7.1135e-01
7.6340e-01
7.5637e-01
9.9773e-01
6.6137e-01
9.4224e-01
7.3900e-01
6.8396e-01
9.8842e-01
9.4007e-01
8.4876e-01
8.3424e-01
7.9721e-01
6.6713e-01
9.7288e-01
6.1250e-01
8.9187e-01
7.6364e-01
7.9394e-01
7.7533e-01
7.9688e-01
7.9417e-01
7.4790e-01
6.1837e-01
9.6519e-01
6.1716e-01
6.6814e-01
8.9234e-01
7.0041e-01
7.6864e-01
6.9118e-01
8.1361e-01
6.1995e-01
8.4507e-01
9.3518e-01
7.5091e-01
9.2408e-01
6.6151e-01
7.2474e-01
8.7484e-01
7.3064e-01
9.1710e-01
7.2258e-01
6.7409e-01
9.3744e-01
7.2712e-01
9.3465e-01
9.7624e-01
8.2539e-01
8.8559e-01
6.6514e-01
7.6892e-01
7.3043e-01
7.7706e-01
7.8310e-01
7.1957e-01
8.8951e-01
9.5669e-01
8.9201e-01
9.4646e-01
7.8922e-01
6.4436e-01
9.3170e-01
6.1895e-01
7.8532e-01
7.4407e-01
8.1200e-01
8.9119e-01
8.8217e-01
7.1030e-01
6.8156e-01
7.1148e-01
6.9190e-01
8.3213e-01
9.2376e-01
7.9185e-01
9.1790e-01
9.5703e-01
7.7266e-01
8.8345e-01
8.0452e-01
9.7939e-01
9.6333e-01
9.8190e-01
6.6639e-01
9.2781e-01
8.8047e-01
9.0891e-01
8.3326e-01
7.1029e-01
6.3148e-01
7.2057e-01
6.9586e-01
9.1228e-01
6.0254e-01
7.1837e-01
8.5471e-01
8.1580e-01
6.6459e-01
8.4673e-01
7.8350e-01
6.5952e-01
9.1638e-01
7.8649e-01
8.2404e-01
6.8889e-01
9.9663e-01
7.7092e-01
7.0595e-01
6.1535e-01
9.5255e-01
7.0071e-01
7.7953e-01
7.1599e-01
6.2379e-01
7.2780e-01
6.8861e-01
6.2925e-01
7.7375e-01
8.9956e-01
8.3850e-01
9.5432e-01
8.4433e-01
7.9492e-01
6.6292e-01
9.5774e-01
8.4866e-01
9.1158e-01
7.8681e-01
6.4790e-01
6.6591e-01
9.2933e-01
9.6014e-01
6.3740e-01
9.8659e-01
9.9792e-01
8.1607e-01
7.0278e-01
7.6636e-01
9.9875e-01
9.4180e-01
7.8984e-01
9.1261e-01
7.5810e-01
7.3712e-01
7.6329e-01
8.8588e-01
8.8436e-01
8.9663e-01
7.6925e-01
9.3201e-01
8.1587e-01
9.4736e-01
9.9136e-01
8.2165e-01
6.9052e-01
9.4824e-01
6.8371e-01
7.5000e-01
8.2838e-01
8.5278e-01
8.5696e-01
6.9432e-01
6.1613e-01
6.6849e-01
8.4197e-01
7.5082e-01
9.7049e-01
8.5852e-01
7.7591e-01
8.9420e-01
9.6447e-01
9.1967e-01
7.9748e-01
7.2966e-01
7.1834e-01
7.4015e-01
9.8527e-01
7.2862e-01
9.8779e-01
9.3630e-01
7.5977e-01
7.9324e-01
8.5245e-01
7.6970e-01
6.6913e-01
9.7381e-01
6.3715e-01
7.3021e-01
6.3755e-01
7.5496e-01
7.4835e-01
8.0901e-01
6.0224e-01
7.2348e-01
9.4547e-01
9.3474e-01
7.0483e-01
6.9067e-01
7.5483e-01
7.8665e-01
9.7578e-01
6.6023e-01
6.1278e-01
7.6171e-01
9.5672e-01
9.7724e-01
9.6569e-01
7.9365e-01
6.5755e-01
6.8842e-01
6.1604e-01
7.6091e-01
7.3854e-01
9.8882e-01
8.9705e-01
9.2411e-01
8.0655e-01
9.1608e-01
8.4821e-01
9.9300e-01
9.4900e-01
9.1736e-01
7.1434e-01
6.6400e-01
7.5918e-01
8.0546e-01
7.8404e-01
6.2881e-01
9.8564e-01
7.7572e-01
6.4189e-01
7.2924e-01
9.0421e-01
9.3926e-01
8.5062e-01
7.1994e-01
8.2513e-01
8.3402e-01
8.9552e-01
7.8684e-01
6.1768e-01
9.4691e-01
6.4322e-01
8.5509e-01
9.1985e-01
7.4749e-01
6.9905e-01
7.7578e-01
8.2331e-01
6.1516e-01
7.6393e-01
9.9943e-01
8.8760e-01
7.0442e-01
7.6411e-01
9.3240e-01
9.8258e-01
9.2698e-01
7.0784e-01
8.1828e-01
9.1705e-01
8.5545e-01
6.5806e-01
9.3884e-01
6.6370e-01
8.9394e-01
9.9406e-01
6.5590e-01
9.8283e-01
8.6636e-01
8.4665e-01
6.3347e-01
8.3291e-01
7.1536e-01
6.7218e-01
7.8435e-01
9.3716e-01
9.0317e-01
9.3284e-01
7.8980e-01
6.4411e-01
9.7796e-01
8.6978e-01
7.9005e-01
8.5285e-01
8.3578e-01
8.5220e-01
9.1486e-01
9.7998e-01
7.0398e-01
7.0324e-01
6.3028e-01
7.0005e-01
8.8104e-01
9.3592e-01
6.2482e-01
6.4787e-01
7.1051e-01
7.7362e-01
9.4906e-01
8.4095e-01
9.8283e-01
6.0129e-01
9.1709e-01
7.0248e-01
6.1946e-01
8.5856e-01
7.2581e-01
8.8643e-01
7.6088e-01
9.9691e-01
7.6258e-01
9.3243e-01
8.6889e-01
8.2401e-01
9.4583e-01
7.2919e-01
7.9733e-01
6.7531e-01
7.0740e-01
9.8228e-01
9.8347e-01
6.6703e-01
7.3745e-01
6.0293e-01
7.2012e-01
7.0590e-01
6.6376e-01
7.3827e-01
9.2144e-01
7.5844e-01
9.3990e-01
7.1381e-01
7.2486e-01
6.4985e-01
6.7238e-01
8.9005e-01
6.6751e-01
7.3891e-01
8.7910e-01
8.5682e-01
6.2083e-01
6.3842e-01
7.1759e-01
8.3617e-01
6.3258e-01
6.0124e-01
8.0461e-01
8.6881e-01
9.9647e-01
7.5723e-01
8.5003e-01
6.0007e-01
7.2214e-01
6.8968e-01
8.3353e-01
7.6738e-01
6.7622e-01
6.6793e-01
7.9931e-01
8.5410e-01
7.0890e-01
7.4757e-01
7.2067e-01
8.5549e-01
9.4494e-01
6.0671e-01
7.5539e-01
9.0362e-01
7.0316e-01
6.1326e-01
7.2559e-01
6.0967e-01
6.3785e-01
9.6827e-01
8.9526e-01
8.0797e-01
6.6986e-01
6.0407e-01
7.1450e-01
6.7443e-01
7.4609e-01
7.1796e-01
9.4263e-01
9.9277e-01
6.0055e-01
7.2089e-01
8.9339e-01
7.7354e-01
8.8607e-01
6.3651e-01
7.9510e-01
6.8796e-01
8.4086e-01
9.5845e-01
6.7847e-01
7.5083e-01
7.9566e-01
6.3606e-01
7.7615e-01
9.1291e-01
9.4353e-01
7.8258e-01
7.2842e-01
6.9840e-01
7.2852e-01
8.0674e-01
7.4506e-01
7.3250e-01
8.9386e-01
8.4235e-01
8.2426e-01
9.4249e-01
7.4712e-01
7.7932e-01
6.0083e-01
7.0054e-01
8.9038e-01
6.5835e-01
8.2765e-01
6.4025e-01
9.9803e-01
8.8717e-01
6.4114e-01
6.9672e-01
6.8816e-01
9.7920e-01
9.7614e-01
9.9670e-01
9.3811e-01
8.1366e-01
7.0413e-01
6.8384e-01
7.1395e-01
8.3979e-01
7.3570e-01
8.7909e-01
6.9528e-01
7.0219e-01
9.3533e-01
6.9010e-01
6.1627e-01
9.4237e-01
6.0561e-01
9.7311e-01
6.3544e-01
6.6305e-01
8.6990e-01
7.3948e-01
7.0140e-01
9.3002e-01
6.7211e-01
7.8152e-01
9.9332e-01
6.5283e-01
6.6315e-01
7.4534e-01
7.3431e-01
6.6568e-01
7.8270e-01
8.6840e-01
9.1637e-01
9.9639e-01
7.1508e-01
6.6277e-01
6.0078e-01
8.3679e-01
9.5404e-01
9.5194e-01
8.3340e-01
9.8971e-01
8.0294e-01
9.4419e-01
6.8350e-01
6.9936e-01
7.1780e-01
9.6732e-01
7.9220e-01
9.7150e-01
6.9829e-01
9.5796e-01
6.7822e-01
8.6682e-01
6.3121e-01
6.2683e-01
9.1551e-01
8.7894e-01
7.4282e-01
8.7242e-01
9.1708e-01
6.8087e-01
6.7986e-01
8.0192e-01
7.6083e-01
8.0331e-01
9.0977e-01
9.4876e-01
8.0023e-01
8.1997e-01
9.0589e-01
8.4918e-01
9.4294e-01
9.1568e-01
7.9725e-01
8.5249e-01
6.2974e-01
9.6849e-01
7.6422e-01
9.4300e-01
6.1870e-01
9.0690e-01
6.6144e-01
9.9375e-01
8.3551e-01
9.6322e-01
8.8460e-01
7.8299e-01
9.1711e-01
8.6174e-01
9.3822e-01
8.4170e-01
6.4121e-01
9.3129e-01
6.0255e-01
9.0876e-01
6.9795e-01
8.3417e-01
6.8083e-01
7.9481e-01
9.2627e-01
7.7197e-01
6.7024e-01
7.9344e-01
6.8346e-01
7.4574e-01
7.7713e-01
7.1662e-01
7.7409e-01
9.4576e-01
7.0913e-01
9.6326e-01
6.2421e-01
8.5090e-01
7.7975e-01
6.5613e-01
7.2211e-01
8.9406e-01
6.2052e-01
9.1938e-01
9.8091e-01
8.7335e-01
7.7985e-01
7.7193e-01
7.0657e-01
6.3017e-01
9.2102e-01
7.8576e-01
9.4447e-01
6.6044e-01
6.4176e-01
9.4081e-01
8.3361e-01
8.5244e-01
6.7742e-01
9.0858e-01
7.5109e-01
6.3206e-01
6.3419e-01
6.9437e-01
8.6846e-01
9.6895e-01
8.1821e-01
6.4823e-01
8.2495e-01
9.8031e-01
9.5703e-01
7.9798e-01
9.3877e-01
6.5810e-01
9.9437e-01
8.2895e-01
8.7963e-01
8.0945e-01
8.9794e-01
8.0575e-01
9.1390e-01
6.4076e-01
9.9584e-01
8.7444e-01
9.0942e-01
8.7423e-01
6.8344e-01
9.3946e-01
9.9958e-01
7.1740e-01
7.1615e-01
9.2609e-01
6.8469e-01
7.7175e-01
8.1898e-01
9.1667e-01
6.3369e-01
9.0661e-01
9.4845e-01
7.6988e-01
6.3273e-01
8.2028e-01
9.2588e-01
9.4388e-01
9.4970e-01
8.5054e-01
7.6487e-01
9.5471e-01
7.5949e-01
9.5760e-01
9.6128e-01
9.4263e-01
6.1955e-01
7.9000e-01
6.7821e-01
6.7656e-01
7.0093e-01
9.0169e-01
7.0248e-01
9.7351e-01
7.9839e-01
7.7393e-01
7.3276e-01
6.5921e-01
8.9816e-01
6.5102e-01
6.3464e-01
9.3406e-01
9.9340e-01
9.0701e-01
8.1977e-01
8.2555e-01
8.6176e-01
9.0196e-01
8.1982e-01
7.8940e-01
6.0854e-01
7.1706e-01
9.9972e-01
9.8940e-01
6.8775e-01
9.9777e-01
6.7386e-01
9.0578e-01
8.9946e-01
7.4979e-01
8.6482e-01
8.4467e-01
8.2268e-01
8.1686e-01
6.9325e-01
6.8740e-01
9.5693e-01
7.5882e-01
8.6839e-01
9.7772e-01
9.4205e-01
6.8100e-01
7.4853e-01
6.1040e-01
6.1660e-01
7.1509e-01
9.3687e-01
7.9986e-01
9.4029e-01
7.1208e-01
9.7476e-01
9.4924e-01
6.7944e-01
7.1141e-01
7.3768e-01
8.0987e-01
7.1665e-01
7.1889e-01
7.8470e-01
8.7672e-01
9.1809e-01
9.7379e-01
8.6821e-01
8.0427e-01
6.8630e-01
9.4649e-01
7.3830e-01
9.7181e-01
6.7150e-01
9.1673e-01
7.9709e-01
9.9831e-01
7.3228e-01
6.3712e-01
8.5695e-01
9.6261e-01
9.1347e-01
9.5880e-01
7.5612e-01
7.1142e-01
6.3968e-01
9.1276e-01
7.3701e-01
6.0868e-01
9.9530e-01
6.7681e-01
9.3293e-01
7.3019e-01
8.2311e-01
7.2391e-01
7.7936e-01
8.9531e-01
8.2601e-01
9.5939e-01
6.8422e-01
8.0915e-01
9.6323e-01
8.9251e-01
8.9128e-01
7.0348e-01
9.8908e-01
7.5871e-01
9.5012e-01
9.7736e-01
6.9645e-01
8.2473e-01
6.7806e-01
6.9401e-01
6.3169e-01
7.8505e-01
8.9931e-01
7.8174e-01
8.6194e-01
7.8588e-01
6.7287e-01
8.8859e-01
7.0745e-01
9.7301e-01
6.1959e-01
8.4705e-01
7.0346e-01
8.0106e-01
8.5907e-01
8.0865e-01
9.8745e-01
7.9305e-01
9.5032e-01
6.1256e-01
6.1853e-01
6.6412e-01
6.2405e-01
6.7472e-01
7.9943e-01
7.5182e-01
7.9988e-01
8.7395e-01
6.6910e-01
8.7281e-01
8.8318e-01
6.9923e-01
8.7781e-01
9.1565e-01
6.9388e-01
6.6052e-01
8.6536e-01
6.3021e-01
6.1294e-01
6.0482e-01
6.9877e-01
6.9580e-01
7.7196e-01
7.3299e-01
8.0342e-01
6.8837e-01
9.0065e-01
7.4992e-01
6.2647e-01
9.1759e-01
6.9117e-01
8.4310e-01
7.7585e-01
8.3102e-01
8.0776e-01
7.1844e-01
9.8420e-01
8.5523e-01
8.0026e-01
7.3887e-01
9.4222e-01
9.1642e-01
6.2318e-01
8.6540e-01
8.9729e-01
7.2704e-01
7.2821e-01
7.5731e-01
6.9514e-01
9.2035e-01
6.0384e-01
7.9100e-01
8.2133e-01
8.6597e-01
7.4242e-01
8.3699e-01
6.9767e-01
8.7224e-01
9.4084e-01
8.4881e-01
6.4899e-01
9.7467e-01
7.4179e-01
7.6696e-01
7.2662e-01
7.8961e-01
9.8566e-01
8.0828e-01
6.0792e-01
7.3555e-01
6.1351e-01
9.3856e-01
9.6730e-01
9.0390e-01
9.3110e-01
8.5262e-01
6.2675e-01
7.7142e-01
7.7837e-01
9.6252e-01
6.8979e-01
7.1757e-01
8.4400e-01
7.3524e-01
7.9116e-01
9.2597e-01
7.2735e-01
6.8010e-01
9.2341e-01
8.6333e-01
7.6380e-01
6.2707e-01
8.0447e-01
9.8068e-01
8.6590e-01
6.5326e-01
8.8672e-01
9.8199e-01
6.6559e-01
8.7902e-01
6.4835e-01
7.4552e-01
9.7723e-01
9.6313e-01
8.9760e-01
9.4558e-01
8.4549e-01
9.6581e-01
6.1465e-01
7.2362e-01
6.7819e-01
9.6108e-01
9.1284e-01
6.2185e-01
7.0312e-01
9.1096e-01
8.6854e-01
8.5338e-01
6.8346e-01
6.3627e-01
6.5295e-01
9.0988e-01
6.8420e-01
7.6898e-01
7.3891e-01
7.1232e-01
9.8230e-01
8.2468e-01
8.9442e-01
6.9078e-01
7.0247e-01
6.7746e-01
8.0011e-01
7.5113e-01
9.7190e-01
6.4424e-01
7.6394e-01
9.4402e-01
8.1521e-01
6.2123e-01
8.8369e-01
6.8902e-01
9.1391e-01
9.3167e-01
9.8279e-01
7.2130e-01
9.4129e-01
8.6920e-01
6.8902e-01
8.3276e-01
9.2667e-01
6.3258e-01
8.5164e-01
6.5331e-01
9.5637e-01
8.9021e-01
8.0370e-01
9.7720e-01
8.4094e-01
6.5547e-01
6.3000e-01
8.7445e-01
8.0495e-01
9.4671e-01
8.0581e-01
6.0208e-01
6.8028e-01
6.8288e-01
6.9760e-01
9.8118e-01
9.9986e-01
6.7644e-01
9.1727e-01
8.9106e-01
8.0907e-01
7.1486e-01
9.5263e-01
9.8087e-01
6.2282e-01
7.8276e-01
8.7048e-01
8.9907e-01
7.3101e-01
9.8435e-01
8.9598e-01
6.6711e-01
9.9475e-01
9.3404e-01
7.7609e-01
6.2181e-01
6.1227e-01
8.4065e-01
8.6956e-01
6.2479e-01
6.4292e-01
7.5449e-01
6.5052e-01
8.3452e-01
9.9775e-01
8.1353e-01
7.8219e-01
7.2528e-01
6.5864e-01
8.5139e-01
7.3299e-01
8.1489e-01
8.7886e-01
8.1537e-01
8.5394e-01
7.4936e-01
6.3287e-01
6.0897e-01
8.8196e-01
6.5102e-01
8.8854e-01
6.5414e-01
7.8206e-01
7.8586e-01
7.0472e-01
9.1162e-01
8.7699e-01
7.3800e-01
6.5245e-01
6.9450e-01
7.0360e-01
7.3426e-01
6.8758e-01
9.6887e-01
8.2931e-01
8.2149e-01
9.1681e-01
6.3903e-01
9.1030e-01
7.8924e-01
8.4570e-01
6.8996e-01
9.5572e-01
9.6032e-01
9.3900e-01
6.0025e-01
9.4265e-01
9.1187e-01
8.7673e-01
6.6696e-01
8.4284e-01
6.8683e-01
7.7789e-01
9.5199e-01
8.8110e-01
6.7260e-01
6.1131e-01
7.1840e-01
9.4300e-01
7.2977e-01
7.6707e-01
8.8810e-01
9.2451e-01
8.3821e-01
8.6589e-01
7.1831e-01
6.1053e-01
6.8879e-01
9.4937e-01
9.3121e-01
7.6955e-01
7.8392e-01
8.8537e-01
7.5525e-01
9.1268e-01
9.8547e-01
6.0871e-01
8.9804e-01
8.8975e-01
6.6641e-01
6.0887e-01
9.5038e-01
9.8975e-01
9.9692e-01
9.2753e-01
8.9455e-01
8.9721e-01
7.0931e-01
8.8444e-01
9.2644e-01
6.0470e-01
6.4750e-01
9.2797e-01
6.6172e-01
8.0925e-01
9.9640e-01
9.9511e-01
8.7922e-01
8.8254e-01
7.3856e-01
9.1160e-01
6.1397e-01
7.6786e-01
6.8910e-01
9.8170e-01
7.1205e-01
7.8343e-01
9.1760e-01
9.4384e-01
9.6858e-01
8.2142e-01
9.0337e-01
7.3697e-01
6.7453e-01
7.5397e-01
9.6290e-01
9.1884e-01
8.8709e-01
9.0171e-01
7.9094e-01
9.7927e-01
6.6966e-01
6.6248e-01
8.5434e-01
7.1553e-01
8.6084e-01
6.5133e-01
9.2361e-01
8.5662e-01
8.5300e-01
6.4498e-01
7.5576e-01
9.3266e-01
6.9148e-01
7.8844e-01
6.1049e-01
9.0621e-01
7.2416e-01
8.1477e-01
9.1469e-01
9.1782e-01
7.9417e-01
7.4050e-01
8.6160e-01
8.9315e-01
7.7024e-01
7.9101e-01
8.8282e-01
6.5739e-01
6.1196e-01
9.0363e-01
7.3032e-01
8.1452e-01
8.9931e-01
9.2562e-01
6.3712e-01
9.9547e-01
7.0199e-01
7.8907e-01
9.5755e-01
7.6599e-01
8.9408e-01
9.1297e-01
9.4419e-01
8.0586e-01
6.5035e-01
6.0690e-01
8.3120e-01
6.7234e-01
7.9520e-01
9.0626e-01
9.2176e-01
7.8107e-01
7.6013e-01
9.5861e-01
7.8758e-01
6.2736e-01
9.9239e-01
6.9457e-01
6.1527e-01
8.3355e-01
8.8936e-01
9.3254e-01
8.1123e-01
9.9352e-01
9.5435e-01
7.4895e-01
9.7973e-01
6.0087e-01
8.7467e-01
9.2990e-01
8.3411e-01
9.5663e-01
6.1689e-01
9.0025e-01
6.4283e-01
7.1990e-01
9.0698e-01
9.9581e-01
6.3037e-01
7.5458e-01
7.0667e-01
6.1938e-01
6.1208e-01
9.9663e-01
7.3008e-01
6.4399e-01
6.6526e-01
9.8129e-01
8.2180e-01
7.8377e-01
6.3105e-01
9.9355e-01
7.1409e-01
8.0110e-01
9.5101e-01
8.5018e-01
7.6235e-01
7.4469e-01
7.3339e-01
8.7351e-01
8.8790e-01
6.5152e-01
8.2378e-01
8.9875e-01
6.8831e-01
6.2193e-01
8.0300e-01
8.9985e-01
6.6137e-01
8.1973e-01
9.4408e-01
8.4485e-01
6.9440e-01
8.6458e-01
8.4159e-01
7.5773e-01
9.1453e-01
7.5840e-01
8.9089e-01
8.6719e-01
8.5689e-01
8.9652e-01
9.8491e-01
8.2157e-01
6.3032e-01
6.0883e-01
9.5856e-01
8.3775e-01
7.6388e-01
6.4778e-01
7.3884e-01
8.6719e-01
6.7477e-01
6.2403e-01
7.3419e-01
9.2810e-01
6.0196e-01
8.0498e-01
6.5119e-01
8.4138e-01
8.1552e-01
7.4398e-01
7.5905e-01
9.9394e-01
6.5658e-01
9.2621e-01
6.1200e-01
6.0251e-01
8.0120e-01
6.8323e-01
6.4806e-01
9.1494e-01
8.8603e-01
7.7347e-01
7.5893e-01
7.3249e-01
9.0997e-01
7.8341e-01
8.8178e-01
9.0294e-01
7.8225e-01
9.7814e-01
7.9989e-01
8.5723e-01
7.7805e-01
7.0844e-01
8.3585e-01
8.2890e-01
7.6625e-01
6.9827e-01
8.5783e-01
9.8994e-01
9.1197e-01
9.3178e-01
9.8933e-01
8.6348e-01
9.2171e-01
8.4957e-01
7.0597e-01
6.3444e-01
6.1456e-01
8.1147e-01
7.0273e-01
9.5128e-01
9.1644e-01
9.9839e-01
9.7919e-01
9.5764e-01
6.9887e-01
7.5967e-01
8.5896e-01
6.6685e-01
8.2727e-01
7.6740e-01
8.2899e-01
9.1397e-01
8.4556e-01
8.2627e-01
9.9933e-01
7.0074e-01
9.4640e-01
8.7339e-01
9.3889e-01
7.6769e-01
6.4424e-01
6.8349e-01
9.2968e-01
7.5651e-01
8.8845e-01
8.5817e-01
9.4630e-01
8.6941e-01
9.0980e-01
6.5598e-01
6.4371e-01
6.8147e-01
7.0578e-01
8.2667e-01
6.1355e-01
6.8690e-01
9.0355e-01
7.5242e-01
8.4105e-01
7.4379e-01
6.7463e-01
7.0452e-01
8.4143e-01
6.7754e-01
6.1104e-01
6.2817e-01
9.9716e-01
8.5169e-01
8.5669e-01
6.7978e-01
9.4498e-01
6.3583e-01
8.0312e-01
8.1998e-01
8.4551e-01
9.9470e-01
9.5826e-01
6.5571e-01
8.7433e-01
8.2894e-01
9.9770e-01
7.7786e-01
9.1026e-01
7.9976e-01
7.2502e-01
8.2737e-01
7.3275e-01
7.4635e-01
7.1114e-01
8.7991e-01
8.8881e-01
7.8722e-01
8.5206e-01
8.8950e-01
8.4508e-01
9.4441e-01
9.3380e-01
9.3944e-01
7.3090e-01
6.0278e-01
7.5276e-01
7.2910e-01
9.4078e-01
8.1387e-01
8.7764e-01
8.4536e-01
7.9625e-01
6.4780e-01
7.1405e-01
7.3031e-01
9.7223e-01
6.9891e-01
7.7091e-01
7.4756e-01
8.7116e-01
6.8158e-01
8.2255e-01
7.9199e-01
7.2636e-01
6.0062e-01
7.4746e-01
8.9305e-01
6.1173e-01
6.0362e-01
8.6778e-01
8.7409e-01
9.0071e-01
8.5446e-01
6.5037e-01
8.5583e-01
7.6648e-01
6.9800e-01
9.5316e-01
6.7952e-01
6.6687e-01
9.1163e-01
7.0650e-01
6.4655e-01
9.3139e-01
7.8392e-01
8.6494e-01
8.2287e-01
8.7533e-01
7.5690e-01
7.7486e-01
7.7543e-01
6.8247e-01
8.6034e-01
8.1422e-01
6.6500e-01
8.6897e-01
8.7018e-01
7.8906e-01
9.8481e-01
7.1879e-01
6.3014e-01
8.0277e-01
9.4394e-01
6.6855e-01
9.6682e-01
6.5913e-01
9.8632e-01
7.1858e-01
8.2313e-01
6.9801e-01
7.7333e-01
7.1094e-01
7.0579e-01
6.2949e-01
6.1740e-01
7.3019e-01
8.1835e-01
8.5611e-01
9.2780e-01
8.0679e-01
8.6246e-01
6.7135e-01
7.5456e-01
8.3280e-01
7.4147e-01
9.9144e-01
9.0472e-01
9.2526e-01
7.8310e-01
7.8586e-01
6.5324e-01
6.3753e-01
9.7334e-01
7.2557e-01
7.1765e-01
9.7906e-01
7.3250e-01
7.8628e-01
7.7440e-01
6.0343e-01
6.4474e-01
9.0265e-01
7.2329e-01
7.5756e-01
9.7724e-01
7.5592e-01
6.8473e-01
7.5397e-01
9.2691e-01
6.7353e-01
6.4751e-01
9.3149e-01
7.8564e-01
8.4953e-01
7.4071e-01
7.5278e-01
9.7621e-01
6.4152e-01
8.0382e-01
6.8246e-01
6.4543e-01
8.8462e-01
9.9853e-01
8.2179e-01
6.3778e-01
9.9292e-01
6.3616e-01
6.8683e-01
9.4436e-01
7.7979e-01
9.1313e-01
7.1301e-01
8.4632e-01
7.0643e-01
8.4111e-01
7.1547e-01
8.0555e-01
7.1271e-01
7.0056e-01
6.0724e-01
6.0666e-01
8.3912e-01
6.2660e-01
6.4016e-01
9.6831e-01
8.4048e-01
8.6732e-01
9.4969e-01
9.8194e-01
8.8857e-01
7.2194e-01
8.5947e-01
6.6120e-01
7.8082e-01
8.5964e-01
8.7378e-01
9.2453e-01
7.9998e-01
8.8019e-01
8.7774e-01
7.6177e-01
9.3215e-01
9.3979e-01
9.8825e-01
8.9493e-01
8.2598e-01
6.9013e-01
7.7064e-01
7.6172e-01
8.7706e-01
8.0970e-01
6.5643e-01
7.7371e-01
6.1734e-01
6.0505e-01
6.6204e-01
6.9328e-01
6.6115e-01
8.6926e-01
6.9749e-01
8.6961e-01
6.5094e-01
9.7810e-01
7.9031e-01
6.5506e-01
7.4843e-01
9.4168e-01
8.9228e-01
9.2453e-01
8.5602e-01
9.0786e-01
6.0389e-01
7.9690e-01
8.6610e-01
8.3359e-01
6.1934e-01
9.7665e-01
6.3018e-01
8.1783e-01
6.5955e-01
9.5378e-01
8.6864e-01
6.4687e-01
9.8867e-01
9.9138e-01
6.4496e-01
6.4335e-01
8.0107e-01
6.1244e-01
8.9040e-01
7.8160e-01
6.2181e-01
8.3794e-01
7.6244e-01
9.7753e-01
8.5735e-01
9.1029e-01
6.6278e-01
8.0986e-01
9.5847e-01
6.6689e-01
7.8735e-01
8.8021e-01
6.9396e-01
8.7675e-01
7.7180e-01
6.7348e-01
6.9400e-01
9.9070e-01
8.9383e-01
7.1607e-01
9.4974e-01
8.8002e-01
7.1665e-01
6.8099e-01
6.7511e-01
9.3665e-01
7.4978e-01
8.0083e-01
9.4995e-01
9.5121e-01
8.1857e-01
9.8366e-01
9.3037e-01
6.6002e-01
6.3022e-01
7.2649e-01
9.4784e-01
7.4375e-01
9.6426e-01
7.8046e-01
8.1728e-01
8.9267e-01
9.5228e-01
8.4249e-01
6.1515e-01
9.8180e-01
6.7587e-01
7.3119e-01
9.8748e-01
8.8099e-01
7.3695e-01
6.4705e-01
6.9792e-01
7.5013e-01
6.1132e-01
6.9327e-01
8.7369e-01
7.8423e-01
8.7993e-01
9.0292e-01
7.2382e-01
7.1003e-01
9.2929e-01
9.0910e-01
6.0311e-01
6.5907e-01
9.0594e-01
6.0743e-01
8.9755e-01
6.8522e-01
8.1282e-01
7.5610e-01
7.9185e-01
8.7577e-01
7.8611e-01
9.8230e-01
8.9389e-01
8.0047e-01
7.4393e-01
7.1601e-01
7.7701e-01
6.7716e-01
7.7488e-01
6.6194e-01
7.8920e-01
7.8157e-01
6.2142e-01
8.4173e-01
9.8589e-01
7.5265e-01
8.6901e-01
9.3686e-01
8.1270e-01
7.2192e-01
7.2277e-01
9.5309e-01
6.8290e-01
8.8747e-01
9.4445e-01
6.8108e-01
9.9011e-01
9.3952e-01
9.1647e-01
6.7845e-01
8.8026e-01
7.6657e-01
6.4909e-01
6.7931e-01
9.4709e-01
6.6599e-01
8.3499e-01
7.2795e-01
6.6596e-01
9.8251e-01
7.5716e-01
7.1301e-01
6.6836e-01
7.6096e-01
8.0671e-01
9.9358e-01
8.3057e-01
7.9507e-01
9.3136e-01
9.4043e-01
8.4458e-01
6.1556e-01
9.3832e-01
6.4111e-01
7.0115e-01
9.5366e-01
7.6140e-01
9.4153e-01
6.9332e-01
8.6179e-01
8.2178e-01
8.7651e-01
7.6354e-01
6.4815e-01
9.4350e-01
9.8443e-01
9.9560e-01
7.6408e-01
6.9173e-01
9.3333e-01
9.2674e-01
6.7259e-01
9.1425e-01
9.0893e-01
8.6150e-01
9.2503e-01
9.1394e-01
9.7120e-01
9.6388e-01
6.0061e-01
8.7853e-01
9.9321e-01
7.0670e-01
9.5281e-01
7.5838e-01
7.7030e-01
7.7096e-01
8.6083e-01
9.1081e-01
7.1710e-01
6.5677e-01
9.3051e-01
7.2415e-01
8.9759e-01
9.0625e-01
6.4571e-01
9.7339e-01
8.5049e-01
9.5769e-01
7.7809e-01
8.5323e-01
6.6370e-01
8.1376e-01
7.5457e-01
9.0267e-01
8.2986e-01
8.4000e-01
8.2222e-01
7.2486e-01
8.0633e-01
6.7122e-01
6.5263e-01
7.5307e-01
6.4149e-01
9.2129e-01
7.4686e-01
9.2877e-01
6.2872e-01
7.9541e-01
8.8554e-01
9.9626e-01
7.9279e-01
7.1797e-01
6.0491e-01
8.0839e-01
6.4123e-01
7.7625e-01
6.0034e-01
6.4209e-01
6.4989e-01
8.7768e-01
7.5475e-01
8.8646e-01
6.4098e-01
7.4033e-01
9.5743e-01
9.9958e-01
9.9870e-01
8.6652e-01
8.0747e-01
6.6941e-01
9.7597e-01
6.3526e-01
9.3090e-01
6.3695e-01
9.1103e-01
8.3328e-01
9.4014e-01
7.4503e-01
6.7003e-01
7.0275e-01
8.4602e-01
9.2001e-01
6.6613e-01
7.6151e-01
7.9887e-01
9.1181e-01
7.9711e-01
8.3211e-01
7.4499e-01
8.8676e-01
7.3419e-01
7.2323e-01
7.7452e-01
9.1105e-01
9.8458e-01
7.5923e-01
6.2856e-01
9.1043e-01
7.4336e-01
9.2322e-01
6.1958e-01
8.7197e-01
8.6974e-01
7.0472e-01
7.9781e-01
8.9476e-01
7.3529e-01
6.6620e-01
9.2609e-01
8.0110e-01
9.6754e-01
8.2943e-01
6.3168e-01
9.5863e-01
6.7598e-01
8.3007e-01
7.1598e-01
6.9611e-01
9.4523e-01
9.5228e-01
6.1718e-01
6.7322e-01
7.3933e-01
9.1635e-01
6.6938e-01
8.4813e-01
9.4990e-01
6.1985e-01
7.0722e-01
7.4914e-01
7.5556e-01
8.8551e-01
7.5378e-01
9.9935e-01
6.6793e-01
7.6113e-01
6.4287e-01
6.9274e-01
6.3531e-01
8.6820e-01
7.1863e-01
6.1145e-01
7.8936e-01
6.5532e-01
8.5563e-01
6.5605e-01
8.1737e-01
7.3031e-01
6.8288e-01
9.7008e-01
7.3719e-01
6.5365e-01
9.3670e-01
7.9269e-01
8.8062e-01
9.2058e-01
7.1130e-01
9.2983e-01
9.9160e-01
8.5183e-01
8.5227e-01
9.0089e-01
8.7291e-01
6.2006e-01
6.7234e-01
7.6145e-01
8.0169e-01
8.5994e-01
8.1257e-01
8.9402e-01
6.8732e-01
8.4737e-01
9.9393e-01
7.4479e-01
8.1485e-01
6.9220e-01
7.8755e-01
6.5591e-01
7.5017e-01
6.3388e-01
9.4762e-01
7.5322e-01
7.6233e-01
7.6886e-01
6.5638e-01
9.6878e-01
9.8237e-01
6.2004e-01
8.1939e-01
6.7756e-01
6.4492e-01
7.0058e-01
8.9118e-01
9.2632e-01
6.8745e-01
7.3317e-01
8.4327e-01
7.2326e-01
8.6555e-01
6.2488e-01
8.7892e-01
7.6537e-01
7.6487e-01
8.6056e-01
7.8946e-01
6.9042e-01
7.5963e-01
9.6516e-01
6.5150e-01
8.6541e-01
7.8529e-01
8.7600e-01
6.1770e-01
9.7287e-01
8.4452e-01
8.6470e-01
9.5988e-01
8.9544e-01
8.3512e-01
9.2014e-01
7.4882e-01
7.8416e-01
6.9006e-01
9.3131e-01
7.5165e-01
8.1065e-01
8.1922e-01
8.7385e-01
8.0002e-01
6.4957e-01
8.8159e-01
9.2793e-01
6.2796e-01
6.5258e-01
6.1248e-01
7.6034e-01
9.6217e-01
8.0245e-01
8.3432e-01
8.4689e-01
8.8151e-01
6.2430e-01
7.3778e-01
9.9229e-01
6.2178e-01
7.1192e-01
8.5934e-01
9.8649e-01
9.8318e-01
6.6840e-01
6.1531e-01
9.8313e-01
7.8180e-01
8.4829e-01
9.8166e-01
8.4510e-01
8.1126e-01
7.3789e-01
6.2406e-01
7.4486e-01
8.0323e-01
9.1301e-01
7.0679e-01
8.3796e-01
9.6320e-01
8.8398e-01
8.2257e-01
7.3999e-01
7.5661e-01
6.7111e-01
8.5745e-01
7.6594e-01
6.8669e-01
8.3642e-01
8.6896e-01
7.6687e-01
6.5227e-01
7.7427e-01
7.1691e-01
6.3131e-01
8.6089e-01
7.8449e-01
8.6395e-01
9.3113e-01
7.1237e-01
7.9401e-01
8.4915e-01
7.3709e-01
8.2730e-01
8.3818e-01
6.6924e-01
6.3113e-01
7.7599e-01
9.6420e-01
6.6889e-01
6.7128e-01
7.1676e-01
7.6815e-01
8.7254e-01
6.9535e-01
7.0616e-01
8.0814e-01
7.5328e-01
9.9735e-01
9.5252e-01
6.3159e-01
6.5950e-01
7.5742e-01
6.5583e-01
8.1816e-01
9.9049e-01
9.8266e-01
6.2905e-01
9.4438e-01
6.2344e-01
7.6534e-01
8.2097e-01
6.2386e-01
7.0850e-01
8.4492e-01
6.4415e-01
7.8815e-01
6.6997e-01
7.0449e-01
9.9845e-01
8.2082e-01
6.3263e-01
9.4787e-01
7.4905e-01
7.3570e-01
7.5872e-01
8.6703e-01
9.1423e-01
8.4603e-01
7.4355e-01
9.2367e-01
8.8458e-01
8.7134e-01
6.6451e-01
8.8860e-01
7.1873e-01
9.3219e-01
6.2132e-01
8.8152e-01
9.5903e-01
9.8963e-01
9.1167e-01
9.4163e-01
7.3141e-01
8.3095e-01
9.5342e-01
7.7216e-01
8.8982e-01
8.2752e-01
8.5493e-01
6.3364e-01
6.4083e-01
8.0430e-01
8.8912e-01
7.6493e-01
8.6017e-01
8.0514e-01
6.5236e-01
8.6075e-01
7.8726e-01
6.6556e-01
7.1806e-01
9.3413e-01
7.9930e-01
7.7258e-01
9.4495e-01
6.6953e-01
6.8637e-01
6.9904e-01
6.6311e-01
9.0614e-01
7.9091e-01
9.2937e-01
6.0546e-01
8.1136e-01
7.5646e-01
9.9125e-01
8.4502e-01
6.9120e-01
8.0342e-01
7.1771e-01
8.3353e-01
7.2845e-01
6.6325e-01
8.7933e-01
6.5085e-01
9.1147e-01
8.9919e-01
7.3934e-01
7.4640e-01
8.4572e-01
9.2363e-01
6.3361e-01
8.7900e-01
7.2085e-01
8.0932e-01
9.2884e-01
6.9963e-01
9.5757e-01
9.4684e-01
8.0035e-01
9.6912e-01
6.0785e-01
7.6887e-01
6.5356e-01
9.7679e-01
8.4995e-01
7.1370e-01
6.6847e-01
8.4294e-01
6.9448e-01
6.7986e-01
8.3100e-01
6.2220e-01
6.0481e-01
6.0180e-01
7.6483e-01
6.8842e-01
9.6465e-01
7.9179e-01
8.3993e-01
7.5260e-01
7.5931e-01
7.6481e-01
8.9046e-01
8.3572e-01
7.8982e-01
9.8271e-01
9.0896e-01
7.3457e-01
9.3662e-01
9.1169e-01
9.1914e-01
8.0932e-01
7.8971e-01
7.9121e-01
6.4842e-01
7.6554e-01
9.0318e-01
7.2949e-01
6.2005e-01
9.7496e-01
6.8437e-01
7.3865e-01
7.3919e-01
9.9128e-01
7.4182e-01
8.0605e-01
8.5290e-01
9.7418e-01
8.9018e-01
8.0759e-01
6.5752e-01
9.1456e-01
9.7190e-01
7.3201e-01
9.8730e-01
6.3592e-01
6.1093e-01
8.7231e-01
7.1104e-01
8.6123e-01
6.6622e-01
8.2880e-01
7.9889e-01
9.2035e-01
6.0292e-01
9.3382e-01
6.2609e-01
8.3915e-01
7.5937e-01
6.5121e-01
9.3152e-01
9.9456e-01
9.8591e-01
9.5556e-01
6.0974e-01
9.9988e-01
9.7770e-01
9.0103e-01
9.7806e-01
9.2653e-01
7.3820e-01
9.4361e-01
8.2508e-01
8.9060e-01
9.7268e-01
9.2064e-01
7.8333e-01
8.0194e-01
9.1234e-01
7.6338e-01
9.9996e-01
7.7993e-01
7.6347e-01
8.8739e-01
8.0690e-01
7.5509e-01
6.1333e-01
9.7807e-01
9.5673e-01
9.5340e-01
9.1328e-01
6.5929e-01
7.6579e-01
9.5999e-01
6.2116e-01
9.5369e-01
6.8479e-01
8.7707e-01
7.1373e-01
9.6737e-01
8.0118e-01
6.7400e-01
9.0312e-01
9.4345e-01
8.8678e-01
8.8823e-01
6.3338e-01
8.3914e-01
8.3688e-01
6.8462e-01
8.9799e-01
8.1899e-01
7.4775e-01
6.8091e-01
8.9296e-01
9.9595e-01
8.7049e-01
8.1150e-01
8.3677e-01
7.4539e-01
6.5992e-01
7.6216e-01
7.4910e-01
6.0015e-01
7.4713e-01
7.8826e-01
9.2240e-01
9.4551e-01
9.2552e-01
8.4492e-01
8.5808e-01
7.7057e-01
8.5198e-01
9.2122e-01
9.0215e-01
8.7725e-01
8.5442e-01
7.5900e-01
7.3393e-01
7.5774e-01
8.8260e-01
9.6755e-01
7.0016e-01
7.3592e-01
6.5586e-01
8.8506e-01
8.3335e-01
8.5544e-01
6.7593e-01
8.6143e-01
8.6800e-01
7.5570e-01
7.1353e-01
9.7780e-01
9.8496e-01
6.2421e-01
6.8657e-01
9.9179e-01
7.0750e-01
7.9718e-01
8.0995e-01
6.9782e-01
6.1791e-01
7.5879e-01
9.5563e-01
7.9046e-01
9.1495e-01
9.5167e-01
7.8304e-01
7.5116e-01
8.7369e-01
9.7400e-01
7.9682e-01
9.8281e-01
9.6968e-01
9.8144e-01
9.9887e-01
7.6855e-01
9.1379e-01
8.1401e-01
8.0062e-01
6.3765e-01
8.4422e-01
6.5971e-01
7.7093e-01
9.7142e-01
8.3670e-01
6.3716e-01
9.7867e-01
8.4408e-01
8.7216e-01
8.0021e-01
6.3959e-01
7.8630e-01
6.4132e-01
6.6910e-01
9.6361e-01
6.8824e-01
8.8839e-01
9.3408e-01
6.6228e-01
8.7029e-01
8.6935e-01
6.4095e-01
6.8458e-01
9.8040e-01
9.4492e-01
7.6869e-01
9.3304e-01
7.5170e-01
8.5543e-01
9.1899e-01
6.0491e-01
6.5517e-01
8.4605e-01
9.3998e-01
6.9832e-01
7.1807e-01
9.5950e-01
6.1067e-01
6.5463e-01
7.3510e-01
9.1324e-01
8.5456e-01
9.7561e-01
9.2610e-01
9.1129e-01
9.4108e-01
7.0483e-01
9.5364e-01
9.7342e-01
9.2825e-01
6.3589e-01
8.4356e-01
6.1806e-01
8.2415e-01
7.0972e-01
7.9771e-01
9.7445e-01
6.6973e-01
8.6547e-01
6.0863e-01
8.5723e-01
9.7748e-01
9.0973e-01
7.8200e-01
6.0238e-01
7.2566e-01
9.0675e-01
9.1513e-01
7.1251e-01
9.1097e-01
8.8696e-01
6.0269e-01
6.0647e-01
6.1824e-01
6.1108e-01
6.0714e-01
6.2976e-01
8.8536e-01
8.9674e-01
8.3168e-01
9.3066e-01
9.6048e-01
7.2644e-01
6.7115e-01
8.5061e-01
6.2417e-01
9.9861e-01
9.1611e-01
9.2187e-01
9.7162e-01
9.8736e-01
8.8070e-01
7.5642e-01
8.1463e-01
6.7346e-01
7.8741e-01
6.2090e-01
8.5486e-01
8.8554e-01
9.1648e-01
9.4316e-01
7.8432e-01
8.3151e-01
8.2667e-01
6.0061e-01
6.1194e-01
9.7441e-01
6.2524e-01
9.1682e-01
7.6941e-01
6.8053e-01
9.4845e-01
8.8365e-01
7.9971e-01
6.6414e-01
9.7127e-01
9.6237e-01
6.9777e-01
6.9671e-01
8.9510e-01
9.7920e-01
9.3157e-01
7.7593e-01
6.2529e-01
7.1285e-01
8.6449e-01
8.1258e-01
6.6716e-01
7.0955e-01
9.5851e-01
8.5279e-01
9.4581e-01
8.5869e-01
9.9586e-01
6.7331e-01
8.5496e-01
8.8891e-01
6.0248e-01
9.3746e-01
9.6169e-01
9.8567e-01
7.7888e-01
9.4012e-01
9.6828e-01
6.0374e-01
9.0893e-01
7.6793e-01
7.5640e-01
8.6599e-01
6.8368e-01
9.2505e-01
7.9420e-01
8.9727e-01
7.0580e-01
9.9189e-01
9.1973e-01
9.1832e-01
9.4839e-01
8.9202e-01
7.4259e-01
9.2828e-01
7.7869e-01
7.8991e-01
6.8572e-01
8.8178e-01
9.1923e-01
6.3260e-01
6.7064e-01
6.0693e-01
7.7238e-01
9.4035e-01
8.6696e-01
6.5235e-01
8.5322e-01
8.7854e-01
9.2630e-01
9.4148e-01
8.2886e-01
9.4948e-01
8.9823e-01
9.1074e-01
6.1351e-01
8.3708e-01
8.2243e-01
9.6358e-01
6.3593e-01
6.5116e-01
6.3491e-01
9.4112e-01
7.3505e-01
9.1234e-01
6.7801e-01
8.1328e-01
8.7717e-01
6.9431e-01
6.6260e-01
9.3379e-01
7.7013e-01
7.6100e-01
6.6880e-01
8.6133e-01
9.6899e-01
8.8118e-01
7.4041e-01
8.0086e-01
6.5807e-01
7.2805e-01
6.1604e-01
9.3445e-01
8.8805e-01
9.7661e-01
8.1793e-01
6.5909e-01
7.1747e-01
9.7588e-01
6.8141e-01
9.5019e-01
7.6951e-01
9.8564e-01
8.2500e-01
6.7464e-01
7.9375e-01
8.1895e-01
6.9648e-01
8.7012e-01
6.9716e-01
7.6387e-01
7.5242e-01
9.4132e-01
8.3584e-01
7.7948e-01
6.2070e-01
9.2512e-01
6.1894e-01
9.8725e-01
9.6200e-01
6.6555e-01
6.9285e-01
9.5171e-01
9.5109e-01
6.3644e-01
7.5772e-01
8.7598e-01
9.9996e-01
8.1020e-01
9.2380e-01
9.3951e-01
8.2388e-01
9.0719e-01
8.6964e-01
6.4517e-01
6.7378e-01
6.2279e-01
7.8761e-01
9.1496e-01
7.3818e-01
8.3175e-01
7.0091e-01
7.3344e-01
9.9771e-01
7.2347e-01
9.8772e-01
6.4660e-01
9.0541e-01
9.7642e-01
7.6526e-01
6.5625e-01
6.6330e-01
7.2602e-01
7.8822e-01
7.3400e-01
8.6671e-01
7.9667e-01
8.6735e-01
9.8158e-01
8.1390e-01
8.9447e-01
6.5840e-01
9.9979e-01
6.2577e-01
6.2937e-01
8.0760e-01
8.2927e-01
7.9258e-01
7.2326e-01
8.2692e-01
9.4209e-01
6.5471e-01
8.7522e-01
6.0259e-01
8.6453e-01
8.6636e-01
8.3331e-01
6.1198e-01
7.7990e-01
8.9367e-01
7.8137e-01
9.6618e-01
6.4095e-01
6.7255e-01
6.4055e-01
9.8464e-01
8.3258e-01
9.8095e-01
7.3292e-01
8.5788e-01
9.5791e-01
7.9102e-01
9.8468e-01
9.5617e-01
6.2629e-01
7.1303e-01
6.3192e-01
7.1737e-01
9.4803e-01
8.5535e-01
7.8117e-01
8.2115e-01
7.3743e-01
9.8462e-01
7.2818e-01
9.5473e-01
8.1287e-01
8.5188e-01
9.4183e-01
9.0485e-01
7.0488e-01
8.0246e-01
9.6972e-01
9.4407e-01
8.8438e-01
8.5623e-01
8.0462e-01
9.6138e-01
8.7252e-01
9.1947e-01
8.8236e-01
7.8584e-01
6.1569e-01
8.6244e-01
8.4159e-01
8.2254e-01
6.4293e-01
8.0843e-01
9.1827e-01
9.7065e-01
7.6702e-01
6.9314e-01
8.5535e-01
6.9146e-01
