8.6801e-01
9.3690e-01
9.2519e-01
7.4517e-01
6.8486e-01
8.1989e-01
9.9274e-01
8.3027e-01
9.1950e-01
6.0663e-01
7.6066e-01
8.0768e-01
7.5260e-01
9.9383e-01
7.0252e-01
8.9504e-01
7.3256e-01
9.7287e-01
9.8078e-01
8.0916e-01
7.9506e-01
8.0705e-01
9.9741e-01
6.7787e-01
8.6502e-01
6.5075e-01
7.9122e-01
9.3066e-01
6.2640e-01
6.7643e-01
9.0122e-01
9.7089e-01
6.0031e-01
6.3640e-01
8.6014e-01
8.9704e-01
9.6148e-01
9.6679e-01
6.0272e-01
6.5454e-01
7.4531e-01
8.2890e-01
8.7027e-01
6.6144e-01
6.8356e-01
8.7671e-01
6.2536e-01
6.5131e-01
7.3285e-01
9.8619e-01
6.5196e-01
6.3371e-01
8.9925e-01
7.4865e-01
9.6743e-01
9.2957e-01
9.4864e-01
6.3939e-01
8.3300e-01
7.5418e-01
6.6940e-01
7.2462e-01
9.1021e-01
9.6240e-01
9.1749e-01
9.4877e-01
7.8996e-01
9.9958e-01
9.6722e-01
8.3787e-01
7.8184e-01
6.7169e-01
8.5846e-01
7.1799e-01
9.2709e-01
6.0883e-01
9.0874e-01
9.5138e-01
6.7957e-01
9.8968e-01
7.9763e-01
6.7126e-01
9.2399e-01
9.5004e-01
7.3292e-01
6.3941e-01
7.7988e-01
8.0322e-01
9.8320e-01
8.9735e-01
6.1838e-01
9.5382e-01
7.0857e-01
9.5213e-01
9.3146e-01
9.6022e-01
9.7990e-01
9.9186e-01
6.9086e-01
7.4066e-01
9.2739e-01
9.7329e-01
9.2819e-01
6.7555e-01
9.0993e-01
6.6359e-01
9.3773e-01
6.9501e-01
8.8236e-01
7.1131e-01
6.4869e-01
8.2099e-01
6.1255e-01
8.1626e-01
6.0553e-01
7.6217e-01
7.7737e-01
6.7839e-01
8.7366e-01
9.0862e-01
7.7965e-01
6.1973e-01
8.8493e-01
7.1986e-01
6.1184e-01
6.0337e-01
6.4847e-01
9.7168e-01
8.9637e-01
9.0597e-01
9.5463e-01
6.1465e-01
8.6893e-01
8.9291e-01
7.2082e-01
9.5610e-01
9.9940e-01
9.1807e-01
6.8284e-01
8.1681e-01
7.4699e-01
7.7521e-01
9.9265e-01
7.6099e-01
8.2811e-01
8.0540e-01
7.8778e-01
8.8222e-01
8.4253e-01
6.2059e-01
8.1483e-01
7.3031e-01
6.3908e-01
9.9936e-01
7.8924e-01
8.6246e-01
8.1723e-01
9.2260e-01
8.5432e-01
8.4307e-01
7.6168e-01
6.2460e-01
6.4178e-01
8.3601e-01
8.1721e-01
8.6272e-01
7.3114e-01
8.8801e-01
9.8202e-01
9.7806e-01
8.0289e-01
8.2343e-01
7.4032e-01
6.9599e-01
6.0555e-01
7.3567e-01
6.0060e-01
7.8937e-01
7.4625e-01
6.0811e-01
6.2064e-01
6.4892e-01
6.8139e-01
8.0831e-01
7.3359e-01
9.2477e-01
9.2514e-01
6.9142e-01
6.6500e-01
6.8739e-01
9.0926e-01
9.9548e-01
9.1343e-01
7.1020e-01
9.9162e-01
7.5529e-01
9.2417e-01
7.3434e-01
6.6927e-01
9.3863e-01
7.1548e-01
8.6898e-01
7.7566e-01
8.1709e-01
8.3409e-01
7.7704e-01
8.1144e-01
7.0335e-01
9.6670e-01
9.4106e-01
7.5259e-01
6.5382e-01
6.4918e-01
6.9171e-01
7.8593e-01
6.1553e-01
6.6232e-01
8.5431e-01
9.0047e-01
8.5159e-01
6.3316e-01
7.4786e-01
9.9979e-01
8.1779e-01
7.4596e-01
8.1342e-01
8.6523e-01
6.5936e-01
9.1684e-01
8.9071e-01
9.1394e-01
6.7138e-01
7.0912e-01
7.8283e-01
8.9283e-01
9.9554e-01
8.2099e-01
9.5422e-01
9.4100e-01
6.1807e-01
9.5200e-01
9.1106e-01
9.2178e-01
9.8505e-01
7.5474e-01
6.0257e-01
6.8123e-01
8.5181e-01
8.9912e-01
8.9991e-01
9.7591e-01
9.1468e-01
9.1553e-01
6.4027e-01
6.1839e-01
7.1792e-01
8.7358e-01
6.9922e-01
6.8371e-01
9.4065e-01
8.4670e-01
6.4700e-01
6.3226e-01
6.8213e-01
8.2019e-01
8.6380e-01
7.2253e-01
7.7368e-01
8.0178e-01
8.3616e-01
6.1340e-01
6.3100e-01
6.0793e-01
6.5271e-01
7.9364e-01
9.5505e-01
6.1278e-01
9.6848e-01
8.6041e-01
6.8626e-01
7.1868e-01
8.1720e-01
6.7196e-01
9.8529e-01
9.2956e-01
7.9507e-01
6.7989e-01
6.1104e-01
8.8966e-01
6.6053e-01
6.7795e-01
7.7650e-01
7.8176e-01
9.6321e-01
9.8153e-01
6.6010e-01
6.9948e-01
8.8220e-01
9.6696e-01
9.7809e-01
6.1556e-01
6.6717e-01
7.5698e-01
7.6539e-01
9.6786e-01
6.3514e-01
6.3717e-01
6.8090e-01
9.2655e-01
9.2907e-01
7.4172e-01
6.4580e-01
9.8902e-01
9.2442e-01
7.5071e-01
7.1799e-01
8.8039e-01
6.6740e-01
7.1093e-01
6.1334e-01
8.6543e-01
8.8190e-01
7.3810e-01
9.5931e-01
7.7432e-01
8.3462e-01
6.7761e-01
8.1813e-01
8.2077e-01
8.4525e-01
9.1915e-01
6.4891e-01
6.0618e-01
9.7472e-01
6.6156e-01
8.3450e-01
9.0131e-01
9.0896e-01
9.3036e-01
6.3566e-01
8.5735e-01
7.2083e-01
7.1115e-01
8.4963e-01
7.8013e-01
8.3937e-01
8.7625e-01
9.2975e-01
8.8251e-01
9.6378e-01
8.6215e-01
9.4515e-01
9.6678e-01
7.9838e-01
9.7624e-01
6.2293e-01
9.8955e-01
7.5584e-01
9.6008e-01
7.2197e-01
8.4722e-01
9.6885e-01
6.0236e-01
9.4872e-01
9.4914e-01
9.9397e-01
8.5031e-01
6.3305e-01
9.3753e-01
9.1370e-01
7.0053e-01
6.9972e-01
8.2346e-01
9.8869e-01
8.3872e-01
8.3798e-01
9.0184e-01
8.0541e-01
8.6147e-01
8.5866e-01
6.0284e-01
6.5959e-01
9.4655e-01
8.3172e-01
9.3616e-01
9.8439e-01
9.4736e-01
8.3612e-01
6.8709e-01
6.4337e-01
8.3422e-01
9.9640e-01
7.6518e-01
9.3474e-01
9.9397e-01
9.8645e-01
6.1095e-01
8.5683e-01
7.3225e-01
9.4017e-01
9.5597e-01
8.4497e-01
7.4831e-01
6.7661e-01
9.5370e-01
7.1407e-01
8.9395e-01
8.5765e-01
9.6996e-01
7.2065e-01
7.5240e-01
6.2370e-01
7.8677e-01
9.6756e-01
9.3533e-01
7.1579e-01
9.7104e-01
6.6040e-01
8.6617e-01
8.3755e-01
6.8467e-01
6.8385e-01
8.8818e-01
9.3024e-01
6.6401e-01
8.3888e-01
7.1621e-01
8.6342e-01
7.1842e-01
9.4095e-01
6.3931e-01
6.4940e-01
6.4019e-01
6.8230e-01
9.3805e-01
9.7431e-01
6.8948e-01
6.7898e-01
6.9859e-01
9.7373e-01
8.9704e-01
9.5069e-01
8.0821e-01
7.2503e-01
6.6304e-01
9.9754e-01
7.7159e-01
8.4083e-01
9.5649e-01
6.2418e-01
9.0724e-01
8.7361e-01
9.9740e-01
9.2904e-01
6.7908e-01
9.8806e-01
8.4638e-01
7.7866e-01
6.7736e-01
9.2872e-01
9.7747e-01
7.8244e-01
8.5130e-01
9.1014e-01
9.4609e-01
6.0295e-01
9.8942e-01
6.9412e-01
9.5089e-01
6.8040e-01
9.8325e-01
6.3115e-01
8.5825e-01
7.5380e-01
6.0941e-01
8.1543e-01
7.1630e-01
9.4827e-01
6.9669e-01
6.4488e-01
9.3373e-01
9.4985e-01
9.7437e-01
8.5243e-01
6.0235e-01
6.5362e-01
7.6079e-01
9.5100e-01
9.7027e-01
7.9903e-01
6.9147e-01
6.1455e-01
9.8428e-01
8.1681e-01
9.1116e-01
6.9018e-01
6.6995e-01
7.3840e-01
6.7729e-01
6.4941e-01
8.7015e-01
9.5446e-01
7.8040e-01
9.0879e-01
6.6202e-01
6.9999e-01
8.5120e-01
6.6059e-01
7.3547e-01
6.9508e-01
7.5651e-01
8.8911e-01
7.9932e-01
6.7131e-01
9.9983e-01
9.0374e-01
8.0492e-01
7.7930e-01
6.3954e-01
9.7825e-01
8.2478e-01
7.8091e-01
9.5850e-01
8.2141e-01
9.2528e-01
9.3826e-01
6.8246e-01
6.6199e-01
7.5970e-01
9.0004e-01
6.8472e-01
9.9052e-01
7.1465e-01
9.5509e-01
7.3062e-01
6.3100e-01
8.7371e-01
7.2899e-01
9.9183e-01
6.8718e-01
9.8821e-01
9.1479e-01
6.2324e-01
6.9785e-01
6.7193e-01
6.1388e-01
6.5394e-01
8.3220e-01
9.0329e-01
8.5515e-01
6.2430e-01
7.2663e-01
7.3956e-01
8.3304e-01
7.5015e-01
8.4356e-01
6.7130e-01
7.4562e-01
9.0593e-01
6.1504e-01
9.4106e-01
9.1888e-01
9.6578e-01
9.8107e-01
6.9603e-01
6.2224e-01
6.9731e-01
9.6196e-01
6.1923e-01
8.9314e-01
6.2372e-01
6.1440e-01
7.4003e-01
6.1731e-01
7.6396e-01
6.1884e-01
9.7096e-01
8.9279e-01
7.2115e-01
9.6224e-01
6.6944e-01
9.2246e-01
6.7985e-01
6.1537e-01
8.5186e-01
7.8381e-01
8.0569e-01
7.8203e-01
7.1800e-01
8.1992e-01
7.6084e-01
8.8372e-01
6.4804e-01
8.2118e-01
6.1773e-01
7.3572e-01
8.3506e-01
9.0992e-01
9.1372e-01
7.2720e-01
9.8991e-01
6.0005e-01
7.5761e-01
7.2710e-01
8.7779e-01
7.6504e-01
6.1014e-01
7.9866e-01
7.6362e-01
9.4416e-01
7.5428e-01
6.5962e-01
6.6444e-01
6.1042e-01
7.2799e-01
7.0289e-01
7.3960e-01
6.4045e-01
9.8067e-01
8.6672e-01
6.5677e-01
6.0825e-01
7.6025e-01
6.7470e-01
9.6630e-01
8.7167e-01
6.7127e-01
8.3539e-01
8.9983e-01
8.5260e-01
7.3920e-01
9.3099e-01
9.8313e-01
9.1100e-01
7.7320e-01
8.4994e-01
7.0952e-01
8.6964e-01
9.9425e-01
8.1595e-01
9.6838e-01
7.6970e-01
7.3636e-01
8.5505e-01
8.7877e-01
9.0639e-01
8.6597e-01
6.1513e-01
7.4750e-01
9.4680e-01
9.5072e-01
9.0240e-01
6.0416e-01
6.9043e-01
9.2326e-01
9.6721e-01
7.2755e-01
8.8420e-01
9.5992e-01
9.8610e-01
9.6707e-01
8.2566e-01
9.1831e-01
8.1648e-01
9.9019e-01
7.4337e-01
7.7164e-01
9.6188e-01
6.7702e-01
7.2165e-01
6.5889e-01
6.8918e-01
9.5631e-01
9.0779e-01
8.1935e-01
9.7732e-01
8.0905e-01
7.9669e-01
9.7602e-01
6.1025e-01
8.2112e-01
8.7405e-01
6.7986e-01
9.2801e-01
7.1143e-01
6.7623e-01
7.9613e-01
6.0250e-01
8.3960e-01
7.8785e-01
6.7627e-01
6.0207e-01
9.5376e-01
8.2871e-01
8.9458e-01
9.7801e-01
7.5739e-01
7.5063e-01
7.9292e-01
6.0473e-01
8.2071e-01
8.7792e-01
8.9388e-01
7.6677e-01
9.1855e-01
6.1144e-01
9.0012e-01
9.0597e-01
7.0792e-01
7.1451e-01
6.8458e-01
9.7711e-01
6.6285e-01
8.9080e-01
9.2017e-01
9.9375e-01
6.2161e-01
9.2324e-01
9.6254e-01
8.3980e-01
9.8497e-01
6.7132e-01
6.1322e-01
7.1547e-01
9.5778e-01
6.4085e-01
7.6426e-01
6.4519e-01
9.6420e-01
8.4025e-01
9.6079e-01
9.5590e-01
7.5181e-01
8.2548e-01
9.6581e-01
8.7631e-01
7.8484e-01
8.7763e-01
9.1912e-01
7.6856e-01
7.1324e-01
7.1536e-01
7.3441e-01
7.2748e-01
6.4841e-01
8.9603e-01
8.2073e-01
7.2284e-01
9.7278e-01
9.7979e-01
6.8685e-01
8.1980e-01
9.5977e-01
8.1469e-01
8.1378e-01
6.8028e-01
9.5407e-01
7.8775e-01
7.9664e-01
8.3799e-01
8.8191e-01
8.6906e-01
8.7286e-01
7.8811e-01
8.3082e-01
9.9620e-01
7.6864e-01
6.3442e-01
8.7761e-01
7.0361e-01
7.0764e-01
8.8796e-01
9.0346e-01
9.9288e-01
6.9811e-01
9.4376e-01
7.0209e-01
7.4758e-01
7.4091e-01
9.1380e-01
8.2299e-01
6.4406e-01
7.7768e-01
8.8695e-01
9.4430e-01
6.0492e-01
8.6960e-01
9.2248e-01
8.5641e-01
7.3053e-01
6.8143e-01
9.7231e-01
9.8589e-01
7.2412e-01
9.6888e-01
7.3395e-01
8.4590e-01
8.4754e-01
6.9628e-01
8.3094e-01
9.0990e-01
9.1125e-01
9.5913e-01
8.1450e-01
9.8950e-01
6.9680e-01
8.6958e-01
7.8345e-01
9.3411e-01
8.8727e-01
9.3868e-01
6.6698e-01
7.7635e-01
7.0475e-01
9.8244e-01
8.0485e-01
8.4170e-01
6.6620e-01
6.7856e-01
6.8501e-01
6.8373e-01
8.5640e-01
9.7733e-01
6.6993e-01
6.8713e-01
6.7605e-01
6.4082e-01
7.1511e-01
7.2962e-01
9.0639e-01
7.4227e-01
9.2215e-01
6.7964e-01
7.4510e-01
9.9720e-01
8.1776e-01
7.2546e-01
6.2661e-01
9.4392e-01
9.7001e-01
9.8240e-01
9.1757e-01
8.3558e-01
9.0197e-01
7.4904e-01
6.0773e-01
9.2529e-01
8.0537e-01
8.8150e-01
8.8163e-01
8.1788e-01
6.5131e-01
7.9475e-01
7.6340e-01
8.9613e-01
7.9401e-01
8.4150e-01
8.9498e-01
6.3072e-01
9.4418e-01
9.8390e-01
8.9487e-01
9.9510e-01
9.9991e-01
9.7837e-01
6.7160e-01
6.2213e-01
6.1044e-01
8.3997e-01
6.3772e-01
6.2030e-01
6.2371e-01
8.6830e-01
8.7630e-01
9.2695e-01
8.0519e-01
9.4469e-01
6.1623e-01
7.4249e-01
7.6271e-01
7.4045e-01
7.0587e-01
6.5796e-01
6.2300e-01
7.5064e-01
6.8060e-01
9.0419e-01
9.8949e-01
9.9574e-01
6.8125e-01
8.6776e-01
7.2763e-01
7.7275e-01
9.7256e-01
7.6315e-01
8.6386e-01
7.3970e-01
9.0947e-01
6.9734e-01
6.4608e-01
8.9994e-01
8.7931e-01
6.4609e-01
6.0924e-01
8.8507e-01
6.2076e-01
7.8236e-01
6.0284e-01
8.6614e-01
8.2378e-01
6.9445e-01
9.1158e-01
9.2692e-01
6.6855e-01
9.0098e-01
8.4788e-01
7.9282e-01
7.9949e-01
9.0124e-01
6.8756e-01
8.7143e-01
9.3212e-01
9.2615e-01
6.2907e-01
8.6900e-01
9.0247e-01
9.8239e-01
6.5048e-01
9.3352e-01
8.4233e-01
6.5917e-01
8.7916e-01
8.8990e-01
6.3415e-01
7.4361e-01
9.5732e-01
7.7770e-01
8.7707e-01
6.0147e-01
6.4475e-01
7.6761e-01
8.1490e-01
6.0471e-01
9.4844e-01
6.9193e-01
7.0426e-01
7.3182e-01
6.9226e-01
6.0482e-01
8.3449e-01
7.9519e-01
7.1085e-01
7.6785e-01
6.1010e-01
6.5522e-01
9.3519e-01
7.0840e-01
7.2369e-01
9.2025e-01
9.0771e-01
9.1676e-01
6.0120e-01
7.5930e-01
8.2961e-01
9.1893e-01
6.7317e-01
9.1746e-01
8.9675e-01
7.5489e-01
9.8511e-01
9.6800e-01
9.9202e-01
6.9481e-01
6.0200e-01
6.0138e-01
7.9695e-01
9.2120e-01
8.9137e-01
6.1664e-01
6.3354e-01
7.7262e-01
7.4395e-01
8.8634e-01
8.1955e-01
7.6155e-01
8.6327e-01
8.8825e-01
7.8959e-01
8.9806e-01
8.3263e-01
7.9512e-01
6.9284e-01
9.2662e-01
7.2941e-01
6.5056e-01
9.4389e-01
9.0872e-01
8.3321e-01
8.4404e-01
9.1916e-01
8.9665e-01
9.2802e-01
9.4428e-01
9.5482e-01
9.2312e-01
8.3777e-01
6.0646e-01
8.2024e-01
8.5091e-01
9.4127e-01
7.7917e-01
7.9735e-01
9.4233e-01
9.0331e-01
8.8901e-01
6.9902e-01
9.9508e-01
8.2047e-01
6.5061e-01
8.9676e-01
9.1484e-01
7.3716e-01
8.2228e-01
9.5236e-01
8.5410e-01
6.1039e-01
9.4186e-01
7.3880e-01
7.2706e-01
7.8483e-01
8.5145e-01
9.7164e-01
6.0377e-01
7.2500e-01
8.6083e-01
8.3582e-01
6.5138e-01
6.8221e-01
9.1885e-01
7.7702e-01
6.5409e-01
9.5577e-01
9.9325e-01
7.1093e-01
7.3816e-01
9.9754e-01
6.4268e-01
7.1771e-01
8.9515e-01
8.8809e-01
8.0514e-01
6.9704e-01
6.6867e-01
8.4997e-01
8.0420e-01
9.0791e-01
6.5725e-01
6.2945e-01
9.1497e-01
7.7541e-01
6.4127e-01
8.3651e-01
9.8627e-01
9.4148e-01
6.0052e-01
7.7319e-01
6.4615e-01
8.2379e-01
8.2490e-01
7.1349e-01
9.0313e-01
7.1284e-01
9.2789e-01
8.5165e-01
7.1735e-01
6.4028e-01
6.2651e-01
6.4670e-01
6.8345e-01
6.1088e-01
6.4947e-01
9.1965e-01
6.1048e-01
7.1673e-01
9.0103e-01
6.2412e-01
7.6688e-01
8.4670e-01
7.6121e-01
7.6253e-01
6.8849e-01
7.2351e-01
8.7988e-01
9.6215e-01
8.1078e-01
6.7252e-01
8.8506e-01
6.0022e-01
6.3870e-01
9.1691e-01
9.4520e-01
7.7283e-01
6.5324e-01
7.3367e-01
6.0403e-01
9.8490e-01
8.3578e-01
7.8953e-01
6.8373e-01
6.6600e-01
8.6766e-01
7.8257e-01
8.6599e-01
9.0523e-01
9.4596e-01
7.6832e-01
8.6320e-01
8.4900e-01
6.7764e-01
7.6367e-01
9.8734e-01
7.8113e-01
9.4894e-01
7.4763e-01
8.1052e-01
6.0495e-01
9.0844e-01
7.1684e-01
8.2829e-01
8.3795e-01
9.3704e-01
9.6446e-01
8.5476e-01
7.6302e-01
6.1853e-01
6.6585e-01
9.1647e-01
8.2985e-01
6.2955e-01
9.1338e-01
8.4301e-01
7.7918e-01
8.4193e-01
7.4753e-01
8.8251e-01
8.0132e-01
6.1415e-01
6.2509e-01
8.2299e-01
9.7162e-01
9.2560e-01
9.2282e-01
9.9376e-01
6.0964e-01
9.7715e-01
8.7188e-01
6.3535e-01
6.5857e-01
9.5103e-01
7.6522e-01
9.5421e-01
8.5651e-01
9.9442e-01
8.0334e-01
9.8374e-01
6.2188e-01
6.3075e-01
8.9466e-01
8.5322e-01
7.8120e-01
6.2649e-01
9.3918e-01
6.1155e-01
6.9206e-01
8.4595e-01
9.9083e-01
6.6148e-01
9.2276e-01
8.5349e-01
6.2970e-01
6.8021e-01
6.7289e-01
9.5860e-01
6.6670e-01
7.5616e-01
8.5991e-01
6.5095e-01
9.6208e-01
7.1926e-01
8.5901e-01
7.9331e-01
6.3366e-01
6.8374e-01
6.0857e-01
9.4064e-01
6.6575e-01
8.3530e-01
8.1634e-01
7.4299e-01
6.0418e-01
7.1780e-01
6.1927e-01
8.9780e-01
9.6205e-01
7.7061e-01
9.9895e-01
6.1271e-01
8.8990e-01
7.9336e-01
8.2166e-01
8.2949e-01
9.0282e-01
9.4350e-01
7.5465e-01
6.9326e-01
6.3429e-01
8.8944e-01
6.0390e-01
6.9281e-01
7.8209e-01
7.0499e-01
8.3706e-01
9.9804e-01
9.2643e-01
9.5752e-01
6.5947e-01
6.2711e-01
8.4048e-01
8.9774e-01
7.0474e-01
9.7493e-01
7.0047e-01
6.7788e-01
9.8793e-01
9.4263e-01
7.6675e-01
9.6086e-01
9.2412e-01
8.6407e-01
7.3188e-01
7.2823e-01
7.6485e-01
7.3254e-01
8.9534e-01
8.5588e-01
7.9106e-01
7.9330e-01
8.8330e-01
7.5597e-01
6.5708e-01
7.5885e-01
8.1774e-01
6.9297e-01
9.1531e-01
7.9625e-01
8.0395e-01
8.0263e-01
7.1645e-01
8.2276e-01
6.8329e-01
8.4068e-01
9.5231e-01
6.4366e-01
7.1352e-01
8.6945e-01
8.0474e-01
9.8813e-01
6.3384e-01
9.6394e-01
9.6751e-01
7.4712e-01
9.3751e-01
7.8684e-01
9.2425e-01
8.9433e-01
9.3891e-01
6.7337e-01
7.1770e-01
9.4845e-01
7.0411e-01
9.7292e-01
6.6358e-01
9.3901e-01
6.0956e-01
7.7207e-01
6.5867e-01
6.1573e-01
7.3465e-01
6.5174e-01
8.5566e-01
7.0726e-01
8.4621e-01
6.9042e-01
6.7523e-01
8.4222e-01
9.1736e-01
9.5034e-01
8.5752e-01
9.6143e-01
6.9828e-01
6.4634e-01
6.9007e-01
9.0351e-01
6.0972e-01
9.3071e-01
8.0346e-01
8.8566e-01
8.4533e-01
6.5544e-01
8.4742e-01
7.3211e-01
8.4844e-01
6.1123e-01
9.6828e-01
6.1606e-01
7.9688e-01
8.7609e-01
8.3442e-01
6.1730e-01
8.1235e-01
8.9696e-01
9.6028e-01
6.8182e-01
6.5316e-01
8.6856e-01
8.1521e-01
9.5132e-01
7.2015e-01
8.3519e-01
9.4108e-01
7.7972e-01
6.8219e-01
8.2553e-01
6.2172e-01
9.6178e-01
6.9645e-01
6.8296e-01
9.9963e-01
9.5900e-01
7.7089e-01
8.3587e-01
7.9035e-01
9.6405e-01
7.7902e-01
6.5794e-01
7.2988e-01
7.3172e-01
8.5286e-01
9.0668e-01
6.3814e-01
7.6344e-01
9.5495e-01
7.3310e-01
6.2787e-01
7.7543e-01
8.2737e-01
9.7647e-01
9.6062e-01
7.9254e-01
7.4970e-01
9.9970e-01
8.2997e-01
8.0202e-01
6.6485e-01
9.8613e-01
6.2509e-01
7.7705e-01
9.7331e-01
9.5597e-01
9.8014e-01
8.0231e-01
9.5249e-01
8.9431e-01
9.9758e-01
8.2277e-01
9.6826e-01
9.5301e-01
6.3623e-01
9.4439e-01
9.6444e-01
9.3872e-01
6.5067e-01
6.3449e-01
6.8582e-01
8.2127e-01
6.3339e-01
7.0306e-01
8.7171e-01
9.7135e-01
9.7817e-01
7.0178e-01
6.2276e-01
9.4962e-01
9.1135e-01
9.5933e-01
6.2346e-01
8.4678e-01
8.3576e-01
8.4237e-01
7.3385e-01
7.1785e-01
7.8097e-01
7.4831e-01
8.1760e-01
9.3578e-01
7.8599e-01
6.2119e-01
7.7535e-01
6.5447e-01
9.2489e-01
6.0652e-01
9.6730e-01
8.0325e-01
8.5318e-01
8.5259e-01
7.9224e-01
9.2760e-01
9.3317e-01
8.5300e-01
9.1202e-01
6.7155e-01
9.1198e-01
6.0801e-01
9.1980e-01
8.2148e-01
6.3190e-01
7.1400e-01
7.1358e-01
9.7448e-01
6.8200e-01
9.1099e-01
7.1577e-01
8.2968e-01
8.1904e-01
6.4075e-01
9.3779e-01
7.2495e-01
8.3066e-01
7.6612e-01
6.0146e-01
7.6793e-01
6.1182e-01
6.0281e-01
9.1531e-01
6.5299e-01
7.9562e-01
8.7058e-01
8.6346e-01
7.9995e-01
8.7182e-01
9.2085e-01
7.0849e-01
7.9817e-01
7.6937e-01
7.4534e-01
9.0550e-01
6.7977e-01
7.7388e-01
6.6736e-01
6.0365e-01
8.5251e-01
8.6190e-01
6.0205e-01
6.7160e-01
7.8224e-01
7.3990e-01
8.1347e-01
6.1607e-01
7.5856e-01
7.0169e-01
9.2292e-01
8.9437e-01
8.4919e-01
7.9218e-01
6.4609e-01
7.9915e-01
9.1604e-01
7.3143e-01
6.6962e-01
9.5910e-01
7.2221e-01
8.3110e-01
9.9445e-01
7.9129e-01
6.1061e-01
8.2442e-01
8.4123e-01
9.7336e-01
8.9466e-01
7.3245e-01
8.4090e-01
8.5179e-01
8.7360e-01
6.1709e-01
6.4624e-01
8.1557e-01
9.2764e-01
6.0794e-01
7.6222e-01
8.3335e-01
6.4072e-01
7.6218e-01
9.2378e-01
6.7435e-01
9.8243e-01
9.0613e-01
9.9017e-01
9.7937e-01
6.8550e-01
7.1268e-01
6.7381e-01
7.0709e-01
9.3663e-01
8.9358e-01
9.4702e-01
7.8765e-01
9.0226e-01
7.1221e-01
8.2156e-01
6.1696e-01
8.8497e-01
8.1418e-01
7.9781e-01
8.9919e-01
9.6355e-01
8.1072e-01
8.8490e-01
9.9217e-01
7.3934e-01
9.7378e-01
7.9513e-01
8.6352e-01
6.1026e-01
7.2087e-01
9.0623e-01
9.2424e-01
8.6453e-01
7.6480e-01
8.1892e-01
8.2268e-01
9.8815e-01
8.6205e-01
9.6677e-01
9.1423e-01
8.0026e-01
6.0685e-01
8.4374e-01
8.3031e-01
8.9184e-01
7.8638e-01
8.0798e-01
8.1372e-01
9.9566e-01
6.3764e-01
7.2284e-01
6.5205e-01
7.7117e-01
9.6518e-01
8.5670e-01
7.0010e-01
6.7970e-01
6.3941e-01
7.0396e-01
9.6140e-01
6.5130e-01
9.0203e-01
9.5101e-01
8.6561e-01
6.1416e-01
7.9745e-01
8.6418e-01
7.6027e-01
8.2556e-01
7.6568e-01
9.3370e-01
9.2866e-01
7.8221e-01
7.6247e-01
8.5900e-01
9.4038e-01
6.3644e-01
9.8711e-01
7.5979e-01
9.9518e-01
9.3660e-01
7.0116e-01
6.4106e-01
8.0328e-01
7.1012e-01
8.7478e-01
9.6436e-01
6.5395e-01
9.4808e-01
8.0355e-01
8.1439e-01
8.9627e-01
9.1058e-01
7.5619e-01
7.6307e-01
9.5588e-01
6.2019e-01
8.0939e-01
7.8241e-01
6.6939e-01
7.4138e-01
9.2357e-01
7.4213e-01
7.7716e-01
8.0752e-01
9.8502e-01
6.5934e-01
6.3566e-01
6.8078e-01
8.2644e-01
8.2226e-01
9.3115e-01
8.9230e-01
9.6107e-01
7.1736e-01
9.6352e-01
9.9680e-01
7.6588e-01
7.6510e-01
9.4788e-01
7.3517e-01
7.5026e-01
9.2594e-01
7.0427e-01
8.9128e-01
6.0502e-01
9.2194e-01
8.4805e-01
6.2023e-01
8.4132e-01
7.8938e-01
8.3261e-01
8.0175e-01
8.3020e-01
6.0558e-01
7.9041e-01
7.5298e-01
9.1352e-01
7.8860e-01
6.0338e-01
7.9905e-01
6.5107e-01
9.5945e-01
8.2432e-01
6.5177e-01
8.8879e-01
9.1368e-01
8.1193e-01
8.9247e-01
8.2468e-01
6.7652e-01
7.5324e-01
9.6184e-01
9.5014e-01
9.9491e-01
9.5216e-01
9.7419e-01
7.9785e-01
9.7205e-01
7.0149e-01
9.2580e-01
8.5563e-01
6.1676e-01
7.2276e-01
6.8771e-01
7.9836e-01
6.8894e-01
8.8414e-01
8.7751e-01
7.9670e-01
9.7764e-01
6.8258e-01
8.6992e-01
9.5732e-01
8.4719e-01
8.2576e-01
6.1961e-01
7.5172e-01
8.4476e-01
8.0512e-01
6.8311e-01
8.8197e-01
9.6298e-01
9.5094e-01
9.6363e-01
9.2291e-01
9.9623e-01
7.5141e-01
8.1744e-01
6.5551e-01
8.6428e-01
6.1258e-01
7.1398e-01
9.9460e-01
8.4753e-01
9.6024e-01
6.1364e-01
7.2982e-01
6.8639e-01
6.6187e-01
6.9049e-01
8.0369e-01
8.8198e-01
8.1422e-01
6.2340e-01
9.2829e-01
6.5542e-01
9.6977e-01
8.7953e-01
9.9139e-01
9.3578e-01
9.6149e-01
7.4907e-01
9.2749e-01
7.1124e-01
7.7372e-01
6.5011e-01
9.4484e-01
9.2009e-01
6.9206e-01
6.3010e-01
7.5731e-01
8.0952e-01
7.4325e-01
7.9398e-01
6.6500e-01
9.8416e-01
6.0874e-01
7.3689e-01
6.2516e-01
8.1092e-01
6.5594e-01
8.4331e-01
7.5963e-01
8.1805e-01
8.3826e-01
7.4983e-01
6.3355e-01
9.9224e-01
6.8761e-01
6.2857e-01
7.6623e-01
9.7399e-01
9.8843e-01
7.0119e-01
7.3248e-01
8.4236e-01
7.6031e-01
6.1331e-01
6.5877e-01
7.1801e-01
9.8204e-01
9.5265e-01
9.8907e-01
8.2105e-01
9.1643e-01
7.9623e-01
6.5527e-01
8.8141e-01
9.4496e-01
9.0623e-01
7.7600e-01
6.8411e-01
6.0357e-01
6.9716e-01
9.4510e-01
9.8322e-01
8.8087e-01
9.8144e-01
6.1180e-01
7.1795e-01
8.5549e-01
6.8343e-01
9.8964e-01
8.2522e-01
6.3211e-01
8.8298e-01
8.9962e-01
6.4762e-01
8.9081e-01
9.7787e-01
8.2176e-01
9.6631e-01
9.0855e-01
9.0139e-01
9.5048e-01
6.1376e-01
9.2760e-01
7.4010e-01
6.5436e-01
9.3621e-01
9.6795e-01
6.0213e-01
9.6539e-01
8.7472e-01
8.0493e-01
8.6290e-01
9.6831e-01
8.2113e-01
6.9059e-01
7.5162e-01
9.2982e-01
8.8062e-01
6.5982e-01
6.5777e-01
6.6975e-01
6.1834e-01
9.7024e-01
6.4252e-01
8.9586e-01
9.9850e-01
6.6078e-01
6.3427e-01
7.7159e-01
7.0075e-01
6.2791e-01
7.3982e-01
8.0572e-01
7.6083e-01
7.9645e-01
7.8586e-01
6.7945e-01
9.7470e-01
6.9212e-01
8.1274e-01
6.3689e-01
7.7242e-01
8.5078e-01
8.7456e-01
6.9350e-01
9.0081e-01
9.7071e-01
9.1105e-01
7.1324e-01
9.4356e-01
7.1600e-01
6.4666e-01
7.9654e-01
8.0316e-01
9.9901e-01
8.0346e-01
6.7387e-01
6.0089e-01
9.9711e-01
9.3544e-01
6.2558e-01
9.4304e-01
7.6761e-01
7.8130e-01
6.4991e-01
8.5149e-01
9.9209e-01
9.6319e-01
8.8220e-01
6.3923e-01
7.5582e-01
8.8981e-01
8.2118e-01
9.9441e-01
8.2609e-01
7.5435e-01
7.4539e-01
7.6033e-01
7.3000e-01
8.3885e-01
7.2079e-01
8.1761e-01
7.5161e-01
9.1488e-01
8.7137e-01
9.8977e-01
8.4089e-01
9.6213e-01
8.0357e-01
6.6175e-01
6.9457e-01
6.7079e-01
6.2985e-01
6.6017e-01
8.1170e-01
6.5178e-01
8.3858e-01
9.6851e-01
7.6396e-01
6.3995e-01
7.2271e-01
8.6317e-01
7.7326e-01
6.0607e-01
8.1323e-01
7.9389e-01
8.1632e-01
9.5574e-01
9.6504e-01
6.8373e-01
6.7009e-01
9.9717e-01
9.4851e-01
7.9248e-01
6.5580e-01
9.3339e-01
9.5275e-01
7.1646e-01
9.4607e-01
7.6001e-01
8.5351e-01
9.1869e-01
7.3672e-01
6.1268e-01
7.5851e-01
7.7405e-01
7.8798e-01
7.2561e-01
7.9042e-01
7.1201e-01
7.2100e-01
7.2733e-01
9.0457e-01
6.6928e-01
7.3467e-01
6.0138e-01
6.1293e-01
6.6115e-01
7.6816e-01
7.6170e-01
7.2251e-01
8.1252e-01
6.1992e-01
9.9337e-01
6.9436e-01
6.8600e-01
6.1748e-01
6.4077e-01
8.7215e-01
6.9894e-01
9.7233e-01
9.2435e-01
9.4054e-01
9.1104e-01
8.7975e-01
6.6965e-01
6.1097e-01
6.9293e-01
7.6178e-01
9.1498e-01
7.2346e-01
7.7076e-01
9.4604e-01
8.7004e-01
9.2955e-01
8.6907e-01
6.8851e-01
6.6000e-01
7.0296e-01
6.4098e-01
8.2023e-01
7.4542e-01
8.5847e-01
7.0284e-01
9.4917e-01
7.2823e-01
8.4372e-01
8.5561e-01
6.7682e-01
7.8300e-01
6.4302e-01
6.0460e-01
7.4039e-01
8.1275e-01
7.8469e-01
6.3065e-01
9.6366e-01
8.6893e-01
6.8436e-01
9.7426e-01
8.1834e-01
6.6535e-01
8.6816e-01
7.5123e-01
9.6464e-01
7.0093e-01
9.5726e-01
6.2643e-01
7.0091e-01
6.2846e-01
9.0299e-01
8.2011e-01
9.7050e-01
9.1256e-01
6.8487e-01
8.2232e-01
9.7797e-01
7.2442e-01
7.7159e-01
8.8686e-01
9.6574e-01
6.6889e-01
9.2434e-01
8.3813e-01
6.0862e-01
7.0464e-01
9.3447e-01
8.5266e-01
7.8334e-01
6.7744e-01
8.6886e-01
7.3086e-01
9.3859e-01
7.5316e-01
6.3880e-01
6.9063e-01
6.4939e-01
7.7419e-01
8.9763e-01
9.1060e-01
7.3652e-01
6.4190e-01
7.0263e-01
9.1775e-01
6.1255e-01
7.8951e-01
9.5026e-01
6.0782e-01
8.8630e-01
6.8214e-01
9.8410e-01
8.1700e-01
9.4658e-01
6.4267e-01
7.1564e-01
9.7649e-01
9.3294e-01
7.5649e-01
7.6782e-01
6.7847e-01
7.0825e-01
7.6463e-01
6.1992e-01
9.6099e-01
9.3057e-01
7.4626e-01
7.0953e-01
6.7134e-01
8.9330e-01
9.1791e-01
7.7953e-01
6.8132e-01
9.4765e-01
8.4096e-01
7.7909e-01
8.3964e-01
6.9716e-01
7.0774e-01
7.5470e-01
9.8219e-01
6.8501e-01
9.8563e-01
9.4476e-01
8.0640e-01
9.9093e-01
9.3823e-01
8.9474e-01
8.1195e-01
6.3097e-01
6.2295e-01
7.6369e-01
6.1922e-01
6.5685e-01
9.1537e-01
8.8253e-01
6.8063e-01
7.3338e-01
9.3740e-01
9.2849e-01
6.9521e-01
6.2385e-01
9.1979e-01
8.0099e-01
6.1215e-01
8.8336e-01
8.0139e-01
9.5045e-01
9.4353e-01
7.9576e-01
7.8894e-01
9.1878e-01
8.9401e-01
6.6548e-01
7.1513e-01
8.8334e-01
9.5198e-01
8.3780e-01
9.9721e-01
7.0172e-01
8.0503e-01
9.2845e-01
8.2002e-01
6.1610e-01
6.8524e-01
6.4289e-01
7.1734e-01
6.2370e-01
9.2605e-01
7.7289e-01
6.4242e-01
6.8596e-01
7.0614e-01
6.5917e-01
7.8343e-01
9.0274e-01
9.1437e-01
8.5640e-01
8.0776e-01
9.3647e-01
9.1035e-01
9.3360e-01
6.1120e-01
9.5215e-01
8.4759e-01
7.2163e-01
6.9319e-01
8.8722e-01
8.3993e-01
9.5783e-01
9.2608e-01
8.9660e-01
6.6284e-01
6.6269e-01
8.4957e-01
6.6285e-01
9.8618e-01
6.6985e-01
7.8824e-01
7.5724e-01
9.9755e-01
9.9353e-01
8.8179e-01
6.3546e-01
6.2515e-01
8.2422e-01
7.8289e-01
6.5422e-01
9.3627e-01
7.7106e-01
9.7819e-01
6.5442e-01
7.1106e-01
8.9316e-01
6.8067e-01
7.3038e-01
7.5426e-01
9.2766e-01
6.4481e-01
8.4434e-01
8.3459e-01
9.1041e-01
7.5420e-01
7.9779e-01
7.9137e-01
8.9789e-01
7.3982e-01
6.0797e-01
7.1804e-01
7.6710e-01
9.5454e-01
9.3947e-01
8.1057e-01
7.5312e-01
7.1336e-01
8.2398e-01
6.9815e-01
7.9981e-01
7.4044e-01
7.1451e-01
6.2576e-01
9.6571e-01
9.2905e-01
6.7686e-01
8.9694e-01
7.4532e-01
9.6458e-01
7.5939e-01
9.0877e-01
7.7444e-01
8.6362e-01
6.3420e-01
8.5188e-01
8.5525e-01
7.2534e-01
9.2505e-01
8.3817e-01
7.7428e-01
9.2179e-01
9.4045e-01
7.3958e-01
8.9834e-01
8.9216e-01
7.4895e-01
9.3328e-01
9.3938e-01
8.8563e-01
9.3821e-01
6.5011e-01
7.2184e-01
6.5864e-01
6.3268e-01
8.6437e-01
9.3831e-01
6.5332e-01
6.6877e-01
8.6556e-01
8.2668e-01
9.8268e-01
6.6099e-01
9.5542e-01
6.9948e-01
7.6041e-01
7.1382e-01
7.9261e-01
9.8813e-01
7.1535e-01
9.1885e-01
6.0077e-01
6.7356e-01
6.3561e-01
8.1976e-01
9.7252e-01
9.1680e-01
7.1290e-01
7.4622e-01
7.8201e-01
8.3595e-01
9.2335e-01
9.5932e-01
6.9368e-01
7.6352e-01
7.9869e-01
9.4363e-01
7.5818e-01
6.6954e-01
8.8125e-01
9.3569e-01
7.4380e-01
9.1772e-01
8.1490e-01
7.6616e-01
9.5249e-01
8.5164e-01
6.4976e-01
8.6082e-01
8.7845e-01
8.3377e-01
6.6881e-01
8.7360e-01
9.4537e-01
9.3038e-01
7.1245e-01
9.1074e-01
7.7066e-01
6.4323e-01
6.1112e-01
6.0378e-01
6.2876e-01
9.2845e-01
6.2534e-01
9.3456e-01
7.5777e-01
9.9381e-01
8.7816e-01
6.0252e-01
6.4002e-01
9.5069e-01
7.7009e-01
6.9111e-01
8.9908e-01
7.7427e-01
6.3171e-01
9.3707e-01
7.3048e-01
7.9600e-01
6.6473e-01
6.9255e-01
8.7505e-01
9.9644e-01
9.8826e-01
6.8392e-01
6.8760e-01
6.3829e-01
7.7043e-01
6.3317e-01
6.8714e-01
9.7765e-01
8.9585e-01
7.7601e-01
6.2864e-01
8.2268e-01
7.1535e-01
7.9325e-01
7.2484e-01
7.9940e-01
8.2402e-01
7.4970e-01
7.8099e-01
9.8284e-01
6.1242e-01
7.5837e-01
7.2493e-01
6.1529e-01
6.0593e-01
9.8687e-01
7.0219e-01
9.5756e-01
6.2737e-01
9.7833e-01
9.3528e-01
8.5344e-01
9.3737e-01
8.5830e-01
8.9398e-01
8.3866e-01
9.5465e-01
6.6846e-01
9.3719e-01
9.2521e-01
9.9188e-01
6.1273e-01
9.2303e-01
9.9273e-01
9.4713e-01
9.5657e-01
8.5319e-01
6.9686e-01
8.5682e-01
7.1213e-01
6.5724e-01
7.1136e-01
6.1657e-01
9.7540e-01
7.5492e-01
9.4137e-01
9.8331e-01
7.4716e-01
8.9142e-01
9.2625e-01
7.0119e-01
7.9973e-01
6.5516e-01
7.4642e-01
9.5511e-01
6.7719e-01
8.4999e-01
7.5987e-01
7.2743e-01
7.5674e-01
7.3870e-01
6.0704e-01
9.2826e-01
6.9933e-01
6.4490e-01
6.2916e-01
8.5881e-01
6.3828e-01
7.0738e-01
6.2711e-01
7.6077e-01
9.7434e-01
8.5820e-01
8.1464e-01
9.5234e-01
6.1628e-01
6.4772e-01
8.5554e-01
6.5301e-01
7.2314e-01
7.3527e-01
6.0873e-01
7.6964e-01
6.0069e-01
9.8255e-01
9.0393e-01
8.5084e-01
9.5127e-01
6.9452e-01
6.7994e-01
9.0186e-01
8.2309e-01
9.2350e-01
7.3910e-01
9.6683e-01
6.6057e-01
9.2709e-01
7.3140e-01
9.9948e-01
7.3641e-01
6.7930e-01
6.6967e-01
8.7944e-01
8.7265e-01
8.0948e-01
7.9744e-01
8.2540e-01
7.0407e-01
8.1773e-01
6.1201e-01
9.7036e-01
8.6698e-01
6.4807e-01
8.1095e-01
6.7710e-01
9.9088e-01
6.3277e-01
8.6932e-01
6.1046e-01
9.3757e-01
7.0552e-01
7.1876e-01
9.8908e-01
6.3878e-01
8.2268e-01
6.0174e-01
7.0941e-01
9.9003e-01
6.7531e-01
6.5234e-01
8.3400e-01
9.3085e-01
6.8335e-01
9.0973e-01
7.6389e-01
9.3935e-01
6.4338e-01
6.0510e-01
9.2884e-01
7.7056e-01
7.5732e-01
8.3390e-01
9.0707e-01
7.1058e-01
6.5248e-01
6.2586e-01
6.6542e-01
6.6579e-01
9.9797e-01
9.5539e-01
7.5560e-01
8.7243e-01
6.9584e-01
7.8482e-01
7.2239e-01
6.4272e-01
7.0349e-01
9.4609e-01
8.2835e-01
9.3627e-01
9.0726e-01
7.4345e-01
8.1079e-01
9.0911e-01
7.0358e-01
6.6909e-01
6.4990e-01
7.0199e-01
6.2646e-01
9.1350e-01
6.7257e-01
9.9792e-01
8.9914e-01
8.0167e-01
7.5192e-01
7.7982e-01
9.9849e-01
6.4056e-01
9.7412e-01
8.5313e-01
7.8591e-01
7.2289e-01
7.4635e-01
6.2111e-01
8.6580e-01
9.6987e-01
8.5299e-01
9.9548e-01
7.1031e-01
6.0022e-01
9.8351e-01
7.3373e-01
8.8759e-01
7.2119e-01
7.1814e-01
6.5999e-01
8.0358e-01
9.1705e-01
6.1816e-01
6.0900e-01
8.2228e-01
8.9826e-01
7.8507e-01
9.5228e-01
7.0555e-01
9.4088e-01
6.4460e-01
7.1421e-01
8.8203e-01
6.9261e-01
7.3429e-01
8.2551e-01
8.4420e-01
9.3392e-01
7.9133e-01
7.9305e-01
6.9356e-01
8.4447e-01
8.3353e-01
6.1130e-01
6.5210e-01
6.0304e-01
9.9843e-01
9.8891e-01
6.6988e-01
7.7829e-01
8.5333e-01
7.7757e-01
7.4840e-01
7.5919e-01
6.6419e-01
6.1533e-01
6.6796e-01
7.6917e-01
7.6162e-01
8.3529e-01
8.5803e-01
9.4753e-01
9.9328e-01
8.3816e-01
8.9469e-01
7.4526e-01
9.2007e-01
7.2421e-01
9.3163e-01
8.5163e-01
8.4329e-01
6.1601e-01
7.5755e-01
9.2361e-01
7.7304e-01
9.0547e-01
8.5956e-01
6.4390e-01
6.0046e-01
6.1366e-01
7.6945e-01
8.8654e-01
6.5320e-01
9.4831e-01
7.0942e-01
6.8448e-01
7.7378e-01
9.1296e-01
9.2294e-01
7.7294e-01
9.3130e-01
7.2101e-01
8.9422e-01
9.7168e-01
9.3920e-01
7.3887e-01
8.6785e-01
7.5758e-01
8.4732e-01
7.0023e-01
6.2066e-01
8.9715e-01
9.4878e-01
6.4947e-01
7.5540e-01
7.6993e-01
9.7258e-01
8.6438e-01
9.8790e-01
8.3095e-01
7.0232e-01
9.4206e-01
6.2799e-01
6.4944e-01
7.4159e-01
8.6585e-01
9.6903e-01
9.2014e-01
8.9158e-01
7.1334e-01
7.7829e-01
8.0275e-01
6.2988e-01
7.0905e-01
7.9166e-01
8.2434e-01
7.9197e-01
9.5241e-01
8.0398e-01
8.2708e-01
6.0762e-01
6.8936e-01
7.1383e-01
6.8885e-01
6.9062e-01
7.3085e-01
9.5980e-01
8.9820e-01
7.0015e-01
6.8501e-01
7.5506e-01
6.7514e-01
6.1423e-01
6.7110e-01
9.2898e-01
8.3436e-01
7.1129e-01
7.0730e-01
8.6495e-01
8.7005e-01
9.0827e-01
8.1402e-01
8.0594e-01
6.3565e-01
7.5476e-01
7.6829e-01
6.9775e-01
7.0657e-01
8.0104e-01
8.3284e-01
9.8656e-01
6.8675e-01
9.6885e-01
6.5633e-01
7.4876e-01
8.1791e-01
9.1593e-01
8.1681e-01
9.2241e-01
7.6373e-01
7.6885e-01
6.9213e-01
8.3453e-01
8.8958e-01
8.0734e-01
8.2429e-01
7.7956e-01
8.6723e-01
9.0285e-01
6.6530e-01
6.6294e-01
8.7219e-01
7.4438e-01
6.5865e-01
6.5420e-01
7.8091e-01
6.5888e-01
6.1044e-01
9.6181e-01
8.6851e-01
8.2287e-01
6.7519e-01
6.9259e-01
6.3408e-01
9.2163e-01
9.9941e-01
6.5660e-01
9.1094e-01
7.5566e-01
8.2034e-01
7.1072e-01
8.8548e-01
8.3234e-01
9.7911e-01
7.1433e-01
6.7508e-01
9.5034e-01
7.3483e-01
7.7698e-01
9.5488e-01
6.2668e-01
8.8382e-01
8.4822e-01
9.3208e-01
7.4154e-01
8.8542e-01
9.6378e-01
8.7343e-01
7.9519e-01
9.8761e-01
8.6440e-01
6.7742e-01
7.8804e-01
8.6624e-01
9.9144e-01
9.9636e-01
8.4070e-01
6.8780e-01
7.1734e-01
9.1887e-01
7.9034e-01
8.6994e-01
7.2296e-01
9.3100e-01
8.9913e-01
8.8403e-01
9.4554e-01
7.1390e-01
7.3107e-01
8.0986e-01
6.3891e-01
7.3006e-01
8.6378e-01
9.7103e-01
8.5801e-01
7.8969e-01
7.3310e-01
6.7975e-01
7.8140e-01
7.3030e-01
9.0712e-01
7.2180e-01
9.8375e-01
6.9886e-01
7.8064e-01
8.0573e-01
6.8639e-01
9.5303e-01
6.3507e-01
7.1663e-01
8.4408e-01
8.8110e-01
7.3683e-01
8.0011e-01
7.7776e-01
6.0040e-01
7.3645e-01
6.8837e-01
6.8207e-01
9.9200e-01
8.9407e-01
7.2094e-01
6.3953e-01
9.9049e-01
7.2563e-01
6.6655e-01
7.0040e-01
7.3858e-01
6.2383e-01
8.8949e-01
8.2309e-01
6.5860e-01
8.0027e-01
7.1008e-01
8.8154e-01
7.9200e-01
9.7480e-01
8.0736e-01
6.1161e-01
7.3120e-01
8.0758e-01
8.3108e-01
9.5026e-01
7.8644e-01
7.5326e-01
8.4635e-01
8.2192e-01
9.5010e-01
8.7332e-01
6.4166e-01
9.2569e-01
7.7655e-01
9.8129e-01
8.8840e-01
8.0725e-01
9.2697e-01
8.3441e-01
6.3945e-01
7.6660e-01
6.7785e-01
9.3245e-01
8.2388e-01
6.3866e-01
7.3497e-01
7.9631e-01
7.9419e-01
6.0452e-01
7.6917e-01
9.5122e-01
7.6686e-01
8.7202e-01
9.0919e-01
6.8160e-01
8.3672e-01
7.4899e-01
6.7713e-01
7.7394e-01
8.7298e-01
8.1717e-01
8.4776e-01
6.1367e-01
9.9522e-01
9.8237e-01
9.8759e-01
9.8834e-01
9.9086e-01
7.9513e-01
9.4627e-01
8.6921e-01
9.7847e-01
7.0923e-01
8.5314e-01
7.3201e-01
6.2325e-01
9.1175e-01
8.5670e-01
9.9356e-01
8.5110e-01
7.6960e-01
7.5373e-01
8.6614e-01
7.7554e-01
9.7995e-01
9.0932e-01
9.8383e-01
8.5948e-01
6.0640e-01
8.9655e-01
7.9257e-01
7.6295e-01
7.5554e-01
7.7928e-01
7.2324e-01
7.7306e-01
9.3904e-01
8.9954e-01
6.6864e-01
8.6386e-01
9.6342e-01
6.1973e-01
8.9225e-01
9.6223e-01
8.9236e-01
9.3196e-01
6.6615e-01
7.0763e-01
7.4926e-01
7.2899e-01
7.2354e-01
6.9649e-01
7.4441e-01
8.6789e-01
6.2603e-01
9.3307e-01
6.0213e-01
6.9508e-01
6.8789e-01
7.6974e-01
6.7570e-01
7.9559e-01
8.5254e-01
9.1701e-01
8.1168e-01
6.4462e-01
9.0385e-01
8.1793e-01
6.8770e-01
7.7844e-01
6.3585e-01
9.1320e-01
6.2307e-01
8.6186e-01
7.3622e-01
7.5696e-01
8.1642e-01
8.1444e-01
7.7994e-01
6.8506e-01
7.3865e-01
7.4611e-01
6.6711e-01
7.2501e-01
8.7951e-01
8.9502e-01
7.4192e-01
6.2121e-01
7.1003e-01
8.5254e-01
8.5871e-01
8.9703e-01
6.7253e-01
8.8182e-01
9.8302e-01
6.6188e-01
8.3798e-01
9.5355e-01
8.5062e-01
9.5804e-01
6.0063e-01
8.4166e-01
8.0535e-01
9.6823e-01
7.4868e-01
7.9702e-01
7.4515e-01
6.1225e-01
7.9529e-01
9.5083e-01
8.5445e-01
9.4202e-01
8.8383e-01
8.8495e-01
9.8995e-01
9.4323e-01
9.0306e-01
6.0258e-01
9.9185e-01
8.5413e-01
6.8086e-01
8.6796e-01
7.2677e-01
7.9750e-01
6.1302e-01
9.7075e-01
9.8112e-01
9.0840e-01
8.1208e-01
8.1002e-01
6.8291e-01
9.1718e-01
8.3793e-01
9.0945e-01
7.4632e-01
8.1310e-01
7.4684e-01
6.6679e-01
9.8530e-01
6.2157e-01
6.7793e-01
7.3326e-01
7.8414e-01
9.1118e-01
9.5232e-01
7.1917e-01
8.8162e-01
8.7312e-01
7.3184e-01
6.1787e-01
6.2976e-01
8.9494e-01
8.3898e-01
8.8176e-01
9.1470e-01
8.6071e-01
7.3673e-01
8.2480e-01
6.8024e-01
6.1883e-01
8.8325e-01
6.3004e-01
7.3092e-01
8.1748e-01
6.2474e-01
7.0977e-01
6.5853e-01
9.4772e-01
6.0776e-01
7.2377e-01
6.5377e-01
8.9625e-01
7.3895e-01
9.3158e-01
9.5874e-01
8.4464e-01
8.8533e-01
9.8456e-01
9.0158e-01
8.4459e-01
9.7543e-01
6.5531e-01
7.0379e-01
7.8460e-01
6.1505e-01
8.7510e-01
9.2113e-01
6.0806e-01
9.6551e-01
8.6037e-01
8.0147e-01
9.8038e-01
6.4397e-01
8.2544e-01
7.2830e-01
7.0307e-01
6.7183e-01
7.1232e-01
6.4922e-01
8.1289e-01
8.8492e-01
9.8183e-01
7.0939e-01
8.5817e-01
7.0259e-01
9.4930e-01
7.8238e-01
8.8644e-01
7.1579e-01
7.6341e-01
8.4305e-01
7.3981e-01
8.5025e-01
9.6871e-01
8.8564e-01
9.4294e-01
6.3530e-01
8.3572e-01
9.6066e-01
8.9537e-01
6.7099e-01
8.7583e-01
6.9395e-01
6.9490e-01
6.5300e-01
6.3520e-01
9.3516e-01
9.3050e-01
7.8579e-01
9.9356e-01
6.4676e-01
6.2593e-01
6.6185e-01
7.1500e-01
7.2217e-01
8.4597e-01
6.4630e-01
8.7985e-01
6.4851e-01
9.4217e-01
8.4180e-01
9.9116e-01
9.3669e-01
8.0472e-01
7.7199e-01
7.0425e-01
9.7491e-01
7.4780e-01
7.7843e-01
9.7524e-01
6.3196e-01
6.0327e-01
6.2592e-01
8.7073e-01
9.9401e-01
7.3565e-01
9.2745e-01
7.0588e-01
8.4432e-01
7.5818e-01
6.1508e-01
8.7257e-01
9.4326e-01
9.8312e-01
6.4717e-01
8.9194e-01
8.7713e-01
8.9259e-01
7.6058e-01
9.0166e-01
7.6757e-01
6.1707e-01
6.2123e-01
7.2246e-01
8.1503e-01
7.8686e-01
9.8173e-01
9.6847e-01
9.0674e-01
8.2636e-01
9.6828e-01
6.8697e-01
9.4505e-01
6.0538e-01
9.6031e-01
8.5368e-01
6.1701e-01
6.6668e-01
9.5969e-01
6.9130e-01
6.1522e-01
6.0378e-01
8.5876e-01
7.3165e-01
7.6131e-01
6.5673e-01
7.1767e-01
6.3447e-01
7.9317e-01
9.3640e-01
7.1626e-01
6.0257e-01
8.9805e-01
7.3904e-01
9.6491e-01
8.4127e-01
6.2836e-01
6.4035e-01
8.2666e-01
6.8967e-01
8.7640e-01
7.0840e-01
9.4937e-01
7.5810e-01
6.0831e-01
8.4347e-01
7.0857e-01
9.2768e-01
8.6797e-01
6.8157e-01
7.0886e-01
7.5384e-01
6.0436e-01
8.7594e-01
8.5294e-01
8.7108e-01
8.6675e-01
9.8488e-01
7.0139e-01
8.5125e-01
7.5912e-01
7.6355e-01
6.3150e-01
7.3009e-01
8.5557e-01
9.8164e-01
9.9998e-01
7.5831e-01
6.3355e-01
7.5928e-01
9.1356e-01
6.7575e-01
6.7718e-01
9.5099e-01
6.1367e-01
9.7678e-01
7.9423e-01
9.8634e-01
9.9852e-01
8.8390e-01
7.3691e-01
7.4884e-01
9.3438e-01
8.9104e-01
7.3197e-01
6.2995e-01
6.4392e-01
9.8928e-01
8.3172e-01
6.1827e-01
8.6601e-01
6.0287e-01
8.4766e-01
6.6872e-01
9.8003e-01
9.0016e-01
8.7614e-01
6.2077e-01
6.2493e-01
8.3541e-01
9.5940e-01
7.1619e-01
6.5309e-01
8.6719e-01
7.3685e-01
7.4931e-01
7.9451e-01
7.8547e-01
8.9065e-01
6.4057e-01
7.8291e-01
9.2476e-01
9.3526e-01
6.6498e-01
8.5994e-01
6.1274e-01
7.8202e-01
6.8233e-01
8.1363e-01
7.7140e-01
6.1252e-01
7.1743e-01
8.3507e-01
6.5792e-01
7.6566e-01
8.2425e-01
6.5858e-01
9.4270e-01
6.5081e-01
8.2567e-01
7.8013e-01
6.8841e-01
8.3742e-01
9.8522e-01
9.6489e-01
7.8132e-01
7.1242e-01
8.9349e-01
9.2396e-01
7.1913e-01
9.8571e-01
6.9158e-01
9.8409e-01
9.7567e-01
6.3763e-01
6.0001e-01
6.7854e-01
9.4225e-01
9.8684e-01
8.6579e-01
6.2440e-01
7.7164e-01
7.8089e-01
9.3113e-01
7.8205e-01
7.7573e-01
9.7062e-01
7.7248e-01
9.5708e-01
9.3353e-01
9.9752e-01
7.8080e-01
7.0434e-01
9.8586e-01
7.7240e-01
6.0519e-01
8.6920e-01
7.8770e-01
8.8606e-01
6.6504e-01
8.1913e-01
6.3305e-01
8.5261e-01
6.4564e-01
7.2415e-01
9.0969e-01
9.6432e-01
9.3062e-01
7.5801e-01
6.3880e-01
6.3778e-01
8.4026e-01
9.1558e-01
8.0138e-01
6.6557e-01
9.8097e-01
9.8422e-01
6.7841e-01
7.4760e-01
6.7922e-01
9.3941e-01
7.0255e-01
9.1145e-01
8.4441e-01
9.4210e-01
8.9425e-01
8.6447e-01
8.3047e-01
7.9043e-01
7.9967e-01
8.3186e-01
6.9438e-01
9.3251e-01
7.6908e-01
6.7882e-01
9.6967e-01
6.1241e-01
7.4632e-01
8.1120e-01
7.6913e-01
8.2260e-01
7.8897e-01
8.2385e-01
9.9936e-01
9.2674e-01
8.3361e-01
8.4626e-01
8.8269e-01
6.1501e-01
8.2828e-01
6.5556e-01
7.2592e-01
8.6640e-01
9.0391e-01
8.9201e-01
8.6281e-01
9.2593e-01
9.0201e-01
8.7029e-01
8.4003e-01
8.9521e-01
7.3371e-01
6.2746e-01
8.3357e-01
7.8156e-01
9.1182e-01
9.9076e-01
8.2799e-01
6.6075e-01
7.5687e-01
7.5977e-01
8.2263e-01
9.8767e-01
9.1421e-01
7.3594e-01
6.5848e-01
9.1875e-01
7.2031e-01
9.0988e-01
7.1301e-01
7.4443e-01
9.0877e-01
9.8392e-01
7.9716e-01
7.4934e-01
9.6813e-01
9.9377e-01
8.3491e-01
7.8131e-01
8.4861e-01
6.6589e-01
6.7651e-01
8.3238e-01
8.9448e-01
9.4115e-01
9.4559e-01
8.0714e-01
6.2846e-01
7.1177e-01
8.6861e-01
8.3529e-01
6.7631e-01
6.8572e-01
7.4568e-01
9.0918e-01
9.1440e-01
7.6663e-01
6.2610e-01
7.7976e-01
8.0644e-01
8.3966e-01
7.3968e-01
6.6414e-01
9.6596e-01
6.1492e-01
9.1199e-01
8.1009e-01
7.3431e-01
7.9166e-01
6.1508e-01
6.5141e-01
8.7440e-01
9.5397e-01
7.1027e-01
9.5710e-01
9.3193e-01
9.6603e-01
7.3891e-01
9.1496e-01
7.2295e-01
6.8468e-01
9.4146e-01
9.1301e-01
9.4458e-01
8.9364e-01
6.1646e-01
7.2800e-01
9.2233e-01
7.5889e-01
8.1902e-01
7.8955e-01
6.3737e-01
9.8112e-01
8.3536e-01
8.7556e-01
6.3738e-01
9.0980e-01
8.2038e-01
6.6096e-01
8.8203e-01
6.5726e-01
7.2648e-01
6.7990e-01
8.1363e-01
6.9126e-01
6.2930e-01
9.1204e-01
9.3759e-01
8.2032e-01
7.6920e-01
9.7695e-01
8.3643e-01
7.3280e-01
9.8156e-01
7.8536e-01
8.0720e-01
9.5556e-01
9.0143e-01
9.3823e-01
6.8068e-01
8.1368e-01
6.3293e-01
8.6657e-01
6.6081e-01
6.7939e-01
6.6512e-01
8.6288e-01
6.4511e-01
9.1247e-01
9.0406e-01
9.0358e-01
9.0142e-01
8.8348e-01
6.1786e-01
6.0275e-01
7.1283e-01
8.6903e-01
8.6208e-01
6.0678e-01
8.7083e-01
7.2329e-01
6.0998e-01
9.6328e-01
8.1464e-01
8.2000e-01
8.7584e-01
6.8611e-01
6.1724e-01
9.5821e-01
7.9631e-01
6.9342e-01
7.9261e-01
6.6838e-01
8.0545e-01
8.8827e-01
6.7108e-01
6.7411e-01
6.8063e-01
7.2434e-01
9.3159e-01
8.0480e-01
9.9979e-01
8.2546e-01
7.6067e-01
6.0999e-01
8.0133e-01
9.0278e-01
9.5149e-01
8.8134e-01
9.4218e-01
7.9315e-01
6.5814e-01
8.8559e-01
7.1852e-01
9.0815e-01
9.8249e-01
6.0754e-01
6.4580e-01
9.4002e-01
9.2155e-01
7.5552e-01
8.0008e-01
7.4923e-01
8.7013e-01
8.7539e-01
6.7816e-01
9.9336e-01
8.1132e-01
6.8023e-01
8.8210e-01
9.4983e-01
7.5562e-01
7.2393e-01
8.4398e-01
9.4423e-01
7.7405e-01
9.4166e-01
7.6078e-01
6.1788e-01
9.0855e-01
6.4032e-01
6.4863e-01
8.3993e-01
8.2137e-01
8.5048e-01
9.4655e-01
9.7066e-01
9.5178e-01
9.8205e-01
9.4355e-01
7.6153e-01
9.2279e-01
6.7422e-01
8.8605e-01
7.2227e-01
7.5331e-01
9.7264e-01
7.1823e-01
9.1389e-01
6.8743e-01
7.9389e-01
8.9208e-01
7.2517e-01
6.5721e-01
9.1816e-01
6.2489e-01
8.9414e-01
6.0265e-01
9.7581e-01
6.9739e-01
7.7708e-01
7.9839e-01
9.6170e-01
8.8468e-01
6.5984e-01
6.6815e-01
7.1249e-01
8.1369e-01
7.1772e-01
6.9150e-01
6.4728e-01
8.2735e-01
9.1176e-01
6.3684e-01
6.3090e-01
9.3775e-01
8.1799e-01
6.2130e-01
9.9856e-01
6.4698e-01
7.6400e-01
7.9048e-01
9.8099e-01
9.1940e-01
6.4824e-01
8.9574e-01
6.2153e-01
9.4245e-01
9.2421e-01
6.9173e-01
9.0562e-01
6.9036e-01
6.3446e-01
6.1755e-01
7.5990e-01
7.3998e-01
8.3882e-01
9.3554e-01
8.1996e-01
6.8351e-01
6.6550e-01
8.7155e-01
6.7154e-01
8.0004e-01
9.2118e-01
6.8838e-01
8.4712e-01
7.5436e-01
9.7948e-01
8.4877e-01
6.6248e-01
6.4307e-01
7.8458e-01
6.7012e-01
8.6363e-01
9.2454e-01
8.2335e-01
8.3849e-01
8.7719e-01
9.1708e-01
8.4700e-01
7.8859e-01
9.5903e-01
8.6401e-01
6.0175e-01
9.2057e-01
