6.9769e-01
9.2057e-01
6.1797e-01
6.6481e-01
9.3732e-01
8.8667e-01
7.8723e-01
8.6174e-01
7.1867e-01
9.2483e-01
6.1037e-01
9.9145e-01
8.8497e-01
8.0322e-01
6.0312e-01
9.1523e-01
9.5054e-01
6.2962e-01
6.2835e-01
7.7845e-01
7.9506e-01
9.9186e-01
6.0510e-01
8.8139e-01
9.2306e-01
6.7218e-01
7.6674e-01
8.9371e-01
8.7739e-01
8.9731e-01
8.2306e-01
9.7170e-01
7.0812e-01
7.6859e-01
6.6397e-01
9.3535e-01
6.3805e-01
8.4294e-01
9.9127e-01
7.2377e-01
7.0501e-01
9.1290e-01
6.2517e-01
7.3201e-01
7.4086e-01
8.5057e-01
9.2641e-01
7.1801e-01
8.6372e-01
6.7855e-01
9.2161e-01
7.9078e-01
8.7635e-01
6.1923e-01
7.2319e-01
7.7847e-01
8.3215e-01
8.4919e-01
8.3331e-01
8.8490e-01
9.8671e-01
6.8488e-01
7.8680e-01
6.9000e-01
8.3493e-01
8.5089e-01
7.2745e-01
9.3520e-01
6.3318e-01
7.8768e-01
7.6341e-01
7.6239e-01
9.6954e-01
8.2038e-01
8.2125e-01
8.5139e-01
6.5670e-01
9.9728e-01
6.8891e-01
7.2235e-01
9.5450e-01
7.5242e-01
7.3877e-01
9.1012e-01
8.8412e-01
7.0549e-01
8.0208e-01
9.9458e-01
8.0964e-01
8.7832e-01
9.3103e-01
6.4137e-01
9.4316e-01
6.0772e-01
8.2405e-01
8.5238e-01
7.7455e-01
8.8460e-01
6.3797e-01
6.3153e-01
8.8075e-01
7.6821e-01
7.2988e-01
6.5665e-01
7.0630e-01
7.1459e-01
7.1243e-01
8.4569e-01
9.6264e-01
8.2212e-01
9.5737e-01
8.4051e-01
6.0997e-01
7.1330e-01
8.0470e-01
6.3943e-01
9.4998e-01
7.5017e-01
7.5112e-01
7.7802e-01
8.8472e-01
7.1671e-01
7.1246e-01
7.9377e-01
8.2323e-01
9.9083e-01
9.3047e-01
6.1392e-01
8.0564e-01
7.4773e-01
9.8581e-01
7.3359e-01
8.6415e-01
6.1110e-01
8.5620e-01
8.9359e-01
6.3376e-01
8.6099e-01
6.8124e-01
6.6254e-01
7.1164e-01
8.4932e-01
9.4434e-01
8.5130e-01
7.1672e-01
7.6090e-01
6.0375e-01
8.7242e-01
6.9184e-01
8.5383e-01
8.8661e-01
9.5620e-01
7.6999e-01
7.4583e-01
8.5813e-01
7.6961e-01
7.8928e-01
8.1260e-01
6.8712e-01
9.4701e-01
9.5574e-01
7.1527e-01
7.3155e-01
9.1684e-01
8.2987e-01
7.5031e-01
7.7121e-01
8.2475e-01
8.9066e-01
9.5699e-01
9.8618e-01
7.3544e-01
8.2818e-01
9.6844e-01
8.5353e-01
7.8053e-01
9.8399e-01
6.9358e-01
7.3009e-01
9.8955e-01
8.9517e-01
6.3926e-01
6.1399e-01
6.0723e-01
6.1684e-01
9.7473e-01
6.3845e-01
9.1888e-01
6.0383e-01
6.4639e-01
6.5343e-01
8.6402e-01
7.8541e-01
6.8804e-01
9.8835e-01
9.0990e-01
6.1590e-01
6.6886e-01
7.9151e-01
7.4517e-01
7.8333e-01
9.1257e-01
9.0166e-01
8.7397e-01
8.3237e-01
9.1869e-01
7.5464e-01
7.1243e-01
8.8707e-01
6.1767e-01
6.5820e-01
7.7981e-01
9.7466e-01
7.1250e-01
9.8987e-01
9.9452e-01
9.2724e-01
6.4425e-01
7.7861e-01
7.9665e-01
6.1998e-01
7.8596e-01
7.4622e-01
8.4147e-01
6.3977e-01
6.7401e-01
9.6171e-01
9.5097e-01
7.5027e-01
6.7098e-01
9.5263e-01
6.5773e-01
7.6214e-01
6.8496e-01
7.8422e-01
6.3023e-01
8.7727e-01
6.5706e-01
6.1560e-01
9.5322e-01
6.6542e-01
7.9169e-01
7.4941e-01
8.4705e-01
7.8483e-01
8.7467e-01
8.5313e-01
6.1728e-01
9.1730e-01
7.2137e-01
9.3001e-01
9.7567e-01
7.7481e-01
7.4428e-01
8.9362e-01
6.2277e-01
7.3172e-01
7.3031e-01
8.1561e-01
8.3204e-01
6.8852e-01
6.2413e-01
9.0144e-01
7.8221e-01
8.0037e-01
6.2747e-01
9.3060e-01
6.3935e-01
6.8074e-01
6.2547e-01
6.5874e-01
8.4477e-01
7.3439e-01
8.5712e-01
7.8010e-01
8.1482e-01
8.6628e-01
6.8358e-01
9.0737e-01
6.6294e-01
6.5602e-01
8.6537e-01
9.7218e-01
8.5771e-01
9.6751e-01
9.8242e-01
7.4255e-01
6.8984e-01
8.1546e-01
8.0835e-01
9.1685e-01
9.2466e-01
8.1756e-01
7.3697e-01
6.7766e-01
9.1429e-01
7.6965e-01
9.2839e-01
8.6732e-01
9.4877e-01
6.5747e-01
6.6531e-01
9.1132e-01
6.4231e-01
9.2323e-01
8.4285e-01
6.7828e-01
6.4938e-01
7.5093e-01
6.6642e-01
9.0396e-01
7.9563e-01
9.0717e-01
8.5751e-01
9.6268e-01
6.2374e-01
6.4300e-01
6.4588e-01
7.0009e-01
8.6062e-01
9.7092e-01
9.9260e-01
9.1394e-01
7.2489e-01
6.8333e-01
6.5062e-01
6.7404e-01
7.7803e-01
9.8654e-01
9.9841e-01
7.0180e-01
7.9245e-01
8.5511e-01
8.3422e-01
7.3250e-01
7.3965e-01
6.5881e-01
6.0530e-01
9.7622e-01
9.6976e-01
9.7810e-01
6.9742e-01
7.8719e-01
7.3642e-01
6.2087e-01
6.3932e-01
9.8867e-01
9.9821e-01
6.4686e-01
9.2460e-01
8.5526e-01
6.4466e-01
8.1250e-01
9.0000e-01
9.9247e-01
9.5541e-01
6.4197e-01
6.9383e-01
7.1956e-01
7.5414e-01
6.7478e-01
8.8283e-01
9.6303e-01
8.8993e-01
7.5124e-01
9.7230e-01
7.1617e-01
6.8424e-01
8.3444e-01
7.4942e-01
9.3676e-01
9.3986e-01
9.2676e-01
7.7402e-01
6.5420e-01
8.1357e-01
9.4921e-01
9.0044e-01
6.3383e-01
7.6542e-01
7.6826e-01
9.7828e-01
8.9938e-01
9.7275e-01
7.1429e-01
9.5099e-01
9.6270e-01
7.0551e-01
7.7137e-01
8.6056e-01
8.4775e-01
8.7909e-01
9.1315e-01
7.6090e-01
8.2827e-01
6.5902e-01
6.6334e-01
9.5385e-01
7.8414e-01
7.9258e-01
9.6525e-01
6.0393e-01
7.4533e-01
9.1878e-01
8.2203e-01
6.8591e-01
7.6675e-01
6.4229e-01
6.9660e-01
7.7075e-01
9.8306e-01
9.6263e-01
8.2000e-01
6.7213e-01
6.9450e-01
8.6108e-01
7.8166e-01
8.9050e-01
7.9979e-01
8.0452e-01
9.5506e-01
9.0505e-01
8.4879e-01
6.5170e-01
7.9851e-01
7.6813e-01
8.1859e-01
8.1366e-01
8.3212e-01
8.9349e-01
6.4751e-01
6.4430e-01
7.3485e-01
7.5462e-01
8.0266e-01
8.8526e-01
9.1364e-01
8.7453e-01
9.2252e-01
7.2090e-01
7.3956e-01
6.2336e-01
9.7067e-01
6.2128e-01
9.3321e-01
6.0475e-01
7.8574e-01
6.1688e-01
9.1636e-01
7.0961e-01
9.6000e-01
8.2055e-01
9.3592e-01
8.0260e-01
9.1117e-01
6.5094e-01
6.4489e-01
9.7192e-01
8.0110e-01
7.2174e-01
6.9898e-01
9.9900e-01
9.8450e-01
6.2017e-01
8.3304e-01
8.2378e-01
8.1228e-01
8.5452e-01
8.4265e-01
9.3925e-01
7.3561e-01
6.8866e-01
9.6505e-01
6.9212e-01
7.5251e-01
8.8188e-01
9.3923e-01
7.7391e-01
6.9412e-01
8.8932e-01
9.9590e-01
6.3323e-01
6.5872e-01
9.8914e-01
6.9577e-01
6.7780e-01
9.7410e-01
6.9132e-01
9.6620e-01
8.7674e-01
8.4477e-01
7.1936e-01
6.0069e-01
9.5916e-01
6.2925e-01
6.4438e-01
6.8185e-01
8.6453e-01
9.2365e-01
7.5235e-01
9.3609e-01
9.1460e-01
7.8280e-01
9.1096e-01
7.3555e-01
9.5820e-01
7.1268e-01
9.4684e-01
7.3236e-01
6.2358e-01
8.5479e-01
7.8516e-01
9.1145e-01
8.4473e-01
7.9721e-01
9.5771e-01
8.6493e-01
7.0857e-01
7.7278e-01
7.6873e-01
7.3461e-01
6.9636e-01
6.1898e-01
7.1908e-01
9.0422e-01
6.7506e-01
6.4708e-01
6.0981e-01
8.3070e-01
9.2049e-01
9.1354e-01
6.6503e-01
9.6440e-01
8.7714e-01
8.5631e-01
8.4610e-01
7.5872e-01
9.3237e-01
8.3647e-01
9.9779e-01
6.6979e-01
8.2903e-01
7.6960e-01
9.3583e-01
8.2758e-01
7.2013e-01
8.1345e-01
7.3086e-01
7.0799e-01
9.3336e-01
6.1750e-01
9.0670e-01
9.4301e-01
8.2767e-01
8.7145e-01
8.8487e-01
8.1218e-01
9.4958e-01
8.3216e-01
8.9221e-01
6.2310e-01
9.5587e-01
8.5764e-01
7.5402e-01
9.6713e-01
7.5553e-01
6.0084e-01
6.1576e-01
6.1860e-01
6.2828e-01
7.3824e-01
9.8726e-01
6.0056e-01
8.3428e-01
9.4918e-01
6.1851e-01
8.5215e-01
7.6114e-01
7.0848e-01
6.4009e-01
9.8239e-01
9.0981e-01
8.3200e-01
6.0842e-01
9.8792e-01
8.9207e-01
6.2677e-01
7.7821e-01
6.3103e-01
8.8305e-01
9.0391e-01
7.6111e-01
8.1754e-01
9.6684e-01
6.7621e-01
8.7772e-01
9.1926e-01
7.2227e-01
6.7517e-01
8.6943e-01
9.5828e-01
7.1781e-01
6.6723e-01
9.1253e-01
9.4788e-01
7.2969e-01
6.5227e-01
9.1415e-01
8.3958e-01
9.0969e-01
9.8522e-01
6.0953e-01
6.7859e-01
7.2309e-01
8.8455e-01
8.7356e-01
6.8804e-01
6.5633e-01
6.5571e-01
9.8440e-01
6.2542e-01
8.1962e-01
9.0780e-01
9.4196e-01
6.5154e-01
6.2769e-01
6.1422e-01
9.6543e-01
7.3023e-01
7.8054e-01
7.0865e-01
8.9116e-01
6.8116e-01
9.4817e-01
9.1072e-01
7.7487e-01
7.7745e-01
6.1265e-01
7.9016e-01
7.5283e-01
7.6447e-01
6.2401e-01
9.9176e-01
9.6353e-01
6.9331e-01
7.3364e-01
7.0088e-01
6.1375e-01
8.6155e-01
7.5078e-01
8.6056e-01
7.6063e-01
8.5792e-01
6.9892e-01
9.7093e-01
8.5691e-01
6.2116e-01
8.5687e-01
8.0042e-01
8.8467e-01
7.4456e-01
7.0633e-01
9.2734e-01
8.9660e-01
8.1612e-01
9.7215e-01
6.1167e-01
8.7548e-01
6.9556e-01
8.9230e-01
7.6832e-01
6.6011e-01
9.4434e-01
8.2842e-01
6.1217e-01
7.0737e-01
8.8115e-01
7.8408e-01
9.0902e-01
6.6512e-01
7.7222e-01
6.7800e-01
9.0984e-01
8.5443e-01
7.4235e-01
6.1715e-01
8.4818e-01
9.5044e-01
8.6510e-01
9.7487e-01
6.4263e-01
9.6058e-01
7.0401e-01
7.2046e-01
7.1446e-01
8.3205e-01
7.2048e-01
6.8642e-01
6.5518e-01
7.2994e-01
8.0465e-01
9.9328e-01
7.7006e-01
7.7590e-01
9.0707e-01
8.0088e-01
7.6426e-01
8.2726e-01
7.2453e-01
9.0465e-01
7.9759e-01
7.5249e-01
7.3813e-01
6.6315e-01
6.3616e-01
7.9269e-01
9.6428e-01
8.7058e-01
9.3286e-01
6.5615e-01
6.9974e-01
6.7709e-01
7.5896e-01
8.1416e-01
8.0763e-01
6.7864e-01
8.3914e-01
7.6858e-01
6.0023e-01
6.6087e-01
8.4587e-01
6.7647e-01
9.2519e-01
7.6526e-01
7.7542e-01
7.8377e-01
8.2625e-01
7.1073e-01
9.9746e-01
7.7251e-01
6.8133e-01
9.9670e-01
7.5090e-01
7.7502e-01
6.5934e-01
6.4954e-01
8.2539e-01
6.9290e-01
8.2182e-01
8.5284e-01
9.3602e-01
9.9402e-01
7.1639e-01
8.1559e-01
7.4191e-01
9.3553e-01
9.5668e-01
7.9687e-01
7.5116e-01
6.0276e-01
8.0534e-01
8.1373e-01
6.9841e-01
9.1996e-01
9.9047e-01
7.5234e-01
8.9207e-01
8.0406e-01
9.4815e-01
7.0954e-01
7.1446e-01
8.6149e-01
6.0574e-01
6.6884e-01
6.8444e-01
7.1198e-01
8.3336e-01
7.7422e-01
6.5012e-01
7.0398e-01
9.1801e-01
8.3154e-01
9.4385e-01
7.7019e-01
7.3029e-01
6.4359e-01
9.8495e-01
6.2233e-01
9.8952e-01
8.8117e-01
8.7613e-01
8.5953e-01
9.6528e-01
7.7078e-01
8.4061e-01
8.0889e-01
9.8900e-01
7.4124e-01
9.1340e-01
8.7993e-01
8.8030e-01
8.1749e-01
8.1903e-01
8.5317e-01
6.7936e-01
9.2432e-01
7.8143e-01
7.1163e-01
6.3293e-01
9.7594e-01
7.3029e-01
7.9341e-01
7.3487e-01
9.7708e-01
8.2959e-01
6.2780e-01
9.7040e-01
9.0279e-01
7.3077e-01
7.3957e-01
9.0204e-01
7.6953e-01
8.6585e-01
7.6916e-01
6.4279e-01
6.7747e-01
7.7335e-01
7.0375e-01
7.3181e-01
6.1534e-01
8.3895e-01
8.8185e-01
9.0454e-01
8.2798e-01
6.5771e-01
9.0974e-01
7.6761e-01
7.1067e-01
6.7698e-01
8.1749e-01
6.9496e-01
8.4179e-01
8.5112e-01
7.6221e-01
6.1898e-01
8.8698e-01
7.2206e-01
6.1237e-01
7.8265e-01
6.9724e-01
6.5148e-01
7.1516e-01
7.2434e-01
8.8080e-01
7.8898e-01
7.8205e-01
6.3818e-01
8.3357e-01
6.2186e-01
8.9487e-01
6.0623e-01
7.5371e-01
6.5947e-01
9.0277e-01
8.1524e-01
8.4255e-01
6.9155e-01
9.8131e-01
8.2443e-01
9.9927e-01
9.0742e-01
6.6711e-01
7.1192e-01
6.5655e-01
6.1654e-01
6.1546e-01
8.5641e-01
7.6804e-01
6.3654e-01
8.6973e-01
7.3371e-01
6.3986e-01
6.8126e-01
7.1887e-01
7.9665e-01
8.3840e-01
8.3301e-01
9.7655e-01
6.0023e-01
9.7464e-01
9.4354e-01
8.5933e-01
9.0385e-01
9.8719e-01
6.0997e-01
6.4844e-01
7.3755e-01
9.1961e-01
9.2353e-01
8.6633e-01
8.7061e-01
8.1519e-01
9.9698e-01
9.0583e-01
7.8776e-01
9.2033e-01
9.7618e-01
6.8794e-01
8.3339e-01
8.8558e-01
8.6496e-01
9.1992e-01
9.3282e-01
6.6063e-01
6.2280e-01
9.6411e-01
8.6701e-01
9.0394e-01
7.4094e-01
6.2974e-01
7.1854e-01
7.3148e-01
7.2876e-01
7.3604e-01
7.5246e-01
8.5252e-01
9.1098e-01
7.6841e-01
7.7724e-01
6.3296e-01
9.5035e-01
9.7824e-01
7.9066e-01
7.9072e-01
9.6849e-01
6.4978e-01
8.4350e-01
6.7824e-01
6.7923e-01
9.9883e-01
8.7119e-01
7.2318e-01
7.2036e-01
9.2125e-01
7.8481e-01
6.8232e-01
8.8558e-01
8.7610e-01
6.7030e-01
9.4111e-01
7.5962e-01
8.0560e-01
8.8460e-01
6.8161e-01
7.3956e-01
8.8045e-01
6.7635e-01
9.5435e-01
9.9416e-01
7.4197e-01
9.9162e-01
7.4691e-01
6.4079e-01
8.7614e-01
8.0607e-01
6.6566e-01
8.3970e-01
7.3035e-01
8.1917e-01
9.4036e-01
9.2249e-01
6.3295e-01
8.4854e-01
6.6991e-01
6.0451e-01
6.5575e-01
7.3602e-01
8.5405e-01
9.6597e-01
8.8444e-01
7.8295e-01
9.7971e-01
8.3382e-01
6.5950e-01
7.2771e-01
7.4056e-01
6.6391e-01
9.7463e-01
6.1535e-01
6.7070e-01
6.8541e-01
7.2015e-01
6.0442e-01
9.5420e-01
6.3155e-01
9.9783e-01
9.8422e-01
8.1788e-01
6.0465e-01
7.1459e-01
8.4219e-01
7.3846e-01
6.4884e-01
6.3482e-01
7.4346e-01
8.7496e-01
8.9654e-01
7.8311e-01
8.3614e-01
6.5318e-01
9.7827e-01
9.3332e-01
7.8582e-01
7.2098e-01
9.4877e-01
6.8078e-01
8.7580e-01
8.8985e-01
7.5727e-01
8.3982e-01
8.2375e-01
7.3124e-01
6.6789e-01
9.6335e-01
8.6607e-01
8.4023e-01
9.2476e-01
6.2677e-01
7.1551e-01
8.9757e-01
9.7520e-01
9.7057e-01
7.3792e-01
8.6834e-01
9.8447e-01
8.0544e-01
9.8245e-01
7.6936e-01
7.2298e-01
6.1377e-01
6.6039e-01
9.7240e-01
7.8576e-01
9.0606e-01
7.4230e-01
7.1800e-01
7.3626e-01
9.8752e-01
7.9473e-01
6.5891e-01
7.4455e-01
9.8396e-01
7.5863e-01
7.1986e-01
8.1399e-01
6.8853e-01
7.9122e-01
8.1845e-01
8.2431e-01
8.9745e-01
9.9910e-01
8.8207e-01
7.3495e-01
9.6184e-01
6.3630e-01
8.3221e-01
8.5625e-01
9.0343e-01
9.0341e-01
9.5066e-01
8.7642e-01
9.2792e-01
9.8962e-01
6.2368e-01
6.3148e-01
9.5217e-01
8.9081e-01
8.4361e-01
7.6256e-01
7.0830e-01
6.5449e-01
6.3860e-01
6.4608e-01
6.8922e-01
8.5567e-01
9.7193e-01
9.9816e-01
6.7209e-01
8.6330e-01
7.7958e-01
7.0210e-01
9.4146e-01
6.9976e-01
7.4546e-01
9.3062e-01
9.7068e-01
6.5126e-01
9.8866e-01
7.6393e-01
8.6113e-01
9.1160e-01
6.9931e-01
8.5724e-01
8.5222e-01
8.2463e-01
6.2514e-01
7.4742e-01
7.5234e-01
6.0668e-01
8.8078e-01
7.1707e-01
6.4381e-01
7.6904e-01
8.3273e-01
7.2229e-01
8.2238e-01
6.9979e-01
6.8619e-01
6.2155e-01
9.3799e-01
8.6683e-01
7.8783e-01
9.4647e-01
6.0468e-01
7.9050e-01
8.4174e-01
8.9253e-01
6.2954e-01
8.3909e-01
7.2100e-01
8.2038e-01
8.2373e-01
9.7364e-01
7.5424e-01
9.8029e-01
6.9182e-01
7.8821e-01
9.0873e-01
8.1276e-01
8.4048e-01
7.9602e-01
9.9813e-01
6.3457e-01
9.6088e-01
9.0540e-01
9.1592e-01
6.4843e-01
7.9583e-01
6.4221e-01
7.3844e-01
8.8216e-01
8.1862e-01
7.4141e-01
8.1904e-01
6.3781e-01
8.8934e-01
7.1212e-01
9.3184e-01
9.3856e-01
8.4175e-01
7.5308e-01
6.1970e-01
8.5050e-01
8.3472e-01
7.1995e-01
7.6891e-01
8.7099e-01
8.3515e-01
9.9666e-01
7.9931e-01
8.0104e-01
9.8805e-01
8.8768e-01
8.0674e-01
9.6469e-01
7.2497e-01
9.4172e-01
7.2235e-01
9.1926e-01
7.6303e-01
6.7870e-01
6.6636e-01
7.7397e-01
6.8948e-01
7.4261e-01
8.9471e-01
6.3932e-01
6.4523e-01
6.6577e-01
8.3861e-01
7.1879e-01
7.1307e-01
8.9555e-01
9.5599e-01
7.6206e-01
6.9947e-01
8.3114e-01
7.2944e-01
6.9106e-01
6.6291e-01
6.0424e-01
6.4316e-01
9.9334e-01
6.4651e-01
9.8857e-01
9.6403e-01
7.8386e-01
6.4912e-01
8.8179e-01
7.1444e-01
6.0869e-01
8.2906e-01
7.3122e-01
6.5095e-01
7.3088e-01
7.5966e-01
9.2692e-01
6.0974e-01
7.2920e-01
7.2517e-01
7.4282e-01
7.8127e-01
8.5250e-01
9.1623e-01
7.6305e-01
7.2495e-01
7.5510e-01
8.7867e-01
8.4058e-01
9.7062e-01
6.2859e-01
6.8983e-01
8.1730e-01
8.0802e-01
6.6329e-01
8.6413e-01
6.6717e-01
6.9308e-01
8.0634e-01
8.4182e-01
8.8901e-01
7.0035e-01
9.2165e-01
7.3737e-01
6.5797e-01
6.2742e-01
6.9687e-01
9.8357e-01
8.8749e-01
6.6807e-01
8.3823e-01
9.1009e-01
9.9012e-01
9.9314e-01
9.4222e-01
9.4921e-01
7.2418e-01
9.7912e-01
8.4392e-01
9.5687e-01
6.9113e-01
7.5679e-01
6.3146e-01
8.0795e-01
7.0858e-01
9.1130e-01
8.1149e-01
7.8892e-01
7.3787e-01
9.6671e-01
8.8478e-01
8.3644e-01
9.6593e-01
8.7473e-01
6.5122e-01
8.4475e-01
6.6833e-01
8.7222e-01
7.7501e-01
8.3459e-01
6.9656e-01
9.7258e-01
8.7841e-01
6.0701e-01
9.9339e-01
8.8301e-01
7.5449e-01
6.9728e-01
8.5032e-01
9.6762e-01
9.6697e-01
7.7043e-01
6.2457e-01
8.5091e-01
6.3858e-01
8.1555e-01
6.8049e-01
7.9898e-01
7.9008e-01
8.8869e-01
9.1790e-01
9.9758e-01
7.0136e-01
7.5170e-01
9.8557e-01
7.3750e-01
6.9552e-01
6.7744e-01
9.1734e-01
6.9529e-01
9.1724e-01
9.4460e-01
8.6906e-01
8.6175e-01
7.1847e-01
7.5893e-01
7.8905e-01
7.6087e-01
7.9554e-01
6.2739e-01
7.0269e-01
7.6156e-01
7.3539e-01
9.3844e-01
6.4356e-01
9.5648e-01
8.8203e-01
9.4035e-01
6.1976e-01
8.7844e-01
8.0591e-01
6.6223e-01
9.1450e-01
7.0683e-01
7.4051e-01
7.6153e-01
7.5847e-01
7.4419e-01
6.1233e-01
8.1851e-01
7.8035e-01
6.9748e-01
7.4591e-01
8.6822e-01
6.4577e-01
6.0490e-01
9.1174e-01
9.2666e-01
9.3683e-01
6.4058e-01
7.5088e-01
8.8795e-01
9.6297e-01
6.5556e-01
6.1131e-01
7.6221e-01
7.9616e-01
7.8557e-01
8.6234e-01
9.6448e-01
7.3040e-01
8.3161e-01
9.6218e-01
8.9261e-01
6.4624e-01
8.0064e-01
6.2104e-01
9.5075e-01
8.6974e-01
7.9607e-01
6.9721e-01
8.6415e-01
9.4989e-01
9.5413e-01
8.6823e-01
6.3568e-01
6.6042e-01
7.7424e-01
9.4657e-01
7.1424e-01
9.8470e-01
9.9128e-01
6.8315e-01
6.6944e-01
7.4211e-01
9.9192e-01
6.1730e-01
9.0809e-01
6.7229e-01
9.9741e-01
9.4520e-01
8.4904e-01
8.9778e-01
8.5599e-01
7.7256e-01
7.9114e-01
9.3738e-01
9.1241e-01
9.7523e-01
6.3898e-01
7.0421e-01
7.7335e-01
7.5217e-01
8.4529e-01
6.8664e-01
8.9524e-01
6.7350e-01
8.2804e-01
9.2496e-01
9.6226e-01
6.4124e-01
8.1910e-01
6.1623e-01
9.4268e-01
6.7231e-01
6.0307e-01
7.1490e-01
9.0733e-01
7.5436e-01
6.2265e-01
8.2538e-01
7.7149e-01
6.9802e-01
6.7979e-01
8.9142e-01
8.6643e-01
8.8561e-01
8.5986e-01
7.8916e-01
6.6411e-01
6.3314e-01
9.0992e-01
9.8946e-01
9.3400e-01
6.6188e-01
8.9161e-01
6.3986e-01
6.7432e-01
8.9513e-01
7.6265e-01
8.0563e-01
7.9526e-01
9.2529e-01
7.2403e-01
6.9524e-01
8.3790e-01
6.0261e-01
8.0954e-01
8.9766e-01
6.3128e-01
7.4813e-01
7.6219e-01
7.4876e-01
8.1039e-01
6.7547e-01
8.0415e-01
6.3366e-01
6.8312e-01
9.7775e-01
9.6840e-01
9.3540e-01
8.1992e-01
8.2037e-01
7.1105e-01
8.5962e-01
7.4033e-01
8.2971e-01
7.0258e-01
9.3768e-01
9.8130e-01
6.4211e-01
7.8344e-01
8.0132e-01
7.8141e-01
8.5834e-01
6.5350e-01
7.5228e-01
9.2368e-01
7.3918e-01
9.3528e-01
6.3405e-01
9.6688e-01
7.7174e-01
9.7658e-01
7.7910e-01
8.5175e-01
6.9979e-01
8.3206e-01
9.8585e-01
8.4168e-01
6.1496e-01
6.0656e-01
8.1749e-01
6.2920e-01
8.0861e-01
9.4746e-01
8.0311e-01
7.5315e-01
7.4906e-01
9.2929e-01
6.4337e-01
6.5614e-01
7.5163e-01
7.7544e-01
7.3457e-01
7.9279e-01
9.9385e-01
9.1518e-01
7.0078e-01
7.4219e-01
6.7318e-01
8.5154e-01
6.5437e-01
9.8770e-01
9.7319e-01
7.1527e-01
6.4256e-01
8.1554e-01
8.3263e-01
7.3883e-01
6.8651e-01
6.1406e-01
8.4202e-01
8.3161e-01
9.1478e-01
6.5747e-01
9.4462e-01
6.0603e-01
7.9061e-01
6.8561e-01
9.3342e-01
8.2178e-01
6.6099e-01
6.0808e-01
6.9620e-01
8.0493e-01
9.0969e-01
7.0734e-01
9.5197e-01
8.1923e-01
9.7600e-01
8.8599e-01
6.7383e-01
7.7971e-01
6.2019e-01
6.0190e-01
8.4271e-01
7.7182e-01
6.2824e-01
6.7740e-01
8.4929e-01
9.5809e-01
6.9550e-01
9.5568e-01
7.1085e-01
7.1021e-01
8.6678e-01
9.5272e-01
9.3909e-01
6.4941e-01
6.1261e-01
9.7930e-01
8.4416e-01
7.7668e-01
8.4499e-01
9.5922e-01
9.9490e-01
9.0876e-01
9.7493e-01
9.1476e-01
7.4172e-01
8.7295e-01
8.7358e-01
6.9107e-01
6.9165e-01
9.1813e-01
7.5130e-01
9.4078e-01
9.6757e-01
7.8166e-01
7.1169e-01
7.0965e-01
8.1447e-01
9.4779e-01
8.9994e-01
9.4309e-01
7.9855e-01
8.9540e-01
9.0087e-01
8.9469e-01
9.4026e-01
6.3642e-01
8.4718e-01
7.5454e-01
6.4144e-01
6.6276e-01
9.8469e-01
6.4254e-01
7.5904e-01
8.7487e-01
6.6864e-01
6.0140e-01
6.4370e-01
6.3311e-01
9.5509e-01
8.3058e-01
7.2080e-01
8.2569e-01
6.9146e-01
6.5827e-01
7.7666e-01
6.1615e-01
9.0792e-01
8.6086e-01
6.7315e-01
6.9867e-01
8.3935e-01
7.8892e-01
9.0711e-01
7.2293e-01
7.3948e-01
9.6908e-01
9.4351e-01
7.9096e-01
8.1567e-01
9.8984e-01
7.0846e-01
8.8223e-01
7.0915e-01
7.6978e-01
8.2118e-01
8.3721e-01
7.7575e-01
9.1599e-01
8.5775e-01
8.5524e-01
7.0566e-01
6.7611e-01
7.3628e-01
8.7737e-01
9.3566e-01
9.8011e-01
7.4653e-01
8.4071e-01
8.1569e-01
9.8933e-01
9.9343e-01
9.4627e-01
9.3889e-01
8.1219e-01
7.2885e-01
6.9244e-01
8.8381e-01
8.0426e-01
7.5640e-01
7.6926e-01
9.5028e-01
7.5469e-01
8.0558e-01
7.8482e-01
7.2235e-01
8.0148e-01
8.7347e-01
6.7496e-01
6.1903e-01
8.6283e-01
6.4060e-01
8.7191e-01
8.5670e-01
6.3154e-01
6.0495e-01
9.3315e-01
8.5003e-01
8.5431e-01
6.5378e-01
6.3497e-01
9.3655e-01
6.8812e-01
9.6548e-01
9.7870e-01
9.8960e-01
8.1907e-01
9.6433e-01
9.5501e-01
9.2480e-01
9.9937e-01
7.2754e-01
7.4581e-01
8.9017e-01
7.3804e-01
8.2449e-01
6.0026e-01
6.3087e-01
9.5579e-01
8.8979e-01
6.5036e-01
7.4353e-01
6.6016e-01
9.6661e-01
7.9470e-01
9.0812e-01
7.1620e-01
6.6248e-01
8.0294e-01
8.7488e-01
8.5684e-01
8.6268e-01
9.9300e-01
9.4783e-01
6.2895e-01
9.2883e-01
7.7682e-01
8.9622e-01
8.8307e-01
7.5004e-01
9.5593e-01
8.9537e-01
6.7676e-01
9.2761e-01
6.0677e-01
9.2585e-01
7.8161e-01
8.9379e-01
7.6740e-01
8.6603e-01
8.7257e-01
6.8614e-01
9.2364e-01
6.9606e-01
7.1217e-01
6.3319e-01
9.5728e-01
8.6834e-01
6.7559e-01
6.2625e-01
9.5681e-01
8.5906e-01
6.7047e-01
9.3198e-01
8.6331e-01
7.4190e-01
8.4119e-01
8.5384e-01
8.5370e-01
9.4830e-01
7.3916e-01
7.4369e-01
7.5652e-01
9.2643e-01
6.3087e-01
9.4461e-01
7.0456e-01
7.3917e-01
8.8799e-01
8.0506e-01
9.6742e-01
8.1013e-01
9.8450e-01
6.7687e-01
6.6446e-01
6.0889e-01
6.4542e-01
8.4978e-01
9.4976e-01
9.2972e-01
9.3544e-01
8.8011e-01
7.6699e-01
8.7510e-01
9.7985e-01
7.9533e-01
8.0914e-01
6.9534e-01
6.3411e-01
9.3329e-01
8.1394e-01
7.9660e-01
9.4774e-01
8.9571e-01
9.5163e-01
9.8170e-01
6.2092e-01
9.1809e-01
8.9536e-01
6.1165e-01
7.1671e-01
7.5091e-01
8.8740e-01
8.7535e-01
8.3225e-01
9.1430e-01
7.5527e-01
9.8606e-01
8.0709e-01
9.5865e-01
6.6185e-01
6.6949e-01
6.1313e-01
6.4196e-01
9.3210e-01
6.7714e-01
8.5721e-01
9.8849e-01
6.0921e-01
9.2424e-01
6.3004e-01
6.8724e-01
9.5285e-01
7.5892e-01
7.2391e-01
9.4190e-01
9.1089e-01
7.3701e-01
9.1041e-01
6.1123e-01
6.7116e-01
8.6371e-01
7.8148e-01
8.5655e-01
8.9720e-01
6.1885e-01
6.3599e-01
7.1557e-01
8.2849e-01
8.1618e-01
9.1470e-01
7.1508e-01
9.0001e-01
8.7294e-01
8.6822e-01
6.3744e-01
7.7412e-01
8.2536e-01
6.0364e-01
6.7464e-01
6.6994e-01
6.9753e-01
9.2628e-01
7.9259e-01
6.6684e-01
7.1526e-01
6.8503e-01
7.7313e-01
7.6432e-01
9.2643e-01
7.3514e-01
7.0934e-01
9.0061e-01
6.0357e-01
9.4477e-01
9.2746e-01
8.3834e-01
6.6047e-01
8.0199e-01
7.1462e-01
6.1211e-01
6.4030e-01
7.9581e-01
6.0587e-01
7.9354e-01
9.9634e-01
8.5578e-01
8.0781e-01
9.5296e-01
6.1942e-01
7.2531e-01
6.3087e-01
6.8185e-01
9.9274e-01
8.9249e-01
8.7776e-01
9.5318e-01
6.4094e-01
9.2114e-01
9.6991e-01
8.9154e-01
7.0851e-01
8.0660e-01
9.2012e-01
6.5178e-01
9.6403e-01
6.5155e-01
6.3298e-01
9.9027e-01
8.8515e-01
9.5527e-01
6.0001e-01
8.5403e-01
9.2649e-01
8.3194e-01
7.5171e-01
9.6106e-01
8.1372e-01
8.9397e-01
6.5447e-01
8.2728e-01
7.2945e-01
7.5271e-01
6.9572e-01
6.3985e-01
9.3064e-01
6.6741e-01
8.0684e-01
7.2985e-01
9.1575e-01
9.0649e-01
8.0597e-01
8.7629e-01
9.9238e-01
8.3536e-01
6.4718e-01
6.3371e-01
7.1976e-01
6.7549e-01
9.7885e-01
6.3622e-01
8.9379e-01
9.9356e-01
6.1400e-01
6.5016e-01
6.7297e-01
8.5778e-01
8.2568e-01
7.3660e-01
8.3457e-01
7.0700e-01
9.5753e-01
7.2394e-01
6.5380e-01
7.9330e-01
8.0681e-01
8.6428e-01
8.0562e-01
7.3052e-01
7.3216e-01
6.5364e-01
7.4495e-01
8.2531e-01
9.9853e-01
9.0838e-01
6.1104e-01
7.6013e-01
6.1081e-01
7.8591e-01
8.9122e-01
8.2763e-01
8.4735e-01
8.7127e-01
9.0531e-01
9.6286e-01
8.6820e-01
7.7726e-01
8.9598e-01
6.9838e-01
9.3092e-01
6.5963e-01
7.7780e-01
7.2036e-01
6.9182e-01
7.3703e-01
9.2563e-01
9.0868e-01
7.8242e-01
7.2364e-01
6.2116e-01
6.0991e-01
9.9971e-01
8.2662e-01
7.1754e-01
9.1208e-01
8.8238e-01
9.0911e-01
7.9315e-01
7.2831e-01
8.2948e-01
8.0155e-01
6.7423e-01
8.1489e-01
6.9071e-01
6.7138e-01
8.1281e-01
6.7951e-01
9.5666e-01
8.7212e-01
6.9985e-01
8.7050e-01
7.7599e-01
6.8205e-01
8.8845e-01
9.6340e-01
6.6856e-01
6.6408e-01
6.2254e-01
9.5134e-01
7.9732e-01
7.1696e-01
6.5881e-01
8.8841e-01
8.5421e-01
8.2759e-01
8.7605e-01
9.3145e-01
7.3082e-01
7.7569e-01
9.3360e-01
9.2148e-01
6.7924e-01
8.3499e-01
9.6543e-01
8.3037e-01
9.9071e-01
8.9648e-01
8.5231e-01
8.0909e-01
9.2954e-01
9.5159e-01
9.0545e-01
9.4075e-01
9.5267e-01
7.1333e-01
7.4217e-01
6.1431e-01
7.9516e-01
8.5495e-01
9.3583e-01
8.3682e-01
7.4486e-01
7.1655e-01
7.4216e-01
8.9095e-01
9.4096e-01
6.7229e-01
6.7281e-01
7.9910e-01
7.4963e-01
8.5557e-01
7.2351e-01
8.0541e-01
8.4540e-01
7.6231e-01
8.5359e-01
6.4874e-01
7.5094e-01
9.7002e-01
6.7649e-01
6.1596e-01
9.5213e-01
6.6249e-01
8.5897e-01
8.8796e-01
9.2401e-01
6.0429e-01
7.0433e-01
6.3041e-01
9.4489e-01
6.9270e-01
6.5739e-01
7.1288e-01
6.9563e-01
6.9027e-01
6.0119e-01
6.4485e-01
7.9565e-01
8.4063e-01
7.8361e-01
8.3723e-01
8.3915e-01
6.4777e-01
8.6690e-01
9.4669e-01
6.9711e-01
9.8023e-01
6.5459e-01
6.2944e-01
7.6147e-01
8.4548e-01
7.0130e-01
6.2682e-01
7.9242e-01
6.8829e-01
7.3570e-01
7.1389e-01
8.5143e-01
9.0855e-01
9.1789e-01
8.2108e-01
6.2677e-01
8.2356e-01
6.4458e-01
8.6608e-01
6.8618e-01
7.0253e-01
8.1218e-01
7.0610e-01
7.6408e-01
6.1269e-01
7.8411e-01
8.1446e-01
6.6414e-01
9.7151e-01
6.8280e-01
9.5079e-01
9.8803e-01
7.9966e-01
6.1816e-01
8.9856e-01
8.5853e-01
7.9418e-01
8.4686e-01
8.1262e-01
8.8952e-01
9.8207e-01
9.4987e-01
8.5027e-01
8.5664e-01
6.4278e-01
7.6112e-01
6.4827e-01
9.4404e-01
6.2943e-01
9.4214e-01
6.2710e-01
6.8965e-01
8.7294e-01
6.3735e-01
8.1078e-01
6.6134e-01
8.8433e-01
6.3129e-01
6.9163e-01
9.0166e-01
7.6458e-01
7.5259e-01
6.2735e-01
7.6418e-01
9.0822e-01
9.5170e-01
8.5894e-01
7.5288e-01
6.0798e-01
9.8798e-01
7.3494e-01
6.0966e-01
7.3151e-01
6.6296e-01
8.2435e-01
8.1982e-01
8.8820e-01
7.3440e-01
7.2705e-01
7.6943e-01
9.9022e-01
7.3805e-01
7.7345e-01
6.5630e-01
8.6111e-01
9.7542e-01
9.6849e-01
7.5741e-01
9.4267e-01
6.3535e-01
8.8172e-01
8.2073e-01
7.4606e-01
6.7163e-01
6.9701e-01
6.2140e-01
6.3239e-01
6.8333e-01
6.4017e-01
6.5202e-01
7.9052e-01
7.9024e-01
7.8390e-01
7.1860e-01
7.5772e-01
7.9942e-01
9.9807e-01
6.4246e-01
6.3785e-01
9.5617e-01
6.6362e-01
8.5630e-01
6.0184e-01
6.9271e-01
7.4439e-01
7.6095e-01
9.7996e-01
6.8415e-01
7.0420e-01
6.3182e-01
9.8963e-01
6.3967e-01
7.5982e-01
9.4221e-01
6.6532e-01
6.4737e-01
6.6504e-01
6.5423e-01
9.6089e-01
7.9886e-01
7.4606e-01
7.1321e-01
8.0793e-01
9.3411e-01
6.2767e-01
8.3298e-01
8.8064e-01
8.1794e-01
8.5675e-01
8.3380e-01
8.8691e-01
8.1608e-01
9.4527e-01
6.7814e-01
9.4717e-01
9.3856e-01
8.8625e-01
8.6121e-01
6.7004e-01
7.0936e-01
7.4685e-01
9.7908e-01
9.3217e-01
8.0166e-01
8.6545e-01
6.5770e-01
9.1820e-01
7.9804e-01
7.2985e-01
9.9204e-01
8.6646e-01
6.1900e-01
7.5689e-01
8.3556e-01
9.0082e-01
6.3276e-01
9.1135e-01
6.3690e-01
7.7018e-01
9.0398e-01
9.7877e-01
8.4701e-01
7.0051e-01
9.2748e-01
7.2553e-01
6.7509e-01
7.0022e-01
8.6851e-01
8.3566e-01
6.2891e-01
7.1873e-01
6.1874e-01
7.4959e-01
9.2780e-01
7.9786e-01
7.8788e-01
6.9456e-01
6.1340e-01
8.2494e-01
6.4270e-01
8.7448e-01
9.8460e-01
9.0819e-01
8.9021e-01
7.8646e-01
6.4724e-01
6.1930e-01
6.7733e-01
8.7495e-01
7.3240e-01
7.4984e-01
6.5846e-01
7.8774e-01
7.5571e-01
8.2436e-01
8.6552e-01
8.4650e-01
8.0044e-01
8.0443e-01
7.1484e-01
7.1595e-01
6.7463e-01
9.7694e-01
6.4624e-01
9.4221e-01
9.4018e-01
7.3655e-01
9.1531e-01
7.7702e-01
7.0298e-01
8.4318e-01
9.8156e-01
7.8489e-01
8.8712e-01
7.1584e-01
9.5395e-01
8.8501e-01
6.2135e-01
7.5306e-01
9.9779e-01
9.2265e-01
9.1313e-01
7.8603e-01
9.5120e-01
9.1906e-01
6.7562e-01
9.9981e-01
6.1521e-01
8.3997e-01
9.9559e-01
7.3099e-01
7.5085e-01
8.9602e-01
8.1120e-01
6.9031e-01
7.5515e-01
6.0330e-01
8.1401e-01
6.9895e-01
6.5051e-01
9.0201e-01
9.8312e-01
9.8833e-01
9.3180e-01
7.6176e-01
8.9521e-01
7.6561e-01
8.2307e-01
6.8986e-01
8.3596e-01
7.2499e-01
7.1199e-01
7.9303e-01
9.3584e-01
9.7910e-01
6.7510e-01
8.6691e-01
7.5819e-01
8.1326e-01
6.2267e-01
7.0309e-01
6.7709e-01
8.9691e-01
6.2474e-01
8.9583e-01
7.9990e-01
7.8005e-01
6.8421e-01
9.7703e-01
6.3256e-01
9.8353e-01
8.2663e-01
9.4237e-01
9.2704e-01
7.2921e-01
7.8821e-01
9.1270e-01
9.0462e-01
8.8027e-01
6.7824e-01
7.0626e-01
8.2569e-01
9.3213e-01
6.7534e-01
8.1382e-01
9.6535e-01
7.5698e-01
6.7649e-01
9.7914e-01
8.5601e-01
7.6409e-01
6.8540e-01
7.1071e-01
8.8679e-01
9.3841e-01
6.8611e-01
9.8227e-01
9.1064e-01
6.7084e-01
9.1908e-01
8.1485e-01
6.3106e-01
6.4666e-01
6.0860e-01
9.7216e-01
9.6897e-01
6.9316e-01
8.9214e-01
7.1593e-01
9.7730e-01
7.5487e-01
6.4067e-01
8.7157e-01
6.5720e-01
8.5198e-01
8.7623e-01
8.1715e-01
6.4830e-01
9.7142e-01
8.9103e-01
6.1084e-01
8.2398e-01
9.9662e-01
6.3179e-01
8.5195e-01
9.0521e-01
9.0113e-01
6.7992e-01
9.4298e-01
8.8495e-01
8.9048e-01
9.4219e-01
7.4687e-01
7.0153e-01
8.8699e-01
7.8939e-01
6.8735e-01
6.1817e-01
6.4605e-01
8.2660e-01
6.1530e-01
7.4538e-01
6.3744e-01
9.3493e-01
9.2204e-01
8.2810e-01
6.0877e-01
6.6308e-01
9.5148e-01
7.6913e-01
7.2951e-01
8.5156e-01
9.1605e-01
6.1474e-01
7.0510e-01
9.8512e-01
8.7816e-01
9.3846e-01
6.9917e-01
9.1227e-01
6.2138e-01
8.8448e-01
6.3180e-01
9.2783e-01
7.2911e-01
8.1301e-01
7.7407e-01
9.3520e-01
6.1471e-01
8.6045e-01
8.9495e-01
9.0743e-01
6.1219e-01
8.8166e-01
7.5339e-01
8.9183e-01
9.8306e-01
9.9157e-01
7.4041e-01
9.1671e-01
9.2753e-01
8.0463e-01
9.2883e-01
9.9736e-01
9.9059e-01
9.4249e-01
8.4541e-01
6.6789e-01
8.0494e-01
7.8414e-01
9.6745e-01
7.8000e-01
7.2658e-01
8.5478e-01
9.7113e-01
8.1741e-01
6.5913e-01
7.3169e-01
8.4717e-01
8.1146e-01
6.9238e-01
7.8206e-01
9.0363e-01
7.1933e-01
8.5646e-01
9.7519e-01
8.1327e-01
8.0953e-01
7.5299e-01
9.6949e-01
6.2078e-01
9.1711e-01
9.4476e-01
6.9792e-01
8.1564e-01
7.1971e-01
8.3614e-01
6.8230e-01
8.6640e-01
9.9148e-01
8.2415e-01
8.3272e-01
9.1660e-01
9.4914e-01
8.7256e-01
7.1750e-01
7.8796e-01
8.9961e-01
9.8934e-01
8.5276e-01
7.4293e-01
8.3040e-01
9.1207e-01
6.7468e-01
6.1244e-01
6.9083e-01
6.9769e-01
8.8665e-01
9.3002e-01
6.5279e-01
9.1468e-01
7.3044e-01
7.6675e-01
8.7650e-01
7.4009e-01
9.0897e-01
8.7338e-01
8.6504e-01
8.5155e-01
6.7883e-01
8.8607e-01
6.0300e-01
9.9582e-01
6.8649e-01
9.7799e-01
8.3296e-01
7.4583e-01
6.7036e-01
6.5720e-01
7.1566e-01
9.4256e-01
9.3633e-01
6.1202e-01
6.6056e-01
7.3859e-01
7.0534e-01
6.4048e-01
7.2336e-01
6.6635e-01
7.3854e-01
6.3842e-01
8.5539e-01
8.0967e-01
9.0996e-01
9.0366e-01
6.9515e-01
9.6158e-01
6.8793e-01
7.3485e-01
7.6087e-01
7.5370e-01
8.2693e-01
8.1621e-01
8.8261e-01
6.6643e-01
9.9732e-01
7.3285e-01
8.4864e-01
7.2725e-01
9.8537e-01
9.0632e-01
8.9655e-01
8.8005e-01
9.9231e-01
9.1643e-01
9.7469e-01
9.5543e-01
9.3859e-01
9.6883e-01
6.5413e-01
8.8553e-01
8.4382e-01
6.8787e-01
6.7406e-01
6.4979e-01
7.4241e-01
6.4264e-01
6.3763e-01
7.8660e-01
8.5077e-01
7.5327e-01
8.6343e-01
8.0408e-01
9.7632e-01
9.6890e-01
9.9234e-01
9.1258e-01
6.6607e-01
6.8742e-01
8.1329e-01
6.2695e-01
6.9395e-01
6.5972e-01
8.6552e-01
8.2717e-01
8.8574e-01
9.3431e-01
8.7879e-01
8.1664e-01
8.4476e-01
6.9599e-01
7.7240e-01
7.7894e-01
7.5951e-01
6.8290e-01
7.0231e-01
7.0107e-01
9.0974e-01
8.4374e-01
9.0959e-01
6.7025e-01
7.7475e-01
6.4341e-01
9.1731e-01
9.7537e-01
9.1166e-01
7.4202e-01
6.8922e-01
9.0232e-01
7.7702e-01
6.3581e-01
8.2286e-01
8.1657e-01
9.0138e-01
6.3874e-01
7.4594e-01
6.9519e-01
8.3583e-01
9.1759e-01
6.7321e-01
7.8845e-01
9.3283e-01
9.4779e-01
7.1640e-01
6.2664e-01
8.9050e-01
8.1347e-01
9.7979e-01
6.3590e-01
9.3238e-01
8.4362e-01
7.4129e-01
8.2751e-01
7.0810e-01
9.2251e-01
8.0412e-01
8.7223e-01
8.2614e-01
7.8968e-01
7.3123e-01
8.6315e-01
9.8585e-01
8.9802e-01
8.2619e-01
7.5362e-01
6.4735e-01
7.0140e-01
8.7789e-01
7.0023e-01
6.2857e-01
9.2779e-01
8.5674e-01
7.8960e-01
6.5835e-01
8.1543e-01
7.7554e-01
9.2189e-01
7.0103e-01
8.2671e-01
7.8847e-01
9.5266e-01
6.3159e-01
6.4748e-01
8.6971e-01
6.5112e-01
6.2856e-01
7.1167e-01
9.4318e-01
7.0602e-01
8.3888e-01
6.5573e-01
8.9135e-01
7.4651e-01
7.6292e-01
8.2792e-01
8.5613e-01
8.3049e-01
7.9987e-01
7.7272e-01
8.1671e-01
7.6568e-01
7.5764e-01
6.0058e-01
8.2352e-01
7.1707e-01
6.3732e-01
6.3373e-01
7.2499e-01
6.3595e-01
6.0586e-01
9.2956e-01
7.1207e-01
8.0279e-01
6.2314e-01
7.7174e-01
7.2565e-01
6.6587e-01
7.6883e-01
6.6510e-01
7.9576e-01
7.4998e-01
9.1579e-01
9.1705e-01
8.6433e-01
9.4007e-01
9.0519e-01
7.1369e-01
6.9967e-01
9.0313e-01
7.4671e-01
6.8865e-01
8.1327e-01
9.3546e-01
7.8735e-01
8.6448e-01
6.9780e-01
6.3648e-01
7.7204e-01
7.9251e-01
8.5603e-01
8.3855e-01
9.6728e-01
8.5169e-01
6.6607e-01
9.1578e-01
7.9934e-01
6.7875e-01
9.0893e-01
6.8517e-01
6.4618e-01
9.3725e-01
6.4061e-01
6.1997e-01
7.8907e-01
8.8813e-01
7.1507e-01
8.7797e-01
7.0445e-01
9.7675e-01
8.4573e-01
7.5221e-01
6.1175e-01
8.4080e-01
7.9938e-01
9.6524e-01
6.7371e-01
8.8979e-01
6.4541e-01
9.0748e-01
6.6812e-01
7.5313e-01
9.4294e-01
8.0069e-01
8.5964e-01
6.4307e-01
8.9693e-01
8.6866e-01
6.8199e-01
7.0611e-01
8.0081e-01
6.3902e-01
7.0191e-01
9.0722e-01
8.9201e-01
6.8592e-01
7.7375e-01
7.7242e-01
9.6477e-01
6.7347e-01
7.7070e-01
6.0691e-01
8.9109e-01
6.9718e-01
7.9559e-01
9.1889e-01
8.4933e-01
6.7340e-01
8.1034e-01
8.9899e-01
8.2663e-01
6.5412e-01
6.1915e-01
7.5609e-01
9.8917e-01
8.1611e-01
9.4865e-01
7.3570e-01
7.1016e-01
7.0357e-01
6.1107e-01
9.9054e-01
6.5352e-01
9.9443e-01
8.4507e-01
6.0844e-01
7.2647e-01
6.1395e-01
8.4076e-01
6.7795e-01
7.1232e-01
9.7439e-01
9.9669e-01
9.2686e-01
7.1607e-01
8.8235e-01
9.1028e-01
9.7057e-01
9.1431e-01
9.8950e-01
6.1810e-01
7.5577e-01
6.8876e-01
7.9089e-01
7.6061e-01
9.1040e-01
7.6609e-01
9.7794e-01
8.7137e-01
6.5921e-01
6.9364e-01
8.7142e-01
7.1162e-01
6.4747e-01
6.1579e-01
8.8427e-01
9.7262e-01
9.1120e-01
8.5485e-01
6.6759e-01
7.8429e-01
9.5836e-01
8.1974e-01
7.6481e-01
9.5513e-01
7.1868e-01
7.8560e-01
9.8208e-01
7.5255e-01
6.3591e-01
7.5432e-01
9.8015e-01
9.7622e-01
9.9207e-01
8.3976e-01
9.0494e-01
6.7215e-01
8.2794e-01
8.6988e-01
7.6250e-01
8.5141e-01
6.1204e-01
9.5381e-01
6.6318e-01
9.6635e-01
8.3508e-01
7.8754e-01
8.3705e-01
9.0556e-01
7.4333e-01
8.2494e-01
8.7360e-01
6.3158e-01
6.5946e-01
9.1426e-01
8.9563e-01
6.5446e-01
8.4896e-01
7.3786e-01
8.0541e-01
9.0394e-01
8.6804e-01
9.4837e-01
7.7745e-01
8.6218e-01
7.7816e-01
6.4009e-01
8.3239e-01
6.7934e-01
6.2703e-01
8.2028e-01
8.6073e-01
8.3658e-01
8.4188e-01
9.7811e-01
6.4928e-01
8.9492e-01
7.6580e-01
8.7632e-01
6.9187e-01
7.6168e-01
7.1712e-01
8.2798e-01
9.4678e-01
7.9767e-01
7.5087e-01
7.7975e-01
8.8523e-01
9.8540e-01
6.6954e-01
8.1142e-01
7.7372e-01
9.6867e-01
9.4248e-01
7.5490e-01
8.2790e-01
7.7696e-01
9.4181e-01
8.8416e-01
7.6129e-01
7.7044e-01
9.7827e-01
9.9793e-01
7.5211e-01
6.4907e-01
6.7554e-01
7.6548e-01
6.9947e-01
6.3278e-01
9.5728e-01
7.2065e-01
7.5497e-01
6.9015e-01
7.2772e-01
6.2099e-01
7.8250e-01
6.6281e-01
8.2054e-01
6.8625e-01
9.8296e-01
8.7362e-01
7.1245e-01
8.6575e-01
8.1759e-01
6.5872e-01
9.9535e-01
6.1646e-01
7.0736e-01
6.4903e-01
8.1959e-01
6.3600e-01
8.9657e-01
7.4649e-01
9.1036e-01
7.7725e-01
6.9318e-01
8.8078e-01
9.7695e-01
9.8847e-01
9.1967e-01
7.6198e-01
8.2244e-01
6.4421e-01
7.2042e-01
7.0736e-01
8.0703e-01
9.1172e-01
7.2886e-01
6.3702e-01
6.2310e-01
7.2057e-01
8.9707e-01
6.6501e-01
9.4603e-01
6.5040e-01
6.4850e-01
6.3706e-01
7.6792e-01
9.2781e-01
6.9226e-01
7.8333e-01
8.0285e-01
6.2163e-01
7.8049e-01
8.6981e-01
7.0487e-01
8.5946e-01
6.1937e-01
6.7475e-01
6.2076e-01
7.4523e-01
8.7497e-01
7.1587e-01
9.2250e-01
8.9404e-01
6.0619e-01
9.4816e-01
7.3189e-01
7.3969e-01
7.7877e-01
9.6403e-01
9.6262e-01
8.4501e-01
8.9889e-01
6.8182e-01
7.9511e-01
9.7852e-01
6.8458e-01
6.3778e-01
8.6730e-01
9.9137e-01
9.1206e-01
7.9303e-01
9.8968e-01
6.3446e-01
8.9829e-01
9.8319e-01
6.2545e-01
7.6800e-01
9.8665e-01
8.7102e-01
7.8182e-01
8.1524e-01
6.8343e-01
6.7618e-01
6.5486e-01
6.7801e-01
9.6109e-01
8.2848e-01
8.8180e-01
6.2182e-01
6.0259e-01
8.4602e-01
6.8431e-01
8.9696e-01
8.0869e-01
9.5843e-01
7.1097e-01
8.0594e-01
7.9004e-01
9.6166e-01
6.0904e-01
8.4738e-01
7.9159e-01
8.8429e-01
8.7736e-01
7.0521e-01
8.8886e-01
7.4280e-01
6.4039e-01
8.7857e-01
6.3303e-01
6.3457e-01
7.4127e-01
7.3173e-01
7.1286e-01
9.4681e-01
6.6230e-01
8.8596e-01
8.3331e-01
6.8769e-01
7.4721e-01
7.2223e-01
6.2247e-01
7.0662e-01
7.6230e-01
8.0659e-01
6.8783e-01
6.4315e-01
8.7797e-01
8.5834e-01
8.8180e-01
9.2606e-01
6.9663e-01
8.6267e-01
6.7264e-01
9.0956e-01
7.0148e-01
9.4013e-01
6.5827e-01
8.9864e-01
9.3754e-01
6.1036e-01
9.0026e-01
9.5192e-01
7.5050e-01
6.0934e-01
6.7907e-01
9.4288e-01
9.4134e-01
8.4897e-01
6.0868e-01
9.5703e-01
6.7944e-01
7.3864e-01
6.8254e-01
8.6211e-01
6.8499e-01
7.6838e-01
8.1675e-01
8.3594e-01
6.8202e-01
6.4520e-01
7.4858e-01
8.0608e-01
6.0263e-01
7.0662e-01
8.1923e-01
8.0151e-01
7.6908e-01
8.6151e-01
6.6529e-01
7.9658e-01
6.9815e-01
9.1803e-01
6.4335e-01
9.2159e-01
7.1729e-01
6.0024e-01
9.3425e-01
9.0745e-01
7.4257e-01
9.4367e-01
6.3851e-01
8.3564e-01
6.6427e-01
7.9065e-01
7.4798e-01
9.2877e-01
7.4768e-01
9.2247e-01
9.4194e-01
6.8420e-01
9.7208e-01
6.2507e-01
7.6100e-01
8.1176e-01
7.5409e-01
7.4637e-01
7.1039e-01
9.4977e-01
9.9006e-01
9.1988e-01
8.3646e-01
8.8419e-01
8.0933e-01
9.7603e-01
8.6630e-01
6.3600e-01
6.5831e-01
7.7117e-01
6.2856e-01
6.0436e-01
9.7649e-01
9.3705e-01
7.4150e-01
9.5826e-01
9.4280e-01
9.4800e-01
6.6691e-01
7.1975e-01
7.5249e-01
7.3468e-01
9.1500e-01
6.2407e-01
6.5258e-01
8.7888e-01
9.7523e-01
8.7390e-01
8.2728e-01
8.1788e-01
9.8477e-01
9.5440e-01
7.6343e-01
6.9431e-01
7.2655e-01
6.2517e-01
9.2157e-01
7.3173e-01
8.6323e-01
8.3517e-01
7.5917e-01
7.4065e-01
6.9995e-01
8.9631e-01
8.7195e-01
8.0892e-01
8.7808e-01
6.3556e-01
8.5256e-01
7.4911e-01
6.1957e-01
8.7321e-01
9.6032e-01
9.1397e-01
7.5465e-01
8.4881e-01
6.9327e-01
6.5815e-01
8.6964e-01
7.1795e-01
9.5127e-01
6.4289e-01
9.1460e-01
7.2948e-01
8.0151e-01
8.2983e-01
6.4275e-01
6.8800e-01
9.0948e-01
7.2317e-01
6.2818e-01
8.2336e-01
7.5003e-01
6.9029e-01
6.0891e-01
7.9568e-01
9.9596e-01
6.3659e-01
6.3287e-01
8.1010e-01
8.9864e-01
8.1553e-01
7.7661e-01
8.6054e-01
7.7418e-01
9.9911e-01
9.3574e-01
6.2610e-01
7.9279e-01
9.4086e-01
8.1035e-01
7.5178e-01
8.3842e-01
6.6110e-01
8.0629e-01
6.3263e-01
6.8457e-01
6.9430e-01
6.9824e-01
6.8722e-01
6.9688e-01
7.9162e-01
6.5591e-01
6.1323e-01
7.5969e-01
7.3510e-01
8.7564e-01
8.2732e-01
7.7823e-01
6.6015e-01
9.8184e-01
7.0741e-01
7.8316e-01
6.2895e-01
6.7331e-01
7.2268e-01
6.0200e-01
7.3504e-01
6.0714e-01
7.8313e-01
6.0203e-01
6.9153e-01
6.5575e-01
9.2121e-01
7.5022e-01
8.9575e-01
8.0193e-01
9.6159e-01
6.6913e-01
6.1605e-01
8.2628e-01
8.5879e-01
6.6745e-01
8.0836e-01
7.7473e-01
7.0075e-01
6.2219e-01
8.8241e-01
6.3855e-01
9.5075e-01
7.0215e-01
6.5958e-01
8.6615e-01
8.9677e-01
7.0402e-01
9.8049e-01
9.9555e-01
8.8677e-01
7.6544e-01
6.3412e-01
9.9399e-01
7.3812e-01
7.0375e-01
8.0948e-01
9.2606e-01
6.9424e-01
6.6301e-01
7.2343e-01
9.9307e-01
8.0704e-01
9.1220e-01
7.5863e-01
6.4847e-01
9.2398e-01
9.5142e-01
9.4309e-01
6.4974e-01
6.4460e-01
9.6760e-01
7.1966e-01
6.8460e-01
7.7800e-01
9.6531e-01
9.0065e-01
7.6688e-01
8.0553e-01
8.1561e-01
9.5223e-01
9.4439e-01
9.0584e-01
8.0693e-01
7.9083e-01
9.8599e-01
8.5516e-01
8.7589e-01
7.4308e-01
7.1074e-01
6.9021e-01
8.1183e-01
8.7847e-01
6.2772e-01
6.3064e-01
8.3805e-01
6.0267e-01
7.5617e-01
6.9195e-01
7.5296e-01
6.5834e-01
6.3221e-01
9.8208e-01
6.7683e-01
6.9759e-01
7.7282e-01
8.2920e-01
6.7776e-01
8.2775e-01
7.9403e-01
9.0486e-01
9.3199e-01
8.2637e-01
8.6492e-01
7.3401e-01
7.4583e-01
8.6385e-01
8.3486e-01
6.7917e-01
9.5763e-01
9.7875e-01
9.7552e-01
8.4682e-01
7.3922e-01
6.2422e-01
7.1078e-01
8.0776e-01
6.6782e-01
7.5785e-01
8.2384e-01
6.1300e-01
7.7520e-01
6.6599e-01
6.0749e-01
9.2762e-01
7.1196e-01
8.3718e-01
8.9841e-01
6.9574e-01
9.9370e-01
7.0344e-01
6.4499e-01
6.8656e-01
7.4009e-01
7.3970e-01
9.4383e-01
8.5789e-01
8.7318e-01
8.9781e-01
9.9918e-01
8.1068e-01
8.1174e-01
9.7631e-01
9.4878e-01
8.0606e-01
7.0331e-01
9.1005e-01
9.6390e-01
7.7151e-01
8.0234e-01
8.6742e-01
6.3483e-01
7.6707e-01
6.2428e-01
8.1731e-01
7.9370e-01
6.2292e-01
6.6759e-01
8.8565e-01
9.2346e-01
8.9989e-01
8.2036e-01
8.7443e-01
6.5991e-01
9.8982e-01
9.9458e-01
7.4098e-01
9.8126e-01
7.6783e-01
8.0026e-01
6.7966e-01
7.5166e-01
8.4324e-01
7.9252e-01
6.8799e-01
7.4154e-01
9.5212e-01
9.1696e-01
6.6780e-01
9.4468e-01
7.2899e-01
8.3269e-01
9.7723e-01
6.8875e-01
9.4236e-01
9.1702e-01
9.5877e-01
9.1818e-01
9.1297e-01
6.9099e-01
9.2114e-01
8.9820e-01
8.7573e-01
7.7749e-01
6.9938e-01
9.3559e-01
9.5594e-01
9.3429e-01
8.3604e-01
9.1061e-01
9.9540e-01
6.8132e-01
9.3610e-01
9.3578e-01
7.8274e-01
9.4561e-01
6.9332e-01
9.6298e-01
7.4340e-01
7.4321e-01
9.7794e-01
7.7252e-01
8.6612e-01
8.7720e-01
8.6803e-01
6.5266e-01
6.9891e-01
7.8737e-01
8.8089e-01
8.9778e-01
6.5422e-01
8.9180e-01
9.7051e-01
9.6273e-01
9.6511e-01
8.6671e-01
7.4533e-01
7.1776e-01
6.1967e-01
9.8435e-01
7.6177e-01
9.4293e-01
6.2830e-01
8.6876e-01
6.1514e-01
7.0945e-01
9.2363e-01
8.3590e-01
9.3244e-01
6.4685e-01
6.0703e-01
9.6916e-01
9.4387e-01
7.2992e-01
6.1114e-01
9.8587e-01
8.4585e-01
6.7724e-01
6.6311e-01
6.7675e-01
6.5361e-01
8.3712e-01
7.1489e-01
6.0820e-01
8.1758e-01
7.9169e-01
6.1203e-01
9.9752e-01
9.1496e-01
9.0041e-01
7.9706e-01
7.6377e-01
6.7121e-01
7.0455e-01
8.0817e-01
8.2179e-01
9.1575e-01
8.7584e-01
6.1996e-01
7.4294e-01
9.8752e-01
9.4082e-01
