8.2728e-01
7.9374e-01
8.2494e-01
9.4223e-01
8.1433e-01
7.2895e-01
8.9720e-01
9.8310e-01
7.4511e-01
7.0477e-01
8.0801e-01
6.6652e-01
7.5151e-01
6.7254e-01
6.8782e-01
7.0176e-01
6.2444e-01
8.2597e-01
8.2379e-01
9.0755e-01
9.7181e-01
8.0594e-01
6.9324e-01
9.3232e-01
9.8806e-01
7.4407e-01
8.7885e-01
7.0416e-01
9.8459e-01
8.7763e-01
8.2438e-01
7.6075e-01
9.8291e-01
7.8506e-01
8.4170e-01
9.1585e-01
6.0886e-01
8.5686e-01
6.3460e-01
7.1310e-01
7.2603e-01
7.7593e-01
6.0954e-01
9.5723e-01
7.5020e-01
7.2640e-01
9.3191e-01
9.0078e-01
6.8956e-01
7.5525e-01
9.1804e-01
7.7283e-01
6.3687e-01
7.0355e-01
6.3621e-01
9.8123e-01
6.2695e-01
8.5485e-01
6.0952e-01
7.6695e-01
7.3959e-01
6.5990e-01
9.6866e-01
7.8641e-01
6.3795e-01
6.6295e-01
7.3809e-01
9.6884e-01
6.3670e-01
6.6113e-01
6.3467e-01
6.8815e-01
8.9584e-01
7.3048e-01
7.6545e-01
8.4443e-01
6.6612e-01
9.2849e-01
6.2931e-01
9.7225e-01
7.3855e-01
7.0589e-01
9.0077e-01
7.3017e-01
6.9419e-01
8.4885e-01
8.0207e-01
9.2228e-01
6.1493e-01
8.7741e-01
6.2378e-01
7.8980e-01
6.6422e-01
6.5723e-01
6.0889e-01
7.8595e-01
7.2362e-01
8.3736e-01
7.9450e-01
6.7382e-01
9.5484e-01
9.1654e-01
7.6161e-01
8.8084e-01
8.1393e-01
7.3882e-01
8.5864e-01
7.8225e-01
9.3747e-01
6.5186e-01
9.5169e-01
9.3618e-01
9.8137e-01
8.5418e-01
9.7744e-01
6.6282e-01
8.4235e-01
6.7374e-01
9.2585e-01
7.8664e-01
7.2857e-01
7.8185e-01
7.4800e-01
8.7357e-01
9.4490e-01
9.9313e-01
8.4120e-01
6.5283e-01
9.4899e-01
6.0813e-01
7.6314e-01
6.9309e-01
7.7360e-01
6.1544e-01
7.3740e-01
9.7712e-01
6.9455e-01
9.5918e-01
9.8983e-01
9.4283e-01
7.9335e-01
9.9323e-01
6.0784e-01
8.0484e-01
7.8889e-01
9.2292e-01
9.8366e-01
7.1145e-01
7.1507e-01
7.1374e-01
6.4115e-01
9.6420e-01
9.3430e-01
6.2442e-01
9.3854e-01
8.9134e-01
8.2525e-01
8.8165e-01
8.1075e-01
7.2837e-01
9.3434e-01
6.9665e-01
7.2530e-01
8.2835e-01
9.3765e-01
8.8940e-01
8.0485e-01
8.1772e-01
8.2762e-01
8.0301e-01
8.5967e-01
6.4249e-01
8.9360e-01
7.7630e-01
8.8015e-01
8.1114e-01
7.8170e-01
8.2803e-01
6.4098e-01
8.1879e-01
6.5076e-01
9.9959e-01
6.2816e-01
9.8386e-01
7.1752e-01
8.0544e-01
6.1282e-01
7.3605e-01
9.8180e-01
9.1174e-01
7.6249e-01
9.9228e-01
9.8735e-01
9.9491e-01
9.0189e-01
9.2462e-01
7.8205e-01
9.7328e-01
8.7826e-01
8.0385e-01
6.2876e-01
8.0889e-01
9.7229e-01
7.0535e-01
8.8130e-01
8.6552e-01
6.5989e-01
8.3308e-01
9.2970e-01
6.1236e-01
7.7908e-01
6.4025e-01
8.9869e-01
7.6940e-01
7.7440e-01
9.3671e-01
7.3423e-01
6.7253e-01
9.5328e-01
6.6261e-01
8.0361e-01
6.1225e-01
8.1891e-01
6.0761e-01
8.1185e-01
7.9847e-01
6.9643e-01
8.9793e-01
7.5341e-01
8.5705e-01
9.0008e-01
8.9784e-01
8.3328e-01
9.8812e-01
7.4587e-01
9.5093e-01
6.7623e-01
8.4064e-01
6.0071e-01
7.8624e-01
7.9268e-01
6.8743e-01
8.3106e-01
8.4869e-01
6.5826e-01
7.6887e-01
8.6127e-01
6.0664e-01
8.0194e-01
9.0106e-01
9.9655e-01
7.1339e-01
7.1599e-01
8.5905e-01
8.4413e-01
9.5772e-01
6.8077e-01
8.3787e-01
6.1167e-01
8.7579e-01
9.2406e-01
7.8472e-01
7.7699e-01
9.4246e-01
6.8197e-01
7.4905e-01
9.9556e-01
7.7867e-01
7.3523e-01
8.0132e-01
9.7881e-01
6.9402e-01
8.6754e-01
7.2443e-01
8.8855e-01
6.3854e-01
6.7938e-01
9.7572e-01
9.0588e-01
7.1854e-01
9.6631e-01
8.4269e-01
6.7002e-01
7.6688e-01
6.8564e-01
6.9687e-01
7.6477e-01
9.1698e-01
9.1368e-01
6.9763e-01
8.3367e-01
8.9640e-01
8.9449e-01
9.4391e-01
8.8069e-01
8.6486e-01
7.9457e-01
6.2918e-01
7.1026e-01
8.2242e-01
6.7623e-01
7.2484e-01
8.3193e-01
7.8471e-01
6.8415e-01
6.1585e-01
6.7982e-01
9.7078e-01
8.0252e-01
8.3274e-01
9.1188e-01
6.4951e-01
8.9429e-01
6.1009e-01
9.6150e-01
8.3668e-01
9.3375e-01
7.7146e-01
9.5114e-01
9.3303e-01
6.7753e-01
7.4299e-01
9.4115e-01
8.3443e-01
8.2635e-01
6.2203e-01
6.8582e-01
8.8172e-01
9.5237e-01
9.3064e-01
6.3393e-01
7.8068e-01
7.9013e-01
9.8904e-01
6.1102e-01
6.5809e-01
9.8290e-01
6.3421e-01
8.1847e-01
6.0543e-01
6.4584e-01
9.0388e-01
8.7044e-01
7.2615e-01
8.0217e-01
7.7531e-01
6.8271e-01
7.5050e-01
7.1601e-01
7.3455e-01
8.4736e-01
6.4490e-01
6.3397e-01
6.3069e-01
7.1837e-01
9.4781e-01
6.8687e-01
7.6128e-01
6.4308e-01
8.1942e-01
9.5477e-01
9.1919e-01
6.4236e-01
8.2146e-01
7.9958e-01
7.1895e-01
7.1977e-01
7.4966e-01
7.4703e-01
9.2857e-01
8.3187e-01
8.9121e-01
7.4788e-01
8.5824e-01
7.1430e-01
9.8219e-01
9.6914e-01
8.5062e-01
7.7310e-01
6.8367e-01
9.5917e-01
7.4297e-01
6.4257e-01
7.9326e-01
7.1908e-01
6.7445e-01
6.0770e-01
6.0890e-01
6.8975e-01
7.6599e-01
7.4989e-01
8.0298e-01
6.2471e-01
8.6551e-01
9.1868e-01
7.4033e-01
8.8442e-01
8.8481e-01
9.7691e-01
9.8564e-01
6.3776e-01
8.9130e-01
8.4971e-01
7.2888e-01
7.8772e-01
8.8343e-01
9.2175e-01
8.1932e-01
9.4057e-01
8.4550e-01
8.5491e-01
6.3396e-01
6.8457e-01
8.4081e-01
8.5095e-01
8.2142e-01
9.9821e-01
8.5118e-01
7.9281e-01
9.8119e-01
8.3662e-01
6.4608e-01
9.3662e-01
8.6776e-01
9.8064e-01
9.9074e-01
9.8184e-01
6.1648e-01
8.8364e-01
7.2896e-01
7.9917e-01
9.0694e-01
9.8570e-01
9.1190e-01
7.5275e-01
9.7070e-01
6.9773e-01
8.1498e-01
6.5969e-01
8.7197e-01
7.1949e-01
8.7247e-01
7.3436e-01
7.6252e-01
6.5564e-01
7.9560e-01
9.2289e-01
8.7703e-01
7.8468e-01
8.2628e-01
6.2432e-01
9.9408e-01
7.9859e-01
8.8932e-01
9.4846e-01
6.4193e-01
8.8133e-01
9.1159e-01
6.1576e-01
7.6411e-01
6.9650e-01
7.0242e-01
7.3273e-01
8.1589e-01
6.0419e-01
8.8355e-01
8.0806e-01
8.6536e-01
6.3078e-01
6.6979e-01
7.7653e-01
9.2522e-01
6.1014e-01
7.7393e-01
8.7118e-01
6.4837e-01
7.4950e-01
9.1498e-01
7.4149e-01
7.8215e-01
6.0458e-01
8.7110e-01
6.7701e-01
8.3190e-01
9.2431e-01
9.4087e-01
9.2220e-01
9.3336e-01
7.2836e-01
7.6793e-01
6.9176e-01
9.0287e-01
9.8174e-01
7.0993e-01
6.9785e-01
7.8183e-01
8.6171e-01
6.2224e-01
9.3460e-01
9.5696e-01
7.5246e-01
8.1700e-01
6.0122e-01
7.0040e-01
8.2193e-01
9.1503e-01
6.5707e-01
6.3848e-01
6.1154e-01
8.3294e-01
7.2544e-01
7.1398e-01
8.1955e-01
7.0661e-01
6.9797e-01
6.6403e-01
7.5655e-01
8.9016e-01
6.4261e-01
6.9570e-01
9.8052e-01
8.8427e-01
6.9116e-01
9.0464e-01
9.4245e-01
9.3686e-01
9.8517e-01
9.7759e-01
9.3705e-01
6.5783e-01
7.2510e-01
8.0123e-01
7.2349e-01
8.5570e-01
6.1831e-01
8.1160e-01
9.0071e-01
7.4740e-01
9.6326e-01
6.5187e-01
8.6383e-01
8.9651e-01
8.7123e-01
6.9700e-01
9.7337e-01
8.5135e-01
6.4124e-01
7.7781e-01
9.3516e-01
9.4296e-01
6.5035e-01
7.6920e-01
6.8459e-01
8.1603e-01
6.2376e-01
8.8221e-01
7.7644e-01
6.4433e-01
7.5836e-01
7.1538e-01
7.7272e-01
6.6315e-01
7.4284e-01
6.6460e-01
8.3076e-01
6.6969e-01
6.9017e-01
9.2915e-01
9.4676e-01
8.7375e-01
7.5524e-01
6.3149e-01
9.1007e-01
6.1756e-01
8.8495e-01
7.4108e-01
7.9982e-01
6.1743e-01
8.5584e-01
8.4352e-01
9.2780e-01
7.9359e-01
9.4398e-01
7.2268e-01
6.8723e-01
6.9899e-01
9.6482e-01
7.3828e-01
9.0625e-01
7.3865e-01
8.6175e-01
8.9278e-01
8.7788e-01
8.0325e-01
8.4844e-01
6.6792e-01
9.9326e-01
9.3255e-01
9.4198e-01
6.9349e-01
6.3484e-01
8.0405e-01
6.7066e-01
6.5606e-01
6.4402e-01
9.1869e-01
7.9018e-01
8.4916e-01
8.5987e-01
6.0464e-01
7.9917e-01
6.3453e-01
6.4243e-01
6.7376e-01
9.5772e-01
6.0498e-01
9.0321e-01
9.2966e-01
7.7079e-01
8.8240e-01
8.7148e-01
6.2401e-01
6.7832e-01
8.6234e-01
8.9325e-01
7.9990e-01
7.3845e-01
8.7213e-01
9.4852e-01
9.6035e-01
7.4600e-01
7.6408e-01
9.1320e-01
7.5011e-01
6.1333e-01
8.3666e-01
9.2020e-01
8.8261e-01
6.9618e-01
9.3038e-01
7.5587e-01
8.9573e-01
9.6403e-01
7.0038e-01
8.3576e-01
6.2754e-01
8.7052e-01
6.4497e-01
7.6601e-01
7.5003e-01
7.5548e-01
9.1081e-01
9.0344e-01
6.6365e-01
9.2855e-01
9.6032e-01
8.2190e-01
6.9896e-01
9.9691e-01
6.8951e-01
8.1598e-01
7.2382e-01
6.4723e-01
9.9947e-01
6.0386e-01
9.0800e-01
9.0848e-01
6.3434e-01
8.6526e-01
6.3294e-01
6.9316e-01
6.0652e-01
6.0947e-01
9.3395e-01
9.9044e-01
6.3875e-01
7.4951e-01
6.4602e-01
6.4518e-01
7.6503e-01
7.1153e-01
6.2726e-01
8.7670e-01
6.7898e-01
8.7771e-01
9.5916e-01
7.5355e-01
9.1797e-01
8.8932e-01
6.8008e-01
7.8781e-01
6.4678e-01
9.0824e-01
6.7109e-01
7.9181e-01
6.3497e-01
7.3317e-01
9.6811e-01
9.4684e-01
6.4424e-01
6.0537e-01
9.6605e-01
6.4890e-01
7.3773e-01
7.4795e-01
9.4611e-01
9.8026e-01
9.7947e-01
8.3488e-01
7.7218e-01
6.2101e-01
6.4206e-01
9.7340e-01
6.8823e-01
9.3305e-01
8.4768e-01
6.7073e-01
7.3541e-01
7.1406e-01
7.4730e-01
8.8751e-01
8.3570e-01
9.9270e-01
8.9745e-01
6.1930e-01
9.4559e-01
8.4823e-01
7.6860e-01
6.4170e-01
6.9729e-01
7.8970e-01
7.3038e-01
9.6335e-01
6.1087e-01
6.7174e-01
7.2593e-01
9.8171e-01
8.4047e-01
6.5094e-01
6.0447e-01
7.4002e-01
8.8342e-01
7.5214e-01
9.8006e-01
6.1688e-01
8.6766e-01
7.4558e-01
6.2085e-01
9.8179e-01
7.9835e-01
8.4427e-01
8.7733e-01
6.9480e-01
8.6426e-01
8.2871e-01
9.2120e-01
6.3441e-01
9.1229e-01
7.5447e-01
7.0084e-01
7.7403e-01
7.2034e-01
7.0806e-01
9.0551e-01
9.4222e-01
9.7162e-01
8.9278e-01
8.3063e-01
7.7051e-01
7.3180e-01
8.5868e-01
7.4445e-01
9.7077e-01
9.1389e-01
9.1818e-01
8.0471e-01
6.6871e-01
7.3588e-01
9.8692e-01
7.8957e-01
8.6076e-01
8.8053e-01
7.1448e-01
8.1076e-01
9.4731e-01
7.9339e-01
7.7774e-01
7.0269e-01
7.2263e-01
9.9188e-01
9.8069e-01
8.1231e-01
9.5703e-01
9.9556e-01
8.4082e-01
6.1756e-01
7.5604e-01
6.3289e-01
7.7104e-01
9.8189e-01
7.0157e-01
8.7462e-01
7.9521e-01
7.7900e-01
9.2931e-01
8.5987e-01
6.0527e-01
7.0751e-01
6.4928e-01
9.8398e-01
9.4493e-01
6.7321e-01
6.7953e-01
9.8702e-01
7.8896e-01
8.1388e-01
8.6278e-01
8.4237e-01
6.1487e-01
8.5727e-01
8.7508e-01
8.9134e-01
9.1638e-01
8.3645e-01
8.5564e-01
7.6110e-01
9.5765e-01
8.6355e-01
9.6636e-01
6.1128e-01
7.7022e-01
8.6352e-01
7.7721e-01
6.6825e-01
6.4487e-01
6.2050e-01
7.8477e-01
6.7710e-01
6.0722e-01
7.6242e-01
9.5291e-01
6.0942e-01
7.8920e-01
8.0492e-01
8.1395e-01
7.9695e-01
6.8930e-01
7.1757e-01
6.1093e-01
7.7280e-01
9.3316e-01
7.4114e-01
9.8695e-01
6.1632e-01
9.5869e-01
7.3837e-01
7.2626e-01
8.9355e-01
6.7166e-01
9.3867e-01
7.1415e-01
7.6186e-01
6.0665e-01
6.9564e-01
8.1891e-01
8.3626e-01
9.8670e-01
8.5289e-01
7.6713e-01
6.3744e-01
9.4401e-01
9.8497e-01
8.2436e-01
9.4679e-01
8.8333e-01
7.4232e-01
7.7727e-01
9.4839e-01
7.8527e-01
8.3111e-01
6.8206e-01
7.9034e-01
6.9096e-01
6.6052e-01
7.8103e-01
6.2939e-01
6.3078e-01
6.1922e-01
8.7061e-01
7.9553e-01
6.9432e-01
8.5097e-01
9.2829e-01
6.1256e-01
6.7413e-01
7.9859e-01
6.3574e-01
9.1792e-01
8.0336e-01
9.7628e-01
6.3964e-01
9.7465e-01
6.2392e-01
9.9873e-01
6.9133e-01
9.8223e-01
6.5323e-01
7.4634e-01
6.5668e-01
8.8936e-01
6.9388e-01
7.2253e-01
9.7778e-01
8.2304e-01
8.5372e-01
8.1462e-01
7.8590e-01
7.9201e-01
6.3749e-01
8.4222e-01
7.3466e-01
8.7017e-01
9.8385e-01
9.9413e-01
6.2893e-01
9.9488e-01
7.6224e-01
9.2652e-01
6.7287e-01
8.7972e-01
7.6154e-01
6.1406e-01
6.5054e-01
6.9474e-01
7.8077e-01
7.5278e-01
7.6948e-01
9.5889e-01
6.0031e-01
6.9664e-01
9.0752e-01
7.3645e-01
6.1582e-01
6.6872e-01
8.6084e-01
9.7029e-01
9.6407e-01
9.6294e-01
8.5910e-01
9.7728e-01
6.7785e-01
9.5153e-01
9.0343e-01
8.6515e-01
7.8284e-01
7.5497e-01
7.3700e-01
6.8552e-01
8.2127e-01
6.0823e-01
8.1452e-01
9.4749e-01
8.0410e-01
6.8282e-01
7.1648e-01
7.2717e-01
9.6328e-01
9.6320e-01
6.1996e-01
9.4776e-01
8.7088e-01
9.1567e-01
6.7734e-01
8.8433e-01
7.6750e-01
6.9695e-01
8.0492e-01
9.0046e-01
7.1864e-01
8.4311e-01
8.6269e-01
9.8854e-01
6.7496e-01
9.4575e-01
8.9284e-01
7.7111e-01
9.8402e-01
9.3679e-01
7.8020e-01
9.0105e-01
6.4256e-01
8.5659e-01
8.7011e-01
9.8690e-01
8.1631e-01
6.3889e-01
9.4217e-01
9.3243e-01
6.9557e-01
6.6362e-01
8.2663e-01
9.8760e-01
7.7388e-01
6.1029e-01
7.6052e-01
9.5471e-01
7.5857e-01
8.4309e-01
8.3079e-01
8.8299e-01
7.0397e-01
8.8822e-01
8.9431e-01
9.2899e-01
7.4715e-01
6.8401e-01
6.8287e-01
8.7997e-01
6.1133e-01
6.3604e-01
9.8036e-01
9.1552e-01
9.4711e-01
6.3894e-01
6.2347e-01
6.2563e-01
9.7281e-01
6.6818e-01
8.5904e-01
7.6917e-01
9.0511e-01
8.5161e-01
6.7842e-01
6.6378e-01
8.2953e-01
9.9937e-01
6.5812e-01
9.9350e-01
7.6538e-01
7.6901e-01
6.6386e-01
6.2338e-01
9.3691e-01
9.4260e-01
8.3189e-01
8.5464e-01
8.6447e-01
9.6052e-01
8.1131e-01
9.5975e-01
9.9653e-01
8.0458e-01
8.6901e-01
9.9537e-01
9.6956e-01
7.0892e-01
8.0057e-01
7.5581e-01
6.3125e-01
7.6514e-01
7.6254e-01
6.0092e-01
6.8895e-01
8.9915e-01
9.4918e-01
8.5132e-01
8.9800e-01
9.4236e-01
7.3933e-01
8.0005e-01
6.4805e-01
6.0689e-01
7.4460e-01
7.9614e-01
7.8589e-01
6.4348e-01
8.3934e-01
6.8234e-01
6.3211e-01
9.2631e-01
9.9355e-01
7.9504e-01
8.6678e-01
7.5658e-01
8.9737e-01
9.6872e-01
7.1104e-01
7.8815e-01
6.6139e-01
8.5612e-01
7.5976e-01
6.8090e-01
8.0026e-01
6.3478e-01
7.7465e-01
8.4900e-01
6.2049e-01
8.2977e-01
8.8282e-01
6.7722e-01
6.6910e-01
6.7534e-01
6.9768e-01
9.8136e-01
7.6532e-01
9.0342e-01
8.2975e-01
6.1403e-01
8.2642e-01
8.5748e-01
8.1590e-01
6.5674e-01
9.6009e-01
9.8419e-01
6.0934e-01
8.7209e-01
6.8773e-01
9.0948e-01
8.3701e-01
9.1808e-01
8.5014e-01
8.6443e-01
9.5055e-01
9.7677e-01
9.7440e-01
6.5615e-01
8.6299e-01
9.1964e-01
9.8121e-01
6.6220e-01
7.1141e-01
9.0844e-01
7.0881e-01
9.8041e-01
9.8475e-01
8.2854e-01
7.5243e-01
7.0312e-01
7.2457e-01
8.6393e-01
7.4240e-01
7.3289e-01
9.4986e-01
6.2939e-01
6.1534e-01
7.3466e-01
9.2746e-01
7.3016e-01
8.0540e-01
6.4851e-01
8.8755e-01
6.3559e-01
9.8706e-01
9.5524e-01
7.7386e-01
8.4400e-01
6.6610e-01
9.8283e-01
7.9855e-01
9.3795e-01
6.0382e-01
7.7316e-01
7.8235e-01
7.0150e-01
6.3505e-01
6.7299e-01
9.9298e-01
7.9039e-01
7.8212e-01
6.6279e-01
6.3119e-01
6.7179e-01
9.4896e-01
8.9918e-01
7.8767e-01
7.3976e-01
6.6070e-01
7.7531e-01
9.7434e-01
8.6267e-01
7.2879e-01
8.7924e-01
6.6713e-01
7.3727e-01
8.8345e-01
6.8146e-01
6.2177e-01
6.6133e-01
8.4546e-01
9.6097e-01
8.8901e-01
7.4867e-01
7.4300e-01
6.4390e-01
7.7185e-01
7.5781e-01
7.1443e-01
8.8512e-01
6.9025e-01
8.4373e-01
7.0011e-01
8.4945e-01
7.8751e-01
6.4349e-01
8.4248e-01
8.1625e-01
8.5283e-01
6.1720e-01
6.7618e-01
8.1354e-01
6.5209e-01
7.7848e-01
9.7968e-01
6.4910e-01
7.6785e-01
6.3228e-01
8.6172e-01
9.5922e-01
7.3344e-01
8.1259e-01
6.6191e-01
8.5574e-01
7.2147e-01
6.0575e-01
6.0568e-01
7.3964e-01
6.2370e-01
7.2203e-01
7.4272e-01
9.4074e-01
8.6643e-01
9.3033e-01
7.4877e-01
8.2683e-01
6.5081e-01
9.9889e-01
7.3763e-01
8.5273e-01
7.5360e-01
6.0375e-01
8.6217e-01
6.9700e-01
7.5442e-01
9.9904e-01
8.9629e-01
8.3159e-01
7.6816e-01
6.5579e-01
8.5689e-01
7.4480e-01
9.8582e-01
9.3214e-01
9.6936e-01
7.4332e-01
8.4393e-01
8.6621e-01
6.2744e-01
9.8694e-01
6.9452e-01
8.1026e-01
6.0657e-01
6.3510e-01
6.4781e-01
6.4875e-01
9.0351e-01
8.1331e-01
9.8835e-01
9.1885e-01
9.1891e-01
8.9009e-01
9.1708e-01
8.0069e-01
7.4449e-01
8.2203e-01
8.1392e-01
6.7593e-01
9.0806e-01
7.5777e-01
7.8296e-01
9.9832e-01
6.0710e-01
7.1140e-01
7.1405e-01
8.6996e-01
6.3779e-01
6.6810e-01
9.2916e-01
7.0955e-01
9.0271e-01
7.5018e-01
9.8012e-01
8.4931e-01
8.6427e-01
7.3062e-01
6.7723e-01
8.3850e-01
6.0001e-01
7.5693e-01
7.7475e-01
7.1147e-01
8.2445e-01
6.5265e-01
6.6610e-01
7.5975e-01
7.6054e-01
8.5852e-01
7.6774e-01
7.8415e-01
6.7371e-01
7.0895e-01
8.9417e-01
7.9379e-01
7.4869e-01
7.5204e-01
6.4404e-01
6.5783e-01
8.3299e-01
9.5614e-01
9.1099e-01
9.1854e-01
7.3798e-01
9.3487e-01
9.8779e-01
6.7279e-01
8.8429e-01
7.8643e-01
7.0275e-01
6.2475e-01
6.2021e-01
8.3658e-01
7.6697e-01
9.8949e-01
9.7650e-01
7.3595e-01
6.8075e-01
9.8313e-01
6.9712e-01
8.7983e-01
9.0834e-01
9.7460e-01
9.1985e-01
9.7942e-01
6.4048e-01
6.4777e-01
6.6996e-01
7.0716e-01
6.0010e-01
7.8546e-01
6.1848e-01
9.5975e-01
6.0893e-01
9.2994e-01
9.5370e-01
7.1436e-01
6.2661e-01
6.8114e-01
9.7107e-01
6.5741e-01
6.2126e-01
7.5188e-01
6.1895e-01
8.0322e-01
7.2898e-01
8.1081e-01
8.0653e-01
6.5931e-01
8.7356e-01
9.9337e-01
7.6763e-01
7.1351e-01
7.7104e-01
9.6309e-01
6.1763e-01
6.0446e-01
9.4070e-01
8.4158e-01
8.4996e-01
6.0557e-01
8.4371e-01
8.5480e-01
8.6895e-01
9.3696e-01
7.2035e-01
6.6420e-01
6.1236e-01
9.5534e-01
7.6446e-01
7.6545e-01
9.3728e-01
8.3545e-01
7.0308e-01
7.4668e-01
9.6618e-01
7.1001e-01
7.2243e-01
8.9278e-01
9.6682e-01
9.2231e-01
9.4921e-01
6.4688e-01
9.9291e-01
9.5148e-01
8.5209e-01
7.7262e-01
8.6283e-01
9.2988e-01
9.6001e-01
7.2120e-01
6.3675e-01
6.1185e-01
8.5131e-01
7.7457e-01
9.6602e-01
7.0493e-01
6.2573e-01
9.0542e-01
9.7174e-01
9.3090e-01
6.2927e-01
7.5615e-01
8.2854e-01
7.7906e-01
8.1580e-01
8.9661e-01
8.0549e-01
6.9154e-01
6.3545e-01
7.6451e-01
7.8976e-01
8.8793e-01
7.3325e-01
8.8022e-01
8.8400e-01
9.7822e-01
7.5081e-01
6.8613e-01
8.5080e-01
6.0492e-01
8.1309e-01
6.3906e-01
6.8435e-01
8.0166e-01
7.8045e-01
7.3371e-01
6.8526e-01
7.6867e-01
6.1168e-01
6.3826e-01
7.2693e-01
7.0597e-01
7.5446e-01
9.0482e-01
9.3367e-01
6.4626e-01
7.1254e-01
8.6586e-01
6.8378e-01
8.6603e-01
6.5262e-01
7.5664e-01
9.0293e-01
8.0513e-01
7.8677e-01
6.7594e-01
8.2983e-01
6.2168e-01
9.8186e-01
6.5710e-01
7.9436e-01
7.6140e-01
8.8221e-01
8.9311e-01
9.4861e-01
7.6716e-01
9.7229e-01
6.5521e-01
9.4105e-01
6.3332e-01
6.0917e-01
8.4442e-01
6.2213e-01
6.4931e-01
7.0438e-01
8.5568e-01
7.2553e-01
9.2641e-01
8.4197e-01
9.4264e-01
9.6033e-01
8.2137e-01
8.7596e-01
8.2994e-01
7.6508e-01
9.0897e-01
9.9789e-01
7.2382e-01
7.8216e-01
8.2704e-01
6.3277e-01
8.8312e-01
7.8380e-01
8.6503e-01
6.6273e-01
6.7608e-01
7.8564e-01
9.6949e-01
8.5748e-01
9.2960e-01
8.3981e-01
6.4368e-01
6.2688e-01
8.6479e-01
7.5993e-01
6.9767e-01
9.6828e-01
6.6312e-01
7.8474e-01
6.7845e-01
8.0061e-01
9.9714e-01
9.3435e-01
8.5166e-01
7.3905e-01
7.4159e-01
7.3117e-01
8.7161e-01
9.2756e-01
8.9487e-01
8.2478e-01
8.2722e-01
9.7012e-01
6.6060e-01
6.0865e-01
7.8317e-01
7.1858e-01
9.4449e-01
6.4515e-01
6.7918e-01
8.9341e-01
8.0668e-01
8.9243e-01
7.8297e-01
7.6346e-01
6.3955e-01
7.1800e-01
7.0407e-01
9.4885e-01
8.2694e-01
8.2568e-01
9.4981e-01
7.3349e-01
7.1103e-01
8.9989e-01
7.3470e-01
8.5985e-01
8.9469e-01
9.3772e-01
8.4383e-01
8.5493e-01
7.7285e-01
9.7402e-01
8.9177e-01
8.9156e-01
6.2326e-01
9.1204e-01
9.6707e-01
6.9926e-01
9.1259e-01
7.2911e-01
8.2394e-01
6.1665e-01
6.9468e-01
6.8635e-01
8.5080e-01
8.5748e-01
7.5087e-01
9.0355e-01
8.4172e-01
6.9025e-01
7.5480e-01
6.2037e-01
7.0726e-01
8.7781e-01
9.0125e-01
7.7851e-01
7.1695e-01
8.1180e-01
7.2481e-01
9.3821e-01
7.0674e-01
9.5209e-01
8.1179e-01
8.4712e-01
7.1610e-01
6.4443e-01
6.1990e-01
7.9444e-01
9.3749e-01
6.7342e-01
9.5175e-01
6.9381e-01
8.5781e-01
8.8486e-01
8.2364e-01
7.7599e-01
7.0974e-01
8.3331e-01
9.8995e-01
8.0733e-01
8.3072e-01
8.3517e-01
9.0485e-01
7.3056e-01
7.5113e-01
8.7335e-01
9.6176e-01
9.5049e-01
8.4571e-01
8.8414e-01
9.5771e-01
6.1855e-01
6.4384e-01
9.2417e-01
7.9298e-01
8.6556e-01
9.9590e-01
7.2964e-01
6.7594e-01
8.7835e-01
7.6159e-01
6.0729e-01
8.4567e-01
6.0733e-01
7.9858e-01
9.8449e-01
9.1112e-01
9.6604e-01
8.3275e-01
7.2136e-01
7.5488e-01
6.2534e-01
9.7273e-01
7.8954e-01
6.5166e-01
8.8859e-01
9.1524e-01
7.4762e-01
8.9705e-01
7.8196e-01
9.8857e-01
8.2731e-01
7.7539e-01
7.4286e-01
7.3080e-01
9.3614e-01
7.2614e-01
7.3838e-01
9.9483e-01
8.5217e-01
7.4515e-01
9.5740e-01
9.0697e-01
8.8304e-01
7.0995e-01
6.4290e-01
9.2294e-01
8.4080e-01
8.7949e-01
7.0763e-01
8.6437e-01
7.7521e-01
7.0644e-01
9.0796e-01
9.6000e-01
8.9308e-01
8.0805e-01
6.2774e-01
7.2026e-01
7.5792e-01
7.4975e-01
7.8948e-01
9.6551e-01
6.2783e-01
7.4371e-01
7.0155e-01
6.1338e-01
9.3115e-01
6.9833e-01
7.4926e-01
7.5368e-01
9.9025e-01
7.6293e-01
6.5035e-01
6.5274e-01
6.2395e-01
7.5758e-01
7.7136e-01
8.8738e-01
7.6970e-01
9.2878e-01
7.1610e-01
9.3828e-01
9.0245e-01
8.6866e-01
9.8173e-01
8.8310e-01
7.1118e-01
9.0241e-01
8.6099e-01
9.8185e-01
8.8060e-01
9.8361e-01
9.6565e-01
9.4337e-01
6.1828e-01
6.2430e-01
6.8354e-01
7.5945e-01
8.5596e-01
9.0753e-01
6.6902e-01
7.6497e-01
6.9458e-01
7.2358e-01
7.3528e-01
8.3822e-01
7.2661e-01
6.5269e-01
9.8804e-01
6.0445e-01
6.5448e-01
8.7700e-01
8.6934e-01
6.3205e-01
7.4373e-01
7.2060e-01
6.0089e-01
8.0753e-01
9.3179e-01
9.1002e-01
7.4594e-01
9.4489e-01
6.7652e-01
6.5223e-01
7.6558e-01
8.4166e-01
8.2048e-01
8.7258e-01
9.7811e-01
6.2373e-01
9.0926e-01
6.0100e-01
6.1682e-01
6.6361e-01
9.2526e-01
8.5984e-01
8.7232e-01
9.9876e-01
6.0732e-01
8.5014e-01
7.3750e-01
6.0558e-01
6.9067e-01
7.4770e-01
9.6133e-01
7.7907e-01
8.9717e-01
6.2731e-01
7.5154e-01
8.5318e-01
8.7980e-01
9.0312e-01
6.2311e-01
6.4133e-01
7.8182e-01
8.4085e-01
6.0294e-01
6.3702e-01
9.2524e-01
6.5966e-01
9.4837e-01
7.0971e-01
9.0260e-01
9.6782e-01
6.1422e-01
6.1689e-01
7.9880e-01
8.0793e-01
7.7098e-01
7.8218e-01
8.6218e-01
8.4038e-01
9.1872e-01
8.1746e-01
8.6328e-01
9.5200e-01
9.5558e-01
6.4641e-01
9.5528e-01
7.0188e-01
7.8671e-01
7.2403e-01
6.5014e-01
9.7509e-01
7.3798e-01
7.8036e-01
8.5013e-01
6.9720e-01
7.2628e-01
8.0085e-01
9.2923e-01
6.3098e-01
7.7403e-01
8.5722e-01
8.4806e-01
7.7937e-01
6.8359e-01
7.5710e-01
8.9180e-01
8.3448e-01
9.8695e-01
8.9112e-01
7.4815e-01
6.9233e-01
7.7176e-01
7.2235e-01
9.1606e-01
8.1067e-01
6.5484e-01
6.6374e-01
6.2058e-01
7.7099e-01
9.3609e-01
6.7082e-01
6.0422e-01
9.2201e-01
7.3917e-01
9.5876e-01
7.6512e-01
8.0092e-01
8.3029e-01
6.7281e-01
9.8379e-01
7.9702e-01
6.1193e-01
7.1048e-01
9.7500e-01
8.9980e-01
6.2176e-01
6.1908e-01
9.8398e-01
8.1119e-01
6.7792e-01
9.9621e-01
8.0326e-01
8.1424e-01
8.0771e-01
9.7829e-01
9.1429e-01
7.8394e-01
9.3315e-01
8.3653e-01
7.0208e-01
6.9704e-01
8.6947e-01
8.1912e-01
9.6206e-01
6.3881e-01
9.3118e-01
9.0685e-01
6.3667e-01
7.6331e-01
8.1273e-01
9.2926e-01
6.7198e-01
7.9151e-01
7.4141e-01
9.2705e-01
6.5123e-01
6.5697e-01
6.0353e-01
8.0149e-01
8.4299e-01
8.2604e-01
8.7436e-01
9.4959e-01
9.3297e-01
7.9649e-01
8.0252e-01
8.3431e-01
8.6975e-01
8.1886e-01
7.8111e-01
9.6319e-01
7.9170e-01
8.5567e-01
7.6990e-01
7.5434e-01
6.8287e-01
8.5912e-01
6.1915e-01
9.2882e-01
7.0832e-01
6.0533e-01
7.8070e-01
8.9262e-01
8.6942e-01
7.8272e-01
6.2976e-01
7.5967e-01
9.7645e-01
9.7691e-01
8.4269e-01
7.1924e-01
8.7118e-01
6.4373e-01
7.9755e-01
6.4816e-01
6.5582e-01
9.1164e-01
6.7407e-01
6.6917e-01
6.9188e-01
7.8490e-01
6.7942e-01
6.0948e-01
8.0232e-01
7.6456e-01
7.1894e-01
6.5626e-01
9.3947e-01
7.2234e-01
9.6639e-01
7.4551e-01
7.8066e-01
8.9197e-01
7.2793e-01
8.5191e-01
7.6586e-01
8.5108e-01
8.8800e-01
8.9757e-01
9.5406e-01
6.1859e-01
8.2303e-01
7.4461e-01
9.8924e-01
6.8204e-01
9.2946e-01
8.6297e-01
9.1951e-01
8.2556e-01
8.0884e-01
8.5832e-01
7.4859e-01
8.6782e-01
9.2443e-01
7.6518e-01
6.4337e-01
7.5860e-01
8.0584e-01
8.0862e-01
6.5966e-01
9.1650e-01
7.9390e-01
9.2925e-01
9.0274e-01
6.6913e-01
7.0748e-01
7.2733e-01
9.7074e-01
9.9214e-01
6.9407e-01
6.2978e-01
8.6660e-01
6.5205e-01
7.0174e-01
6.4210e-01
6.2214e-01
6.6233e-01
8.0562e-01
9.9134e-01
8.6551e-01
6.8448e-01
7.8385e-01
7.0673e-01
9.0156e-01
7.7553e-01
8.1157e-01
8.3918e-01
8.6213e-01
8.8749e-01
8.8081e-01
7.5508e-01
8.9723e-01
9.0538e-01
6.4215e-01
6.0658e-01
9.4245e-01
9.1923e-01
6.4270e-01
8.2750e-01
6.5516e-01
6.7466e-01
9.8180e-01
6.0259e-01
7.5858e-01
6.6875e-01
8.9115e-01
6.7231e-01
7.5708e-01
8.7505e-01
8.5134e-01
8.4015e-01
8.8238e-01
8.4717e-01
8.8967e-01
8.7683e-01
7.7032e-01
6.3429e-01
8.6609e-01
9.9470e-01
9.5196e-01
9.7198e-01
9.7946e-01
6.9480e-01
6.0590e-01
8.2201e-01
9.4533e-01
8.9137e-01
8.9038e-01
6.9792e-01
6.4896e-01
9.2361e-01
8.0950e-01
8.0940e-01
7.1156e-01
6.8724e-01
8.7470e-01
8.7997e-01
7.0796e-01
9.4910e-01
7.5774e-01
6.2177e-01
8.6610e-01
6.7831e-01
8.5672e-01
7.3574e-01
9.5527e-01
9.3171e-01
9.8588e-01
8.8880e-01
8.1237e-01
8.5248e-01
9.3188e-01
8.1946e-01
6.5573e-01
8.3014e-01
9.8601e-01
8.2685e-01
6.8881e-01
8.0932e-01
6.0454e-01
9.9012e-01
9.7649e-01
9.9156e-01
9.8934e-01
9.4006e-01
9.3512e-01
9.6811e-01
9.8636e-01
6.7852e-01
7.0774e-01
9.6818e-01
7.4078e-01
6.6996e-01
8.8094e-01
8.4574e-01
8.8909e-01
8.5237e-01
7.4889e-01
6.6174e-01
6.9891e-01
6.0079e-01
6.5289e-01
6.5904e-01
7.1120e-01
6.2675e-01
7.8713e-01
6.1913e-01
9.6545e-01
9.2250e-01
6.3896e-01
7.7815e-01
8.5330e-01
6.1034e-01
8.3254e-01
6.6595e-01
9.1044e-01
8.0932e-01
7.1550e-01
7.4431e-01
6.8715e-01
9.9028e-01
8.8201e-01
9.8923e-01
6.2102e-01
7.6495e-01
6.4675e-01
6.1764e-01
9.5903e-01
8.1781e-01
6.2284e-01
8.2454e-01
7.3057e-01
7.2763e-01
8.6010e-01
7.1595e-01
7.6016e-01
8.6183e-01
8.9219e-01
7.9202e-01
7.8573e-01
7.6126e-01
9.1607e-01
6.2905e-01
8.9038e-01
9.9586e-01
7.3862e-01
8.9562e-01
9.3129e-01
7.0274e-01
6.0214e-01
9.8293e-01
7.2320e-01
8.9926e-01
7.1708e-01
8.3060e-01
7.0293e-01
9.3078e-01
8.5104e-01
6.1823e-01
6.6547e-01
7.9376e-01
6.8300e-01
8.7287e-01
6.9888e-01
9.4324e-01
7.6095e-01
9.3159e-01
9.8864e-01
9.7430e-01
8.7211e-01
8.3733e-01
8.3569e-01
6.3366e-01
9.3202e-01
8.7886e-01
7.9613e-01
8.4665e-01
7.9603e-01
9.1232e-01
7.8840e-01
9.0314e-01
9.4726e-01
9.1287e-01
9.1958e-01
7.8189e-01
9.1324e-01
9.1053e-01
8.1629e-01
6.4309e-01
7.5166e-01
9.3582e-01
9.4992e-01
8.5087e-01
6.8392e-01
7.7667e-01
7.1401e-01
6.8070e-01
7.6689e-01
8.0738e-01
8.4312e-01
9.7678e-01
7.3856e-01
6.6341e-01
8.3766e-01
7.6921e-01
8.2590e-01
6.9949e-01
8.5055e-01
7.1325e-01
6.1337e-01
7.4581e-01
6.5306e-01
7.7616e-01
7.4623e-01
8.8621e-01
8.7749e-01
6.1232e-01
7.5235e-01
9.2057e-01
8.9887e-01
8.8355e-01
9.1041e-01
7.2336e-01
6.0180e-01
8.6558e-01
8.9330e-01
8.2288e-01
9.0445e-01
6.6176e-01
6.6360e-01
8.4353e-01
8.6246e-01
9.1457e-01
7.5705e-01
6.0417e-01
8.5154e-01
6.9756e-01
7.0097e-01
8.7285e-01
7.6403e-01
9.1435e-01
7.2661e-01
8.9055e-01
7.0754e-01
6.7753e-01
8.1685e-01
9.8498e-01
8.5496e-01
7.0264e-01
9.1636e-01
6.3812e-01
9.5945e-01
7.0280e-01
6.1772e-01
7.9357e-01
7.5819e-01
8.1083e-01
6.3994e-01
9.6867e-01
8.1253e-01
9.5479e-01
9.0821e-01
6.3494e-01
8.1891e-01
8.8594e-01
6.7368e-01
7.0844e-01
7.0562e-01
8.7507e-01
9.8559e-01
9.8654e-01
9.3555e-01
8.6525e-01
7.5995e-01
7.6608e-01
6.5934e-01
8.4110e-01
7.6402e-01
6.0505e-01
7.5013e-01
7.8405e-01
7.6405e-01
6.8672e-01
6.5797e-01
6.2261e-01
8.8314e-01
6.8494e-01
7.9307e-01
7.3678e-01
6.5555e-01
8.6913e-01
7.5990e-01
7.0169e-01
9.5216e-01
7.4675e-01
6.9327e-01
7.7820e-01
7.3189e-01
6.7077e-01
8.9799e-01
6.0700e-01
7.2933e-01
8.5544e-01
9.7541e-01
8.8388e-01
6.3076e-01
9.0475e-01
9.3827e-01
8.8835e-01
8.4479e-01
8.5887e-01
8.0656e-01
8.1726e-01
9.4731e-01
6.5267e-01
7.5411e-01
7.6780e-01
8.0971e-01
8.4866e-01
7.9242e-01
6.9343e-01
9.8659e-01
7.5521e-01
6.4467e-01
6.7228e-01
6.5508e-01
8.4754e-01
7.9637e-01
7.0664e-01
7.7428e-01
9.2861e-01
6.7504e-01
6.7153e-01
7.9481e-01
8.2153e-01
6.7660e-01
8.0414e-01
9.1662e-01
6.9741e-01
7.3293e-01
8.2828e-01
7.3898e-01
6.6945e-01
8.4033e-01
6.1775e-01
9.6164e-01
7.6018e-01
7.8711e-01
7.3938e-01
7.5680e-01
9.1728e-01
9.5073e-01
6.2508e-01
6.9733e-01
6.9953e-01
8.6408e-01
7.9398e-01
7.7928e-01
6.2006e-01
6.9953e-01
7.4660e-01
9.6836e-01
6.3103e-01
8.6225e-01
9.2125e-01
7.2968e-01
9.7733e-01
8.8660e-01
8.7207e-01
8.7557e-01
8.2196e-01
9.6567e-01
7.6276e-01
9.4844e-01
6.5378e-01
9.8578e-01
7.0290e-01
7.6434e-01
6.2418e-01
8.8136e-01
7.1053e-01
9.0405e-01
8.5460e-01
7.8767e-01
9.6858e-01
8.4033e-01
6.0167e-01
9.6445e-01
6.8404e-01
6.9775e-01
9.5638e-01
7.0272e-01
8.1792e-01
6.8087e-01
6.0666e-01
6.7989e-01
9.8266e-01
8.8565e-01
7.8390e-01
9.6843e-01
8.8257e-01
8.7671e-01
7.7265e-01
7.6791e-01
7.2386e-01
8.4202e-01
9.7094e-01
7.8407e-01
7.8391e-01
9.2234e-01
6.9816e-01
9.9764e-01
8.0322e-01
9.2845e-01
6.1887e-01
6.4799e-01
6.1029e-01
9.3622e-01
7.5764e-01
8.3018e-01
6.6741e-01
7.1897e-01
9.8736e-01
8.3955e-01
6.2869e-01
7.3221e-01
6.1568e-01
6.9933e-01
7.5453e-01
9.2000e-01
9.1126e-01
8.4048e-01
7.4811e-01
6.6289e-01
6.0196e-01
8.8723e-01
9.0224e-01
9.2740e-01
7.4213e-01
8.2629e-01
9.9833e-01
8.4822e-01
7.2120e-01
7.6202e-01
7.7894e-01
9.0709e-01
8.3537e-01
8.9569e-01
6.0645e-01
8.6019e-01
6.8999e-01
8.7645e-01
9.8449e-01
8.1598e-01
8.1819e-01
9.7155e-01
8.4943e-01
7.2686e-01
7.5008e-01
7.5048e-01
6.4343e-01
8.4068e-01
9.7770e-01
6.3571e-01
9.7818e-01
7.6255e-01
7.3923e-01
7.1374e-01
9.9669e-01
7.5799e-01
7.5889e-01
9.9858e-01
8.4365e-01
8.7909e-01
7.7145e-01
6.1525e-01
9.0217e-01
6.6423e-01
6.3488e-01
6.9756e-01
9.8501e-01
8.2124e-01
7.1236e-01
8.8811e-01
7.4073e-01
8.4231e-01
6.0907e-01
8.6637e-01
6.0489e-01
7.0912e-01
8.3613e-01
7.7223e-01
8.7082e-01
7.1068e-01
9.7728e-01
9.7762e-01
9.7084e-01
7.3449e-01
6.6308e-01
7.7681e-01
8.4319e-01
7.4711e-01
7.7313e-01
9.0749e-01
7.1982e-01
6.6391e-01
6.5906e-01
8.2102e-01
8.9641e-01
9.6972e-01
6.4068e-01
6.7449e-01
8.1274e-01
9.4728e-01
6.5600e-01
8.2519e-01
7.0419e-01
7.9836e-01
8.3581e-01
6.5278e-01
9.0745e-01
7.3552e-01
6.3459e-01
9.7436e-01
7.4205e-01
7.4649e-01
9.2841e-01
7.2159e-01
9.6103e-01
8.8158e-01
8.1701e-01
6.1944e-01
8.7698e-01
6.0583e-01
7.5915e-01
7.1813e-01
8.0670e-01
8.6919e-01
6.5185e-01
6.2852e-01
8.6879e-01
9.0206e-01
7.7244e-01
8.4651e-01
8.2588e-01
7.4707e-01
6.4058e-01
9.3128e-01
6.3245e-01
9.7877e-01
7.1166e-01
6.0611e-01
8.2376e-01
8.1727e-01
9.8324e-01
7.2345e-01
9.7379e-01
7.6879e-01
9.8829e-01
6.4534e-01
6.6265e-01
7.2477e-01
7.0856e-01
6.0680e-01
8.9952e-01
7.4268e-01
8.3849e-01
8.7879e-01
7.3502e-01
9.1806e-01
6.5868e-01
8.2735e-01
6.0221e-01
9.1835e-01
9.0474e-01
7.1484e-01
9.7985e-01
8.3543e-01
9.0633e-01
6.6706e-01
6.5866e-01
6.2590e-01
8.6502e-01
8.6050e-01
7.0069e-01
8.8110e-01
8.3454e-01
8.8565e-01
6.4825e-01
9.0732e-01
8.3333e-01
7.6736e-01
9.9285e-01
9.5830e-01
9.9977e-01
6.5390e-01
7.5640e-01
8.6714e-01
6.3773e-01
9.1436e-01
8.0274e-01
9.4526e-01
8.8632e-01
8.7558e-01
9.6216e-01
6.3956e-01
8.4206e-01
8.8715e-01
7.5621e-01
8.7040e-01
7.4789e-01
6.4880e-01
9.2520e-01
6.3682e-01
6.4182e-01
8.5324e-01
6.2862e-01
6.0598e-01
7.8594e-01
9.0428e-01
8.3208e-01
6.4658e-01
9.9011e-01
8.7014e-01
6.8173e-01
7.0057e-01
9.7753e-01
7.4429e-01
6.7209e-01
9.4332e-01
6.8927e-01
6.3012e-01
8.9777e-01
9.4347e-01
7.2347e-01
6.8985e-01
7.0874e-01
7.1752e-01
7.9135e-01
8.0596e-01
8.5752e-01
6.1951e-01
8.4580e-01
7.4332e-01
7.1801e-01
8.4289e-01
8.7525e-01
7.8541e-01
9.4818e-01
8.9910e-01
9.2542e-01
8.9151e-01
8.5216e-01
7.5833e-01
7.7985e-01
7.3802e-01
7.1217e-01
6.8107e-01
6.3558e-01
9.6086e-01
8.3148e-01
9.5133e-01
9.6790e-01
6.6126e-01
6.3702e-01
7.5838e-01
9.8608e-01
8.7099e-01
7.4881e-01
9.5269e-01
8.5084e-01
6.7690e-01
7.5067e-01
8.7874e-01
7.6593e-01
9.2478e-01
6.7069e-01
8.2447e-01
8.0246e-01
8.0236e-01
7.8185e-01
6.7940e-01
9.3805e-01
8.1943e-01
8.2521e-01
6.5741e-01
8.6686e-01
9.3196e-01
6.8963e-01
7.5466e-01
7.7822e-01
7.7308e-01
6.6684e-01
7.5818e-01
9.8667e-01
9.5462e-01
9.1947e-01
8.7325e-01
8.7845e-01
8.0753e-01
6.3251e-01
6.8485e-01
9.1490e-01
8.7769e-01
9.8157e-01
9.1287e-01
9.7272e-01
9.4368e-01
8.2276e-01
7.4729e-01
7.5593e-01
7.6356e-01
9.7503e-01
9.2960e-01
9.0674e-01
7.7614e-01
6.2957e-01
8.0989e-01
6.5131e-01
8.8532e-01
8.8410e-01
8.5986e-01
6.1033e-01
8.2952e-01
6.2239e-01
6.1204e-01
6.0530e-01
9.5507e-01
8.5261e-01
6.5875e-01
6.3770e-01
9.7347e-01
6.9592e-01
9.1996e-01
7.2925e-01
8.3720e-01
6.5650e-01
9.0477e-01
9.9849e-01
9.3139e-01
7.0287e-01
7.7651e-01
9.1871e-01
7.0188e-01
8.8042e-01
8.0268e-01
6.4743e-01
8.6468e-01
6.7002e-01
6.7833e-01
7.1802e-01
7.1315e-01
9.0073e-01
8.2719e-01
7.6285e-01
8.6193e-01
9.1080e-01
6.5194e-01
7.0713e-01
6.8970e-01
9.3764e-01
6.5592e-01
7.9967e-01
8.3318e-01
8.0792e-01
6.0691e-01
8.4361e-01
8.1039e-01
7.9577e-01
7.1627e-01
7.1374e-01
6.1757e-01
8.5275e-01
8.0032e-01
7.4135e-01
9.1667e-01
9.1914e-01
9.0857e-01
8.9798e-01
8.4487e-01
7.5531e-01
7.4269e-01
7.0801e-01
7.4263e-01
6.5534e-01
8.7637e-01
9.2639e-01
8.6772e-01
7.1877e-01
8.2924e-01
6.8324e-01
9.2132e-01
7.1187e-01
9.3221e-01
6.3301e-01
9.2062e-01
8.9205e-01
6.6277e-01
9.9219e-01
9.3885e-01
9.3116e-01
9.6846e-01
8.3366e-01
7.7851e-01
8.2433e-01
6.4628e-01
9.0389e-01
8.4850e-01
6.5345e-01
7.8698e-01
8.3233e-01
6.4403e-01
7.1685e-01
7.0987e-01
7.5800e-01
8.2724e-01
6.5468e-01
9.6121e-01
8.7801e-01
9.1989e-01
9.6607e-01
9.3641e-01
6.6130e-01
8.3165e-01
8.7222e-01
7.4644e-01
9.3363e-01
6.7765e-01
8.1016e-01
7.5454e-01
8.8717e-01
7.3349e-01
6.4992e-01
8.2019e-01
7.6035e-01
9.9250e-01
6.4869e-01
8.5828e-01
9.5272e-01
8.8844e-01
8.7183e-01
8.7410e-01
8.0439e-01
8.6718e-01
6.4539e-01
7.9729e-01
6.2549e-01
7.0991e-01
8.3463e-01
6.0311e-01
7.2516e-01
6.7390e-01
7.1364e-01
9.5836e-01
8.9964e-01
9.6787e-01
8.1904e-01
8.9365e-01
8.8335e-01
7.0741e-01
8.2457e-01
9.5537e-01
9.9838e-01
8.2886e-01
6.8230e-01
6.0819e-01
6.9834e-01
9.4957e-01
8.0942e-01
6.0867e-01
9.4422e-01
6.1279e-01
7.2624e-01
6.2605e-01
8.2119e-01
6.1216e-01
7.3495e-01
6.2392e-01
6.0700e-01
7.7619e-01
9.5682e-01
9.4802e-01
8.6873e-01
8.1065e-01
8.9797e-01
7.0906e-01
6.6903e-01
8.9848e-01
9.0378e-01
6.5391e-01
7.2653e-01
9.6000e-01
9.3995e-01
6.9334e-01
8.4147e-01
7.2865e-01
9.8149e-01
9.6310e-01
9.6771e-01
9.4800e-01
9.7828e-01
8.6671e-01
9.8665e-01
6.0636e-01
8.2878e-01
7.7089e-01
8.1009e-01
6.7402e-01
8.3229e-01
6.8234e-01
6.7587e-01
9.6461e-01
9.7607e-01
6.6419e-01
8.4020e-01
7.4583e-01
6.9348e-01
6.3634e-01
9.4483e-01
9.3503e-01
6.5445e-01
9.0029e-01
6.6283e-01
7.6852e-01
7.3511e-01
7.3291e-01
6.2219e-01
8.2033e-01
7.7992e-01
8.8255e-01
6.3770e-01
8.4960e-01
8.4409e-01
8.4075e-01
8.8675e-01
9.5962e-01
8.9125e-01
9.7927e-01
6.5569e-01
9.4735e-01
6.0148e-01
8.0752e-01
9.1464e-01
6.8607e-01
8.9135e-01
6.3924e-01
9.7135e-01
9.7297e-01
6.3711e-01
6.1132e-01
6.1389e-01
9.1969e-01
6.6672e-01
9.6383e-01
6.0940e-01
6.5037e-01
8.9215e-01
9.3705e-01
8.7355e-01
7.9144e-01
6.2985e-01
7.6173e-01
7.7141e-01
9.5515e-01
6.4723e-01
8.6235e-01
6.4324e-01
7.1163e-01
7.7953e-01
7.4692e-01
7.5535e-01
9.3534e-01
8.1422e-01
6.6572e-01
8.4171e-01
8.9632e-01
8.1190e-01
6.4721e-01
8.1891e-01
7.4506e-01
7.4657e-01
9.4492e-01
7.8476e-01
8.2507e-01
7.1616e-01
8.6204e-01
6.9921e-01
9.1617e-01
6.9294e-01
7.6908e-01
6.1158e-01
7.5766e-01
6.0466e-01
7.0096e-01
8.3773e-01
9.4270e-01
7.5539e-01
9.4644e-01
8.6255e-01
8.6947e-01
8.4251e-01
7.7701e-01
6.0497e-01
6.1200e-01
9.6862e-01
7.1066e-01
9.1566e-01
8.8278e-01
8.5517e-01
6.7357e-01
9.8458e-01
9.7632e-01
8.8795e-01
7.5736e-01
8.8519e-01
7.7036e-01
9.4151e-01
9.8130e-01
7.6561e-01
6.0177e-01
9.0159e-01
9.4904e-01
6.6843e-01
6.7224e-01
8.6347e-01
8.1793e-01
8.1844e-01
8.9513e-01
6.8309e-01
6.4182e-01
6.3655e-01
6.0310e-01
8.3075e-01
8.0354e-01
7.4291e-01
8.1369e-01
8.8582e-01
8.8337e-01
9.9301e-01
8.2787e-01
8.8871e-01
9.3825e-01
7.3537e-01
9.6810e-01
8.0182e-01
6.1646e-01
8.0979e-01
7.6410e-01
6.4700e-01
7.4423e-01
8.9228e-01
8.1511e-01
8.9232e-01
6.7872e-01
7.6066e-01
9.4569e-01
7.7266e-01
8.1362e-01
9.6273e-01
6.8149e-01
6.8854e-01
8.1272e-01
7.0587e-01
8.1121e-01
8.9544e-01
7.1189e-01
7.8888e-01
6.3707e-01
7.6165e-01
7.4796e-01
6.9734e-01
9.2189e-01
8.4309e-01
7.1320e-01
8.9875e-01
7.4102e-01
8.0930e-01
7.7883e-01
7.8681e-01
9.2007e-01
6.2768e-01
9.5864e-01
9.7026e-01
9.6921e-01
6.2075e-01
6.6096e-01
9.9105e-01
6.0210e-01
7.6348e-01
9.2321e-01
8.5896e-01
6.5716e-01
8.3675e-01
6.6368e-01
7.2115e-01
7.7663e-01
6.0014e-01
7.7578e-01
7.5406e-01
9.2978e-01
9.3549e-01
8.9598e-01
7.7749e-01
7.6768e-01
8.1572e-01
6.4632e-01
6.5268e-01
7.3688e-01
6.8345e-01
7.1239e-01
7.2520e-01
8.6621e-01
8.9898e-01
8.6564e-01
6.3250e-01
9.6747e-01
8.9014e-01
9.0920e-01
6.0677e-01
7.3320e-01
9.8087e-01
9.4839e-01
8.4444e-01
6.4062e-01
6.0328e-01
8.8415e-01
7.9120e-01
8.8652e-01
6.5967e-01
9.2358e-01
8.1315e-01
6.2489e-01
8.8853e-01
6.0896e-01
6.9931e-01
7.0373e-01
8.6663e-01
7.7448e-01
8.0452e-01
6.0392e-01
6.1258e-01
8.0450e-01
9.6451e-01
6.7872e-01
8.3621e-01
8.0237e-01
6.6411e-01
6.5929e-01
7.4996e-01
6.6750e-01
7.0101e-01
9.9132e-01
8.7193e-01
8.0569e-01
7.8532e-01
6.7192e-01
9.9189e-01
9.3638e-01
9.1832e-01
7.5902e-01
7.6227e-01
6.2773e-01
8.4021e-01
7.2379e-01
9.1034e-01
8.6783e-01
7.6092e-01
7.0213e-01
7.0278e-01
8.9276e-01
7.3909e-01
8.4667e-01
6.9676e-01
9.0169e-01
6.8697e-01
6.2173e-01
6.6823e-01
9.6750e-01
8.9190e-01
7.2809e-01
8.7712e-01
9.2442e-01
9.0212e-01
8.1151e-01
6.3104e-01
8.1178e-01
6.6049e-01
7.1476e-01
7.4896e-01
9.9956e-01
8.7965e-01
6.6398e-01
8.3012e-01
6.9117e-01
8.1670e-01
8.6377e-01
9.3000e-01
7.0826e-01
7.1508e-01
9.8646e-01
8.8383e-01
8.3307e-01
7.1172e-01
7.4640e-01
6.1678e-01
7.0072e-01
6.6350e-01
8.4692e-01
6.0188e-01
9.1919e-01
7.5830e-01
7.2183e-01
6.8139e-01
7.3129e-01
8.7392e-01
7.6123e-01
7.0854e-01
7.8352e-01
9.5390e-01
8.8172e-01
9.5222e-01
9.2115e-01
8.7050e-01
8.0440e-01
6.7400e-01
8.0531e-01
6.0582e-01
9.9787e-01
8.2029e-01
6.3700e-01
9.5266e-01
6.6115e-01
9.4803e-01
8.5638e-01
9.3299e-01
6.6156e-01
6.4699e-01
6.2683e-01
7.7701e-01
7.9614e-01
9.5133e-01
9.9729e-01
7.3741e-01
8.2027e-01
6.8246e-01
7.8492e-01
9.3241e-01
6.9866e-01
6.8611e-01
6.9471e-01
9.7069e-01
7.9575e-01
6.8399e-01
8.4209e-01
6.3099e-01
8.3025e-01
7.5681e-01
9.5514e-01
6.2781e-01
7.8366e-01
9.5104e-01
6.4807e-01
8.1648e-01
9.8121e-01
9.9376e-01
7.8274e-01
8.2804e-01
8.5019e-01
6.3739e-01
8.4709e-01
7.8393e-01
9.9156e-01
7.7283e-01
8.4621e-01
9.0179e-01
9.4148e-01
8.9857e-01
6.2334e-01
6.7331e-01
9.9719e-01
6.0385e-01
6.5930e-01
8.4341e-01
7.7865e-01
8.3528e-01
7.2996e-01
8.2519e-01
7.2649e-01
8.8840e-01
9.5462e-01
6.5073e-01
9.0786e-01
7.9096e-01
9.7795e-01
6.6750e-01
9.2323e-01
8.7772e-01
7.3483e-01
8.0995e-01
9.5654e-01
7.3381e-01
6.6017e-01
6.0813e-01
6.0003e-01
6.6691e-01
9.0781e-01
9.5586e-01
8.0909e-01
6.3953e-01
9.7711e-01
8.6411e-01
9.5238e-01
9.8311e-01
9.6327e-01
7.3655e-01
6.8326e-01
7.3895e-01
9.2148e-01
9.4718e-01
7.7936e-01
6.3050e-01
7.6926e-01
7.0239e-01
9.4616e-01
6.1665e-01
8.6368e-01
8.5934e-01
8.4622e-01
9.8710e-01
6.0431e-01
7.7085e-01
6.4499e-01
8.0578e-01
7.6949e-01
8.3289e-01
6.5288e-01
8.0860e-01
9.5646e-01
8.9570e-01
7.8956e-01
8.9887e-01
6.6248e-01
9.5613e-01
9.7348e-01
6.6011e-01
9.2347e-01
8.7946e-01
9.0082e-01
7.9316e-01
9.6790e-01
6.5740e-01
8.1886e-01
8.7950e-01
8.0161e-01
8.9034e-01
7.9582e-01
6.1536e-01
6.5656e-01
8.1665e-01
6.5511e-01
7.0035e-01
6.3107e-01
9.7402e-01
8.4128e-01
7.8271e-01
7.9627e-01
6.2934e-01
8.6480e-01
6.0105e-01
6.8890e-01
9.5758e-01
7.0135e-01
7.7305e-01
8.3471e-01
7.2195e-01
6.6515e-01
8.8822e-01
8.9183e-01
7.7403e-01
8.4692e-01
6.6455e-01
7.6167e-01
7.7858e-01
7.0273e-01
7.2848e-01
7.3873e-01
8.1674e-01
6.4964e-01
7.7014e-01
8.5356e-01
7.2682e-01
7.1118e-01
7.2020e-01
7.4884e-01
8.6526e-01
8.9908e-01
9.8920e-01
9.6783e-01
7.6479e-01
7.6110e-01
9.6434e-01
8.0017e-01
7.9150e-01
9.7560e-01
7.6866e-01
9.0457e-01
6.9239e-01
7.3639e-01
8.2661e-01
9.3468e-01
7.9175e-01
9.2235e-01
7.6697e-01
6.1440e-01
6.7262e-01
8.3975e-01
7.5334e-01
6.5756e-01
9.6025e-01
8.1451e-01
8.6663e-01
6.6756e-01
7.8326e-01
6.5175e-01
6.7831e-01
7.4637e-01
8.3718e-01
9.9783e-01
8.2142e-01
7.3310e-01
8.0685e-01
6.5188e-01
9.2640e-01
7.4988e-01
7.6429e-01
6.3316e-01
9.3007e-01
8.6232e-01
8.8660e-01
9.8439e-01
8.4813e-01
8.4507e-01
8.2287e-01
6.2894e-01
8.0401e-01
8.3925e-01
6.5179e-01
9.3945e-01
7.3779e-01
7.5687e-01
7.5124e-01
8.4876e-01
9.5973e-01
7.9740e-01
6.1802e-01
7.6080e-01
7.8114e-01
7.9424e-01
9.9184e-01
6.2143e-01
7.9155e-01
6.9425e-01
7.7890e-01
6.5286e-01
9.6935e-01
9.6099e-01
6.7165e-01
6.2345e-01
9.5746e-01
6.2863e-01
9.6463e-01
6.1953e-01
6.1293e-01
7.1724e-01
7.6812e-01
9.3666e-01
7.6825e-01
8.0463e-01
9.6538e-01
9.2581e-01
9.9884e-01
9.9004e-01
9.7032e-01
7.2712e-01
9.3868e-01
8.8379e-01
8.9785e-01
7.6146e-01
9.8568e-01
8.2005e-01
6.8311e-01
9.6857e-01
6.9637e-01
9.2090e-01
7.9338e-01
7.4369e-01
9.6149e-01
6.0603e-01
6.6832e-01
8.1615e-01
7.0594e-01
7.6385e-01
9.8636e-01
6.5058e-01
9.9079e-01
6.3441e-01
9.3426e-01
6.0006e-01
7.9164e-01
7.2280e-01
6.7666e-01
9.1250e-01
9.6297e-01
6.5172e-01
6.8401e-01
9.9622e-01
6.9999e-01
8.1532e-01
9.2896e-01
6.5149e-01
8.4106e-01
9.4811e-01
8.9899e-01
7.8091e-01
7.2884e-01
9.0105e-01
6.2942e-01
8.5397e-01
6.8928e-01
9.3914e-01
6.9987e-01
7.4643e-01
7.8754e-01
7.0855e-01
9.7455e-01
7.4233e-01
9.8767e-01
6.1104e-01
8.3128e-01
6.1848e-01
7.8582e-01
6.2521e-01
9.7754e-01
8.5066e-01
8.4054e-01
7.2926e-01
8.7424e-01
8.7320e-01
6.9273e-01
9.6441e-01
9.2074e-01
7.9542e-01
7.0491e-01
8.5540e-01
8.2873e-01
8.4631e-01
7.8366e-01
9.7189e-01
8.7992e-01
7.0862e-01
9.8233e-01
8.4831e-01
6.4319e-01
7.4054e-01
7.0083e-01
8.1211e-01
6.1484e-01
7.8842e-01
9.5895e-01
9.7370e-01
6.4373e-01
7.4962e-01
7.1411e-01
9.4260e-01
