8.0084e-01
9.0879e-01
8.4482e-01
9.8408e-01
8.3637e-01
6.8951e-01
9.7053e-01
7.6266e-01
7.2629e-01
6.5628e-01
9.0754e-01
6.7214e-01
8.4730e-01
9.3265e-01
9.3657e-01
8.9436e-01
7.6830e-01
6.5240e-01
9.7640e-01
9.8180e-01
8.0633e-01
6.8702e-01
9.3248e-01
9.5588e-01
6.1841e-01
6.6199e-01
7.2376e-01
7.8707e-01
7.3053e-01
7.6010e-01
9.1258e-01
7.5807e-01
6.6775e-01
7.7631e-01
6.6468e-01
6.6708e-01
6.2586e-01
7.9020e-01
7.2766e-01
9.2234e-01
7.5711e-01
8.3301e-01
6.9203e-01
6.6562e-01
7.9901e-01
6.4696e-01
8.7396e-01
8.8990e-01
6.4475e-01
7.8299e-01
7.3796e-01
9.2147e-01
8.0389e-01
7.5263e-01
9.3611e-01
8.0546e-01
8.5404e-01
9.5283e-01
7.5949e-01
7.6338e-01
9.1945e-01
9.4407e-01
9.5452e-01
7.7321e-01
6.2654e-01
8.3606e-01
7.4429e-01
7.1363e-01
6.1016e-01
6.8538e-01
7.0279e-01
8.7375e-01
8.3197e-01
7.4891e-01
6.0760e-01
6.3736e-01
6.5942e-01
7.1267e-01
6.5233e-01
6.7556e-01
6.6525e-01
8.4137e-01
8.9910e-01
9.4833e-01
9.8887e-01
8.4322e-01
6.6286e-01
8.5891e-01
8.8862e-01
8.8129e-01
6.8534e-01
8.6418e-01
6.8820e-01
9.3173e-01
8.4733e-01
8.0517e-01
8.4911e-01
7.9568e-01
6.5905e-01
6.9788e-01
7.4803e-01
7.7077e-01
6.1446e-01
8.3302e-01
7.8152e-01
9.3166e-01
8.6239e-01
8.5629e-01
7.2222e-01
9.2785e-01
7.4133e-01
8.6895e-01
8.1847e-01
6.9267e-01
7.4836e-01
8.0872e-01
7.9632e-01
8.2623e-01
8.9205e-01
8.2006e-01
6.5338e-01
6.2480e-01
8.6806e-01
7.2808e-01
9.7701e-01
6.9441e-01
9.3388e-01
8.4144e-01
8.1971e-01
9.7606e-01
9.1615e-01
6.2755e-01
9.8644e-01
7.3195e-01
6.2632e-01
8.4761e-01
7.7348e-01
9.6839e-01
6.9509e-01
8.9831e-01
9.9902e-01
8.8010e-01
6.0650e-01
6.9054e-01
7.1122e-01
7.2748e-01
7.7696e-01
8.4660e-01
8.5767e-01
6.6208e-01
6.1015e-01
6.2293e-01
7.3585e-01
7.3176e-01
6.5056e-01
7.6743e-01
6.6764e-01
6.0080e-01
8.1681e-01
7.1316e-01
7.8474e-01
6.4115e-01
7.8652e-01
8.5706e-01
9.1189e-01
7.0270e-01
6.5904e-01
9.6731e-01
8.8795e-01
9.6762e-01
6.3946e-01
8.0691e-01
8.6084e-01
9.6940e-01
6.0746e-01
8.0099e-01
8.3306e-01
7.3104e-01
6.9708e-01
8.2552e-01
7.1179e-01
6.8436e-01
9.1522e-01
8.6482e-01
7.0119e-01
9.6676e-01
8.0412e-01
9.9191e-01
6.1349e-01
7.5530e-01
6.4425e-01
9.7431e-01
9.8395e-01
9.8677e-01
6.4425e-01
8.4993e-01
7.0169e-01
6.6550e-01
7.0093e-01
9.9035e-01
8.1759e-01
9.6700e-01
8.0907e-01
7.7266e-01
7.1099e-01
6.6053e-01
9.1189e-01
8.3322e-01
9.5171e-01
6.3334e-01
8.6718e-01
7.5892e-01
9.8388e-01
7.8778e-01
7.1733e-01
6.8663e-01
7.3336e-01
9.3403e-01
8.1701e-01
8.7776e-01
6.9925e-01
8.3563e-01
7.0637e-01
8.3551e-01
6.1543e-01
7.3805e-01
8.3833e-01
7.4594e-01
7.7129e-01
8.5057e-01
7.4562e-01
9.4638e-01
7.7486e-01
9.6091e-01
9.6910e-01
9.3540e-01
8.1994e-01
8.0731e-01
6.2460e-01
9.6507e-01
9.2285e-01
8.1520e-01
9.9755e-01
8.3473e-01
6.8369e-01
7.0159e-01
7.0092e-01
9.2659e-01
8.0805e-01
7.5229e-01
9.4861e-01
7.3575e-01
9.8122e-01
8.0156e-01
7.1371e-01
9.6849e-01
6.7682e-01
7.6237e-01
7.3358e-01
7.0696e-01
7.4695e-01
7.3317e-01
6.1088e-01
8.5287e-01
7.5444e-01
8.9809e-01
8.8287e-01
8.5594e-01
9.2203e-01
8.5773e-01
7.7154e-01
8.4151e-01
6.3757e-01
8.1106e-01
8.7042e-01
8.7483e-01
8.3601e-01
9.1650e-01
6.1730e-01
8.5615e-01
7.9941e-01
7.3150e-01
7.0336e-01
6.5539e-01
9.9216e-01
7.4679e-01
9.8980e-01
8.6091e-01
6.1494e-01
7.8432e-01
8.8356e-01
9.6670e-01
9.2025e-01
6.2301e-01
6.4947e-01
6.8871e-01
6.5156e-01
8.1304e-01
7.0937e-01
9.9227e-01
8.5053e-01
6.3573e-01
8.1735e-01
9.6623e-01
8.2954e-01
6.7982e-01
9.2528e-01
7.5032e-01
7.3828e-01
7.9221e-01
8.4201e-01
9.5712e-01
8.1161e-01
6.3295e-01
9.9687e-01
8.4317e-01
8.7800e-01
6.2588e-01
8.3307e-01
6.8977e-01
6.8227e-01
8.4617e-01
9.0205e-01
7.8841e-01
9.6068e-01
9.6704e-01
8.9735e-01
9.9266e-01
6.3052e-01
8.9817e-01
9.6290e-01
6.4129e-01
9.7927e-01
7.5873e-01
6.1415e-01
8.7083e-01
7.8831e-01
9.2672e-01
7.9766e-01
9.2977e-01
7.6836e-01
6.1413e-01
7.3091e-01
7.5942e-01
6.2596e-01
8.6763e-01
7.9337e-01
7.5855e-01
9.9605e-01
6.3358e-01
7.2179e-01
8.0498e-01
9.7960e-01
7.3788e-01
6.4794e-01
6.5627e-01
9.5594e-01
6.0238e-01
7.0740e-01
6.0898e-01
8.9493e-01
8.8630e-01
9.5716e-01
8.2571e-01
8.3308e-01
6.3730e-01
9.9107e-01
9.8868e-01
6.2785e-01
7.0674e-01
8.3861e-01
7.3836e-01
9.9388e-01
7.2984e-01
8.4977e-01
9.4491e-01
7.0333e-01
7.1022e-01
9.3856e-01
6.9075e-01
6.3690e-01
6.2690e-01
9.8043e-01
7.9597e-01
9.7338e-01
7.4542e-01
9.2335e-01
7.6304e-01
6.6572e-01
7.8379e-01
7.0261e-01
7.2066e-01
8.0203e-01
8.2199e-01
9.1265e-01
8.5026e-01
7.0272e-01
7.3817e-01
9.5427e-01
8.6757e-01
9.6735e-01
6.2390e-01
9.2582e-01
6.6456e-01
6.3545e-01
7.4294e-01
7.0039e-01
7.2344e-01
6.0535e-01
6.7997e-01
6.8422e-01
6.2324e-01
6.3033e-01
9.0211e-01
6.0262e-01
9.0717e-01
8.8857e-01
6.0746e-01
6.6553e-01
8.5136e-01
6.0351e-01
8.2750e-01
6.0375e-01
8.2609e-01
6.8502e-01
7.5686e-01
8.0364e-01
7.1477e-01
8.4451e-01
6.4152e-01
8.4995e-01
7.3530e-01
8.8555e-01
6.3255e-01
6.2711e-01
8.5626e-01
8.0552e-01
8.3114e-01
9.5497e-01
6.1645e-01
8.8134e-01
9.7492e-01
9.4972e-01
9.9006e-01
8.5029e-01
7.1884e-01
9.7330e-01
9.6532e-01
8.0851e-01
7.9493e-01
8.0877e-01
8.4265e-01
7.4450e-01
7.6623e-01
8.1928e-01
9.9921e-01
8.6363e-01
9.0695e-01
9.3652e-01
8.6933e-01
9.2618e-01
8.3978e-01
9.3915e-01
7.1049e-01
6.4926e-01
7.4754e-01
9.4613e-01
7.0949e-01
9.7476e-01
9.9994e-01
6.6482e-01
9.9421e-01
6.7473e-01
9.2811e-01
6.9644e-01
7.6997e-01
9.8028e-01
9.0169e-01
7.4349e-01
7.4773e-01
9.8569e-01
7.0822e-01
6.9819e-01
8.3287e-01
7.7552e-01
7.4549e-01
9.0773e-01
6.2857e-01
8.2459e-01
6.8307e-01
6.5784e-01
9.5244e-01
9.7572e-01
8.0103e-01
9.1584e-01
9.4542e-01
7.0871e-01
9.8547e-01
8.9251e-01
9.1129e-01
9.5847e-01
7.9220e-01
9.3923e-01
7.8797e-01
9.4418e-01
7.9709e-01
6.3124e-01
7.1190e-01
9.2896e-01
8.4662e-01
9.7123e-01
7.9233e-01
8.6445e-01
9.1809e-01
7.7715e-01
9.0074e-01
6.4125e-01
6.2639e-01
7.4789e-01
7.5031e-01
6.8654e-01
6.1181e-01
9.1931e-01
6.0476e-01
7.8425e-01
7.8352e-01
8.5058e-01
9.6395e-01
7.8095e-01
7.3284e-01
9.6132e-01
6.1837e-01
8.9610e-01
9.2862e-01
9.8830e-01
6.3748e-01
6.1541e-01
9.8100e-01
8.1442e-01
9.3542e-01
9.5221e-01
8.4548e-01
8.7550e-01
6.5345e-01
9.9160e-01
7.5261e-01
8.6657e-01
6.6126e-01
9.8235e-01
7.7700e-01
6.7637e-01
8.7590e-01
9.0764e-01
9.3928e-01
9.6170e-01
8.0279e-01
9.4231e-01
9.0026e-01
6.0882e-01
6.4491e-01
6.8373e-01
8.8167e-01
6.2819e-01
7.9667e-01
9.2229e-01
7.1714e-01
8.0690e-01
9.1927e-01
6.9221e-01
8.1824e-01
7.1101e-01
7.3971e-01
7.2122e-01
8.9055e-01
9.3602e-01
8.5682e-01
7.3571e-01
9.9526e-01
8.9315e-01
7.6847e-01
7.2272e-01
9.2714e-01
9.5926e-01
9.5351e-01
7.6326e-01
7.7197e-01
6.4140e-01
8.4423e-01
7.0521e-01
9.8458e-01
8.8749e-01
7.0070e-01
7.0756e-01
8.9300e-01
6.5920e-01
9.5134e-01
6.9320e-01
8.4508e-01
6.5062e-01
6.2589e-01
7.1150e-01
8.3612e-01
9.1749e-01
7.9460e-01
8.6804e-01
7.0351e-01
6.5660e-01
8.4970e-01
9.0556e-01
8.4260e-01
6.0906e-01
9.9958e-01
9.2879e-01
6.8502e-01
8.0349e-01
7.4425e-01
7.5167e-01
9.3186e-01
7.7522e-01
9.8901e-01
8.2775e-01
7.4414e-01
8.6245e-01
8.8848e-01
9.2925e-01
8.1644e-01
7.7227e-01
9.3188e-01
8.7452e-01
7.0502e-01
8.2364e-01
7.5529e-01
8.2447e-01
9.0361e-01
9.7454e-01
7.9354e-01
9.7734e-01
8.3736e-01
8.8920e-01
9.6602e-01
9.0820e-01
9.5327e-01
7.3802e-01
8.1493e-01
8.2847e-01
6.9743e-01
7.5556e-01
7.7092e-01
6.5806e-01
9.3050e-01
6.9174e-01
8.1284e-01
7.4540e-01
6.6124e-01
9.1720e-01
8.8965e-01
7.4922e-01
9.3086e-01
6.9036e-01
7.7740e-01
6.7068e-01
7.3974e-01
7.0179e-01
8.2308e-01
7.2123e-01
9.6530e-01
7.7658e-01
6.0761e-01
9.3386e-01
8.3116e-01
9.4406e-01
9.9342e-01
8.6327e-01
9.1255e-01
7.3005e-01
8.1106e-01
7.7682e-01
7.9928e-01
8.0405e-01
7.5897e-01
7.5238e-01
7.5210e-01
6.3318e-01
7.1695e-01
6.1937e-01
9.9406e-01
7.3759e-01
6.6361e-01
9.7397e-01
7.2902e-01
9.8907e-01
6.4710e-01
7.2701e-01
6.6296e-01
6.1325e-01
8.4450e-01
7.3285e-01
6.4252e-01
6.3682e-01
7.6371e-01
6.2334e-01
6.4716e-01
8.7956e-01
8.2056e-01
9.5851e-01
8.0134e-01
8.6027e-01
7.1907e-01
8.1174e-01
6.6548e-01
6.9520e-01
6.4997e-01
9.4066e-01
8.3596e-01
7.7365e-01
8.9240e-01
9.5923e-01
9.3108e-01
6.4391e-01
8.2486e-01
9.5954e-01
8.2717e-01
6.6798e-01
6.1876e-01
9.1220e-01
8.7560e-01
6.6785e-01
6.6393e-01
8.8066e-01
7.2135e-01
6.4821e-01
9.0564e-01
6.8338e-01
8.8037e-01
8.9310e-01
8.6966e-01
9.3850e-01
8.9957e-01
7.2957e-01
7.8867e-01
8.6965e-01
8.8695e-01
6.9187e-01
6.3188e-01
7.4489e-01
9.6970e-01
7.4572e-01
9.5506e-01
6.5267e-01
8.6301e-01
8.6925e-01
6.3560e-01
7.3653e-01
6.9931e-01
6.4027e-01
8.0034e-01
7.7646e-01
9.0402e-01
8.4461e-01
9.8596e-01
6.4233e-01
8.2199e-01
8.5551e-01
6.0642e-01
7.0314e-01
6.7549e-01
7.3552e-01
7.5672e-01
7.1199e-01
9.3341e-01
8.5655e-01
6.4031e-01
8.7344e-01
9.8720e-01
9.4502e-01
6.8811e-01
7.5944e-01
8.3876e-01
9.9367e-01
9.4926e-01
9.7099e-01
9.4827e-01
6.5689e-01
9.9865e-01
6.7475e-01
8.2098e-01
9.4337e-01
7.8590e-01
7.2218e-01
9.9809e-01
6.9477e-01
9.6460e-01
8.4771e-01
8.5180e-01
9.3602e-01
8.5731e-01
7.5200e-01
8.7584e-01
7.8624e-01
7.8073e-01
7.0723e-01
8.5480e-01
9.6191e-01
7.8237e-01
8.0545e-01
6.8464e-01
8.4082e-01
7.9805e-01
6.6757e-01
7.6239e-01
9.9783e-01
8.7815e-01
9.9435e-01
9.0142e-01
9.1731e-01
8.2916e-01
6.0117e-01
7.5504e-01
9.9653e-01
6.3182e-01
7.9504e-01
9.8321e-01
6.0723e-01
8.5525e-01
7.0500e-01
8.7120e-01
7.1482e-01
8.9689e-01
6.9741e-01
7.5591e-01
7.3612e-01
9.2082e-01
8.0696e-01
7.2453e-01
9.1367e-01
9.6921e-01
9.8111e-01
7.1790e-01
6.2404e-01
8.6484e-01
9.7358e-01
8.4379e-01
7.3199e-01
8.5218e-01
9.7563e-01
6.5946e-01
6.6735e-01
6.0966e-01
6.2459e-01
9.8753e-01
8.3104e-01
8.4115e-01
7.3134e-01
7.2353e-01
7.7062e-01
7.8526e-01
8.2736e-01
7.7358e-01
7.6828e-01
6.8316e-01
7.0036e-01
8.8783e-01
7.7961e-01
8.9702e-01
7.7238e-01
9.2332e-01
7.4146e-01
8.5210e-01
8.0171e-01
6.8244e-01
6.4907e-01
6.7884e-01
7.9161e-01
9.5413e-01
6.6686e-01
7.9384e-01
6.8028e-01
9.5939e-01
8.3412e-01
9.9569e-01
7.4431e-01
7.0518e-01
9.2430e-01
9.6921e-01
6.6225e-01
9.8620e-01
7.4462e-01
8.8611e-01
9.5008e-01
9.1707e-01
9.3008e-01
7.3075e-01
9.7801e-01
9.1999e-01
8.1626e-01
7.4406e-01
9.3471e-01
6.3218e-01
8.2814e-01
6.7160e-01
6.7175e-01
8.1206e-01
6.9270e-01
8.6740e-01
8.1551e-01
9.6374e-01
7.5450e-01
8.3911e-01
8.8374e-01
7.3577e-01
8.3434e-01
7.8707e-01
8.8065e-01
9.4194e-01
7.7134e-01
6.8328e-01
6.9786e-01
9.0148e-01
8.9975e-01
7.8856e-01
9.8624e-01
8.9229e-01
8.0954e-01
6.9533e-01
8.0723e-01
8.3181e-01
7.4743e-01
9.2060e-01
9.5262e-01
9.9328e-01
7.0449e-01
8.2844e-01
6.8426e-01
6.4617e-01
6.5370e-01
7.1494e-01
9.9828e-01
9.5728e-01
8.7203e-01
6.5554e-01
8.0629e-01
7.0895e-01
8.2835e-01
6.6251e-01
7.5371e-01
8.1887e-01
9.9408e-01
8.8904e-01
9.4872e-01
8.6056e-01
9.5517e-01
9.4316e-01
9.5698e-01
6.7780e-01
6.2612e-01
7.8460e-01
7.3718e-01
7.9608e-01
6.5001e-01
7.2975e-01
6.9750e-01
9.0740e-01
9.1964e-01
6.6892e-01
9.2069e-01
6.7832e-01
8.3466e-01
8.8720e-01
9.1317e-01
8.9035e-01
6.8215e-01
6.3876e-01
8.9138e-01
9.5799e-01
8.0580e-01
6.8447e-01
7.4821e-01
7.2822e-01
9.5522e-01
9.6293e-01
7.3311e-01
6.6046e-01
9.0407e-01
6.1803e-01
8.4663e-01
9.1424e-01
6.2899e-01
6.6992e-01
8.8673e-01
8.7555e-01
8.3983e-01
6.8304e-01
9.7836e-01
7.2822e-01
6.3619e-01
9.4713e-01
8.7457e-01
8.9416e-01
8.9084e-01
8.9792e-01
9.4329e-01
8.2631e-01
8.2343e-01
8.3517e-01
6.2968e-01
6.7227e-01
8.6826e-01
6.7736e-01
9.8122e-01
9.2799e-01
7.8387e-01
6.7981e-01
8.0707e-01
7.0680e-01
7.0994e-01
8.2836e-01
7.4961e-01
7.7467e-01
7.4887e-01
6.6547e-01
6.7459e-01
9.1188e-01
7.5935e-01
8.7784e-01
7.7139e-01
9.0388e-01
9.6030e-01
6.7642e-01
9.8852e-01
8.7152e-01
9.3455e-01
7.7113e-01
8.7688e-01
7.1562e-01
9.4476e-01
6.9333e-01
9.4472e-01
7.1614e-01
7.2541e-01
7.8340e-01
8.3693e-01
8.1923e-01
7.9806e-01
7.8434e-01
6.2593e-01
6.2947e-01
6.9578e-01
8.3379e-01
6.9026e-01
8.1476e-01
8.6447e-01
6.8194e-01
7.4999e-01
9.5785e-01
7.7845e-01
9.3812e-01
9.5080e-01
7.4006e-01
8.8181e-01
6.9695e-01
7.3720e-01
9.3220e-01
6.0268e-01
7.2254e-01
9.3531e-01
8.5947e-01
7.8257e-01
7.1544e-01
7.7687e-01
6.9472e-01
7.2863e-01
8.0986e-01
6.2868e-01
7.4120e-01
8.3806e-01
6.8050e-01
7.8225e-01
7.0056e-01
9.9690e-01
6.5775e-01
9.5874e-01
6.2358e-01
9.1773e-01
6.1967e-01
6.6558e-01
6.8205e-01
7.0506e-01
6.9183e-01
8.1215e-01
7.7353e-01
9.9551e-01
7.3350e-01
9.5667e-01
8.2082e-01
9.6425e-01
6.6757e-01
9.0821e-01
6.7007e-01
6.0806e-01
6.0977e-01
7.5139e-01
6.1089e-01
7.4203e-01
9.5486e-01
9.7583e-01
8.5960e-01
6.6268e-01
6.4631e-01
7.5174e-01
8.5854e-01
8.9634e-01
9.9048e-01
8.9571e-01
6.5163e-01
9.1906e-01
7.6528e-01
6.5558e-01
9.4543e-01
9.4471e-01
7.3087e-01
7.9291e-01
8.9837e-01
8.6327e-01
9.7178e-01
8.2121e-01
7.3093e-01
6.1973e-01
8.5928e-01
7.4352e-01
9.6558e-01
7.2230e-01
9.6149e-01
9.5172e-01
9.7426e-01
7.1985e-01
8.3073e-01
9.1970e-01
6.7568e-01
9.8586e-01
8.1452e-01
7.5184e-01
8.0621e-01
8.4050e-01
8.9053e-01
6.9186e-01
8.1154e-01
9.3830e-01
6.9484e-01
8.0212e-01
7.8697e-01
6.9314e-01
6.1104e-01
8.8080e-01
7.2350e-01
9.2649e-01
8.7215e-01
7.0927e-01
8.7080e-01
7.6249e-01
6.9252e-01
7.5999e-01
6.1865e-01
6.2121e-01
7.3466e-01
9.7676e-01
8.5896e-01
9.1250e-01
9.6993e-01
8.4707e-01
9.2925e-01
8.4775e-01
7.8490e-01
8.1071e-01
9.5605e-01
9.6999e-01
6.0441e-01
9.0648e-01
6.1414e-01
8.8804e-01
6.0410e-01
8.3505e-01
8.9422e-01
8.0762e-01
8.0954e-01
7.5309e-01
6.6986e-01
6.9518e-01
7.0874e-01
6.2135e-01
6.1360e-01
9.9485e-01
8.3434e-01
6.3443e-01
9.3600e-01
8.4466e-01
6.8771e-01
7.1508e-01
7.1977e-01
8.1162e-01
7.4979e-01
8.0314e-01
6.3173e-01
7.4674e-01
9.1768e-01
8.4525e-01
6.6892e-01
6.6714e-01
8.6889e-01
6.9001e-01
9.6511e-01
7.3260e-01
8.7891e-01
9.1330e-01
7.2032e-01
7.3304e-01
6.3500e-01
7.2219e-01
6.6704e-01
9.0656e-01
6.3197e-01
9.9970e-01
6.4010e-01
7.6149e-01
7.5652e-01
6.8890e-01
6.7695e-01
7.1157e-01
6.3295e-01
9.0011e-01
9.1840e-01
6.6160e-01
8.5351e-01
6.7273e-01
7.2435e-01
8.5975e-01
7.1940e-01
6.2851e-01
6.1612e-01
7.9259e-01
8.6728e-01
9.9221e-01
8.5278e-01
6.9202e-01
6.9611e-01
8.4847e-01
7.4412e-01
8.7022e-01
6.5340e-01
6.1896e-01
9.1870e-01
7.4832e-01
9.7557e-01
6.2310e-01
9.2512e-01
7.4970e-01
6.8586e-01
7.5037e-01
8.5473e-01
9.3787e-01
7.3427e-01
7.8327e-01
7.6655e-01
6.5659e-01
6.8735e-01
7.8026e-01
7.9876e-01
8.3636e-01
9.5452e-01
9.1753e-01
8.2996e-01
7.8165e-01
7.9624e-01
9.1353e-01
8.9232e-01
8.8372e-01
9.8724e-01
7.1106e-01
7.0230e-01
7.5685e-01
7.5568e-01
6.3635e-01
9.5907e-01
8.2621e-01
8.1467e-01
8.8508e-01
7.6290e-01
6.3889e-01
7.8270e-01
8.5280e-01
7.4642e-01
8.1882e-01
7.9713e-01
8.6782e-01
6.8951e-01
8.0102e-01
8.3781e-01
8.4097e-01
9.2615e-01
6.5315e-01
8.1892e-01
6.3081e-01
8.8563e-01
9.9301e-01
8.0186e-01
6.1115e-01
7.2732e-01
7.9338e-01
9.2462e-01
6.9715e-01
7.8052e-01
9.7986e-01
9.9826e-01
9.6022e-01
7.1789e-01
8.0873e-01
8.8819e-01
8.6076e-01
6.6573e-01
6.6107e-01
8.0360e-01
7.3699e-01
9.7813e-01
9.0655e-01
7.0728e-01
7.7159e-01
9.2346e-01
9.4973e-01
9.5599e-01
9.7034e-01
9.6345e-01
9.3412e-01
9.2453e-01
8.8690e-01
7.6314e-01
9.4106e-01
6.0643e-01
9.4027e-01
8.6403e-01
7.6482e-01
9.4526e-01
8.3166e-01
6.1160e-01
6.8104e-01
8.4212e-01
8.2834e-01
7.8606e-01
7.6537e-01
8.0672e-01
7.6007e-01
8.0051e-01
7.5819e-01
6.7372e-01
8.7584e-01
9.2232e-01
7.8773e-01
6.1507e-01
7.8934e-01
9.4151e-01
7.1118e-01
6.5381e-01
7.1500e-01
9.2278e-01
6.9241e-01
9.0773e-01
6.6509e-01
7.7103e-01
9.1856e-01
6.7698e-01
8.0412e-01
6.4453e-01
7.8705e-01
9.6695e-01
6.3874e-01
7.9312e-01
7.0710e-01
7.0037e-01
8.4789e-01
8.6631e-01
6.8430e-01
6.0647e-01
9.6918e-01
6.5206e-01
6.0044e-01
8.7933e-01
7.4594e-01
7.5963e-01
9.0632e-01
7.2241e-01
6.6159e-01
9.7543e-01
6.2614e-01
7.4783e-01
8.0095e-01
9.0084e-01
8.2079e-01
9.9086e-01
6.6951e-01
9.4276e-01
7.8284e-01
7.3731e-01
6.8914e-01
8.7179e-01
8.2273e-01
8.4536e-01
6.8548e-01
7.5034e-01
8.2298e-01
6.3554e-01
7.0616e-01
6.7525e-01
9.3616e-01
9.0445e-01
6.1511e-01
6.3715e-01
8.7932e-01
7.0149e-01
7.4461e-01
6.8636e-01
6.4506e-01
7.1529e-01
8.3120e-01
8.6353e-01
9.9779e-01
7.5173e-01
6.7989e-01
9.3179e-01
7.8448e-01
7.9953e-01
7.0871e-01
7.3214e-01
7.0772e-01
8.7823e-01
6.2842e-01
7.7535e-01
9.3241e-01
6.5131e-01
9.6649e-01
8.9695e-01
6.2186e-01
7.5169e-01
7.1002e-01
7.6318e-01
8.8034e-01
7.0325e-01
7.5222e-01
6.9105e-01
8.6096e-01
6.6935e-01
6.6599e-01
7.0176e-01
8.8811e-01
9.8271e-01
6.2030e-01
8.2217e-01
7.8260e-01
7.8709e-01
8.1786e-01
9.8439e-01
7.1021e-01
6.6908e-01
7.4505e-01
7.5600e-01
9.0417e-01
9.1137e-01
9.9741e-01
8.2596e-01
7.2775e-01
7.8620e-01
8.7674e-01
9.3558e-01
9.0074e-01
7.0794e-01
6.7014e-01
8.6576e-01
6.2598e-01
7.9481e-01
7.1346e-01
7.8641e-01
6.1341e-01
7.0694e-01
9.6810e-01
8.9912e-01
7.4508e-01
7.7803e-01
7.6708e-01
9.0390e-01
7.9947e-01
7.5384e-01
9.6752e-01
7.1883e-01
7.2054e-01
8.7406e-01
7.4186e-01
8.8561e-01
6.4144e-01
7.2770e-01
7.9008e-01
6.5818e-01
8.0521e-01
8.6482e-01
8.6992e-01
6.9677e-01
6.6854e-01
7.2920e-01
6.8102e-01
7.1521e-01
6.0831e-01
7.0834e-01
9.7386e-01
9.7528e-01
6.3921e-01
7.0025e-01
7.3410e-01
9.0912e-01
8.2716e-01
7.7725e-01
8.6849e-01
7.5383e-01
9.0742e-01
6.4927e-01
7.0542e-01
8.7677e-01
7.6166e-01
7.4443e-01
7.8952e-01
9.1335e-01
8.5811e-01
9.9338e-01
6.7407e-01
7.9879e-01
6.6297e-01
8.5817e-01
7.2843e-01
6.6331e-01
8.0649e-01
7.9624e-01
6.3367e-01
8.8479e-01
9.0592e-01
7.6680e-01
7.2240e-01
8.2067e-01
8.0896e-01
8.4571e-01
8.9613e-01
7.7968e-01
9.4091e-01
8.3478e-01
9.3965e-01
6.0542e-01
8.9920e-01
7.8163e-01
8.1867e-01
6.8424e-01
9.5540e-01
7.8304e-01
6.5419e-01
7.8636e-01
9.2337e-01
7.2879e-01
8.8203e-01
8.8861e-01
6.2184e-01
6.6352e-01
9.2167e-01
6.1693e-01
7.5661e-01
8.9180e-01
9.9451e-01
6.8842e-01
8.1709e-01
9.0278e-01
8.0646e-01
8.5721e-01
9.4960e-01
6.7683e-01
7.1811e-01
6.1803e-01
8.4503e-01
8.5704e-01
9.2497e-01
8.4411e-01
9.5566e-01
8.5555e-01
7.3616e-01
8.8347e-01
7.9218e-01
8.0020e-01
7.0170e-01
9.3834e-01
6.9800e-01
9.4435e-01
7.0584e-01
8.9781e-01
8.3173e-01
7.1642e-01
6.0300e-01
9.6223e-01
9.3059e-01
9.1962e-01
8.2935e-01
6.7941e-01
8.1062e-01
6.4248e-01
6.5506e-01
9.7751e-01
8.6044e-01
6.1368e-01
7.4065e-01
6.0357e-01
9.1240e-01
8.5380e-01
6.5310e-01
6.5556e-01
6.3810e-01
8.8665e-01
6.1267e-01
7.9598e-01
7.5123e-01
7.0339e-01
9.9965e-01
6.9408e-01
8.3826e-01
6.0630e-01
6.4698e-01
8.6678e-01
7.8303e-01
9.7748e-01
9.6151e-01
9.6852e-01
7.0065e-01
9.8091e-01
6.8101e-01
6.9649e-01
8.4664e-01
6.1124e-01
7.8036e-01
7.8498e-01
6.6259e-01
7.9379e-01
7.4084e-01
9.4765e-01
7.3901e-01
9.8421e-01
7.7401e-01
6.8315e-01
8.0899e-01
7.7873e-01
6.3648e-01
9.8750e-01
7.4741e-01
8.4129e-01
9.5573e-01
9.8798e-01
6.7513e-01
6.8478e-01
6.7616e-01
9.8449e-01
6.0548e-01
9.9696e-01
8.1530e-01
7.3077e-01
8.1267e-01
7.0973e-01
6.8853e-01
8.0017e-01
7.0595e-01
6.1533e-01
7.6289e-01
6.5173e-01
7.3319e-01
8.6914e-01
6.6317e-01
8.2091e-01
6.4777e-01
9.2719e-01
9.3962e-01
9.9940e-01
7.3657e-01
8.5310e-01
6.0397e-01
8.4192e-01
7.2146e-01
9.0130e-01
8.9680e-01
7.8288e-01
7.9310e-01
6.2002e-01
7.6444e-01
7.1936e-01
7.3091e-01
6.7851e-01
6.0668e-01
9.2722e-01
6.8166e-01
7.4219e-01
7.7852e-01
6.6387e-01
8.8862e-01
9.8068e-01
9.1871e-01
9.8795e-01
8.2122e-01
8.2609e-01
8.3897e-01
7.9587e-01
8.2129e-01
9.8757e-01
9.4462e-01
8.5827e-01
6.6236e-01
7.3472e-01
7.4198e-01
8.1305e-01
6.8214e-01
6.4068e-01
7.9748e-01
6.0299e-01
6.6953e-01
6.1719e-01
9.9087e-01
9.4201e-01
8.5153e-01
8.9817e-01
7.4325e-01
6.3154e-01
8.4631e-01
8.6319e-01
6.0473e-01
8.1993e-01
8.7999e-01
9.1850e-01
7.1112e-01
7.9331e-01
6.6575e-01
8.1083e-01
8.8334e-01
6.2459e-01
8.8099e-01
9.7858e-01
6.8702e-01
7.6541e-01
6.0071e-01
9.7571e-01
6.6599e-01
9.8052e-01
9.1796e-01
6.1805e-01
7.0879e-01
7.0815e-01
9.6115e-01
8.2688e-01
8.4738e-01
7.7308e-01
9.2566e-01
9.9174e-01
7.1667e-01
9.9224e-01
9.8020e-01
8.9852e-01
6.2178e-01
8.7051e-01
7.4502e-01
6.8757e-01
9.1768e-01
9.4971e-01
7.0752e-01
8.3647e-01
9.7282e-01
8.4794e-01
7.1673e-01
6.4631e-01
7.9999e-01
6.6816e-01
6.3173e-01
9.3395e-01
7.9697e-01
7.6324e-01
8.6691e-01
7.8185e-01
8.7194e-01
9.3113e-01
8.1012e-01
7.2686e-01
8.9912e-01
9.9232e-01
9.4386e-01
9.1919e-01
6.8911e-01
8.9566e-01
7.9684e-01
8.6536e-01
6.6987e-01
8.2155e-01
9.9235e-01
7.3243e-01
6.3437e-01
7.0084e-01
9.0864e-01
7.5180e-01
6.4186e-01
7.9182e-01
8.0609e-01
7.6280e-01
8.1455e-01
9.0393e-01
9.3348e-01
9.6760e-01
7.7445e-01
6.9251e-01
6.1133e-01
9.8637e-01
7.7579e-01
6.5559e-01
7.8464e-01
7.9441e-01
6.6960e-01
7.9738e-01
7.1924e-01
8.3217e-01
9.4154e-01
9.0456e-01
9.3086e-01
7.4504e-01
9.0565e-01
6.9970e-01
9.5384e-01
9.8880e-01
7.5764e-01
9.9404e-01
8.8031e-01
6.8230e-01
8.2420e-01
8.8617e-01
7.4737e-01
6.9461e-01
8.4153e-01
7.8181e-01
6.9366e-01
7.5407e-01
9.7255e-01
9.3630e-01
7.4162e-01
6.6863e-01
8.0989e-01
9.8506e-01
9.5150e-01
8.8866e-01
7.9243e-01
9.0744e-01
9.7639e-01
6.0177e-01
6.4268e-01
9.8633e-01
6.1636e-01
9.1540e-01
9.8715e-01
6.1091e-01
6.0302e-01
8.2968e-01
7.3062e-01
7.3726e-01
9.6260e-01
9.7388e-01
7.6245e-01
8.1871e-01
8.8386e-01
6.9147e-01
8.2605e-01
7.4865e-01
6.7425e-01
8.2522e-01
6.8508e-01
9.4131e-01
8.2247e-01
9.8810e-01
9.8682e-01
6.6554e-01
7.3008e-01
8.5851e-01
7.1117e-01
6.4539e-01
7.3441e-01
8.8712e-01
7.5668e-01
9.5539e-01
9.7164e-01
6.0532e-01
9.9763e-01
9.0379e-01
8.9335e-01
8.0643e-01
6.1995e-01
6.0234e-01
9.3969e-01
6.9904e-01
7.0901e-01
7.6162e-01
7.1579e-01
8.1780e-01
9.5898e-01
9.4478e-01
6.5156e-01
6.1498e-01
7.9461e-01
6.6036e-01
8.7806e-01
9.2255e-01
6.7134e-01
6.1792e-01
9.0449e-01
9.9478e-01
8.5235e-01
6.2277e-01
7.9850e-01
8.2211e-01
8.6057e-01
9.2239e-01
8.0130e-01
7.3658e-01
8.4721e-01
8.5287e-01
7.7728e-01
8.5768e-01
7.3462e-01
7.1609e-01
7.2896e-01
6.6154e-01
6.3003e-01
8.2036e-01
9.8913e-01
6.6370e-01
8.6625e-01
9.7432e-01
6.2916e-01
8.5706e-01
7.9743e-01
7.9737e-01
8.8886e-01
6.3492e-01
6.5410e-01
9.0902e-01
7.6861e-01
6.0269e-01
8.3198e-01
7.4293e-01
6.7609e-01
6.6615e-01
9.4792e-01
6.0911e-01
6.8815e-01
7.1660e-01
6.3735e-01
6.4357e-01
7.3824e-01
8.5695e-01
6.2279e-01
6.2534e-01
6.7566e-01
7.2036e-01
9.2809e-01
8.6845e-01
8.0495e-01
7.6350e-01
6.1931e-01
9.1345e-01
9.5450e-01
7.8589e-01
6.3272e-01
9.2682e-01
8.7530e-01
9.4145e-01
6.1134e-01
6.2314e-01
9.0977e-01
6.5896e-01
6.3691e-01
7.3058e-01
6.4286e-01
6.1371e-01
7.8629e-01
9.4961e-01
6.5991e-01
6.4441e-01
7.5169e-01
6.6042e-01
7.6467e-01
7.3300e-01
6.9194e-01
9.8540e-01
8.9804e-01
9.9447e-01
7.4955e-01
7.9536e-01
8.9350e-01
7.2541e-01
6.4215e-01
6.2260e-01
7.7331e-01
9.7524e-01
6.8451e-01
7.4853e-01
8.0479e-01
7.3785e-01
7.1133e-01
8.6077e-01
7.8300e-01
8.6766e-01
8.1312e-01
9.2733e-01
8.5252e-01
9.5308e-01
7.3915e-01
8.4522e-01
9.0721e-01
6.4629e-01
8.2936e-01
6.7892e-01
9.0869e-01
7.6244e-01
9.3236e-01
8.4825e-01
7.3266e-01
8.6179e-01
8.8611e-01
8.2756e-01
7.1233e-01
8.8823e-01
9.0158e-01
7.3919e-01
7.6985e-01
6.2238e-01
9.5795e-01
8.0745e-01
9.7709e-01
6.8947e-01
9.6730e-01
9.5501e-01
6.5141e-01
6.5532e-01
8.2360e-01
7.5671e-01
9.4826e-01
8.2511e-01
7.3489e-01
6.9871e-01
6.2458e-01
7.3317e-01
6.5007e-01
8.9881e-01
7.0421e-01
6.1311e-01
7.1226e-01
8.2783e-01
6.1415e-01
6.1985e-01
8.3191e-01
6.2977e-01
6.1778e-01
9.2135e-01
6.7711e-01
9.1679e-01
9.4590e-01
6.3425e-01
9.5432e-01
9.1491e-01
7.9417e-01
8.9132e-01
7.2322e-01
7.8962e-01
8.9196e-01
6.2619e-01
7.9716e-01
6.0453e-01
9.0896e-01
8.5859e-01
6.6365e-01
8.6246e-01
8.0578e-01
9.2415e-01
6.9198e-01
8.4448e-01
7.5879e-01
8.2603e-01
6.7778e-01
6.3232e-01
7.0971e-01
8.3291e-01
8.1338e-01
6.3601e-01
7.9074e-01
6.1283e-01
6.7508e-01
7.1963e-01
8.8414e-01
8.0207e-01
7.2264e-01
7.0468e-01
8.3040e-01
8.5245e-01
9.6511e-01
6.1145e-01
6.1822e-01
7.2547e-01
6.0447e-01
8.8386e-01
8.5430e-01
6.2862e-01
8.5271e-01
9.0914e-01
7.9944e-01
9.7923e-01
8.1331e-01
9.8131e-01
8.9989e-01
9.3760e-01
9.6338e-01
9.3010e-01
8.1395e-01
6.7820e-01
6.1521e-01
8.6647e-01
8.0672e-01
7.9806e-01
6.5772e-01
6.9281e-01
7.8813e-01
6.7932e-01
7.8549e-01
6.5733e-01
6.4098e-01
9.1398e-01
8.0310e-01
6.1271e-01
9.9340e-01
6.6903e-01
7.9645e-01
8.8325e-01
8.6060e-01
8.5602e-01
7.3610e-01
6.8240e-01
6.7948e-01
9.4158e-01
8.3591e-01
9.0042e-01
9.8423e-01
6.2572e-01
6.5405e-01
6.5041e-01
9.8162e-01
6.1778e-01
9.6321e-01
8.7714e-01
6.1292e-01
8.1130e-01
6.6286e-01
7.8908e-01
9.8999e-01
7.7481e-01
9.1012e-01
9.6951e-01
6.7391e-01
9.6456e-01
9.0322e-01
8.1553e-01
9.9225e-01
8.2644e-01
7.0853e-01
6.2554e-01
7.7688e-01
7.1648e-01
7.9038e-01
6.7932e-01
9.4942e-01
9.6724e-01
6.4274e-01
7.4622e-01
7.8850e-01
7.5701e-01
8.7003e-01
8.3171e-01
8.9302e-01
7.2667e-01
8.0117e-01
9.9173e-01
6.2023e-01
8.1010e-01
8.2709e-01
6.5168e-01
8.4081e-01
9.6921e-01
8.0152e-01
7.8329e-01
8.5877e-01
9.9847e-01
7.5232e-01
8.2431e-01
9.3539e-01
7.3146e-01
7.7174e-01
7.6632e-01
9.0400e-01
9.0722e-01
6.8059e-01
6.5614e-01
7.8154e-01
9.9200e-01
7.5132e-01
8.4370e-01
9.7687e-01
6.8352e-01
8.7936e-01
7.3522e-01
8.4420e-01
7.5299e-01
8.5191e-01
6.5002e-01
7.5126e-01
6.9235e-01
7.0900e-01
8.2953e-01
6.3694e-01
8.0244e-01
7.2328e-01
6.4166e-01
9.9292e-01
7.6619e-01
8.4681e-01
8.1406e-01
6.4470e-01
9.7597e-01
8.6815e-01
6.2487e-01
8.9135e-01
6.8497e-01
8.8677e-01
7.6646e-01
9.2359e-01
9.6183e-01
7.1202e-01
6.1261e-01
7.0522e-01
6.9848e-01
9.4478e-01
8.0915e-01
6.8625e-01
9.4983e-01
6.2813e-01
6.7431e-01
6.1553e-01
9.1017e-01
6.0546e-01
9.4471e-01
7.8991e-01
6.0345e-01
6.5952e-01
9.9746e-01
7.0101e-01
6.3111e-01
9.7804e-01
6.6038e-01
8.5883e-01
8.7578e-01
9.9261e-01
6.5418e-01
7.1609e-01
7.9123e-01
7.8175e-01
9.1204e-01
7.3577e-01
7.2076e-01
9.9290e-01
7.2124e-01
8.1897e-01
7.7463e-01
9.2305e-01
6.8036e-01
8.3820e-01
9.1378e-01
7.5437e-01
9.8377e-01
6.3196e-01
7.9076e-01
7.8602e-01
6.6474e-01
7.8703e-01
9.0361e-01
9.9701e-01
9.1910e-01
7.9641e-01
9.1819e-01
7.9932e-01
8.6334e-01
9.1374e-01
7.6786e-01
8.4386e-01
7.5099e-01
6.7244e-01
6.8259e-01
9.0987e-01
7.5344e-01
9.0529e-01
6.0104e-01
8.8177e-01
9.8569e-01
7.5471e-01
7.3987e-01
7.9708e-01
8.4390e-01
8.2684e-01
6.9241e-01
7.7721e-01
6.6169e-01
7.6625e-01
8.2368e-01
6.0648e-01
8.8989e-01
6.4802e-01
8.6644e-01
6.0720e-01
6.4507e-01
8.2763e-01
6.2139e-01
6.1970e-01
8.6260e-01
8.5440e-01
6.5677e-01
6.3941e-01
8.2649e-01
8.7176e-01
7.6586e-01
7.3526e-01
9.5929e-01
8.7100e-01
6.3573e-01
6.8144e-01
6.9548e-01
7.2689e-01
6.7396e-01
9.1094e-01
8.7163e-01
7.4112e-01
7.3595e-01
7.1690e-01
6.8383e-01
8.0870e-01
6.5282e-01
7.5500e-01
6.4020e-01
7.7563e-01
9.4383e-01
7.4324e-01
8.0139e-01
9.2802e-01
8.4399e-01
9.3229e-01
7.1027e-01
6.8740e-01
9.0162e-01
8.2251e-01
9.2549e-01
9.9314e-01
9.6352e-01
9.6127e-01
6.7419e-01
8.2005e-01
7.1576e-01
8.1197e-01
9.5443e-01
8.1397e-01
8.7922e-01
9.3404e-01
7.2410e-01
9.1565e-01
6.1899e-01
9.7753e-01
8.4223e-01
8.7244e-01
6.7168e-01
7.9604e-01
7.6044e-01
8.7090e-01
7.1755e-01
7.5376e-01
7.6699e-01
8.5998e-01
9.8475e-01
9.3034e-01
6.6093e-01
8.2755e-01
6.0894e-01
7.5828e-01
8.3159e-01
7.0628e-01
9.5743e-01
8.1083e-01
9.9806e-01
8.7154e-01
9.4689e-01
9.3816e-01
8.5418e-01
9.1638e-01
9.3142e-01
7.3497e-01
8.1864e-01
6.9421e-01
7.6068e-01
8.5096e-01
9.3429e-01
6.2054e-01
6.4591e-01
8.5244e-01
9.0188e-01
7.5220e-01
9.3863e-01
7.5580e-01
6.2569e-01
6.5522e-01
9.5246e-01
6.7048e-01
7.5306e-01
6.0610e-01
6.2098e-01
6.2278e-01
7.9308e-01
6.4442e-01
9.3253e-01
9.2723e-01
7.4564e-01
8.3349e-01
6.5510e-01
6.7616e-01
8.1777e-01
8.8349e-01
8.6809e-01
9.6145e-01
6.5355e-01
6.8015e-01
7.1274e-01
6.9754e-01
9.9497e-01
7.8384e-01
9.4613e-01
8.6794e-01
9.7957e-01
6.5770e-01
7.2641e-01
7.7675e-01
8.0070e-01
9.4498e-01
6.8882e-01
7.7525e-01
8.3121e-01
7.8930e-01
9.3109e-01
6.9090e-01
7.1279e-01
7.2105e-01
8.1869e-01
6.0924e-01
7.6355e-01
8.9402e-01
6.6473e-01
7.1566e-01
8.4820e-01
7.0020e-01
6.1071e-01
7.5578e-01
6.3423e-01
6.8735e-01
9.2301e-01
8.4962e-01
7.0162e-01
9.4477e-01
6.4449e-01
9.3827e-01
6.4669e-01
8.8014e-01
9.8802e-01
6.1263e-01
9.0307e-01
8.1494e-01
6.9987e-01
9.6176e-01
6.9222e-01
8.5995e-01
7.2660e-01
7.1264e-01
8.1669e-01
7.7485e-01
7.3914e-01
6.2199e-01
6.5220e-01
7.5738e-01
9.4199e-01
8.7040e-01
6.7497e-01
6.7398e-01
8.9832e-01
6.0013e-01
7.9051e-01
9.7420e-01
8.0194e-01
9.8962e-01
6.6457e-01
8.5051e-01
7.4436e-01
7.1045e-01
7.3049e-01
7.1893e-01
7.9014e-01
9.0873e-01
6.4176e-01
8.4698e-01
6.9936e-01
7.6691e-01
8.3681e-01
7.8920e-01
6.1853e-01
6.7796e-01
9.6296e-01
9.7484e-01
6.0342e-01
9.1325e-01
9.7033e-01
6.3528e-01
9.4253e-01
6.2126e-01
6.7372e-01
6.8035e-01
9.0492e-01
8.0603e-01
8.8069e-01
9.3995e-01
8.8286e-01
9.3086e-01
9.2589e-01
7.1243e-01
8.6169e-01
6.5225e-01
8.0522e-01
9.0699e-01
9.0450e-01
6.0341e-01
7.2667e-01
6.5372e-01
8.6897e-01
7.4604e-01
6.2452e-01
6.3689e-01
9.4330e-01
9.8610e-01
7.7296e-01
7.6063e-01
6.7844e-01
9.5106e-01
9.5522e-01
7.9326e-01
7.9296e-01
9.3696e-01
7.1910e-01
9.9107e-01
8.8363e-01
6.8424e-01
7.0745e-01
8.5184e-01
9.6793e-01
7.2858e-01
7.5074e-01
6.7790e-01
6.3311e-01
7.9936e-01
7.3070e-01
9.6039e-01
9.7095e-01
8.0372e-01
6.4199e-01
9.2023e-01
6.3175e-01
7.0826e-01
9.6336e-01
6.1270e-01
8.7003e-01
8.2920e-01
7.2995e-01
6.8259e-01
9.6821e-01
6.8502e-01
9.3081e-01
7.3302e-01
9.2269e-01
9.9800e-01
7.9906e-01
6.5809e-01
7.7521e-01
9.9344e-01
7.3882e-01
7.0595e-01
6.7561e-01
8.0737e-01
9.2909e-01
6.3527e-01
7.7315e-01
7.4827e-01
6.1899e-01
9.6343e-01
9.9830e-01
8.9199e-01
9.2215e-01
8.9093e-01
6.3799e-01
9.5618e-01
6.3776e-01
7.5295e-01
9.8050e-01
6.4956e-01
6.1785e-01
8.5678e-01
6.5750e-01
8.7331e-01
8.2135e-01
8.5386e-01
8.2173e-01
9.7962e-01
6.9281e-01
8.7629e-01
8.3237e-01
6.6201e-01
8.5699e-01
6.1282e-01
6.6620e-01
7.9239e-01
9.2542e-01
7.6346e-01
6.5696e-01
7.9051e-01
9.9477e-01
7.7234e-01
7.6227e-01
8.2246e-01
6.2007e-01
6.0604e-01
6.6349e-01
6.5949e-01
7.5968e-01
8.7186e-01
8.3043e-01
8.9727e-01
9.7774e-01
7.1633e-01
8.5573e-01
9.5145e-01
9.0828e-01
6.0988e-01
9.0230e-01
8.7434e-01
9.8256e-01
6.5328e-01
6.2338e-01
6.9696e-01
6.7824e-01
6.4986e-01
7.8671e-01
8.2078e-01
7.6929e-01
9.0521e-01
6.7925e-01
6.9002e-01
8.1118e-01
8.2462e-01
7.2271e-01
7.6353e-01
8.2460e-01
6.0125e-01
8.2098e-01
9.4951e-01
9.4323e-01
6.1116e-01
9.1833e-01
8.6508e-01
6.9676e-01
8.4529e-01
7.9353e-01
6.8824e-01
8.3917e-01
7.0335e-01
6.4826e-01
8.9948e-01
7.2278e-01
7.5204e-01
8.7213e-01
9.8605e-01
9.7865e-01
9.2482e-01
8.3030e-01
8.3883e-01
9.2393e-01
7.7888e-01
7.1968e-01
7.5539e-01
6.7883e-01
6.3859e-01
8.4301e-01
8.9325e-01
7.9359e-01
8.1519e-01
7.7274e-01
6.4814e-01
7.2483e-01
7.6356e-01
7.5223e-01
7.8198e-01
8.5007e-01
6.2704e-01
6.4755e-01
9.3968e-01
6.2560e-01
7.4865e-01
7.6748e-01
7.8505e-01
6.2770e-01
8.4791e-01
7.3765e-01
8.0044e-01
9.3502e-01
7.0331e-01
6.1705e-01
6.7719e-01
6.3138e-01
7.0192e-01
7.4891e-01
9.5475e-01
7.7776e-01
9.5413e-01
9.5514e-01
6.9728e-01
6.2539e-01
6.3453e-01
6.8172e-01
6.8401e-01
6.3598e-01
8.9733e-01
9.9017e-01
7.7246e-01
8.7817e-01
7.7948e-01
7.4964e-01
6.5081e-01
6.9140e-01
9.2303e-01
9.5699e-01
6.3167e-01
7.4987e-01
7.5398e-01
9.2026e-01
7.2388e-01
8.1310e-01
6.9049e-01
9.8885e-01
7.9573e-01
9.5734e-01
9.8280e-01
6.5000e-01
9.4177e-01
7.6872e-01
8.3076e-01
6.1152e-01
8.1804e-01
8.2912e-01
9.1869e-01
7.0538e-01
9.6307e-01
7.0720e-01
9.7290e-01
7.3950e-01
8.5970e-01
8.9636e-01
9.9561e-01
6.5689e-01
9.3888e-01
9.9279e-01
9.8461e-01
7.4117e-01
7.3618e-01
9.5753e-01
9.8795e-01
9.1460e-01
8.6539e-01
7.6793e-01
7.1869e-01
6.0653e-01
6.9524e-01
7.5879e-01
7.8363e-01
7.6700e-01
6.9955e-01
7.6923e-01
8.3448e-01
6.4055e-01
8.1062e-01
6.2353e-01
9.3696e-01
7.1230e-01
6.9353e-01
8.7387e-01
9.3084e-01
9.5123e-01
8.9253e-01
6.6783e-01
8.9275e-01
8.9561e-01
8.8335e-01
8.8202e-01
9.3714e-01
7.6542e-01
6.6265e-01
8.2151e-01
7.8616e-01
8.2036e-01
9.3829e-01
7.4717e-01
7.2160e-01
7.8424e-01
6.3155e-01
7.3822e-01
7.3459e-01
8.3716e-01
9.9860e-01
6.1951e-01
8.1545e-01
8.2735e-01
6.9533e-01
9.1683e-01
9.3089e-01
6.1581e-01
9.5012e-01
6.4190e-01
8.4706e-01
6.9406e-01
7.1436e-01
7.4026e-01
6.1627e-01
7.2663e-01
8.4533e-01
6.5128e-01
7.9835e-01
8.4222e-01
9.6550e-01
6.4796e-01
8.8996e-01
8.6686e-01
6.8624e-01
9.0385e-01
8.5163e-01
9.5163e-01
7.6167e-01
7.2634e-01
6.2387e-01
7.4917e-01
8.9403e-01
8.0786e-01
8.6718e-01
9.2613e-01
9.1349e-01
9.3334e-01
9.0841e-01
8.7005e-01
7.9605e-01
7.9505e-01
7.6761e-01
9.3552e-01
7.8617e-01
7.9640e-01
9.9150e-01
7.4322e-01
6.0946e-01
8.0482e-01
6.9429e-01
8.4260e-01
7.0892e-01
6.6938e-01
6.4403e-01
8.2513e-01
9.3466e-01
8.4801e-01
9.2693e-01
8.9939e-01
9.8208e-01
7.9969e-01
9.3345e-01
6.7639e-01
6.0258e-01
9.8449e-01
9.9813e-01
7.2306e-01
9.2107e-01
9.9830e-01
8.6829e-01
8.7168e-01
8.7448e-01
7.1044e-01
6.5954e-01
9.3556e-01
7.0649e-01
9.0627e-01
7.8063e-01
6.4977e-01
7.3251e-01
8.1917e-01
7.2762e-01
6.4260e-01
9.7107e-01
8.1131e-01
6.5663e-01
8.9933e-01
8.1149e-01
9.6910e-01
6.3661e-01
8.3663e-01
6.8545e-01
8.4170e-01
9.4358e-01
9.9803e-01
8.3023e-01
8.0234e-01
6.4316e-01
8.5689e-01
9.2799e-01
6.5895e-01
9.6132e-01
6.6789e-01
8.0071e-01
9.8677e-01
8.2702e-01
8.5455e-01
6.5374e-01
8.1889e-01
6.6102e-01
6.1104e-01
9.7294e-01
9.7441e-01
6.6383e-01
8.8045e-01
9.2105e-01
8.7513e-01
7.5986e-01
8.2460e-01
7.0867e-01
8.3307e-01
7.4903e-01
9.3963e-01
7.7104e-01
8.0258e-01
6.1367e-01
9.4003e-01
6.2716e-01
8.5918e-01
7.3907e-01
8.6939e-01
8.2786e-01
7.0374e-01
8.5151e-01
9.5679e-01
8.2547e-01
6.7829e-01
9.0353e-01
6.6947e-01
6.0524e-01
7.2959e-01
8.4357e-01
8.7475e-01
6.5537e-01
8.6534e-01
9.3375e-01
8.2937e-01
8.9882e-01
8.6945e-01
6.1627e-01
7.7971e-01
9.3988e-01
6.6510e-01
6.1159e-01
6.7054e-01
6.4400e-01
8.1142e-01
7.0292e-01
8.9799e-01
7.0926e-01
8.7424e-01
6.5921e-01
8.4171e-01
6.0737e-01
7.4266e-01
9.7580e-01
9.1548e-01
6.2223e-01
7.3132e-01
6.2537e-01
9.3356e-01
8.7020e-01
8.2685e-01
9.1639e-01
6.8960e-01
9.3071e-01
6.4030e-01
9.4022e-01
8.0919e-01
9.5608e-01
8.7888e-01
9.0737e-01
6.3302e-01
8.0945e-01
8.6490e-01
6.2958e-01
6.4634e-01
6.6340e-01
6.7911e-01
7.8709e-01
6.4685e-01
8.9719e-01
8.9459e-01
7.6707e-01
9.2583e-01
6.8903e-01
8.1190e-01
6.7657e-01
8.0255e-01
6.2695e-01
7.7962e-01
8.3502e-01
6.9792e-01
6.6125e-01
9.8649e-01
9.2341e-01
9.5793e-01
7.1524e-01
9.2731e-01
6.4681e-01
9.7563e-01
9.9942e-01
8.9243e-01
9.2134e-01
7.6466e-01
9.8503e-01
6.9589e-01
6.0995e-01
9.5074e-01
9.7558e-01
7.2377e-01
9.5007e-01
7.4384e-01
6.6887e-01
7.4471e-01
6.9987e-01
8.9653e-01
7.1461e-01
9.0279e-01
6.9027e-01
9.0653e-01
6.2640e-01
8.9227e-01
9.8130e-01
6.6830e-01
6.5114e-01
8.3852e-01
8.5203e-01
9.8202e-01
7.4158e-01
9.1037e-01
6.0084e-01
8.7953e-01
6.0094e-01
8.3544e-01
8.2700e-01
9.2128e-01
8.7855e-01
9.0758e-01
9.3610e-01
8.8291e-01
6.3690e-01
7.3250e-01
6.3347e-01
6.7331e-01
6.4394e-01
7.9900e-01
8.6591e-01
7.4755e-01
7.4897e-01
7.1425e-01
6.2234e-01
7.8674e-01
6.2532e-01
7.6844e-01
8.9039e-01
9.1156e-01
8.1927e-01
8.9381e-01
8.3952e-01
9.2838e-01
6.0531e-01
9.5105e-01
8.1894e-01
7.9503e-01
7.7057e-01
6.4683e-01
9.0965e-01
9.4522e-01
9.6791e-01
7.6971e-01
6.2614e-01
7.0509e-01
6.9333e-01
7.0926e-01
7.8368e-01
6.9431e-01
9.9582e-01
6.5717e-01
6.0688e-01
9.4637e-01
9.6117e-01
6.7202e-01
7.9018e-01
7.0198e-01
6.6424e-01
8.3813e-01
8.2194e-01
6.9843e-01
8.8745e-01
8.4979e-01
7.5341e-01
7.4252e-01
7.7894e-01
6.4399e-01
9.6720e-01
6.6872e-01
7.9364e-01
6.7549e-01
6.7354e-01
8.7117e-01
7.1877e-01
7.6423e-01
8.3540e-01
7.6983e-01
8.1414e-01
6.6487e-01
6.1051e-01
9.0044e-01
8.6513e-01
9.2037e-01
7.2168e-01
6.7114e-01
9.3348e-01
8.8667e-01
6.9687e-01
9.2062e-01
9.1360e-01
6.4697e-01
7.9655e-01
7.6311e-01
7.4901e-01
9.0177e-01
7.2423e-01
7.5761e-01
6.6559e-01
6.9097e-01
7.0096e-01
6.3119e-01
9.1846e-01
9.3291e-01
7.3480e-01
8.8899e-01
7.2773e-01
7.7218e-01
7.1237e-01
9.7289e-01
6.3157e-01
6.8461e-01
9.0488e-01
7.4124e-01
9.0269e-01
8.2289e-01
8.9578e-01
8.5961e-01
7.2277e-01
6.6439e-01
8.3209e-01
7.0239e-01
6.2006e-01
8.5868e-01
9.4620e-01
9.5517e-01
8.3347e-01
6.5757e-01
7.8936e-01
9.0517e-01
6.0283e-01
6.2937e-01
7.8647e-01
8.4016e-01
7.4255e-01
9.2113e-01
6.8106e-01
8.5198e-01
9.5557e-01
6.0250e-01
6.1605e-01
9.2012e-01
8.1124e-01
9.6168e-01
6.8095e-01
8.5904e-01
7.6893e-01
9.5974e-01
9.1114e-01
9.0097e-01
8.9938e-01
8.9970e-01
8.7906e-01
7.4664e-01
7.8177e-01
8.2240e-01
6.0497e-01
9.9426e-01
6.8582e-01
8.7534e-01
6.1776e-01
8.1999e-01
6.7914e-01
7.4557e-01
7.6746e-01
7.2671e-01
9.5468e-01
7.0563e-01
9.1192e-01
8.0702e-01
6.0390e-01
6.0783e-01
9.1272e-01
8.8903e-01
6.8084e-01
8.7076e-01
9.3636e-01
7.3253e-01
9.6794e-01
9.1497e-01
6.5709e-01
7.5365e-01
9.2356e-01
7.8556e-01
9.8521e-01
7.7053e-01
6.2721e-01
8.3583e-01
6.9420e-01
7.3560e-01
7.9204e-01
6.3727e-01
7.8769e-01
7.8015e-01
6.1055e-01
6.7870e-01
7.9685e-01
7.5272e-01
9.8357e-01
9.8540e-01
8.1824e-01
7.9608e-01
6.2144e-01
6.1458e-01
8.9265e-01
8.3060e-01
9.9357e-01
9.2207e-01
6.3095e-01
7.5439e-01
9.6933e-01
7.9133e-01
6.5466e-01
8.2944e-01
9.2293e-01
8.8146e-01
7.8411e-01
9.4345e-01
8.8565e-01
9.1353e-01
9.7462e-01
7.8576e-01
6.2472e-01
6.9620e-01
7.3797e-01
7.8820e-01
9.9909e-01
9.4295e-01
6.4610e-01
9.0891e-01
9.0514e-01
8.4797e-01
7.6772e-01
7.1013e-01
6.9196e-01
6.2744e-01
7.5313e-01
6.1719e-01
6.3917e-01
8.2215e-01
8.1409e-01
8.2402e-01
9.6795e-01
7.7394e-01
9.3510e-01
9.4222e-01
6.0751e-01
7.6887e-01
6.6216e-01
6.1864e-01
7.6407e-01
8.0562e-01
6.9016e-01
6.0264e-01
9.7387e-01
7.5113e-01
8.6269e-01
6.5058e-01
7.1950e-01
9.8155e-01
7.4893e-01
8.8375e-01
6.8197e-01
9.9134e-01
8.8914e-01
9.7632e-01
7.5318e-01
7.5737e-01
6.6859e-01
8.1764e-01
6.6474e-01
7.4969e-01
6.4523e-01
6.5710e-01
9.9796e-01
7.0606e-01
7.9617e-01
9.7634e-01
6.2889e-01
7.8406e-01
8.8771e-01
9.3263e-01
9.5008e-01
6.8088e-01
9.8246e-01
6.6765e-01
8.2079e-01
7.1826e-01
7.8842e-01
7.6754e-01
6.9928e-01
7.8570e-01
9.9850e-01
8.2269e-01
7.4498e-01
8.9481e-01
9.0288e-01
6.2508e-01
9.5904e-01
9.7615e-01
6.9550e-01
8.3244e-01
7.3468e-01
9.4713e-01
8.6098e-01
9.7359e-01
9.2839e-01
9.2371e-01
8.3627e-01
7.4088e-01
6.7569e-01
8.9788e-01
8.7867e-01
9.6542e-01
8.0245e-01
8.9129e-01
7.7745e-01
9.5329e-01
6.6614e-01
7.6439e-01
6.8311e-01
9.6789e-01
8.6150e-01
8.3651e-01
7.4032e-01
9.6717e-01
7.9893e-01
8.2512e-01
8.2189e-01
7.7131e-01
6.5092e-01
8.7114e-01
8.7343e-01
7.2775e-01
8.7388e-01
7.1526e-01
6.5942e-01
7.5663e-01
7.6490e-01
8.3638e-01
8.0524e-01
7.7289e-01
6.1558e-01
8.9779e-01
9.8561e-01
6.9616e-01
9.7331e-01
7.3905e-01
6.1693e-01
6.3985e-01
9.9950e-01
6.5713e-01
8.2032e-01
8.4281e-01
7.5197e-01
7.4683e-01
8.5157e-01
7.2928e-01
9.6340e-01
7.3971e-01
6.3072e-01
9.9755e-01
9.6516e-01
8.7198e-01
6.5835e-01
8.0318e-01
7.9492e-01
7.5003e-01
9.5517e-01
8.8345e-01
7.0789e-01
9.3717e-01
9.2387e-01
9.2151e-01
9.1207e-01
8.2634e-01
6.0838e-01
9.2724e-01
9.2553e-01
6.5579e-01
8.6902e-01
6.6272e-01
6.4743e-01
7.1076e-01
9.3998e-01
8.1725e-01
7.3374e-01
7.5473e-01
8.9207e-01
6.0097e-01
7.7575e-01
8.3417e-01
6.0792e-01
6.5551e-01
7.9775e-01
9.8094e-01
9.8283e-01
8.4164e-01
6.8886e-01
6.1186e-01
7.9062e-01
6.4442e-01
6.5215e-01
9.0094e-01
9.4298e-01
6.8514e-01
9.4327e-01
7.5050e-01
7.9469e-01
7.0381e-01
8.2069e-01
6.3666e-01
9.4292e-01
9.4258e-01
9.6522e-01
7.8253e-01
9.0611e-01
9.7566e-01
6.2612e-01
9.7656e-01
9.5278e-01
7.5029e-01
8.3778e-01
7.2642e-01
8.5022e-01
9.4114e-01
9.8630e-01
6.7009e-01
7.0864e-01
9.5542e-01
6.8195e-01
7.7496e-01
9.0326e-01
6.8604e-01
8.9931e-01
6.5423e-01
7.7103e-01
9.3662e-01
8.3605e-01
8.2411e-01
7.4969e-01
6.8338e-01
6.9549e-01
8.2330e-01
9.3466e-01
6.9179e-01
6.3578e-01
7.1571e-01
6.0366e-01
8.7359e-01
9.3610e-01
9.4798e-01
7.5802e-01
9.3547e-01
6.2766e-01
8.1952e-01
7.1139e-01
7.5077e-01
9.7603e-01
6.9501e-01
8.0889e-01
6.8700e-01
9.9288e-01
6.1066e-01
7.3813e-01
7.2895e-01
7.5954e-01
6.2294e-01
9.6042e-01
8.4102e-01
8.3782e-01
9.7977e-01
9.2837e-01
6.7754e-01
9.1547e-01
7.1060e-01
7.4833e-01
9.5791e-01
7.3954e-01
6.6969e-01
9.0905e-01
6.9219e-01
9.4376e-01
6.0752e-01
6.6827e-01
9.4253e-01
7.4581e-01
6.9356e-01
8.9976e-01
7.7249e-01
9.1564e-01
