9.8314e-01
6.7805e-01
9.8173e-01
6.7884e-01
6.2992e-01
9.9060e-01
8.2066e-01
6.4104e-01
8.4247e-01
7.7924e-01
9.9239e-01
7.6126e-01
7.6673e-01
9.4199e-01
9.4261e-01
9.8289e-01
8.7074e-01
9.3852e-01
8.7086e-01
6.1031e-01
6.2054e-01
7.0331e-01
9.1299e-01
7.1513e-01
8.0763e-01
7.4257e-01
7.1392e-01
8.5291e-01
8.2217e-01
9.6240e-01
7.9542e-01
7.9021e-01
7.3386e-01
9.8069e-01
7.7659e-01
8.3757e-01
6.9393e-01
6.2885e-01
7.5200e-01
7.2927e-01
7.4589e-01
9.1830e-01
6.4778e-01
6.9513e-01
8.0795e-01
9.7440e-01
6.9606e-01
8.3759e-01
9.2471e-01
7.4244e-01
9.4140e-01
9.8616e-01
6.8712e-01
9.3098e-01
8.6964e-01
8.6547e-01
7.6242e-01
6.0792e-01
7.3474e-01
7.1710e-01
6.5211e-01
8.1214e-01
6.1145e-01
7.5073e-01
6.6851e-01
7.3684e-01
7.7702e-01
6.7918e-01
8.0444e-01
6.9974e-01
9.2205e-01
6.9676e-01
8.7517e-01
7.3444e-01
8.6232e-01
9.1094e-01
6.7877e-01
7.9395e-01
6.4219e-01
6.4226e-01
8.4261e-01
8.0838e-01
8.5413e-01
8.2004e-01
8.4745e-01
8.4514e-01
9.3960e-01
9.6166e-01
7.5302e-01
7.9913e-01
6.9614e-01
9.0995e-01
9.0534e-01
9.3557e-01
9.7930e-01
9.9586e-01
9.8621e-01
7.6674e-01
9.9654e-01
9.2965e-01
9.8954e-01
8.8177e-01
7.4194e-01
8.4770e-01
9.3342e-01
8.5653e-01
7.3422e-01
7.6830e-01
7.2718e-01
7.0673e-01
6.5792e-01
6.4897e-01
7.6783e-01
8.7200e-01
9.6423e-01
6.1392e-01
6.3277e-01
6.9837e-01
9.2049e-01
9.9489e-01
7.9636e-01
9.5385e-01
7.6668e-01
8.5452e-01
7.3471e-01
6.4642e-01
6.3795e-01
9.6313e-01
7.5331e-01
7.2574e-01
9.8693e-01
9.9905e-01
6.9368e-01
6.8532e-01
8.7366e-01
6.6916e-01
6.6616e-01
8.5672e-01
8.3171e-01
6.8648e-01
9.3622e-01
9.5475e-01
9.4692e-01
6.4234e-01
9.3845e-01
8.6662e-01
8.6914e-01
6.9893e-01
7.3584e-01
8.9454e-01
8.5169e-01
9.2401e-01
6.0257e-01
7.6870e-01
6.4651e-01
6.9921e-01
8.7997e-01
6.6189e-01
7.9342e-01
6.9963e-01
9.5781e-01
8.7459e-01
7.2919e-01
9.0232e-01
9.4434e-01
8.7766e-01
6.7050e-01
9.0652e-01
7.1497e-01
9.6254e-01
7.9415e-01
8.5912e-01
6.3806e-01
6.7404e-01
9.2673e-01
8.3041e-01
6.9665e-01
9.7309e-01
9.5855e-01
8.2428e-01
8.7884e-01
6.9336e-01
8.1102e-01
9.4501e-01
7.8070e-01
9.6468e-01
7.1639e-01
7.1741e-01
8.3184e-01
9.4938e-01
7.2464e-01
9.8396e-01
9.9494e-01
6.3975e-01
8.3923e-01
8.5894e-01
6.5300e-01
6.8225e-01
8.2995e-01
7.6635e-01
8.1080e-01
9.7811e-01
6.2764e-01
7.8299e-01
8.7614e-01
6.4955e-01
9.8426e-01
8.9515e-01
8.7129e-01
9.8452e-01
6.6785e-01
9.7357e-01
9.3901e-01
6.6538e-01
9.8836e-01
6.0373e-01
6.5937e-01
6.7562e-01
8.5499e-01
6.7441e-01
8.8589e-01
7.0774e-01
6.9210e-01
9.7772e-01
6.3355e-01
8.1262e-01
9.9393e-01
8.4792e-01
6.4474e-01
7.2919e-01
9.9874e-01
9.6608e-01
8.3193e-01
6.2810e-01
9.9043e-01
8.0339e-01
9.3505e-01
8.1830e-01
6.7959e-01
8.5125e-01
8.1283e-01
7.6551e-01
6.6674e-01
7.2032e-01
7.1828e-01
7.0794e-01
8.1681e-01
9.3294e-01
9.4074e-01
7.3518e-01
7.8176e-01
9.2655e-01
6.9352e-01
6.3657e-01
9.7379e-01
7.6567e-01
8.7219e-01
9.2542e-01
6.9369e-01
8.1530e-01
6.0601e-01
7.2564e-01
9.7352e-01
7.7298e-01
8.4538e-01
8.8988e-01
6.9310e-01
6.2690e-01
8.1478e-01
6.6445e-01
8.9394e-01
6.4997e-01
9.7714e-01
6.7180e-01
7.0251e-01
9.1783e-01
9.5948e-01
7.6228e-01
7.2588e-01
9.4296e-01
6.2605e-01
7.5955e-01
8.1955e-01
9.9958e-01
9.5811e-01
9.2504e-01
8.5049e-01
8.0606e-01
7.7768e-01
8.3400e-01
9.5710e-01
7.0747e-01
8.3310e-01
9.5420e-01
7.7642e-01
7.5542e-01
8.6003e-01
7.8096e-01
9.9327e-01
7.0930e-01
7.5531e-01
9.8008e-01
6.0582e-01
6.8392e-01
6.5539e-01
9.6241e-01
6.6936e-01
8.8769e-01
8.7736e-01
6.4614e-01
6.2780e-01
8.5817e-01
7.5271e-01
8.4591e-01
9.4554e-01
9.2901e-01
9.6305e-01
6.5029e-01
7.6464e-01
7.7364e-01
9.4882e-01
8.9111e-01
9.7227e-01
7.8489e-01
8.4281e-01
9.0341e-01
8.3135e-01
6.4108e-01
6.9977e-01
6.5143e-01
9.7107e-01
6.0036e-01
8.4985e-01
8.6768e-01
8.8321e-01
7.6724e-01
6.0392e-01
6.4347e-01
6.5032e-01
7.8804e-01
7.0169e-01
8.8301e-01
8.3498e-01
6.8803e-01
6.4238e-01
9.6310e-01
8.2391e-01
7.1217e-01
9.3094e-01
8.4055e-01
8.4872e-01
9.6387e-01
6.7379e-01
9.1264e-01
8.4664e-01
8.8039e-01
8.6981e-01
6.9474e-01
9.5009e-01
8.4255e-01
7.7766e-01
8.1638e-01
6.5038e-01
9.6937e-01
6.7570e-01
8.8412e-01
8.8232e-01
8.4620e-01
8.8672e-01
8.3306e-01
8.5997e-01
8.7477e-01
7.3267e-01
9.9909e-01
8.0726e-01
7.8866e-01
9.6084e-01
6.0785e-01
7.4003e-01
7.5279e-01
8.6410e-01
9.8588e-01
7.0477e-01
6.8120e-01
7.3301e-01
7.8641e-01
6.7489e-01
7.7228e-01
6.7893e-01
8.7505e-01
9.5606e-01
9.0754e-01
8.0239e-01
8.4931e-01
9.9287e-01
6.4598e-01
8.2108e-01
7.1917e-01
7.3918e-01
8.8060e-01
7.3704e-01
7.9055e-01
6.9868e-01
7.7109e-01
9.3138e-01
6.5837e-01
7.6069e-01
7.9932e-01
9.3614e-01
9.6015e-01
7.3837e-01
6.6226e-01
6.6665e-01
6.9166e-01
6.8331e-01
7.9956e-01
7.9240e-01
9.5786e-01
7.6766e-01
6.8316e-01
7.9722e-01
7.0667e-01
8.1602e-01
6.3007e-01
9.6107e-01
6.1061e-01
9.9061e-01
6.5894e-01
8.8876e-01
8.1589e-01
6.1949e-01
6.4684e-01
8.4268e-01
7.1751e-01
8.9142e-01
9.6877e-01
8.7861e-01
8.8197e-01
7.7157e-01
7.1398e-01
8.3955e-01
6.9760e-01
8.6849e-01
6.6112e-01
8.5933e-01
9.5686e-01
6.4868e-01
8.5264e-01
9.8961e-01
6.5375e-01
6.6875e-01
6.0446e-01
9.9457e-01
9.8573e-01
9.0160e-01
8.1623e-01
7.4670e-01
8.7950e-01
6.9934e-01
8.3812e-01
9.6796e-01
7.7286e-01
9.9882e-01
9.8062e-01
8.3978e-01
6.2355e-01
8.8149e-01
7.1155e-01
6.2123e-01
6.7533e-01
7.4768e-01
6.6345e-01
9.2112e-01
7.7360e-01
9.1837e-01
7.6637e-01
6.9670e-01
9.1221e-01
6.6099e-01
6.8429e-01
6.0218e-01
6.1989e-01
8.9957e-01
8.6258e-01
8.9293e-01
6.7105e-01
7.2240e-01
7.9799e-01
8.5940e-01
6.8695e-01
6.0328e-01
9.6936e-01
8.9445e-01
9.0296e-01
8.8646e-01
6.9338e-01
8.5474e-01
7.5919e-01
8.3739e-01
9.5030e-01
7.8509e-01
7.9552e-01
6.9286e-01
9.0271e-01
9.3262e-01
8.3355e-01
9.0438e-01
8.5971e-01
6.3333e-01
6.0586e-01
6.9298e-01
9.1724e-01
6.9363e-01
9.7493e-01
9.1148e-01
9.0191e-01
8.6105e-01
7.5773e-01
8.5521e-01
7.3365e-01
9.1864e-01
7.0886e-01
7.8973e-01
8.5078e-01
6.0111e-01
9.8304e-01
7.7223e-01
8.3500e-01
8.9797e-01
9.5377e-01
7.6819e-01
6.5018e-01
9.1644e-01
9.0805e-01
8.3169e-01
8.2319e-01
8.2930e-01
9.4746e-01
9.0970e-01
9.1068e-01
6.2642e-01
8.2212e-01
7.2759e-01
6.5617e-01
6.4497e-01
6.8439e-01
8.3459e-01
6.0609e-01
7.5475e-01
6.6511e-01
6.4208e-01
8.3209e-01
9.9537e-01
7.8880e-01
6.2444e-01
7.1305e-01
7.0028e-01
7.8511e-01
9.9932e-01
7.2686e-01
7.5789e-01
9.0718e-01
9.7509e-01
8.3766e-01
6.5208e-01
9.1968e-01
9.1492e-01
8.3549e-01
6.3122e-01
9.9382e-01
9.2811e-01
8.2085e-01
6.7189e-01
7.5110e-01
7.8391e-01
9.3986e-01
8.5333e-01
7.0630e-01
6.5978e-01
7.1107e-01
8.0755e-01
7.5355e-01
6.7578e-01
9.9257e-01
6.2468e-01
9.1345e-01
7.9155e-01
7.0848e-01
6.8672e-01
6.6658e-01
7.7554e-01
6.8935e-01
6.6814e-01
6.1330e-01
9.1360e-01
7.3929e-01
7.4631e-01
8.5523e-01
6.9346e-01
9.6044e-01
6.8661e-01
7.3526e-01
6.5790e-01
8.3474e-01
7.9320e-01
9.3732e-01
6.4944e-01
9.9061e-01
6.0238e-01
9.0672e-01
7.1401e-01
7.1600e-01
9.6116e-01
7.3988e-01
7.6268e-01
8.7141e-01
9.1985e-01
8.7961e-01
6.1293e-01
9.0609e-01
9.3338e-01
7.7179e-01
6.0903e-01
8.2056e-01
6.1424e-01
8.0148e-01
7.8284e-01
6.3706e-01
8.0506e-01
6.2728e-01
9.4002e-01
7.4615e-01
8.9741e-01
9.8266e-01
6.7366e-01
9.0459e-01
7.5641e-01
6.9090e-01
8.0255e-01
7.4624e-01
7.3549e-01
7.9742e-01
7.3185e-01
7.9423e-01
7.2736e-01
8.7930e-01
8.7112e-01
7.1303e-01
6.6462e-01
7.0830e-01
8.3091e-01
7.4006e-01
8.2595e-01
6.3689e-01
9.2645e-01
8.5264e-01
6.7739e-01
6.1127e-01
6.6852e-01
9.6766e-01
8.5320e-01
6.9543e-01
8.8177e-01
6.6863e-01
9.4966e-01
7.6838e-01
7.0698e-01
9.5660e-01
6.8589e-01
8.9104e-01
6.2288e-01
7.2515e-01
9.3780e-01
8.7609e-01
8.9858e-01
9.6276e-01
8.4703e-01
6.9387e-01
7.4858e-01
9.0535e-01
9.8592e-01
9.4528e-01
7.2789e-01
8.1600e-01
6.4370e-01
6.4470e-01
7.7872e-01
7.3798e-01
7.5523e-01
9.7825e-01
8.1197e-01
9.8959e-01
8.8988e-01
6.5672e-01
6.4443e-01
7.6314e-01
6.8135e-01
8.2599e-01
9.7084e-01
6.6211e-01
6.4383e-01
9.8528e-01
6.2841e-01
8.0467e-01
7.4249e-01
7.0090e-01
9.9089e-01
6.4172e-01
8.9274e-01
6.6752e-01
9.7399e-01
7.3370e-01
8.1033e-01
8.9636e-01
9.2494e-01
6.6140e-01
9.8075e-01
7.0138e-01
9.2838e-01
9.1568e-01
8.6013e-01
9.0315e-01
9.6128e-01
6.6650e-01
9.7534e-01
9.8189e-01
7.1388e-01
8.9888e-01
7.6637e-01
9.7294e-01
8.3807e-01
9.6701e-01
6.1392e-01
7.7152e-01
8.5521e-01
8.3088e-01
8.5021e-01
6.3938e-01
7.4200e-01
8.2750e-01
8.1395e-01
7.0190e-01
8.8662e-01
6.2457e-01
8.7722e-01
7.0439e-01
9.6825e-01
8.9595e-01
7.5591e-01
6.3817e-01
7.1654e-01
9.9975e-01
8.4214e-01
9.1942e-01
9.1054e-01
8.4514e-01
8.9205e-01
7.5497e-01
6.5180e-01
7.9174e-01
9.6035e-01
8.0828e-01
9.8625e-01
9.4680e-01
9.9503e-01
8.6467e-01
6.2574e-01
9.4057e-01
9.0430e-01
7.1032e-01
9.4333e-01
7.7445e-01
9.1335e-01
9.8457e-01
6.9900e-01
6.5731e-01
7.4722e-01
7.9244e-01
7.4872e-01
9.9525e-01
9.2787e-01
7.1965e-01
6.8378e-01
6.2871e-01
7.9158e-01
8.9525e-01
8.0988e-01
7.3979e-01
7.8943e-01
9.2017e-01
8.4685e-01
6.5363e-01
8.2110e-01
8.9171e-01
7.8636e-01
9.5309e-01
7.5352e-01
9.2353e-01
8.9779e-01
6.4271e-01
9.7895e-01
7.9526e-01
9.4675e-01
8.3060e-01
6.4144e-01
6.6345e-01
7.5134e-01
7.0530e-01
7.2706e-01
8.7569e-01
8.9389e-01
7.9301e-01
6.5007e-01
6.6581e-01
7.9385e-01
7.1537e-01
7.2877e-01
7.5660e-01
7.6730e-01
8.4302e-01
6.0942e-01
6.7478e-01
6.9115e-01
9.6786e-01
8.4994e-01
9.1266e-01
9.0757e-01
9.5463e-01
7.2288e-01
6.7388e-01
6.5863e-01
9.5647e-01
8.7632e-01
6.1178e-01
7.2116e-01
9.1770e-01
8.3358e-01
9.6409e-01
7.7860e-01
7.4475e-01
9.4504e-01
6.4908e-01
6.2691e-01
9.6569e-01
8.6958e-01
6.3423e-01
7.7367e-01
9.7827e-01
9.5824e-01
7.7731e-01
7.1507e-01
9.2302e-01
6.0154e-01
7.2404e-01
8.4795e-01
9.4182e-01
6.0889e-01
7.2131e-01
7.3138e-01
9.8937e-01
6.0977e-01
9.1262e-01
8.4719e-01
6.1123e-01
7.8808e-01
7.5918e-01
8.1573e-01
6.4126e-01
6.6231e-01
9.2107e-01
6.8123e-01
9.6631e-01
7.7288e-01
6.9138e-01
7.6752e-01
7.0381e-01
6.5915e-01
8.8506e-01
9.4647e-01
7.0488e-01
9.9297e-01
8.9300e-01
6.1314e-01
7.2775e-01
9.3061e-01
8.3651e-01
9.7679e-01
9.8113e-01
9.8606e-01
9.7560e-01
9.4692e-01
6.9709e-01
9.4665e-01
9.9996e-01
8.6805e-01
6.7162e-01
6.9483e-01
7.2653e-01
7.8742e-01
6.9950e-01
7.5514e-01
7.4545e-01
7.9208e-01
7.3679e-01
6.7949e-01
9.4782e-01
6.0137e-01
7.9641e-01
8.1576e-01
9.3110e-01
6.4157e-01
6.9551e-01
9.9933e-01
8.5753e-01
9.1166e-01
6.7862e-01
8.0829e-01
7.9502e-01
8.8728e-01
9.7897e-01
6.7174e-01
6.3478e-01
8.7939e-01
6.8107e-01
7.8292e-01
6.1654e-01
6.6767e-01
9.6162e-01
9.0419e-01
7.4161e-01
7.6987e-01
8.5172e-01
7.6144e-01
6.3724e-01
8.8644e-01
7.3855e-01
6.7676e-01
8.2432e-01
6.5109e-01
9.7743e-01
8.0885e-01
7.8353e-01
7.0035e-01
8.5000e-01
8.5722e-01
7.7806e-01
6.0495e-01
6.0815e-01
7.5829e-01
9.6297e-01
6.2425e-01
8.1965e-01
7.3044e-01
9.8596e-01
8.5580e-01
9.6931e-01
6.4565e-01
8.2538e-01
6.3819e-01
8.0736e-01
7.6822e-01
9.1536e-01
7.7827e-01
9.9840e-01
9.7013e-01
8.1958e-01
9.3902e-01
7.7055e-01
8.2340e-01
6.1458e-01
7.9100e-01
6.1947e-01
7.6238e-01
8.4928e-01
8.0496e-01
7.9709e-01
6.4376e-01
7.6497e-01
9.8411e-01
6.7334e-01
6.5104e-01
7.1483e-01
7.0441e-01
8.7301e-01
9.9021e-01
8.7329e-01
7.5343e-01
8.0199e-01
7.1707e-01
7.2581e-01
8.3597e-01
8.9942e-01
8.1914e-01
6.2454e-01
7.1974e-01
8.0396e-01
8.3940e-01
8.9861e-01
8.3386e-01
7.2083e-01
9.7693e-01
6.8268e-01
7.5422e-01
6.2708e-01
9.8498e-01
9.1662e-01
6.3702e-01
9.0949e-01
8.2462e-01
9.5567e-01
9.4293e-01
8.4085e-01
9.9631e-01
6.2241e-01
8.1554e-01
8.9351e-01
9.7574e-01
6.5797e-01
9.7929e-01
8.8817e-01
9.8401e-01
8.2493e-01
9.7781e-01
7.7159e-01
7.5751e-01
6.1052e-01
7.1610e-01
9.8174e-01
6.4693e-01
9.9470e-01
7.2639e-01
8.9754e-01
9.6920e-01
9.5449e-01
9.8798e-01
8.3635e-01
9.1213e-01
7.0424e-01
6.0259e-01
6.8119e-01
7.6606e-01
7.2880e-01
6.1723e-01
6.9241e-01
9.5387e-01
7.8009e-01
6.2844e-01
7.8875e-01
8.2421e-01
7.2209e-01
9.5239e-01
6.8914e-01
8.5627e-01
8.4245e-01
7.7247e-01
7.5637e-01
8.3255e-01
6.2593e-01
7.2551e-01
9.4335e-01
8.9244e-01
6.0529e-01
9.1851e-01
9.7921e-01
8.3206e-01
6.0327e-01
8.1399e-01
6.5049e-01
9.2604e-01
8.7098e-01
6.9256e-01
6.3978e-01
6.1566e-01
8.0842e-01
8.0227e-01
6.4493e-01
6.8445e-01
9.9967e-01
9.4759e-01
7.5155e-01
7.6891e-01
7.7752e-01
9.4747e-01
7.4662e-01
8.4174e-01
8.9196e-01
6.2442e-01
8.0999e-01
8.1055e-01
6.7746e-01
8.6687e-01
7.9372e-01
9.4726e-01
9.7083e-01
8.7336e-01
8.3733e-01
6.5288e-01
8.0286e-01
9.8749e-01
6.2162e-01
8.0478e-01
7.1031e-01
8.5045e-01
6.0976e-01
8.5073e-01
7.8837e-01
8.1228e-01
9.7663e-01
9.2459e-01
8.8907e-01
9.8551e-01
9.8111e-01
7.9880e-01
7.7420e-01
8.8037e-01
9.2626e-01
7.1218e-01
8.7625e-01
9.9818e-01
7.6720e-01
8.0249e-01
8.4280e-01
9.4694e-01
7.4788e-01
6.5648e-01
9.0059e-01
7.4658e-01
6.6753e-01
7.6266e-01
6.9423e-01
6.4754e-01
7.0347e-01
7.4425e-01
6.2337e-01
6.7777e-01
7.6338e-01
8.8428e-01
7.4152e-01
8.7445e-01
7.7367e-01
8.7696e-01
6.6988e-01
6.5930e-01
6.4035e-01
7.8772e-01
7.7378e-01
8.6609e-01
9.2924e-01
9.4946e-01
8.9506e-01
8.9120e-01
8.5572e-01
9.7071e-01
7.9799e-01
6.8396e-01
7.8975e-01
7.7093e-01
9.3859e-01
7.5702e-01
7.0234e-01
6.3928e-01
8.6207e-01
6.3686e-01
8.0961e-01
9.3478e-01
6.5953e-01
9.1470e-01
6.8010e-01
7.3879e-01
7.0891e-01
8.2296e-01
8.5627e-01
9.5670e-01
8.6834e-01
8.4713e-01
7.6602e-01
6.7127e-01
6.2511e-01
6.6231e-01
9.2272e-01
9.0195e-01
7.2761e-01
9.1476e-01
6.2649e-01
6.9729e-01
8.3913e-01
9.0948e-01
8.2795e-01
7.5710e-01
7.4593e-01
7.2066e-01
9.6191e-01
9.3964e-01
6.3087e-01
6.6394e-01
9.0151e-01
9.3830e-01
6.0362e-01
7.2046e-01
6.5773e-01
7.2569e-01
6.9070e-01
9.6416e-01
8.1686e-01
7.6410e-01
8.6615e-01
8.4021e-01
9.4112e-01
6.7559e-01
6.3151e-01
9.7025e-01
8.7235e-01
9.4997e-01
7.5943e-01
7.8649e-01
7.5589e-01
6.0433e-01
6.0355e-01
6.6977e-01
7.1412e-01
8.6630e-01
9.5357e-01
6.8255e-01
8.6484e-01
6.4842e-01
7.5389e-01
9.4000e-01
6.4875e-01
8.2501e-01
6.5580e-01
7.0237e-01
8.3762e-01
7.8811e-01
7.3163e-01
6.1390e-01
9.9414e-01
6.5805e-01
7.5425e-01
8.3864e-01
8.5246e-01
8.5505e-01
7.6378e-01
9.1560e-01
7.1602e-01
8.3049e-01
9.5526e-01
7.4321e-01
9.2522e-01
8.9834e-01
9.3410e-01
9.9561e-01
6.7124e-01
7.2576e-01
6.9141e-01
7.5723e-01
8.6043e-01
6.4671e-01
8.4383e-01
7.6529e-01
8.8496e-01
6.7064e-01
7.3086e-01
7.0497e-01
9.1710e-01
8.4643e-01
8.7070e-01
9.6324e-01
6.6841e-01
6.9355e-01
7.5081e-01
7.5362e-01
7.2659e-01
8.3640e-01
7.1740e-01
9.5850e-01
6.4450e-01
8.4307e-01
8.6690e-01
6.3862e-01
8.7709e-01
8.3471e-01
6.3361e-01
9.7855e-01
8.9551e-01
9.2540e-01
8.7221e-01
7.4223e-01
9.7842e-01
7.2518e-01
8.8445e-01
9.0537e-01
9.3025e-01
6.4608e-01
7.1261e-01
9.1372e-01
6.2620e-01
8.7705e-01
7.2407e-01
8.2365e-01
7.8774e-01
7.0859e-01
6.9579e-01
8.9556e-01
9.5876e-01
6.8121e-01
6.5164e-01
9.6786e-01
9.0333e-01
7.7058e-01
7.4899e-01
6.5920e-01
6.1388e-01
8.1333e-01
9.2212e-01
9.4825e-01
9.8667e-01
8.4510e-01
7.3850e-01
6.8816e-01
6.4807e-01
7.5396e-01
8.7518e-01
7.1728e-01
6.1567e-01
6.3055e-01
6.4066e-01
9.8329e-01
9.0615e-01
9.7945e-01
7.8177e-01
6.6645e-01
9.0867e-01
9.3263e-01
6.3980e-01
9.9327e-01
9.0105e-01
7.5080e-01
6.6709e-01
7.2984e-01
7.8907e-01
8.9919e-01
8.6313e-01
8.1887e-01
7.5467e-01
7.6445e-01
8.6411e-01
9.7471e-01
6.4818e-01
6.6459e-01
7.9950e-01
8.4192e-01
9.3896e-01
8.4201e-01
9.4305e-01
6.6800e-01
9.9445e-01
9.8847e-01
8.9249e-01
6.3100e-01
6.4492e-01
7.3539e-01
6.4604e-01
6.9147e-01
7.7812e-01
7.6598e-01
6.6670e-01
8.2988e-01
6.3573e-01
8.7455e-01
7.5454e-01
6.8234e-01
7.7127e-01
8.9543e-01
6.8162e-01
6.0595e-01
9.3156e-01
6.9140e-01
7.4406e-01
6.3997e-01
7.1287e-01
6.5265e-01
6.1141e-01
8.7330e-01
6.1831e-01
8.5846e-01
8.5707e-01
7.7960e-01
6.0881e-01
7.6362e-01
9.5563e-01
8.6794e-01
8.4252e-01
7.3896e-01
7.9552e-01
8.7751e-01
8.8595e-01
9.7220e-01
7.6785e-01
8.5286e-01
8.8361e-01
6.6372e-01
6.8729e-01
7.7104e-01
9.7473e-01
7.2770e-01
7.9618e-01
8.2653e-01
9.6620e-01
9.2827e-01
7.7417e-01
9.0135e-01
7.1301e-01
8.6128e-01
6.0428e-01
6.2589e-01
9.3165e-01
8.0591e-01
8.9086e-01
7.7697e-01
7.6761e-01
6.5804e-01
7.5633e-01
9.9091e-01
8.6240e-01
8.7261e-01
7.8264e-01
6.4616e-01
9.1225e-01
9.3209e-01
7.7580e-01
7.5955e-01
8.8409e-01
6.6244e-01
6.6090e-01
7.8355e-01
6.1819e-01
7.8065e-01
6.0602e-01
9.5854e-01
7.0205e-01
6.0720e-01
9.0354e-01
8.8185e-01
9.9720e-01
9.0937e-01
6.8271e-01
8.7162e-01
8.3239e-01
9.5688e-01
7.1228e-01
6.5553e-01
9.0238e-01
7.7378e-01
9.0639e-01
8.0715e-01
9.3200e-01
9.9572e-01
7.2459e-01
9.1601e-01
7.3772e-01
6.4098e-01
7.3381e-01
7.2833e-01
9.3420e-01
6.4811e-01
9.8047e-01
6.6300e-01
7.8110e-01
6.4213e-01
8.5620e-01
8.0589e-01
9.8776e-01
9.3348e-01
7.7754e-01
9.8052e-01
8.7599e-01
6.7424e-01
7.9392e-01
9.0805e-01
9.2981e-01
6.0857e-01
7.4352e-01
6.8795e-01
9.7557e-01
6.6355e-01
6.4323e-01
9.8031e-01
9.5580e-01
8.2452e-01
8.3899e-01
6.7400e-01
8.0537e-01
9.2335e-01
7.6685e-01
6.9426e-01
8.5220e-01
8.3740e-01
7.7581e-01
9.7705e-01
7.5658e-01
7.2375e-01
9.5741e-01
6.2567e-01
7.9877e-01
7.7470e-01
9.3979e-01
7.2391e-01
9.3081e-01
9.0743e-01
7.0249e-01
8.7572e-01
7.9571e-01
8.9630e-01
7.8475e-01
9.6458e-01
7.8019e-01
6.5189e-01
9.2552e-01
7.2222e-01
7.5077e-01
7.3170e-01
7.8731e-01
9.8914e-01
8.1370e-01
8.3294e-01
7.8171e-01
7.9692e-01
8.6263e-01
9.7172e-01
6.3552e-01
8.0045e-01
6.0503e-01
6.4979e-01
8.8974e-01
9.1165e-01
7.0964e-01
6.5622e-01
9.8739e-01
7.4425e-01
6.9812e-01
7.9702e-01
7.5750e-01
8.7187e-01
8.8935e-01
8.8142e-01
8.9795e-01
9.3244e-01
7.5233e-01
8.2632e-01
8.4429e-01
8.0358e-01
8.2436e-01
8.9463e-01
8.3892e-01
7.3471e-01
8.5124e-01
6.0856e-01
9.7240e-01
6.0176e-01
7.9866e-01
7.4081e-01
7.9047e-01
8.7445e-01
7.5926e-01
6.9561e-01
7.0835e-01
9.4304e-01
9.4651e-01
9.4976e-01
8.9348e-01
8.5738e-01
9.7429e-01
6.2990e-01
7.3088e-01
8.1909e-01
9.9329e-01
6.7382e-01
8.7901e-01
7.8171e-01
6.4226e-01
6.2313e-01
9.8046e-01
8.9132e-01
7.6240e-01
9.3115e-01
8.5596e-01
7.0025e-01
9.8813e-01
8.1308e-01
8.4970e-01
8.8249e-01
7.3459e-01
7.9327e-01
9.2566e-01
6.8875e-01
6.3650e-01
6.8783e-01
6.0291e-01
7.6046e-01
8.2795e-01
9.5959e-01
6.6334e-01
9.4941e-01
8.1506e-01
6.2683e-01
6.6176e-01
7.7353e-01
6.8981e-01
9.9182e-01
7.9860e-01
9.6141e-01
9.4762e-01
6.7624e-01
9.7868e-01
7.4337e-01
6.0001e-01
9.3711e-01
6.0026e-01
7.2900e-01
9.8064e-01
9.7005e-01
6.1275e-01
9.9001e-01
9.2175e-01
9.7141e-01
9.8542e-01
7.1519e-01
7.5919e-01
9.6551e-01
6.0087e-01
9.0790e-01
7.3855e-01
8.1632e-01
9.6610e-01
9.0654e-01
6.0160e-01
7.0924e-01
9.6650e-01
6.0192e-01
6.7543e-01
8.5689e-01
8.1179e-01
9.9572e-01
7.6510e-01
9.1974e-01
9.4805e-01
8.0748e-01
7.8835e-01
7.1807e-01
8.5855e-01
7.3137e-01
9.5985e-01
7.5254e-01
7.2948e-01
7.8145e-01
6.6336e-01
9.7253e-01
9.9217e-01
7.3298e-01
9.7689e-01
9.5956e-01
8.0912e-01
6.9289e-01
9.8618e-01
6.4357e-01
8.7669e-01
7.9593e-01
7.4639e-01
6.7849e-01
6.7051e-01
9.6624e-01
8.7888e-01
7.3167e-01
7.5194e-01
6.2507e-01
8.1190e-01
8.3046e-01
7.0498e-01
8.7828e-01
8.9582e-01
9.7695e-01
8.9593e-01
8.6449e-01
6.7419e-01
6.0262e-01
6.4193e-01
8.2957e-01
9.2794e-01
6.4271e-01
8.0593e-01
8.5694e-01
6.7309e-01
8.8625e-01
8.1995e-01
9.1055e-01
8.5548e-01
7.7808e-01
7.0707e-01
7.6407e-01
6.6903e-01
8.4190e-01
7.3427e-01
7.1012e-01
9.4179e-01
7.6706e-01
6.3789e-01
8.3871e-01
9.0152e-01
7.2998e-01
9.3006e-01
8.6253e-01
7.4338e-01
8.3806e-01
8.2154e-01
7.0668e-01
6.5203e-01
8.7811e-01
8.6976e-01
8.1860e-01
8.7268e-01
8.6255e-01
6.2829e-01
7.8149e-01
7.3476e-01
6.5125e-01
7.4201e-01
6.1230e-01
8.8851e-01
9.1102e-01
6.9802e-01
7.2963e-01
8.4228e-01
6.6646e-01
9.8538e-01
8.2604e-01
9.3913e-01
9.3760e-01
6.3556e-01
7.7806e-01
7.6572e-01
9.7413e-01
9.8513e-01
7.6483e-01
6.2610e-01
7.6940e-01
8.9082e-01
6.2471e-01
9.1881e-01
6.9292e-01
7.7967e-01
7.8904e-01
7.6400e-01
7.3057e-01
9.8777e-01
6.1281e-01
9.1494e-01
9.9807e-01
6.5911e-01
7.7879e-01
8.8007e-01
9.4691e-01
9.5335e-01
7.5051e-01
7.1500e-01
9.2174e-01
7.2404e-01
6.1485e-01
7.7190e-01
9.4455e-01
9.1111e-01
7.6702e-01
8.2653e-01
7.5956e-01
7.0342e-01
9.5024e-01
8.9680e-01
6.9985e-01
9.9651e-01
8.0284e-01
8.5576e-01
7.8020e-01
7.8582e-01
8.2158e-01
9.5092e-01
7.8241e-01
8.5372e-01
6.8240e-01
8.8399e-01
8.8765e-01
7.0343e-01
9.3377e-01
8.6952e-01
9.8729e-01
9.8120e-01
8.5340e-01
6.9323e-01
8.6333e-01
8.4045e-01
7.0376e-01
7.4383e-01
7.6697e-01
6.4906e-01
8.7147e-01
6.1928e-01
9.5793e-01
7.7105e-01
8.9731e-01
9.0532e-01
8.4827e-01
6.5276e-01
9.2177e-01
7.6185e-01
9.4506e-01
9.5061e-01
9.1620e-01
7.8089e-01
8.4907e-01
9.6074e-01
6.5430e-01
9.3983e-01
9.3419e-01
8.6938e-01
8.8801e-01
6.5081e-01
7.0221e-01
7.7050e-01
6.4878e-01
8.2020e-01
6.6063e-01
8.0334e-01
9.1289e-01
8.2985e-01
9.1777e-01
6.8028e-01
8.0663e-01
9.6143e-01
7.3952e-01
6.2000e-01
7.5600e-01
8.0100e-01
8.5795e-01
9.0431e-01
6.9102e-01
7.2680e-01
9.7020e-01
8.8215e-01
9.1597e-01
7.7458e-01
9.9995e-01
6.5027e-01
7.2961e-01
8.4761e-01
8.0136e-01
9.5044e-01
7.6095e-01
9.7723e-01
9.8325e-01
6.3190e-01
9.5606e-01
8.6955e-01
7.9648e-01
6.8071e-01
7.1963e-01
9.0286e-01
7.5904e-01
9.6588e-01
9.4601e-01
6.6730e-01
8.1352e-01
6.8197e-01
6.3856e-01
6.9994e-01
6.1413e-01
9.1246e-01
9.3964e-01
9.8402e-01
6.2420e-01
7.0435e-01
6.0543e-01
9.9168e-01
6.7825e-01
8.9574e-01
9.8977e-01
7.5393e-01
9.8072e-01
7.2673e-01
8.7326e-01
6.5444e-01
6.5514e-01
8.0343e-01
8.7590e-01
9.0338e-01
8.7503e-01
9.7393e-01
7.4391e-01
8.5755e-01
8.0000e-01
6.3129e-01
8.3754e-01
6.6735e-01
9.7024e-01
9.2103e-01
6.6340e-01
9.2349e-01
8.2887e-01
6.9079e-01
9.0469e-01
7.4459e-01
8.0997e-01
7.0521e-01
8.1979e-01
6.5771e-01
8.5639e-01
6.9445e-01
9.9876e-01
6.7166e-01
7.9369e-01
8.6244e-01
6.9771e-01
6.6789e-01
6.7306e-01
6.9756e-01
9.4576e-01
6.6466e-01
6.0624e-01
9.4744e-01
6.2296e-01
7.4869e-01
6.3456e-01
9.3620e-01
8.0964e-01
7.8657e-01
9.7696e-01
8.5025e-01
9.9791e-01
9.1923e-01
8.1369e-01
9.6186e-01
9.7103e-01
9.8617e-01
7.2845e-01
8.9473e-01
9.7501e-01
6.1984e-01
8.4196e-01
7.8080e-01
6.3929e-01
7.7305e-01
7.6821e-01
6.7113e-01
7.2791e-01
8.8222e-01
6.4315e-01
6.3086e-01
6.1148e-01
9.6673e-01
6.9782e-01
7.3249e-01
6.0466e-01
6.7028e-01
7.5284e-01
7.4782e-01
8.9544e-01
7.1703e-01
9.7614e-01
8.6144e-01
6.0594e-01
7.0331e-01
8.6283e-01
8.6253e-01
9.1686e-01
6.2737e-01
8.6708e-01
9.2099e-01
8.2690e-01
6.9862e-01
6.7250e-01
6.1229e-01
8.3376e-01
6.1058e-01
7.0141e-01
8.7123e-01
8.2948e-01
7.7965e-01
8.3143e-01
9.9808e-01
9.3858e-01
7.7164e-01
9.8830e-01
7.3686e-01
8.9776e-01
6.5121e-01
8.7932e-01
6.8348e-01
9.4974e-01
9.1423e-01
9.3965e-01
7.6664e-01
6.1010e-01
6.6713e-01
6.0323e-01
6.6325e-01
8.0319e-01
9.1437e-01
7.5837e-01
8.7339e-01
8.1833e-01
8.6716e-01
9.6277e-01
6.6904e-01
7.9749e-01
9.9486e-01
9.7333e-01
7.2600e-01
6.0515e-01
8.9215e-01
6.0612e-01
9.9414e-01
8.4317e-01
8.5198e-01
7.2625e-01
9.8448e-01
6.7480e-01
6.6004e-01
9.1601e-01
7.7517e-01
6.6973e-01
8.8614e-01
6.1438e-01
6.0613e-01
7.2534e-01
6.0792e-01
9.2832e-01
6.9619e-01
8.0926e-01
8.8402e-01
9.7854e-01
7.0480e-01
8.9849e-01
8.7046e-01
9.9766e-01
9.1485e-01
6.4648e-01
7.8151e-01
7.3672e-01
7.9592e-01
6.1862e-01
7.0407e-01
9.4309e-01
9.8227e-01
9.2049e-01
7.5101e-01
8.7941e-01
6.0271e-01
7.6060e-01
9.7710e-01
8.8705e-01
6.2604e-01
7.3358e-01
8.4771e-01
9.0592e-01
7.5900e-01
8.4305e-01
8.7402e-01
6.6110e-01
6.1541e-01
9.8666e-01
6.6979e-01
7.8471e-01
6.7754e-01
9.9190e-01
6.3885e-01
7.8253e-01
6.4658e-01
9.0336e-01
7.5033e-01
6.7930e-01
9.3297e-01
9.8698e-01
8.3193e-01
7.6757e-01
6.3208e-01
9.4287e-01
9.4173e-01
7.8130e-01
6.7701e-01
8.9069e-01
6.1424e-01
7.5797e-01
7.5008e-01
6.7874e-01
9.0809e-01
6.0804e-01
7.9608e-01
9.6376e-01
7.5447e-01
6.7586e-01
7.4468e-01
9.4377e-01
6.7858e-01
6.2106e-01
7.8824e-01
7.9900e-01
9.9470e-01
7.7737e-01
6.7737e-01
7.9095e-01
8.3787e-01
7.8651e-01
6.7429e-01
9.5156e-01
6.8501e-01
8.3626e-01
6.9057e-01
7.1292e-01
7.1715e-01
9.6196e-01
8.6813e-01
7.3909e-01
7.9974e-01
7.3708e-01
9.5014e-01
6.9056e-01
9.8582e-01
6.4870e-01
6.6465e-01
8.6897e-01
7.0994e-01
7.1750e-01
7.1968e-01
6.1745e-01
8.4240e-01
7.9719e-01
7.1944e-01
7.9022e-01
8.7266e-01
6.2003e-01
8.0963e-01
7.4185e-01
6.4424e-01
7.8231e-01
6.6444e-01
8.6823e-01
9.7106e-01
8.2382e-01
6.3053e-01
8.9997e-01
9.9417e-01
6.6762e-01
9.4523e-01
6.8049e-01
6.6890e-01
7.7973e-01
9.4881e-01
6.8628e-01
7.0012e-01
7.2285e-01
7.6987e-01
9.1810e-01
9.5246e-01
6.5601e-01
8.6865e-01
7.1572e-01
7.6758e-01
7.1732e-01
7.1412e-01
7.6144e-01
6.8419e-01
7.3996e-01
6.6363e-01
8.7593e-01
6.8128e-01
6.0857e-01
6.5889e-01
6.8040e-01
8.4546e-01
7.0970e-01
6.6259e-01
8.8822e-01
9.5179e-01
6.4005e-01
6.9286e-01
6.7037e-01
9.5710e-01
9.9126e-01
8.6308e-01
8.4226e-01
7.9856e-01
6.6502e-01
7.1519e-01
9.9304e-01
7.9307e-01
6.4412e-01
9.0871e-01
9.6461e-01
9.6218e-01
6.9299e-01
7.5715e-01
8.4655e-01
9.4641e-01
9.5744e-01
9.0163e-01
8.3804e-01
7.9326e-01
7.4526e-01
8.7107e-01
8.5527e-01
6.4913e-01
6.6371e-01
8.8931e-01
6.0452e-01
8.8834e-01
7.9629e-01
8.7924e-01
9.7604e-01
6.7938e-01
8.6526e-01
9.2171e-01
6.0821e-01
9.0586e-01
6.7932e-01
8.9436e-01
7.2640e-01
8.0918e-01
7.3270e-01
7.2099e-01
7.7783e-01
7.2246e-01
8.2675e-01
6.5112e-01
6.1767e-01
7.7500e-01
8.4715e-01
8.9222e-01
7.5414e-01
7.2377e-01
8.4726e-01
9.8663e-01
6.5865e-01
8.4010e-01
8.6233e-01
8.1555e-01
8.0676e-01
9.6974e-01
7.4470e-01
7.6039e-01
9.7178e-01
6.0853e-01
6.2496e-01
9.0608e-01
7.2827e-01
8.2325e-01
9.6799e-01
8.5863e-01
9.2301e-01
9.6281e-01
8.2462e-01
9.3991e-01
8.3701e-01
7.8022e-01
8.9703e-01
6.8519e-01
9.0186e-01
6.2032e-01
8.0801e-01
9.9023e-01
7.5403e-01
6.5635e-01
7.7411e-01
9.0812e-01
9.6839e-01
6.4002e-01
7.4370e-01
7.7171e-01
7.6985e-01
7.0544e-01
6.6709e-01
6.8256e-01
8.6856e-01
8.1234e-01
7.6894e-01
9.5535e-01
7.2723e-01
6.2259e-01
9.8904e-01
6.2321e-01
8.2361e-01
9.1134e-01
6.2792e-01
8.6807e-01
6.1252e-01
9.3423e-01
9.0211e-01
6.9174e-01
9.1263e-01
7.6585e-01
9.8693e-01
6.0357e-01
7.7622e-01
9.7652e-01
6.0130e-01
9.7811e-01
7.3956e-01
6.0603e-01
9.2318e-01
8.1546e-01
6.5265e-01
6.3048e-01
6.8245e-01
8.5769e-01
6.0434e-01
9.4368e-01
7.0338e-01
9.6081e-01
6.7513e-01
7.0220e-01
7.1848e-01
8.5303e-01
7.8909e-01
9.8117e-01
6.0571e-01
8.3402e-01
7.6218e-01
6.0631e-01
7.4956e-01
9.5407e-01
9.1268e-01
8.1953e-01
8.7997e-01
6.0961e-01
9.1945e-01
7.1716e-01
6.0887e-01
8.5035e-01
7.2459e-01
9.1465e-01
9.0324e-01
8.0819e-01
7.7070e-01
6.4018e-01
7.3816e-01
9.9278e-01
8.1686e-01
8.3913e-01
6.0260e-01
8.8270e-01
6.7894e-01
6.9877e-01
9.2482e-01
6.4370e-01
8.1998e-01
6.2786e-01
9.6698e-01
6.1761e-01
8.4068e-01
8.3081e-01
6.0753e-01
9.8690e-01
8.4163e-01
7.5902e-01
7.2914e-01
6.1981e-01
8.3902e-01
8.7233e-01
8.9125e-01
7.1947e-01
8.8460e-01
7.3124e-01
9.8950e-01
9.4285e-01
8.5282e-01
7.2803e-01
9.0346e-01
7.6915e-01
7.6119e-01
8.0266e-01
6.0011e-01
9.5548e-01
9.3401e-01
8.9365e-01
7.6088e-01
6.9524e-01
6.6578e-01
9.3725e-01
9.6992e-01
9.0329e-01
8.6032e-01
7.7632e-01
8.7690e-01
9.8519e-01
9.0323e-01
7.8147e-01
8.4946e-01
6.7323e-01
7.1515e-01
8.2351e-01
6.6971e-01
7.0314e-01
9.5546e-01
8.8944e-01
9.1729e-01
9.7870e-01
9.7923e-01
7.2817e-01
8.4288e-01
7.6097e-01
9.1798e-01
8.2583e-01
8.4429e-01
6.6914e-01
6.4317e-01
9.1696e-01
6.2378e-01
9.3590e-01
8.9990e-01
7.1188e-01
8.8890e-01
8.1965e-01
6.6077e-01
8.0092e-01
9.1247e-01
9.6322e-01
6.7128e-01
8.2988e-01
6.0522e-01
8.3425e-01
9.5474e-01
7.9789e-01
6.3038e-01
7.6666e-01
9.7327e-01
8.6265e-01
7.4536e-01
7.1391e-01
7.5852e-01
6.5897e-01
7.8522e-01
6.8027e-01
8.7205e-01
8.6129e-01
6.8302e-01
8.3585e-01
8.2455e-01
7.6680e-01
9.3583e-01
7.4088e-01
9.6677e-01
7.7402e-01
6.9257e-01
8.7975e-01
8.0384e-01
8.1785e-01
6.2513e-01
6.4254e-01
9.0247e-01
7.9515e-01
8.2303e-01
8.3449e-01
8.8873e-01
9.9320e-01
8.4521e-01
9.6414e-01
6.6618e-01
7.2980e-01
8.4385e-01
9.5019e-01
8.9320e-01
8.5332e-01
9.2751e-01
9.0405e-01
9.7602e-01
7.3572e-01
7.0312e-01
6.6405e-01
9.0389e-01
9.9678e-01
8.1935e-01
7.6366e-01
6.4432e-01
9.4115e-01
9.5045e-01
6.7650e-01
7.8102e-01
9.0808e-01
7.3115e-01
8.1372e-01
8.1722e-01
6.8992e-01
8.3299e-01
9.9826e-01
6.8367e-01
9.8234e-01
8.0488e-01
7.2070e-01
9.0106e-01
6.5349e-01
8.1622e-01
9.3102e-01
7.4224e-01
7.3698e-01
7.4404e-01
9.3579e-01
9.9413e-01
8.6741e-01
6.7641e-01
9.1574e-01
8.7275e-01
9.6107e-01
8.4702e-01
6.8272e-01
8.3778e-01
7.6740e-01
9.9407e-01
9.0521e-01
7.0940e-01
7.2938e-01
8.3083e-01
8.2908e-01
7.8814e-01
6.9935e-01
7.4178e-01
8.9272e-01
8.7696e-01
7.9656e-01
6.6947e-01
7.3872e-01
8.6091e-01
7.1728e-01
9.4431e-01
9.1537e-01
7.6073e-01
9.0219e-01
9.4675e-01
6.8037e-01
7.1903e-01
7.2489e-01
7.8020e-01
8.6295e-01
8.1086e-01
8.1961e-01
9.3038e-01
8.5118e-01
8.1800e-01
6.6395e-01
7.7034e-01
7.2274e-01
7.6855e-01
6.3680e-01
7.9212e-01
6.3540e-01
6.6304e-01
8.4797e-01
7.1274e-01
8.4036e-01
8.1402e-01
6.0799e-01
8.3741e-01
9.5038e-01
8.8264e-01
8.0575e-01
6.5277e-01
7.5425e-01
6.7315e-01
8.3754e-01
8.9427e-01
8.5553e-01
6.0062e-01
8.8759e-01
9.5632e-01
7.4990e-01
8.7873e-01
6.3632e-01
8.7712e-01
7.4912e-01
7.0661e-01
7.4064e-01
8.0572e-01
8.7386e-01
9.2181e-01
7.2469e-01
8.0937e-01
6.6455e-01
7.2620e-01
8.2587e-01
7.3413e-01
8.8443e-01
7.4351e-01
7.0501e-01
9.4835e-01
6.0469e-01
9.9404e-01
8.7083e-01
7.3259e-01
7.8365e-01
7.5539e-01
9.0158e-01
9.3798e-01
8.1239e-01
9.1231e-01
8.2998e-01
9.3319e-01
6.4275e-01
9.1091e-01
7.6050e-01
6.0604e-01
6.6892e-01
9.9509e-01
6.2078e-01
8.7690e-01
8.1927e-01
7.6535e-01
8.8367e-01
9.2963e-01
8.5906e-01
7.5787e-01
7.9372e-01
8.7848e-01
8.3547e-01
6.2916e-01
8.1170e-01
8.2784e-01
7.8681e-01
7.5947e-01
9.7067e-01
6.0387e-01
6.6602e-01
6.7433e-01
6.4224e-01
7.7441e-01
8.4885e-01
9.1823e-01
6.7447e-01
6.8509e-01
8.5669e-01
7.0916e-01
9.4986e-01
8.3999e-01
7.0641e-01
9.6427e-01
6.3282e-01
6.5595e-01
8.6316e-01
9.9719e-01
7.0211e-01
9.5889e-01
9.3689e-01
6.1020e-01
6.3120e-01
9.2791e-01
9.1898e-01
8.6276e-01
6.6241e-01
9.5220e-01
6.2245e-01
9.5114e-01
7.8609e-01
8.1733e-01
8.8120e-01
7.8988e-01
8.6005e-01
8.9032e-01
7.0456e-01
9.9410e-01
9.5817e-01
9.7144e-01
9.3184e-01
8.3799e-01
6.0918e-01
6.5843e-01
6.7187e-01
7.3317e-01
9.3408e-01
7.0942e-01
8.8521e-01
9.6973e-01
8.3143e-01
8.0393e-01
8.8056e-01
8.2243e-01
9.2822e-01
8.3924e-01
9.4769e-01
6.9846e-01
9.2027e-01
8.6212e-01
7.0853e-01
6.2218e-01
6.3700e-01
8.7616e-01
8.9092e-01
6.7028e-01
9.5342e-01
6.4781e-01
9.5099e-01
6.4791e-01
7.9015e-01
7.1903e-01
8.7564e-01
9.3979e-01
6.3867e-01
7.5185e-01
7.4583e-01
8.9761e-01
9.7237e-01
7.7938e-01
9.4311e-01
6.6358e-01
7.8005e-01
9.6216e-01
9.6579e-01
8.6988e-01
8.8261e-01
9.1972e-01
9.6593e-01
6.9206e-01
9.7592e-01
9.3148e-01
7.5720e-01
9.5889e-01
7.7544e-01
6.6728e-01
7.8147e-01
6.2919e-01
9.6125e-01
8.4217e-01
8.2085e-01
7.6825e-01
9.8225e-01
6.7888e-01
8.9462e-01
6.4398e-01
9.9029e-01
7.4028e-01
8.3223e-01
6.1807e-01
7.7703e-01
9.4258e-01
6.0759e-01
8.5544e-01
9.1589e-01
9.6775e-01
6.4639e-01
6.8430e-01
8.3102e-01
6.9429e-01
7.2167e-01
7.6226e-01
9.2696e-01
6.6740e-01
9.5836e-01
9.9482e-01
7.9759e-01
9.6294e-01
8.0265e-01
9.1628e-01
8.4630e-01
9.7085e-01
6.9783e-01
9.4771e-01
9.2352e-01
6.2725e-01
7.6701e-01
8.5349e-01
7.6287e-01
6.3076e-01
7.7602e-01
9.5980e-01
6.3888e-01
6.2085e-01
8.6890e-01
7.3619e-01
9.4349e-01
8.1625e-01
8.7648e-01
6.7325e-01
7.5561e-01
9.6307e-01
6.5578e-01
7.0357e-01
8.1372e-01
8.7193e-01
9.4605e-01
9.8602e-01
7.2604e-01
9.3621e-01
8.9095e-01
8.2811e-01
9.8598e-01
8.4363e-01
8.5507e-01
8.9724e-01
6.6360e-01
7.2430e-01
9.7771e-01
6.0215e-01
8.1440e-01
7.8347e-01
9.3989e-01
6.0995e-01
8.6473e-01
7.8812e-01
7.1579e-01
9.9173e-01
9.3128e-01
7.1756e-01
9.0305e-01
9.8439e-01
8.6868e-01
9.1556e-01
8.6966e-01
9.6919e-01
8.1136e-01
6.9313e-01
8.5856e-01
8.7379e-01
8.8885e-01
9.5398e-01
7.7224e-01
7.1370e-01
8.9057e-01
6.2980e-01
8.9063e-01
8.6893e-01
6.9820e-01
6.0786e-01
9.4312e-01
9.8099e-01
8.9651e-01
9.3742e-01
6.0354e-01
6.9437e-01
9.2102e-01
9.9438e-01
8.9350e-01
7.0205e-01
7.6514e-01
9.0639e-01
6.0208e-01
6.6510e-01
6.6971e-01
8.4492e-01
7.3408e-01
9.1929e-01
6.7567e-01
8.2587e-01
7.0904e-01
9.8691e-01
8.5954e-01
9.1238e-01
6.6409e-01
7.4274e-01
6.1356e-01
7.4525e-01
6.3736e-01
7.4197e-01
6.9546e-01
8.0298e-01
8.2680e-01
8.8296e-01
7.7632e-01
6.1582e-01
6.5177e-01
7.3336e-01
8.9360e-01
7.1149e-01
6.5812e-01
8.8371e-01
7.4544e-01
8.8676e-01
9.5115e-01
7.8334e-01
6.5344e-01
8.9298e-01
9.7762e-01
9.7712e-01
7.5123e-01
8.6791e-01
9.5210e-01
9.1180e-01
6.1056e-01
7.2702e-01
9.9395e-01
7.4407e-01
9.7383e-01
6.9567e-01
6.3534e-01
7.8903e-01
7.3105e-01
9.9571e-01
7.9356e-01
7.4878e-01
9.8336e-01
6.4718e-01
8.5721e-01
7.1443e-01
6.2836e-01
6.3968e-01
8.4743e-01
8.6769e-01
9.6606e-01
9.2764e-01
6.0356e-01
9.0153e-01
6.9572e-01
7.8608e-01
8.1020e-01
7.8694e-01
7.5466e-01
7.7468e-01
9.7169e-01
9.7480e-01
8.3681e-01
7.4738e-01
7.2935e-01
7.1811e-01
8.4438e-01
6.6266e-01
9.9251e-01
6.9755e-01
6.8437e-01
8.3309e-01
9.0810e-01
6.1290e-01
8.0193e-01
8.3239e-01
6.0083e-01
6.8925e-01
6.1135e-01
7.5221e-01
7.0755e-01
7.5161e-01
7.6050e-01
9.5440e-01
6.8109e-01
7.4611e-01
8.7525e-01
8.8611e-01
8.8829e-01
8.4004e-01
9.9463e-01
9.6184e-01
7.8576e-01
8.3467e-01
7.7997e-01
8.9753e-01
6.9206e-01
7.5886e-01
6.7034e-01
6.7034e-01
8.7106e-01
8.5346e-01
8.1741e-01
7.3536e-01
6.8985e-01
9.5960e-01
8.8195e-01
7.4991e-01
9.0386e-01
8.9441e-01
9.6840e-01
9.2205e-01
9.3909e-01
7.5805e-01
7.2225e-01
8.4215e-01
6.3510e-01
8.1370e-01
7.2974e-01
6.3043e-01
8.5611e-01
8.5166e-01
9.9173e-01
8.2541e-01
7.0442e-01
8.4761e-01
6.9932e-01
9.8416e-01
8.5909e-01
8.5201e-01
8.0192e-01
8.6888e-01
9.8397e-01
6.7719e-01
6.0725e-01
8.0848e-01
7.8627e-01
7.8821e-01
7.4467e-01
9.5193e-01
9.2564e-01
7.2305e-01
6.1189e-01
7.4217e-01
7.5676e-01
9.0696e-01
8.8428e-01
8.6953e-01
6.1706e-01
6.5178e-01
9.4182e-01
7.8979e-01
9.6592e-01
6.6118e-01
8.3121e-01
8.0864e-01
6.6859e-01
9.7987e-01
9.7952e-01
7.4173e-01
8.6350e-01
8.2825e-01
7.6368e-01
9.2111e-01
8.3869e-01
9.1350e-01
8.4146e-01
8.3541e-01
9.5007e-01
8.8540e-01
8.8943e-01
8.4304e-01
6.4535e-01
6.6767e-01
8.0352e-01
7.6718e-01
8.5008e-01
8.1318e-01
6.6956e-01
7.9482e-01
7.8942e-01
9.8522e-01
7.5672e-01
6.7126e-01
6.7973e-01
7.9742e-01
9.8956e-01
8.7756e-01
7.4179e-01
8.1282e-01
6.5385e-01
8.6548e-01
9.9243e-01
9.2494e-01
9.7622e-01
7.1686e-01
9.6714e-01
8.8068e-01
6.0387e-01
7.0463e-01
8.3020e-01
9.9771e-01
9.6135e-01
6.9142e-01
7.4468e-01
7.1987e-01
6.4241e-01
8.0256e-01
9.9646e-01
9.5792e-01
9.0006e-01
6.3101e-01
6.6567e-01
8.1822e-01
9.0905e-01
6.0853e-01
9.9656e-01
8.3389e-01
9.3583e-01
6.1159e-01
9.4892e-01
9.1726e-01
8.8222e-01
7.8059e-01
7.6823e-01
9.0189e-01
8.4252e-01
9.3316e-01
7.9524e-01
9.1043e-01
7.0847e-01
6.6985e-01
8.9891e-01
7.9813e-01
9.0744e-01
8.3832e-01
9.2066e-01
7.4695e-01
8.2851e-01
7.9731e-01
8.5340e-01
6.9743e-01
7.8623e-01
7.3066e-01
8.7716e-01
8.4060e-01
6.6281e-01
9.7045e-01
9.5271e-01
8.5686e-01
7.0990e-01
7.5155e-01
9.0955e-01
9.2721e-01
9.1766e-01
9.6425e-01
7.5033e-01
9.1924e-01
9.0692e-01
8.2250e-01
7.8248e-01
7.8383e-01
8.0261e-01
8.5004e-01
9.8163e-01
7.5789e-01
8.1474e-01
8.7805e-01
9.5489e-01
9.0338e-01
6.4034e-01
9.0814e-01
9.4902e-01
9.7644e-01
6.7596e-01
7.5845e-01
7.8437e-01
6.8379e-01
7.8462e-01
7.4075e-01
6.9896e-01
6.0888e-01
9.8853e-01
9.9092e-01
7.0297e-01
9.0000e-01
9.0725e-01
9.1980e-01
7.4921e-01
8.5396e-01
6.2547e-01
8.8441e-01
7.3195e-01
7.4393e-01
6.1950e-01
7.3236e-01
6.7705e-01
8.7206e-01
6.3567e-01
9.9133e-01
7.2122e-01
9.8391e-01
7.6110e-01
7.7562e-01
6.6603e-01
7.1696e-01
8.2239e-01
7.1540e-01
7.8243e-01
9.6508e-01
8.9217e-01
6.8177e-01
6.5483e-01
8.1835e-01
7.9883e-01
8.4347e-01
6.3262e-01
8.7691e-01
8.5883e-01
6.2335e-01
7.9519e-01
7.9120e-01
6.7818e-01
6.5519e-01
6.8752e-01
8.0640e-01
9.9108e-01
6.5278e-01
7.5624e-01
6.7290e-01
7.2007e-01
9.0104e-01
9.7034e-01
8.9985e-01
7.5949e-01
6.4467e-01
6.5629e-01
6.8721e-01
8.2631e-01
9.5243e-01
7.1853e-01
6.7353e-01
8.7673e-01
7.4713e-01
9.8049e-01
6.9137e-01
6.1793e-01
9.2875e-01
8.5886e-01
9.5144e-01
9.6616e-01
7.2494e-01
8.7917e-01
7.5689e-01
9.7651e-01
7.9159e-01
8.5830e-01
7.7733e-01
9.4445e-01
6.2167e-01
9.4820e-01
8.7894e-01
8.7742e-01
6.4637e-01
7.8395e-01
9.2075e-01
8.8948e-01
6.1923e-01
6.9631e-01
9.6225e-01
9.5648e-01
9.4263e-01
9.8300e-01
7.5107e-01
9.0858e-01
6.5758e-01
8.3346e-01
9.7547e-01
6.8577e-01
8.6891e-01
9.3006e-01
9.0857e-01
8.8867e-01
8.5460e-01
8.7578e-01
6.2574e-01
7.5006e-01
8.0437e-01
9.9275e-01
6.4508e-01
8.1874e-01
6.4240e-01
6.0599e-01
8.0227e-01
7.8899e-01
9.9775e-01
6.0187e-01
8.5205e-01
6.6032e-01
6.1536e-01
6.1905e-01
6.8205e-01
7.9228e-01
8.3325e-01
7.7533e-01
6.9717e-01
8.9039e-01
9.9299e-01
9.6950e-01
8.1234e-01
7.1477e-01
9.3769e-01
6.7727e-01
9.7803e-01
6.9733e-01
9.0781e-01
7.0813e-01
8.1623e-01
6.1005e-01
7.2405e-01
9.0079e-01
8.8943e-01
9.3317e-01
8.4764e-01
6.3889e-01
6.2335e-01
8.9584e-01
8.1348e-01
8.8091e-01
8.0775e-01
7.6566e-01
8.7032e-01
9.5733e-01
6.2855e-01
6.2767e-01
7.8028e-01
7.7527e-01
7.3436e-01
6.1024e-01
8.1760e-01
9.3671e-01
6.5568e-01
9.2995e-01
9.8600e-01
8.2804e-01
6.6892e-01
9.0418e-01
6.1950e-01
6.7400e-01
8.5013e-01
9.8775e-01
7.1347e-01
6.4267e-01
8.1503e-01
8.8947e-01
8.8769e-01
8.3352e-01
9.0983e-01
6.2890e-01
9.7443e-01
6.2969e-01
7.2128e-01
6.5726e-01
7.9636e-01
6.5588e-01
9.1437e-01
7.5135e-01
8.3299e-01
7.1362e-01
7.5568e-01
7.7636e-01
8.9474e-01
7.7298e-01
7.4783e-01
7.9358e-01
8.4482e-01
9.5797e-01
7.7183e-01
7.0255e-01
9.2674e-01
8.9950e-01
6.6945e-01
7.1485e-01
7.9097e-01
8.7726e-01
8.4302e-01
7.8760e-01
8.2293e-01
8.7074e-01
7.7750e-01
8.6036e-01
6.3325e-01
9.1291e-01
7.1036e-01
7.0002e-01
9.9126e-01
9.2617e-01
9.4710e-01
9.4591e-01
8.7992e-01
9.3058e-01
7.2277e-01
7.5345e-01
7.3438e-01
9.6698e-01
6.0409e-01
9.0119e-01
6.1776e-01
9.0958e-01
8.0612e-01
6.1412e-01
9.7120e-01
8.7386e-01
7.5606e-01
9.5022e-01
7.5376e-01
9.7767e-01
7.5899e-01
6.6275e-01
7.5839e-01
6.4791e-01
7.7504e-01
8.2226e-01
7.2013e-01
8.2592e-01
8.5825e-01
9.9691e-01
8.0925e-01
6.1607e-01
7.1450e-01
9.2608e-01
9.5549e-01
9.5161e-01
7.4660e-01
6.3715e-01
8.6253e-01
7.6360e-01
8.7849e-01
9.3707e-01
8.3029e-01
8.2176e-01
9.8688e-01
7.2122e-01
8.7165e-01
7.9947e-01
9.9916e-01
7.2990e-01
8.1672e-01
7.1183e-01
6.7557e-01
8.2871e-01
7.4176e-01
9.3292e-01
7.5034e-01
9.0447e-01
8.1975e-01
8.3444e-01
9.8167e-01
6.7460e-01
7.4796e-01
6.5406e-01
7.1768e-01
6.7938e-01
8.2331e-01
8.4096e-01
6.1198e-01
7.5612e-01
9.6681e-01
9.8756e-01
6.3776e-01
8.0378e-01
6.3635e-01
8.7359e-01
7.8989e-01
8.7347e-01
8.0455e-01
6.4006e-01
8.5063e-01
6.9524e-01
6.1520e-01
8.8273e-01
7.4445e-01
6.5106e-01
9.5991e-01
7.3342e-01
8.5009e-01
7.4656e-01
8.5193e-01
8.5500e-01
9.6406e-01
7.3715e-01
7.3381e-01
7.4399e-01
8.0469e-01
6.2862e-01
6.0789e-01
9.7007e-01
7.7247e-01
6.7749e-01
9.3690e-01
8.4610e-01
6.3506e-01
6.8023e-01
8.8827e-01
9.3020e-01
7.2242e-01
9.6570e-01
7.7880e-01
7.6645e-01
9.5647e-01
6.9540e-01
7.2436e-01
8.3503e-01
7.1915e-01
9.5470e-01
9.9039e-01
6.1326e-01
6.9247e-01
6.7803e-01
8.2171e-01
9.1304e-01
7.3096e-01
7.2055e-01
8.1153e-01
9.4221e-01
9.1312e-01
7.7451e-01
8.1712e-01
6.2224e-01
9.3244e-01
8.0790e-01
9.0112e-01
7.4727e-01
8.7469e-01
9.5875e-01
6.8548e-01
8.0374e-01
7.0109e-01
7.3187e-01
9.1063e-01
9.4965e-01
7.3854e-01
6.2491e-01
8.4198e-01
7.7299e-01
8.5323e-01
7.4290e-01
8.3317e-01
6.4560e-01
7.0473e-01
8.0740e-01
6.8244e-01
9.5318e-01
6.6535e-01
9.5582e-01
9.9965e-01
9.0851e-01
9.9001e-01
7.0687e-01
6.3751e-01
8.2632e-01
8.8135e-01
9.0735e-01
8.3935e-01
9.9950e-01
8.4657e-01
8.3548e-01
6.5107e-01
6.9505e-01
6.1462e-01
9.4954e-01
7.9498e-01
6.6822e-01
9.0070e-01
6.2202e-01
6.5922e-01
8.5033e-01
7.3579e-01
9.8548e-01
7.5057e-01
6.2535e-01
7.3384e-01
8.4707e-01
7.7246e-01
9.6454e-01
8.6052e-01
7.5895e-01
9.6407e-01
8.9353e-01
9.1018e-01
9.9839e-01
8.9828e-01
8.5147e-01
7.6301e-01
9.9122e-01
6.3692e-01
8.5392e-01
6.4048e-01
8.3277e-01
8.2900e-01
6.1802e-01
7.5466e-01
6.6422e-01
8.4910e-01
8.2686e-01
9.8665e-01
6.8802e-01
7.8520e-01
9.0048e-01
9.9741e-01
8.4752e-01
8.7438e-01
7.7883e-01
8.8108e-01
9.1289e-01
6.2646e-01
6.9924e-01
6.7647e-01
7.2251e-01
6.1484e-01
6.1066e-01
7.4379e-01
9.6464e-01
6.5598e-01
8.1001e-01
9.2154e-01
9.6503e-01
9.4428e-01
8.6337e-01
9.1851e-01
7.8505e-01
8.5586e-01
