6.3793e-01
7.6583e-01
7.3152e-01
9.6564e-01
7.0048e-01
6.8863e-01
7.0151e-01
6.3246e-01
8.5634e-01
7.6217e-01
9.7912e-01
9.0131e-01
7.8406e-01
9.0848e-01
8.5899e-01
9.4561e-01
9.5177e-01
6.6243e-01
8.2100e-01
6.1650e-01
9.9593e-01
7.4346e-01
7.0329e-01
6.8690e-01
6.2423e-01
8.0153e-01
9.6734e-01
8.6679e-01
9.9364e-01
9.5116e-01
6.2425e-01
9.7248e-01
7.0180e-01
8.6103e-01
8.3607e-01
9.5735e-01
7.3008e-01
7.5681e-01
6.2525e-01
9.2465e-01
9.7536e-01
7.5680e-01
9.0748e-01
8.1572e-01
9.6254e-01
7.6447e-01
6.6823e-01
9.2169e-01
7.2675e-01
9.8966e-01
9.9386e-01
9.2370e-01
7.6131e-01
6.0159e-01
8.7650e-01
6.4456e-01
8.2237e-01
9.4082e-01
7.6716e-01
8.6875e-01
7.0035e-01
6.8889e-01
6.0539e-01
7.2626e-01
7.6621e-01
7.9105e-01
7.3280e-01
9.4525e-01
7.8167e-01
7.2266e-01
9.0189e-01
8.9238e-01
6.3319e-01
7.3537e-01
8.7238e-01
9.7966e-01
9.0356e-01
9.2923e-01
9.9610e-01
6.3866e-01
8.2828e-01
9.8164e-01
7.1088e-01
6.3115e-01
6.6041e-01
7.6153e-01
7.0260e-01
6.7469e-01
7.2417e-01
6.8640e-01
6.4375e-01
8.4938e-01
9.1190e-01
8.6084e-01
7.5506e-01
8.8915e-01
8.0044e-01
9.9427e-01
6.4532e-01
6.4642e-01
8.0016e-01
6.9455e-01
7.4028e-01
8.9370e-01
8.8890e-01
6.1796e-01
7.9255e-01
9.2023e-01
7.8236e-01
7.0592e-01
9.5325e-01
8.4049e-01
7.8475e-01
8.3533e-01
6.8859e-01
8.7732e-01
6.6945e-01
9.8837e-01
8.8240e-01
7.7430e-01
7.2300e-01
8.6275e-01
9.9490e-01
8.6155e-01
6.1297e-01
9.8763e-01
6.6951e-01
8.9677e-01
8.4720e-01
9.3696e-01
6.4353e-01
9.9705e-01
9.4016e-01
7.3091e-01
7.2823e-01
7.1217e-01
6.4777e-01
7.9431e-01
8.8764e-01
9.8252e-01
7.5806e-01
9.6876e-01
7.3008e-01
7.3599e-01
6.8929e-01
9.5286e-01
8.8784e-01
9.4771e-01
6.0983e-01
8.3775e-01
7.6204e-01
9.4986e-01
9.3931e-01
8.7048e-01
9.4007e-01
9.4626e-01
8.6456e-01
7.4539e-01
6.3555e-01
7.4172e-01
9.7418e-01
9.8165e-01
6.9270e-01
9.1960e-01
9.8987e-01
9.6622e-01
7.2529e-01
7.5901e-01
6.2548e-01
6.7365e-01
6.6648e-01
8.0101e-01
8.8524e-01
8.3764e-01
8.1800e-01
6.5203e-01
8.4089e-01
9.8811e-01
7.6300e-01
6.6351e-01
9.3733e-01
7.1138e-01
9.6152e-01
9.2218e-01
9.6166e-01
6.3938e-01
9.7444e-01
6.2504e-01
8.2389e-01
8.0495e-01
9.3205e-01
9.5621e-01
8.5237e-01
9.2894e-01
8.2515e-01
7.8278e-01
6.2673e-01
6.3239e-01
9.6973e-01
9.0536e-01
6.1496e-01
9.2501e-01
6.9660e-01
6.4974e-01
9.7105e-01
7.2060e-01
9.7202e-01
6.4828e-01
8.5860e-01
6.5959e-01
7.1186e-01
6.2214e-01
7.5754e-01
7.2193e-01
9.0162e-01
7.3663e-01
6.8156e-01
9.7923e-01
9.1868e-01
8.8078e-01
6.3063e-01
6.5163e-01
8.6997e-01
6.9167e-01
8.4920e-01
7.7249e-01
6.4928e-01
6.7794e-01
9.7602e-01
7.2057e-01
7.9133e-01
9.2791e-01
8.1627e-01
7.9324e-01
6.0936e-01
8.3103e-01
8.7049e-01
8.6427e-01
6.6504e-01
7.2079e-01
7.9174e-01
6.5468e-01
7.0467e-01
9.3451e-01
7.7482e-01
9.1298e-01
7.6693e-01
9.7431e-01
6.9014e-01
7.4539e-01
7.6873e-01
7.7978e-01
6.0100e-01
7.1435e-01
8.0188e-01
7.1852e-01
9.0959e-01
6.3154e-01
7.1391e-01
8.1687e-01
7.4116e-01
7.8670e-01
6.9976e-01
6.8553e-01
9.1938e-01
9.8294e-01
8.7344e-01
9.8895e-01
9.6976e-01
8.3187e-01
7.0654e-01
8.4015e-01
8.2377e-01
9.7599e-01
8.3668e-01
6.7324e-01
8.7458e-01
9.6809e-01
9.2222e-01
9.5088e-01
9.8132e-01
8.6635e-01
6.0275e-01
7.8579e-01
6.7365e-01
8.1420e-01
6.8496e-01
7.8627e-01
7.9561e-01
9.6448e-01
7.8867e-01
6.9112e-01
6.8801e-01
9.5906e-01
6.9071e-01
9.5384e-01
7.8192e-01
7.0299e-01
6.1844e-01
9.6964e-01
6.0662e-01
8.5768e-01
8.6894e-01
6.8277e-01
7.0353e-01
6.6356e-01
8.4973e-01
9.5306e-01
9.0744e-01
7.7561e-01
6.5134e-01
8.7775e-01
6.0511e-01
9.4819e-01
8.7126e-01
8.6758e-01
9.1952e-01
7.8500e-01
7.7582e-01
9.1910e-01
8.6325e-01
9.8867e-01
8.6682e-01
7.9929e-01
7.3183e-01
6.1598e-01
7.8921e-01
6.0821e-01
9.9637e-01
7.2027e-01
9.8493e-01
7.3431e-01
7.5237e-01
9.6703e-01
7.2664e-01
7.6046e-01
8.6934e-01
7.6448e-01
7.0035e-01
8.5806e-01
6.8603e-01
8.4419e-01
6.7437e-01
9.6320e-01
7.3315e-01
6.6377e-01
8.5685e-01
8.3641e-01
8.2756e-01
8.9707e-01
8.9740e-01
6.2584e-01
9.8411e-01
6.1223e-01
6.7447e-01
6.3116e-01
9.0673e-01
7.3410e-01
7.7345e-01
6.5966e-01
8.1780e-01
9.7647e-01
6.8352e-01
7.9584e-01
6.8615e-01
8.9198e-01
8.5258e-01
8.0190e-01
7.0140e-01
8.1864e-01
7.8129e-01
6.7845e-01
9.6766e-01
7.5339e-01
9.1923e-01
7.7716e-01
7.5938e-01
8.9357e-01
9.9317e-01
8.4691e-01
9.0837e-01
8.0555e-01
8.8318e-01
8.1645e-01
9.5468e-01
9.6155e-01
7.8657e-01
8.5756e-01
6.8704e-01
7.1619e-01
6.3087e-01
8.8869e-01
6.3777e-01
8.0566e-01
6.8294e-01
8.5658e-01
9.4271e-01
8.2212e-01
8.3077e-01
6.4274e-01
9.5707e-01
9.1935e-01
8.6282e-01
6.3702e-01
9.0778e-01
8.8433e-01
7.7414e-01
9.1122e-01
7.3708e-01
9.6422e-01
8.7531e-01
6.6764e-01
8.3689e-01
6.4171e-01
8.4912e-01
9.7673e-01
8.4689e-01
9.2790e-01
6.7153e-01
6.1631e-01
9.6080e-01
6.7520e-01
6.2773e-01
6.3299e-01
9.2300e-01
7.0852e-01
6.9609e-01
9.9114e-01
7.3871e-01
8.4865e-01
7.6301e-01
8.3794e-01
6.1968e-01
7.0912e-01
9.2858e-01
9.1969e-01
6.9786e-01
9.8779e-01
9.2310e-01
7.5661e-01
7.8719e-01
9.2117e-01
7.2277e-01
6.4445e-01
7.1754e-01
9.4480e-01
6.7710e-01
7.6831e-01
9.5758e-01
9.4821e-01
6.0435e-01
8.7780e-01
8.0168e-01
9.5045e-01
8.0038e-01
8.1727e-01
8.9922e-01
9.9115e-01
9.2935e-01
8.3593e-01
6.3725e-01
8.8097e-01
8.6416e-01
9.3816e-01
6.3323e-01
7.7238e-01
7.0238e-01
8.3280e-01
8.0671e-01
7.2566e-01
9.9251e-01
7.6429e-01
8.0637e-01
8.5639e-01
8.3790e-01
8.4937e-01
8.3108e-01
7.0408e-01
7.0424e-01
6.3061e-01
9.6261e-01
6.7340e-01
8.5009e-01
7.1081e-01
9.4135e-01
9.1022e-01
9.4750e-01
7.0830e-01
8.6098e-01
9.9916e-01
9.8887e-01
6.5693e-01
7.7747e-01
6.8334e-01
6.0383e-01
8.3875e-01
6.4775e-01
9.4987e-01
7.8822e-01
6.2514e-01
7.9644e-01
8.1157e-01
7.9926e-01
7.3534e-01
9.2683e-01
8.7599e-01
7.0900e-01
6.2102e-01
8.8984e-01
9.2252e-01
9.4869e-01
8.0195e-01
8.3015e-01
8.0790e-01
9.3009e-01
7.8419e-01
7.9881e-01
7.5847e-01
7.2920e-01
7.5063e-01
9.6150e-01
9.2373e-01
6.7913e-01
9.1681e-01
9.1998e-01
7.7035e-01
9.9429e-01
6.1073e-01
7.3103e-01
6.2926e-01
8.2834e-01
7.9219e-01
6.8638e-01
9.5339e-01
6.1089e-01
8.9160e-01
8.1533e-01
8.8884e-01
7.2759e-01
8.2150e-01
7.7569e-01
8.4570e-01
6.5711e-01
6.5350e-01
7.2011e-01
7.2684e-01
9.5050e-01
6.0591e-01
9.0799e-01
8.6630e-01
8.7151e-01
6.8418e-01
7.4930e-01
6.4791e-01
7.7303e-01
8.4588e-01
9.0893e-01
8.2597e-01
8.9472e-01
8.3390e-01
9.6360e-01
8.9702e-01
7.4719e-01
6.3794e-01
8.4925e-01
7.4846e-01
8.0916e-01
9.0976e-01
7.9277e-01
9.1268e-01
9.7974e-01
6.9067e-01
8.8519e-01
8.2784e-01
6.4454e-01
6.3226e-01
9.0694e-01
6.8118e-01
6.1875e-01
9.8710e-01
7.7652e-01
8.9332e-01
8.1714e-01
6.5781e-01
7.5145e-01
6.0241e-01
9.5048e-01
9.7072e-01
7.8080e-01
8.5244e-01
8.8410e-01
6.5044e-01
7.8083e-01
7.0311e-01
6.5068e-01
7.7780e-01
6.1281e-01
7.6508e-01
9.7607e-01
7.2775e-01
7.4674e-01
9.7635e-01
6.0562e-01
6.4477e-01
7.2346e-01
7.4965e-01
8.3528e-01
7.9537e-01
8.2123e-01
9.0522e-01
7.8122e-01
8.0642e-01
8.8695e-01
8.4165e-01
6.9466e-01
8.7427e-01
6.7866e-01
6.2364e-01
7.0091e-01
6.2063e-01
6.5549e-01
8.1656e-01
7.3382e-01
6.4059e-01
6.0514e-01
9.1962e-01
6.0584e-01
9.6436e-01
9.7187e-01
9.7456e-01
6.9219e-01
7.5511e-01
8.7279e-01
8.1296e-01
9.5865e-01
8.1099e-01
8.5477e-01
9.4450e-01
7.4791e-01
8.8701e-01
9.8813e-01
9.0500e-01
6.5173e-01
6.9666e-01
9.6564e-01
6.6256e-01
6.5655e-01
8.3858e-01
7.9374e-01
8.8285e-01
7.8050e-01
8.0897e-01
8.3556e-01
9.0551e-01
6.0720e-01
8.8179e-01
9.7937e-01
9.7083e-01
6.1561e-01
8.5359e-01
9.2316e-01
8.6037e-01
8.3540e-01
6.8016e-01
7.3204e-01
9.3062e-01
6.5722e-01
7.0463e-01
9.6616e-01
8.1565e-01
7.0807e-01
9.3575e-01
6.9355e-01
8.8224e-01
9.9898e-01
9.9645e-01
6.9023e-01
8.1202e-01
8.6081e-01
7.7631e-01
7.1849e-01
8.3271e-01
8.4414e-01
6.5039e-01
6.8240e-01
9.5395e-01
9.8744e-01
7.0199e-01
7.1847e-01
9.8372e-01
7.2171e-01
7.0153e-01
9.9448e-01
6.7280e-01
8.9764e-01
8.7586e-01
6.0236e-01
6.6778e-01
6.5315e-01
7.6468e-01
9.8160e-01
9.8110e-01
8.8365e-01
9.9974e-01
8.8307e-01
8.8455e-01
9.3487e-01
9.1334e-01
6.5641e-01
6.5841e-01
6.8587e-01
9.6867e-01
6.0538e-01
8.2431e-01
6.0229e-01
6.1500e-01
7.4142e-01
8.2913e-01
9.6092e-01
7.8588e-01
8.1175e-01
7.0173e-01
9.4345e-01
7.5092e-01
9.7285e-01
7.4898e-01
6.2203e-01
8.8312e-01
8.5822e-01
7.9569e-01
6.2099e-01
7.6645e-01
9.2042e-01
6.2901e-01
7.7083e-01
7.6546e-01
8.8163e-01
6.5693e-01
8.7705e-01
9.6862e-01
9.8319e-01
8.1708e-01
9.2060e-01
7.6397e-01
9.9475e-01
8.0933e-01
6.5213e-01
9.9071e-01
8.9675e-01
8.3474e-01
6.7783e-01
8.3475e-01
9.1396e-01
8.2395e-01
9.4975e-01
9.2886e-01
7.9962e-01
9.2263e-01
6.5358e-01
8.7434e-01
6.4145e-01
8.4019e-01
6.3585e-01
9.1569e-01
9.9826e-01
8.4328e-01
8.6128e-01
9.2799e-01
9.1676e-01
8.1271e-01
7.9184e-01
8.9295e-01
6.1384e-01
7.7755e-01
7.7876e-01
6.0369e-01
7.4117e-01
9.9384e-01
8.2237e-01
6.5179e-01
6.9278e-01
9.0279e-01
8.2743e-01
7.7821e-01
7.8500e-01
6.7808e-01
6.5017e-01
9.5211e-01
6.6743e-01
7.6157e-01
6.4759e-01
6.0115e-01
6.9003e-01
7.2008e-01
7.5952e-01
7.8965e-01
7.7296e-01
7.8995e-01
8.3906e-01
7.8603e-01
9.1850e-01
6.9314e-01
9.1275e-01
8.8770e-01
6.9284e-01
9.0010e-01
9.8572e-01
6.4287e-01
7.0163e-01
6.6568e-01
9.0175e-01
9.3805e-01
9.1659e-01
9.9018e-01
8.8461e-01
6.4004e-01
9.8711e-01
6.8927e-01
9.5018e-01
9.1010e-01
9.4850e-01
7.1447e-01
9.0945e-01
7.7783e-01
8.8729e-01
8.0523e-01
6.6853e-01
8.6718e-01
6.9072e-01
8.1949e-01
8.7271e-01
8.5141e-01
6.8072e-01
6.1432e-01
7.8992e-01
9.6758e-01
8.6066e-01
7.6050e-01
6.3926e-01
9.1067e-01
9.0885e-01
6.4269e-01
6.9839e-01
7.9813e-01
9.3017e-01
6.9291e-01
9.3794e-01
9.2315e-01
8.8907e-01
7.0298e-01
7.7553e-01
7.5560e-01
7.0815e-01
7.9893e-01
7.6482e-01
6.2433e-01
8.2674e-01
8.0152e-01
8.6851e-01
9.4572e-01
7.5750e-01
7.7483e-01
7.5473e-01
9.4261e-01
9.6253e-01
8.4560e-01
8.7915e-01
7.3126e-01
9.3644e-01
6.4679e-01
9.7014e-01
9.5653e-01
9.4324e-01
6.4192e-01
7.9903e-01
6.6594e-01
8.1098e-01
8.0295e-01
8.0562e-01
6.3132e-01
9.8381e-01
8.4537e-01
8.7750e-01
7.6596e-01
6.6171e-01
7.8418e-01
6.4205e-01
9.9758e-01
8.1226e-01
8.8935e-01
9.2449e-01
7.1298e-01
8.4805e-01
8.3585e-01
7.4396e-01
8.7471e-01
7.1593e-01
8.9741e-01
6.4265e-01
6.6431e-01
9.0856e-01
9.6231e-01
6.0071e-01
9.3099e-01
7.0163e-01
6.7381e-01
6.9022e-01
7.9127e-01
9.6123e-01
7.0386e-01
8.6480e-01
8.4214e-01
8.8929e-01
6.4640e-01
6.1373e-01
9.0034e-01
7.1035e-01
9.4271e-01
8.9229e-01
9.3629e-01
7.5983e-01
8.6673e-01
6.3122e-01
6.1600e-01
8.5820e-01
6.0816e-01
8.4621e-01
8.0505e-01
8.6184e-01
7.0959e-01
7.7446e-01
6.1038e-01
8.7148e-01
6.9758e-01
8.4901e-01
6.6253e-01
7.8782e-01
6.0687e-01
9.9805e-01
7.1209e-01
7.7723e-01
7.9917e-01
9.5277e-01
8.3457e-01
7.1865e-01
8.7182e-01
6.4524e-01
9.9662e-01
6.8319e-01
6.0493e-01
8.4324e-01
8.9828e-01
8.1500e-01
7.6164e-01
8.2886e-01
7.4910e-01
9.3495e-01
8.1706e-01
7.5982e-01
7.7588e-01
6.5007e-01
9.9277e-01
6.9333e-01
6.1199e-01
6.4037e-01
6.9617e-01
9.3208e-01
6.1291e-01
8.8287e-01
9.6770e-01
9.5496e-01
8.0251e-01
9.3459e-01
8.1515e-01
7.4200e-01
6.9253e-01
7.1918e-01
7.5427e-01
7.1485e-01
8.7886e-01
7.4779e-01
8.9558e-01
8.0218e-01
7.2252e-01
6.1314e-01
8.6084e-01
7.8626e-01
7.0237e-01
6.9735e-01
7.4955e-01
6.4069e-01
8.5308e-01
9.4951e-01
6.4815e-01
9.7228e-01
8.4669e-01
8.2432e-01
7.8813e-01
8.3239e-01
9.4830e-01
9.2287e-01
6.2510e-01
8.6035e-01
9.5278e-01
6.3194e-01
6.5093e-01
9.7336e-01
6.9159e-01
9.2653e-01
8.4482e-01
8.1208e-01
9.7389e-01
8.5364e-01
8.5329e-01
8.3149e-01
7.4384e-01
8.4309e-01
7.6510e-01
6.4568e-01
8.5786e-01
7.1613e-01
8.9128e-01
7.7431e-01
9.9517e-01
9.6359e-01
9.7405e-01
7.8564e-01
6.3821e-01
9.4809e-01
8.2759e-01
6.2249e-01
9.5095e-01
8.1835e-01
9.8343e-01
9.5992e-01
8.3250e-01
7.3584e-01
8.8003e-01
6.3238e-01
9.9875e-01
6.5313e-01
8.4672e-01
8.8030e-01
6.5683e-01
8.3786e-01
7.6570e-01
9.0957e-01
9.8649e-01
7.6759e-01
7.9771e-01
6.4165e-01
8.6975e-01
9.6449e-01
8.0306e-01
6.9687e-01
9.8607e-01
7.9875e-01
9.7647e-01
9.4101e-01
6.6130e-01
9.4160e-01
6.9945e-01
7.4958e-01
6.8483e-01
6.2903e-01
6.2383e-01
9.2117e-01
9.6853e-01
9.2939e-01
6.5850e-01
9.8505e-01
8.6611e-01
7.3613e-01
9.3727e-01
7.4223e-01
6.8664e-01
6.5559e-01
7.7150e-01
8.6724e-01
7.1754e-01
7.6243e-01
7.7580e-01
9.4642e-01
6.6979e-01
9.1616e-01
7.4338e-01
8.3021e-01
8.8190e-01
6.2958e-01
6.4492e-01
6.1511e-01
9.9474e-01
9.6584e-01
7.9126e-01
7.2750e-01
6.9049e-01
9.1277e-01
7.5408e-01
8.5332e-01
8.1310e-01
7.0767e-01
8.1413e-01
9.9039e-01
6.4160e-01
7.3179e-01
6.6539e-01
9.9976e-01
9.2280e-01
7.9325e-01
7.9886e-01
8.2658e-01
6.4624e-01
6.1192e-01
8.3582e-01
8.1032e-01
8.3820e-01
9.9992e-01
7.6010e-01
6.0507e-01
8.4109e-01
6.5171e-01
8.1402e-01
7.9336e-01
9.8703e-01
9.6462e-01
9.5770e-01
8.3374e-01
6.9573e-01
7.9403e-01
6.3907e-01
7.8490e-01
9.0173e-01
8.2953e-01
9.7083e-01
8.0543e-01
6.2738e-01
8.1800e-01
8.5810e-01
7.5014e-01
7.9232e-01
7.7210e-01
9.6726e-01
7.8695e-01
6.4965e-01
6.3957e-01
8.4202e-01
8.3565e-01
6.4844e-01
8.2149e-01
7.4156e-01
6.6830e-01
8.2778e-01
8.6167e-01
9.2564e-01
8.3211e-01
8.8700e-01
8.9649e-01
9.2925e-01
9.4552e-01
9.0762e-01
7.0464e-01
6.2776e-01
8.8217e-01
7.1130e-01
7.4607e-01
6.7542e-01
8.7543e-01
8.1236e-01
8.1775e-01
6.1567e-01
9.9094e-01
8.4203e-01
8.0447e-01
9.3773e-01
8.9279e-01
9.6031e-01
9.8424e-01
6.7401e-01
9.1703e-01
7.0185e-01
8.3611e-01
7.5606e-01
6.7946e-01
6.7762e-01
8.9492e-01
8.5295e-01
9.9266e-01
7.7523e-01
6.5626e-01
7.8641e-01
7.8617e-01
9.4768e-01
9.4420e-01
6.8971e-01
8.8919e-01
6.2827e-01
8.9841e-01
8.2581e-01
7.2825e-01
6.8826e-01
6.5576e-01
7.4518e-01
8.2786e-01
6.8500e-01
8.3958e-01
9.8650e-01
8.7402e-01
9.7927e-01
7.0424e-01
8.0604e-01
7.6641e-01
6.0686e-01
6.0471e-01
8.3380e-01
6.8790e-01
8.6614e-01
7.9451e-01
9.2088e-01
8.3582e-01
8.6301e-01
7.5032e-01
9.4308e-01
9.6104e-01
9.6638e-01
9.2380e-01
7.9281e-01
9.8177e-01
9.0898e-01
6.0714e-01
9.0680e-01
9.7805e-01
6.4792e-01
9.9050e-01
8.0716e-01
9.9467e-01
6.3540e-01
7.8279e-01
9.5632e-01
9.1594e-01
8.9275e-01
9.1314e-01
8.9428e-01
9.1025e-01
8.7711e-01
8.8099e-01
7.6847e-01
8.8445e-01
9.2342e-01
9.9966e-01
7.8608e-01
7.5900e-01
7.3138e-01
9.8657e-01
9.7695e-01
7.7946e-01
7.3782e-01
9.5102e-01
8.2220e-01
6.1469e-01
9.5916e-01
8.4902e-01
9.9145e-01
7.6819e-01
9.6463e-01
7.9888e-01
9.2623e-01
8.3668e-01
8.2745e-01
6.0784e-01
9.2806e-01
8.1048e-01
6.1126e-01
9.7506e-01
6.9702e-01
9.6604e-01
8.0992e-01
8.7328e-01
8.7963e-01
7.0045e-01
6.4961e-01
6.6077e-01
7.3693e-01
7.6596e-01
6.5066e-01
9.4269e-01
7.4582e-01
7.0574e-01
9.3732e-01
9.1474e-01
8.4598e-01
9.0827e-01
9.0494e-01
8.6720e-01
8.6428e-01
9.8917e-01
8.6582e-01
9.8582e-01
8.6511e-01
7.0340e-01
6.4338e-01
9.7829e-01
7.6077e-01
7.0609e-01
8.0760e-01
7.9050e-01
7.1876e-01
8.7071e-01
8.1304e-01
6.6627e-01
9.0171e-01
9.3198e-01
7.0881e-01
6.8538e-01
7.8567e-01
9.3866e-01
8.1802e-01
8.2890e-01
7.2182e-01
6.1499e-01
8.0896e-01
9.5903e-01
6.9782e-01
8.4523e-01
7.0888e-01
8.7638e-01
7.5972e-01
6.3027e-01
6.2968e-01
8.3147e-01
7.2421e-01
7.9164e-01
8.7914e-01
6.0443e-01
9.8590e-01
9.0580e-01
6.0488e-01
8.7998e-01
9.3619e-01
9.4815e-01
6.3840e-01
8.0508e-01
7.6595e-01
6.9496e-01
6.2224e-01
8.3593e-01
6.1875e-01
9.3584e-01
9.4449e-01
7.3542e-01
7.9486e-01
9.0021e-01
6.9729e-01
7.1453e-01
6.9592e-01
7.9426e-01
6.9266e-01
8.3606e-01
9.5711e-01
9.7734e-01
7.6997e-01
6.2889e-01
8.0692e-01
6.0676e-01
8.8808e-01
8.7129e-01
9.6012e-01
6.7094e-01
7.4469e-01
7.8950e-01
7.8946e-01
7.2578e-01
9.9891e-01
7.3549e-01
9.0258e-01
8.8975e-01
9.8155e-01
6.5101e-01
9.5868e-01
8.8154e-01
8.0593e-01
8.9993e-01
8.0739e-01
7.1921e-01
9.3352e-01
9.1708e-01
6.2310e-01
7.0625e-01
8.2397e-01
7.8346e-01
6.9603e-01
6.3591e-01
9.3460e-01
6.1172e-01
8.4596e-01
7.0872e-01
6.8164e-01
8.3387e-01
7.8814e-01
9.8584e-01
8.0096e-01
9.6913e-01
6.8752e-01
7.7204e-01
7.8748e-01
8.7417e-01
6.1551e-01
8.4102e-01
9.1075e-01
9.5579e-01
8.2931e-01
6.0852e-01
7.5898e-01
8.5070e-01
9.8313e-01
6.8562e-01
8.2923e-01
9.2744e-01
6.1663e-01
9.3425e-01
6.7522e-01
9.0608e-01
6.0547e-01
9.1892e-01
8.3600e-01
9.3084e-01
6.6143e-01
9.9495e-01
9.1533e-01
7.5171e-01
9.6674e-01
6.1516e-01
9.1619e-01
7.3500e-01
8.6894e-01
8.7425e-01
9.4923e-01
9.0977e-01
6.9343e-01
6.6734e-01
6.4554e-01
9.5584e-01
7.4154e-01
6.7303e-01
8.1535e-01
8.6019e-01
6.1874e-01
8.6605e-01
8.3695e-01
7.1267e-01
8.6729e-01
8.2550e-01
7.2945e-01
7.3914e-01
8.8186e-01
8.1138e-01
8.7723e-01
6.6955e-01
9.8033e-01
7.5786e-01
7.4021e-01
6.2303e-01
8.8477e-01
7.0104e-01
6.0270e-01
8.3344e-01
6.3467e-01
6.3953e-01
7.7170e-01
9.2746e-01
6.9384e-01
9.0675e-01
6.0726e-01
7.8360e-01
8.5467e-01
7.5817e-01
6.5403e-01
8.0869e-01
8.7386e-01
8.1529e-01
7.0474e-01
6.4501e-01
8.9308e-01
9.5727e-01
7.7589e-01
6.8752e-01
9.4003e-01
7.1975e-01
7.1881e-01
6.4709e-01
8.8401e-01
8.2617e-01
6.0520e-01
6.3266e-01
6.1218e-01
9.8107e-01
9.9804e-01
6.5011e-01
6.9665e-01
9.8923e-01
9.9366e-01
9.0119e-01
7.8083e-01
6.8668e-01
9.6159e-01
6.9203e-01
9.2021e-01
9.8311e-01
6.1291e-01
9.2392e-01
8.3248e-01
6.8178e-01
8.8187e-01
8.9556e-01
9.0938e-01
7.5138e-01
7.6525e-01
6.0586e-01
6.4229e-01
6.1271e-01
6.2131e-01
8.2852e-01
7.7475e-01
7.5313e-01
8.1062e-01
7.2995e-01
8.4054e-01
6.2745e-01
6.8664e-01
9.8954e-01
6.0878e-01
6.9061e-01
9.8637e-01
6.4362e-01
9.9960e-01
9.7219e-01
9.0570e-01
7.3162e-01
6.8627e-01
7.3678e-01
6.6909e-01
8.2053e-01
9.5058e-01
7.5076e-01
9.8052e-01
6.7630e-01
7.3114e-01
8.7883e-01
7.8952e-01
7.4975e-01
7.9721e-01
6.4505e-01
7.3214e-01
9.8814e-01
7.5838e-01
9.3624e-01
8.4029e-01
8.0557e-01
9.7463e-01
8.2768e-01
7.3904e-01
9.7766e-01
6.9095e-01
7.2274e-01
9.9450e-01
9.1876e-01
7.1685e-01
6.9275e-01
8.8846e-01
6.3565e-01
8.7461e-01
6.2921e-01
8.3827e-01
7.3160e-01
8.5983e-01
7.2482e-01
9.7400e-01
8.2369e-01
6.6990e-01
7.0761e-01
7.7537e-01
7.2609e-01
7.4013e-01
6.9312e-01
6.2323e-01
6.8300e-01
8.1493e-01
6.6085e-01
9.1645e-01
8.0636e-01
9.2714e-01
7.7064e-01
6.1485e-01
7.4542e-01
9.8250e-01
6.3205e-01
8.4908e-01
7.7059e-01
9.1339e-01
7.3944e-01
6.6171e-01
7.5956e-01
6.5593e-01
9.0433e-01
8.0416e-01
8.0740e-01
6.7217e-01
6.1173e-01
9.0457e-01
9.2996e-01
8.3678e-01
6.8060e-01
6.9821e-01
7.2451e-01
7.2794e-01
6.1370e-01
9.4314e-01
7.2819e-01
8.9347e-01
9.3905e-01
8.4291e-01
9.4979e-01
9.8312e-01
8.9824e-01
7.8382e-01
8.4376e-01
7.1972e-01
8.2601e-01
8.4176e-01
8.9137e-01
7.8933e-01
7.2620e-01
8.6678e-01
6.7482e-01
9.0245e-01
9.6143e-01
8.1346e-01
9.5134e-01
7.4460e-01
8.2550e-01
8.9962e-01
8.9433e-01
7.8345e-01
9.0515e-01
8.8656e-01
8.1238e-01
7.8336e-01
9.2057e-01
8.3647e-01
6.9578e-01
8.4150e-01
9.3681e-01
6.5521e-01
7.7169e-01
9.9221e-01
8.1843e-01
7.5036e-01
6.6822e-01
9.4805e-01
7.4138e-01
9.2702e-01
7.9240e-01
8.7694e-01
6.6212e-01
7.9850e-01
8.1298e-01
6.5975e-01
8.0902e-01
9.7057e-01
7.3743e-01
9.6075e-01
9.9357e-01
9.4728e-01
6.7886e-01
8.8554e-01
7.6569e-01
8.4853e-01
8.0339e-01
6.3517e-01
9.4355e-01
9.1807e-01
6.4538e-01
9.7373e-01
8.7392e-01
6.8063e-01
9.0429e-01
8.0320e-01
6.7326e-01
7.6772e-01
9.8243e-01
7.8322e-01
7.5664e-01
6.4023e-01
7.6302e-01
9.7490e-01
9.8383e-01
9.8414e-01
8.3703e-01
8.2963e-01
7.6622e-01
6.2364e-01
8.8719e-01
6.4683e-01
9.0112e-01
6.1165e-01
8.0769e-01
7.4637e-01
8.1167e-01
7.2596e-01
8.3153e-01
6.5469e-01
7.8898e-01
8.2091e-01
9.3030e-01
7.4967e-01
9.0138e-01
6.9445e-01
8.7629e-01
8.4138e-01
8.8130e-01
8.7453e-01
9.7446e-01
9.7041e-01
7.5996e-01
6.6961e-01
9.3306e-01
9.3066e-01
6.3923e-01
6.6172e-01
8.7010e-01
8.9313e-01
6.5321e-01
7.6690e-01
9.5337e-01
9.8410e-01
8.2329e-01
9.0346e-01
8.7936e-01
8.1725e-01
9.9274e-01
8.9920e-01
6.9729e-01
6.9663e-01
7.8180e-01
9.3845e-01
8.3147e-01
6.9543e-01
8.4151e-01
9.6298e-01
7.8776e-01
7.5591e-01
6.1900e-01
7.7328e-01
7.8226e-01
6.5458e-01
9.0547e-01
9.5096e-01
7.4413e-01
6.1194e-01
7.9174e-01
7.4031e-01
6.5992e-01
7.1486e-01
9.8798e-01
7.4020e-01
6.9721e-01
6.7444e-01
7.6773e-01
8.1072e-01
9.1549e-01
9.8649e-01
7.4659e-01
8.6245e-01
6.6233e-01
9.7145e-01
8.1188e-01
9.1610e-01
9.7140e-01
8.5653e-01
7.2724e-01
6.2621e-01
7.8237e-01
7.4122e-01
8.9967e-01
7.4088e-01
6.7372e-01
6.0788e-01
7.2837e-01
9.7511e-01
8.9243e-01
9.4586e-01
7.6632e-01
8.3909e-01
6.6108e-01
7.8276e-01
8.4195e-01
8.6256e-01
8.2730e-01
8.4078e-01
6.4434e-01
8.1123e-01
9.1070e-01
9.8797e-01
9.2560e-01
8.0838e-01
7.7427e-01
7.6502e-01
9.3819e-01
8.3500e-01
7.4116e-01
6.9340e-01
7.2868e-01
9.0022e-01
8.5283e-01
7.3264e-01
9.9886e-01
7.2308e-01
8.5706e-01
8.9598e-01
7.6473e-01
7.1611e-01
6.6380e-01
7.9508e-01
8.1122e-01
7.5258e-01
6.8563e-01
6.7993e-01
9.6776e-01
9.8871e-01
8.5833e-01
8.6529e-01
6.9169e-01
8.8777e-01
6.7161e-01
8.2925e-01
6.9274e-01
6.1402e-01
7.1062e-01
8.2164e-01
9.6858e-01
6.9880e-01
8.8536e-01
7.4286e-01
7.5933e-01
7.5681e-01
6.7955e-01
8.8317e-01
6.9941e-01
9.4765e-01
7.0899e-01
7.1705e-01
9.8231e-01
6.7253e-01
7.8446e-01
6.1310e-01
7.8737e-01
6.9184e-01
7.6745e-01
6.2577e-01
7.9894e-01
7.1097e-01
7.8424e-01
9.8891e-01
9.0498e-01
8.6916e-01
7.0218e-01
7.7867e-01
8.6304e-01
6.1428e-01
9.9811e-01
7.7267e-01
8.7834e-01
9.1505e-01
9.7439e-01
8.8420e-01
8.1644e-01
7.3501e-01
6.9096e-01
9.1104e-01
9.4279e-01
7.4233e-01
9.1836e-01
8.1207e-01
6.4255e-01
8.4381e-01
9.8132e-01
8.8729e-01
6.4376e-01
7.0592e-01
9.4004e-01
8.4035e-01
8.9638e-01
7.3213e-01
8.6688e-01
9.2239e-01
8.1013e-01
8.0122e-01
7.4884e-01
9.3739e-01
9.2285e-01
6.1951e-01
9.0391e-01
8.0480e-01
9.2270e-01
7.2830e-01
9.2031e-01
7.7175e-01
7.3291e-01
7.7691e-01
6.5360e-01
9.8062e-01
8.4805e-01
8.4454e-01
8.0044e-01
8.8043e-01
6.1322e-01
6.9985e-01
8.6388e-01
9.8893e-01
7.7053e-01
8.6882e-01
6.4675e-01
8.0555e-01
7.5839e-01
6.1518e-01
8.0061e-01
8.2095e-01
9.9436e-01
6.7403e-01
9.6769e-01
9.8129e-01
9.1527e-01
7.5678e-01
6.8119e-01
6.7823e-01
9.7209e-01
7.1370e-01
7.0800e-01
8.0959e-01
7.1066e-01
7.9758e-01
6.8041e-01
9.5945e-01
6.9079e-01
6.8600e-01
6.2672e-01
6.4062e-01
9.6834e-01
6.3262e-01
9.4073e-01
6.1621e-01
8.1279e-01
9.8345e-01
8.0252e-01
9.5329e-01
8.3293e-01
7.7203e-01
8.6589e-01
7.3171e-01
9.0415e-01
6.8413e-01
7.6642e-01
7.0465e-01
9.4107e-01
6.3405e-01
9.6057e-01
7.6111e-01
6.7338e-01
8.8116e-01
8.6963e-01
9.7093e-01
6.0198e-01
7.6000e-01
6.9912e-01
7.1458e-01
6.5145e-01
9.5467e-01
7.2576e-01
9.8360e-01
7.4211e-01
6.7222e-01
6.3992e-01
9.4334e-01
9.3600e-01
9.4629e-01
8.7109e-01
6.3034e-01
7.0494e-01
8.6306e-01
7.3545e-01
9.7529e-01
9.4446e-01
9.4009e-01
9.0142e-01
9.1928e-01
6.7814e-01
7.8972e-01
9.9066e-01
8.7942e-01
7.8425e-01
9.3690e-01
8.1312e-01
6.0790e-01
8.7675e-01
8.7594e-01
9.6418e-01
8.7122e-01
6.6712e-01
7.6588e-01
8.8084e-01
9.1549e-01
8.0407e-01
9.9448e-01
9.4048e-01
7.1972e-01
9.3809e-01
8.3972e-01
7.6302e-01
8.0535e-01
8.3206e-01
6.5931e-01
7.9219e-01
9.8155e-01
8.9931e-01
6.3823e-01
8.9908e-01
6.2220e-01
8.6151e-01
6.6612e-01
6.2292e-01
9.6834e-01
8.4592e-01
7.3979e-01
7.6871e-01
8.5746e-01
7.8772e-01
8.8156e-01
9.6340e-01
9.2242e-01
6.5103e-01
8.6321e-01
6.3147e-01
7.3534e-01
7.2067e-01
7.4120e-01
9.8259e-01
6.0191e-01
6.4831e-01
8.9737e-01
8.0817e-01
6.2039e-01
9.8365e-01
7.5759e-01
7.2925e-01
9.8878e-01
9.7617e-01
9.7254e-01
7.5746e-01
7.1398e-01
8.0389e-01
6.7182e-01
8.2600e-01
9.1547e-01
7.3656e-01
8.3408e-01
6.1539e-01
8.4665e-01
9.2167e-01
7.9596e-01
9.3105e-01
7.7681e-01
9.3751e-01
8.2719e-01
6.4757e-01
9.1334e-01
8.2662e-01
8.9507e-01
8.2400e-01
9.0419e-01
8.1016e-01
8.0268e-01
8.9855e-01
7.1533e-01
7.3061e-01
8.8436e-01
7.1537e-01
8.6359e-01
8.7776e-01
6.8036e-01
7.2980e-01
7.5525e-01
9.9037e-01
6.4916e-01
6.5708e-01
9.4346e-01
7.7530e-01
9.0179e-01
6.1056e-01
6.8157e-01
7.1852e-01
8.1848e-01
6.8299e-01
9.1474e-01
9.8697e-01
8.5238e-01
9.8304e-01
8.1262e-01
6.3216e-01
9.6265e-01
6.7751e-01
8.7106e-01
7.3626e-01
6.1813e-01
6.5337e-01
8.6209e-01
8.1985e-01
8.0058e-01
9.2559e-01
9.6692e-01
7.3113e-01
8.9387e-01
9.4162e-01
7.5029e-01
7.0540e-01
9.8647e-01
7.8453e-01
7.3270e-01
7.5499e-01
6.6648e-01
7.1955e-01
8.0183e-01
9.2924e-01
8.3134e-01
9.4089e-01
7.0537e-01
9.0419e-01
9.7409e-01
9.0267e-01
7.8443e-01
9.1774e-01
9.1114e-01
9.9186e-01
7.6966e-01
9.0092e-01
9.7831e-01
9.4294e-01
7.5785e-01
7.6998e-01
8.3022e-01
7.5548e-01
9.5681e-01
7.1006e-01
6.5739e-01
8.0368e-01
6.6045e-01
9.6578e-01
7.5392e-01
6.7137e-01
6.7051e-01
8.9962e-01
7.8671e-01
7.9311e-01
6.5817e-01
9.7898e-01
6.1125e-01
6.5914e-01
6.4503e-01
6.3022e-01
9.1676e-01
6.3517e-01
6.2078e-01
8.6744e-01
8.4204e-01
9.9397e-01
8.7604e-01
8.3960e-01
7.2867e-01
7.7273e-01
7.1708e-01
6.1194e-01
6.4672e-01
9.3524e-01
6.3330e-01
9.7935e-01
6.4308e-01
8.3215e-01
8.1463e-01
6.3617e-01
9.5088e-01
6.1431e-01
7.7258e-01
6.1803e-01
8.6734e-01
6.0360e-01
8.9941e-01
9.3390e-01
8.0511e-01
9.2477e-01
6.7853e-01
6.1976e-01
8.0013e-01
7.2461e-01
9.6517e-01
8.9972e-01
7.2032e-01
6.8010e-01
9.1469e-01
7.8189e-01
6.8264e-01
7.2439e-01
7.8974e-01
8.9410e-01
8.0117e-01
7.6600e-01
6.1027e-01
7.6827e-01
8.5946e-01
8.9828e-01
6.3191e-01
9.8867e-01
8.5058e-01
8.7382e-01
8.0361e-01
6.0416e-01
8.5379e-01
7.3906e-01
9.2460e-01
6.0700e-01
9.3644e-01
6.6684e-01
8.7114e-01
7.3838e-01
9.7975e-01
6.3720e-01
6.2229e-01
6.9021e-01
6.2444e-01
9.9422e-01
8.7331e-01
7.4818e-01
6.4813e-01
8.0401e-01
6.5722e-01
6.1035e-01
8.8580e-01
8.5348e-01
9.7888e-01
8.4920e-01
8.2083e-01
9.9872e-01
9.4498e-01
9.4275e-01
9.6004e-01
8.8952e-01
7.7132e-01
8.2313e-01
7.9801e-01
9.6514e-01
6.6081e-01
6.6305e-01
6.0894e-01
9.5960e-01
6.1668e-01
7.0042e-01
8.8625e-01
6.2213e-01
7.4570e-01
9.5954e-01
7.2876e-01
7.3524e-01
6.0315e-01
6.0924e-01
8.3263e-01
8.1187e-01
7.3410e-01
8.2113e-01
9.7129e-01
7.7704e-01
8.1908e-01
7.9429e-01
8.3031e-01
7.8106e-01
9.5264e-01
7.3414e-01
8.1493e-01
6.8512e-01
6.5320e-01
8.8684e-01
8.4374e-01
8.4287e-01
9.5790e-01
8.3827e-01
7.7416e-01
8.9460e-01
7.8628e-01
7.6257e-01
7.0595e-01
8.3183e-01
8.4527e-01
9.9291e-01
9.3327e-01
6.4071e-01
8.3906e-01
7.8130e-01
7.4332e-01
7.2019e-01
6.9241e-01
8.6261e-01
7.5453e-01
6.4985e-01
9.8822e-01
8.9876e-01
8.6605e-01
8.6416e-01
7.2386e-01
6.1927e-01
9.6344e-01
7.2182e-01
7.0346e-01
9.2345e-01
9.8638e-01
9.9388e-01
7.1600e-01
7.4823e-01
7.4455e-01
8.3136e-01
7.9645e-01
8.9719e-01
6.1602e-01
9.9651e-01
8.0399e-01
8.3846e-01
9.3150e-01
8.4127e-01
9.4256e-01
8.6892e-01
9.4169e-01
6.5588e-01
9.6088e-01
7.2371e-01
8.5405e-01
9.1606e-01
9.6993e-01
7.7540e-01
9.1590e-01
6.3178e-01
8.6686e-01
9.3568e-01
7.4572e-01
8.2010e-01
6.6781e-01
9.3660e-01
9.5258e-01
7.4558e-01
7.6576e-01
8.6678e-01
6.9756e-01
6.9009e-01
9.8572e-01
7.5703e-01
9.5781e-01
7.7402e-01
6.9983e-01
8.5555e-01
9.9626e-01
7.6356e-01
7.5780e-01
8.1418e-01
8.6259e-01
6.9167e-01
9.0777e-01
7.2453e-01
8.6374e-01
6.7484e-01
9.4279e-01
9.1003e-01
9.6895e-01
9.0630e-01
7.1739e-01
8.3619e-01
7.8394e-01
8.0497e-01
6.2462e-01
6.0431e-01
7.7084e-01
7.4334e-01
6.4230e-01
8.9202e-01
9.1271e-01
6.5203e-01
7.8593e-01
8.3509e-01
7.3611e-01
8.9084e-01
6.1491e-01
8.5713e-01
8.9437e-01
7.7760e-01
6.3063e-01
8.4990e-01
9.9078e-01
8.2000e-01
7.4996e-01
9.4559e-01
9.2120e-01
7.0602e-01
6.8316e-01
7.3357e-01
7.4651e-01
8.9597e-01
7.5236e-01
7.2727e-01
6.2178e-01
7.8981e-01
9.0776e-01
7.6778e-01
7.1058e-01
9.8986e-01
8.0717e-01
9.7611e-01
7.6499e-01
7.1618e-01
7.9477e-01
9.8538e-01
8.2542e-01
9.8794e-01
6.4361e-01
9.9830e-01
6.1002e-01
9.8240e-01
9.1280e-01
6.4715e-01
9.5086e-01
6.2899e-01
8.8012e-01
6.5727e-01
7.4223e-01
7.7469e-01
9.0488e-01
7.2264e-01
9.1068e-01
8.1323e-01
9.5484e-01
6.1654e-01
7.4550e-01
6.2791e-01
7.8790e-01
8.7842e-01
6.7325e-01
8.0948e-01
8.0909e-01
6.1430e-01
9.1669e-01
6.1432e-01
6.4487e-01
8.4526e-01
6.3399e-01
9.0425e-01
6.7715e-01
6.1849e-01
6.3718e-01
6.2615e-01
9.4185e-01
7.6952e-01
6.2473e-01
9.0739e-01
6.4826e-01
6.8146e-01
6.5689e-01
6.6212e-01
8.3787e-01
6.9404e-01
9.9226e-01
9.5799e-01
7.2752e-01
9.7942e-01
7.3700e-01
6.3175e-01
8.7577e-01
7.8371e-01
8.3112e-01
6.5853e-01
7.7067e-01
8.4388e-01
6.6645e-01
6.3779e-01
8.9920e-01
9.7585e-01
7.1774e-01
6.2434e-01
9.1201e-01
9.0130e-01
7.3761e-01
7.6295e-01
7.6637e-01
8.9230e-01
8.8276e-01
6.9208e-01
8.5275e-01
9.8897e-01
7.0064e-01
9.4637e-01
8.2595e-01
8.1924e-01
7.4483e-01
9.9269e-01
7.0201e-01
7.6103e-01
6.9911e-01
8.4546e-01
9.1862e-01
9.2709e-01
6.9501e-01
8.7374e-01
8.8028e-01
8.0256e-01
6.9380e-01
8.2739e-01
6.1848e-01
8.0062e-01
7.4715e-01
6.6704e-01
9.8354e-01
8.6873e-01
9.3239e-01
9.1269e-01
9.1019e-01
9.8439e-01
9.9399e-01
8.9911e-01
7.8780e-01
8.7213e-01
6.7276e-01
8.8739e-01
8.3766e-01
6.3305e-01
9.3258e-01
6.8332e-01
6.0417e-01
7.4079e-01
9.7951e-01
9.3089e-01
7.3727e-01
7.9531e-01
9.6360e-01
6.2039e-01
9.7159e-01
9.7083e-01
8.9175e-01
8.2491e-01
9.9672e-01
7.8322e-01
9.2735e-01
6.7961e-01
6.3421e-01
8.6618e-01
9.6909e-01
8.3448e-01
6.4221e-01
6.7638e-01
8.5326e-01
8.2085e-01
9.2956e-01
7.1158e-01
9.5134e-01
9.8360e-01
7.4210e-01
9.4918e-01
7.8021e-01
8.4771e-01
8.3235e-01
9.2825e-01
7.9885e-01
6.0694e-01
6.7118e-01
7.3291e-01
6.9815e-01
8.8695e-01
6.5020e-01
7.9358e-01
6.6440e-01
7.4765e-01
9.0065e-01
9.7313e-01
9.1928e-01
8.7305e-01
6.6738e-01
6.8698e-01
8.1295e-01
9.5824e-01
7.4180e-01
8.2331e-01
8.9332e-01
8.3827e-01
6.1367e-01
6.5235e-01
6.7322e-01
6.1622e-01
8.7572e-01
7.0183e-01
8.1349e-01
6.1614e-01
6.0026e-01
8.4192e-01
9.7101e-01
6.0702e-01
8.6459e-01
6.2365e-01
9.0561e-01
6.1998e-01
8.0707e-01
6.0289e-01
6.2799e-01
6.6210e-01
6.7344e-01
8.4441e-01
9.6041e-01
7.0114e-01
9.5435e-01
6.0962e-01
8.6325e-01
9.1265e-01
8.3761e-01
7.3665e-01
6.3325e-01
7.2132e-01
7.0081e-01
6.8688e-01
6.1852e-01
7.3852e-01
9.6735e-01
9.9280e-01
6.5534e-01
8.1351e-01
8.2714e-01
9.3076e-01
7.7714e-01
6.1218e-01
7.5832e-01
8.5846e-01
6.4127e-01
7.7845e-01
6.0115e-01
6.8507e-01
7.9678e-01
9.4932e-01
7.4100e-01
8.7201e-01
9.3096e-01
9.8571e-01
6.8877e-01
8.5852e-01
6.7368e-01
6.7879e-01
6.1547e-01
7.6041e-01
7.2563e-01
7.4005e-01
9.9742e-01
7.8024e-01
6.6352e-01
6.5979e-01
9.2097e-01
6.0293e-01
7.8510e-01
7.5113e-01
7.5635e-01
6.9012e-01
6.8354e-01
8.0639e-01
7.9783e-01
9.1492e-01
6.8352e-01
6.6974e-01
8.3775e-01
8.0105e-01
9.3157e-01
8.9934e-01
7.8560e-01
8.2585e-01
7.1059e-01
8.2563e-01
8.5666e-01
8.2255e-01
7.6622e-01
9.6793e-01
9.5026e-01
8.7103e-01
8.5793e-01
6.9436e-01
7.9547e-01
8.8043e-01
6.4088e-01
6.4991e-01
9.8698e-01
6.8884e-01
7.2798e-01
9.1365e-01
9.9739e-01
9.4817e-01
6.2310e-01
8.9382e-01
8.8950e-01
8.4991e-01
7.5119e-01
8.9278e-01
7.6838e-01
8.2636e-01
7.1465e-01
9.3358e-01
7.9091e-01
6.5888e-01
7.9747e-01
6.0095e-01
6.0951e-01
9.1442e-01
9.7688e-01
6.3946e-01
8.1055e-01
8.9628e-01
8.0370e-01
6.6744e-01
9.1477e-01
8.8472e-01
6.2401e-01
7.0808e-01
7.1387e-01
9.4299e-01
9.1576e-01
6.7999e-01
6.1463e-01
9.3454e-01
9.0057e-01
7.8707e-01
8.9332e-01
6.1165e-01
7.2443e-01
7.9159e-01
6.5228e-01
8.9207e-01
9.0822e-01
6.9982e-01
6.9895e-01
7.2645e-01
7.9252e-01
6.5676e-01
7.1655e-01
7.5802e-01
9.0124e-01
8.6294e-01
8.7514e-01
6.1444e-01
8.7026e-01
9.6063e-01
6.8901e-01
8.1739e-01
9.2404e-01
7.0981e-01
7.6069e-01
7.1705e-01
7.9000e-01
6.1959e-01
9.8379e-01
6.9208e-01
6.4464e-01
7.5816e-01
8.4257e-01
6.4260e-01
7.8522e-01
8.0729e-01
6.2318e-01
6.0651e-01
6.1738e-01
6.4341e-01
7.5665e-01
8.5463e-01
9.0159e-01
7.4016e-01
8.8457e-01
9.7373e-01
9.4666e-01
6.2985e-01
9.8457e-01
7.2948e-01
6.6324e-01
8.2899e-01
7.6548e-01
6.9673e-01
6.5584e-01
7.7938e-01
9.7340e-01
7.8515e-01
8.9075e-01
7.0065e-01
8.2594e-01
6.5405e-01
8.1833e-01
7.2578e-01
6.8354e-01
9.4300e-01
6.1677e-01
6.2753e-01
6.1632e-01
8.0923e-01
8.7959e-01
7.7584e-01
9.1281e-01
6.2218e-01
9.3252e-01
8.5862e-01
6.3201e-01
8.8449e-01
8.9419e-01
9.6489e-01
6.6153e-01
6.7162e-01
9.8717e-01
7.2619e-01
8.6857e-01
8.4648e-01
8.2836e-01
8.5116e-01
7.8580e-01
8.3982e-01
9.2888e-01
7.5802e-01
7.1147e-01
7.3529e-01
9.3722e-01
8.3148e-01
8.8949e-01
6.4242e-01
6.3241e-01
6.8156e-01
8.8918e-01
8.8414e-01
6.8168e-01
8.1972e-01
9.7585e-01
8.2942e-01
6.7319e-01
7.0447e-01
7.4177e-01
7.8275e-01
8.4100e-01
8.5396e-01
8.0243e-01
9.2076e-01
6.5687e-01
7.9251e-01
8.8411e-01
6.7899e-01
8.2875e-01
7.0347e-01
8.6882e-01
7.2314e-01
9.7071e-01
6.3885e-01
7.0123e-01
9.3050e-01
9.5750e-01
7.4698e-01
9.1734e-01
9.6205e-01
6.5301e-01
8.3862e-01
7.6949e-01
9.8766e-01
6.0555e-01
6.7894e-01
9.5678e-01
8.4470e-01
6.7870e-01
7.9876e-01
7.9150e-01
7.9507e-01
9.4604e-01
7.4587e-01
6.0267e-01
9.4698e-01
8.2288e-01
8.3205e-01
7.0308e-01
7.7896e-01
6.4079e-01
7.6081e-01
9.0019e-01
9.2168e-01
6.6612e-01
8.8409e-01
9.3433e-01
6.3647e-01
7.3218e-01
9.2500e-01
8.1607e-01
7.1584e-01
9.0799e-01
9.3169e-01
9.0894e-01
7.6344e-01
6.6796e-01
9.1958e-01
8.1996e-01
6.9185e-01
8.8967e-01
6.0755e-01
8.6592e-01
7.8303e-01
6.3276e-01
8.6742e-01
8.5197e-01
7.0619e-01
8.1042e-01
9.6605e-01
9.9296e-01
8.1384e-01
7.2433e-01
7.6826e-01
8.3858e-01
9.6550e-01
8.8152e-01
6.2951e-01
7.4650e-01
7.3788e-01
6.4744e-01
9.0119e-01
7.8373e-01
9.7714e-01
8.0481e-01
8.4607e-01
9.5601e-01
7.3474e-01
7.0133e-01
9.2101e-01
6.1498e-01
6.5336e-01
9.0693e-01
7.2449e-01
9.9312e-01
7.4389e-01
6.5325e-01
8.9362e-01
7.5241e-01
6.0179e-01
7.0338e-01
7.6328e-01
9.2043e-01
7.7868e-01
6.7785e-01
8.3097e-01
8.8148e-01
9.9933e-01
7.0561e-01
7.5112e-01
7.6435e-01
7.6153e-01
7.7530e-01
7.1322e-01
8.7243e-01
8.0526e-01
8.8939e-01
7.7423e-01
8.2967e-01
8.9932e-01
9.2051e-01
7.2375e-01
6.1620e-01
8.5925e-01
9.0836e-01
8.1334e-01
8.3600e-01
7.8287e-01
6.4065e-01
6.7803e-01
7.9859e-01
7.4675e-01
6.7575e-01
7.7955e-01
9.1961e-01
8.4033e-01
6.7948e-01
7.8609e-01
6.2160e-01
7.2759e-01
7.3026e-01
6.5178e-01
6.4173e-01
7.7986e-01
8.1808e-01
6.5721e-01
9.6127e-01
8.7691e-01
6.7120e-01
9.9898e-01
9.5879e-01
8.0350e-01
9.4573e-01
8.6990e-01
6.9135e-01
9.0969e-01
8.2487e-01
7.0477e-01
7.7346e-01
9.6608e-01
6.8309e-01
9.3869e-01
7.5541e-01
6.8928e-01
7.3316e-01
9.3272e-01
6.0786e-01
8.3698e-01
9.1779e-01
9.9348e-01
6.2019e-01
6.8414e-01
8.8258e-01
8.1848e-01
7.6338e-01
8.2312e-01
6.9673e-01
9.6208e-01
7.0722e-01
6.0032e-01
9.9053e-01
8.7189e-01
8.0947e-01
7.7645e-01
7.6760e-01
7.3928e-01
7.1556e-01
8.3517e-01
6.1391e-01
8.9473e-01
9.0940e-01
6.8956e-01
8.1779e-01
6.9397e-01
8.2994e-01
6.9043e-01
8.4469e-01
8.6730e-01
8.8649e-01
7.1454e-01
9.6695e-01
9.1238e-01
8.8610e-01
6.3114e-01
6.0981e-01
8.3094e-01
9.5147e-01
8.6902e-01
9.4121e-01
9.6644e-01
9.8102e-01
8.1774e-01
8.9642e-01
8.1952e-01
9.6366e-01
8.9162e-01
9.1099e-01
6.6517e-01
7.5937e-01
9.1501e-01
7.1115e-01
6.8436e-01
9.6466e-01
6.3503e-01
6.3292e-01
8.6822e-01
8.3387e-01
6.4694e-01
9.1307e-01
9.1691e-01
9.7982e-01
8.5121e-01
8.1556e-01
9.6820e-01
8.6040e-01
9.6041e-01
8.8512e-01
6.9019e-01
6.5304e-01
8.9574e-01
6.1931e-01
8.5453e-01
8.9910e-01
6.8108e-01
9.0332e-01
7.0081e-01
6.5182e-01
6.1183e-01
8.9439e-01
6.4722e-01
7.7962e-01
9.4945e-01
8.1049e-01
7.6936e-01
8.1330e-01
6.7288e-01
6.1926e-01
6.9533e-01
6.2884e-01
7.1990e-01
9.8296e-01
9.2478e-01
7.9294e-01
9.4329e-01
8.7142e-01
6.9763e-01
9.2789e-01
9.7458e-01
7.4589e-01
9.3280e-01
9.3538e-01
8.4467e-01
8.2802e-01
8.8399e-01
6.7858e-01
6.3329e-01
8.3487e-01
6.8760e-01
7.9487e-01
8.4868e-01
9.3186e-01
6.5641e-01
8.3521e-01
7.6733e-01
9.1497e-01
6.4676e-01
8.7502e-01
9.4489e-01
8.1591e-01
9.7860e-01
7.4349e-01
8.9407e-01
7.2934e-01
9.4424e-01
8.9401e-01
7.7511e-01
8.1485e-01
8.8384e-01
7.6850e-01
7.5765e-01
8.0262e-01
9.8065e-01
8.4626e-01
9.1232e-01
6.8360e-01
9.6150e-01
8.7448e-01
6.3813e-01
6.4785e-01
7.4171e-01
8.8787e-01
6.1220e-01
9.9515e-01
8.2387e-01
8.9043e-01
9.2949e-01
6.4091e-01
9.9190e-01
9.0771e-01
9.4163e-01
9.7490e-01
7.4233e-01
9.2449e-01
7.9352e-01
7.6085e-01
6.1861e-01
6.1469e-01
9.2424e-01
7.4041e-01
8.5190e-01
8.0439e-01
9.7367e-01
6.1562e-01
7.3387e-01
9.9458e-01
7.8657e-01
7.0058e-01
8.0957e-01
7.3300e-01
8.7799e-01
6.9568e-01
9.3386e-01
6.2969e-01
9.3816e-01
7.7995e-01
8.7632e-01
8.1872e-01
7.7648e-01
9.1733e-01
6.8264e-01
9.5944e-01
7.4879e-01
9.3723e-01
6.7732e-01
8.4646e-01
6.9155e-01
6.6946e-01
8.7352e-01
6.4974e-01
8.5081e-01
6.4120e-01
9.2230e-01
7.1401e-01
9.1050e-01
8.4972e-01
8.9049e-01
7.0831e-01
6.2904e-01
8.7648e-01
8.4862e-01
9.1956e-01
6.4516e-01
7.5546e-01
8.3776e-01
6.5724e-01
8.0954e-01
8.5926e-01
9.9471e-01
8.4203e-01
8.7369e-01
8.2051e-01
8.3978e-01
9.8684e-01
7.1284e-01
8.1172e-01
9.0606e-01
7.5427e-01
9.9349e-01
6.3061e-01
8.6860e-01
6.1066e-01
7.3057e-01
7.8282e-01
9.0422e-01
8.0144e-01
7.0263e-01
7.0907e-01
9.1475e-01
8.9321e-01
7.7839e-01
9.5822e-01
7.9993e-01
6.8507e-01
8.4031e-01
8.8416e-01
8.5406e-01
9.4003e-01
7.8423e-01
6.7949e-01
9.7641e-01
7.0208e-01
6.2243e-01
9.2371e-01
8.0725e-01
6.6890e-01
8.1948e-01
7.3473e-01
9.8759e-01
9.0540e-01
7.0286e-01
9.5570e-01
7.7877e-01
8.0241e-01
6.3652e-01
9.3184e-01
9.3856e-01
8.9151e-01
7.2879e-01
7.2463e-01
8.9055e-01
7.2614e-01
6.0503e-01
9.3047e-01
9.7881e-01
9.5027e-01
8.0655e-01
7.4883e-01
9.4274e-01
6.8992e-01
7.1279e-01
8.1053e-01
7.6677e-01
7.4051e-01
8.9456e-01
9.8043e-01
6.2006e-01
9.0715e-01
8.5148e-01
7.8894e-01
9.7796e-01
6.6158e-01
6.7266e-01
9.4137e-01
7.6850e-01
6.2073e-01
9.2599e-01
9.4066e-01
6.1849e-01
9.3575e-01
6.9057e-01
8.9264e-01
7.9828e-01
9.6281e-01
6.4077e-01
6.6434e-01
6.6439e-01
6.2891e-01
8.3632e-01
6.3457e-01
9.5730e-01
9.6065e-01
7.3309e-01
9.7802e-01
9.2249e-01
9.8983e-01
8.3663e-01
9.4783e-01
8.8695e-01
6.1823e-01
8.7985e-01
8.4470e-01
9.9425e-01
8.4512e-01
7.7229e-01
6.5042e-01
9.4762e-01
7.1417e-01
6.3431e-01
7.7739e-01
8.8554e-01
8.6034e-01
6.5619e-01
7.7913e-01
8.4886e-01
9.1343e-01
7.3706e-01
6.7150e-01
6.5703e-01
9.0247e-01
8.9094e-01
9.0149e-01
8.3801e-01
8.9360e-01
7.7403e-01
8.8204e-01
7.0649e-01
9.4576e-01
6.0177e-01
8.9368e-01
7.5224e-01
7.7185e-01
8.8964e-01
9.5221e-01
8.3454e-01
7.0849e-01
8.8891e-01
9.6607e-01
6.0230e-01
7.2823e-01
6.9974e-01
6.6867e-01
8.4621e-01
6.7926e-01
7.7956e-01
9.0174e-01
7.8760e-01
9.0192e-01
9.9135e-01
6.0321e-01
7.0447e-01
9.6756e-01
6.5524e-01
8.9531e-01
6.3767e-01
7.9833e-01
8.9226e-01
6.4817e-01
6.0308e-01
8.8153e-01
8.6397e-01
9.3066e-01
9.8577e-01
8.0830e-01
7.1205e-01
7.9130e-01
6.9878e-01
8.3510e-01
8.9994e-01
6.1692e-01
7.1128e-01
8.4858e-01
9.8351e-01
8.4987e-01
8.4660e-01
7.0615e-01
9.2147e-01
9.4907e-01
7.4382e-01
8.7242e-01
9.5237e-01
7.2434e-01
8.4413e-01
6.0319e-01
6.2457e-01
8.7110e-01
7.7222e-01
6.4830e-01
7.6027e-01
6.6191e-01
6.8735e-01
6.1238e-01
9.4166e-01
9.1684e-01
7.0243e-01
6.8718e-01
7.8886e-01
6.5959e-01
8.8753e-01
8.5314e-01
7.0209e-01
9.1489e-01
9.8821e-01
6.1268e-01
7.4560e-01
7.2685e-01
6.7695e-01
9.3678e-01
9.0339e-01
6.9485e-01
7.6078e-01
6.1693e-01
8.2519e-01
6.4621e-01
7.7816e-01
7.5551e-01
7.9020e-01
9.0261e-01
9.5184e-01
9.1454e-01
8.1885e-01
8.5357e-01
8.0344e-01
6.9552e-01
9.0744e-01
9.4418e-01
6.6896e-01
9.2747e-01
6.9327e-01
8.0771e-01
9.1894e-01
8.2625e-01
8.0958e-01
6.1204e-01
8.5966e-01
9.2132e-01
6.2973e-01
6.4754e-01
6.9291e-01
7.3770e-01
7.1407e-01
8.7887e-01
7.2976e-01
8.7132e-01
7.8165e-01
6.9052e-01
7.5581e-01
6.3134e-01
7.8214e-01
8.9207e-01
9.2478e-01
9.6302e-01
7.6923e-01
6.4184e-01
6.7091e-01
9.8291e-01
9.3106e-01
9.8245e-01
7.0876e-01
7.4251e-01
6.8365e-01
7.3151e-01
8.5237e-01
8.7987e-01
8.7526e-01
9.1681e-01
8.9975e-01
9.1499e-01
7.0143e-01
6.3818e-01
