9.0005e-01
7.1616e-01
8.1819e-01
8.0131e-01
9.2814e-01
7.0917e-01
9.9074e-01
7.1746e-01
6.9300e-01
7.3909e-01
6.9334e-01
6.4389e-01
6.2059e-01
9.4294e-01
7.7558e-01
9.4849e-01
8.9657e-01
6.4303e-01
7.9742e-01
7.2373e-01
6.9045e-01
9.7780e-01
7.5495e-01
7.3309e-01
7.6081e-01
9.5210e-01
7.6653e-01
6.7422e-01
7.7042e-01
9.6342e-01
6.9441e-01
6.5676e-01
8.0578e-01
8.4897e-01
8.1374e-01
6.3345e-01
7.0753e-01
6.9236e-01
6.1138e-01
8.8822e-01
7.6058e-01
7.0098e-01
9.8654e-01
6.6945e-01
6.2521e-01
8.1664e-01
7.9716e-01
8.7707e-01
9.0798e-01
6.3214e-01
6.6201e-01
9.6295e-01
9.4371e-01
8.9629e-01
9.9473e-01
6.9426e-01
6.3775e-01
6.9869e-01
9.9599e-01
6.9131e-01
8.9872e-01
9.1374e-01
9.1606e-01
7.2079e-01
8.0504e-01
7.8516e-01
8.3794e-01
8.6168e-01
6.6123e-01
7.9100e-01
7.9615e-01
9.3385e-01
7.5452e-01
7.7002e-01
8.5756e-01
7.5190e-01
9.8944e-01
8.2283e-01
6.5097e-01
9.3451e-01
9.1755e-01
6.9079e-01
8.4693e-01
9.3665e-01
8.4789e-01
8.9074e-01
9.8074e-01
8.8024e-01
9.3361e-01
7.7111e-01
6.9504e-01
6.2398e-01
8.3975e-01
7.1880e-01
7.7163e-01
8.2499e-01
6.7876e-01
6.6617e-01
7.6514e-01
8.0408e-01
7.1738e-01
8.1984e-01
9.0923e-01
7.9219e-01
9.4604e-01
7.6020e-01
6.2993e-01
8.6852e-01
9.6757e-01
9.4520e-01
7.4416e-01
7.5688e-01
9.9640e-01
6.3188e-01
7.0211e-01
9.3916e-01
6.4337e-01
7.4692e-01
7.2454e-01
9.8721e-01
9.2922e-01
9.2344e-01
7.0595e-01
6.6933e-01
9.7951e-01
7.4130e-01
7.6243e-01
8.4227e-01
6.1909e-01
8.8718e-01
9.0150e-01
7.8063e-01
8.3184e-01
8.9215e-01
9.3514e-01
8.3175e-01
8.9208e-01
8.5275e-01
8.1101e-01
7.5341e-01
8.5826e-01
8.1417e-01
8.4767e-01
7.3386e-01
8.8377e-01
8.9541e-01
9.2040e-01
9.6850e-01
9.4478e-01
7.7551e-01
9.7721e-01
6.0350e-01
8.7850e-01
7.8179e-01
9.8599e-01
6.3167e-01
7.1460e-01
9.1813e-01
6.1314e-01
6.2591e-01
8.3887e-01
9.8772e-01
6.4782e-01
8.6244e-01
8.4764e-01
9.2292e-01
8.1370e-01
7.5497e-01
6.6279e-01
7.5475e-01
6.4480e-01
7.9665e-01
9.6953e-01
6.3993e-01
7.4623e-01
9.3518e-01
7.5581e-01
9.8886e-01
6.2348e-01
6.4786e-01
6.1878e-01
6.4292e-01
8.4479e-01
7.1467e-01
6.4531e-01
9.4226e-01
6.0145e-01
6.0511e-01
8.0903e-01
8.2318e-01
8.4262e-01
9.8866e-01
9.5238e-01
9.2321e-01
7.7826e-01
7.0646e-01
7.3185e-01
6.9055e-01
8.4302e-01
8.5881e-01
9.2350e-01
7.7805e-01
8.7015e-01
8.6499e-01
7.5321e-01
9.1793e-01
6.9211e-01
8.5924e-01
8.5252e-01
6.8789e-01
9.5206e-01
9.2719e-01
6.2985e-01
8.7283e-01
7.7088e-01
7.4198e-01
8.5285e-01
9.8484e-01
8.7609e-01
7.5199e-01
7.0249e-01
6.6126e-01
9.7109e-01
9.1529e-01
9.4104e-01
6.2927e-01
7.8605e-01
9.4848e-01
8.0822e-01
7.1801e-01
9.7106e-01
7.3466e-01
6.0220e-01
6.8253e-01
9.1839e-01
8.5545e-01
6.0368e-01
9.4508e-01
8.9263e-01
6.1459e-01
6.6895e-01
6.8167e-01
7.0734e-01
9.2971e-01
9.8558e-01
9.7837e-01
9.5750e-01
8.3550e-01
6.8640e-01
8.6835e-01
6.0741e-01
6.9182e-01
8.6637e-01
7.1600e-01
7.1434e-01
9.0326e-01
8.6094e-01
6.0143e-01
9.3328e-01
8.2465e-01
9.0657e-01
6.7968e-01
6.6503e-01
8.4739e-01
7.7231e-01
9.0140e-01
9.8873e-01
7.4688e-01
7.7229e-01
8.1409e-01
8.7859e-01
7.1603e-01
6.9577e-01
6.0613e-01
8.3991e-01
9.5679e-01
9.2208e-01
7.5511e-01
9.1979e-01
7.9775e-01
8.0366e-01
7.6307e-01
6.3828e-01
7.4083e-01
8.6889e-01
8.0704e-01
9.4156e-01
7.2631e-01
9.0714e-01
6.8390e-01
7.8328e-01
8.8412e-01
8.2665e-01
7.1502e-01
6.2803e-01
8.4113e-01
7.3461e-01
8.3499e-01
8.3897e-01
9.6409e-01
8.1404e-01
6.0166e-01
7.4238e-01
7.2129e-01
6.3613e-01
8.9873e-01
6.3339e-01
9.1243e-01
7.6061e-01
7.2261e-01
7.4325e-01
7.0145e-01
6.6399e-01
8.8528e-01
8.2715e-01
7.4187e-01
7.0059e-01
6.4071e-01
9.3073e-01
6.6679e-01
8.4101e-01
9.0123e-01
8.3028e-01
9.2738e-01
6.9626e-01
7.6767e-01
7.6296e-01
7.9841e-01
6.8697e-01
6.8206e-01
7.4379e-01
8.3062e-01
7.6660e-01
9.3272e-01
9.2965e-01
6.3246e-01
7.1817e-01
9.5836e-01
7.7484e-01
7.0927e-01
8.8735e-01
9.0264e-01
6.6412e-01
7.2088e-01
6.0907e-01
8.0417e-01
7.8099e-01
6.9194e-01
7.5919e-01
6.7471e-01
8.2487e-01
8.8548e-01
6.5399e-01
6.2154e-01
9.7727e-01
7.2140e-01
7.2265e-01
7.7919e-01
8.0096e-01
8.5096e-01
7.2572e-01
9.4333e-01
8.5136e-01
8.3873e-01
9.5830e-01
9.3134e-01
6.0694e-01
9.9432e-01
6.3026e-01
9.7946e-01
6.3705e-01
7.4530e-01
7.5040e-01
8.4968e-01
9.6325e-01
9.0906e-01
8.9114e-01
9.4646e-01
6.4442e-01
6.6735e-01
6.9949e-01
8.8679e-01
9.1154e-01
9.7114e-01
8.6997e-01
6.1121e-01
9.9108e-01
7.0299e-01
6.1098e-01
8.0263e-01
6.2345e-01
9.4626e-01
9.8722e-01
8.2863e-01
6.7986e-01
8.7865e-01
6.7471e-01
6.2741e-01
9.8172e-01
8.1009e-01
6.2549e-01
7.7975e-01
8.2521e-01
9.0596e-01
7.9458e-01
9.6255e-01
7.9118e-01
7.6091e-01
8.3256e-01
6.4057e-01
7.8253e-01
6.2186e-01
8.8225e-01
6.0013e-01
9.0153e-01
6.6982e-01
6.4869e-01
9.5164e-01
9.3052e-01
9.6626e-01
9.4987e-01
9.4865e-01
7.2050e-01
8.1432e-01
7.0083e-01
9.5039e-01
9.0722e-01
8.9909e-01
8.7336e-01
6.9746e-01
9.6407e-01
9.2523e-01
7.2310e-01
8.7553e-01
8.4631e-01
7.8671e-01
9.0428e-01
8.1769e-01
8.9736e-01
8.0587e-01
7.7994e-01
9.1772e-01
9.0977e-01
6.5700e-01
6.9445e-01
9.7051e-01
9.8197e-01
9.5406e-01
7.8853e-01
9.4220e-01
7.1169e-01
7.8046e-01
8.6899e-01
6.0822e-01
6.7106e-01
7.9239e-01
7.7634e-01
9.5858e-01
6.0668e-01
6.2073e-01
6.7922e-01
6.5979e-01
9.0590e-01
9.4158e-01
9.3007e-01
6.6848e-01
8.8818e-01
9.0412e-01
7.0568e-01
9.9489e-01
8.1285e-01
8.9004e-01
9.5176e-01
6.5557e-01
9.3244e-01
7.1108e-01
7.0177e-01
9.4652e-01
9.0995e-01
8.8451e-01
7.5385e-01
8.1613e-01
7.0163e-01
9.0035e-01
9.1057e-01
7.9865e-01
9.1068e-01
8.1750e-01
7.7802e-01
8.6526e-01
6.9173e-01
9.5943e-01
7.4362e-01
6.8182e-01
6.5664e-01
7.2986e-01
6.5946e-01
7.5590e-01
7.6148e-01
8.0566e-01
8.6241e-01
9.1675e-01
9.1123e-01
6.0373e-01
9.0666e-01
9.7390e-01
8.6741e-01
6.3430e-01
6.4460e-01
8.2615e-01
6.9623e-01
6.1816e-01
7.5545e-01
6.2869e-01
8.7690e-01
7.7013e-01
8.5158e-01
9.6640e-01
6.7825e-01
8.3168e-01
9.9880e-01
8.6757e-01
9.3907e-01
8.6441e-01
6.3590e-01
7.4375e-01
6.1879e-01
9.1541e-01
8.2932e-01
6.1554e-01
6.2975e-01
7.6780e-01
7.6037e-01
6.0050e-01
6.1694e-01
7.6354e-01
6.3420e-01
6.5179e-01
6.5532e-01
7.3832e-01
9.8669e-01
8.7862e-01
7.2582e-01
9.4882e-01
6.6018e-01
9.9588e-01
9.6313e-01
6.9957e-01
9.1730e-01
8.8921e-01
8.9756e-01
6.8163e-01
9.0215e-01
6.8383e-01
7.0490e-01
7.6221e-01
8.4800e-01
9.3695e-01
7.1239e-01
7.2653e-01
6.6380e-01
9.8128e-01
9.6250e-01
9.0837e-01
7.6166e-01
7.4558e-01
8.9759e-01
9.9278e-01
9.1282e-01
9.1631e-01
7.2235e-01
9.4787e-01
8.7055e-01
7.3298e-01
7.9467e-01
9.4566e-01
8.5528e-01
7.8216e-01
9.8386e-01
9.8300e-01
9.7013e-01
6.9480e-01
6.6072e-01
6.9706e-01
7.1265e-01
9.4896e-01
8.4994e-01
6.9446e-01
7.1166e-01
9.2657e-01
6.1050e-01
9.6262e-01
8.5218e-01
9.7813e-01
6.8543e-01
8.8169e-01
8.5442e-01
6.5753e-01
9.8677e-01
6.3027e-01
6.8673e-01
9.1115e-01
7.8714e-01
6.7087e-01
8.7957e-01
8.8950e-01
9.6002e-01
6.9406e-01
9.2391e-01
6.5842e-01
7.9538e-01
6.7977e-01
9.7062e-01
8.4691e-01
9.9921e-01
8.0441e-01
8.6928e-01
7.4874e-01
6.4594e-01
6.9110e-01
6.5100e-01
6.6733e-01
7.3833e-01
7.7403e-01
7.4288e-01
8.6341e-01
6.3320e-01
6.8573e-01
6.9525e-01
9.9111e-01
6.0584e-01
9.6017e-01
6.3817e-01
7.0305e-01
9.4028e-01
6.6110e-01
9.5726e-01
7.0927e-01
6.2440e-01
9.7407e-01
7.0175e-01
8.1303e-01
9.3256e-01
9.8997e-01
7.8335e-01
6.7172e-01
6.7235e-01
8.4921e-01
7.9582e-01
7.4830e-01
8.3322e-01
9.0796e-01
6.3465e-01
7.3323e-01
7.9073e-01
8.8482e-01
9.6919e-01
6.9727e-01
7.3764e-01
8.2091e-01
9.0888e-01
6.9709e-01
9.0100e-01
8.3367e-01
9.7474e-01
8.1222e-01
7.1823e-01
8.4409e-01
8.0782e-01
7.5835e-01
9.6592e-01
8.4275e-01
9.6630e-01
9.5065e-01
7.7434e-01
8.4631e-01
6.2813e-01
8.9528e-01
6.8055e-01
6.4104e-01
7.4496e-01
8.2331e-01
9.1693e-01
8.2206e-01
6.3474e-01
6.5575e-01
8.7770e-01
9.9365e-01
9.1880e-01
7.7697e-01
9.6026e-01
6.9609e-01
7.2020e-01
9.6241e-01
7.9293e-01
6.3123e-01
6.7352e-01
9.0894e-01
6.0030e-01
9.7637e-01
9.9518e-01
6.9161e-01
8.3470e-01
6.9604e-01
8.7679e-01
8.8240e-01
8.6589e-01
6.5499e-01
8.4337e-01
8.9611e-01
7.3033e-01
7.1285e-01
6.2564e-01
6.7990e-01
8.5224e-01
6.7100e-01
7.6371e-01
8.6603e-01
8.1774e-01
6.3692e-01
9.5472e-01
6.1450e-01
9.0754e-01
9.4235e-01
8.3106e-01
6.2484e-01
6.5862e-01
7.6723e-01
8.7709e-01
6.3953e-01
8.3162e-01
9.3514e-01
6.8066e-01
9.6256e-01
6.5705e-01
8.0471e-01
8.9006e-01
9.0710e-01
9.3286e-01
8.4633e-01
7.9671e-01
9.2092e-01
7.7323e-01
7.2776e-01
7.5693e-01
9.0753e-01
8.3058e-01
6.9262e-01
8.2226e-01
6.7582e-01
9.3030e-01
6.0813e-01
7.1777e-01
6.1167e-01
7.9963e-01
7.6888e-01
8.7178e-01
7.5841e-01
6.7372e-01
7.7783e-01
7.0885e-01
7.3905e-01
6.5654e-01
9.2965e-01
6.6592e-01
6.6753e-01
8.3219e-01
9.7958e-01
7.8957e-01
6.7562e-01
8.4825e-01
9.0224e-01
6.7654e-01
6.6614e-01
7.8821e-01
8.1781e-01
8.1374e-01
8.9128e-01
8.2807e-01
8.0736e-01
8.9681e-01
7.3165e-01
6.2429e-01
7.7894e-01
6.2484e-01
6.6908e-01
9.8096e-01
7.9073e-01
9.2316e-01
8.7609e-01
8.3442e-01
9.7397e-01
8.2989e-01
8.0690e-01
6.1890e-01
9.8813e-01
7.4028e-01
6.9926e-01
9.6962e-01
9.2086e-01
6.2474e-01
7.8466e-01
7.7006e-01
6.4371e-01
9.3339e-01
7.1654e-01
7.3040e-01
8.5524e-01
7.1726e-01
9.8624e-01
8.0592e-01
9.6674e-01
8.7989e-01
7.8420e-01
7.8608e-01
9.9249e-01
9.3305e-01
6.2498e-01
8.5529e-01
8.7656e-01
6.5522e-01
7.2991e-01
8.6201e-01
6.0089e-01
6.6599e-01
8.9831e-01
9.0728e-01
6.5896e-01
7.5806e-01
8.2748e-01
8.3354e-01
9.2745e-01
7.8383e-01
9.3809e-01
7.5514e-01
9.6958e-01
6.9846e-01
8.7814e-01
7.1912e-01
9.8988e-01
7.5587e-01
9.7288e-01
7.5905e-01
6.7375e-01
9.8631e-01
8.7400e-01
6.4911e-01
8.4330e-01
6.1061e-01
9.3787e-01
6.3296e-01
8.0747e-01
7.1674e-01
8.4037e-01
6.1009e-01
9.0625e-01
6.0119e-01
6.0957e-01
7.3610e-01
8.7138e-01
6.1428e-01
7.7762e-01
6.3935e-01
6.9384e-01
6.0192e-01
8.6403e-01
7.4750e-01
6.7335e-01
9.0947e-01
6.4255e-01
7.6677e-01
9.0959e-01
9.3735e-01
8.7056e-01
8.3971e-01
9.4886e-01
8.9814e-01
8.5626e-01
8.7076e-01
9.3774e-01
6.7340e-01
9.3147e-01
8.4055e-01
7.0152e-01
6.9783e-01
9.8350e-01
8.1689e-01
8.7614e-01
6.9887e-01
8.3064e-01
7.0217e-01
9.7116e-01
8.6163e-01
7.4815e-01
6.4140e-01
9.9540e-01
8.9207e-01
9.5940e-01
6.6271e-01
9.0421e-01
6.4730e-01
8.2503e-01
9.1418e-01
9.5568e-01
7.2363e-01
7.6984e-01
8.3629e-01
8.2303e-01
7.0792e-01
6.5040e-01
8.2373e-01
8.9892e-01
9.3433e-01
9.4075e-01
8.8406e-01
6.8102e-01
8.8788e-01
7.9791e-01
9.0087e-01
6.4773e-01
7.7651e-01
9.9725e-01
6.3583e-01
8.4572e-01
6.6505e-01
6.3223e-01
6.4741e-01
8.2867e-01
9.4742e-01
9.4981e-01
6.7416e-01
7.6310e-01
6.2591e-01
8.6841e-01
6.0976e-01
9.1055e-01
9.8089e-01
8.0281e-01
7.5453e-01
9.0589e-01
6.7853e-01
8.2007e-01
6.5639e-01
6.7446e-01
9.0800e-01
8.0360e-01
8.7225e-01
8.0908e-01
6.4901e-01
9.9527e-01
8.2863e-01
6.0091e-01
9.2199e-01
9.3349e-01
9.6641e-01
7.9860e-01
6.6245e-01
7.5210e-01
9.0525e-01
9.1590e-01
6.6756e-01
7.7429e-01
8.6114e-01
9.1061e-01
7.4275e-01
8.8201e-01
6.1644e-01
9.3551e-01
6.6565e-01
7.0694e-01
9.2172e-01
8.3546e-01
9.8087e-01
7.2255e-01
9.9796e-01
7.9849e-01
6.7363e-01
9.6766e-01
6.3218e-01
8.5242e-01
9.0981e-01
6.6331e-01
8.9532e-01
9.5116e-01
7.1753e-01
8.3401e-01
8.2426e-01
8.9949e-01
7.5978e-01
7.2738e-01
7.9720e-01
9.3496e-01
8.4381e-01
9.2888e-01
7.9860e-01
7.1820e-01
9.4801e-01
8.1060e-01
9.8502e-01
9.3718e-01
9.5940e-01
9.3154e-01
8.5869e-01
6.9355e-01
9.4274e-01
6.1978e-01
6.7109e-01
9.0741e-01
9.9582e-01
7.0065e-01
8.7566e-01
6.2770e-01
8.8381e-01
7.0821e-01
7.0371e-01
6.2150e-01
9.5859e-01
8.8606e-01
7.6527e-01
9.6553e-01
7.0908e-01
7.0115e-01
6.3873e-01
9.1957e-01
6.2203e-01
9.0268e-01
6.0886e-01
9.1318e-01
6.4853e-01
6.8895e-01
9.8972e-01
8.0384e-01
9.7148e-01
6.5237e-01
6.8163e-01
9.5807e-01
7.6329e-01
8.2200e-01
9.3593e-01
9.7398e-01
8.3572e-01
8.3834e-01
7.3410e-01
8.8903e-01
8.2495e-01
8.8244e-01
6.1172e-01
9.0284e-01
9.1356e-01
8.0794e-01
8.3095e-01
7.3314e-01
6.8049e-01
8.1878e-01
6.1780e-01
9.8347e-01
7.7841e-01
6.1203e-01
9.4583e-01
7.2416e-01
9.5088e-01
6.1745e-01
7.1487e-01
9.4529e-01
7.9567e-01
8.8444e-01
7.3999e-01
6.7249e-01
6.1220e-01
9.0486e-01
9.6959e-01
6.7796e-01
6.8460e-01
7.6413e-01
9.3047e-01
9.8569e-01
9.0705e-01
9.3382e-01
6.7333e-01
9.6407e-01
6.3261e-01
9.3608e-01
6.4469e-01
9.7611e-01
6.1580e-01
7.7349e-01
6.4864e-01
9.0311e-01
7.4927e-01
8.4722e-01
7.3512e-01
6.5527e-01
6.6201e-01
7.1185e-01
8.9736e-01
7.4550e-01
8.1782e-01
6.6343e-01
8.2396e-01
7.8600e-01
8.5544e-01
7.5732e-01
9.0961e-01
9.2460e-01
6.4405e-01
9.0758e-01
6.4416e-01
6.5668e-01
6.8414e-01
7.8367e-01
8.6784e-01
9.9516e-01
7.4034e-01
7.8517e-01
9.8657e-01
8.9185e-01
8.4855e-01
9.4671e-01
7.6842e-01
8.9543e-01
7.1862e-01
7.5267e-01
9.2870e-01
6.2723e-01
7.0749e-01
9.7883e-01
8.5896e-01
7.1091e-01
6.1241e-01
8.4419e-01
8.4822e-01
9.3454e-01
7.6788e-01
8.3564e-01
9.9316e-01
7.7914e-01
6.8600e-01
8.8457e-01
7.0142e-01
8.0045e-01
8.6446e-01
6.9286e-01
8.3869e-01
8.0830e-01
7.5783e-01
6.0557e-01
8.0575e-01
7.8570e-01
7.9919e-01
8.8984e-01
8.8954e-01
7.8529e-01
7.6191e-01
9.6037e-01
6.5608e-01
9.7653e-01
6.1451e-01
9.1060e-01
7.9331e-01
6.7098e-01
8.0633e-01
7.1346e-01
8.2300e-01
8.1470e-01
8.2593e-01
9.2546e-01
7.5947e-01
9.3000e-01
9.9808e-01
8.9190e-01
8.9251e-01
7.5976e-01
9.1290e-01
6.5577e-01
7.0846e-01
9.7362e-01
6.2443e-01
7.6205e-01
8.6601e-01
7.2996e-01
6.3151e-01
7.2615e-01
6.0822e-01
9.9077e-01
6.5410e-01
7.3192e-01
8.9575e-01
6.7725e-01
7.0097e-01
8.2194e-01
9.5171e-01
9.9607e-01
7.9539e-01
9.0502e-01
9.2228e-01
9.3310e-01
7.3024e-01
7.9662e-01
6.4731e-01
7.7098e-01
6.2452e-01
7.5286e-01
7.0632e-01
6.3201e-01
6.4434e-01
8.3325e-01
6.6354e-01
8.0471e-01
6.3833e-01
8.4476e-01
6.9117e-01
7.6616e-01
7.4626e-01
8.3775e-01
7.3695e-01
6.0017e-01
8.4516e-01
9.4226e-01
8.2169e-01
6.1157e-01
8.8133e-01
8.5033e-01
6.5872e-01
9.6899e-01
7.6905e-01
9.7608e-01
6.1863e-01
9.9324e-01
9.4383e-01
8.1744e-01
7.6708e-01
8.1465e-01
7.1691e-01
6.2864e-01
9.6598e-01
8.7055e-01
8.3348e-01
9.0755e-01
7.8648e-01
9.4027e-01
9.5569e-01
6.1156e-01
9.1268e-01
7.3975e-01
9.7562e-01
6.5037e-01
7.5059e-01
8.8563e-01
8.9451e-01
9.0715e-01
7.8388e-01
6.4362e-01
9.0120e-01
6.4859e-01
7.8828e-01
7.5367e-01
9.9278e-01
8.0776e-01
7.4570e-01
9.8390e-01
6.6001e-01
7.6626e-01
9.1683e-01
8.2846e-01
6.4094e-01
9.8260e-01
7.3180e-01
6.7374e-01
7.1946e-01
6.7641e-01
6.2088e-01
8.1013e-01
9.0830e-01
9.2278e-01
6.2155e-01
8.0448e-01
6.2072e-01
9.7249e-01
8.2640e-01
7.9416e-01
7.6866e-01
8.1782e-01
7.4172e-01
8.2070e-01
7.7547e-01
8.0294e-01
9.0841e-01
8.3146e-01
9.0719e-01
9.3046e-01
9.5261e-01
7.0770e-01
9.7290e-01
8.9009e-01
8.4319e-01
9.0483e-01
6.0751e-01
7.6383e-01
7.5535e-01
7.5416e-01
7.2996e-01
6.1554e-01
6.4245e-01
8.2122e-01
6.2145e-01
9.8022e-01
9.3509e-01
7.1434e-01
9.0411e-01
7.6446e-01
6.8053e-01
8.3308e-01
7.5416e-01
9.5103e-01
8.3287e-01
6.4300e-01
8.5799e-01
7.4252e-01
7.8045e-01
9.2202e-01
8.4889e-01
9.4655e-01
9.9775e-01
6.7643e-01
6.3704e-01
8.7502e-01
7.5762e-01
6.2893e-01
7.7185e-01
7.2288e-01
8.1592e-01
8.1658e-01
9.1102e-01
8.4536e-01
6.0905e-01
7.0975e-01
7.7594e-01
6.1573e-01
8.2109e-01
7.7848e-01
9.5154e-01
7.3132e-01
8.6545e-01
7.6494e-01
9.0694e-01
6.4111e-01
7.0802e-01
8.2080e-01
7.3685e-01
6.7070e-01
6.2305e-01
9.3371e-01
6.0036e-01
6.3297e-01
6.9103e-01
8.8425e-01
7.3286e-01
9.5351e-01
8.4473e-01
8.5507e-01
7.3481e-01
9.4570e-01
8.9839e-01
8.7901e-01
7.2768e-01
9.2791e-01
8.1592e-01
6.9334e-01
7.4966e-01
7.8752e-01
7.5782e-01
8.2721e-01
9.1435e-01
9.1716e-01
8.8023e-01
8.4273e-01
6.5455e-01
9.8785e-01
6.2735e-01
7.2496e-01
8.1745e-01
7.6780e-01
8.2990e-01
9.7710e-01
7.0143e-01
9.3182e-01
7.9944e-01
7.1524e-01
7.9513e-01
7.0177e-01
6.1872e-01
8.1631e-01
8.4125e-01
7.7799e-01
9.5448e-01
6.6575e-01
6.8235e-01
7.0035e-01
9.3352e-01
8.8868e-01
6.4218e-01
9.2700e-01
7.7800e-01
9.0574e-01
7.5390e-01
6.8884e-01
9.7634e-01
6.1813e-01
9.3206e-01
7.3241e-01
9.3991e-01
8.2434e-01
7.6273e-01
8.7890e-01
6.1738e-01
9.8104e-01
7.0488e-01
7.4376e-01
7.5014e-01
8.4532e-01
6.5371e-01
6.8301e-01
6.4682e-01
9.9396e-01
9.8436e-01
8.3540e-01
8.8080e-01
9.6182e-01
8.8710e-01
7.5101e-01
9.5260e-01
7.7973e-01
7.6627e-01
9.2389e-01
9.3319e-01
9.3885e-01
7.0008e-01
7.5406e-01
7.7328e-01
8.4346e-01
6.8378e-01
8.2882e-01
7.5490e-01
7.2186e-01
6.1706e-01
6.7998e-01
9.8699e-01
7.7631e-01
9.8924e-01
8.0447e-01
7.7187e-01
9.2985e-01
9.6296e-01
6.7985e-01
9.4578e-01
7.3879e-01
9.7983e-01
8.8539e-01
8.0096e-01
8.4109e-01
9.3921e-01
9.7764e-01
8.0997e-01
9.4227e-01
7.8716e-01
9.9179e-01
6.0082e-01
6.8836e-01
7.9713e-01
9.5556e-01
6.3072e-01
7.5592e-01
6.4201e-01
6.4757e-01
8.0711e-01
6.6004e-01
9.6901e-01
8.8635e-01
6.3219e-01
7.6853e-01
6.2321e-01
6.5763e-01
6.7242e-01
7.0995e-01
8.2402e-01
8.4428e-01
7.9525e-01
6.8675e-01
7.1543e-01
6.4516e-01
7.7816e-01
7.1913e-01
6.6015e-01
8.2360e-01
7.3879e-01
8.9078e-01
8.8436e-01
9.2818e-01
9.2155e-01
7.7072e-01
7.4924e-01
9.6192e-01
8.2554e-01
8.1234e-01
8.6568e-01
6.4761e-01
9.6260e-01
7.5682e-01
8.3638e-01
9.4511e-01
6.1742e-01
8.9617e-01
7.2459e-01
8.4804e-01
8.6532e-01
6.4020e-01
8.5349e-01
8.5787e-01
9.3453e-01
7.3661e-01
6.7579e-01
6.5244e-01
6.6368e-01
6.8290e-01
6.2939e-01
9.9590e-01
7.7575e-01
9.9780e-01
7.9866e-01
9.0311e-01
9.6074e-01
9.4466e-01
6.3184e-01
7.9070e-01
8.6154e-01
9.0494e-01
6.4339e-01
7.3336e-01
8.3605e-01
9.5641e-01
9.0367e-01
7.4042e-01
6.5332e-01
8.8188e-01
7.1375e-01
7.8236e-01
8.0652e-01
9.5313e-01
6.1110e-01
9.5076e-01
9.4725e-01
7.4324e-01
6.7437e-01
8.1475e-01
9.3158e-01
6.8838e-01
9.9764e-01
9.7348e-01
7.4172e-01
8.2021e-01
7.8891e-01
9.9243e-01
9.3058e-01
6.9465e-01
9.7224e-01
9.3908e-01
8.4017e-01
6.8377e-01
9.7339e-01
7.7972e-01
7.6292e-01
7.2910e-01
7.2666e-01
9.6236e-01
7.3532e-01
6.8814e-01
9.3884e-01
6.7938e-01
7.2022e-01
7.6792e-01
7.4561e-01
7.2948e-01
9.2743e-01
6.7189e-01
9.5159e-01
8.2520e-01
6.4399e-01
8.4706e-01
8.6010e-01
8.2085e-01
9.1603e-01
9.1303e-01
6.2489e-01
9.8736e-01
9.0182e-01
6.8244e-01
9.9598e-01
8.9981e-01
7.9638e-01
8.4217e-01
7.1610e-01
8.4439e-01
8.1509e-01
6.9550e-01
7.1941e-01
8.5538e-01
7.2057e-01
8.8872e-01
7.7594e-01
7.3805e-01
8.6421e-01
9.6128e-01
9.3594e-01
9.1056e-01
7.2309e-01
6.3931e-01
7.1985e-01
7.8870e-01
8.5823e-01
9.9501e-01
7.8325e-01
7.6932e-01
8.6326e-01
8.8073e-01
8.9833e-01
6.4548e-01
6.9879e-01
6.3466e-01
7.1910e-01
8.8101e-01
9.0049e-01
7.1179e-01
9.3522e-01
8.8055e-01
7.5575e-01
9.9531e-01
7.9657e-01
6.9512e-01
7.5626e-01
7.4932e-01
7.2281e-01
8.2928e-01
9.1656e-01
6.2529e-01
6.5483e-01
8.7484e-01
8.8702e-01
6.4879e-01
6.9309e-01
7.1931e-01
9.7959e-01
8.7593e-01
9.3336e-01
6.6057e-01
9.3938e-01
8.9099e-01
6.6804e-01
6.3315e-01
6.0936e-01
7.3500e-01
6.7635e-01
6.7930e-01
9.7347e-01
8.9568e-01
9.7824e-01
8.1959e-01
7.0109e-01
6.7691e-01
6.9406e-01
6.7340e-01
9.5645e-01
6.4768e-01
6.5944e-01
9.4004e-01
8.5016e-01
9.2403e-01
7.9110e-01
7.0728e-01
7.2167e-01
9.9023e-01
7.2193e-01
9.7615e-01
7.3538e-01
9.5530e-01
9.9409e-01
6.0070e-01
7.0129e-01
6.2406e-01
9.0226e-01
9.0532e-01
9.8190e-01
7.8936e-01
9.6464e-01
8.7598e-01
9.0555e-01
9.7833e-01
6.6258e-01
7.1180e-01
6.0367e-01
6.3817e-01
9.3343e-01
8.4558e-01
7.8849e-01
7.0460e-01
7.1672e-01
9.5033e-01
9.3872e-01
9.3921e-01
6.0252e-01
9.4681e-01
6.5625e-01
9.1138e-01
7.4445e-01
8.4233e-01
6.6278e-01
8.4597e-01
8.5403e-01
6.0580e-01
8.4569e-01
6.1069e-01
7.2725e-01
8.7200e-01
6.3079e-01
6.0063e-01
8.9637e-01
8.0873e-01
6.5815e-01
8.4652e-01
8.0959e-01
7.2773e-01
6.7157e-01
7.8598e-01
8.4475e-01
7.8330e-01
8.2972e-01
7.6365e-01
9.3721e-01
9.4862e-01
7.9073e-01
9.9487e-01
6.7006e-01
6.9406e-01
6.1899e-01
6.7695e-01
9.5483e-01
8.9748e-01
9.7797e-01
8.7841e-01
9.0030e-01
9.6267e-01
8.6774e-01
7.2507e-01
9.5983e-01
8.8160e-01
6.2162e-01
7.8598e-01
6.6993e-01
7.2969e-01
8.8216e-01
7.8530e-01
6.8088e-01
6.0902e-01
9.0494e-01
9.7125e-01
6.8223e-01
7.1863e-01
6.0564e-01
7.9509e-01
9.6651e-01
6.0385e-01
6.6208e-01
8.1595e-01
8.0593e-01
8.9345e-01
6.0951e-01
6.8657e-01
6.5575e-01
7.2018e-01
6.7683e-01
7.2566e-01
8.3419e-01
6.2878e-01
7.2229e-01
7.5436e-01
6.3989e-01
8.9566e-01
6.7999e-01
6.7466e-01
8.6275e-01
8.2581e-01
8.2297e-01
8.9873e-01
9.1326e-01
9.4064e-01
6.0807e-01
6.3999e-01
7.4850e-01
8.9259e-01
7.9232e-01
7.0102e-01
6.7172e-01
9.1299e-01
9.8352e-01
9.9627e-01
8.6988e-01
9.9156e-01
9.8448e-01
6.8417e-01
9.2929e-01
9.7411e-01
8.6678e-01
7.5568e-01
7.4331e-01
9.0984e-01
8.4929e-01
7.0824e-01
9.6000e-01
7.9593e-01
8.4738e-01
6.1447e-01
7.2275e-01
6.4600e-01
8.3741e-01
9.5171e-01
9.8321e-01
9.3667e-01
7.9042e-01
9.6918e-01
8.5342e-01
8.6771e-01
7.2990e-01
8.7881e-01
6.3986e-01
7.3504e-01
6.3961e-01
7.7158e-01
9.1306e-01
9.4334e-01
7.9141e-01
7.6663e-01
9.4467e-01
6.5638e-01
7.6407e-01
8.8412e-01
9.7398e-01
9.6552e-01
7.8902e-01
9.3888e-01
9.3416e-01
7.8824e-01
7.0058e-01
6.0599e-01
8.5747e-01
7.8968e-01
9.8363e-01
6.2164e-01
8.7176e-01
6.6921e-01
9.3649e-01
7.4819e-01
9.1691e-01
9.0793e-01
6.8428e-01
8.9549e-01
8.7617e-01
6.8135e-01
8.1386e-01
9.8935e-01
7.5027e-01
9.0387e-01
6.6869e-01
6.6465e-01
6.8333e-01
9.5000e-01
6.4215e-01
7.3383e-01
7.6522e-01
8.2120e-01
8.3055e-01
7.0633e-01
8.0903e-01
8.4021e-01
6.5467e-01
8.2002e-01
8.6308e-01
9.1375e-01
8.7969e-01
6.6255e-01
9.7644e-01
7.7943e-01
6.3411e-01
6.0909e-01
9.5595e-01
7.0402e-01
8.7752e-01
6.6268e-01
7.4973e-01
7.1560e-01
6.6649e-01
6.3466e-01
9.7980e-01
9.5896e-01
6.1340e-01
8.9530e-01
7.0511e-01
7.7277e-01
8.8805e-01
6.5763e-01
6.9443e-01
6.6929e-01
8.9347e-01
7.8191e-01
9.0037e-01
6.8011e-01
9.5976e-01
6.9079e-01
6.4181e-01
9.3310e-01
7.8500e-01
7.7600e-01
9.8110e-01
6.2770e-01
8.1689e-01
9.0716e-01
6.4582e-01
6.6272e-01
9.3534e-01
9.1081e-01
7.8075e-01
7.9282e-01
8.1254e-01
6.5919e-01
9.3500e-01
7.5556e-01
9.3601e-01
9.4352e-01
6.5192e-01
9.8729e-01
9.2856e-01
8.7791e-01
7.6617e-01
8.7119e-01
8.8158e-01
8.5015e-01
9.7387e-01
9.4284e-01
8.2762e-01
6.2038e-01
8.0576e-01
7.8944e-01
7.6601e-01
8.2102e-01
8.9902e-01
7.5228e-01
6.2999e-01
9.2050e-01
6.8085e-01
6.1275e-01
6.2472e-01
7.9213e-01
6.5414e-01
6.2913e-01
9.4945e-01
7.6515e-01
6.0942e-01
8.8410e-01
8.7591e-01
9.8110e-01
9.3828e-01
9.5949e-01
6.8933e-01
7.7903e-01
9.1520e-01
8.4996e-01
6.4511e-01
9.9552e-01
8.3500e-01
9.3141e-01
9.1415e-01
9.9664e-01
7.1324e-01
9.9335e-01
9.3475e-01
7.0033e-01
6.6031e-01
9.5450e-01
9.7494e-01
7.8205e-01
7.2545e-01
6.4640e-01
9.2255e-01
9.0571e-01
8.4701e-01
6.7743e-01
7.5727e-01
8.8535e-01
9.2960e-01
8.7932e-01
8.6181e-01
8.8630e-01
7.4469e-01
9.8122e-01
8.0239e-01
8.7717e-01
6.3404e-01
9.8381e-01
7.6406e-01
9.4582e-01
7.2697e-01
9.9424e-01
9.5009e-01
7.8506e-01
9.5586e-01
6.9638e-01
9.7596e-01
8.3949e-01
6.5761e-01
6.7373e-01
9.2638e-01
9.1393e-01
8.9088e-01
9.3924e-01
9.4541e-01
7.1048e-01
6.1494e-01
6.2275e-01
8.0594e-01
9.6340e-01
6.9052e-01
8.6928e-01
7.1886e-01
6.9055e-01
8.7084e-01
9.6337e-01
6.5405e-01
6.7480e-01
6.5576e-01
8.8484e-01
6.7907e-01
8.7970e-01
8.4233e-01
6.2479e-01
9.3658e-01
9.3746e-01
7.8662e-01
7.8458e-01
6.0261e-01
8.0144e-01
6.2222e-01
6.0688e-01
7.8037e-01
6.8934e-01
7.6710e-01
9.5013e-01
7.1420e-01
8.6914e-01
9.2937e-01
9.1282e-01
7.3195e-01
7.2890e-01
8.4910e-01
7.3651e-01
8.3336e-01
7.0109e-01
9.7703e-01
6.0512e-01
8.9963e-01
6.5762e-01
6.4256e-01
6.9548e-01
9.7506e-01
7.7033e-01
9.0995e-01
9.5246e-01
8.2052e-01
8.4040e-01
7.3136e-01
8.5206e-01
6.2306e-01
6.7766e-01
7.7722e-01
8.8329e-01
7.2492e-01
6.1431e-01
9.9296e-01
7.6271e-01
6.8518e-01
9.4298e-01
7.3228e-01
8.3747e-01
8.1747e-01
6.4023e-01
7.8793e-01
9.9175e-01
9.0475e-01
6.3621e-01
6.5207e-01
9.2760e-01
6.3989e-01
6.9506e-01
9.6276e-01
8.4817e-01
9.1168e-01
6.5880e-01
9.9727e-01
6.3158e-01
7.8086e-01
6.5666e-01
7.1848e-01
7.0392e-01
6.3631e-01
9.7120e-01
7.9632e-01
8.4067e-01
7.4537e-01
9.2907e-01
6.1166e-01
7.7485e-01
8.1138e-01
6.4867e-01
6.1033e-01
9.4358e-01
9.0311e-01
6.8265e-01
7.9750e-01
9.7158e-01
6.8961e-01
6.6926e-01
6.0343e-01
7.8852e-01
9.5858e-01
7.5809e-01
8.1439e-01
9.3734e-01
6.3332e-01
8.0538e-01
9.6963e-01
9.6048e-01
9.7088e-01
6.4993e-01
9.1006e-01
8.3565e-01
9.7541e-01
7.1399e-01
6.8257e-01
7.6183e-01
6.2111e-01
6.3132e-01
6.9099e-01
8.3367e-01
8.5711e-01
9.2072e-01
8.0464e-01
7.7432e-01
9.4151e-01
6.6633e-01
8.1950e-01
7.5728e-01
7.8009e-01
6.9661e-01
6.8388e-01
9.3601e-01
7.9148e-01
9.2517e-01
9.1007e-01
8.1837e-01
9.8267e-01
6.6794e-01
8.3258e-01
6.3511e-01
6.0380e-01
9.5384e-01
7.1536e-01
9.0336e-01
7.3570e-01
9.5196e-01
8.8110e-01
8.2715e-01
6.7425e-01
8.6285e-01
7.8384e-01
6.9598e-01
9.3957e-01
7.7836e-01
6.0064e-01
7.7497e-01
6.4814e-01
7.7443e-01
6.0137e-01
9.4966e-01
7.9632e-01
7.5369e-01
7.3595e-01
6.8976e-01
9.3642e-01
8.4256e-01
8.6197e-01
8.1681e-01
9.5121e-01
8.4214e-01
8.0402e-01
9.2164e-01
8.3092e-01
7.3863e-01
6.1368e-01
6.6435e-01
7.9240e-01
9.1763e-01
8.3761e-01
8.6689e-01
8.3354e-01
6.8545e-01
9.6811e-01
6.7838e-01
9.7164e-01
6.3405e-01
8.9202e-01
6.3315e-01
7.4710e-01
7.9634e-01
6.7809e-01
6.3201e-01
9.4585e-01
9.6843e-01
9.1060e-01
7.9272e-01
9.7045e-01
7.7740e-01
7.0571e-01
9.9995e-01
8.1860e-01
6.4814e-01
6.8052e-01
7.9744e-01
6.6585e-01
9.0411e-01
9.9410e-01
6.6853e-01
7.3348e-01
8.7317e-01
7.6017e-01
7.8917e-01
8.9974e-01
7.1153e-01
6.1850e-01
7.8007e-01
8.9899e-01
8.6279e-01
9.8129e-01
9.4875e-01
7.1129e-01
6.3259e-01
7.5241e-01
9.1179e-01
8.2458e-01
7.8273e-01
8.5441e-01
6.7288e-01
6.4024e-01
9.4534e-01
8.1200e-01
6.3135e-01
7.8694e-01
6.8075e-01
9.0648e-01
9.8316e-01
6.7715e-01
6.2412e-01
7.9028e-01
6.5343e-01
8.2308e-01
7.8815e-01
8.7855e-01
8.7675e-01
7.7865e-01
6.4058e-01
6.0387e-01
8.5144e-01
9.7763e-01
9.2669e-01
8.7687e-01
9.7495e-01
7.7221e-01
6.9571e-01
9.4226e-01
8.6498e-01
8.6599e-01
6.0302e-01
6.5095e-01
7.4165e-01
8.7029e-01
9.3546e-01
8.6446e-01
8.4172e-01
7.1696e-01
9.9065e-01
9.1269e-01
6.8608e-01
7.7115e-01
6.7374e-01
9.5644e-01
9.1505e-01
7.3398e-01
7.4616e-01
7.7680e-01
6.9223e-01
7.2526e-01
9.7769e-01
7.4898e-01
9.8307e-01
7.0677e-01
9.6101e-01
8.7446e-01
8.4715e-01
9.5959e-01
9.4675e-01
9.6005e-01
8.9922e-01
7.5776e-01
8.6479e-01
8.2100e-01
6.9893e-01
8.8251e-01
9.5267e-01
7.4133e-01
8.4857e-01
9.2799e-01
6.9735e-01
6.7987e-01
8.7673e-01
9.6832e-01
9.4809e-01
8.3414e-01
6.6551e-01
7.8245e-01
6.4726e-01
7.4723e-01
8.6515e-01
6.9739e-01
8.3524e-01
7.9400e-01
9.7150e-01
6.9949e-01
9.7292e-01
7.2566e-01
8.0374e-01
7.5097e-01
9.2872e-01
7.4326e-01
9.1060e-01
9.0573e-01
7.2827e-01
7.2651e-01
6.5778e-01
7.4145e-01
8.6152e-01
6.9641e-01
8.0616e-01
8.0227e-01
9.4820e-01
9.4371e-01
9.3466e-01
8.3368e-01
7.3336e-01
6.8615e-01
7.1324e-01
9.7744e-01
9.6482e-01
8.3984e-01
8.0792e-01
9.1857e-01
7.6409e-01
6.2582e-01
7.1418e-01
6.3562e-01
8.7110e-01
8.7210e-01
7.1592e-01
6.3287e-01
6.3073e-01
6.3327e-01
9.7052e-01
7.8005e-01
7.4715e-01
8.7604e-01
8.9371e-01
6.6505e-01
7.2486e-01
7.0570e-01
9.1374e-01
8.8681e-01
9.6402e-01
7.3333e-01
7.4591e-01
6.6986e-01
7.8391e-01
6.9765e-01
9.8133e-01
6.7697e-01
6.6683e-01
6.5691e-01
9.0918e-01
8.9952e-01
7.5198e-01
6.1755e-01
8.9794e-01
9.3213e-01
9.0471e-01
8.1437e-01
6.7965e-01
6.9555e-01
8.6878e-01
9.9956e-01
8.1450e-01
7.6059e-01
9.5684e-01
7.2483e-01
8.5661e-01
8.2752e-01
6.5399e-01
6.0622e-01
8.8256e-01
6.1300e-01
8.4223e-01
8.0618e-01
7.1376e-01
6.7572e-01
7.9645e-01
8.6865e-01
8.5839e-01
7.1107e-01
8.6721e-01
7.8166e-01
9.8172e-01
6.0375e-01
6.3859e-01
8.1719e-01
9.4519e-01
8.2718e-01
6.8746e-01
8.1719e-01
9.7282e-01
8.2739e-01
6.1903e-01
6.5859e-01
7.8610e-01
8.0281e-01
7.8556e-01
9.4358e-01
8.5623e-01
9.5553e-01
9.9161e-01
7.9690e-01
8.4858e-01
8.5716e-01
7.9313e-01
8.5591e-01
9.4533e-01
8.3307e-01
9.9043e-01
7.1617e-01
8.8600e-01
7.8141e-01
9.2894e-01
7.8241e-01
9.5012e-01
7.1915e-01
8.2287e-01
6.2747e-01
9.9440e-01
9.7523e-01
9.0459e-01
7.7145e-01
7.6347e-01
7.3462e-01
7.6724e-01
6.3043e-01
8.3653e-01
7.9325e-01
9.0264e-01
8.1957e-01
6.4839e-01
7.9239e-01
8.1410e-01
8.2468e-01
9.3184e-01
7.1924e-01
7.8856e-01
9.0014e-01
6.8008e-01
7.7307e-01
8.0618e-01
8.4201e-01
9.4793e-01
9.4875e-01
7.3517e-01
6.4392e-01
6.6644e-01
8.5172e-01
7.6916e-01
8.3158e-01
7.3837e-01
7.6854e-01
6.4729e-01
7.4095e-01
8.5093e-01
6.0545e-01
9.6575e-01
7.7335e-01
6.7593e-01
9.4780e-01
9.4626e-01
9.1703e-01
8.3383e-01
6.5827e-01
7.3959e-01
9.8182e-01
7.9638e-01
7.1523e-01
8.9948e-01
6.6554e-01
9.7449e-01
9.4825e-01
6.4360e-01
7.9680e-01
6.6571e-01
9.4926e-01
7.2099e-01
7.0609e-01
6.1385e-01
6.5654e-01
8.8549e-01
8.8658e-01
7.3553e-01
6.9661e-01
8.1483e-01
7.8065e-01
6.5649e-01
6.5662e-01
9.2786e-01
6.2884e-01
7.1897e-01
8.5283e-01
6.8156e-01
8.1429e-01
7.2272e-01
6.7756e-01
6.6678e-01
9.3990e-01
9.5693e-01
6.2406e-01
8.2092e-01
8.4749e-01
7.2935e-01
6.4823e-01
8.1661e-01
7.8152e-01
7.7022e-01
8.6008e-01
7.8980e-01
9.8845e-01
9.0533e-01
8.8373e-01
9.4885e-01
9.2732e-01
6.7714e-01
6.9403e-01
6.1580e-01
7.7053e-01
9.2365e-01
7.5361e-01
8.0002e-01
7.8331e-01
6.3943e-01
9.8029e-01
7.2584e-01
6.9845e-01
7.4525e-01
9.2866e-01
6.8659e-01
6.3795e-01
9.0855e-01
7.1265e-01
9.5440e-01
8.7312e-01
8.3645e-01
8.4069e-01
7.1299e-01
9.5597e-01
9.2786e-01
6.8736e-01
6.4562e-01
8.1779e-01
7.6399e-01
9.8197e-01
9.1872e-01
9.7268e-01
9.4613e-01
9.5043e-01
6.6036e-01
6.4349e-01
6.7684e-01
8.7455e-01
9.5036e-01
9.7692e-01
8.3068e-01
7.9570e-01
7.9360e-01
8.1078e-01
9.0001e-01
6.0376e-01
6.0008e-01
8.1020e-01
7.1493e-01
8.9871e-01
6.2799e-01
8.4736e-01
9.8909e-01
8.0267e-01
6.3098e-01
7.1521e-01
6.5580e-01
9.5009e-01
7.2240e-01
8.6490e-01
9.6445e-01
9.3112e-01
8.4307e-01
6.1034e-01
7.6624e-01
9.7801e-01
6.3388e-01
7.2320e-01
8.2989e-01
9.7927e-01
6.1092e-01
7.9054e-01
9.1600e-01
6.6762e-01
9.3117e-01
9.0099e-01
8.7658e-01
9.4777e-01
9.4271e-01
9.1881e-01
6.7153e-01
7.6095e-01
7.2079e-01
8.8020e-01
7.2500e-01
6.3517e-01
9.7316e-01
6.5106e-01
9.6332e-01
8.4377e-01
8.8285e-01
9.4511e-01
6.9053e-01
7.7082e-01
7.6548e-01
6.4615e-01
8.5093e-01
6.4161e-01
8.6010e-01
8.8357e-01
9.7028e-01
6.3535e-01
8.6946e-01
9.9618e-01
7.9743e-01
7.1249e-01
6.2771e-01
7.1275e-01
6.5916e-01
6.3257e-01
7.7148e-01
8.9562e-01
9.3386e-01
7.2413e-01
6.0986e-01
6.3384e-01
9.7013e-01
8.9646e-01
6.4582e-01
6.4497e-01
9.9757e-01
7.0704e-01
8.2207e-01
6.1425e-01
9.9199e-01
7.6299e-01
6.5918e-01
7.9327e-01
9.7399e-01
8.2618e-01
9.3356e-01
9.2337e-01
6.4388e-01
9.3190e-01
6.6715e-01
6.9225e-01
7.6283e-01
7.6576e-01
6.2126e-01
7.1087e-01
7.8688e-01
6.6253e-01
9.3321e-01
6.7808e-01
6.5100e-01
6.0055e-01
6.3158e-01
7.1953e-01
9.2029e-01
8.7765e-01
8.5002e-01
6.2038e-01
9.0559e-01
9.2038e-01
7.7478e-01
8.1994e-01
7.1620e-01
7.8933e-01
6.8969e-01
8.7150e-01
7.5423e-01
8.4467e-01
8.0533e-01
6.2325e-01
9.8873e-01
6.4939e-01
7.6964e-01
7.2268e-01
8.1225e-01
6.5095e-01
7.4128e-01
9.4986e-01
9.2006e-01
8.1671e-01
9.4300e-01
7.0461e-01
7.0352e-01
8.4195e-01
8.0187e-01
7.8372e-01
9.2120e-01
9.1906e-01
6.2312e-01
8.0026e-01
7.5919e-01
7.7542e-01
7.4583e-01
7.2434e-01
8.8439e-01
9.0926e-01
7.5849e-01
6.3250e-01
8.9230e-01
6.9556e-01
6.5171e-01
6.1796e-01
7.6995e-01
8.8466e-01
6.0483e-01
8.1500e-01
9.0002e-01
8.1610e-01
7.7008e-01
8.5380e-01
9.6095e-01
8.3955e-01
6.5712e-01
6.4929e-01
6.3974e-01
8.0301e-01
7.8704e-01
9.0131e-01
8.4771e-01
7.8385e-01
8.1277e-01
8.4436e-01
6.9280e-01
7.9746e-01
9.3003e-01
7.0530e-01
6.0060e-01
6.1540e-01
7.8132e-01
6.1597e-01
9.2203e-01
6.6893e-01
7.8870e-01
6.8691e-01
8.8554e-01
8.0838e-01
9.7868e-01
7.1572e-01
7.0995e-01
6.6203e-01
9.3864e-01
7.4061e-01
7.4614e-01
8.4010e-01
8.3999e-01
8.9415e-01
7.6256e-01
6.6728e-01
8.0877e-01
6.1140e-01
9.7918e-01
6.2360e-01
7.6309e-01
9.6982e-01
6.5183e-01
6.1202e-01
6.3455e-01
7.6619e-01
9.2354e-01
8.3885e-01
7.5652e-01
8.9660e-01
7.3344e-01
7.2165e-01
9.2941e-01
8.1352e-01
7.2494e-01
9.3956e-01
6.7891e-01
9.7470e-01
9.8317e-01
6.4596e-01
9.4462e-01
8.6314e-01
7.3840e-01
8.0590e-01
6.4400e-01
7.6934e-01
8.6163e-01
8.3805e-01
9.3336e-01
7.1879e-01
9.5483e-01
6.7424e-01
9.0600e-01
8.0853e-01
8.8274e-01
6.0415e-01
6.6516e-01
9.8167e-01
7.0166e-01
7.0252e-01
8.3591e-01
8.3158e-01
7.2721e-01
9.3720e-01
8.5516e-01
8.0392e-01
8.1183e-01
7.4231e-01
6.6843e-01
6.2591e-01
6.8746e-01
7.1581e-01
6.6210e-01
6.7792e-01
8.2104e-01
8.5072e-01
9.4857e-01
6.9516e-01
9.1162e-01
8.3039e-01
6.6324e-01
8.0661e-01
6.0537e-01
7.9380e-01
6.0730e-01
9.0805e-01
6.0901e-01
9.2791e-01
9.6469e-01
9.4994e-01
6.6409e-01
8.5669e-01
8.2373e-01
6.6947e-01
7.3241e-01
7.4919e-01
9.2072e-01
6.7205e-01
9.6043e-01
7.8955e-01
9.2541e-01
8.1586e-01
8.8702e-01
8.9512e-01
8.9913e-01
7.9141e-01
6.1891e-01
8.7537e-01
9.9923e-01
8.1502e-01
8.9388e-01
8.1056e-01
9.5873e-01
8.8099e-01
8.9749e-01
6.2337e-01
7.5379e-01
7.2300e-01
8.6273e-01
9.7473e-01
7.0923e-01
9.8126e-01
6.5520e-01
7.5566e-01
6.4709e-01
6.9393e-01
8.3512e-01
6.2971e-01
7.3131e-01
7.9086e-01
7.0408e-01
6.5435e-01
9.3162e-01
7.0123e-01
9.8769e-01
7.2338e-01
7.9173e-01
7.2326e-01
7.6358e-01
9.0483e-01
9.5722e-01
8.6458e-01
8.4419e-01
9.1760e-01
8.8244e-01
7.0470e-01
9.9993e-01
6.1312e-01
7.9127e-01
7.2052e-01
9.8165e-01
9.5675e-01
8.3546e-01
8.9776e-01
7.9997e-01
7.6271e-01
6.6724e-01
7.3713e-01
6.0933e-01
6.9255e-01
7.6735e-01
9.0260e-01
8.3872e-01
8.3603e-01
9.9482e-01
6.6754e-01
7.6628e-01
7.0317e-01
7.0246e-01
6.9685e-01
8.1366e-01
7.1230e-01
8.3028e-01
9.7232e-01
7.7869e-01
7.9117e-01
9.0992e-01
9.6811e-01
7.9341e-01
9.0405e-01
8.0156e-01
9.8269e-01
9.5998e-01
9.3628e-01
8.8673e-01
8.3632e-01
8.0276e-01
7.7057e-01
9.5194e-01
7.6269e-01
6.2383e-01
6.2499e-01
7.0087e-01
8.6660e-01
8.5993e-01
6.7692e-01
6.2783e-01
7.6187e-01
7.8219e-01
6.1397e-01
7.8107e-01
8.7026e-01
9.1917e-01
8.8377e-01
8.3400e-01
8.2796e-01
7.1845e-01
7.1587e-01
9.9094e-01
6.6708e-01
9.3807e-01
7.3935e-01
9.6085e-01
6.5200e-01
9.7589e-01
6.3333e-01
9.1617e-01
9.2796e-01
6.5663e-01
9.2652e-01
9.2257e-01
9.2181e-01
6.0424e-01
8.0741e-01
9.9393e-01
7.9327e-01
7.9297e-01
9.5279e-01
7.2547e-01
8.0528e-01
9.1889e-01
6.3291e-01
8.9135e-01
8.1606e-01
9.7142e-01
7.5796e-01
9.9739e-01
6.6503e-01
9.9908e-01
9.1365e-01
8.4321e-01
9.7858e-01
8.2607e-01
6.3129e-01
9.4714e-01
9.0259e-01
8.1109e-01
9.7319e-01
9.8237e-01
8.3606e-01
9.8315e-01
6.3031e-01
7.9759e-01
6.1904e-01
6.0339e-01
8.3479e-01
7.1794e-01
9.0046e-01
6.5446e-01
8.9742e-01
8.4488e-01
9.4048e-01
9.8016e-01
6.2710e-01
6.9544e-01
6.5433e-01
9.2195e-01
8.4708e-01
7.6961e-01
8.0789e-01
6.3171e-01
7.3153e-01
7.1357e-01
8.8999e-01
6.1971e-01
8.1883e-01
9.7436e-01
8.7546e-01
9.7536e-01
7.4562e-01
8.5329e-01
9.4854e-01
9.0168e-01
8.2031e-01
6.4046e-01
7.9403e-01
9.6832e-01
7.9522e-01
9.3076e-01
7.5905e-01
8.9562e-01
9.5601e-01
6.9331e-01
7.8440e-01
9.3988e-01
8.5524e-01
9.3049e-01
8.3713e-01
8.9408e-01
8.0187e-01
6.5111e-01
6.9516e-01
9.7936e-01
7.7203e-01
7.3763e-01
9.4368e-01
9.6508e-01
9.0818e-01
6.8725e-01
8.0199e-01
9.5803e-01
6.2062e-01
7.3659e-01
8.7061e-01
9.8693e-01
9.5324e-01
8.6554e-01
7.8335e-01
6.7205e-01
6.9129e-01
7.2160e-01
7.0552e-01
7.6877e-01
8.9361e-01
8.6887e-01
9.9685e-01
8.8273e-01
8.1404e-01
6.6861e-01
8.8090e-01
8.3864e-01
9.2610e-01
8.0108e-01
6.2493e-01
8.1930e-01
6.0501e-01
8.7801e-01
8.0644e-01
6.3881e-01
6.4425e-01
6.2815e-01
7.3998e-01
9.9448e-01
9.3249e-01
8.1795e-01
7.4514e-01
7.1740e-01
7.2757e-01
6.1976e-01
6.7760e-01
9.0231e-01
7.7339e-01
8.1978e-01
8.3698e-01
9.4994e-01
8.4823e-01
7.6398e-01
9.9151e-01
8.6444e-01
9.2214e-01
7.4541e-01
6.0239e-01
6.3974e-01
9.1369e-01
7.7475e-01
9.2224e-01
8.6381e-01
7.9594e-01
9.6087e-01
9.6005e-01
6.5807e-01
7.6930e-01
9.1080e-01
8.9096e-01
7.5085e-01
6.4405e-01
8.8772e-01
9.4082e-01
9.8307e-01
9.1424e-01
8.8563e-01
9.9422e-01
8.6207e-01
8.2488e-01
9.0828e-01
8.7055e-01
7.1947e-01
8.0824e-01
9.3433e-01
9.7380e-01
8.7078e-01
7.8766e-01
9.7270e-01
9.6767e-01
8.7963e-01
7.6939e-01
9.8248e-01
9.3434e-01
6.7997e-01
7.2046e-01
8.2478e-01
6.9162e-01
6.4557e-01
8.2635e-01
7.9709e-01
6.6113e-01
8.4660e-01
8.0212e-01
8.2289e-01
6.8558e-01
8.7057e-01
9.9069e-01
8.7772e-01
6.4941e-01
8.1317e-01
6.9151e-01
9.3456e-01
8.5924e-01
9.0040e-01
7.3033e-01
7.6469e-01
9.8488e-01
8.0027e-01
7.6837e-01
6.3552e-01
7.8981e-01
6.0970e-01
6.7509e-01
6.1624e-01
7.3968e-01
9.4990e-01
9.9263e-01
6.5078e-01
8.9606e-01
8.9901e-01
6.9246e-01
8.7855e-01
9.7301e-01
6.5223e-01
7.9171e-01
7.3660e-01
6.8141e-01
9.6028e-01
6.5156e-01
7.4057e-01
9.2368e-01
8.1756e-01
8.1442e-01
8.8714e-01
8.8402e-01
7.3760e-01
6.2564e-01
6.0589e-01
7.5431e-01
6.8837e-01
7.0319e-01
7.6962e-01
9.4103e-01
6.9003e-01
9.1103e-01
6.5675e-01
6.2059e-01
9.7283e-01
8.6398e-01
8.8341e-01
8.2018e-01
7.8300e-01
6.0114e-01
6.6552e-01
9.7506e-01
8.0857e-01
6.3724e-01
8.9643e-01
8.4699e-01
8.1989e-01
9.6335e-01
6.2291e-01
8.2937e-01
7.8645e-01
6.5439e-01
8.7835e-01
6.6754e-01
8.3088e-01
7.0895e-01
7.8911e-01
6.9157e-01
7.1380e-01
9.9990e-01
8.2207e-01
6.3951e-01
9.9003e-01
7.5442e-01
6.6234e-01
8.3940e-01
8.8175e-01
8.1042e-01
9.8530e-01
8.9690e-01
9.3715e-01
8.7836e-01
6.3646e-01
7.8832e-01
7.3431e-01
7.4159e-01
6.1044e-01
8.0864e-01
8.7317e-01
9.5103e-01
8.8199e-01
9.3200e-01
6.2369e-01
7.4844e-01
6.4886e-01
8.1016e-01
7.4365e-01
8.7600e-01
6.2934e-01
6.4540e-01
9.3934e-01
7.9563e-01
8.7912e-01
6.8716e-01
8.8477e-01
9.0909e-01
8.0758e-01
9.1924e-01
9.5576e-01
8.7407e-01
8.1318e-01
9.7068e-01
8.4257e-01
8.2609e-01
8.8468e-01
9.8519e-01
6.8107e-01
9.9475e-01
8.2697e-01
6.5755e-01
8.4811e-01
9.2660e-01
8.4690e-01
6.0208e-01
7.4806e-01
7.2226e-01
8.5383e-01
8.7739e-01
6.0707e-01
7.8669e-01
7.2782e-01
6.9832e-01
7.1976e-01
9.8690e-01
7.6286e-01
6.5093e-01
9.0637e-01
8.6850e-01
9.9650e-01
9.0382e-01
7.4578e-01
7.1014e-01
7.7066e-01
6.0694e-01
8.3279e-01
9.9239e-01
7.3836e-01
9.4015e-01
6.1781e-01
8.6773e-01
7.7858e-01
7.2816e-01
8.6463e-01
9.6123e-01
6.9929e-01
6.8852e-01
9.2204e-01
7.9396e-01
9.0563e-01
8.4051e-01
6.3660e-01
9.5500e-01
6.9744e-01
7.9454e-01
6.9186e-01
6.6455e-01
7.8285e-01
9.0327e-01
9.5507e-01
7.5385e-01
7.7296e-01
7.8783e-01
7.0239e-01
6.3448e-01
9.8919e-01
7.7287e-01
6.5684e-01
6.3755e-01
6.2180e-01
7.8983e-01
9.3691e-01
8.3796e-01
6.4964e-01
9.1351e-01
6.6753e-01
8.5372e-01
9.9236e-01
9.8205e-01
7.7509e-01
8.9673e-01
6.9379e-01
6.9434e-01
7.4468e-01
7.1846e-01
6.7831e-01
6.4847e-01
7.3850e-01
8.5565e-01
6.7742e-01
7.5092e-01
7.9176e-01
9.6216e-01
9.9729e-01
8.3392e-01
9.4465e-01
6.2713e-01
6.8580e-01
8.3609e-01
9.7877e-01
6.7482e-01
9.1151e-01
6.1588e-01
7.6832e-01
9.1007e-01
7.9434e-01
7.2702e-01
9.2635e-01
8.5639e-01
8.5878e-01
6.1438e-01
8.9274e-01
7.1956e-01
7.7062e-01
6.0919e-01
9.6459e-01
8.1970e-01
6.0957e-01
9.7691e-01
6.4490e-01
9.0348e-01
6.9001e-01
8.7318e-01
6.4083e-01
7.3191e-01
8.0987e-01
8.7904e-01
8.2439e-01
8.7945e-01
9.3755e-01
9.0590e-01
8.0819e-01
9.7235e-01
7.9924e-01
7.8811e-01
6.6937e-01
8.9878e-01
7.3338e-01
9.4371e-01
9.2802e-01
7.6268e-01
9.6542e-01
7.7475e-01
9.4140e-01
9.5709e-01
8.3083e-01
6.0134e-01
7.4852e-01
8.2976e-01
6.7800e-01
9.2342e-01
8.8184e-01
8.5188e-01
9.8955e-01
9.7002e-01
8.8899e-01
9.1011e-01
7.3084e-01
6.6117e-01
7.1299e-01
9.5669e-01
9.1242e-01
9.1581e-01
7.6793e-01
6.6687e-01
9.8474e-01
8.2936e-01
8.9401e-01
9.5432e-01
9.0543e-01
9.7769e-01
6.6079e-01
8.7857e-01
6.4438e-01
9.5259e-01
9.3896e-01
9.4316e-01
9.1561e-01
9.8535e-01
7.7171e-01
6.9722e-01
6.3980e-01
6.1594e-01
8.3294e-01
9.1234e-01
7.9742e-01
6.6552e-01
8.0751e-01
8.6799e-01
6.7793e-01
6.2819e-01
8.1291e-01
6.4451e-01
7.6585e-01
6.8012e-01
9.7058e-01
8.9695e-01
8.8627e-01
7.2519e-01
9.2652e-01
9.1519e-01
9.7245e-01
7.9733e-01
8.4189e-01
9.9923e-01
7.8860e-01
6.5170e-01
6.0281e-01
6.5340e-01
6.7859e-01
8.9863e-01
6.8949e-01
7.5321e-01
8.1976e-01
8.9059e-01
9.5075e-01
6.4995e-01
6.1910e-01
7.2935e-01
7.3743e-01
6.0887e-01
6.3889e-01
8.0099e-01
6.3395e-01
8.4654e-01
6.5161e-01
7.5893e-01
6.2641e-01
9.5831e-01
7.8638e-01
8.4792e-01
7.7309e-01
8.8825e-01
8.9740e-01
6.5853e-01
