9.9590e-01
8.5373e-01
9.4560e-01
8.5995e-01
7.0256e-01
6.4968e-01
9.8740e-01
6.1718e-01
9.6922e-01
8.5655e-01
9.9216e-01
8.4674e-01
6.5944e-01
8.9403e-01
7.7236e-01
9.8678e-01
7.8951e-01
7.7106e-01
7.3254e-01
9.9779e-01
9.4563e-01
7.0446e-01
6.8262e-01
8.3050e-01
6.1159e-01
9.7689e-01
6.8666e-01
6.6015e-01
7.4190e-01
7.2051e-01
8.5545e-01
7.5182e-01
7.1505e-01
7.0386e-01
8.9489e-01
9.0253e-01
7.0119e-01
7.6582e-01
7.9698e-01
9.1593e-01
7.5340e-01
9.8477e-01
8.8351e-01
8.5298e-01
6.4342e-01
6.2934e-01
8.9418e-01
7.0532e-01
9.2217e-01
9.4969e-01
9.7116e-01
9.8026e-01
7.3199e-01
6.3127e-01
9.7699e-01
6.1226e-01
6.8207e-01
6.5372e-01
6.7827e-01
8.5834e-01
9.1118e-01
7.1635e-01
8.9101e-01
6.3393e-01
8.9831e-01
8.1590e-01
9.8438e-01
7.3339e-01
6.3807e-01
7.4775e-01
9.3850e-01
9.1865e-01
7.4237e-01
9.9833e-01
9.5517e-01
6.9905e-01
6.5422e-01
9.5545e-01
6.8559e-01
6.2073e-01
7.4158e-01
8.9421e-01
6.6233e-01
9.2391e-01
9.4871e-01
7.6547e-01
7.9198e-01
7.0375e-01
8.1135e-01
6.2431e-01
6.2058e-01
9.3438e-01
7.9378e-01
6.1354e-01
7.6914e-01
7.6057e-01
8.6810e-01
9.4446e-01
7.9365e-01
8.9109e-01
9.5561e-01
7.1446e-01
7.4799e-01
7.5103e-01
7.8309e-01
6.8100e-01
6.7442e-01
6.3397e-01
7.8650e-01
9.3733e-01
7.9899e-01
9.7565e-01
7.0872e-01
6.6707e-01
6.5650e-01
8.2423e-01
7.0299e-01
9.7885e-01
6.3834e-01
8.4230e-01
9.0073e-01
9.5595e-01
7.9435e-01
9.9190e-01
7.6849e-01
9.1842e-01
6.0234e-01
6.8603e-01
6.2167e-01
9.5486e-01
7.5829e-01
7.2278e-01
8.0171e-01
6.8184e-01
8.8545e-01
7.6817e-01
7.5371e-01
7.1885e-01
6.3128e-01
8.5875e-01
9.3988e-01
8.0584e-01
9.2116e-01
7.8874e-01
7.7861e-01
9.9293e-01
9.0553e-01
9.0017e-01
9.6081e-01
7.8361e-01
8.1906e-01
6.8740e-01
6.3989e-01
6.7991e-01
8.9833e-01
9.3949e-01
6.6196e-01
7.3007e-01
6.1449e-01
8.4650e-01
8.4011e-01
7.1754e-01
7.7654e-01
7.1375e-01
9.8828e-01
7.6629e-01
8.8023e-01
9.6977e-01
9.0932e-01
7.6816e-01
9.8226e-01
9.9184e-01
6.3561e-01
6.4646e-01
7.6985e-01
6.8716e-01
8.5031e-01
6.4755e-01
7.6188e-01
7.6410e-01
9.6411e-01
9.5445e-01
8.5817e-01
6.6675e-01
7.2051e-01
8.1239e-01
6.1161e-01
8.4696e-01
7.5890e-01
7.8371e-01
7.5828e-01
6.8030e-01
8.3675e-01
9.0333e-01
6.4493e-01
9.3281e-01
9.2839e-01
9.1018e-01
9.1876e-01
9.7516e-01
6.6496e-01
9.3240e-01
9.3740e-01
6.6119e-01
8.3986e-01
6.6482e-01
9.7122e-01
6.6208e-01
8.8655e-01
8.2649e-01
9.1050e-01
8.1191e-01
6.3986e-01
8.2724e-01
6.3281e-01
8.1715e-01
7.1441e-01
6.8049e-01
7.6188e-01
8.3196e-01
9.6858e-01
7.3130e-01
6.2774e-01
9.0776e-01
7.3119e-01
6.1079e-01
6.6182e-01
7.2253e-01
9.0513e-01
8.0200e-01
9.4723e-01
9.2968e-01
6.5990e-01
8.8307e-01
9.3228e-01
8.0741e-01
6.4949e-01
6.8431e-01
7.0488e-01
6.7392e-01
7.5266e-01
6.1214e-01
8.2082e-01
9.4699e-01
9.1360e-01
6.0364e-01
9.2549e-01
7.9588e-01
9.5867e-01
8.8262e-01
6.2892e-01
7.3646e-01
8.9286e-01
9.6471e-01
8.9345e-01
6.6759e-01
6.0595e-01
6.0588e-01
6.9253e-01
6.9349e-01
8.6964e-01
7.2264e-01
6.9049e-01
8.5706e-01
8.2185e-01
9.1872e-01
6.4335e-01
7.4606e-01
8.2423e-01
7.1698e-01
9.5543e-01
7.9981e-01
8.6504e-01
7.9885e-01
8.2638e-01
6.7800e-01
9.7932e-01
8.2813e-01
9.9917e-01
8.2245e-01
6.3302e-01
7.6558e-01
8.8697e-01
8.0264e-01
9.1031e-01
9.7172e-01
8.7437e-01
8.3695e-01
8.4411e-01
6.7634e-01
7.4387e-01
6.6002e-01
7.1410e-01
8.0822e-01
7.6240e-01
9.6886e-01
9.4001e-01
7.8138e-01
7.7893e-01
8.8130e-01
8.8893e-01
7.2619e-01
9.7346e-01
7.1820e-01
7.7772e-01
7.6472e-01
7.5688e-01
7.6896e-01
7.1191e-01
6.1537e-01
7.2023e-01
6.6245e-01
9.2104e-01
7.8456e-01
8.0125e-01
8.8335e-01
9.3673e-01
9.9857e-01
8.8247e-01
8.3019e-01
9.0612e-01
6.4725e-01
6.0527e-01
7.2185e-01
8.5057e-01
9.8110e-01
7.2882e-01
6.5260e-01
6.8621e-01
9.6396e-01
6.3450e-01
6.4649e-01
6.9383e-01
9.6405e-01
9.3006e-01
7.9775e-01
8.4418e-01
8.0004e-01
7.2468e-01
8.6201e-01
6.0585e-01
7.8488e-01
9.8146e-01
8.5837e-01
6.5394e-01
7.0420e-01
6.9502e-01
9.9409e-01
6.5814e-01
6.5759e-01
8.2482e-01
9.3477e-01
6.3055e-01
6.0458e-01
7.5827e-01
8.5640e-01
6.0168e-01
7.0326e-01
8.9110e-01
7.3914e-01
7.5321e-01
9.2579e-01
8.9044e-01
8.4406e-01
9.0819e-01
8.0553e-01
6.9952e-01
8.1878e-01
7.9490e-01
8.2195e-01
9.4865e-01
6.8226e-01
6.2754e-01
7.8050e-01
8.5724e-01
8.7651e-01
8.9000e-01
7.8289e-01
7.7871e-01
9.8504e-01
9.8547e-01
9.4383e-01
9.4195e-01
6.1321e-01
9.9562e-01
8.2113e-01
9.8555e-01
8.3844e-01
6.7672e-01
9.5411e-01
7.0322e-01
8.7347e-01
8.2118e-01
9.4785e-01
9.5530e-01
7.0530e-01
6.7171e-01
6.1254e-01
7.2239e-01
8.7827e-01
8.8987e-01
7.4332e-01
7.8059e-01
7.5307e-01
6.1065e-01
7.0751e-01
8.5257e-01
8.7052e-01
9.7265e-01
7.7910e-01
8.0784e-01
7.7129e-01
8.6467e-01
8.3496e-01
9.0635e-01
9.1811e-01
6.5262e-01
9.6472e-01
7.2716e-01
8.7544e-01
9.4207e-01
7.4175e-01
9.2994e-01
6.2847e-01
7.5740e-01
8.8096e-01
6.9286e-01
8.7851e-01
9.2169e-01
7.9374e-01
8.1093e-01
7.5961e-01
7.0715e-01
8.9215e-01
6.9536e-01
9.7070e-01
9.6750e-01
9.4467e-01
8.6720e-01
7.9072e-01
9.5125e-01
9.4603e-01
8.2613e-01
6.6727e-01
6.6680e-01
9.7762e-01
8.3591e-01
6.7958e-01
9.7051e-01
9.3871e-01
8.9583e-01
9.4620e-01
7.2902e-01
8.0536e-01
7.3366e-01
9.1718e-01
9.3008e-01
8.4103e-01
8.7084e-01
6.4967e-01
9.0822e-01
8.2288e-01
9.2743e-01
8.5646e-01
7.5825e-01
8.0856e-01
6.2681e-01
9.8752e-01
8.8955e-01
6.5050e-01
9.1527e-01
7.5567e-01
9.8947e-01
7.3335e-01
6.5789e-01
7.5525e-01
9.6427e-01
9.6552e-01
7.3464e-01
7.7347e-01
9.2733e-01
6.6447e-01
6.1382e-01
6.6453e-01
6.0418e-01
8.0294e-01
9.9729e-01
7.9936e-01
7.0233e-01
9.2409e-01
7.2694e-01
7.8998e-01
8.9544e-01
6.2273e-01
8.3026e-01
9.3761e-01
9.7630e-01
9.7365e-01
8.0769e-01
9.0600e-01
6.9739e-01
8.3790e-01
7.3883e-01
7.5062e-01
8.3785e-01
6.0337e-01
9.6005e-01
8.2540e-01
9.5942e-01
7.5762e-01
7.2611e-01
6.4685e-01
6.4585e-01
6.5426e-01
9.2855e-01
8.4388e-01
9.1682e-01
7.0883e-01
6.5764e-01
6.0749e-01
6.6230e-01
6.2740e-01
9.6187e-01
8.8806e-01
7.8722e-01
6.9847e-01
8.3927e-01
7.3028e-01
9.4122e-01
8.9907e-01
9.6441e-01
8.0170e-01
7.5322e-01
7.1098e-01
8.4873e-01
8.8531e-01
6.4682e-01
6.3418e-01
6.4633e-01
9.4693e-01
8.6535e-01
6.4915e-01
9.6413e-01
7.7643e-01
9.2355e-01
8.2852e-01
8.5204e-01
6.7729e-01
8.9484e-01
9.8388e-01
9.8443e-01
8.6679e-01
7.9766e-01
7.2354e-01
6.9412e-01
8.8187e-01
7.5667e-01
9.8215e-01
8.0706e-01
7.6260e-01
6.1211e-01
9.8036e-01
7.0496e-01
7.3998e-01
7.7758e-01
8.3427e-01
6.4152e-01
7.7455e-01
6.4502e-01
9.8635e-01
9.9026e-01
8.3350e-01
7.8685e-01
9.9773e-01
7.8813e-01
9.6247e-01
6.5663e-01
7.3381e-01
7.0121e-01
6.9096e-01
6.9101e-01
8.6724e-01
6.8779e-01
8.8060e-01
7.2794e-01
9.3555e-01
7.1507e-01
7.8439e-01
8.5143e-01
9.7800e-01
7.8533e-01
8.0900e-01
9.2359e-01
9.8063e-01
7.1346e-01
6.1320e-01
9.9814e-01
6.6956e-01
6.2725e-01
6.7336e-01
8.4668e-01
9.2755e-01
6.8586e-01
9.8398e-01
9.9179e-01
6.6291e-01
7.8088e-01
8.0092e-01
9.1689e-01
9.9324e-01
9.5996e-01
8.5447e-01
6.4025e-01
9.4828e-01
9.3322e-01
8.1446e-01
6.6273e-01
8.8277e-01
8.0092e-01
6.6215e-01
9.0151e-01
8.4732e-01
6.0020e-01
7.9230e-01
6.4719e-01
6.9061e-01
7.3800e-01
8.8083e-01
9.9254e-01
6.1439e-01
7.8159e-01
7.5236e-01
9.1878e-01
9.2461e-01
9.8294e-01
7.8375e-01
8.9325e-01
9.2328e-01
7.2308e-01
6.2299e-01
9.9162e-01
7.5372e-01
7.6014e-01
6.5743e-01
8.1223e-01
8.0853e-01
6.2323e-01
9.3684e-01
8.4396e-01
8.5596e-01
8.6908e-01
8.1504e-01
6.4344e-01
7.6459e-01
7.0536e-01
9.6209e-01
7.6237e-01
8.4507e-01
6.0396e-01
8.2470e-01
9.2325e-01
9.2759e-01
9.6137e-01
6.5286e-01
7.2656e-01
7.4565e-01
7.3090e-01
7.7495e-01
6.3656e-01
9.6142e-01
8.9579e-01
7.6047e-01
6.9176e-01
6.9505e-01
6.5131e-01
6.5831e-01
6.6111e-01
7.9673e-01
9.4433e-01
6.6342e-01
8.6066e-01
7.5935e-01
6.9246e-01
9.7995e-01
8.7729e-01
9.0324e-01
9.2823e-01
7.6993e-01
7.4751e-01
6.1856e-01
8.6789e-01
8.7724e-01
8.7119e-01
8.0360e-01
8.9202e-01
6.0115e-01
7.2009e-01
6.8942e-01
8.7725e-01
7.1911e-01
9.2083e-01
8.7537e-01
8.8690e-01
7.3907e-01
7.1652e-01
6.8757e-01
8.1109e-01
8.4089e-01
7.1944e-01
9.9181e-01
9.6030e-01
8.3617e-01
8.1304e-01
7.2886e-01
9.7221e-01
7.7129e-01
9.0874e-01
7.2206e-01
6.2090e-01
6.7118e-01
8.3102e-01
9.3245e-01
7.7516e-01
6.6561e-01
6.7155e-01
9.9077e-01
8.9882e-01
9.5546e-01
8.3094e-01
7.4943e-01
7.4389e-01
9.8233e-01
6.7121e-01
9.7927e-01
7.0738e-01
8.1098e-01
9.0850e-01
8.3204e-01
8.9585e-01
9.2453e-01
7.4854e-01
9.5788e-01
6.4567e-01
8.0369e-01
8.4825e-01
8.0467e-01
9.0818e-01
7.3867e-01
7.3088e-01
7.6799e-01
7.4883e-01
7.0249e-01
8.0866e-01
6.5594e-01
8.5218e-01
6.1228e-01
9.1358e-01
7.7808e-01
6.6477e-01
7.8101e-01
9.6947e-01
8.2160e-01
7.7560e-01
8.6445e-01
6.8394e-01
7.7631e-01
6.3225e-01
9.1034e-01
9.5051e-01
8.2924e-01
6.5996e-01
8.0558e-01
9.0310e-01
8.6852e-01
8.1852e-01
8.4234e-01
9.4943e-01
6.9438e-01
9.6239e-01
8.1933e-01
9.2065e-01
8.3716e-01
9.9315e-01
6.3324e-01
8.6938e-01
9.0604e-01
8.0432e-01
9.5055e-01
9.7752e-01
8.1885e-01
6.6090e-01
9.3150e-01
7.1110e-01
6.1700e-01
7.1606e-01
6.5918e-01
8.0844e-01
6.7763e-01
9.9070e-01
8.9408e-01
9.6604e-01
6.5223e-01
7.7375e-01
8.0410e-01
8.7386e-01
6.9223e-01
6.5464e-01
9.7853e-01
7.3238e-01
9.8436e-01
7.1278e-01
8.9866e-01
6.3323e-01
7.8068e-01
7.8318e-01
9.8148e-01
9.9504e-01
9.5854e-01
6.4681e-01
8.5321e-01
9.6147e-01
6.1192e-01
7.5195e-01
8.9646e-01
8.4399e-01
6.4536e-01
6.6838e-01
9.3667e-01
8.5096e-01
6.3638e-01
9.7997e-01
9.2228e-01
8.7805e-01
7.9544e-01
6.0264e-01
6.1779e-01
7.8311e-01
8.9366e-01
9.6354e-01
8.5832e-01
8.3250e-01
6.9500e-01
7.6803e-01
8.0513e-01
6.3873e-01
7.1923e-01
9.1910e-01
8.5447e-01
7.6049e-01
7.3431e-01
6.8600e-01
7.1320e-01
9.1634e-01
9.9290e-01
7.4945e-01
6.6166e-01
9.8776e-01
7.6125e-01
8.7560e-01
7.6900e-01
9.4119e-01
6.8810e-01
7.0666e-01
7.7063e-01
9.2392e-01
6.8259e-01
8.0437e-01
6.5622e-01
6.4683e-01
8.3611e-01
9.4734e-01
7.7580e-01
8.4971e-01
9.8030e-01
7.0016e-01
7.1439e-01
9.6558e-01
8.4069e-01
7.7180e-01
6.5736e-01
6.4955e-01
6.9827e-01
6.8305e-01
6.0714e-01
6.5138e-01
7.4228e-01
8.6194e-01
6.7254e-01
9.9505e-01
7.3205e-01
6.8274e-01
8.5601e-01
6.5529e-01
6.0187e-01
9.0994e-01
7.2611e-01
9.6368e-01
7.4166e-01
8.4861e-01
9.1151e-01
6.8517e-01
7.7259e-01
9.2228e-01
7.4888e-01
9.5516e-01
6.3756e-01
7.9115e-01
9.9089e-01
6.9347e-01
6.0982e-01
9.1214e-01
7.7536e-01
9.1075e-01
9.2650e-01
8.4839e-01
8.8467e-01
8.2135e-01
9.7231e-01
9.1546e-01
8.6704e-01
8.8455e-01
7.6142e-01
9.1514e-01
8.8914e-01
6.5513e-01
7.1076e-01
7.4191e-01
6.1292e-01
8.6787e-01
9.8172e-01
9.4315e-01
9.2696e-01
7.2948e-01
8.1089e-01
9.1600e-01
8.5609e-01
9.7682e-01
7.8508e-01
9.7808e-01
9.5139e-01
9.9407e-01
8.8631e-01
9.6116e-01
6.0289e-01
7.5567e-01
8.8833e-01
9.5351e-01
6.6045e-01
7.3856e-01
9.6148e-01
9.0660e-01
7.7480e-01
6.3668e-01
8.7606e-01
7.3871e-01
7.4967e-01
7.1358e-01
8.7029e-01
6.6578e-01
7.0004e-01
7.0584e-01
9.0952e-01
8.5248e-01
9.6700e-01
8.4283e-01
8.3218e-01
6.8474e-01
9.0753e-01
8.6788e-01
6.3334e-01
7.7716e-01
9.3128e-01
7.0823e-01
6.3704e-01
8.9757e-01
9.5984e-01
6.0820e-01
9.9603e-01
7.2997e-01
6.4976e-01
9.3166e-01
9.3891e-01
8.5601e-01
6.0674e-01
6.1247e-01
9.3729e-01
7.8989e-01
8.8867e-01
6.9624e-01
7.3968e-01
6.2143e-01
9.9056e-01
9.5976e-01
9.2996e-01
9.9585e-01
6.2017e-01
8.3600e-01
9.2943e-01
6.7663e-01
8.2522e-01
6.5518e-01
6.3233e-01
7.7372e-01
9.8037e-01
6.7882e-01
8.1121e-01
8.8866e-01
7.2449e-01
8.2198e-01
9.8180e-01
8.0687e-01
9.7702e-01
8.9702e-01
6.8800e-01
7.2578e-01
6.9124e-01
9.1956e-01
7.1327e-01
9.3864e-01
6.9333e-01
7.8610e-01
6.1997e-01
6.4712e-01
9.6826e-01
8.6696e-01
8.5788e-01
7.6031e-01
6.3339e-01
8.2338e-01
9.9066e-01
6.5973e-01
8.5535e-01
7.7971e-01
9.5462e-01
8.9775e-01
9.3918e-01
6.1316e-01
9.4571e-01
7.0115e-01
7.1451e-01
8.0526e-01
6.6253e-01
6.7536e-01
9.7182e-01
8.8330e-01
9.3656e-01
9.4682e-01
6.5260e-01
9.7636e-01
8.7508e-01
6.8812e-01
8.7286e-01
9.0511e-01
6.5758e-01
9.1988e-01
6.9674e-01
7.6586e-01
8.1012e-01
8.6302e-01
7.9388e-01
8.2970e-01
7.1319e-01
6.4876e-01
9.5828e-01
8.1813e-01
7.4787e-01
6.6288e-01
7.7036e-01
8.2502e-01
8.8060e-01
6.5539e-01
9.1950e-01
7.1387e-01
7.4731e-01
9.2389e-01
7.9578e-01
9.3468e-01
8.2202e-01
9.8886e-01
6.2008e-01
9.7697e-01
8.3112e-01
9.3177e-01
7.7051e-01
7.3871e-01
6.9061e-01
9.7545e-01
6.7539e-01
7.8749e-01
8.7798e-01
8.7940e-01
6.8227e-01
6.6267e-01
9.0256e-01
8.9936e-01
7.6664e-01
8.4072e-01
9.3712e-01
7.2019e-01
9.0812e-01
9.6609e-01
8.4515e-01
8.0910e-01
8.1263e-01
9.5106e-01
6.8700e-01
6.7336e-01
7.9721e-01
7.8394e-01
8.8396e-01
7.9639e-01
8.0826e-01
7.7235e-01
9.1343e-01
8.4510e-01
8.0371e-01
8.0705e-01
8.8729e-01
7.0815e-01
8.7411e-01
7.6481e-01
9.1317e-01
9.6010e-01
8.5803e-01
9.5039e-01
9.7354e-01
9.3072e-01
7.0986e-01
6.5082e-01
6.6498e-01
7.1915e-01
6.6591e-01
8.5805e-01
7.2064e-01
8.4710e-01
6.6299e-01
9.2247e-01
6.2989e-01
6.9869e-01
9.5337e-01
6.6822e-01
9.0343e-01
6.6277e-01
7.5100e-01
6.4592e-01
6.7027e-01
6.2779e-01
6.2123e-01
7.4207e-01
7.9392e-01
9.2713e-01
7.7779e-01
7.5996e-01
6.6821e-01
7.0187e-01
9.7057e-01
9.9854e-01
8.3013e-01
9.4088e-01
7.3991e-01
8.2013e-01
9.9120e-01
8.3518e-01
8.8891e-01
7.3722e-01
7.0127e-01
6.3853e-01
6.0556e-01
9.7647e-01
8.5819e-01
6.3187e-01
8.3496e-01
7.3499e-01
7.4058e-01
6.8547e-01
8.6363e-01
8.5422e-01
7.6000e-01
7.0135e-01
7.7703e-01
9.6902e-01
7.9345e-01
8.1634e-01
8.5781e-01
8.8021e-01
8.6658e-01
6.1099e-01
6.4273e-01
9.4162e-01
9.9755e-01
7.6789e-01
6.2346e-01
7.4327e-01
8.5575e-01
9.0498e-01
9.5576e-01
8.2799e-01
7.9945e-01
7.5994e-01
7.1150e-01
9.4903e-01
9.1098e-01
6.0605e-01
6.5846e-01
6.0916e-01
8.3140e-01
6.2923e-01
9.1655e-01
7.9109e-01
6.8852e-01
7.3762e-01
6.9975e-01
9.9468e-01
7.7453e-01
6.5081e-01
7.0511e-01
8.9783e-01
8.2379e-01
6.5940e-01
8.1515e-01
9.3624e-01
9.4485e-01
9.9040e-01
6.2422e-01
9.8723e-01
9.2249e-01
6.7058e-01
7.8862e-01
6.1594e-01
8.5255e-01
7.0847e-01
8.8430e-01
6.0037e-01
6.2195e-01
7.9721e-01
9.8028e-01
6.8590e-01
6.4467e-01
9.0201e-01
9.1487e-01
6.0287e-01
6.0646e-01
7.5554e-01
9.0249e-01
9.3879e-01
7.5176e-01
9.1504e-01
6.5779e-01
7.1483e-01
6.7730e-01
6.4957e-01
9.9728e-01
9.5420e-01
7.2896e-01
8.6140e-01
7.8543e-01
9.7138e-01
7.0085e-01
6.0015e-01
7.5132e-01
7.1393e-01
9.3436e-01
7.8049e-01
9.7763e-01
6.5140e-01
8.2855e-01
7.3636e-01
9.2033e-01
8.5995e-01
8.2411e-01
8.5925e-01
6.8527e-01
8.7827e-01
8.8913e-01
7.8768e-01
8.9065e-01
6.8118e-01
8.4733e-01
7.7877e-01
9.2384e-01
7.4635e-01
9.8095e-01
7.7211e-01
7.0833e-01
6.2445e-01
8.8119e-01
8.9812e-01
9.4542e-01
9.9932e-01
7.6176e-01
7.1068e-01
6.1264e-01
6.6098e-01
8.4768e-01
9.7919e-01
7.7810e-01
9.7413e-01
8.3049e-01
8.8300e-01
7.3785e-01
6.9190e-01
9.9496e-01
7.7381e-01
8.3862e-01
9.3528e-01
6.3157e-01
8.6921e-01
7.0011e-01
8.2798e-01
7.5504e-01
8.6382e-01
8.2432e-01
7.9349e-01
9.2986e-01
8.0985e-01
8.0280e-01
9.7562e-01
7.5865e-01
7.9746e-01
6.7277e-01
9.9498e-01
9.5876e-01
8.9479e-01
9.2634e-01
7.3393e-01
8.9877e-01
9.2941e-01
9.9362e-01
8.8424e-01
9.1877e-01
8.2029e-01
6.6287e-01
8.7968e-01
8.1641e-01
9.8245e-01
6.3688e-01
9.9376e-01
7.3869e-01
6.4045e-01
8.0714e-01
6.4896e-01
8.4410e-01
6.6988e-01
8.9589e-01
9.5522e-01
7.8308e-01
6.0470e-01
7.6682e-01
6.8165e-01
6.1719e-01
9.1551e-01
9.7051e-01
7.8679e-01
8.7179e-01
7.1547e-01
6.9910e-01
6.2884e-01
9.0741e-01
8.0950e-01
8.2956e-01
8.5007e-01
8.8226e-01
8.0182e-01
8.6375e-01
6.2574e-01
6.4123e-01
7.7660e-01
9.5622e-01
6.0171e-01
7.8121e-01
9.7607e-01
7.4319e-01
9.3967e-01
8.5723e-01
9.8819e-01
6.4946e-01
8.6916e-01
6.6853e-01
9.9369e-01
7.7176e-01
7.2835e-01
8.9151e-01
8.8522e-01
6.1611e-01
6.5996e-01
7.1399e-01
6.1181e-01
6.9563e-01
8.1918e-01
9.8386e-01
8.7809e-01
7.8399e-01
9.6514e-01
7.8322e-01
7.1381e-01
7.7215e-01
8.0001e-01
8.4723e-01
8.5794e-01
8.9783e-01
7.2462e-01
8.0867e-01
8.0885e-01
8.8755e-01
8.5588e-01
9.8563e-01
6.5556e-01
7.2698e-01
8.0891e-01
6.4959e-01
8.4108e-01
8.0781e-01
7.3345e-01
9.3316e-01
8.3191e-01
9.7516e-01
9.7190e-01
9.5789e-01
8.0552e-01
9.6118e-01
6.9149e-01
8.6174e-01
8.8848e-01
6.9864e-01
9.8767e-01
6.7919e-01
9.6941e-01
7.7994e-01
8.3215e-01
9.7315e-01
7.1511e-01
7.9223e-01
8.3679e-01
7.6860e-01
7.9929e-01
8.2769e-01
6.1306e-01
7.2364e-01
9.3473e-01
8.8473e-01
9.3294e-01
6.9862e-01
6.3025e-01
8.4184e-01
9.6423e-01
9.7537e-01
9.8993e-01
8.6187e-01
7.1735e-01
6.1842e-01
8.6199e-01
9.1640e-01
8.5793e-01
7.8283e-01
6.2600e-01
8.2329e-01
6.5546e-01
9.7199e-01
9.2968e-01
9.1893e-01
8.8862e-01
6.5246e-01
7.3491e-01
9.3796e-01
7.9165e-01
8.5797e-01
6.7960e-01
7.2060e-01
9.6498e-01
6.3347e-01
8.3109e-01
8.1923e-01
6.6079e-01
9.5218e-01
7.7765e-01
7.2126e-01
7.5567e-01
8.0241e-01
7.5274e-01
8.3857e-01
7.9161e-01
7.7629e-01
6.6414e-01
6.0934e-01
8.1065e-01
9.8818e-01
6.0569e-01
6.9752e-01
8.8905e-01
9.0566e-01
6.8512e-01
8.6193e-01
6.2318e-01
9.9506e-01
7.5590e-01
8.4807e-01
7.6420e-01
6.4094e-01
8.1494e-01
7.0509e-01
9.5756e-01
7.0971e-01
7.9385e-01
9.6014e-01
8.7003e-01
9.6389e-01
9.4321e-01
8.7836e-01
9.8519e-01
8.2166e-01
7.2525e-01
9.8327e-01
8.8261e-01
6.6636e-01
6.7072e-01
7.8467e-01
9.1813e-01
7.5970e-01
9.1345e-01
9.7151e-01
7.2217e-01
6.0064e-01
9.5714e-01
8.4751e-01
9.0579e-01
7.1367e-01
9.1696e-01
8.7234e-01
6.4160e-01
8.9710e-01
9.7588e-01
9.9313e-01
7.8318e-01
7.4089e-01
9.1694e-01
6.3519e-01
9.7851e-01
8.5633e-01
6.2471e-01
8.2756e-01
6.5321e-01
9.3862e-01
6.3970e-01
8.6882e-01
6.7806e-01
6.1464e-01
9.8257e-01
6.3806e-01
9.4168e-01
6.4496e-01
6.5837e-01
9.0318e-01
7.3004e-01
7.1865e-01
8.7534e-01
7.7841e-01
8.8057e-01
7.7780e-01
8.7056e-01
6.6969e-01
7.5157e-01
8.3449e-01
6.4899e-01
7.9842e-01
9.0610e-01
8.6732e-01
6.6066e-01
8.9148e-01
8.2427e-01
6.9185e-01
9.8930e-01
9.0152e-01
7.0422e-01
8.7743e-01
8.0880e-01
8.3980e-01
7.2135e-01
6.6089e-01
6.6903e-01
7.6654e-01
7.8159e-01
8.4705e-01
6.0932e-01
8.1387e-01
6.3254e-01
8.1004e-01
8.6512e-01
8.3619e-01
9.4757e-01
9.7609e-01
9.9397e-01
6.6212e-01
8.5077e-01
7.5658e-01
8.4981e-01
7.6189e-01
8.3350e-01
9.5441e-01
9.4308e-01
7.3355e-01
8.8795e-01
7.3014e-01
8.3259e-01
7.2429e-01
8.1890e-01
8.0253e-01
7.8915e-01
9.3903e-01
7.1405e-01
9.4767e-01
8.2119e-01
8.8079e-01
8.3366e-01
7.7797e-01
8.0565e-01
6.7816e-01
8.3558e-01
9.9836e-01
7.0029e-01
8.1540e-01
7.5509e-01
7.7532e-01
7.0947e-01
9.3670e-01
9.7973e-01
9.0944e-01
7.1798e-01
7.8088e-01
7.2187e-01
6.2466e-01
7.5851e-01
7.5633e-01
8.3378e-01
8.0515e-01
7.3818e-01
9.6003e-01
7.5149e-01
7.1956e-01
6.3927e-01
7.0470e-01
6.5740e-01
9.1909e-01
6.5495e-01
6.8129e-01
9.7414e-01
7.8980e-01
9.5933e-01
7.0867e-01
7.7772e-01
6.0233e-01
8.3813e-01
7.9879e-01
9.9828e-01
9.5127e-01
9.7809e-01
9.1495e-01
9.3872e-01
7.4589e-01
7.6349e-01
6.8784e-01
6.9208e-01
7.7034e-01
8.8003e-01
6.0398e-01
9.6812e-01
7.6001e-01
6.7317e-01
9.2994e-01
8.1418e-01
7.5310e-01
8.8861e-01
8.2868e-01
8.5693e-01
6.5645e-01
8.3963e-01
9.7817e-01
8.7950e-01
7.0806e-01
6.9462e-01
9.6063e-01
8.0886e-01
6.2514e-01
6.9060e-01
7.4084e-01
8.4217e-01
9.9540e-01
8.5421e-01
7.6122e-01
6.1648e-01
8.2503e-01
6.6718e-01
6.5723e-01
9.9915e-01
6.9776e-01
6.6959e-01
8.6830e-01
9.3301e-01
6.4589e-01
7.9567e-01
9.2665e-01
9.3786e-01
8.5043e-01
8.6386e-01
6.8791e-01
7.9485e-01
9.8621e-01
9.8615e-01
6.6292e-01
9.9053e-01
6.1928e-01
9.9174e-01
7.9449e-01
7.0846e-01
8.2829e-01
7.6018e-01
7.6608e-01
7.2124e-01
6.9723e-01
8.1723e-01
9.2873e-01
9.9542e-01
9.4863e-01
6.0894e-01
9.3778e-01
6.0902e-01
8.4908e-01
7.3464e-01
7.5235e-01
6.3827e-01
9.7286e-01
8.8823e-01
6.5917e-01
9.5416e-01
6.2437e-01
9.6196e-01
8.7616e-01
9.1502e-01
9.4151e-01
8.5703e-01
7.1030e-01
8.1012e-01
8.8139e-01
6.6443e-01
9.4535e-01
8.8771e-01
8.0894e-01
8.8962e-01
8.3564e-01
6.2904e-01
8.5722e-01
9.0935e-01
8.5125e-01
8.9020e-01
7.6615e-01
8.7837e-01
9.3734e-01
8.5326e-01
8.6335e-01
7.5154e-01
9.1048e-01
9.1977e-01
8.8217e-01
9.7150e-01
6.0883e-01
8.2377e-01
9.9046e-01
8.1434e-01
6.5612e-01
7.2609e-01
8.9285e-01
9.3354e-01
7.6272e-01
7.0421e-01
8.7153e-01
7.8666e-01
8.6735e-01
9.3461e-01
7.5135e-01
9.1915e-01
7.4626e-01
9.8691e-01
7.3314e-01
6.6733e-01
7.7654e-01
7.8280e-01
6.1278e-01
7.4747e-01
6.1616e-01
9.8233e-01
7.9622e-01
7.7977e-01
9.0792e-01
8.5382e-01
7.1031e-01
8.3432e-01
7.6188e-01
6.8452e-01
7.6403e-01
6.8543e-01
8.8302e-01
7.6706e-01
9.9058e-01
7.3453e-01
9.4175e-01
7.6161e-01
8.5429e-01
9.2789e-01
8.5628e-01
8.1923e-01
6.8182e-01
8.1162e-01
8.0876e-01
7.5246e-01
6.1873e-01
9.2525e-01
9.4564e-01
8.8342e-01
8.5156e-01
6.5369e-01
6.8708e-01
7.8211e-01
9.5453e-01
7.8417e-01
9.3593e-01
8.7034e-01
7.9295e-01
9.4683e-01
8.0815e-01
7.1598e-01
7.5545e-01
9.4454e-01
6.3849e-01
9.8203e-01
9.1883e-01
8.7291e-01
6.8177e-01
7.7342e-01
6.0011e-01
7.0993e-01
9.1670e-01
7.7989e-01
8.5963e-01
8.8344e-01
6.3308e-01
6.0769e-01
9.5638e-01
7.5865e-01
8.7013e-01
6.3025e-01
8.1617e-01
8.8978e-01
6.4054e-01
7.7881e-01
8.4610e-01
6.1530e-01
6.9922e-01
8.6513e-01
8.9277e-01
7.4045e-01
9.2416e-01
8.3739e-01
7.9867e-01
7.6098e-01
8.9069e-01
7.5876e-01
6.3094e-01
7.6971e-01
8.2844e-01
6.8837e-01
9.5963e-01
6.6054e-01
9.3574e-01
8.9184e-01
7.2247e-01
9.5858e-01
9.6542e-01
8.8214e-01
8.9290e-01
8.5616e-01
8.4431e-01
6.9310e-01
8.1955e-01
9.3571e-01
6.9267e-01
6.8997e-01
6.6846e-01
9.8396e-01
6.2394e-01
6.6626e-01
9.9540e-01
9.9644e-01
6.3391e-01
8.4369e-01
9.1151e-01
8.5092e-01
8.4024e-01
8.0534e-01
8.9304e-01
9.8803e-01
7.2866e-01
7.8349e-01
8.5479e-01
9.6970e-01
6.5107e-01
7.5482e-01
8.9095e-01
6.1635e-01
8.6304e-01
8.7049e-01
9.5636e-01
6.0072e-01
9.9478e-01
7.4408e-01
7.7751e-01
8.7989e-01
8.5766e-01
6.5743e-01
7.9223e-01
7.4309e-01
8.0307e-01
9.6597e-01
8.3153e-01
7.0983e-01
9.1065e-01
6.5423e-01
9.1959e-01
9.8479e-01
9.8555e-01
9.7546e-01
9.1086e-01
6.9146e-01
8.7858e-01
9.7726e-01
7.1275e-01
6.7570e-01
6.5206e-01
7.0645e-01
7.4953e-01
7.7298e-01
7.3412e-01
8.6364e-01
9.7867e-01
9.5633e-01
9.5913e-01
7.9186e-01
8.5533e-01
8.7994e-01
9.6083e-01
6.5173e-01
8.8183e-01
8.3535e-01
7.8631e-01
7.5720e-01
7.8785e-01
9.4968e-01
7.1152e-01
8.5482e-01
8.3548e-01
8.5598e-01
9.4186e-01
7.3360e-01
6.4097e-01
6.8157e-01
6.5360e-01
8.8287e-01
7.0267e-01
6.7774e-01
8.8865e-01
7.2025e-01
7.1617e-01
9.0276e-01
9.3387e-01
8.7467e-01
7.1232e-01
7.5127e-01
9.4390e-01
6.0316e-01
9.1706e-01
6.2981e-01
8.7480e-01
8.6925e-01
7.7297e-01
8.4132e-01
7.9041e-01
7.4019e-01
8.0604e-01
7.9387e-01
7.2273e-01
9.8331e-01
8.0314e-01
6.8649e-01
7.9991e-01
6.4877e-01
9.9231e-01
7.7066e-01
8.2429e-01
9.2339e-01
7.0846e-01
9.2207e-01
6.8536e-01
8.7416e-01
8.7178e-01
8.7773e-01
6.8584e-01
9.0802e-01
6.7547e-01
6.4215e-01
9.1095e-01
9.8317e-01
8.7164e-01
7.6598e-01
7.7966e-01
7.9405e-01
8.1482e-01
9.1276e-01
7.4156e-01
6.4202e-01
6.4054e-01
6.0181e-01
6.0188e-01
8.2271e-01
9.4666e-01
8.7835e-01
9.3754e-01
6.0648e-01
6.1260e-01
8.4481e-01
8.5614e-01
8.2727e-01
8.9256e-01
8.5939e-01
8.1062e-01
6.0917e-01
6.1684e-01
9.3938e-01
8.0777e-01
8.9538e-01
7.1973e-01
9.6442e-01
7.8596e-01
8.1453e-01
6.4700e-01
9.1450e-01
7.8790e-01
7.4270e-01
9.4292e-01
6.7938e-01
9.5545e-01
7.4493e-01
9.7896e-01
8.2166e-01
6.1586e-01
8.9199e-01
6.6119e-01
8.6543e-01
9.1220e-01
8.4525e-01
7.0905e-01
9.9728e-01
8.8956e-01
6.4127e-01
8.5585e-01
8.4719e-01
6.9350e-01
7.4370e-01
9.4971e-01
8.0351e-01
9.1392e-01
9.4753e-01
7.3774e-01
7.6507e-01
9.6517e-01
6.6072e-01
6.9088e-01
6.1451e-01
9.5883e-01
8.4121e-01
8.7008e-01
8.7126e-01
6.7492e-01
6.2798e-01
6.0266e-01
7.1058e-01
6.9332e-01
6.0094e-01
7.8066e-01
9.6159e-01
6.5697e-01
7.0533e-01
6.9009e-01
6.7116e-01
7.7087e-01
7.7381e-01
9.0472e-01
6.5088e-01
9.2937e-01
6.5370e-01
8.4701e-01
8.8543e-01
7.6320e-01
9.8514e-01
7.2795e-01
9.8714e-01
7.2376e-01
8.1091e-01
6.9801e-01
8.0063e-01
7.9394e-01
9.2605e-01
8.0210e-01
8.7663e-01
7.5519e-01
9.8843e-01
7.0902e-01
9.2867e-01
7.3099e-01
9.2697e-01
6.6995e-01
8.8178e-01
6.4591e-01
7.8203e-01
8.3585e-01
9.1446e-01
9.1798e-01
6.4931e-01
7.3591e-01
8.9644e-01
7.5913e-01
7.7722e-01
8.5137e-01
6.0617e-01
7.7607e-01
8.0587e-01
9.4450e-01
7.4773e-01
6.0311e-01
9.7245e-01
8.0962e-01
9.9491e-01
8.9565e-01
9.5359e-01
7.1866e-01
8.6525e-01
7.6932e-01
7.2632e-01
7.6010e-01
6.6584e-01
7.0905e-01
8.2225e-01
6.6341e-01
7.3881e-01
8.3142e-01
7.0162e-01
8.1069e-01
7.9592e-01
7.4514e-01
7.7384e-01
8.6051e-01
7.5512e-01
8.2898e-01
7.6826e-01
6.5565e-01
7.8875e-01
8.8176e-01
7.2659e-01
6.1674e-01
9.2460e-01
6.6533e-01
8.2312e-01
6.5037e-01
8.8515e-01
6.4850e-01
9.4311e-01
7.5304e-01
9.5122e-01
9.2188e-01
6.7116e-01
9.4182e-01
7.8051e-01
8.2030e-01
7.8644e-01
9.0123e-01
9.3785e-01
7.5789e-01
7.2334e-01
6.5094e-01
9.0826e-01
6.0199e-01
9.6743e-01
7.0980e-01
6.7216e-01
6.3640e-01
6.2918e-01
7.0194e-01
6.5515e-01
8.3327e-01
6.3529e-01
8.6964e-01
6.7523e-01
9.3590e-01
8.7553e-01
8.9212e-01
9.8194e-01
9.7850e-01
8.1667e-01
6.2481e-01
8.7618e-01
9.2639e-01
6.5455e-01
8.0601e-01
8.8210e-01
8.1457e-01
9.4314e-01
8.1126e-01
8.5299e-01
8.8282e-01
6.6371e-01
9.9141e-01
9.8954e-01
9.4628e-01
9.5988e-01
8.5922e-01
6.7979e-01
9.0974e-01
9.5458e-01
7.1296e-01
9.5845e-01
7.6533e-01
8.8150e-01
9.2063e-01
8.5648e-01
6.6813e-01
8.2939e-01
9.1774e-01
9.3040e-01
7.3373e-01
9.2287e-01
6.3822e-01
7.8518e-01
6.7246e-01
7.6251e-01
9.1473e-01
6.7087e-01
7.8071e-01
7.2746e-01
8.9370e-01
9.2306e-01
7.3525e-01
7.6886e-01
8.9116e-01
6.6325e-01
7.3863e-01
9.0185e-01
6.5552e-01
6.3726e-01
6.4142e-01
9.7704e-01
7.5258e-01
8.9069e-01
9.5316e-01
9.7451e-01
9.7277e-01
7.0972e-01
7.8127e-01
8.7850e-01
9.4558e-01
7.2518e-01
7.6592e-01
7.7909e-01
6.9433e-01
6.1919e-01
6.6605e-01
6.9818e-01
7.2046e-01
9.7972e-01
8.4270e-01
6.7571e-01
6.4185e-01
8.0870e-01
7.6165e-01
9.0724e-01
9.4044e-01
9.9853e-01
9.6590e-01
8.5501e-01
6.2657e-01
8.9196e-01
6.2624e-01
8.7619e-01
7.8277e-01
7.4841e-01
9.6116e-01
8.9491e-01
7.2494e-01
6.9948e-01
9.9957e-01
6.6755e-01
9.1997e-01
6.3945e-01
8.8784e-01
7.0323e-01
9.2438e-01
8.3121e-01
9.3915e-01
7.2565e-01
6.7367e-01
8.9723e-01
6.8049e-01
7.1946e-01
7.4519e-01
9.2598e-01
8.2555e-01
8.7060e-01
8.9833e-01
6.0002e-01
9.5227e-01
8.6849e-01
8.7167e-01
7.0332e-01
7.9893e-01
8.5473e-01
7.8188e-01
8.9524e-01
9.1862e-01
9.2248e-01
6.7021e-01
8.0772e-01
6.5550e-01
6.9184e-01
6.1860e-01
8.3856e-01
7.6122e-01
8.8715e-01
7.5580e-01
7.7427e-01
8.7475e-01
7.7157e-01
8.8950e-01
9.6061e-01
6.4309e-01
7.0794e-01
9.4045e-01
9.5579e-01
8.3449e-01
8.0406e-01
6.1550e-01
9.6779e-01
6.9791e-01
9.2510e-01
8.8935e-01
7.1887e-01
6.5797e-01
8.5451e-01
8.8647e-01
6.7683e-01
9.4830e-01
9.6499e-01
8.4623e-01
9.1049e-01
9.7441e-01
8.5381e-01
9.5178e-01
8.0641e-01
9.5199e-01
8.6085e-01
7.4299e-01
7.2496e-01
8.8292e-01
6.3699e-01
7.2480e-01
6.1697e-01
9.3161e-01
6.3189e-01
6.3139e-01
9.9658e-01
9.7489e-01
6.1451e-01
8.4811e-01
8.3855e-01
7.1245e-01
7.4289e-01
8.3840e-01
8.6143e-01
9.2812e-01
7.4622e-01
6.3494e-01
9.5763e-01
8.8840e-01
7.9640e-01
8.4224e-01
6.9352e-01
6.5275e-01
6.7110e-01
9.9954e-01
7.4491e-01
7.3007e-01
6.6300e-01
7.1018e-01
8.6158e-01
9.6119e-01
9.4804e-01
9.9687e-01
7.6725e-01
7.1155e-01
6.8372e-01
8.2708e-01
7.7649e-01
7.5947e-01
7.9464e-01
6.1789e-01
6.7949e-01
7.9526e-01
6.9508e-01
6.2789e-01
8.2525e-01
8.8806e-01
9.2797e-01
7.1551e-01
6.2708e-01
8.9188e-01
9.7723e-01
7.0897e-01
7.7807e-01
6.5470e-01
6.5410e-01
7.4756e-01
6.2409e-01
6.3583e-01
8.6805e-01
9.2365e-01
8.2957e-01
8.0387e-01
7.3304e-01
9.6810e-01
7.1637e-01
8.6821e-01
6.1641e-01
8.6307e-01
8.3900e-01
8.9266e-01
6.2834e-01
6.2648e-01
9.6669e-01
8.2813e-01
7.9665e-01
6.6399e-01
8.6675e-01
6.6321e-01
6.4637e-01
9.3183e-01
9.8728e-01
7.4450e-01
9.2496e-01
9.6005e-01
6.2736e-01
9.1066e-01
8.8478e-01
7.0228e-01
8.5210e-01
7.1048e-01
9.0967e-01
6.6113e-01
8.5036e-01
9.6299e-01
6.9305e-01
8.7941e-01
7.1832e-01
9.8220e-01
7.5293e-01
7.3155e-01
8.6202e-01
8.4494e-01
7.9074e-01
6.2835e-01
8.2685e-01
7.8355e-01
7.5864e-01
9.0686e-01
7.0799e-01
7.0407e-01
6.3591e-01
7.8194e-01
6.8527e-01
7.4529e-01
8.8213e-01
8.1992e-01
8.0897e-01
6.5899e-01
7.0496e-01
8.6020e-01
6.7618e-01
7.0946e-01
9.7822e-01
7.4645e-01
8.9329e-01
7.5183e-01
6.9561e-01
9.6926e-01
8.0103e-01
7.0893e-01
7.3370e-01
7.7228e-01
7.2832e-01
8.2259e-01
6.1825e-01
8.4989e-01
9.4367e-01
8.5249e-01
9.0649e-01
9.5275e-01
7.5093e-01
9.7798e-01
6.3338e-01
7.6858e-01
7.6516e-01
8.4056e-01
7.8389e-01
7.3236e-01
9.5843e-01
7.7187e-01
9.0777e-01
6.1755e-01
9.4745e-01
9.0695e-01
6.3714e-01
7.8381e-01
8.0993e-01
9.5548e-01
8.8988e-01
8.5485e-01
6.8446e-01
6.8452e-01
8.0223e-01
7.3820e-01
9.8136e-01
9.0079e-01
8.1925e-01
8.1360e-01
6.4659e-01
8.8167e-01
8.1398e-01
6.9172e-01
8.5147e-01
9.5639e-01
8.6267e-01
7.3452e-01
8.8190e-01
7.8393e-01
9.1812e-01
8.2442e-01
6.4350e-01
6.4698e-01
9.3470e-01
6.6658e-01
8.9011e-01
6.5824e-01
7.8199e-01
7.8963e-01
8.3197e-01
8.1161e-01
9.3023e-01
6.2780e-01
9.5104e-01
9.5920e-01
7.4763e-01
8.0384e-01
8.0035e-01
8.3190e-01
7.3243e-01
9.4002e-01
6.7566e-01
8.0495e-01
8.1140e-01
7.8350e-01
7.9897e-01
9.8340e-01
8.9941e-01
9.2781e-01
8.6449e-01
7.6904e-01
6.3973e-01
8.3649e-01
8.4346e-01
6.4038e-01
9.6755e-01
9.9877e-01
9.7112e-01
9.7981e-01
9.4979e-01
6.2460e-01
9.1317e-01
7.1878e-01
8.5486e-01
6.7878e-01
8.4245e-01
8.6957e-01
9.7181e-01
8.9031e-01
7.4847e-01
9.3955e-01
8.5383e-01
9.2669e-01
9.1753e-01
9.9491e-01
8.2998e-01
9.5501e-01
9.8582e-01
6.2665e-01
6.7721e-01
7.1616e-01
7.1202e-01
6.1784e-01
7.1111e-01
6.9325e-01
6.5248e-01
8.9000e-01
8.2880e-01
6.5208e-01
9.5528e-01
7.2730e-01
8.6612e-01
9.2586e-01
8.4387e-01
9.2000e-01
7.0226e-01
8.4696e-01
6.5780e-01
6.8399e-01
6.0910e-01
7.9063e-01
8.9878e-01
7.2185e-01
6.2030e-01
6.4491e-01
6.1447e-01
7.9690e-01
7.9308e-01
9.6096e-01
6.2623e-01
8.1325e-01
8.1393e-01
9.3481e-01
6.8696e-01
9.0977e-01
9.1525e-01
7.9095e-01
7.5547e-01
6.9255e-01
6.5734e-01
8.5011e-01
6.1628e-01
9.9262e-01
9.9103e-01
8.4525e-01
9.2207e-01
7.5404e-01
9.3708e-01
6.8015e-01
6.0130e-01
6.8452e-01
8.2460e-01
6.4712e-01
6.4881e-01
8.9404e-01
8.5998e-01
7.3883e-01
9.0938e-01
9.9095e-01
9.6207e-01
8.3897e-01
7.9636e-01
6.4620e-01
7.4578e-01
6.6302e-01
9.4289e-01
7.5158e-01
7.4040e-01
7.3267e-01
9.6401e-01
9.4176e-01
6.0866e-01
9.0795e-01
7.8865e-01
9.0634e-01
9.1308e-01
6.0791e-01
6.7587e-01
8.2913e-01
9.1797e-01
8.5387e-01
9.0651e-01
8.0231e-01
6.8723e-01
7.7424e-01
9.4504e-01
6.1490e-01
6.6593e-01
6.7392e-01
8.0379e-01
8.3171e-01
6.9063e-01
8.3794e-01
8.7324e-01
8.3864e-01
9.5079e-01
9.7488e-01
9.9972e-01
8.4887e-01
6.7756e-01
9.9192e-01
7.1453e-01
9.8397e-01
9.8239e-01
9.6234e-01
8.9554e-01
7.7908e-01
6.9836e-01
6.4032e-01
6.2637e-01
8.2447e-01
8.9429e-01
8.5384e-01
6.2769e-01
8.0581e-01
6.3679e-01
9.0752e-01
7.7732e-01
8.8945e-01
6.8089e-01
7.5689e-01
8.2403e-01
6.1028e-01
8.9653e-01
6.0918e-01
8.7566e-01
8.6721e-01
8.2718e-01
7.0014e-01
9.7437e-01
6.5208e-01
6.6362e-01
8.6507e-01
7.8342e-01
8.0548e-01
7.9828e-01
8.7544e-01
6.5140e-01
7.2177e-01
6.0202e-01
9.7094e-01
6.2142e-01
6.4598e-01
8.3392e-01
7.4590e-01
7.8203e-01
8.2983e-01
9.0599e-01
8.0534e-01
9.3370e-01
7.4867e-01
9.5417e-01
8.7899e-01
6.4415e-01
8.7310e-01
6.2821e-01
8.8318e-01
8.0502e-01
6.4606e-01
8.3377e-01
9.4508e-01
8.8214e-01
7.1730e-01
6.9121e-01
7.9004e-01
7.3196e-01
9.0263e-01
9.9286e-01
9.9278e-01
6.9979e-01
9.7323e-01
8.4090e-01
8.5801e-01
7.8712e-01
8.7562e-01
7.7986e-01
7.2526e-01
7.9497e-01
8.4785e-01
8.5788e-01
8.6282e-01
6.5153e-01
9.5706e-01
7.8229e-01
6.2262e-01
7.6002e-01
6.6696e-01
9.0683e-01
6.2832e-01
6.9426e-01
6.7675e-01
7.6857e-01
6.1856e-01
7.0372e-01
7.5876e-01
6.1618e-01
7.9926e-01
8.9952e-01
8.2195e-01
9.1237e-01
9.3174e-01
7.7793e-01
8.2176e-01
7.1989e-01
6.3322e-01
8.6919e-01
6.3246e-01
6.4296e-01
6.8575e-01
8.7372e-01
8.1313e-01
7.8390e-01
7.1358e-01
9.7060e-01
6.2753e-01
8.8133e-01
7.7128e-01
6.6624e-01
6.0290e-01
7.3177e-01
9.2228e-01
6.1285e-01
6.6916e-01
8.6065e-01
9.5693e-01
9.9936e-01
9.1342e-01
7.3807e-01
6.2318e-01
8.0771e-01
7.5786e-01
6.7048e-01
9.7375e-01
8.8110e-01
8.5585e-01
7.7122e-01
9.4982e-01
6.3377e-01
8.9045e-01
8.7858e-01
8.7427e-01
8.3542e-01
8.4371e-01
6.4962e-01
7.9467e-01
7.8834e-01
8.1170e-01
7.0425e-01
7.5670e-01
6.2198e-01
7.1553e-01
8.1405e-01
6.5888e-01
8.4620e-01
6.7014e-01
7.2644e-01
6.9925e-01
9.6663e-01
9.3257e-01
6.6105e-01
8.5048e-01
8.9095e-01
9.5199e-01
8.5656e-01
7.0157e-01
7.9623e-01
8.9965e-01
8.4679e-01
8.0772e-01
6.2216e-01
8.8149e-01
6.9754e-01
9.4911e-01
9.0712e-01
7.2697e-01
6.8196e-01
9.2829e-01
7.8735e-01
6.6145e-01
7.0636e-01
6.2452e-01
7.7939e-01
9.9674e-01
6.5148e-01
9.1831e-01
9.9613e-01
6.9795e-01
7.0614e-01
6.4628e-01
7.4687e-01
9.3029e-01
7.5810e-01
8.5438e-01
7.5852e-01
8.8027e-01
7.2499e-01
6.5734e-01
8.1544e-01
6.1472e-01
7.8948e-01
9.1150e-01
6.5557e-01
6.1277e-01
8.8858e-01
9.3765e-01
6.1468e-01
8.7219e-01
9.6244e-01
6.5602e-01
8.1691e-01
8.1613e-01
9.1470e-01
8.3466e-01
8.3073e-01
7.4197e-01
9.6248e-01
7.4328e-01
7.4582e-01
6.3082e-01
8.6616e-01
6.6762e-01
7.8812e-01
8.3599e-01
8.0975e-01
6.7801e-01
7.2533e-01
7.8456e-01
6.2772e-01
7.5636e-01
6.9566e-01
7.3825e-01
6.2351e-01
8.8177e-01
6.6264e-01
8.6105e-01
7.1154e-01
7.6124e-01
6.6722e-01
6.7417e-01
9.8014e-01
7.8139e-01
9.4608e-01
7.9248e-01
7.0913e-01
7.3200e-01
6.9140e-01
6.0799e-01
7.5070e-01
9.9506e-01
9.2221e-01
6.0549e-01
9.4353e-01
7.6904e-01
7.0833e-01
7.1024e-01
9.3776e-01
9.8969e-01
7.1708e-01
7.3406e-01
8.7706e-01
6.3869e-01
7.9774e-01
9.6645e-01
8.2117e-01
7.8861e-01
6.8442e-01
6.2411e-01
7.0808e-01
6.4655e-01
6.7634e-01
6.4446e-01
8.3833e-01
7.1394e-01
6.7724e-01
7.8308e-01
8.2516e-01
6.8753e-01
9.4894e-01
9.2230e-01
9.4875e-01
8.6227e-01
9.7416e-01
8.5177e-01
8.7305e-01
9.0167e-01
9.4822e-01
7.5174e-01
6.6179e-01
8.1137e-01
8.1390e-01
8.6423e-01
7.8072e-01
7.6045e-01
8.2355e-01
7.3354e-01
6.0968e-01
6.3515e-01
6.0868e-01
9.2001e-01
7.6136e-01
8.1187e-01
9.4259e-01
6.3187e-01
9.0959e-01
8.5764e-01
8.8622e-01
8.1370e-01
6.4262e-01
8.0677e-01
6.7223e-01
7.5894e-01
8.3880e-01
9.2188e-01
9.1032e-01
6.5699e-01
9.7199e-01
7.7352e-01
9.7387e-01
9.4815e-01
9.8354e-01
6.2518e-01
7.2795e-01
7.9632e-01
8.9104e-01
9.3377e-01
8.5791e-01
8.2482e-01
7.1107e-01
9.7549e-01
9.4002e-01
9.0593e-01
6.4333e-01
6.7595e-01
9.1708e-01
7.0701e-01
9.7044e-01
9.6581e-01
7.5264e-01
6.9042e-01
6.2583e-01
9.3454e-01
8.9069e-01
7.5583e-01
6.9394e-01
8.0097e-01
8.8312e-01
6.7000e-01
7.1827e-01
9.8344e-01
6.8937e-01
9.0701e-01
8.9991e-01
9.1631e-01
8.0876e-01
6.3521e-01
7.7992e-01
9.9789e-01
6.2223e-01
7.4242e-01
9.2557e-01
8.6011e-01
7.8010e-01
6.5827e-01
9.5930e-01
8.6177e-01
6.8199e-01
6.6910e-01
7.7500e-01
7.9758e-01
7.8244e-01
8.5926e-01
9.9919e-01
8.8679e-01
6.9437e-01
6.1008e-01
6.0305e-01
9.8455e-01
9.1797e-01
9.1469e-01
8.2959e-01
8.6464e-01
6.5065e-01
6.9382e-01
7.2513e-01
8.9953e-01
9.3989e-01
6.0217e-01
6.4444e-01
7.2472e-01
7.3137e-01
6.1911e-01
7.7126e-01
7.7394e-01
8.1013e-01
6.8819e-01
6.9354e-01
8.6894e-01
6.7297e-01
6.0257e-01
6.6227e-01
9.4099e-01
9.6590e-01
8.6228e-01
8.8739e-01
7.0153e-01
6.7451e-01
8.0612e-01
8.6061e-01
9.6584e-01
6.6638e-01
8.5360e-01
9.0351e-01
7.4944e-01
6.1418e-01
8.0299e-01
6.1550e-01
8.6261e-01
6.6024e-01
8.9645e-01
8.9641e-01
9.2788e-01
9.5697e-01
9.4313e-01
7.4236e-01
9.2202e-01
9.3015e-01
8.3533e-01
8.4625e-01
7.0662e-01
6.3890e-01
8.1255e-01
6.2818e-01
6.6653e-01
8.1864e-01
6.9709e-01
6.0323e-01
8.9705e-01
8.5707e-01
8.5407e-01
6.5427e-01
8.4231e-01
7.4336e-01
7.4901e-01
7.1104e-01
9.8911e-01
8.7200e-01
9.6635e-01
9.9227e-01
7.1985e-01
6.5532e-01
6.3772e-01
7.9756e-01
6.4005e-01
7.6984e-01
7.0036e-01
8.4115e-01
9.0486e-01
6.1587e-01
8.3249e-01
8.5839e-01
7.0794e-01
8.7007e-01
8.9804e-01
6.2888e-01
8.6530e-01
8.2643e-01
9.6519e-01
8.2023e-01
6.2514e-01
7.6556e-01
7.8126e-01
6.7316e-01
6.9022e-01
8.0931e-01
6.1942e-01
9.7009e-01
9.8234e-01
7.5288e-01
7.0204e-01
9.3163e-01
7.2726e-01
6.1832e-01
8.1190e-01
9.6392e-01
7.1772e-01
7.4544e-01
7.1979e-01
7.3153e-01
8.6339e-01
7.2540e-01
7.7476e-01
9.0063e-01
6.6934e-01
8.5615e-01
8.0686e-01
8.7483e-01
9.5094e-01
9.8941e-01
7.8479e-01
7.5724e-01
7.3792e-01
8.2592e-01
8.0639e-01
7.7038e-01
7.9133e-01
9.9266e-01
8.7941e-01
6.1152e-01
9.8485e-01
6.8606e-01
8.6231e-01
6.0472e-01
6.7204e-01
8.7595e-01
8.2307e-01
7.5731e-01
9.3120e-01
7.4381e-01
9.6304e-01
6.1911e-01
8.7431e-01
7.4377e-01
9.0047e-01
6.4223e-01
9.8228e-01
8.3510e-01
6.5378e-01
9.8404e-01
9.5320e-01
8.8909e-01
8.2837e-01
9.5406e-01
6.7511e-01
9.5117e-01
7.3740e-01
9.2483e-01
7.3386e-01
6.3142e-01
7.9679e-01
6.3316e-01
6.4276e-01
9.0510e-01
9.3692e-01
7.9627e-01
6.3717e-01
9.0202e-01
7.5231e-01
9.3080e-01
7.2954e-01
6.0145e-01
7.9723e-01
9.6768e-01
7.1612e-01
9.4555e-01
9.7255e-01
7.6121e-01
8.4613e-01
9.3975e-01
9.7914e-01
7.0039e-01
9.7438e-01
8.8323e-01
8.3546e-01
9.0343e-01
9.5141e-01
9.8297e-01
8.1014e-01
6.1999e-01
6.4440e-01
9.1285e-01
7.2543e-01
8.6866e-01
9.3100e-01
7.4314e-01
9.5551e-01
7.1971e-01
7.5297e-01
9.9639e-01
8.7344e-01
8.4522e-01
8.8194e-01
7.0032e-01
7.4519e-01
7.4805e-01
7.7927e-01
9.0078e-01
6.8397e-01
8.5650e-01
7.8994e-01
9.8509e-01
6.8746e-01
7.8366e-01
7.8130e-01
8.7361e-01
9.9277e-01
6.3676e-01
8.0739e-01
7.2641e-01
9.7561e-01
6.1538e-01
9.2853e-01
8.5389e-01
8.6512e-01
8.1774e-01
6.1644e-01
9.0075e-01
9.4424e-01
9.0326e-01
7.3344e-01
6.8703e-01
9.2638e-01
7.9048e-01
8.4473e-01
9.3270e-01
9.8593e-01
9.8111e-01
8.0571e-01
8.9430e-01
7.1820e-01
8.9395e-01
6.4061e-01
6.2973e-01
6.3103e-01
8.0150e-01
6.1303e-01
9.9792e-01
8.2127e-01
9.1779e-01
7.5729e-01
8.6753e-01
6.8311e-01
7.3413e-01
7.0795e-01
7.6655e-01
7.6623e-01
7.7622e-01
9.3768e-01
6.9061e-01
9.6259e-01
6.8317e-01
8.5036e-01
8.1668e-01
9.2472e-01
7.8215e-01
6.3486e-01
7.5634e-01
9.3353e-01
9.3915e-01
9.5576e-01
8.3623e-01
7.4466e-01
8.2774e-01
7.9930e-01
8.8305e-01
8.4903e-01
7.5376e-01
9.6967e-01
9.5367e-01
8.9376e-01
9.2652e-01
8.0998e-01
7.7549e-01
7.4145e-01
8.7368e-01
8.9837e-01
6.3891e-01
8.3624e-01
9.8736e-01
6.2421e-01
7.8069e-01
7.2289e-01
6.9226e-01
7.2643e-01
8.2931e-01
6.6387e-01
9.3553e-01
8.3976e-01
6.2026e-01
8.4582e-01
8.8862e-01
6.5300e-01
9.7135e-01
8.6100e-01
9.0427e-01
6.1651e-01
9.4722e-01
7.0731e-01
7.7497e-01
8.1770e-01
8.4333e-01
8.5692e-01
9.7028e-01
8.6201e-01
8.9126e-01
9.7474e-01
7.1236e-01
6.3353e-01
7.9219e-01
9.2234e-01
6.7062e-01
8.0771e-01
7.1185e-01
7.2118e-01
8.8622e-01
9.3087e-01
9.3751e-01
7.8735e-01
6.0499e-01
7.7114e-01
7.4680e-01
7.4222e-01
7.5219e-01
8.9401e-01
9.5493e-01
7.6110e-01
7.2064e-01
7.7932e-01
6.5153e-01
7.1503e-01
9.9175e-01
7.1314e-01
8.3447e-01
8.0733e-01
7.7531e-01
9.9673e-01
9.7147e-01
8.4179e-01
9.1550e-01
8.0667e-01
8.3565e-01
8.0152e-01
6.9885e-01
6.8717e-01
7.9320e-01
9.3772e-01
8.9628e-01
9.6378e-01
7.4140e-01
9.9278e-01
8.7945e-01
9.9957e-01
6.9535e-01
6.5139e-01
9.6015e-01
6.8809e-01
7.3450e-01
7.9415e-01
7.9374e-01
8.6280e-01
8.5686e-01
6.0835e-01
7.9999e-01
9.4887e-01
7.7806e-01
8.4950e-01
9.0327e-01
9.1774e-01
6.2612e-01
6.7204e-01
8.2787e-01
7.6547e-01
9.5308e-01
9.3252e-01
6.0759e-01
6.1315e-01
7.9507e-01
7.7910e-01
9.6876e-01
8.7175e-01
6.6555e-01
8.6950e-01
8.4130e-01
6.9427e-01
7.1703e-01
9.8156e-01
7.4557e-01
7.4973e-01
9.7765e-01
9.1378e-01
7.0655e-01
6.6288e-01
6.6706e-01
8.9789e-01
8.8224e-01
8.8574e-01
9.4456e-01
6.0596e-01
7.8289e-01
8.1051e-01
9.6180e-01
7.1387e-01
9.6236e-01
9.2074e-01
8.6235e-01
8.3783e-01
9.4399e-01
7.7891e-01
7.3620e-01
6.0889e-01
7.5053e-01
8.5285e-01
6.7231e-01
7.9619e-01
9.4424e-01
7.2406e-01
9.6363e-01
7.2514e-01
7.0735e-01
6.2562e-01
8.8269e-01
7.2748e-01
9.5579e-01
6.0115e-01
9.6145e-01
6.0774e-01
7.2906e-01
7.4446e-01
7.0769e-01
9.4372e-01
6.8966e-01
8.7528e-01
6.4117e-01
9.4809e-01
7.1164e-01
8.7845e-01
6.8733e-01
9.9829e-01
6.6219e-01
7.3253e-01
6.3363e-01
7.5951e-01
6.9646e-01
7.2273e-01
8.8282e-01
6.6865e-01
8.1557e-01
8.8869e-01
6.7360e-01
7.7665e-01
7.1978e-01
8.5864e-01
8.2091e-01
8.7352e-01
6.3869e-01
7.2808e-01
9.5167e-01
8.7372e-01
7.2674e-01
7.0419e-01
6.5301e-01
8.4728e-01
8.2177e-01
8.0041e-01
7.5493e-01
9.6807e-01
9.0597e-01
8.3973e-01
6.7821e-01
6.3057e-01
7.7542e-01
6.4091e-01
8.0960e-01
