6.5269e-01
9.6637e-01
7.9085e-01
7.3591e-01
9.3019e-01
7.1903e-01
6.3454e-01
6.0103e-01
7.6354e-01
6.4081e-01
9.8665e-01
7.5453e-01
6.2100e-01
6.6055e-01
6.8976e-01
7.7217e-01
8.1393e-01
8.5586e-01
6.4510e-01
8.1445e-01
9.8718e-01
8.9343e-01
9.3628e-01
6.1113e-01
6.2744e-01
8.3778e-01
8.3171e-01
9.7570e-01
6.4168e-01
8.7746e-01
9.8779e-01
9.5167e-01
7.6838e-01
9.3376e-01
9.7352e-01
8.8932e-01
6.1257e-01
9.5530e-01
6.4597e-01
9.6160e-01
6.1572e-01
9.1926e-01
9.4890e-01
9.3768e-01
6.9103e-01
9.8093e-01
7.3840e-01
6.4455e-01
7.7714e-01
7.3944e-01
8.7327e-01
8.5602e-01
7.9073e-01
7.8746e-01
8.0478e-01
6.6186e-01
7.7229e-01
8.2689e-01
7.3975e-01
6.6835e-01
7.5730e-01
9.2538e-01
9.7269e-01
8.5769e-01
9.1312e-01
9.3440e-01
9.4550e-01
7.9540e-01
9.3235e-01
8.6595e-01
8.4287e-01
6.3064e-01
6.2442e-01
8.9575e-01
8.8353e-01
7.1185e-01
9.8295e-01
7.0725e-01
7.5741e-01
8.2628e-01
6.7651e-01
8.0573e-01
8.6253e-01
6.8625e-01
9.9964e-01
6.1181e-01
8.4187e-01
8.2986e-01
7.5847e-01
8.1658e-01
7.2824e-01
9.1265e-01
6.9666e-01
6.1486e-01
8.6760e-01
6.2570e-01
6.3577e-01
6.4378e-01
8.5961e-01
9.9192e-01
6.6986e-01
7.9092e-01
7.2974e-01
9.5834e-01
7.0040e-01
9.6758e-01
8.0657e-01
7.4146e-01
7.1221e-01
8.1487e-01
6.7072e-01
6.6471e-01
6.1641e-01
7.0859e-01
7.3868e-01
8.7484e-01
7.3751e-01
8.8051e-01
8.4106e-01
8.4886e-01
9.8700e-01
7.1319e-01
6.6529e-01
6.6108e-01
8.0111e-01
8.4546e-01
9.1858e-01
7.2535e-01
7.9132e-01
9.5292e-01
6.3844e-01
9.9007e-01
6.2894e-01
8.7098e-01
7.1617e-01
8.6543e-01
6.9902e-01
6.2798e-01
7.1126e-01
7.6825e-01
8.7026e-01
7.8193e-01
9.3245e-01
9.6185e-01
7.4030e-01
6.1663e-01
9.0391e-01
6.8227e-01
7.0579e-01
7.7737e-01
9.1193e-01
7.7301e-01
8.8526e-01
6.4961e-01
7.6000e-01
9.7551e-01
6.3069e-01
9.3804e-01
7.0880e-01
7.7482e-01
6.7530e-01
8.1180e-01
6.6516e-01
6.1517e-01
7.2743e-01
8.8653e-01
9.2359e-01
8.3659e-01
6.9719e-01
8.1931e-01
7.2104e-01
9.4963e-01
9.1628e-01
6.8078e-01
9.3942e-01
6.4329e-01
8.0911e-01
7.6661e-01
8.2689e-01
8.7936e-01
6.7013e-01
8.8539e-01
7.0634e-01
8.2197e-01
8.5590e-01
9.3158e-01
9.0346e-01
8.1492e-01
9.9705e-01
7.3466e-01
9.7699e-01
8.0826e-01
8.1725e-01
9.8952e-01
7.1222e-01
8.2075e-01
9.8230e-01
8.7390e-01
6.9794e-01
7.4110e-01
6.7664e-01
9.8589e-01
8.7403e-01
8.4907e-01
9.9376e-01
9.9175e-01
7.4858e-01
7.6056e-01
9.6528e-01
7.1247e-01
6.8527e-01
6.5443e-01
7.6111e-01
9.5421e-01
7.4293e-01
9.7603e-01
6.3235e-01
7.9955e-01
9.1289e-01
8.2009e-01
6.8268e-01
6.1879e-01
8.7382e-01
7.1829e-01
9.8693e-01
7.6632e-01
6.6324e-01
8.1388e-01
9.8728e-01
7.8759e-01
9.4844e-01
6.1103e-01
8.3644e-01
6.1056e-01
6.4696e-01
6.7900e-01
9.3776e-01
6.6158e-01
8.1386e-01
7.4386e-01
6.5259e-01
7.6237e-01
9.8625e-01
7.3743e-01
7.2380e-01
7.9946e-01
7.4630e-01
9.0569e-01
9.9433e-01
6.5131e-01
9.5675e-01
6.8923e-01
7.5778e-01
6.3723e-01
9.3919e-01
8.6937e-01
9.3333e-01
8.9480e-01
6.3835e-01
6.5309e-01
9.6510e-01
8.4404e-01
8.8688e-01
8.7155e-01
9.0265e-01
8.8114e-01
6.6013e-01
6.9392e-01
9.4203e-01
7.8494e-01
6.1775e-01
8.6306e-01
9.9624e-01
9.9053e-01
6.0586e-01
7.4669e-01
7.7446e-01
8.0765e-01
7.0134e-01
8.5292e-01
6.4348e-01
6.8942e-01
7.9811e-01
6.1291e-01
6.0952e-01
6.5554e-01
7.4559e-01
8.4513e-01
9.5902e-01
6.6038e-01
8.8284e-01
9.6599e-01
8.4869e-01
6.4476e-01
8.6997e-01
6.5816e-01
7.5763e-01
9.8605e-01
9.2384e-01
8.5712e-01
6.5845e-01
8.2818e-01
6.2565e-01
7.7605e-01
6.7778e-01
9.5757e-01
6.3389e-01
9.1947e-01
7.4030e-01
7.2073e-01
8.3930e-01
8.4707e-01
8.3546e-01
6.0453e-01
9.7702e-01
9.3008e-01
7.2086e-01
7.2764e-01
6.5240e-01
9.9059e-01
8.3499e-01
8.7810e-01
7.6474e-01
9.6152e-01
6.5916e-01
9.9060e-01
7.4569e-01
7.3874e-01
7.0242e-01
6.8082e-01
7.9267e-01
8.3921e-01
9.3899e-01
8.5532e-01
6.8653e-01
8.1460e-01
8.3358e-01
9.6168e-01
6.8977e-01
9.8800e-01
6.4788e-01
6.1805e-01
6.6861e-01
6.7871e-01
7.1086e-01
9.0081e-01
9.4606e-01
8.9276e-01
9.0307e-01
7.5287e-01
9.3587e-01
8.1682e-01
9.6810e-01
8.5946e-01
7.3319e-01
9.9963e-01
8.9163e-01
6.8039e-01
7.6410e-01
6.2516e-01
8.7121e-01
9.6849e-01
8.5368e-01
9.8020e-01
7.5070e-01
6.3704e-01
7.2926e-01
6.7839e-01
7.8654e-01
6.3797e-01
9.5443e-01
9.7674e-01
8.1116e-01
7.7590e-01
6.4581e-01
9.1515e-01
6.5002e-01
8.8346e-01
7.5098e-01
6.2378e-01
8.4462e-01
8.5830e-01
8.0236e-01
8.5701e-01
7.1874e-01
6.7689e-01
9.7230e-01
6.6752e-01
7.9065e-01
7.2141e-01
7.6845e-01
6.2776e-01
6.0111e-01
7.5469e-01
9.3515e-01
8.3911e-01
9.5328e-01
7.8380e-01
7.4425e-01
6.0298e-01
7.6019e-01
9.1373e-01
9.1251e-01
6.7353e-01
9.5753e-01
8.2329e-01
7.4126e-01
9.8145e-01
6.0777e-01
8.2133e-01
6.0588e-01
9.6400e-01
8.1990e-01
7.8076e-01
9.0712e-01
6.9420e-01
7.7448e-01
8.8797e-01
6.8769e-01
6.4444e-01
8.6037e-01
6.0373e-01
9.4345e-01
6.0147e-01
6.1141e-01
9.3698e-01
6.4600e-01
8.7306e-01
8.7645e-01
9.8097e-01
6.2674e-01
7.9952e-01
8.4088e-01
8.4819e-01
7.4633e-01
9.6379e-01
6.9826e-01
8.3576e-01
6.5571e-01
7.4088e-01
8.9236e-01
7.6659e-01
9.2115e-01
7.9427e-01
8.4574e-01
9.8480e-01
6.5205e-01
9.9449e-01
7.1989e-01
6.3288e-01
6.2251e-01
6.1791e-01
7.3134e-01
7.6750e-01
9.3997e-01
8.8786e-01
7.8926e-01
6.2341e-01
8.2332e-01
8.0217e-01
6.2351e-01
6.3549e-01
8.2873e-01
7.6941e-01
7.4479e-01
7.1734e-01
8.1453e-01
7.4328e-01
9.1774e-01
6.3581e-01
9.1973e-01
9.2394e-01
7.3975e-01
7.3962e-01
6.5996e-01
9.0343e-01
8.0196e-01
7.4579e-01
8.7657e-01
9.9147e-01
9.0180e-01
8.3296e-01
9.6078e-01
9.4676e-01
8.7809e-01
7.8407e-01
6.2590e-01
8.4729e-01
6.5551e-01
6.7550e-01
7.9318e-01
7.8732e-01
9.3918e-01
9.5863e-01
6.3668e-01
7.8952e-01
6.9666e-01
9.9598e-01
9.1784e-01
7.0815e-01
8.9947e-01
8.1988e-01
6.5104e-01
9.1812e-01
7.2890e-01
7.5529e-01
7.4818e-01
9.4841e-01
8.2033e-01
9.5918e-01
9.0576e-01
7.7786e-01
9.2422e-01
7.9030e-01
6.6061e-01
6.4220e-01
8.3134e-01
9.3036e-01
7.6690e-01
8.6397e-01
6.2213e-01
9.2900e-01
8.2542e-01
8.1752e-01
7.0137e-01
8.2600e-01
7.8400e-01
8.8911e-01
7.5063e-01
6.5031e-01
6.2409e-01
9.5159e-01
7.6514e-01
7.3305e-01
6.1940e-01
7.4613e-01
6.1912e-01
6.5602e-01
8.8402e-01
7.5457e-01
7.3785e-01
9.1523e-01
7.1178e-01
6.8122e-01
8.1924e-01
9.0496e-01
7.3087e-01
9.8675e-01
8.4504e-01
8.4610e-01
7.9703e-01
9.7760e-01
8.6162e-01
7.7339e-01
7.0418e-01
6.4634e-01
9.0744e-01
6.5337e-01
9.8844e-01
8.6606e-01
6.0694e-01
6.1938e-01
6.8905e-01
8.1141e-01
8.0474e-01
7.8120e-01
7.9035e-01
9.2138e-01
7.6024e-01
8.5505e-01
8.4470e-01
8.4887e-01
8.7019e-01
6.1360e-01
8.1696e-01
7.7265e-01
9.7057e-01
8.1073e-01
7.4578e-01
9.4556e-01
6.6855e-01
8.6785e-01
6.4424e-01
9.7470e-01
7.8106e-01
9.6218e-01
8.7374e-01
8.9811e-01
9.2274e-01
7.3867e-01
7.0770e-01
6.0056e-01
7.8366e-01
8.8922e-01
7.6305e-01
9.8526e-01
9.3722e-01
6.0298e-01
8.0457e-01
8.4349e-01
7.6853e-01
7.0518e-01
9.6571e-01
8.1606e-01
7.7492e-01
7.8379e-01
9.2877e-01
7.9720e-01
7.4430e-01
9.7191e-01
6.3560e-01
8.9341e-01
9.9702e-01
6.3184e-01
6.3597e-01
8.6578e-01
6.2760e-01
7.0972e-01
8.0826e-01
6.6315e-01
6.0317e-01
6.2874e-01
6.9895e-01
7.6522e-01
9.4141e-01
9.7921e-01
9.3714e-01
6.8008e-01
7.6857e-01
7.5720e-01
9.5364e-01
8.7027e-01
6.6293e-01
6.3766e-01
6.2792e-01
6.1244e-01
6.3345e-01
9.1336e-01
6.7536e-01
6.9413e-01
7.6235e-01
7.5650e-01
8.5655e-01
6.6758e-01
7.4762e-01
6.0926e-01
6.2476e-01
6.8999e-01
8.3029e-01
6.2865e-01
8.0492e-01
7.0980e-01
9.0214e-01
7.3472e-01
9.8863e-01
7.7189e-01
6.4690e-01
8.1455e-01
7.8391e-01
6.2268e-01
7.7555e-01
7.9343e-01
6.8875e-01
9.4809e-01
8.9914e-01
9.1809e-01
6.3046e-01
8.8218e-01
9.5640e-01
8.4951e-01
8.6828e-01
7.6734e-01
9.7756e-01
7.9127e-01
8.6227e-01
6.9358e-01
9.8759e-01
8.9181e-01
9.3935e-01
7.7275e-01
6.4777e-01
9.8602e-01
8.6149e-01
9.4578e-01
8.5613e-01
9.0332e-01
9.5449e-01
8.7574e-01
9.3815e-01
9.7568e-01
9.8862e-01
7.6786e-01
7.8775e-01
9.5936e-01
7.0840e-01
6.7418e-01
8.8197e-01
6.4484e-01
9.8841e-01
9.6292e-01
8.4015e-01
8.1532e-01
6.0114e-01
7.5406e-01
6.0911e-01
9.7865e-01
6.7106e-01
9.9005e-01
7.4102e-01
9.2181e-01
9.2326e-01
8.4758e-01
8.1556e-01
8.1291e-01
7.1353e-01
9.7410e-01
9.4147e-01
7.2716e-01
9.4837e-01
9.0592e-01
9.6237e-01
9.8561e-01
9.9957e-01
9.1488e-01
7.5041e-01
6.3025e-01
8.1238e-01
9.5796e-01
6.4480e-01
8.9954e-01
9.2541e-01
7.5928e-01
8.9394e-01
8.3377e-01
7.2247e-01
9.7512e-01
7.7874e-01
7.0291e-01
7.8086e-01
6.6169e-01
8.4333e-01
8.3558e-01
8.4556e-01
8.1276e-01
6.5334e-01
6.0878e-01
9.7176e-01
6.6240e-01
8.0703e-01
8.8426e-01
6.6593e-01
7.1271e-01
8.4395e-01
6.0671e-01
7.7703e-01
7.7495e-01
7.2723e-01
6.0722e-01
6.1296e-01
6.9227e-01
6.0215e-01
6.3377e-01
9.4718e-01
8.6188e-01
7.9372e-01
8.2528e-01
9.3141e-01
7.0260e-01
9.5652e-01
9.5495e-01
9.9002e-01
9.0137e-01
7.6567e-01
8.3228e-01
9.7324e-01
8.0090e-01
8.7925e-01
7.5753e-01
9.1085e-01
8.8047e-01
8.6445e-01
6.2070e-01
8.8712e-01
7.6029e-01
8.2262e-01
8.3691e-01
7.3572e-01
6.6588e-01
9.1385e-01
9.2520e-01
7.5904e-01
6.1049e-01
6.2137e-01
6.9257e-01
7.3396e-01
8.8675e-01
9.1868e-01
9.0980e-01
9.0624e-01
7.0544e-01
7.3685e-01
6.7335e-01
7.2365e-01
9.3599e-01
9.7813e-01
6.6183e-01
7.9651e-01
7.2310e-01
7.6746e-01
6.6507e-01
9.3913e-01
8.4617e-01
7.4312e-01
8.8457e-01
7.5115e-01
8.0345e-01
6.7927e-01
9.4116e-01
7.9082e-01
6.6467e-01
7.2447e-01
9.0835e-01
6.9009e-01
8.8447e-01
9.9632e-01
6.3338e-01
6.7956e-01
8.1046e-01
6.5451e-01
6.3971e-01
7.1795e-01
9.9930e-01
7.4425e-01
6.5304e-01
8.8948e-01
8.5206e-01
8.9256e-01
7.1436e-01
6.0244e-01
9.5821e-01
8.2946e-01
8.9158e-01
8.3825e-01
6.0857e-01
6.7575e-01
6.4553e-01
9.3144e-01
6.6565e-01
9.5362e-01
9.1878e-01
7.4446e-01
7.8263e-01
7.7679e-01
6.9503e-01
8.0711e-01
6.8756e-01
6.9575e-01
7.6203e-01
7.6661e-01
8.7844e-01
7.6666e-01
8.5407e-01
6.8042e-01
9.8431e-01
9.5163e-01
9.2102e-01
9.9764e-01
6.6654e-01
6.2333e-01
7.3725e-01
8.0648e-01
8.6471e-01
9.2669e-01
9.4942e-01
8.6720e-01
9.7786e-01
6.4805e-01
6.8427e-01
7.8022e-01
6.2569e-01
8.2244e-01
7.9561e-01
8.3150e-01
8.6234e-01
8.6161e-01
7.7339e-01
7.4351e-01
7.2905e-01
9.5086e-01
7.2763e-01
6.6619e-01
6.3348e-01
8.6333e-01
9.9910e-01
6.2497e-01
6.3111e-01
9.7604e-01
7.5219e-01
8.6340e-01
6.0761e-01
7.2885e-01
8.3799e-01
6.3555e-01
9.5974e-01
6.3129e-01
6.8595e-01
7.3590e-01
8.1869e-01
6.4184e-01
6.7788e-01
8.3624e-01
6.6129e-01
7.4555e-01
8.3638e-01
7.6577e-01
7.1763e-01
8.7665e-01
9.6250e-01
6.9648e-01
8.5843e-01
6.8402e-01
8.5301e-01
9.5889e-01
8.0810e-01
6.2063e-01
8.2416e-01
8.6239e-01
6.2628e-01
8.5360e-01
6.0133e-01
6.5597e-01
7.5936e-01
9.0777e-01
7.8224e-01
8.3759e-01
9.0735e-01
7.2440e-01
7.3210e-01
6.9002e-01
7.6520e-01
8.8890e-01
6.4761e-01
6.5352e-01
6.4552e-01
7.6668e-01
6.8234e-01
9.5754e-01
7.5422e-01
6.1162e-01
8.7540e-01
6.3280e-01
7.3284e-01
8.3346e-01
6.5577e-01
7.1859e-01
6.1683e-01
7.2327e-01
9.4560e-01
8.1918e-01
6.1326e-01
7.2893e-01
9.0829e-01
7.7657e-01
6.5845e-01
9.7882e-01
6.4750e-01
7.0060e-01
6.0881e-01
9.3717e-01
7.1702e-01
7.2619e-01
6.9619e-01
8.3597e-01
7.4341e-01
8.6447e-01
9.8752e-01
8.2928e-01
8.8826e-01
6.2420e-01
6.0510e-01
9.1131e-01
6.5853e-01
9.8282e-01
7.3492e-01
7.0121e-01
9.8997e-01
7.0006e-01
6.9867e-01
6.9792e-01
9.7498e-01
6.6080e-01
7.6511e-01
9.9273e-01
8.5106e-01
9.1256e-01
7.0120e-01
8.6087e-01
8.7559e-01
7.8552e-01
7.4054e-01
7.3928e-01
9.2159e-01
9.8990e-01
8.5820e-01
8.1635e-01
6.2076e-01
8.0740e-01
9.1561e-01
6.2734e-01
8.2073e-01
9.5215e-01
9.1567e-01
9.9669e-01
7.8502e-01
6.4460e-01
9.3963e-01
6.1472e-01
9.4060e-01
7.5291e-01
7.2085e-01
6.9146e-01
9.9710e-01
7.7360e-01
7.5440e-01
7.9698e-01
8.7617e-01
6.1888e-01
9.3578e-01
8.5283e-01
8.9395e-01
8.3649e-01
9.4602e-01
6.4932e-01
9.9422e-01
7.6262e-01
8.6068e-01
8.2005e-01
7.0050e-01
6.1888e-01
7.1467e-01
9.1517e-01
7.9682e-01
7.1586e-01
9.5693e-01
9.0333e-01
6.9338e-01
8.4481e-01
6.4071e-01
6.8398e-01
9.3829e-01
8.7617e-01
8.8425e-01
7.7662e-01
8.9570e-01
7.9916e-01
7.4428e-01
6.4597e-01
8.9468e-01
6.6266e-01
6.0914e-01
8.1146e-01
9.9589e-01
7.5620e-01
8.3430e-01
9.2110e-01
9.2839e-01
8.9049e-01
7.8357e-01
7.3195e-01
6.4319e-01
9.5767e-01
7.8630e-01
7.5266e-01
8.4904e-01
7.5639e-01
7.9518e-01
8.5821e-01
9.0065e-01
8.8809e-01
6.7690e-01
6.6632e-01
6.6557e-01
9.6940e-01
7.4635e-01
8.0054e-01
8.9108e-01
7.9508e-01
7.8610e-01
8.6882e-01
7.4639e-01
7.0676e-01
6.7893e-01
6.3614e-01
7.0938e-01
8.9314e-01
8.4811e-01
9.4752e-01
7.5211e-01
8.1271e-01
8.5111e-01
7.8080e-01
8.6755e-01
8.0085e-01
9.9222e-01
9.6365e-01
6.5574e-01
8.5989e-01
8.8083e-01
6.9521e-01
8.5238e-01
8.9581e-01
7.8950e-01
7.0226e-01
7.2171e-01
8.4816e-01
8.5809e-01
7.9104e-01
6.1906e-01
6.1297e-01
7.2639e-01
9.5610e-01
9.2340e-01
7.7419e-01
8.6227e-01
8.4844e-01
9.2273e-01
6.7845e-01
8.4573e-01
9.3867e-01
6.1710e-01
8.2483e-01
7.0665e-01
8.4084e-01
9.0716e-01
9.2785e-01
9.9417e-01
8.1754e-01
7.9941e-01
7.9733e-01
6.3046e-01
8.0899e-01
6.9635e-01
7.8679e-01
8.7716e-01
7.3546e-01
9.9486e-01
8.1639e-01
7.8111e-01
7.7165e-01
7.7992e-01
6.5741e-01
7.2325e-01
7.8077e-01
6.0356e-01
7.7180e-01
6.9988e-01
9.6029e-01
8.3455e-01
6.4401e-01
7.0527e-01
6.6186e-01
9.1367e-01
7.4663e-01
9.6174e-01
6.6101e-01
7.0456e-01
9.6128e-01
8.3742e-01
8.8616e-01
6.5025e-01
7.1816e-01
8.1742e-01
6.8475e-01
6.4350e-01
6.6908e-01
7.0596e-01
6.1407e-01
6.3301e-01
8.4062e-01
8.5282e-01
8.6542e-01
7.3541e-01
8.1536e-01
8.3670e-01
9.5388e-01
6.8711e-01
8.7795e-01
9.4257e-01
7.1124e-01
8.7959e-01
7.8539e-01
7.8478e-01
9.8146e-01
7.4878e-01
9.8692e-01
9.9514e-01
6.2329e-01
7.0298e-01
6.3257e-01
6.8753e-01
8.0171e-01
9.7056e-01
9.7442e-01
8.4492e-01
7.7830e-01
8.6658e-01
6.2591e-01
9.5338e-01
7.4469e-01
6.7539e-01
7.2758e-01
7.1137e-01
8.2920e-01
6.1081e-01
7.4636e-01
9.6516e-01
7.3585e-01
7.1700e-01
7.7600e-01
9.6855e-01
7.7205e-01
7.9518e-01
8.9567e-01
7.2475e-01
7.5498e-01
6.4451e-01
7.6831e-01
8.4252e-01
9.1785e-01
9.5312e-01
7.3846e-01
8.7028e-01
6.7265e-01
8.1389e-01
8.0285e-01
9.8166e-01
8.8745e-01
8.8786e-01
9.6174e-01
8.8797e-01
6.7581e-01
6.8021e-01
9.7831e-01
8.5034e-01
6.7799e-01
7.9392e-01
6.8551e-01
7.9631e-01
8.7105e-01
7.3978e-01
8.2303e-01
8.3570e-01
6.8129e-01
6.9044e-01
7.9709e-01
7.5265e-01
7.6936e-01
9.6328e-01
8.2264e-01
9.1664e-01
9.5659e-01
8.2409e-01
6.3153e-01
6.5097e-01
6.8244e-01
8.2745e-01
8.7167e-01
6.8700e-01
6.8329e-01
9.5351e-01
6.2907e-01
6.8465e-01
9.7734e-01
6.0205e-01
8.5679e-01
6.7772e-01
7.7925e-01
9.3153e-01
7.5090e-01
6.4428e-01
7.0634e-01
6.3566e-01
6.1236e-01
6.1593e-01
7.6376e-01
7.9163e-01
6.2674e-01
9.9717e-01
6.3445e-01
6.8007e-01
6.8998e-01
9.8485e-01
9.9839e-01
9.6616e-01
6.4080e-01
9.1653e-01
6.8132e-01
6.4111e-01
7.7958e-01
8.0609e-01
7.3761e-01
8.7484e-01
7.0596e-01
8.1459e-01
8.7368e-01
6.1671e-01
7.8809e-01
6.0679e-01
6.4817e-01
6.9040e-01
9.3321e-01
9.0150e-01
7.4659e-01
6.2176e-01
9.7262e-01
8.8900e-01
8.6217e-01
7.9789e-01
6.4164e-01
9.8311e-01
9.0607e-01
9.9364e-01
7.1193e-01
7.0696e-01
8.2367e-01
9.0035e-01
6.0766e-01
6.6452e-01
8.1915e-01
7.9611e-01
8.9679e-01
8.6097e-01
9.8863e-01
6.0503e-01
9.5813e-01
6.0292e-01
6.2498e-01
6.7957e-01
8.9506e-01
8.2822e-01
9.8745e-01
9.2380e-01
6.6631e-01
6.5218e-01
9.5950e-01
9.4680e-01
7.7323e-01
8.3756e-01
8.7257e-01
6.6906e-01
6.1811e-01
6.0711e-01
8.8150e-01
9.5153e-01
8.8086e-01
9.0932e-01
9.4719e-01
8.2020e-01
7.8454e-01
9.9249e-01
7.0735e-01
9.0082e-01
8.4427e-01
9.5842e-01
7.7473e-01
9.7574e-01
7.9378e-01
8.9595e-01
6.6509e-01
7.4265e-01
8.4399e-01
8.5889e-01
8.9557e-01
9.5207e-01
6.7644e-01
8.6444e-01
7.3343e-01
9.8863e-01
7.6045e-01
6.8339e-01
9.4112e-01
6.4331e-01
9.6599e-01
8.2351e-01
7.9362e-01
9.2773e-01
9.3419e-01
7.3808e-01
9.3714e-01
7.0786e-01
7.0380e-01
9.1590e-01
8.7098e-01
9.3716e-01
7.6410e-01
7.0287e-01
7.3925e-01
7.0858e-01
6.7652e-01
6.6384e-01
7.8551e-01
9.8049e-01
8.7570e-01
8.4368e-01
7.2326e-01
9.2305e-01
7.3180e-01
7.3784e-01
8.8943e-01
8.7642e-01
9.7166e-01
6.4610e-01
8.1061e-01
6.5657e-01
8.7104e-01
7.4657e-01
9.8439e-01
8.8801e-01
7.5558e-01
6.5026e-01
7.8460e-01
6.7299e-01
8.9923e-01
6.3770e-01
9.5874e-01
7.3913e-01
9.8472e-01
8.4432e-01
9.4663e-01
9.6945e-01
9.3399e-01
8.1461e-01
8.5018e-01
9.5174e-01
9.8224e-01
6.1913e-01
6.4781e-01
8.6935e-01
6.1400e-01
6.9227e-01
7.0673e-01
9.6872e-01
6.9612e-01
6.8295e-01
6.9867e-01
9.2188e-01
8.8972e-01
9.5173e-01
9.2369e-01
9.9264e-01
8.6619e-01
9.9942e-01
6.2956e-01
9.4484e-01
7.5840e-01
6.3506e-01
6.9213e-01
9.0603e-01
7.3889e-01
9.5152e-01
6.8316e-01
7.0113e-01
9.8632e-01
9.1746e-01
6.4709e-01
8.1794e-01
9.8097e-01
9.2267e-01
7.9102e-01
6.3873e-01
9.4941e-01
7.5703e-01
7.6042e-01
6.0878e-01
7.4056e-01
6.3689e-01
6.9828e-01
6.9815e-01
6.6771e-01
8.9357e-01
6.1835e-01
8.4705e-01
9.6816e-01
8.8840e-01
9.2066e-01
7.4814e-01
7.8681e-01
6.8343e-01
8.9986e-01
7.3515e-01
9.9940e-01
9.9861e-01
6.2866e-01
7.4102e-01
7.7652e-01
7.5334e-01
8.0837e-01
9.9699e-01
7.6465e-01
9.7827e-01
6.0959e-01
8.7165e-01
8.1012e-01
9.8752e-01
7.9435e-01
7.4084e-01
9.7610e-01
6.8183e-01
7.8861e-01
8.1403e-01
7.6504e-01
6.6718e-01
8.7590e-01
7.7657e-01
6.5861e-01
6.5113e-01
9.1831e-01
8.5864e-01
8.7440e-01
7.0328e-01
6.9245e-01
9.1883e-01
9.0827e-01
8.4218e-01
7.3648e-01
7.9214e-01
7.2695e-01
8.6891e-01
9.1119e-01
7.6379e-01
9.4587e-01
8.9846e-01
8.5992e-01
9.1839e-01
9.2780e-01
8.8618e-01
8.9899e-01
6.8021e-01
8.3873e-01
6.8649e-01
6.7358e-01
7.7949e-01
8.3729e-01
8.8486e-01
6.1657e-01
7.7837e-01
8.6883e-01
7.9817e-01
9.4668e-01
8.7610e-01
6.2488e-01
9.1735e-01
8.6784e-01
8.0970e-01
9.6200e-01
8.7056e-01
8.6734e-01
9.8321e-01
9.6562e-01
7.8715e-01
8.3973e-01
6.1463e-01
6.3762e-01
8.1334e-01
7.5592e-01
9.7482e-01
6.1649e-01
7.1575e-01
9.1758e-01
9.0365e-01
6.0287e-01
9.7929e-01
9.9024e-01
8.7547e-01
7.2750e-01
8.2950e-01
7.1876e-01
6.1123e-01
6.4606e-01
6.3640e-01
8.3610e-01
9.2143e-01
6.3728e-01
6.9804e-01
7.2373e-01
8.8544e-01
6.2829e-01
8.2181e-01
8.5028e-01
8.9268e-01
8.5419e-01
6.6986e-01
6.0971e-01
9.7407e-01
7.2661e-01
7.3891e-01
7.0172e-01
8.5375e-01
7.8806e-01
6.8590e-01
6.0413e-01
9.6320e-01
8.2143e-01
8.0029e-01
7.3064e-01
6.4396e-01
8.0115e-01
8.3049e-01
8.4676e-01
6.9796e-01
6.0570e-01
8.3250e-01
9.3340e-01
7.4849e-01
9.9754e-01
6.8818e-01
8.6778e-01
6.1039e-01
9.3020e-01
7.4197e-01
6.6186e-01
8.3015e-01
8.9578e-01
8.3944e-01
7.1880e-01
9.0688e-01
6.3241e-01
6.3137e-01
8.9080e-01
8.6469e-01
8.9407e-01
9.1525e-01
9.0972e-01
7.9289e-01
8.0784e-01
8.7405e-01
7.7943e-01
8.8697e-01
6.1182e-01
6.0669e-01
8.3454e-01
8.1335e-01
7.0404e-01
6.4636e-01
6.4911e-01
8.9118e-01
8.1052e-01
7.4924e-01
9.7712e-01
8.1937e-01
8.8101e-01
6.5649e-01
7.9004e-01
9.1348e-01
6.3734e-01
9.5747e-01
7.3003e-01
6.1669e-01
6.9573e-01
6.4344e-01
7.7406e-01
6.2477e-01
7.0263e-01
8.7500e-01
7.3302e-01
7.3361e-01
9.4761e-01
9.0888e-01
7.6662e-01
9.2616e-01
9.3832e-01
8.3268e-01
6.5641e-01
9.8641e-01
6.9993e-01
9.5336e-01
8.4565e-01
8.4127e-01
9.7388e-01
6.7660e-01
7.9282e-01
6.4570e-01
6.8083e-01
6.9639e-01
9.6518e-01
9.0202e-01
7.0643e-01
9.0581e-01
8.6072e-01
6.7598e-01
9.9277e-01
8.2595e-01
9.9375e-01
8.1079e-01
6.9681e-01
6.7623e-01
6.1414e-01
6.2884e-01
7.6815e-01
6.5331e-01
9.5325e-01
8.1374e-01
9.9975e-01
9.0552e-01
7.6334e-01
7.6743e-01
9.6453e-01
6.6914e-01
9.8099e-01
6.7706e-01
6.7350e-01
7.2349e-01
6.7536e-01
7.8517e-01
9.8663e-01
9.0781e-01
6.7230e-01
8.0890e-01
6.1791e-01
9.6901e-01
6.2870e-01
7.5973e-01
7.3703e-01
9.7800e-01
7.3854e-01
6.0736e-01
8.9409e-01
9.0970e-01
8.7848e-01
6.2184e-01
7.6173e-01
6.3149e-01
7.8223e-01
6.7840e-01
6.5123e-01
9.8188e-01
7.4018e-01
9.3094e-01
8.8649e-01
7.3654e-01
8.1690e-01
6.3921e-01
8.3371e-01
7.9536e-01
7.2599e-01
9.7412e-01
7.4860e-01
6.1149e-01
6.1028e-01
6.3493e-01
6.1730e-01
8.1798e-01
7.3346e-01
7.6745e-01
6.2163e-01
9.3762e-01
6.7295e-01
8.6672e-01
8.8055e-01
9.7021e-01
8.3012e-01
7.7967e-01
8.3425e-01
9.6852e-01
9.5693e-01
6.5215e-01
7.7501e-01
6.8943e-01
9.1134e-01
9.1739e-01
8.3716e-01
6.9188e-01
7.5069e-01
9.0860e-01
7.2875e-01
7.9097e-01
9.9284e-01
7.6886e-01
7.8755e-01
6.5589e-01
8.7745e-01
7.4434e-01
8.9318e-01
9.0755e-01
9.5419e-01
6.7010e-01
8.8138e-01
8.4118e-01
6.6265e-01
8.4689e-01
8.8417e-01
6.2987e-01
7.5008e-01
6.3759e-01
7.7602e-01
6.0959e-01
6.6111e-01
8.1460e-01
6.5484e-01
6.0991e-01
9.5413e-01
7.4813e-01
6.4847e-01
6.4783e-01
7.1867e-01
8.6597e-01
7.8400e-01
9.2343e-01
8.3314e-01
8.2082e-01
8.3380e-01
9.6821e-01
8.2215e-01
6.9034e-01
8.6449e-01
8.5637e-01
6.7818e-01
9.9363e-01
6.0108e-01
7.6940e-01
6.6528e-01
8.2818e-01
8.0161e-01
7.0254e-01
6.6248e-01
7.9560e-01
7.7946e-01
9.2091e-01
8.3742e-01
6.6828e-01
6.9749e-01
7.8553e-01
9.5687e-01
6.4361e-01
6.6461e-01
9.8040e-01
9.5569e-01
9.7662e-01
9.4813e-01
8.8013e-01
9.1394e-01
7.5478e-01
9.7166e-01
9.2604e-01
7.5791e-01
6.1266e-01
7.5943e-01
6.2937e-01
9.4391e-01
7.0473e-01
9.0205e-01
8.9789e-01
7.7305e-01
8.7057e-01
9.7521e-01
8.0994e-01
6.8626e-01
6.7472e-01
9.3737e-01
9.1698e-01
7.0149e-01
9.8277e-01
7.0529e-01
8.1478e-01
6.1703e-01
6.5356e-01
6.2589e-01
7.4600e-01
7.0996e-01
6.7701e-01
9.2084e-01
6.5958e-01
9.3269e-01
8.1106e-01
8.9867e-01
6.9424e-01
8.9838e-01
6.6477e-01
6.8526e-01
6.2035e-01
9.5142e-01
7.2492e-01
8.3033e-01
8.5961e-01
9.1702e-01
8.7862e-01
9.2937e-01
9.6813e-01
9.5176e-01
6.6644e-01
6.2733e-01
8.4575e-01
9.6066e-01
7.1424e-01
8.9492e-01
7.9561e-01
9.8242e-01
8.3983e-01
6.4220e-01
8.0744e-01
7.3964e-01
8.0624e-01
7.3385e-01
9.9296e-01
9.1434e-01
8.6669e-01
6.2200e-01
6.1135e-01
7.0795e-01
7.4266e-01
8.4989e-01
7.4179e-01
9.7708e-01
8.2422e-01
9.8071e-01
8.8284e-01
8.3687e-01
8.8381e-01
9.4419e-01
8.2216e-01
6.5746e-01
7.3469e-01
6.2282e-01
8.1782e-01
6.0919e-01
9.6871e-01
7.3751e-01
7.7338e-01
7.5699e-01
8.9653e-01
7.4308e-01
9.0851e-01
8.4077e-01
9.0775e-01
6.5533e-01
9.2615e-01
7.4381e-01
8.8803e-01
6.5046e-01
9.3695e-01
8.1922e-01
8.4381e-01
8.3963e-01
7.3604e-01
9.3574e-01
8.7240e-01
6.3832e-01
9.0424e-01
6.5850e-01
6.4319e-01
7.9826e-01
8.0304e-01
7.3016e-01
6.1129e-01
7.9369e-01
9.4991e-01
7.8784e-01
9.7591e-01
8.0607e-01
8.7004e-01
6.3791e-01
6.2213e-01
6.1910e-01
8.1007e-01
8.9452e-01
8.1691e-01
7.1531e-01
6.6914e-01
8.1038e-01
9.8924e-01
9.8967e-01
8.0033e-01
9.5908e-01
8.2460e-01
6.8396e-01
7.7050e-01
7.7164e-01
8.6805e-01
6.3929e-01
8.5531e-01
8.6611e-01
7.1784e-01
9.0815e-01
9.0081e-01
7.8204e-01
7.9038e-01
8.0731e-01
9.2764e-01
6.1632e-01
6.3378e-01
8.7595e-01
9.1448e-01
6.7199e-01
9.0102e-01
7.9734e-01
7.1627e-01
8.6846e-01
9.7369e-01
7.0257e-01
6.0683e-01
8.0487e-01
6.6208e-01
7.9263e-01
6.8084e-01
6.4546e-01
9.6343e-01
8.9017e-01
9.8713e-01
9.7543e-01
7.0874e-01
6.7730e-01
6.8248e-01
9.5122e-01
6.6743e-01
9.6327e-01
8.4810e-01
6.3157e-01
9.9857e-01
9.4540e-01
6.5634e-01
9.8686e-01
7.3475e-01
6.3026e-01
8.8525e-01
6.7770e-01
6.6122e-01
9.3704e-01
7.6117e-01
9.9183e-01
7.8121e-01
8.7816e-01
7.8041e-01
7.4083e-01
6.0558e-01
8.7302e-01
8.0934e-01
7.1088e-01
6.6270e-01
7.2116e-01
6.9080e-01
6.9318e-01
8.7024e-01
8.0668e-01
8.6389e-01
6.9951e-01
8.7564e-01
9.4006e-01
8.3052e-01
9.4375e-01
8.2946e-01
8.3828e-01
9.9066e-01
9.9879e-01
7.1085e-01
7.0188e-01
7.6180e-01
9.1745e-01
8.8614e-01
6.5779e-01
7.9874e-01
8.5360e-01
8.9219e-01
6.3799e-01
8.1835e-01
6.4551e-01
8.3208e-01
8.1605e-01
8.0102e-01
8.6908e-01
9.6012e-01
9.1820e-01
9.1663e-01
7.4302e-01
9.9200e-01
6.5506e-01
7.7502e-01
6.7761e-01
7.9655e-01
8.9283e-01
6.4975e-01
9.9277e-01
9.6518e-01
9.1215e-01
9.1892e-01
6.9804e-01
6.7729e-01
7.8557e-01
9.7285e-01
8.6170e-01
6.4789e-01
9.7146e-01
9.9530e-01
9.9484e-01
9.0311e-01
6.1759e-01
7.5662e-01
7.6810e-01
7.6927e-01
7.8172e-01
8.0271e-01
8.2496e-01
7.5899e-01
9.8591e-01
9.4293e-01
9.3603e-01
9.0821e-01
9.0903e-01
8.5978e-01
8.2011e-01
9.4285e-01
6.2964e-01
7.0514e-01
6.3391e-01
8.1980e-01
6.0658e-01
7.5218e-01
7.2446e-01
8.8302e-01
6.0569e-01
8.5286e-01
6.2734e-01
9.6536e-01
7.4766e-01
6.7921e-01
6.1566e-01
9.8414e-01
6.6758e-01
7.8907e-01
7.6838e-01
9.8777e-01
8.9223e-01
9.1021e-01
8.8948e-01
7.9435e-01
6.3572e-01
6.8225e-01
8.8956e-01
8.4587e-01
9.5233e-01
8.9051e-01
9.1258e-01
7.0542e-01
7.3076e-01
8.9310e-01
7.5980e-01
6.0893e-01
7.5680e-01
9.1327e-01
6.6912e-01
6.3094e-01
7.8781e-01
6.1001e-01
7.8933e-01
6.8927e-01
6.5971e-01
6.2008e-01
8.1801e-01
9.9620e-01
9.6621e-01
6.6454e-01
8.6155e-01
7.7125e-01
6.6326e-01
7.5996e-01
6.1451e-01
9.4718e-01
9.1132e-01
6.0245e-01
7.1852e-01
7.5459e-01
8.2394e-01
8.7086e-01
7.3142e-01
7.0265e-01
9.7483e-01
9.4719e-01
9.9630e-01
7.9389e-01
9.1238e-01
7.7177e-01
9.4159e-01
6.8868e-01
7.0952e-01
6.8579e-01
9.5894e-01
6.7224e-01
9.7419e-01
6.5020e-01
8.8049e-01
7.2586e-01
8.6112e-01
8.2206e-01
6.5864e-01
7.9126e-01
6.3265e-01
9.8259e-01
7.8949e-01
8.6224e-01
8.7310e-01
9.6500e-01
6.9722e-01
8.7671e-01
9.3858e-01
9.7261e-01
6.5713e-01
6.1112e-01
6.0193e-01
8.7114e-01
9.1885e-01
7.0913e-01
6.7100e-01
8.9457e-01
6.4415e-01
7.9651e-01
8.6154e-01
6.8125e-01
9.5743e-01
9.4691e-01
8.2609e-01
8.5747e-01
7.1310e-01
7.4995e-01
7.9327e-01
7.0648e-01
8.4531e-01
7.2522e-01
6.5897e-01
6.3798e-01
9.8792e-01
7.2941e-01
6.1013e-01
9.2357e-01
8.8552e-01
8.6155e-01
6.2201e-01
6.3711e-01
6.4617e-01
9.6002e-01
6.8664e-01
9.2889e-01
9.2981e-01
9.2472e-01
6.4749e-01
8.2494e-01
7.0673e-01
6.9894e-01
8.5007e-01
8.8915e-01
6.7384e-01
7.0231e-01
6.8067e-01
7.2010e-01
8.9594e-01
8.8846e-01
8.3917e-01
9.0385e-01
6.4451e-01
6.4405e-01
8.5397e-01
7.2086e-01
8.4627e-01
8.0142e-01
8.6760e-01
9.7595e-01
9.7865e-01
7.9278e-01
7.3903e-01
6.9380e-01
8.7092e-01
7.6482e-01
9.4773e-01
6.2769e-01
7.2892e-01
8.1098e-01
6.4533e-01
8.2150e-01
7.6426e-01
9.8889e-01
6.1044e-01
9.7717e-01
6.2075e-01
6.7323e-01
6.7957e-01
8.0727e-01
9.2973e-01
8.9872e-01
7.9711e-01
6.3898e-01
7.1946e-01
6.1099e-01
8.3784e-01
6.7953e-01
8.6949e-01
9.5972e-01
9.2475e-01
7.9007e-01
8.5007e-01
7.3093e-01
7.3542e-01
6.6707e-01
9.7574e-01
7.6019e-01
7.7981e-01
6.2250e-01
8.1662e-01
7.9490e-01
6.8722e-01
7.7495e-01
6.4893e-01
9.1970e-01
9.9015e-01
7.8137e-01
9.1098e-01
9.9767e-01
9.6896e-01
7.6983e-01
7.0386e-01
7.9110e-01
6.1844e-01
7.2105e-01
9.6427e-01
8.2357e-01
8.5489e-01
9.8987e-01
9.4916e-01
9.5819e-01
6.7511e-01
7.2208e-01
9.7960e-01
9.7778e-01
7.0562e-01
8.0423e-01
7.0560e-01
7.4417e-01
8.8271e-01
7.9282e-01
9.4469e-01
6.1692e-01
6.0945e-01
6.6398e-01
7.0894e-01
7.1368e-01
8.3355e-01
9.4181e-01
7.5740e-01
9.1237e-01
6.9003e-01
9.6389e-01
8.9878e-01
6.0550e-01
9.2176e-01
8.7083e-01
9.1485e-01
7.8860e-01
7.7040e-01
9.4583e-01
7.9561e-01
6.4647e-01
8.3084e-01
9.3629e-01
7.2371e-01
9.2494e-01
9.7279e-01
7.2524e-01
9.0945e-01
6.6525e-01
8.4543e-01
6.9811e-01
7.4272e-01
9.4151e-01
8.4797e-01
9.8213e-01
8.3775e-01
6.2156e-01
9.7281e-01
7.3130e-01
9.2189e-01
9.1945e-01
7.9725e-01
8.5959e-01
7.8576e-01
7.3342e-01
6.0190e-01
7.7188e-01
7.0654e-01
6.5146e-01
8.9935e-01
9.8022e-01
9.1863e-01
9.5831e-01
8.1583e-01
7.9610e-01
7.5020e-01
8.9961e-01
7.4043e-01
7.2150e-01
8.4282e-01
6.8639e-01
6.9048e-01
7.5066e-01
8.1141e-01
9.5218e-01
9.9697e-01
9.9803e-01
8.4174e-01
7.0890e-01
9.5015e-01
7.0446e-01
6.1174e-01
6.0276e-01
9.1062e-01
9.0240e-01
7.7548e-01
6.3988e-01
8.6156e-01
8.0344e-01
7.4737e-01
8.7698e-01
9.1056e-01
6.4298e-01
7.8515e-01
8.9188e-01
6.6623e-01
8.9469e-01
9.6485e-01
8.8546e-01
7.8978e-01
9.3865e-01
9.0821e-01
6.6589e-01
8.4060e-01
9.4774e-01
6.6820e-01
8.3196e-01
9.5963e-01
9.7222e-01
8.1141e-01
6.2188e-01
7.6600e-01
8.8847e-01
7.1656e-01
9.9096e-01
8.7731e-01
6.4146e-01
8.0506e-01
9.1778e-01
9.1121e-01
6.1381e-01
6.1249e-01
6.6904e-01
8.1152e-01
8.5378e-01
6.6962e-01
6.8111e-01
6.5202e-01
6.2181e-01
6.4303e-01
6.9098e-01
9.9554e-01
8.2089e-01
6.4672e-01
7.6501e-01
6.8412e-01
6.1108e-01
9.0152e-01
9.3204e-01
8.1493e-01
7.1773e-01
7.3622e-01
6.1813e-01
6.3544e-01
6.8564e-01
6.0196e-01
8.9859e-01
7.7565e-01
9.3190e-01
9.0182e-01
6.9870e-01
9.9546e-01
8.2224e-01
7.0854e-01
9.4526e-01
8.1511e-01
9.7939e-01
8.6428e-01
8.3170e-01
8.0788e-01
9.6866e-01
6.8179e-01
6.4299e-01
8.1921e-01
9.8606e-01
8.2184e-01
8.6770e-01
6.1005e-01
7.8947e-01
9.7460e-01
6.1768e-01
7.2680e-01
6.9265e-01
6.3727e-01
6.0684e-01
8.9515e-01
6.7460e-01
8.1273e-01
8.0864e-01
6.5694e-01
9.1033e-01
8.4676e-01
9.1846e-01
6.8273e-01
9.8195e-01
6.0492e-01
8.6764e-01
9.9288e-01
8.7015e-01
7.7439e-01
6.5664e-01
6.6998e-01
6.7429e-01
6.1995e-01
7.1834e-01
9.5937e-01
9.2296e-01
9.6616e-01
6.5920e-01
6.9955e-01
8.1977e-01
9.0481e-01
8.0913e-01
9.8896e-01
8.2118e-01
6.9801e-01
8.7256e-01
9.7163e-01
7.4364e-01
7.0218e-01
9.5700e-01
7.2857e-01
7.6196e-01
6.8360e-01
9.3775e-01
8.0762e-01
7.5435e-01
7.2093e-01
9.7096e-01
6.2141e-01
7.6957e-01
6.4910e-01
7.8013e-01
7.6006e-01
8.5948e-01
9.6219e-01
6.2691e-01
6.3515e-01
6.0369e-01
7.2006e-01
8.2527e-01
7.1760e-01
9.3276e-01
7.4199e-01
7.4969e-01
9.3379e-01
6.1811e-01
7.7417e-01
9.4818e-01
8.9370e-01
8.6312e-01
6.1499e-01
7.5189e-01
7.8357e-01
9.1136e-01
6.2275e-01
8.6798e-01
9.6506e-01
9.0001e-01
8.4837e-01
7.1212e-01
6.7341e-01
8.6983e-01
8.9103e-01
6.8260e-01
9.3024e-01
9.3485e-01
6.6218e-01
6.0464e-01
6.6705e-01
9.1142e-01
8.7182e-01
9.0240e-01
6.9048e-01
9.4351e-01
7.9171e-01
7.8083e-01
9.2429e-01
9.4942e-01
8.1770e-01
7.4222e-01
8.3467e-01
6.9667e-01
9.8323e-01
8.6199e-01
7.9125e-01
7.4622e-01
7.0691e-01
6.2413e-01
7.5204e-01
6.9708e-01
7.5032e-01
6.5345e-01
6.1148e-01
9.0897e-01
6.5529e-01
8.4613e-01
9.8797e-01
7.7684e-01
6.4754e-01
8.3939e-01
9.3472e-01
7.1861e-01
7.3602e-01
9.5397e-01
8.4383e-01
7.2647e-01
6.0585e-01
7.2680e-01
9.3469e-01
9.2969e-01
8.7764e-01
6.2682e-01
7.2313e-01
7.5934e-01
6.5643e-01
6.1347e-01
6.7724e-01
6.8812e-01
7.9574e-01
7.5382e-01
7.5124e-01
8.6831e-01
7.7801e-01
6.5374e-01
6.4523e-01
9.2652e-01
7.2456e-01
8.0983e-01
8.7436e-01
9.6465e-01
6.5787e-01
8.8513e-01
9.6272e-01
9.6990e-01
6.5453e-01
9.8396e-01
9.9807e-01
6.0672e-01
7.1962e-01
8.2650e-01
9.2982e-01
9.2765e-01
6.0939e-01
7.6121e-01
7.6109e-01
9.0624e-01
7.5165e-01
6.8309e-01
9.4532e-01
8.3317e-01
8.1845e-01
6.7347e-01
7.2055e-01
7.5753e-01
7.3949e-01
8.9332e-01
8.1505e-01
6.6989e-01
7.3569e-01
7.9783e-01
9.4514e-01
6.0793e-01
7.0859e-01
7.1168e-01
7.9379e-01
6.8407e-01
8.5128e-01
9.8740e-01
8.8206e-01
7.4615e-01
8.1025e-01
9.1689e-01
6.8817e-01
7.0787e-01
9.5135e-01
6.9631e-01
8.4724e-01
7.1831e-01
9.9013e-01
7.1529e-01
9.9827e-01
6.9537e-01
7.0523e-01
8.8359e-01
6.4741e-01
9.7984e-01
7.4195e-01
7.5020e-01
6.7800e-01
7.0238e-01
9.7609e-01
6.7621e-01
8.4339e-01
6.6063e-01
9.4231e-01
8.5068e-01
8.1087e-01
6.3153e-01
9.9130e-01
7.9063e-01
9.2795e-01
9.4281e-01
7.4538e-01
6.7210e-01
6.6104e-01
8.7322e-01
6.7695e-01
9.4887e-01
9.8771e-01
9.4890e-01
8.9258e-01
8.2962e-01
8.2228e-01
8.8646e-01
8.2433e-01
8.2551e-01
7.2904e-01
6.7040e-01
9.7547e-01
8.2389e-01
9.2607e-01
9.6675e-01
9.2703e-01
8.2954e-01
6.9138e-01
7.0900e-01
7.3185e-01
8.9144e-01
8.2359e-01
6.3645e-01
9.8292e-01
7.7819e-01
7.9810e-01
7.6144e-01
8.3334e-01
6.8470e-01
6.5936e-01
6.4235e-01
7.2101e-01
8.4007e-01
6.2045e-01
7.0363e-01
8.1065e-01
9.3119e-01
9.0432e-01
6.9600e-01
7.4401e-01
6.0979e-01
6.5754e-01
7.2016e-01
8.0479e-01
7.7613e-01
7.3827e-01
6.0708e-01
9.6582e-01
6.9243e-01
7.3105e-01
6.2854e-01
6.9638e-01
9.4768e-01
8.7389e-01
6.5259e-01
6.3462e-01
9.6496e-01
6.0086e-01
7.6935e-01
9.9344e-01
7.5867e-01
9.2500e-01
6.8805e-01
7.0112e-01
6.9708e-01
6.3675e-01
6.7822e-01
7.6409e-01
9.7989e-01
9.6300e-01
7.6154e-01
6.0268e-01
8.3882e-01
9.1115e-01
6.3064e-01
6.1653e-01
7.9852e-01
8.7328e-01
8.0146e-01
9.0072e-01
9.9393e-01
7.4088e-01
7.7164e-01
8.2683e-01
7.3956e-01
8.6526e-01
6.8359e-01
9.2305e-01
7.7238e-01
6.2680e-01
6.0215e-01
8.2462e-01
9.9280e-01
8.0128e-01
9.6545e-01
9.4835e-01
6.7457e-01
9.2380e-01
7.7350e-01
9.1654e-01
8.8848e-01
8.3912e-01
8.2692e-01
6.1514e-01
9.0602e-01
6.0776e-01
8.8598e-01
6.7802e-01
6.2550e-01
7.4136e-01
7.1278e-01
8.6379e-01
8.5489e-01
9.1944e-01
7.4026e-01
8.8451e-01
8.5896e-01
6.7484e-01
8.6904e-01
7.1004e-01
7.2505e-01
6.1247e-01
6.7396e-01
6.8761e-01
9.4625e-01
6.3652e-01
8.1753e-01
9.8208e-01
6.7373e-01
6.5547e-01
7.2763e-01
7.8236e-01
6.8218e-01
6.6939e-01
9.5812e-01
7.0833e-01
7.5364e-01
8.4012e-01
8.2810e-01
7.7058e-01
6.1503e-01
6.5567e-01
7.6908e-01
6.9832e-01
8.9085e-01
8.6968e-01
9.1875e-01
7.6097e-01
6.5015e-01
9.5782e-01
8.0759e-01
8.2321e-01
7.0754e-01
7.9840e-01
6.8306e-01
6.0345e-01
9.9272e-01
9.6214e-01
7.2865e-01
6.8117e-01
9.0889e-01
6.5751e-01
9.3513e-01
7.8775e-01
8.8894e-01
9.6386e-01
8.6818e-01
7.8798e-01
9.4692e-01
7.4264e-01
8.6390e-01
7.9343e-01
8.6685e-01
8.1274e-01
8.3151e-01
6.4304e-01
9.2634e-01
6.7037e-01
8.5129e-01
6.4967e-01
7.6214e-01
7.5186e-01
7.1048e-01
6.2529e-01
7.8840e-01
9.0672e-01
7.3887e-01
7.2070e-01
7.0574e-01
8.3243e-01
8.4186e-01
7.0334e-01
9.3690e-01
7.4356e-01
9.7978e-01
6.6902e-01
8.1020e-01
7.3488e-01
9.0317e-01
8.7859e-01
6.0712e-01
6.8377e-01
7.0696e-01
9.9687e-01
8.6132e-01
8.3213e-01
7.8206e-01
7.5924e-01
8.4457e-01
8.2247e-01
8.6825e-01
7.1356e-01
7.0842e-01
7.7266e-01
6.0082e-01
7.0986e-01
6.8215e-01
7.8381e-01
9.6261e-01
7.8311e-01
6.9598e-01
8.8033e-01
8.1209e-01
8.6601e-01
8.8251e-01
6.4899e-01
8.7662e-01
6.6580e-01
8.9539e-01
7.2090e-01
7.3502e-01
9.1109e-01
6.6096e-01
7.6833e-01
9.4975e-01
7.2789e-01
8.0154e-01
8.1262e-01
9.2507e-01
7.3448e-01
8.0534e-01
6.8787e-01
8.2844e-01
9.3882e-01
7.3043e-01
6.1780e-01
6.7848e-01
7.3746e-01
7.7225e-01
7.4346e-01
9.2690e-01
8.6396e-01
6.0771e-01
7.8812e-01
8.1812e-01
7.3066e-01
6.9636e-01
9.8599e-01
9.2502e-01
6.5464e-01
9.4616e-01
6.0836e-01
7.1170e-01
7.7362e-01
6.5846e-01
8.5761e-01
8.0017e-01
8.5627e-01
8.2386e-01
9.6500e-01
7.0916e-01
6.1624e-01
7.3770e-01
8.9799e-01
8.9243e-01
7.4341e-01
8.0960e-01
8.0115e-01
6.6102e-01
8.4200e-01
9.1743e-01
7.0463e-01
6.3981e-01
9.8045e-01
6.7112e-01
7.2103e-01
8.6092e-01
6.8875e-01
7.0866e-01
6.4033e-01
9.3866e-01
7.3030e-01
7.6810e-01
6.6045e-01
8.2462e-01
7.3609e-01
7.1318e-01
7.0694e-01
8.3332e-01
7.9189e-01
8.1739e-01
6.8615e-01
7.7497e-01
9.8042e-01
6.5185e-01
7.0145e-01
9.9049e-01
8.0665e-01
6.8060e-01
9.8152e-01
7.6330e-01
6.8917e-01
6.4822e-01
8.5955e-01
8.2136e-01
9.9161e-01
9.4472e-01
7.3317e-01
7.8264e-01
6.3862e-01
7.1868e-01
9.4072e-01
6.9924e-01
8.3587e-01
6.2188e-01
7.9512e-01
7.5826e-01
7.0391e-01
9.8723e-01
7.6387e-01
7.0599e-01
7.0738e-01
7.3822e-01
8.3609e-01
6.9717e-01
9.8550e-01
6.5225e-01
9.5059e-01
6.8881e-01
8.8927e-01
8.4300e-01
7.3359e-01
9.9240e-01
7.5346e-01
6.0112e-01
9.7810e-01
9.5223e-01
6.1609e-01
9.8155e-01
6.1996e-01
7.0459e-01
8.2464e-01
6.7932e-01
6.9522e-01
7.6751e-01
8.6397e-01
9.6447e-01
9.5726e-01
6.6976e-01
7.5080e-01
7.1116e-01
8.3745e-01
7.6092e-01
6.5326e-01
6.8605e-01
8.7706e-01
9.7808e-01
8.5123e-01
9.9393e-01
7.8831e-01
7.8058e-01
8.8652e-01
7.1845e-01
6.4884e-01
9.4038e-01
7.6456e-01
6.3911e-01
6.2232e-01
7.8308e-01
8.2982e-01
6.1397e-01
7.0248e-01
7.1196e-01
6.8485e-01
7.6080e-01
6.7050e-01
8.5918e-01
7.2377e-01
8.6827e-01
7.4488e-01
8.9598e-01
6.9823e-01
7.4720e-01
6.7605e-01
6.9933e-01
6.1151e-01
7.3607e-01
9.5400e-01
9.1527e-01
9.5877e-01
6.8286e-01
7.4501e-01
9.8512e-01
6.7111e-01
9.5004e-01
6.1804e-01
8.1242e-01
9.9354e-01
9.1985e-01
9.7972e-01
8.7296e-01
9.6859e-01
6.4864e-01
6.1199e-01
6.0866e-01
9.8315e-01
7.5405e-01
8.0040e-01
6.3519e-01
8.5073e-01
7.7022e-01
8.6930e-01
7.6199e-01
9.0309e-01
6.9762e-01
7.6321e-01
9.9113e-01
7.4991e-01
8.4490e-01
9.0449e-01
7.5500e-01
6.7415e-01
7.7151e-01
9.5137e-01
9.1678e-01
9.0412e-01
7.3240e-01
6.1212e-01
9.1582e-01
9.3520e-01
8.1257e-01
8.2926e-01
6.2278e-01
8.7505e-01
9.8173e-01
9.3669e-01
9.1108e-01
8.4503e-01
7.0577e-01
8.7661e-01
8.2887e-01
7.3920e-01
6.4795e-01
8.3981e-01
6.1418e-01
9.7170e-01
8.4883e-01
8.2029e-01
9.4519e-01
9.9350e-01
8.1535e-01
9.1924e-01
7.5282e-01
7.8318e-01
6.3371e-01
7.4592e-01
6.3080e-01
6.7386e-01
6.0890e-01
6.3632e-01
8.6810e-01
8.3056e-01
8.9933e-01
7.9063e-01
9.4827e-01
6.3500e-01
8.6394e-01
6.6308e-01
8.4766e-01
7.7432e-01
6.1666e-01
9.8225e-01
9.8696e-01
8.8515e-01
7.1331e-01
7.1016e-01
8.7203e-01
7.8690e-01
8.4800e-01
8.3125e-01
9.2254e-01
7.8954e-01
9.1994e-01
6.3896e-01
8.0043e-01
6.6571e-01
9.7913e-01
8.1024e-01
6.0138e-01
9.5255e-01
6.1861e-01
6.1350e-01
7.0976e-01
8.0614e-01
6.3326e-01
8.3741e-01
9.6095e-01
7.4119e-01
9.0540e-01
6.7322e-01
9.3694e-01
6.3022e-01
9.6919e-01
7.7602e-01
9.9650e-01
7.9355e-01
7.3450e-01
9.7800e-01
8.9193e-01
9.6107e-01
9.0080e-01
8.7384e-01
7.6226e-01
8.4789e-01
8.4201e-01
9.3512e-01
8.8617e-01
8.6510e-01
7.5884e-01
8.5545e-01
6.6269e-01
7.2568e-01
8.5469e-01
7.7854e-01
7.1407e-01
9.6282e-01
9.0191e-01
7.6201e-01
6.5954e-01
7.0559e-01
8.8046e-01
8.7072e-01
7.4594e-01
7.9140e-01
8.6652e-01
7.2110e-01
8.5019e-01
7.1409e-01
7.1915e-01
9.0825e-01
6.9139e-01
9.1302e-01
6.4372e-01
6.2619e-01
9.6908e-01
8.0720e-01
8.0838e-01
7.7192e-01
9.3142e-01
7.8350e-01
8.0771e-01
9.1477e-01
8.7859e-01
6.7420e-01
6.0453e-01
6.2548e-01
8.4454e-01
7.4097e-01
9.9438e-01
6.9119e-01
7.0739e-01
6.0784e-01
8.1824e-01
6.8085e-01
8.9421e-01
7.8557e-01
8.5851e-01
9.6569e-01
7.6761e-01
6.7452e-01
7.2191e-01
7.2632e-01
9.6435e-01
7.7397e-01
8.4788e-01
8.9555e-01
6.1715e-01
8.9293e-01
6.7777e-01
9.0091e-01
9.2145e-01
8.6157e-01
9.2411e-01
8.2731e-01
9.1427e-01
6.4565e-01
6.7762e-01
8.8962e-01
6.8284e-01
6.0377e-01
8.6010e-01
6.4340e-01
8.5610e-01
6.0276e-01
7.7457e-01
9.2547e-01
9.1850e-01
8.9556e-01
9.4575e-01
8.1187e-01
8.3761e-01
6.3875e-01
8.6909e-01
9.5297e-01
6.4202e-01
6.7110e-01
6.2205e-01
7.8338e-01
7.0671e-01
7.0423e-01
9.0330e-01
8.6799e-01
8.1518e-01
7.5625e-01
8.2675e-01
9.1786e-01
8.4314e-01
6.2202e-01
9.1918e-01
6.0176e-01
9.0988e-01
7.1535e-01
8.7921e-01
9.6715e-01
7.5830e-01
8.9218e-01
8.3366e-01
7.1980e-01
9.8377e-01
6.4828e-01
9.7111e-01
9.8979e-01
7.8547e-01
9.2676e-01
8.6103e-01
8.4701e-01
9.7204e-01
8.3907e-01
9.6778e-01
7.3476e-01
6.7920e-01
8.8683e-01
8.4044e-01
8.7546e-01
8.5119e-01
8.0122e-01
6.4361e-01
6.8218e-01
6.4858e-01
7.8664e-01
7.7914e-01
7.1605e-01
9.5513e-01
6.7309e-01
6.9592e-01
7.8173e-01
8.9804e-01
8.9469e-01
9.5293e-01
9.0258e-01
9.8751e-01
6.6552e-01
6.5598e-01
6.4477e-01
9.7867e-01
9.9928e-01
8.7348e-01
7.7460e-01
7.4935e-01
8.5487e-01
7.6650e-01
8.6087e-01
6.6178e-01
8.0393e-01
7.8133e-01
6.3306e-01
9.3028e-01
9.0075e-01
7.7736e-01
6.1089e-01
9.6731e-01
8.6542e-01
6.3426e-01
8.7505e-01
6.0894e-01
9.5951e-01
7.9460e-01
9.3304e-01
8.0998e-01
9.2556e-01
8.5398e-01
9.2551e-01
9.6458e-01
7.5010e-01
9.6912e-01
6.4122e-01
7.8665e-01
9.1348e-01
7.7510e-01
6.7172e-01
9.8298e-01
8.6142e-01
9.3325e-01
9.8583e-01
9.6802e-01
8.2715e-01
8.5108e-01
8.1285e-01
7.1786e-01
7.2477e-01
8.5010e-01
