9.8759e-01
6.7857e-01
9.8555e-01
9.9772e-01
7.4193e-01
6.1868e-01
6.6314e-01
6.7272e-01
7.7462e-01
8.9658e-01
7.1662e-01
6.9777e-01
9.8471e-01
8.0875e-01
6.4574e-01
9.4545e-01
7.5678e-01
7.1377e-01
9.8581e-01
8.9996e-01
7.9713e-01
9.6524e-01
6.2082e-01
9.2809e-01
6.8657e-01
7.7373e-01
8.3945e-01
7.0684e-01
9.9432e-01
6.5489e-01
8.6737e-01
6.7788e-01
7.2838e-01
6.7135e-01
6.8271e-01
9.9054e-01
9.9691e-01
7.5185e-01
7.4157e-01
8.4757e-01
6.7608e-01
7.7868e-01
8.5904e-01
8.9596e-01
8.2475e-01
6.9806e-01
9.3038e-01
9.1792e-01
8.3760e-01
7.4102e-01
8.6230e-01
7.4789e-01
9.6666e-01
9.6078e-01
9.5734e-01
8.9442e-01
7.6980e-01
6.6516e-01
9.7660e-01
8.1509e-01
9.0291e-01
7.5903e-01
7.4685e-01
8.8038e-01
9.7286e-01
9.8012e-01
7.4205e-01
6.1116e-01
7.4554e-01
7.8650e-01
7.0935e-01
8.1100e-01
8.3791e-01
8.3440e-01
7.3448e-01
9.0971e-01
9.2988e-01
6.1491e-01
9.1286e-01
7.6397e-01
6.8681e-01
9.9833e-01
6.0204e-01
6.8302e-01
6.9944e-01
6.4262e-01
7.5191e-01
8.1861e-01
7.3771e-01
9.7196e-01
9.7926e-01
8.9406e-01
8.7183e-01
6.8543e-01
8.6049e-01
6.0635e-01
6.6893e-01
6.2923e-01
7.1206e-01
9.2741e-01
7.4513e-01
7.1750e-01
8.6322e-01
7.5323e-01
7.0217e-01
8.1758e-01
9.9398e-01
6.4255e-01
7.6972e-01
9.4000e-01
9.8810e-01
6.2280e-01
8.2463e-01
8.3234e-01
9.4436e-01
6.8643e-01
8.9278e-01
7.8356e-01
6.3922e-01
9.9619e-01
8.9750e-01
9.2028e-01
6.2903e-01
7.6672e-01
8.7616e-01
7.1398e-01
8.7972e-01
6.7744e-01
8.1085e-01
9.5115e-01
8.1954e-01
7.8762e-01
6.8271e-01
8.1594e-01
6.0440e-01
7.8613e-01
8.1887e-01
7.0475e-01
7.5219e-01
8.2317e-01
8.1598e-01
6.0475e-01
8.3836e-01
8.7692e-01
7.6790e-01
7.0847e-01
9.1411e-01
8.1947e-01
8.9360e-01
9.4738e-01
7.1902e-01
6.8478e-01
9.7837e-01
9.4171e-01
9.5554e-01
6.3896e-01
7.6956e-01
6.4683e-01
7.7369e-01
9.0411e-01
6.8713e-01
7.3924e-01
6.9837e-01
7.5839e-01
7.5326e-01
8.2617e-01
7.1034e-01
9.9936e-01
8.5722e-01
6.4867e-01
7.6931e-01
9.2026e-01
7.2521e-01
7.2856e-01
8.7212e-01
8.0750e-01
7.9849e-01
7.9391e-01
9.4675e-01
7.6868e-01
9.7880e-01
8.5298e-01
7.3098e-01
9.4413e-01
9.0514e-01
8.3944e-01
6.0587e-01
8.0902e-01
7.2716e-01
7.8596e-01
6.1251e-01
7.8047e-01
6.7243e-01
8.1698e-01
9.4702e-01
6.2507e-01
6.4821e-01
7.6766e-01
6.9961e-01
6.2346e-01
7.5244e-01
9.7731e-01
9.9414e-01
8.5806e-01
8.3593e-01
9.0689e-01
7.4868e-01
7.4825e-01
9.2495e-01
8.4287e-01
8.0588e-01
6.9623e-01
8.7930e-01
7.0556e-01
6.6316e-01
9.2397e-01
8.0361e-01
8.0911e-01
9.0361e-01
8.2509e-01
7.1153e-01
7.4418e-01
7.4684e-01
9.8441e-01
6.2777e-01
7.1221e-01
9.2450e-01
9.4295e-01
8.2325e-01
9.4917e-01
9.5417e-01
9.0368e-01
9.5298e-01
8.3457e-01
8.9814e-01
6.7355e-01
6.1531e-01
8.9286e-01
6.4576e-01
7.7782e-01
6.7041e-01
8.7300e-01
7.4906e-01
7.3411e-01
7.1852e-01
7.1970e-01
9.8407e-01
9.6862e-01
6.3660e-01
8.4528e-01
7.3103e-01
6.7188e-01
8.1981e-01
9.5371e-01
7.5501e-01
8.8724e-01
6.8587e-01
8.7475e-01
7.3373e-01
8.9415e-01
9.0644e-01
9.7902e-01
6.6972e-01
9.8891e-01
8.3289e-01
7.2587e-01
6.0718e-01
9.2816e-01
9.4887e-01
6.5471e-01
9.0815e-01
7.4998e-01
8.8396e-01
6.0828e-01
9.4700e-01
9.5388e-01
6.6230e-01
7.8890e-01
9.5548e-01
8.1620e-01
7.5081e-01
9.7569e-01
7.9800e-01
8.8099e-01
7.3546e-01
8.1457e-01
8.5729e-01
8.2540e-01
6.9346e-01
7.3294e-01
8.8856e-01
9.6125e-01
9.4098e-01
9.6217e-01
9.3728e-01
6.2907e-01
9.5012e-01
6.6792e-01
6.3172e-01
9.2273e-01
8.0509e-01
8.8946e-01
9.8298e-01
6.0538e-01
9.8456e-01
9.9679e-01
6.2230e-01
9.4199e-01
7.7589e-01
6.1832e-01
6.7806e-01
7.7176e-01
7.7985e-01
8.3907e-01
6.6088e-01
7.5205e-01
7.8295e-01
8.2202e-01
7.7710e-01
9.2012e-01
9.4472e-01
8.6062e-01
7.8931e-01
9.8959e-01
9.9793e-01
9.6292e-01
6.6834e-01
9.0272e-01
9.5039e-01
9.8170e-01
7.3329e-01
7.9825e-01
6.1946e-01
6.5606e-01
6.5364e-01
6.5296e-01
8.5185e-01
7.3614e-01
9.3098e-01
7.1900e-01
9.8068e-01
7.7867e-01
7.2882e-01
8.2027e-01
7.7713e-01
7.0060e-01
9.8144e-01
7.4230e-01
8.6474e-01
7.1473e-01
9.8658e-01
8.6940e-01
6.9723e-01
9.0151e-01
8.1679e-01
6.7621e-01
6.7525e-01
7.4443e-01
9.8729e-01
7.7600e-01
7.6454e-01
9.6048e-01
6.4944e-01
9.1550e-01
8.8851e-01
7.0215e-01
8.9352e-01
6.4426e-01
6.6071e-01
8.3722e-01
6.5055e-01
9.1575e-01
7.0127e-01
9.8838e-01
8.0896e-01
8.9014e-01
6.4674e-01
6.6129e-01
6.3690e-01
9.9450e-01
9.0606e-01
7.7795e-01
9.3183e-01
9.4411e-01
8.3063e-01
7.8770e-01
7.8583e-01
7.3593e-01
6.5705e-01
7.3408e-01
7.6838e-01
7.3507e-01
7.8596e-01
8.5673e-01
8.8265e-01
6.7455e-01
8.1158e-01
7.0202e-01
8.0104e-01
8.7033e-01
8.3502e-01
6.3168e-01
9.3213e-01
8.1629e-01
9.0728e-01
9.0296e-01
7.3628e-01
8.0586e-01
8.2598e-01
7.7073e-01
9.9990e-01
6.3680e-01
8.9871e-01
9.3259e-01
6.7772e-01
8.7596e-01
9.1687e-01
7.3168e-01
9.7110e-01
8.9027e-01
7.0493e-01
8.2846e-01
7.2421e-01
7.0547e-01
7.8661e-01
6.9190e-01
7.4305e-01
8.7599e-01
7.1446e-01
6.4128e-01
7.0233e-01
8.7338e-01
9.0404e-01
6.8736e-01
7.8669e-01
6.1690e-01
8.3674e-01
8.2865e-01
7.2899e-01
9.0748e-01
9.8912e-01
9.4331e-01
7.6455e-01
8.6808e-01
9.5243e-01
6.0849e-01
9.8623e-01
8.8776e-01
7.5095e-01
9.4731e-01
9.6813e-01
9.8802e-01
7.5431e-01
6.7139e-01
9.5877e-01
9.2160e-01
8.3281e-01
9.5328e-01
6.1025e-01
7.0034e-01
9.7441e-01
8.6455e-01
8.4669e-01
8.3769e-01
8.5659e-01
6.8631e-01
7.4773e-01
9.7582e-01
7.8053e-01
6.0717e-01
8.8025e-01
8.3302e-01
8.1574e-01
9.3061e-01
7.7482e-01
6.1543e-01
8.1080e-01
9.1818e-01
9.0812e-01
9.3275e-01
6.5023e-01
8.8203e-01
6.7020e-01
9.9669e-01
8.5787e-01
9.4423e-01
9.4952e-01
6.0035e-01
8.1519e-01
7.8701e-01
9.6917e-01
7.2938e-01
6.6139e-01
6.9216e-01
6.2387e-01
7.4760e-01
7.5398e-01
8.1375e-01
6.3013e-01
9.1484e-01
7.1056e-01
8.6134e-01
7.7528e-01
6.5037e-01
8.2362e-01
6.9144e-01
6.6322e-01
6.1024e-01
8.4608e-01
6.3599e-01
9.5307e-01
9.9846e-01
8.2491e-01
8.2927e-01
9.9710e-01
9.6825e-01
9.6468e-01
9.6857e-01
9.0517e-01
6.0854e-01
7.3845e-01
7.4840e-01
7.8528e-01
6.7148e-01
7.1523e-01
6.1969e-01
6.7087e-01
7.3246e-01
6.5802e-01
6.4346e-01
9.6902e-01
6.5671e-01
7.4836e-01
9.9966e-01
7.8427e-01
8.4260e-01
8.3895e-01
8.1592e-01
6.6983e-01
7.1470e-01
8.2056e-01
8.0620e-01
6.0289e-01
8.7607e-01
6.9268e-01
7.9674e-01
7.7285e-01
9.0918e-01
7.4762e-01
6.7964e-01
8.8308e-01
7.5140e-01
9.4761e-01
6.2347e-01
7.5733e-01
6.3326e-01
8.4670e-01
9.9865e-01
8.5544e-01
6.4824e-01
7.2308e-01
7.7187e-01
9.4665e-01
9.2499e-01
9.9477e-01
7.0097e-01
8.2269e-01
9.9505e-01
8.9816e-01
8.8994e-01
7.0801e-01
7.0033e-01
9.6515e-01
7.2015e-01
9.8796e-01
7.7581e-01
8.7095e-01
6.1846e-01
6.8293e-01
9.9335e-01
6.6329e-01
8.4603e-01
6.2123e-01
9.7487e-01
8.2559e-01
9.4880e-01
8.0042e-01
8.7437e-01
9.8370e-01
8.1680e-01
8.8628e-01
8.4504e-01
7.8468e-01
6.2791e-01
6.6700e-01
8.2990e-01
9.6856e-01
6.1292e-01
6.8164e-01
9.5501e-01
9.0617e-01
9.2622e-01
9.7759e-01
6.9841e-01
9.7895e-01
9.3646e-01
7.0909e-01
9.5794e-01
8.3282e-01
9.3390e-01
7.9128e-01
8.6886e-01
9.0663e-01
9.8626e-01
9.8290e-01
8.6051e-01
6.6377e-01
7.7662e-01
6.8179e-01
8.3805e-01
7.7287e-01
9.3272e-01
9.6143e-01
8.2035e-01
9.9805e-01
8.2390e-01
7.9971e-01
7.9043e-01
6.6968e-01
9.0609e-01
8.6281e-01
8.0135e-01
7.1961e-01
6.3320e-01
6.1768e-01
7.3572e-01
7.2804e-01
6.6621e-01
6.9646e-01
9.2335e-01
6.4130e-01
9.0439e-01
9.9686e-01
6.6560e-01
7.2536e-01
7.8594e-01
8.7812e-01
7.5265e-01
6.2643e-01
8.3827e-01
8.8992e-01
9.6090e-01
9.9302e-01
7.0164e-01
6.3435e-01
8.7674e-01
7.7081e-01
6.3478e-01
6.5244e-01
9.2395e-01
6.9669e-01
8.9532e-01
7.0826e-01
6.5018e-01
7.5319e-01
8.1111e-01
8.0441e-01
7.8373e-01
8.4962e-01
9.9418e-01
6.1574e-01
8.9778e-01
8.0263e-01
8.6634e-01
8.9027e-01
9.2026e-01
8.5295e-01
6.8218e-01
7.8991e-01
6.3667e-01
7.6706e-01
9.2086e-01
7.6558e-01
6.5476e-01
6.9974e-01
6.7473e-01
9.8016e-01
8.5390e-01
9.3735e-01
7.1508e-01
9.0748e-01
6.1093e-01
7.2893e-01
9.0834e-01
8.8735e-01
8.4544e-01
6.5291e-01
7.4130e-01
8.7458e-01
7.8761e-01
8.4226e-01
8.8260e-01
6.2460e-01
9.9832e-01
9.4294e-01
6.8155e-01
7.5743e-01
9.7227e-01
6.4607e-01
6.9410e-01
7.6836e-01
7.2302e-01
7.0742e-01
8.5795e-01
6.2801e-01
9.3392e-01
9.7190e-01
6.2441e-01
9.5883e-01
9.8182e-01
8.3131e-01
8.9558e-01
7.8209e-01
8.5888e-01
6.2865e-01
8.3339e-01
7.5678e-01
9.5236e-01
9.6367e-01
9.3317e-01
9.5231e-01
6.1529e-01
9.9109e-01
6.5017e-01
7.0712e-01
6.3146e-01
8.4764e-01
7.6050e-01
8.1539e-01
7.0170e-01
8.5138e-01
9.8418e-01
7.6136e-01
7.8694e-01
7.6431e-01
7.2977e-01
6.8326e-01
6.1430e-01
8.4797e-01
9.7493e-01
8.8172e-01
6.7853e-01
7.3662e-01
8.5469e-01
6.9794e-01
8.0175e-01
6.4106e-01
9.8745e-01
6.2512e-01
7.4737e-01
8.1255e-01
7.0870e-01
9.1821e-01
6.1449e-01
8.5191e-01
6.7562e-01
6.6659e-01
7.8780e-01
8.1163e-01
9.9481e-01
7.1647e-01
9.2463e-01
7.0757e-01
7.2595e-01
8.5619e-01
8.3626e-01
8.5385e-01
6.6728e-01
6.9737e-01
6.1070e-01
8.8398e-01
7.0669e-01
9.4589e-01
6.8271e-01
6.3164e-01
7.8516e-01
9.0459e-01
9.6062e-01
8.1036e-01
9.8595e-01
7.0010e-01
7.7496e-01
7.0794e-01
6.4469e-01
7.9018e-01
7.7564e-01
8.6610e-01
6.9011e-01
7.6878e-01
7.3510e-01
8.0978e-01
7.3593e-01
6.0369e-01
6.8381e-01
9.3377e-01
7.7210e-01
6.9589e-01
7.3817e-01
6.5549e-01
9.1952e-01
9.5814e-01
6.5654e-01
7.6312e-01
7.8720e-01
6.9865e-01
9.0861e-01
9.9926e-01
6.8690e-01
8.2003e-01
6.0348e-01
9.0119e-01
6.5783e-01
8.2958e-01
8.1119e-01
9.4293e-01
6.4545e-01
8.1307e-01
6.0095e-01
9.1593e-01
9.9687e-01
9.1984e-01
7.3462e-01
9.9734e-01
9.5460e-01
6.6600e-01
9.7805e-01
6.3436e-01
7.2915e-01
6.8979e-01
9.2979e-01
6.7686e-01
6.7318e-01
8.5134e-01
8.7696e-01
9.0554e-01
9.6033e-01
7.4463e-01
6.2058e-01
6.6409e-01
7.2313e-01
7.3413e-01
9.6954e-01
9.5505e-01
6.3911e-01
8.0607e-01
7.4873e-01
9.7261e-01
7.1570e-01
6.4117e-01
6.2176e-01
9.9352e-01
8.6198e-01
9.7978e-01
8.6657e-01
9.7823e-01
7.8675e-01
7.2625e-01
9.8274e-01
6.2974e-01
7.7115e-01
9.6331e-01
9.6292e-01
7.1940e-01
9.9480e-01
6.4192e-01
6.4314e-01
7.4421e-01
8.9819e-01
9.5959e-01
6.3056e-01
8.8684e-01
7.8948e-01
6.8206e-01
9.7838e-01
9.5585e-01
6.8304e-01
7.6975e-01
8.7556e-01
7.2367e-01
6.7627e-01
7.7574e-01
9.9836e-01
7.4815e-01
8.7946e-01
8.1415e-01
6.9742e-01
9.0812e-01
8.7776e-01
8.8649e-01
8.2824e-01
6.9031e-01
6.6043e-01
9.2682e-01
7.1746e-01
6.7836e-01
7.5081e-01
8.7972e-01
9.7344e-01
8.0927e-01
9.3856e-01
6.6465e-01
6.4786e-01
7.5274e-01
9.5464e-01
9.7619e-01
8.3638e-01
6.4082e-01
7.7504e-01
9.0325e-01
8.2345e-01
8.4315e-01
9.5634e-01
9.7600e-01
6.9986e-01
7.2129e-01
8.4303e-01
9.6162e-01
8.9171e-01
9.9718e-01
8.2760e-01
6.5266e-01
6.8378e-01
6.7247e-01
8.2518e-01
6.9348e-01
6.0680e-01
9.0609e-01
7.9995e-01
9.8058e-01
7.3352e-01
7.2313e-01
7.3726e-01
7.6804e-01
6.4399e-01
9.3933e-01
9.7552e-01
9.0807e-01
7.7109e-01
6.8657e-01
8.6089e-01
6.6949e-01
8.5946e-01
6.7565e-01
6.9497e-01
8.0853e-01
9.9193e-01
7.7480e-01
6.9042e-01
8.6418e-01
8.4704e-01
8.4130e-01
8.3635e-01
8.5298e-01
6.4925e-01
6.5473e-01
7.6363e-01
9.1389e-01
6.5272e-01
9.4209e-01
9.1074e-01
8.9547e-01
6.4645e-01
7.2859e-01
9.1073e-01
7.5415e-01
9.9342e-01
8.7083e-01
7.7473e-01
6.7788e-01
6.5648e-01
6.7218e-01
9.6301e-01
6.7977e-01
7.6503e-01
8.0634e-01
9.4398e-01
9.7895e-01
8.5513e-01
8.2593e-01
8.4660e-01
8.7469e-01
8.9192e-01
6.6004e-01
9.4029e-01
8.0985e-01
7.4552e-01
7.9238e-01
6.3018e-01
8.9017e-01
9.6337e-01
9.7995e-01
7.8178e-01
9.6992e-01
6.6606e-01
6.3579e-01
8.9680e-01
7.9318e-01
7.9931e-01
7.3375e-01
9.9083e-01
6.8963e-01
9.7315e-01
8.8621e-01
8.5747e-01
8.0849e-01
6.9200e-01
7.0324e-01
7.3843e-01
8.3258e-01
9.3818e-01
9.4702e-01
8.8827e-01
6.8398e-01
7.6860e-01
6.3949e-01
8.3708e-01
6.3272e-01
8.1158e-01
6.4004e-01
6.8566e-01
9.7723e-01
6.6980e-01
8.3636e-01
6.6744e-01
7.2824e-01
9.1128e-01
7.3036e-01
9.1455e-01
7.3101e-01
8.6127e-01
9.3131e-01
7.6498e-01
7.3006e-01
6.3688e-01
9.7211e-01
8.6140e-01
7.0349e-01
8.5857e-01
8.7250e-01
6.2220e-01
9.5735e-01
6.8498e-01
7.5865e-01
6.5957e-01
8.3917e-01
6.3458e-01
8.5149e-01
6.1899e-01
7.7893e-01
8.7868e-01
8.5312e-01
8.5648e-01
8.6007e-01
6.2581e-01
8.1180e-01
6.7846e-01
8.4978e-01
9.7010e-01
8.0322e-01
9.8964e-01
9.1699e-01
9.4514e-01
9.7289e-01
6.2664e-01
7.8882e-01
9.5274e-01
9.6095e-01
9.6972e-01
8.4104e-01
8.7407e-01
6.2104e-01
7.3958e-01
7.7533e-01
9.0757e-01
9.4562e-01
7.2219e-01
6.7193e-01
7.4848e-01
8.6662e-01
9.9742e-01
7.2628e-01
7.0629e-01
7.9643e-01
7.3335e-01
7.8836e-01
9.0087e-01
9.7945e-01
8.1834e-01
7.3665e-01
6.8390e-01
8.1045e-01
8.1729e-01
7.6287e-01
9.0315e-01
6.9307e-01
9.0229e-01
6.2093e-01
7.3243e-01
7.3971e-01
7.3538e-01
6.2067e-01
7.7272e-01
6.9633e-01
9.1891e-01
9.3196e-01
8.0199e-01
7.7451e-01
8.5480e-01
8.2853e-01
7.4456e-01
8.8742e-01
9.3350e-01
8.7375e-01
7.1727e-01
7.1685e-01
9.5027e-01
8.9776e-01
9.9552e-01
7.8690e-01
7.6454e-01
7.8909e-01
6.2543e-01
7.1363e-01
7.6664e-01
6.4451e-01
6.6930e-01
6.9654e-01
7.4912e-01
8.6484e-01
8.5449e-01
8.7797e-01
6.2002e-01
7.3076e-01
7.3788e-01
7.4604e-01
6.4547e-01
9.4408e-01
8.3858e-01
7.1594e-01
7.9206e-01
8.4404e-01
9.9482e-01
6.6110e-01
9.6336e-01
8.8993e-01
7.9606e-01
6.1566e-01
8.8054e-01
9.8413e-01
9.3525e-01
9.8415e-01
9.7481e-01
8.2613e-01
7.1036e-01
8.3679e-01
7.6448e-01
8.3127e-01
6.3245e-01
9.6612e-01
9.9863e-01
6.1407e-01
6.5052e-01
9.3130e-01
7.3891e-01
6.2380e-01
7.5021e-01
7.1389e-01
8.8974e-01
7.2995e-01
9.5903e-01
6.6734e-01
9.2876e-01
6.1523e-01
7.9018e-01
7.2423e-01
8.5919e-01
9.5653e-01
7.9961e-01
8.0240e-01
9.6325e-01
9.9973e-01
8.1545e-01
9.5249e-01
6.3565e-01
8.4541e-01
7.6239e-01
9.1901e-01
9.5037e-01
9.7353e-01
8.7727e-01
6.3968e-01
8.0935e-01
7.0316e-01
8.2451e-01
8.3692e-01
8.8078e-01
9.2882e-01
9.4918e-01
9.6827e-01
6.5157e-01
8.4480e-01
7.6254e-01
9.6741e-01
9.4204e-01
6.3461e-01
8.3049e-01
6.7604e-01
8.7584e-01
6.8806e-01
7.5036e-01
8.0154e-01
9.4851e-01
6.8224e-01
9.2969e-01
9.9672e-01
9.1883e-01
6.9073e-01
9.5839e-01
9.6353e-01
7.8658e-01
9.9954e-01
9.1756e-01
6.4511e-01
8.7239e-01
6.3878e-01
9.3331e-01
6.1321e-01
9.3818e-01
9.3954e-01
9.5674e-01
7.8511e-01
6.4342e-01
8.4534e-01
9.0688e-01
9.9154e-01
7.3924e-01
6.3495e-01
8.8409e-01
9.6299e-01
6.5124e-01
9.7165e-01
6.0392e-01
8.6374e-01
6.5925e-01
6.1846e-01
7.4716e-01
6.8991e-01
8.0477e-01
7.7411e-01
7.8306e-01
8.4937e-01
7.7160e-01
7.2483e-01
9.0615e-01
9.0745e-01
7.0902e-01
7.8086e-01
8.7301e-01
7.8390e-01
8.4099e-01
8.7354e-01
7.7450e-01
7.7245e-01
8.1729e-01
6.6156e-01
6.0692e-01
9.3166e-01
6.6352e-01
8.0599e-01
6.1641e-01
7.1305e-01
8.1109e-01
8.5826e-01
8.0554e-01
6.8557e-01
8.7243e-01
9.5652e-01
7.5043e-01
6.9270e-01
8.8915e-01
9.8023e-01
6.2335e-01
9.2244e-01
6.3877e-01
9.9658e-01
7.9701e-01
6.3907e-01
7.9818e-01
6.2094e-01
9.4899e-01
6.6727e-01
8.7488e-01
8.2913e-01
7.3966e-01
8.5062e-01
9.2085e-01
9.7336e-01
6.2747e-01
6.7981e-01
7.8388e-01
8.3580e-01
9.6905e-01
9.6308e-01
7.4301e-01
7.4012e-01
9.5916e-01
8.6676e-01
6.0100e-01
7.0437e-01
7.6450e-01
8.3379e-01
6.5202e-01
8.4069e-01
7.8219e-01
7.1129e-01
8.4866e-01
9.1381e-01
7.6999e-01
6.9185e-01
7.5151e-01
9.8042e-01
9.1685e-01
6.2620e-01
7.2951e-01
7.5158e-01
7.6587e-01
8.4851e-01
7.3193e-01
6.8203e-01
8.3879e-01
7.5964e-01
9.6752e-01
8.8041e-01
7.3742e-01
9.7715e-01
8.4338e-01
8.5632e-01
6.6742e-01
6.2767e-01
8.3336e-01
8.1361e-01
9.8227e-01
6.9507e-01
8.8690e-01
8.6490e-01
8.0337e-01
8.7600e-01
6.0929e-01
6.5881e-01
8.8439e-01
7.9412e-01
8.9446e-01
9.2759e-01
8.6928e-01
9.8867e-01
7.4150e-01
8.4523e-01
7.3377e-01
6.3936e-01
7.4046e-01
6.0472e-01
9.6121e-01
8.5368e-01
9.5331e-01
6.5246e-01
7.9834e-01
7.7704e-01
8.8739e-01
8.6210e-01
8.8141e-01
8.0297e-01
9.4691e-01
8.6366e-01
9.5305e-01
6.8204e-01
7.6275e-01
7.2807e-01
7.7561e-01
7.7797e-01
9.7622e-01
9.7275e-01
9.6635e-01
7.1004e-01
9.1789e-01
6.8675e-01
8.2207e-01
8.9861e-01
9.0400e-01
7.2468e-01
9.6785e-01
7.0062e-01
8.2578e-01
6.9175e-01
7.1417e-01
6.2634e-01
6.5626e-01
8.6351e-01
7.3740e-01
8.6838e-01
6.6521e-01
8.4538e-01
7.6860e-01
6.7429e-01
7.2680e-01
8.0832e-01
7.4018e-01
7.8621e-01
6.3572e-01
9.1753e-01
6.3864e-01
6.6914e-01
7.0806e-01
7.8583e-01
7.6389e-01
7.1149e-01
6.2407e-01
7.6279e-01
6.1724e-01
6.7854e-01
9.2575e-01
6.6836e-01
9.4045e-01
6.2449e-01
9.1363e-01
7.6472e-01
7.6433e-01
7.6604e-01
9.6556e-01
9.3778e-01
8.1076e-01
7.8302e-01
9.2202e-01
9.1358e-01
8.4095e-01
9.8044e-01
6.4662e-01
7.6785e-01
7.0643e-01
9.5327e-01
9.8287e-01
8.2198e-01
7.4090e-01
6.7996e-01
9.3167e-01
7.3989e-01
9.9270e-01
7.1707e-01
7.3930e-01
8.2828e-01
7.9367e-01
9.3012e-01
8.4990e-01
7.2312e-01
8.7035e-01
6.2720e-01
8.7800e-01
6.3880e-01
8.6150e-01
8.8267e-01
6.9241e-01
8.5744e-01
8.0214e-01
8.9233e-01
7.7864e-01
8.1382e-01
6.7516e-01
9.6422e-01
6.6537e-01
7.7477e-01
7.8030e-01
9.2459e-01
9.1636e-01
6.0092e-01
7.8583e-01
9.9710e-01
8.7453e-01
6.9922e-01
7.7033e-01
9.0248e-01
7.1919e-01
6.8954e-01
6.7526e-01
6.0487e-01
6.9807e-01
8.3024e-01
8.0192e-01
9.0284e-01
7.0673e-01
6.7733e-01
9.5203e-01
6.0738e-01
9.2810e-01
6.9492e-01
9.9085e-01
8.3106e-01
9.7265e-01
9.6729e-01
9.7549e-01
8.7259e-01
8.8281e-01
9.4873e-01
7.0300e-01
7.7230e-01
8.6470e-01
8.0835e-01
8.3699e-01
6.7459e-01
9.4012e-01
7.8252e-01
7.9485e-01
6.0311e-01
9.2566e-01
6.1319e-01
9.7278e-01
6.1318e-01
7.1649e-01
7.5353e-01
8.6001e-01
9.2839e-01
7.6607e-01
6.0978e-01
9.7222e-01
9.5316e-01
6.8892e-01
6.2554e-01
8.5299e-01
9.3196e-01
7.3907e-01
8.6581e-01
8.0457e-01
9.6064e-01
9.5936e-01
8.4363e-01
7.5627e-01
7.5911e-01
9.1006e-01
8.5282e-01
7.3813e-01
9.6853e-01
8.9256e-01
8.8719e-01
7.9855e-01
8.9459e-01
7.3040e-01
6.1321e-01
7.4509e-01
9.3629e-01
8.6343e-01
9.4006e-01
9.8480e-01
7.5265e-01
8.3379e-01
6.7809e-01
7.3371e-01
7.4974e-01
7.1732e-01
8.9875e-01
8.5221e-01
8.2753e-01
7.2313e-01
6.9252e-01
6.6649e-01
8.8190e-01
6.2986e-01
7.5180e-01
7.5964e-01
9.9564e-01
7.5607e-01
6.0775e-01
7.8777e-01
6.4505e-01
7.8151e-01
9.0200e-01
8.3443e-01
6.3117e-01
7.1882e-01
6.4328e-01
9.4279e-01
6.3691e-01
9.9151e-01
7.7903e-01
6.8282e-01
7.9559e-01
9.4635e-01
9.5664e-01
9.5184e-01
8.9668e-01
7.7408e-01
9.4280e-01
8.1694e-01
8.5977e-01
8.5125e-01
9.8352e-01
7.0369e-01
8.0370e-01
9.7223e-01
9.0182e-01
8.9645e-01
7.1817e-01
9.7574e-01
6.1990e-01
9.6908e-01
7.1958e-01
6.5235e-01
8.5952e-01
7.1591e-01
9.7258e-01
9.0836e-01
7.5216e-01
6.7949e-01
7.4739e-01
7.3816e-01
8.5897e-01
8.5776e-01
8.0733e-01
9.5282e-01
6.6458e-01
8.1776e-01
8.7241e-01
8.9556e-01
7.1208e-01
6.9694e-01
7.6289e-01
8.1972e-01
8.3832e-01
7.5181e-01
6.6337e-01
7.9610e-01
8.0455e-01
9.1859e-01
6.9874e-01
7.3335e-01
9.3407e-01
7.4862e-01
6.4783e-01
8.1786e-01
9.0740e-01
8.1577e-01
7.3108e-01
8.7167e-01
9.8994e-01
7.7534e-01
6.8580e-01
7.7174e-01
8.9647e-01
8.2434e-01
8.1057e-01
8.7344e-01
8.9205e-01
7.6963e-01
6.3560e-01
9.1975e-01
8.3738e-01
8.2389e-01
6.1917e-01
6.5499e-01
8.3032e-01
7.0503e-01
9.2266e-01
8.1036e-01
7.2252e-01
8.5418e-01
8.3906e-01
6.4346e-01
6.5241e-01
9.5003e-01
8.7628e-01
9.2813e-01
8.2133e-01
9.1820e-01
7.6731e-01
8.6984e-01
8.4202e-01
9.6496e-01
6.1284e-01
8.9209e-01
8.9198e-01
9.5393e-01
9.5372e-01
8.5193e-01
9.7993e-01
8.4996e-01
7.1856e-01
9.3148e-01
6.8121e-01
8.8797e-01
8.0134e-01
6.3080e-01
6.7583e-01
7.6511e-01
9.3379e-01
9.2237e-01
9.6398e-01
7.1140e-01
9.2478e-01
9.6309e-01
6.1283e-01
6.4492e-01
8.7479e-01
7.8125e-01
9.2817e-01
7.8959e-01
7.0566e-01
7.8122e-01
9.1394e-01
6.4624e-01
7.1224e-01
8.9934e-01
8.7066e-01
8.5732e-01
8.9965e-01
7.3591e-01
9.1082e-01
9.3220e-01
7.8784e-01
7.2855e-01
6.8344e-01
7.7381e-01
6.4439e-01
7.3718e-01
9.7409e-01
9.2504e-01
7.1849e-01
9.5200e-01
7.1358e-01
9.1146e-01
6.8277e-01
7.3235e-01
9.8769e-01
7.3037e-01
6.0338e-01
9.3667e-01
9.7459e-01
7.4517e-01
9.5542e-01
7.8923e-01
8.8766e-01
7.7053e-01
6.9104e-01
7.6111e-01
9.4696e-01
6.8997e-01
9.2677e-01
8.6184e-01
8.7588e-01
9.6266e-01
8.1931e-01
6.8400e-01
6.3529e-01
9.9415e-01
8.8856e-01
6.4703e-01
7.4247e-01
8.9015e-01
8.7571e-01
6.7953e-01
8.9565e-01
7.5165e-01
7.0251e-01
9.5752e-01
8.3542e-01
9.2110e-01
8.0806e-01
6.3905e-01
8.5751e-01
7.8197e-01
6.9770e-01
9.5714e-01
6.5290e-01
7.9363e-01
8.0022e-01
9.1050e-01
6.6656e-01
7.2700e-01
8.1184e-01
7.4695e-01
7.7817e-01
6.9869e-01
9.9177e-01
8.3770e-01
9.3373e-01
6.4363e-01
9.7230e-01
8.4217e-01
7.5407e-01
8.7822e-01
9.6742e-01
7.3190e-01
9.7900e-01
8.4588e-01
9.4017e-01
9.0804e-01
7.7423e-01
9.7823e-01
7.0823e-01
9.1487e-01
8.9684e-01
6.4855e-01
8.6474e-01
9.4033e-01
6.7908e-01
9.7384e-01
7.9507e-01
8.6942e-01
6.1856e-01
8.9801e-01
6.7102e-01
6.2866e-01
6.4183e-01
8.1210e-01
6.7458e-01
7.8692e-01
9.1837e-01
8.1646e-01
7.7447e-01
9.4805e-01
9.3444e-01
9.8167e-01
6.5194e-01
7.6978e-01
6.4029e-01
6.3821e-01
6.0187e-01
7.7219e-01
8.2351e-01
9.4883e-01
6.1230e-01
6.6950e-01
6.1712e-01
8.8677e-01
8.2733e-01
7.8133e-01
8.1267e-01
6.0457e-01
6.1027e-01
7.6244e-01
8.8815e-01
8.7306e-01
9.3668e-01
7.4664e-01
6.3205e-01
9.0709e-01
9.1350e-01
7.5836e-01
7.0178e-01
6.3995e-01
6.1697e-01
8.2331e-01
6.4985e-01
7.1316e-01
9.9385e-01
7.4418e-01
9.3892e-01
6.9678e-01
8.0053e-01
8.5591e-01
6.9421e-01
7.0168e-01
8.4635e-01
8.3603e-01
8.2490e-01
9.6313e-01
9.6135e-01
9.0337e-01
9.7258e-01
6.5267e-01
7.4591e-01
9.4307e-01
6.1013e-01
9.0953e-01
9.7152e-01
6.0331e-01
8.7753e-01
9.0906e-01
9.7243e-01
7.9864e-01
9.5193e-01
8.9839e-01
7.2805e-01
6.1332e-01
7.7085e-01
9.7147e-01
6.7593e-01
6.5544e-01
8.8172e-01
6.0801e-01
7.1874e-01
6.0767e-01
6.3442e-01
9.1038e-01
7.1882e-01
8.4856e-01
9.7836e-01
8.9769e-01
6.9723e-01
7.0724e-01
9.5462e-01
7.6226e-01
9.2753e-01
9.0572e-01
9.5638e-01
9.0975e-01
8.8098e-01
7.8472e-01
9.0282e-01
7.9335e-01
9.2350e-01
9.9754e-01
8.1432e-01
9.1879e-01
8.0526e-01
9.8546e-01
8.3044e-01
6.0257e-01
9.1948e-01
9.8864e-01
8.9688e-01
7.7965e-01
8.8824e-01
8.7752e-01
8.7225e-01
6.0089e-01
6.2361e-01
6.1268e-01
7.9734e-01
7.0521e-01
7.9585e-01
6.3786e-01
6.6008e-01
9.9898e-01
7.1051e-01
8.1720e-01
8.6546e-01
9.0427e-01
6.5425e-01
9.5711e-01
6.1588e-01
6.6259e-01
6.2346e-01
6.3577e-01
6.2640e-01
6.6170e-01
9.7214e-01
8.1163e-01
6.2721e-01
9.4923e-01
6.9998e-01
7.5126e-01
7.4906e-01
8.0807e-01
7.5862e-01
6.3748e-01
6.3704e-01
6.5139e-01
8.3460e-01
9.1488e-01
7.7008e-01
9.3450e-01
7.9827e-01
8.7805e-01
8.3714e-01
6.1838e-01
6.6680e-01
7.2835e-01
8.9350e-01
8.9081e-01
6.4841e-01
7.2817e-01
8.1218e-01
8.3118e-01
7.1492e-01
8.1525e-01
7.5250e-01
7.5461e-01
6.6728e-01
8.3101e-01
9.9936e-01
8.7457e-01
6.0808e-01
9.5097e-01
8.0864e-01
6.7551e-01
6.6173e-01
6.4955e-01
8.4069e-01
6.6040e-01
9.5670e-01
7.8492e-01
9.1287e-01
8.0264e-01
7.7188e-01
8.0070e-01
6.2617e-01
9.1859e-01
6.7032e-01
9.0801e-01
6.5008e-01
7.6312e-01
8.5118e-01
8.8788e-01
7.0370e-01
7.0474e-01
9.4800e-01
6.2267e-01
7.2896e-01
8.1598e-01
6.7590e-01
9.0471e-01
6.4264e-01
9.3187e-01
7.0908e-01
8.2071e-01
6.2643e-01
6.5193e-01
9.7802e-01
9.0175e-01
8.0007e-01
6.6056e-01
8.0602e-01
8.7975e-01
8.1485e-01
9.1309e-01
8.6115e-01
9.9095e-01
7.7597e-01
6.7899e-01
9.1210e-01
7.5644e-01
6.1073e-01
9.8391e-01
6.3871e-01
7.7706e-01
8.4778e-01
6.7653e-01
6.7175e-01
7.1581e-01
6.0784e-01
8.5781e-01
7.4640e-01
9.7972e-01
6.5857e-01
6.3823e-01
8.1743e-01
7.9030e-01
9.9192e-01
8.0564e-01
7.9826e-01
6.5570e-01
7.2966e-01
9.8637e-01
7.4813e-01
9.9382e-01
7.5567e-01
6.6553e-01
9.7358e-01
7.4015e-01
6.6193e-01
6.2082e-01
9.2473e-01
6.8434e-01
9.8047e-01
7.2277e-01
7.1536e-01
7.3868e-01
8.3261e-01
7.6830e-01
8.2880e-01
9.3563e-01
6.4284e-01
6.6511e-01
8.3930e-01
7.5010e-01
9.1997e-01
8.3783e-01
6.3311e-01
7.3065e-01
7.1480e-01
6.8365e-01
8.9609e-01
8.2468e-01
7.6746e-01
9.8403e-01
8.0701e-01
8.6484e-01
8.7090e-01
6.5142e-01
8.8813e-01
9.1529e-01
6.6037e-01
7.8300e-01
6.1035e-01
7.7823e-01
7.4765e-01
7.7805e-01
7.4908e-01
8.1051e-01
9.0957e-01
6.3110e-01
6.3270e-01
7.2122e-01
6.5344e-01
9.0458e-01
7.8988e-01
9.7640e-01
7.9559e-01
8.3039e-01
9.1985e-01
6.6260e-01
7.1260e-01
8.9031e-01
6.4636e-01
6.7233e-01
9.2749e-01
8.8860e-01
6.7298e-01
9.7844e-01
9.0304e-01
6.6778e-01
7.2236e-01
6.5561e-01
7.2243e-01
6.0072e-01
8.3221e-01
7.0543e-01
8.4716e-01
9.2239e-01
8.2369e-01
9.1838e-01
8.4945e-01
7.2399e-01
8.7129e-01
8.6206e-01
6.9357e-01
6.5013e-01
9.0733e-01
7.8545e-01
6.5788e-01
8.1290e-01
6.8320e-01
9.6324e-01
8.8686e-01
6.6476e-01
6.6149e-01
7.8986e-01
7.0397e-01
9.2537e-01
6.4504e-01
7.7336e-01
8.7738e-01
6.7281e-01
8.0958e-01
6.9101e-01
9.2192e-01
6.4066e-01
9.6089e-01
7.9168e-01
6.8551e-01
6.7958e-01
6.9047e-01
6.4098e-01
8.8569e-01
7.9116e-01
8.7960e-01
7.2029e-01
9.6537e-01
6.2089e-01
9.0576e-01
6.8782e-01
7.0506e-01
6.4749e-01
8.1950e-01
7.9214e-01
7.8094e-01
9.6149e-01
7.4210e-01
9.9426e-01
7.8940e-01
8.3905e-01
7.3867e-01
8.4700e-01
6.4637e-01
9.1137e-01
8.7113e-01
6.6798e-01
6.9120e-01
7.8071e-01
6.2594e-01
7.2516e-01
6.2509e-01
8.9070e-01
8.0055e-01
6.5179e-01
9.7232e-01
9.3698e-01
8.8771e-01
6.8918e-01
9.6371e-01
9.0871e-01
6.0681e-01
9.6567e-01
9.8515e-01
7.6722e-01
6.1063e-01
6.0677e-01
7.9655e-01
6.7882e-01
9.2307e-01
9.8375e-01
7.8780e-01
6.6825e-01
6.9873e-01
9.7158e-01
7.3841e-01
9.6508e-01
6.2977e-01
8.5909e-01
9.2578e-01
7.9499e-01
9.0027e-01
9.4563e-01
7.6887e-01
8.7255e-01
7.3508e-01
6.6755e-01
9.9082e-01
7.7815e-01
6.3587e-01
9.7030e-01
9.9881e-01
9.9910e-01
6.8855e-01
9.0917e-01
7.2810e-01
8.7690e-01
7.4096e-01
8.8302e-01
7.9560e-01
6.9854e-01
9.8013e-01
8.9832e-01
9.8891e-01
8.0579e-01
8.8615e-01
8.0176e-01
7.0616e-01
9.4952e-01
7.5137e-01
6.1389e-01
7.5923e-01
9.5387e-01
8.3930e-01
8.3449e-01
8.1557e-01
6.0085e-01
9.6997e-01
6.8953e-01
6.1373e-01
6.2803e-01
6.1490e-01
6.4764e-01
9.7267e-01
9.2968e-01
9.6642e-01
8.8085e-01
6.9091e-01
6.8754e-01
9.6955e-01
6.2236e-01
8.1025e-01
8.2072e-01
9.1850e-01
9.9870e-01
6.9036e-01
7.0013e-01
8.2913e-01
6.0092e-01
6.6969e-01
9.2448e-01
8.2341e-01
6.9895e-01
9.6796e-01
7.9348e-01
6.0475e-01
7.6788e-01
8.6255e-01
8.0608e-01
8.4833e-01
7.5638e-01
9.1334e-01
6.4344e-01
7.2923e-01
6.9539e-01
8.2525e-01
6.6778e-01
6.6607e-01
7.9872e-01
8.8405e-01
8.8376e-01
7.4849e-01
8.7109e-01
6.8690e-01
7.4210e-01
7.6523e-01
7.7578e-01
6.8460e-01
7.9214e-01
7.6686e-01
6.3382e-01
9.4359e-01
7.9326e-01
8.6572e-01
8.3540e-01
6.2072e-01
6.5368e-01
7.1350e-01
7.5603e-01
7.6243e-01
8.5071e-01
6.4893e-01
6.0888e-01
6.6011e-01
9.6404e-01
7.8696e-01
7.6751e-01
9.8372e-01
9.2244e-01
6.1211e-01
6.7139e-01
9.8423e-01
6.2537e-01
6.2692e-01
6.0081e-01
7.1866e-01
8.6766e-01
6.4192e-01
9.2279e-01
9.2292e-01
6.2315e-01
8.1526e-01
9.1022e-01
9.7424e-01
6.8978e-01
7.8795e-01
7.1615e-01
7.1689e-01
6.7390e-01
9.5822e-01
8.8243e-01
7.8216e-01
7.8861e-01
7.3591e-01
6.8347e-01
9.4432e-01
6.5719e-01
9.8671e-01
8.2182e-01
7.0985e-01
9.5693e-01
7.5373e-01
8.4253e-01
6.3422e-01
6.2438e-01
9.0920e-01
6.8478e-01
7.2453e-01
8.0753e-01
8.1070e-01
6.9627e-01
7.4554e-01
8.3775e-01
9.1220e-01
7.2911e-01
7.7009e-01
9.8566e-01
8.6748e-01
8.2003e-01
6.8312e-01
8.6661e-01
6.2843e-01
7.4330e-01
7.3638e-01
8.0522e-01
9.3052e-01
8.4086e-01
6.1972e-01
9.9072e-01
7.1614e-01
7.9014e-01
8.6882e-01
7.7027e-01
7.9267e-01
6.9169e-01
8.0641e-01
8.8270e-01
7.4935e-01
8.5536e-01
9.9714e-01
9.4583e-01
8.2305e-01
9.9241e-01
8.2180e-01
6.1605e-01
6.9608e-01
6.6079e-01
6.0986e-01
7.8655e-01
9.4413e-01
7.8165e-01
8.2095e-01
8.7245e-01
9.0479e-01
9.0538e-01
8.2104e-01
6.7073e-01
6.6317e-01
8.7391e-01
8.3718e-01
9.0443e-01
9.3419e-01
8.6515e-01
8.3696e-01
8.5140e-01
9.8306e-01
8.4580e-01
6.5710e-01
7.2938e-01
9.2003e-01
6.8297e-01
9.1000e-01
9.4227e-01
7.3197e-01
6.5310e-01
8.3668e-01
6.4822e-01
7.5787e-01
8.3208e-01
6.9238e-01
9.7240e-01
7.9635e-01
6.6401e-01
6.2244e-01
6.1903e-01
8.5181e-01
7.3099e-01
6.4963e-01
8.4297e-01
9.6468e-01
7.0101e-01
7.3551e-01
7.2352e-01
7.7133e-01
6.9332e-01
8.8122e-01
8.5796e-01
8.5288e-01
9.1885e-01
6.2192e-01
8.2746e-01
8.9099e-01
9.1385e-01
6.8846e-01
7.7738e-01
7.4484e-01
8.0892e-01
9.2565e-01
6.7106e-01
7.4781e-01
8.2533e-01
9.2210e-01
7.8701e-01
8.5943e-01
6.9730e-01
6.5784e-01
6.2481e-01
8.5518e-01
8.9315e-01
6.4135e-01
9.6726e-01
7.0470e-01
9.6818e-01
9.8172e-01
8.6767e-01
8.5208e-01
9.7865e-01
7.6136e-01
8.5882e-01
9.8168e-01
8.8460e-01
9.2951e-01
9.1113e-01
9.9298e-01
7.2594e-01
7.5248e-01
6.7277e-01
6.3266e-01
7.3409e-01
7.5756e-01
7.7113e-01
6.8918e-01
8.1825e-01
6.4562e-01
9.5728e-01
8.2691e-01
9.7312e-01
9.8126e-01
9.9590e-01
7.0522e-01
9.5151e-01
9.9077e-01
9.5182e-01
7.5008e-01
9.7773e-01
8.9856e-01
6.0441e-01
7.3627e-01
8.1020e-01
7.2834e-01
7.4939e-01
8.3217e-01
8.8671e-01
6.6888e-01
9.5170e-01
9.0033e-01
6.8704e-01
9.3372e-01
6.6288e-01
7.9638e-01
9.6604e-01
7.2021e-01
6.2494e-01
6.5394e-01
7.2278e-01
6.7317e-01
7.8376e-01
9.6108e-01
8.3233e-01
7.4520e-01
8.2473e-01
7.8451e-01
7.2296e-01
7.2012e-01
6.0257e-01
9.5921e-01
6.1483e-01
7.5773e-01
9.8939e-01
9.5531e-01
7.4778e-01
9.8406e-01
9.7847e-01
6.1114e-01
6.3801e-01
6.3810e-01
9.0775e-01
8.3320e-01
9.0097e-01
9.6744e-01
7.1656e-01
6.1270e-01
6.3767e-01
7.8050e-01
9.4250e-01
9.5750e-01
9.1547e-01
9.8280e-01
6.5843e-01
6.3917e-01
8.8201e-01
8.8661e-01
9.3981e-01
7.7054e-01
8.3378e-01
8.1204e-01
8.2672e-01
8.4407e-01
8.4595e-01
9.5756e-01
8.0970e-01
7.3978e-01
7.6110e-01
9.8059e-01
8.5591e-01
8.0836e-01
6.5411e-01
7.5944e-01
9.4436e-01
9.4190e-01
9.2998e-01
9.2594e-01
6.1576e-01
6.7475e-01
6.0083e-01
6.1703e-01
9.5836e-01
7.5881e-01
7.6835e-01
7.7818e-01
8.9279e-01
6.4622e-01
6.0717e-01
9.3636e-01
8.7357e-01
6.8138e-01
7.4612e-01
9.6874e-01
7.1593e-01
7.9625e-01
6.0651e-01
6.7246e-01
9.0995e-01
9.2420e-01
9.9628e-01
7.7013e-01
7.4438e-01
6.0184e-01
9.4826e-01
7.3092e-01
9.9394e-01
6.7768e-01
8.5567e-01
9.1783e-01
7.0149e-01
9.3221e-01
7.4266e-01
8.0729e-01
7.3445e-01
9.2791e-01
8.1500e-01
8.2727e-01
9.5312e-01
6.7205e-01
7.5474e-01
6.1214e-01
9.6635e-01
8.2166e-01
7.1471e-01
6.0292e-01
6.2602e-01
8.2388e-01
8.4979e-01
7.7917e-01
9.6047e-01
9.0710e-01
9.1514e-01
6.9479e-01
8.1665e-01
8.7968e-01
6.7750e-01
9.4224e-01
8.0119e-01
7.7903e-01
8.1598e-01
8.5387e-01
8.5650e-01
6.0242e-01
9.2624e-01
6.5743e-01
8.7104e-01
6.4441e-01
6.0112e-01
9.6962e-01
9.7341e-01
9.0642e-01
9.0633e-01
6.6712e-01
8.8300e-01
6.7443e-01
8.5403e-01
7.6428e-01
8.5913e-01
9.3824e-01
6.2514e-01
8.0918e-01
8.2901e-01
8.3100e-01
6.1732e-01
9.0498e-01
6.7703e-01
9.5165e-01
6.0040e-01
9.4767e-01
9.2014e-01
8.5011e-01
9.1714e-01
6.7430e-01
6.3740e-01
8.6790e-01
9.0630e-01
8.1466e-01
8.6735e-01
6.6008e-01
8.2645e-01
9.3567e-01
8.0784e-01
7.5843e-01
8.2136e-01
6.0280e-01
7.5726e-01
8.6330e-01
7.8539e-01
8.3563e-01
9.2068e-01
7.5729e-01
9.5134e-01
6.4992e-01
8.5068e-01
7.7455e-01
8.3506e-01
9.4547e-01
9.7316e-01
9.4326e-01
6.8096e-01
8.9533e-01
8.2937e-01
6.8262e-01
8.2397e-01
9.3230e-01
8.5557e-01
8.7611e-01
9.5270e-01
6.2509e-01
9.3071e-01
7.6603e-01
9.9023e-01
9.5772e-01
8.7249e-01
8.0262e-01
8.3755e-01
9.1197e-01
6.0596e-01
8.5849e-01
6.8263e-01
6.2779e-01
7.4013e-01
6.9797e-01
6.2562e-01
7.5656e-01
8.9944e-01
7.6300e-01
7.9230e-01
6.8265e-01
9.9930e-01
9.7987e-01
9.5472e-01
7.9624e-01
9.9323e-01
6.3984e-01
7.7798e-01
9.7307e-01
6.8647e-01
8.9768e-01
8.8336e-01
7.2992e-01
8.5729e-01
9.5393e-01
6.6232e-01
6.0405e-01
7.5945e-01
6.2987e-01
7.2387e-01
7.5365e-01
8.8091e-01
6.2938e-01
9.5023e-01
8.9714e-01
7.6597e-01
9.8495e-01
8.2587e-01
9.2263e-01
8.9861e-01
6.3376e-01
6.3306e-01
8.9968e-01
8.0768e-01
9.1531e-01
9.0938e-01
6.0891e-01
9.6241e-01
8.6820e-01
8.1809e-01
6.5491e-01
9.3210e-01
7.9883e-01
7.0651e-01
9.7848e-01
9.7681e-01
8.2627e-01
8.8221e-01
6.7162e-01
7.2722e-01
8.6621e-01
8.1508e-01
9.1966e-01
9.4367e-01
9.9234e-01
7.3330e-01
8.5305e-01
6.9089e-01
8.6269e-01
9.1077e-01
7.0544e-01
9.1361e-01
9.5446e-01
8.1917e-01
8.8201e-01
8.4827e-01
8.2665e-01
8.1987e-01
9.2868e-01
9.4930e-01
8.8205e-01
7.0419e-01
6.5537e-01
6.0669e-01
9.7146e-01
6.6988e-01
6.6098e-01
8.8770e-01
7.3591e-01
9.2643e-01
7.8771e-01
8.5573e-01
6.0486e-01
9.2907e-01
7.2876e-01
7.0219e-01
9.8554e-01
7.5460e-01
8.6089e-01
7.7483e-01
8.2938e-01
7.3985e-01
7.8629e-01
6.7466e-01
6.3319e-01
6.8803e-01
7.5943e-01
9.5511e-01
9.2072e-01
8.3183e-01
6.2070e-01
7.7276e-01
6.0560e-01
8.2984e-01
8.1646e-01
6.7941e-01
6.8914e-01
9.7761e-01
9.7454e-01
6.3848e-01
8.8344e-01
8.9205e-01
8.9258e-01
9.7975e-01
6.4414e-01
7.0799e-01
8.3936e-01
9.3011e-01
8.2172e-01
6.3255e-01
9.5225e-01
9.0488e-01
7.1498e-01
8.4348e-01
7.7676e-01
8.3094e-01
9.2011e-01
9.9874e-01
7.2823e-01
9.3099e-01
9.2567e-01
8.5378e-01
7.6716e-01
6.1626e-01
7.2537e-01
7.5540e-01
6.4092e-01
9.8578e-01
7.4480e-01
6.4962e-01
7.4354e-01
9.4508e-01
9.0729e-01
9.4592e-01
6.6036e-01
8.3289e-01
9.8906e-01
7.9077e-01
6.0466e-01
8.7219e-01
9.2277e-01
7.5275e-01
8.5950e-01
9.3411e-01
9.9919e-01
9.0411e-01
7.9220e-01
8.8191e-01
7.2881e-01
7.5902e-01
8.4422e-01
9.4182e-01
6.1728e-01
9.1373e-01
7.1454e-01
6.4034e-01
8.3606e-01
7.5924e-01
8.8037e-01
7.9028e-01
6.2073e-01
7.5090e-01
8.3900e-01
7.3290e-01
6.3294e-01
6.0638e-01
6.0052e-01
7.2854e-01
9.8065e-01
6.0450e-01
8.1350e-01
8.2183e-01
6.9584e-01
8.6427e-01
9.3403e-01
9.8152e-01
8.6838e-01
8.0518e-01
8.5271e-01
6.6090e-01
9.3213e-01
7.9289e-01
8.7266e-01
9.4651e-01
6.2189e-01
6.4131e-01
9.0253e-01
6.6450e-01
8.6385e-01
8.7955e-01
6.2169e-01
9.1806e-01
8.6710e-01
8.6206e-01
9.9507e-01
6.4817e-01
7.8821e-01
8.1312e-01
9.0413e-01
6.7368e-01
6.4617e-01
7.0592e-01
6.9654e-01
6.8903e-01
6.3812e-01
6.6118e-01
9.8264e-01
7.1854e-01
8.4698e-01
6.1690e-01
8.3336e-01
9.0144e-01
8.3693e-01
8.4839e-01
7.4194e-01
8.6628e-01
9.6716e-01
8.7205e-01
6.9875e-01
8.8715e-01
9.1509e-01
8.8369e-01
6.3347e-01
6.3370e-01
6.3292e-01
9.3040e-01
9.8226e-01
9.8322e-01
8.5443e-01
6.9956e-01
8.2510e-01
6.6610e-01
7.7080e-01
8.6563e-01
6.7875e-01
8.3707e-01
9.3364e-01
8.0390e-01
8.7735e-01
7.7004e-01
9.1845e-01
9.1700e-01
7.1698e-01
9.8691e-01
9.1304e-01
7.4513e-01
7.7032e-01
8.6380e-01
7.9883e-01
7.8881e-01
7.8025e-01
7.9869e-01
9.3820e-01
7.1145e-01
7.0683e-01
6.7926e-01
6.0104e-01
8.6555e-01
6.9130e-01
8.1709e-01
9.0820e-01
7.4021e-01
6.6663e-01
9.3059e-01
6.1380e-01
6.7087e-01
6.7511e-01
8.5672e-01
9.3211e-01
7.4454e-01
9.0376e-01
9.3071e-01
9.1437e-01
8.1493e-01
8.7135e-01
7.0735e-01
8.3456e-01
8.8722e-01
8.9512e-01
6.3669e-01
7.3302e-01
8.0071e-01
9.5164e-01
8.2144e-01
7.8576e-01
7.0269e-01
6.7603e-01
7.7012e-01
7.3179e-01
7.8289e-01
7.6983e-01
7.9920e-01
8.4383e-01
6.7540e-01
8.8673e-01
6.9157e-01
9.1379e-01
6.3942e-01
8.4079e-01
9.8332e-01
8.1422e-01
8.2539e-01
9.5492e-01
6.3197e-01
8.6197e-01
9.8374e-01
6.1291e-01
7.7313e-01
6.8546e-01
9.5591e-01
7.9291e-01
6.1600e-01
7.3253e-01
6.6731e-01
6.1303e-01
6.6889e-01
7.0114e-01
7.9640e-01
6.0430e-01
9.9137e-01
6.6997e-01
6.6923e-01
8.6031e-01
8.6101e-01
7.4538e-01
9.3435e-01
8.2656e-01
8.6089e-01
8.7253e-01
9.1129e-01
7.3146e-01
7.4479e-01
9.3044e-01
6.2511e-01
8.0683e-01
9.1938e-01
6.6407e-01
6.5801e-01
8.4682e-01
7.7566e-01
9.7339e-01
8.9824e-01
7.1471e-01
7.3457e-01
6.1865e-01
9.8224e-01
8.3355e-01
7.5953e-01
8.5406e-01
6.7880e-01
6.7459e-01
8.6821e-01
6.5645e-01
8.6514e-01
6.1629e-01
8.3106e-01
7.0102e-01
6.8428e-01
6.4557e-01
8.3555e-01
8.5941e-01
6.3805e-01
7.0963e-01
8.4560e-01
9.6021e-01
9.7856e-01
9.5683e-01
8.4873e-01
6.3808e-01
7.9823e-01
7.6095e-01
9.6670e-01
7.6025e-01
9.8144e-01
7.8338e-01
6.3773e-01
7.3064e-01
8.1987e-01
8.5102e-01
8.7942e-01
7.1987e-01
9.8541e-01
9.7514e-01
7.4135e-01
9.2674e-01
7.7953e-01
9.5245e-01
7.0303e-01
8.6257e-01
6.5803e-01
8.2182e-01
7.5538e-01
8.9503e-01
7.3406e-01
7.0110e-01
6.9708e-01
7.1942e-01
7.2925e-01
7.0505e-01
7.9028e-01
6.2912e-01
6.7856e-01
6.1282e-01
7.4935e-01
8.6702e-01
9.6215e-01
6.5611e-01
7.1847e-01
9.7061e-01
7.5507e-01
7.1211e-01
9.6875e-01
9.1813e-01
6.9598e-01
8.7594e-01
6.3630e-01
8.9033e-01
7.8827e-01
6.9249e-01
9.5501e-01
8.6163e-01
8.0830e-01
7.2411e-01
7.1777e-01
8.4592e-01
6.6462e-01
6.2463e-01
8.7632e-01
7.2300e-01
8.3766e-01
7.3070e-01
6.0147e-01
7.6308e-01
9.8873e-01
9.2434e-01
7.0246e-01
8.6161e-01
7.1945e-01
9.3970e-01
9.2218e-01
7.1034e-01
9.9951e-01
8.0526e-01
7.6451e-01
6.6581e-01
7.8597e-01
8.8427e-01
7.0582e-01
8.1563e-01
7.7764e-01
8.0265e-01
9.3911e-01
6.9525e-01
6.1467e-01
8.2288e-01
9.2807e-01
9.4377e-01
7.3461e-01
6.9864e-01
8.6000e-01
7.4926e-01
7.5572e-01
9.5036e-01
9.3856e-01
8.5371e-01
7.5413e-01
8.7112e-01
7.5840e-01
9.7089e-01
7.5722e-01
6.4863e-01
7.5397e-01
7.4883e-01
6.2481e-01
6.2984e-01
7.0546e-01
6.7802e-01
9.8882e-01
7.3300e-01
6.6045e-01
8.4826e-01
8.9275e-01
7.1329e-01
6.6347e-01
6.3155e-01
6.1971e-01
9.7713e-01
7.1228e-01
6.2336e-01
6.0487e-01
8.6952e-01
8.2939e-01
7.5116e-01
7.7430e-01
8.4941e-01
6.3640e-01
8.2253e-01
7.8329e-01
8.9234e-01
6.7436e-01
7.6819e-01
7.7138e-01
6.8635e-01
8.5946e-01
9.7854e-01
9.5288e-01
7.7620e-01
7.6319e-01
8.4521e-01
9.5632e-01
8.8578e-01
6.4003e-01
8.5036e-01
9.3514e-01
7.2664e-01
8.9971e-01
6.2007e-01
6.2729e-01
8.0864e-01
6.0243e-01
7.2666e-01
6.1652e-01
8.3328e-01
6.6785e-01
8.7239e-01
6.8989e-01
7.5750e-01
8.6214e-01
7.3284e-01
8.4499e-01
9.1307e-01
8.2490e-01
6.0189e-01
6.5177e-01
7.8938e-01
6.8589e-01
8.4893e-01
6.2765e-01
7.3514e-01
8.8340e-01
6.2713e-01
7.4028e-01
9.3547e-01
8.0482e-01
8.6102e-01
8.0532e-01
8.7022e-01
6.1073e-01
7.8743e-01
7.5967e-01
7.9455e-01
8.1534e-01
7.2194e-01
9.3465e-01
8.9848e-01
7.2761e-01
6.2865e-01
6.3059e-01
7.3606e-01
7.1890e-01
8.0990e-01
7.4443e-01
6.5007e-01
8.4760e-01
8.8098e-01
6.3361e-01
6.6950e-01
7.2041e-01
9.1240e-01
6.5385e-01
9.1796e-01
6.8963e-01
7.5524e-01
7.4365e-01
8.1767e-01
6.4921e-01
8.7430e-01
8.5962e-01
6.8380e-01
9.8704e-01
8.6548e-01
9.9320e-01
6.3751e-01
9.2178e-01
9.7951e-01
7.2440e-01
9.0468e-01
8.9182e-01
9.1233e-01
8.6691e-01
6.8036e-01
7.1164e-01
9.5288e-01
9.9731e-01
6.8324e-01
7.6625e-01
8.2851e-01
6.7132e-01
6.4505e-01
8.2583e-01
8.6277e-01
9.3795e-01
6.7001e-01
8.0413e-01
9.4748e-01
9.9132e-01
9.8743e-01
9.2344e-01
6.2439e-01
8.1534e-01
9.7515e-01
8.9100e-01
8.4149e-01
8.4157e-01
9.9917e-01
6.0043e-01
7.4518e-01
9.2870e-01
6.0671e-01
9.2975e-01
9.7686e-01
6.1932e-01
8.8289e-01
8.6812e-01
6.9878e-01
6.6388e-01
8.9570e-01
7.2791e-01
7.9911e-01
6.2684e-01
8.0504e-01
8.8567e-01
9.9974e-01
8.0154e-01
7.5544e-01
9.4939e-01
7.5865e-01
7.4783e-01
7.0348e-01
8.5153e-01
9.5205e-01
9.1432e-01
7.1791e-01
8.1654e-01
9.4349e-01
8.3491e-01
8.5581e-01
8.4258e-01
9.3473e-01
6.7773e-01
9.4808e-01
9.7163e-01
8.9034e-01
6.0556e-01
7.8222e-01
7.3954e-01
8.5704e-01
7.2093e-01
9.2580e-01
8.6422e-01
9.7880e-01
6.9208e-01
6.5448e-01
6.3162e-01
9.3622e-01
7.8490e-01
6.2379e-01
8.3996e-01
9.0794e-01
9.3094e-01
9.4449e-01
6.3588e-01
6.1751e-01
7.1074e-01
6.9006e-01
9.2499e-01
7.1355e-01
8.5496e-01
8.3771e-01
6.3903e-01
9.7150e-01
6.2215e-01
8.1778e-01
6.0025e-01
6.1302e-01
6.8152e-01
9.1117e-01
9.9373e-01
9.7921e-01
8.0533e-01
6.7951e-01
7.6251e-01
9.9346e-01
8.5552e-01
6.2018e-01
6.6377e-01
8.3163e-01
9.7205e-01
8.2696e-01
6.4626e-01
8.5530e-01
7.4249e-01
6.4250e-01
9.3740e-01
6.3636e-01
9.7417e-01
7.4132e-01
6.5696e-01
8.3669e-01
7.4941e-01
9.5557e-01
8.7668e-01
9.6399e-01
9.3708e-01
6.7088e-01
8.3885e-01
8.9306e-01
8.6138e-01
7.4466e-01
8.4994e-01
7.0752e-01
6.2306e-01
7.0770e-01
7.1437e-01
8.7709e-01
8.6681e-01
8.4676e-01
8.8241e-01
8.1374e-01
8.5771e-01
6.7162e-01
6.8804e-01
6.1917e-01
9.0760e-01
8.1582e-01
6.9111e-01
9.3783e-01
8.2406e-01
6.0767e-01
6.8726e-01
7.0666e-01
9.5044e-01
9.9305e-01
9.2722e-01
6.4179e-01
8.1641e-01
6.2971e-01
7.8065e-01
8.0564e-01
8.5824e-01
7.5166e-01
9.0631e-01
9.0909e-01
9.4034e-01
9.0550e-01
7.6652e-01
8.0876e-01
7.6246e-01
7.8408e-01
6.6811e-01
9.3163e-01
9.6022e-01
6.0239e-01
6.5673e-01
7.9485e-01
8.9902e-01
6.3439e-01
9.0745e-01
9.6110e-01
9.9251e-01
6.3807e-01
7.3134e-01
8.4026e-01
8.4254e-01
6.2635e-01
8.9341e-01
6.7824e-01
6.9383e-01
7.6269e-01
7.1221e-01
6.8377e-01
9.2620e-01
7.5797e-01
8.3688e-01
9.8693e-01
9.4906e-01
7.6025e-01
9.1881e-01
6.5409e-01
6.1865e-01
6.4100e-01
6.0530e-01
9.5416e-01
6.6601e-01
8.0892e-01
8.3492e-01
6.2081e-01
7.4684e-01
9.3414e-01
6.9336e-01
7.7648e-01
9.4055e-01
9.9069e-01
9.2403e-01
7.6182e-01
7.5288e-01
7.3143e-01
8.5835e-01
9.2227e-01
8.2214e-01
6.4554e-01
7.5637e-01
6.1531e-01
6.3574e-01
9.8057e-01
6.5504e-01
8.2058e-01
8.7445e-01
9.6452e-01
9.1949e-01
9.1315e-01
9.1576e-01
7.8245e-01
9.7117e-01
