9.3671e-01
6.4539e-01
8.5546e-01
9.7618e-01
9.4359e-01
7.0775e-01
8.2169e-01
7.2796e-01
9.6604e-01
6.5696e-01
7.3176e-01
6.9592e-01
6.8016e-01
6.5100e-01
9.9965e-01
9.1589e-01
8.6132e-01
7.2789e-01
6.1153e-01
7.1649e-01
6.2250e-01
6.0030e-01
6.6335e-01
6.1195e-01
7.5149e-01
9.3894e-01
6.4129e-01
9.7199e-01
9.4823e-01
6.7947e-01
6.9068e-01
6.3364e-01
8.2099e-01
7.0346e-01
8.9233e-01
6.6001e-01
6.5406e-01
6.9131e-01
9.9597e-01
7.2297e-01
9.4910e-01
8.6633e-01
6.2962e-01
8.6563e-01
8.9638e-01
8.5565e-01
8.4923e-01
9.3453e-01
8.1189e-01
9.6349e-01
6.1648e-01
8.7792e-01
9.6154e-01
8.7573e-01
7.8918e-01
8.3803e-01
7.2954e-01
8.8012e-01
7.9893e-01
8.1983e-01
7.1517e-01
9.8770e-01
8.5064e-01
6.3806e-01
6.6580e-01
6.6869e-01
9.8539e-01
9.5291e-01
7.3937e-01
9.1881e-01
9.9674e-01
9.0342e-01
7.0147e-01
8.9808e-01
9.6205e-01
6.5480e-01
8.2450e-01
7.9986e-01
9.9139e-01
9.7493e-01
7.0862e-01
6.4366e-01
9.0219e-01
7.0057e-01
7.1912e-01
9.8412e-01
6.3895e-01
9.5105e-01
6.9987e-01
6.3286e-01
7.0076e-01
9.3483e-01
7.4684e-01
7.1776e-01
7.1667e-01
6.3874e-01
8.3770e-01
6.6486e-01
6.8380e-01
7.5750e-01
7.8951e-01
7.6328e-01
6.7190e-01
7.8915e-01
9.3680e-01
8.8732e-01
6.3986e-01
9.1833e-01
7.8977e-01
6.5970e-01
6.7707e-01
6.1844e-01
6.4403e-01
7.7787e-01
7.6793e-01
7.3879e-01
7.3013e-01
7.5350e-01
6.9359e-01
7.7119e-01
6.8319e-01
9.8500e-01
7.5474e-01
8.5426e-01
6.5355e-01
6.8301e-01
6.3271e-01
9.6793e-01
6.1531e-01
9.1994e-01
6.0893e-01
6.7028e-01
7.8935e-01
8.3604e-01
9.7563e-01
9.8181e-01
8.7732e-01
6.8064e-01
7.3677e-01
6.7525e-01
8.1061e-01
7.6036e-01
8.7868e-01
6.0487e-01
6.9970e-01
8.0083e-01
9.1495e-01
8.9647e-01
8.5661e-01
7.7596e-01
6.6693e-01
6.0327e-01
8.7646e-01
7.1788e-01
7.3237e-01
9.1133e-01
9.0747e-01
9.8906e-01
9.3032e-01
7.1559e-01
9.2109e-01
7.6901e-01
6.7873e-01
7.0701e-01
7.6835e-01
9.9863e-01
8.5548e-01
6.3376e-01
7.1477e-01
6.6951e-01
9.5686e-01
9.0092e-01
9.9243e-01
9.5632e-01
7.9690e-01
7.2563e-01
9.5146e-01
7.3182e-01
8.8596e-01
9.5068e-01
6.5203e-01
7.1449e-01
6.0837e-01
6.0438e-01
9.8361e-01
7.2666e-01
7.8969e-01
6.8598e-01
6.3652e-01
9.1941e-01
7.1291e-01
9.1662e-01
7.7510e-01
9.4293e-01
7.1131e-01
8.0117e-01
7.2148e-01
9.2425e-01
7.6050e-01
6.2927e-01
6.9535e-01
9.4959e-01
9.7823e-01
9.5131e-01
8.9267e-01
7.3679e-01
6.1641e-01
8.9240e-01
8.2286e-01
8.1281e-01
8.9178e-01
7.4838e-01
9.2578e-01
8.0073e-01
9.7068e-01
6.6926e-01
7.7098e-01
9.3084e-01
9.6056e-01
8.9255e-01
6.2625e-01
9.7900e-01
9.9014e-01
9.4059e-01
8.6727e-01
6.1155e-01
9.2889e-01
8.9643e-01
9.9187e-01
7.8126e-01
7.7817e-01
8.0392e-01
8.4948e-01
9.1610e-01
9.9301e-01
6.5893e-01
6.0866e-01
8.5074e-01
6.9547e-01
6.7961e-01
7.6081e-01
8.7476e-01
8.6954e-01
8.5310e-01
7.2469e-01
6.6056e-01
6.1257e-01
7.7142e-01
9.8112e-01
8.7294e-01
9.9252e-01
9.2526e-01
6.6215e-01
9.3255e-01
7.7602e-01
6.8856e-01
6.2268e-01
9.3807e-01
8.6266e-01
8.6742e-01
7.9390e-01
6.3760e-01
8.9055e-01
6.9975e-01
6.0795e-01
8.3712e-01
8.5925e-01
7.9694e-01
6.9280e-01
7.6983e-01
7.8116e-01
6.3563e-01
9.0283e-01
7.1423e-01
9.9825e-01
7.1574e-01
8.5597e-01
7.9671e-01
7.7599e-01
8.9494e-01
7.1082e-01
6.2665e-01
8.7434e-01
6.7244e-01
7.2985e-01
9.0333e-01
7.1704e-01
9.0882e-01
8.1631e-01
8.7859e-01
9.9744e-01
7.2470e-01
8.0938e-01
7.5653e-01
6.1737e-01
7.7183e-01
8.6546e-01
9.9249e-01
7.2249e-01
7.7464e-01
9.4950e-01
6.4360e-01
7.1608e-01
9.9386e-01
8.5365e-01
9.6744e-01
9.8998e-01
9.0205e-01
9.4983e-01
8.4476e-01
7.9990e-01
9.4941e-01
6.9748e-01
8.1055e-01
6.8372e-01
7.6896e-01
6.6025e-01
6.6740e-01
6.7767e-01
7.5423e-01
8.4408e-01
8.2280e-01
7.3741e-01
6.9840e-01
9.4843e-01
9.2717e-01
6.9741e-01
9.3165e-01
8.1469e-01
9.5179e-01
7.1908e-01
9.1211e-01
9.8145e-01
7.3957e-01
8.7219e-01
7.0979e-01
6.6550e-01
7.1111e-01
6.4599e-01
7.0865e-01
6.9611e-01
6.0789e-01
8.8098e-01
7.3906e-01
8.8315e-01
8.8851e-01
7.0906e-01
6.3272e-01
6.1086e-01
7.1267e-01
6.0123e-01
7.8651e-01
6.3407e-01
8.9297e-01
9.9861e-01
9.4766e-01
7.4472e-01
9.9730e-01
8.1553e-01
6.8455e-01
9.5590e-01
6.0269e-01
8.9460e-01
8.0413e-01
8.4321e-01
9.1304e-01
9.0601e-01
9.1494e-01
8.7836e-01
7.7176e-01
6.4320e-01
9.6550e-01
7.4183e-01
7.5928e-01
8.8567e-01
8.3897e-01
7.2798e-01
9.0634e-01
8.5215e-01
8.2060e-01
7.7895e-01
9.0123e-01
8.6781e-01
6.3240e-01
6.0886e-01
8.2187e-01
6.5396e-01
9.0162e-01
7.4095e-01
7.6631e-01
9.7746e-01
9.1013e-01
9.0155e-01
6.0710e-01
7.0417e-01
8.2426e-01
9.2702e-01
9.7343e-01
8.2291e-01
7.7904e-01
9.7060e-01
9.9611e-01
7.0243e-01
8.9572e-01
6.4672e-01
7.4294e-01
7.1485e-01
8.1129e-01
6.2180e-01
8.2908e-01
7.4268e-01
7.6573e-01
7.0498e-01
9.4064e-01
7.1213e-01
9.5104e-01
8.9730e-01
9.3191e-01
6.1114e-01
9.0654e-01
8.3368e-01
6.7006e-01
9.6043e-01
6.1270e-01
8.7677e-01
6.9175e-01
9.5091e-01
9.0101e-01
8.6115e-01
7.7157e-01
6.1881e-01
6.1939e-01
7.1095e-01
9.5221e-01
6.4232e-01
8.6037e-01
7.6452e-01
7.8340e-01
9.7710e-01
8.3210e-01
8.7552e-01
9.6814e-01
8.4803e-01
7.8385e-01
7.2561e-01
9.3284e-01
8.7962e-01
8.6341e-01
9.7530e-01
7.3111e-01
6.0843e-01
8.3964e-01
8.4503e-01
6.1403e-01
9.9428e-01
6.0749e-01
9.7841e-01
8.2631e-01
9.8953e-01
8.7311e-01
9.5987e-01
6.0147e-01
8.8323e-01
8.3450e-01
8.0492e-01
8.5596e-01
8.4777e-01
6.0202e-01
6.7341e-01
6.2211e-01
6.0258e-01
7.6926e-01
7.8402e-01
6.1930e-01
8.8421e-01
8.3524e-01
9.3781e-01
8.7845e-01
7.3592e-01
7.3284e-01
7.7804e-01
6.7219e-01
6.5514e-01
8.8069e-01
7.3507e-01
8.9149e-01
8.0393e-01
8.8564e-01
8.2284e-01
8.1800e-01
9.1898e-01
9.7429e-01
7.7205e-01
9.3119e-01
8.5393e-01
7.9613e-01
8.4634e-01
7.0006e-01
7.6656e-01
8.8728e-01
6.8504e-01
7.1733e-01
6.1497e-01
8.9404e-01
9.5275e-01
9.5409e-01
8.0845e-01
7.6651e-01
9.3797e-01
6.0193e-01
9.9939e-01
9.1202e-01
9.5892e-01
8.2324e-01
9.4406e-01
8.9969e-01
7.7959e-01
9.4815e-01
8.5704e-01
7.9168e-01
8.4483e-01
9.1901e-01
9.4955e-01
6.7941e-01
8.3613e-01
8.3328e-01
7.6433e-01
6.4090e-01
7.9383e-01
6.3874e-01
7.5962e-01
8.5773e-01
7.8906e-01
6.1132e-01
8.2820e-01
6.2196e-01
7.5421e-01
7.5992e-01
9.7848e-01
7.0589e-01
9.8693e-01
8.0028e-01
7.4039e-01
8.0032e-01
9.8973e-01
6.0540e-01
6.2728e-01
9.0828e-01
9.8079e-01
9.0861e-01
6.3708e-01
7.4849e-01
7.5039e-01
9.8128e-01
7.9997e-01
9.3958e-01
6.2049e-01
7.4920e-01
8.6708e-01
9.2209e-01
8.6640e-01
7.9076e-01
8.7555e-01
6.5593e-01
7.4982e-01
9.5855e-01
9.8523e-01
7.2993e-01
8.1109e-01
9.5533e-01
9.3171e-01
8.7581e-01
7.0523e-01
6.9862e-01
8.6161e-01
9.5602e-01
7.6745e-01
8.8997e-01
8.5929e-01
7.0816e-01
6.4889e-01
7.6409e-01
8.3811e-01
9.8322e-01
9.0976e-01
6.7919e-01
7.8491e-01
9.8812e-01
9.9942e-01
6.5955e-01
7.5280e-01
8.3368e-01
7.3148e-01
9.8256e-01
6.9732e-01
7.6457e-01
8.8578e-01
7.8248e-01
9.3866e-01
6.2008e-01
9.4736e-01
6.8922e-01
8.3241e-01
9.0747e-01
6.8872e-01
6.6428e-01
6.4303e-01
8.6336e-01
7.8379e-01
7.4941e-01
6.8485e-01
6.9933e-01
6.3382e-01
8.0910e-01
9.1578e-01
8.0525e-01
8.8024e-01
7.7243e-01
8.7411e-01
6.9316e-01
9.4351e-01
8.2705e-01
9.6242e-01
9.6118e-01
8.5179e-01
7.9803e-01
9.4680e-01
6.8105e-01
7.2031e-01
6.4371e-01
9.1190e-01
7.2276e-01
8.8985e-01
7.4265e-01
7.7283e-01
7.2982e-01
7.2854e-01
6.8218e-01
9.0824e-01
6.8789e-01
7.8549e-01
6.8562e-01
9.9157e-01
9.2444e-01
8.7700e-01
9.1466e-01
8.1101e-01
6.3604e-01
8.7990e-01
6.2817e-01
7.1378e-01
9.4231e-01
9.1531e-01
9.4601e-01
7.7973e-01
9.3265e-01
6.6662e-01
6.3601e-01
8.9275e-01
9.3359e-01
7.1242e-01
8.5715e-01
7.1017e-01
9.5661e-01
8.3933e-01
9.8527e-01
7.3727e-01
7.1655e-01
8.8550e-01
6.9237e-01
9.8283e-01
9.7717e-01
7.1623e-01
8.9067e-01
8.0075e-01
9.8936e-01
6.3096e-01
7.4619e-01
7.7970e-01
8.9367e-01
7.3295e-01
6.6387e-01
8.5278e-01
8.6554e-01
8.4218e-01
7.0104e-01
8.9557e-01
6.8287e-01
7.1325e-01
8.1453e-01
6.7356e-01
9.5157e-01
6.6028e-01
6.8489e-01
6.2418e-01
6.8641e-01
9.9447e-01
8.8195e-01
6.0211e-01
8.0612e-01
7.8371e-01
7.0718e-01
9.6565e-01
8.2109e-01
9.2925e-01
6.0714e-01
9.2357e-01
9.4228e-01
7.3372e-01
9.9527e-01
9.8527e-01
7.8340e-01
8.3195e-01
7.3824e-01
7.4349e-01
9.3616e-01
7.3430e-01
8.4402e-01
6.5935e-01
8.8385e-01
9.6439e-01
6.3912e-01
9.2564e-01
6.2913e-01
8.6783e-01
6.6569e-01
6.0614e-01
7.6851e-01
6.4577e-01
7.6988e-01
8.5560e-01
9.2632e-01
8.8458e-01
6.6647e-01
7.5866e-01
6.2807e-01
9.8960e-01
8.9188e-01
9.9461e-01
8.9359e-01
7.0539e-01
6.9807e-01
7.2300e-01
7.6923e-01
9.9614e-01
6.4541e-01
9.3762e-01
9.7331e-01
6.3481e-01
7.0528e-01
8.1233e-01
9.4783e-01
8.2050e-01
6.2469e-01
7.5693e-01
6.3867e-01
6.0655e-01
6.0113e-01
8.3903e-01
8.9694e-01
6.0978e-01
8.2401e-01
8.3560e-01
7.0752e-01
9.1214e-01
6.2393e-01
6.1499e-01
6.5990e-01
9.5221e-01
8.5608e-01
7.7084e-01
9.9210e-01
9.0337e-01
7.8406e-01
9.5653e-01
6.3659e-01
8.3881e-01
6.7428e-01
7.6513e-01
6.3751e-01
8.0461e-01
6.3998e-01
7.7023e-01
7.7974e-01
8.1898e-01
9.4796e-01
6.8612e-01
6.0253e-01
8.9636e-01
9.8381e-01
9.0417e-01
9.1244e-01
9.7797e-01
7.4416e-01
7.8917e-01
6.7716e-01
9.6186e-01
8.1860e-01
6.9154e-01
8.8462e-01
7.1514e-01
8.1702e-01
9.0821e-01
8.1197e-01
6.9880e-01
7.2985e-01
8.5291e-01
8.0783e-01
7.7787e-01
8.4157e-01
6.9267e-01
9.5348e-01
7.7245e-01
7.0323e-01
6.8815e-01
7.0821e-01
8.3875e-01
7.5377e-01
7.8677e-01
9.9268e-01
9.8776e-01
7.5848e-01
9.0458e-01
6.6272e-01
6.1477e-01
6.6277e-01
9.0655e-01
9.1458e-01
8.9408e-01
8.4360e-01
8.2215e-01
8.2829e-01
8.0898e-01
8.6118e-01
8.4611e-01
7.1723e-01
7.8628e-01
6.4844e-01
6.6882e-01
9.2247e-01
7.7905e-01
8.2095e-01
6.6948e-01
6.9416e-01
6.8475e-01
9.7917e-01
6.7123e-01
9.8992e-01
9.7685e-01
7.0600e-01
9.8194e-01
9.5656e-01
8.1091e-01
9.6607e-01
9.2055e-01
8.3832e-01
9.9682e-01
9.0749e-01
6.4495e-01
9.0538e-01
9.5809e-01
6.9091e-01
6.5826e-01
9.1626e-01
9.7879e-01
8.1935e-01
9.3813e-01
6.2557e-01
8.2389e-01
6.3543e-01
8.7679e-01
7.9049e-01
9.5957e-01
9.7015e-01
8.4907e-01
9.0468e-01
6.9704e-01
6.0226e-01
6.7608e-01
7.1279e-01
8.2063e-01
8.5813e-01
9.3663e-01
8.9140e-01
8.9290e-01
7.5154e-01
9.3925e-01
7.1623e-01
7.8201e-01
8.6348e-01
8.3769e-01
9.4019e-01
7.0000e-01
9.7226e-01
9.4548e-01
8.2079e-01
7.6024e-01
9.9555e-01
7.0809e-01
6.6345e-01
6.6234e-01
8.6870e-01
8.1898e-01
8.6783e-01
8.5898e-01
6.9404e-01
8.3631e-01
7.9306e-01
8.8022e-01
8.1397e-01
6.6424e-01
6.5691e-01
9.0601e-01
7.5964e-01
9.2226e-01
7.9487e-01
7.4939e-01
6.3110e-01
8.3219e-01
8.1155e-01
9.0711e-01
7.3127e-01
8.8990e-01
8.2144e-01
7.9267e-01
9.2791e-01
7.8815e-01
7.2958e-01
7.4041e-01
9.9179e-01
8.2833e-01
9.4209e-01
9.0523e-01
7.0521e-01
8.7447e-01
7.8285e-01
9.4726e-01
7.3536e-01
6.3215e-01
7.0339e-01
7.5798e-01
8.6999e-01
9.0930e-01
7.3139e-01
6.1413e-01
7.1223e-01
8.2943e-01
6.1616e-01
9.7985e-01
8.0225e-01
6.5613e-01
9.2535e-01
7.9899e-01
6.5646e-01
7.0397e-01
8.2715e-01
6.0043e-01
8.0002e-01
9.4478e-01
9.8790e-01
9.6090e-01
8.7048e-01
8.0409e-01
7.2247e-01
7.9989e-01
6.2660e-01
8.7038e-01
9.9353e-01
6.4758e-01
9.4977e-01
9.2462e-01
7.9688e-01
8.1786e-01
6.0294e-01
7.9057e-01
6.2323e-01
6.8177e-01
9.7530e-01
6.9894e-01
7.4014e-01
9.8015e-01
6.8878e-01
8.2811e-01
7.5418e-01
6.0363e-01
6.8703e-01
8.4967e-01
8.0868e-01
7.8406e-01
6.7936e-01
9.6727e-01
7.3605e-01
8.6548e-01
8.3054e-01
6.1945e-01
8.1417e-01
9.5565e-01
9.8473e-01
7.8388e-01
6.3014e-01
9.7380e-01
9.6467e-01
7.2147e-01
9.4871e-01
9.1091e-01
6.6946e-01
9.6228e-01
9.2594e-01
6.7064e-01
6.9772e-01
9.2684e-01
7.7988e-01
8.1706e-01
6.8886e-01
7.9851e-01
8.1527e-01
9.4665e-01
9.8068e-01
8.3102e-01
7.0301e-01
7.7800e-01
9.0926e-01
8.4872e-01
7.5723e-01
7.0334e-01
6.3327e-01
7.6408e-01
9.8843e-01
7.9205e-01
6.2010e-01
7.4333e-01
9.1673e-01
6.4146e-01
6.4437e-01
6.4794e-01
6.3590e-01
8.1697e-01
7.4832e-01
6.2164e-01
9.6605e-01
9.9071e-01
8.9712e-01
8.0260e-01
9.6244e-01
8.6033e-01
7.3160e-01
9.5338e-01
7.0105e-01
7.8317e-01
9.5734e-01
9.8489e-01
6.3493e-01
6.8505e-01
6.3217e-01
8.5475e-01
8.0314e-01
6.4466e-01
8.6723e-01
7.1559e-01
7.5340e-01
8.0228e-01
9.8956e-01
6.4337e-01
7.8861e-01
9.0942e-01
6.7271e-01
6.5533e-01
8.3060e-01
7.8413e-01
7.2216e-01
8.4020e-01
8.9861e-01
9.8227e-01
7.2220e-01
8.2390e-01
6.2677e-01
7.3526e-01
8.1438e-01
6.4891e-01
7.1460e-01
8.7887e-01
7.7459e-01
7.5963e-01
9.1649e-01
8.7893e-01
8.9586e-01
8.9052e-01
8.7316e-01
8.5725e-01
8.4235e-01
8.2551e-01
9.4599e-01
6.9892e-01
6.3236e-01
6.0725e-01
6.5281e-01
7.4627e-01
6.7407e-01
6.1980e-01
7.5204e-01
9.4526e-01
6.5328e-01
6.7333e-01
9.5054e-01
6.8193e-01
9.9159e-01
8.7646e-01
6.8839e-01
9.1540e-01
7.6954e-01
8.2786e-01
7.7542e-01
8.0272e-01
8.9081e-01
8.0982e-01
9.4466e-01
9.4258e-01
8.5208e-01
8.9125e-01
6.1135e-01
9.9758e-01
7.2537e-01
6.0861e-01
6.1488e-01
7.3296e-01
7.8349e-01
9.3817e-01
6.2466e-01
8.4904e-01
6.7387e-01
8.4525e-01
7.1566e-01
6.4553e-01
7.1869e-01
9.7231e-01
6.6773e-01
7.2842e-01
7.7956e-01
9.6995e-01
7.8303e-01
7.1264e-01
6.6276e-01
9.1878e-01
6.2995e-01
9.3516e-01
9.1245e-01
7.3989e-01
7.1535e-01
6.0224e-01
7.1083e-01
6.7202e-01
6.3321e-01
7.1611e-01
8.5000e-01
7.3060e-01
9.8652e-01
8.1021e-01
9.4465e-01
6.3491e-01
9.9094e-01
9.7959e-01
7.3093e-01
6.8107e-01
9.2369e-01
8.4489e-01
6.5016e-01
6.6792e-01
8.3845e-01
7.1758e-01
9.2591e-01
9.4045e-01
8.4704e-01
7.4946e-01
9.3643e-01
6.8192e-01
7.8917e-01
7.5828e-01
9.5761e-01
9.2034e-01
9.4993e-01
9.5551e-01
6.6585e-01
6.6989e-01
6.3065e-01
9.5623e-01
8.2910e-01
6.0787e-01
9.2591e-01
6.7451e-01
7.1890e-01
7.3552e-01
6.4950e-01
7.4382e-01
6.0323e-01
6.7056e-01
7.7452e-01
6.8746e-01
8.9679e-01
8.3654e-01
8.1023e-01
9.5388e-01
7.1725e-01
8.3463e-01
6.3102e-01
6.4370e-01
9.1219e-01
7.7615e-01
8.2461e-01
6.6147e-01
8.0823e-01
7.5837e-01
7.0588e-01
6.6384e-01
8.9335e-01
8.9314e-01
8.4607e-01
9.3703e-01
9.4295e-01
9.2502e-01
8.3677e-01
8.0111e-01
6.9960e-01
6.1905e-01
6.9693e-01
9.3615e-01
8.6213e-01
7.6042e-01
7.4574e-01
6.5571e-01
9.1114e-01
7.7358e-01
8.0748e-01
7.5729e-01
9.4763e-01
7.1769e-01
7.6718e-01
9.0850e-01
9.8517e-01
7.1647e-01
9.5497e-01
6.3743e-01
7.8846e-01
6.2703e-01
7.2358e-01
6.6364e-01
7.7797e-01
8.0799e-01
8.5753e-01
9.0642e-01
8.3456e-01
9.8666e-01
6.8055e-01
7.7496e-01
8.7075e-01
7.7299e-01
9.6731e-01
6.5122e-01
8.7889e-01
6.0204e-01
9.3574e-01
7.8307e-01
9.4948e-01
6.5767e-01
9.5348e-01
7.7604e-01
7.8398e-01
8.3707e-01
6.2122e-01
7.9379e-01
7.5063e-01
7.6069e-01
9.6828e-01
9.4736e-01
6.7320e-01
6.8943e-01
6.9806e-01
7.0406e-01
6.9816e-01
8.8750e-01
9.2792e-01
7.1648e-01
6.9754e-01
9.7938e-01
6.5263e-01
6.2319e-01
8.0552e-01
7.7908e-01
8.7000e-01
7.8852e-01
6.6856e-01
8.9876e-01
9.9298e-01
8.1160e-01
6.7216e-01
8.2913e-01
9.3607e-01
9.8617e-01
8.4547e-01
7.9436e-01
9.2952e-01
9.4953e-01
7.2049e-01
6.8416e-01
9.5483e-01
9.2332e-01
8.7898e-01
8.9713e-01
7.3274e-01
8.7008e-01
7.6029e-01
9.1238e-01
9.5632e-01
6.8109e-01
8.1699e-01
7.7610e-01
9.5779e-01
9.0462e-01
7.5407e-01
6.2301e-01
9.3151e-01
6.9408e-01
6.9563e-01
9.8018e-01
8.8006e-01
7.8295e-01
6.7952e-01
7.2659e-01
6.4485e-01
9.7078e-01
8.8742e-01
6.1902e-01
7.3037e-01
6.5859e-01
7.0871e-01
6.6648e-01
6.4745e-01
8.8874e-01
6.5166e-01
8.1341e-01
6.8313e-01
8.6404e-01
8.8183e-01
7.9580e-01
9.5692e-01
7.5152e-01
6.9461e-01
8.9661e-01
6.5407e-01
8.6639e-01
6.4099e-01
9.9405e-01
7.8573e-01
8.0714e-01
7.4452e-01
6.9887e-01
9.4331e-01
9.4620e-01
8.8452e-01
6.2209e-01
9.3072e-01
8.4775e-01
9.0864e-01
7.7519e-01
8.3654e-01
7.6221e-01
9.1484e-01
6.1878e-01
8.8410e-01
9.8896e-01
6.7823e-01
8.6702e-01
7.2496e-01
9.2655e-01
7.9070e-01
7.1652e-01
6.4932e-01
9.6733e-01
7.3530e-01
7.5410e-01
6.5382e-01
8.1834e-01
7.3099e-01
9.6177e-01
7.0141e-01
7.7937e-01
9.5683e-01
8.0458e-01
8.8787e-01
9.8426e-01
8.7499e-01
6.2108e-01
7.8647e-01
9.2335e-01
6.3257e-01
7.7551e-01
9.6450e-01
7.9701e-01
6.2543e-01
7.0631e-01
7.1545e-01
7.6360e-01
9.1650e-01
8.2166e-01
8.4273e-01
8.0135e-01
7.7665e-01
7.0772e-01
6.7302e-01
9.6311e-01
8.0677e-01
8.0585e-01
8.7641e-01
9.2530e-01
7.6695e-01
8.1223e-01
6.8960e-01
6.4841e-01
7.5084e-01
7.9275e-01
9.1288e-01
9.0273e-01
9.0275e-01
9.1958e-01
8.9689e-01
7.6305e-01
6.9682e-01
6.6215e-01
8.7222e-01
9.5584e-01
8.8294e-01
6.4071e-01
9.6295e-01
7.1300e-01
8.0353e-01
8.8476e-01
9.5961e-01
6.5863e-01
6.5902e-01
8.9211e-01
6.9294e-01
8.0816e-01
9.3770e-01
8.0624e-01
6.2335e-01
7.1335e-01
6.7206e-01
6.6165e-01
7.0524e-01
7.9403e-01
9.1852e-01
8.7946e-01
9.8815e-01
8.1774e-01
6.8879e-01
9.8199e-01
6.4212e-01
6.1429e-01
8.2736e-01
6.8654e-01
8.1372e-01
7.1793e-01
8.0328e-01
6.2505e-01
6.6216e-01
6.5335e-01
8.1101e-01
6.3743e-01
6.9234e-01
7.1242e-01
6.0129e-01
7.2845e-01
7.0989e-01
8.3657e-01
6.4629e-01
9.9861e-01
8.4258e-01
8.1367e-01
7.2443e-01
6.7510e-01
8.6210e-01
6.0913e-01
7.8107e-01
7.1814e-01
7.7771e-01
7.6214e-01
7.5329e-01
7.5928e-01
6.2705e-01
9.0382e-01
8.4370e-01
6.9947e-01
6.8619e-01
7.9103e-01
8.1155e-01
8.1277e-01
7.0315e-01
8.8359e-01
7.0071e-01
7.2740e-01
8.1909e-01
8.8303e-01
8.5578e-01
8.8798e-01
9.4827e-01
9.2461e-01
6.5560e-01
6.4288e-01
7.3656e-01
8.4604e-01
6.9776e-01
8.2400e-01
9.5835e-01
8.7842e-01
8.1045e-01
9.2411e-01
6.8594e-01
6.8230e-01
9.2127e-01
7.7597e-01
8.0559e-01
7.0003e-01
6.0615e-01
6.4916e-01
7.9653e-01
7.3369e-01
7.0113e-01
6.3953e-01
9.0600e-01
8.1455e-01
8.1415e-01
6.3052e-01
6.6964e-01
8.8900e-01
9.0020e-01
7.2974e-01
8.8962e-01
7.6022e-01
9.9940e-01
9.2668e-01
7.1233e-01
8.2148e-01
6.3235e-01
8.5644e-01
9.9377e-01
7.9928e-01
8.1856e-01
9.5376e-01
6.5111e-01
8.0354e-01
8.6532e-01
8.9592e-01
8.0292e-01
6.7059e-01
6.2140e-01
7.3093e-01
9.1086e-01
9.1276e-01
7.9427e-01
9.0792e-01
8.5369e-01
6.8201e-01
9.7632e-01
6.3478e-01
7.2622e-01
8.5315e-01
8.5219e-01
9.7713e-01
9.1637e-01
7.6786e-01
6.1975e-01
7.2106e-01
8.0513e-01
9.1493e-01
7.5089e-01
7.4786e-01
7.3853e-01
9.0091e-01
9.3762e-01
8.9534e-01
8.8279e-01
9.9291e-01
8.5700e-01
8.1898e-01
9.6270e-01
7.3328e-01
9.8684e-01
9.3192e-01
6.7543e-01
6.6909e-01
8.6325e-01
9.6129e-01
6.3926e-01
7.7595e-01
8.5733e-01
6.7063e-01
9.7539e-01
7.4961e-01
6.8423e-01
7.8695e-01
6.9348e-01
6.3068e-01
8.1740e-01
8.6970e-01
6.3813e-01
8.8599e-01
9.0372e-01
6.0473e-01
7.8524e-01
9.8597e-01
6.2969e-01
9.6949e-01
7.1484e-01
7.1137e-01
8.8993e-01
7.4639e-01
9.4286e-01
6.6385e-01
9.7702e-01
8.0734e-01
6.7256e-01
7.9935e-01
7.7774e-01
7.4004e-01
9.9990e-01
7.8429e-01
9.9568e-01
9.9453e-01
8.0513e-01
8.6099e-01
9.7266e-01
8.2659e-01
9.2910e-01
8.2367e-01
7.0561e-01
8.5760e-01
9.4086e-01
7.8861e-01
7.1670e-01
6.5294e-01
6.8295e-01
8.1145e-01
8.8723e-01
8.4588e-01
6.6720e-01
6.1359e-01
6.7341e-01
8.1511e-01
9.8100e-01
6.4054e-01
9.3733e-01
9.2801e-01
6.5174e-01
8.7763e-01
8.6754e-01
7.1383e-01
9.8728e-01
7.9844e-01
6.0855e-01
6.8120e-01
6.3824e-01
8.3714e-01
9.7609e-01
9.2247e-01
8.5800e-01
8.9970e-01
9.8265e-01
7.1335e-01
6.2705e-01
9.0700e-01
9.8597e-01
8.7324e-01
9.4666e-01
9.6290e-01
7.2257e-01
8.4515e-01
8.9037e-01
9.9642e-01
7.2813e-01
8.8511e-01
8.2836e-01
6.9461e-01
9.9323e-01
7.3201e-01
7.9305e-01
8.2289e-01
7.5982e-01
8.0178e-01
7.9471e-01
9.4135e-01
8.8895e-01
9.6714e-01
7.9792e-01
7.0790e-01
6.7608e-01
8.1291e-01
6.1676e-01
8.0311e-01
7.1528e-01
6.8812e-01
8.2180e-01
7.5849e-01
7.6850e-01
8.4243e-01
8.9832e-01
9.2434e-01
7.1641e-01
8.0072e-01
6.7127e-01
6.6314e-01
7.4107e-01
9.2398e-01
6.4104e-01
8.7154e-01
8.7446e-01
9.1843e-01
6.5787e-01
8.5828e-01
8.7189e-01
9.4951e-01
8.5089e-01
8.8608e-01
7.5699e-01
7.8664e-01
9.5522e-01
8.9663e-01
8.6838e-01
9.9808e-01
9.0186e-01
8.1196e-01
9.8621e-01
8.2541e-01
7.9968e-01
9.6870e-01
7.3979e-01
8.1149e-01
9.6912e-01
7.9442e-01
8.0063e-01
7.8045e-01
7.6189e-01
8.3232e-01
7.4858e-01
7.4978e-01
9.3625e-01
7.1039e-01
6.5952e-01
9.2654e-01
6.3069e-01
7.6880e-01
7.0083e-01
6.3664e-01
6.2908e-01
6.6155e-01
9.9304e-01
6.4518e-01
7.3370e-01
7.1375e-01
8.6864e-01
7.1877e-01
6.8902e-01
9.7888e-01
8.7910e-01
8.1506e-01
7.5607e-01
6.9342e-01
8.2848e-01
8.2479e-01
6.6619e-01
8.0500e-01
8.6491e-01
9.2151e-01
8.9479e-01
6.4380e-01
9.0071e-01
6.9221e-01
7.5528e-01
7.1894e-01
9.0444e-01
6.2934e-01
9.8261e-01
8.8965e-01
6.3976e-01
7.2958e-01
9.1986e-01
8.2683e-01
8.8399e-01
8.5681e-01
6.6567e-01
7.5902e-01
6.7985e-01
7.7541e-01
9.2679e-01
7.3422e-01
7.1091e-01
8.3936e-01
6.8530e-01
8.5443e-01
7.7947e-01
8.1895e-01
7.5495e-01
9.8788e-01
9.4814e-01
8.9697e-01
7.0200e-01
9.3953e-01
9.7225e-01
8.1088e-01
9.7392e-01
7.3986e-01
7.2592e-01
8.6895e-01
7.3176e-01
9.9615e-01
8.1537e-01
8.4880e-01
7.5924e-01
8.5473e-01
7.4648e-01
8.3463e-01
6.3070e-01
7.4602e-01
7.8504e-01
6.1942e-01
7.3765e-01
7.9857e-01
6.4718e-01
9.1776e-01
6.4568e-01
8.8892e-01
9.2215e-01
8.1089e-01
7.1739e-01
6.4838e-01
6.2443e-01
8.0396e-01
6.3585e-01
7.9422e-01
6.1747e-01
7.4181e-01
9.6176e-01
6.6843e-01
6.9857e-01
9.0563e-01
7.9821e-01
6.2119e-01
9.4441e-01
7.4644e-01
8.2545e-01
6.2392e-01
8.1930e-01
7.8652e-01
9.6084e-01
8.7471e-01
8.4863e-01
9.8602e-01
8.1107e-01
7.9165e-01
8.5842e-01
9.2612e-01
9.3469e-01
9.2584e-01
7.1053e-01
8.3206e-01
6.2501e-01
8.3083e-01
7.9076e-01
6.5093e-01
7.7491e-01
6.2393e-01
8.6634e-01
8.9291e-01
7.0398e-01
9.1017e-01
7.6616e-01
9.8844e-01
7.6298e-01
6.0324e-01
7.6993e-01
6.8190e-01
7.5156e-01
8.2113e-01
8.4059e-01
8.7038e-01
6.4859e-01
9.6569e-01
8.2779e-01
6.4106e-01
6.8757e-01
7.2971e-01
7.6416e-01
7.1447e-01
7.3015e-01
7.0760e-01
6.6004e-01
7.6626e-01
8.9676e-01
8.6726e-01
7.6374e-01
6.1761e-01
8.4990e-01
7.2156e-01
7.3209e-01
6.2880e-01
9.9901e-01
8.8280e-01
7.8782e-01
8.5322e-01
6.3968e-01
6.3393e-01
7.6523e-01
9.0842e-01
7.3557e-01
8.6721e-01
9.4492e-01
7.6512e-01
6.1855e-01
9.8092e-01
7.9503e-01
6.4651e-01
8.3259e-01
8.6185e-01
6.8843e-01
9.2680e-01
9.9045e-01
7.4375e-01
7.3841e-01
7.7731e-01
9.0001e-01
8.8398e-01
9.7502e-01
6.1229e-01
9.6918e-01
8.4170e-01
6.0481e-01
6.3273e-01
7.2434e-01
9.6150e-01
9.2150e-01
6.2896e-01
7.4130e-01
6.6498e-01
6.0739e-01
6.5302e-01
7.7577e-01
7.8622e-01
7.1322e-01
8.7104e-01
7.8713e-01
8.6930e-01
7.6183e-01
7.4539e-01
6.8026e-01
7.8838e-01
6.7981e-01
6.5674e-01
8.2036e-01
7.5707e-01
6.5736e-01
6.4340e-01
8.0773e-01
6.6856e-01
9.0188e-01
6.5132e-01
6.8089e-01
9.0675e-01
8.6339e-01
7.3897e-01
7.6374e-01
7.7484e-01
9.7133e-01
7.6233e-01
8.2826e-01
9.2537e-01
8.0927e-01
9.8791e-01
9.1106e-01
9.1792e-01
8.6792e-01
8.0310e-01
6.0841e-01
8.1965e-01
9.2785e-01
9.7174e-01
8.6054e-01
7.0739e-01
9.4628e-01
7.1577e-01
7.6992e-01
8.4069e-01
6.4206e-01
7.0365e-01
9.0967e-01
8.7859e-01
6.4515e-01
8.3386e-01
8.7136e-01
8.2439e-01
8.0737e-01
9.2233e-01
9.1617e-01
6.5833e-01
7.1005e-01
8.2116e-01
6.7899e-01
8.6641e-01
6.7569e-01
8.3475e-01
7.8350e-01
7.4946e-01
7.1138e-01
8.0716e-01
8.1709e-01
6.3297e-01
8.9827e-01
7.8285e-01
6.9819e-01
8.3143e-01
9.2098e-01
7.7963e-01
8.8433e-01
6.1649e-01
8.9366e-01
9.4966e-01
9.7758e-01
8.6093e-01
7.7511e-01
6.2997e-01
9.4043e-01
8.8113e-01
6.5537e-01
6.6563e-01
7.3285e-01
6.5803e-01
9.6163e-01
7.6615e-01
6.7729e-01
9.6657e-01
6.7484e-01
7.4194e-01
7.5892e-01
8.7706e-01
6.1289e-01
9.7026e-01
6.0474e-01
6.9921e-01
7.8028e-01
9.3912e-01
9.5323e-01
8.0232e-01
7.4210e-01
6.4304e-01
9.8551e-01
8.4537e-01
7.7626e-01
6.9553e-01
6.6273e-01
7.5813e-01
6.0140e-01
9.9668e-01
7.6550e-01
7.7220e-01
9.7076e-01
7.8243e-01
9.2016e-01
7.7597e-01
9.4574e-01
6.4331e-01
9.3076e-01
9.1568e-01
9.3209e-01
6.8996e-01
9.4589e-01
6.7194e-01
8.2466e-01
6.9148e-01
7.9926e-01
9.8103e-01
6.8698e-01
6.9798e-01
7.9193e-01
7.7898e-01
8.8275e-01
8.7386e-01
7.7669e-01
7.8738e-01
7.1803e-01
9.6634e-01
9.7080e-01
8.7154e-01
6.0940e-01
9.1726e-01
9.0074e-01
7.5884e-01
9.8081e-01
7.2506e-01
6.3090e-01
7.0282e-01
7.5638e-01
9.0142e-01
9.9815e-01
8.2420e-01
8.6896e-01
8.6341e-01
9.3989e-01
8.4705e-01
6.0790e-01
8.1866e-01
9.6950e-01
8.4383e-01
8.5510e-01
8.6263e-01
6.6368e-01
6.0848e-01
7.9190e-01
6.3942e-01
9.1109e-01
8.6839e-01
7.3142e-01
9.3801e-01
6.3012e-01
7.6963e-01
6.9573e-01
8.6434e-01
9.8069e-01
6.4642e-01
7.1711e-01
9.0188e-01
7.9443e-01
9.9650e-01
6.5007e-01
6.7381e-01
9.1168e-01
7.2862e-01
7.1510e-01
9.6136e-01
6.7855e-01
8.1757e-01
9.8678e-01
8.2196e-01
6.0126e-01
9.3565e-01
8.9702e-01
6.7639e-01
6.5802e-01
7.3244e-01
7.7293e-01
8.6833e-01
7.4278e-01
9.4134e-01
7.0999e-01
6.1224e-01
8.3398e-01
7.2502e-01
9.5149e-01
8.2057e-01
7.9004e-01
8.6909e-01
9.9618e-01
6.7026e-01
8.1741e-01
9.1238e-01
6.1767e-01
9.2126e-01
7.4908e-01
8.5058e-01
8.8968e-01
8.5219e-01
6.0682e-01
8.3875e-01
8.5948e-01
8.0517e-01
6.7435e-01
9.4560e-01
6.3138e-01
9.1812e-01
6.6126e-01
7.2824e-01
8.9988e-01
9.3875e-01
6.4584e-01
6.9330e-01
9.3280e-01
9.9018e-01
9.9305e-01
9.6075e-01
9.3081e-01
6.6492e-01
9.1367e-01
7.5553e-01
6.1537e-01
8.9231e-01
9.5528e-01
7.6910e-01
9.8419e-01
6.3829e-01
7.2651e-01
9.7878e-01
6.7320e-01
6.1915e-01
8.3334e-01
6.0705e-01
8.1540e-01
7.0632e-01
8.8702e-01
9.8220e-01
9.2332e-01
6.1371e-01
6.2972e-01
7.2992e-01
7.6704e-01
8.5180e-01
9.0827e-01
9.6373e-01
7.8587e-01
7.5079e-01
6.3582e-01
9.1402e-01
8.5359e-01
8.1151e-01
7.6076e-01
7.3828e-01
6.6389e-01
9.6893e-01
6.8698e-01
9.3533e-01
9.7499e-01
6.0477e-01
7.7161e-01
6.6968e-01
7.9990e-01
9.5800e-01
8.1616e-01
9.6963e-01
8.7777e-01
7.1371e-01
6.2117e-01
8.7846e-01
7.8223e-01
6.4794e-01
8.7264e-01
7.2994e-01
7.7842e-01
7.0522e-01
8.5726e-01
7.5810e-01
8.5988e-01
8.3034e-01
8.4121e-01
6.2485e-01
9.7412e-01
7.6001e-01
9.5713e-01
7.2453e-01
9.8981e-01
8.5100e-01
6.2757e-01
8.0264e-01
8.0067e-01
7.3407e-01
9.5565e-01
6.4948e-01
6.7056e-01
9.3542e-01
8.7199e-01
7.1286e-01
7.6019e-01
9.4608e-01
8.1241e-01
7.8114e-01
9.9040e-01
6.6804e-01
9.8125e-01
9.9508e-01
6.5189e-01
6.3524e-01
6.7304e-01
7.0639e-01
6.8217e-01
9.0203e-01
7.1041e-01
8.1846e-01
9.1060e-01
6.6688e-01
6.5075e-01
8.0017e-01
7.9683e-01
7.4726e-01
7.5834e-01
8.5022e-01
6.3696e-01
8.8810e-01
9.5095e-01
9.8603e-01
8.6664e-01
6.8965e-01
7.1698e-01
9.3174e-01
6.2380e-01
8.4226e-01
8.7090e-01
9.8201e-01
7.6968e-01
8.1105e-01
6.3458e-01
8.2648e-01
6.8638e-01
8.7255e-01
7.4722e-01
9.7704e-01
7.8648e-01
9.2187e-01
9.5044e-01
6.6972e-01
6.9580e-01
7.0724e-01
7.1190e-01
8.0342e-01
9.2168e-01
6.4886e-01
8.9212e-01
9.8338e-01
6.0311e-01
9.4996e-01
8.1353e-01
9.3880e-01
7.9354e-01
7.8973e-01
9.8387e-01
7.3630e-01
6.1119e-01
9.4524e-01
9.0774e-01
6.1197e-01
6.9197e-01
6.9366e-01
9.9060e-01
6.9342e-01
9.7420e-01
6.7783e-01
7.8989e-01
7.9221e-01
8.6711e-01
9.4902e-01
7.1988e-01
6.6483e-01
7.5090e-01
8.0075e-01
8.7353e-01
8.7398e-01
7.9524e-01
9.6327e-01
7.5141e-01
7.6144e-01
8.8298e-01
8.9820e-01
8.1464e-01
6.4647e-01
6.1678e-01
6.9503e-01
6.4932e-01
8.5499e-01
8.2850e-01
8.7733e-01
6.1855e-01
8.4819e-01
9.3214e-01
9.6461e-01
7.5544e-01
9.8914e-01
6.0653e-01
9.9742e-01
7.4654e-01
7.5953e-01
9.6058e-01
9.0695e-01
7.6605e-01
9.9358e-01
6.6333e-01
9.1314e-01
6.5223e-01
9.7754e-01
9.5577e-01
8.7982e-01
6.9727e-01
9.5881e-01
7.0729e-01
9.0180e-01
8.0030e-01
6.5579e-01
9.7549e-01
8.6934e-01
7.7272e-01
9.3447e-01
8.4919e-01
7.9719e-01
6.8101e-01
8.3273e-01
9.0058e-01
6.0797e-01
6.5288e-01
8.9926e-01
7.1813e-01
8.9588e-01
8.3387e-01
9.1298e-01
8.1453e-01
6.6541e-01
9.4817e-01
7.5086e-01
8.6131e-01
9.6574e-01
7.2769e-01
7.3015e-01
9.5965e-01
9.7638e-01
9.4837e-01
9.3304e-01
9.2601e-01
9.9708e-01
8.7313e-01
8.6450e-01
7.0776e-01
9.0693e-01
9.8532e-01
7.4979e-01
7.7880e-01
6.2984e-01
8.6868e-01
7.9553e-01
7.1637e-01
7.0126e-01
7.0773e-01
8.8809e-01
9.9972e-01
8.7139e-01
6.6728e-01
9.7197e-01
6.5648e-01
8.8397e-01
6.9620e-01
9.4906e-01
7.4217e-01
6.8344e-01
6.0613e-01
8.2129e-01
6.6390e-01
6.4602e-01
9.9538e-01
9.1763e-01
6.4172e-01
9.9603e-01
6.5985e-01
7.4196e-01
7.1457e-01
6.1924e-01
7.5534e-01
9.6549e-01
9.2982e-01
6.6634e-01
8.6220e-01
8.1736e-01
7.2712e-01
8.9291e-01
9.5512e-01
8.5473e-01
9.7234e-01
6.2671e-01
8.8799e-01
7.0279e-01
7.1035e-01
8.0512e-01
9.5810e-01
7.6354e-01
6.2073e-01
7.5038e-01
9.8763e-01
6.7953e-01
9.2448e-01
9.8036e-01
6.1165e-01
8.4382e-01
6.6483e-01
9.2993e-01
8.9439e-01
7.5411e-01
9.7474e-01
7.8472e-01
9.9853e-01
9.2186e-01
8.5013e-01
6.6819e-01
9.5002e-01
9.1748e-01
6.5129e-01
8.6375e-01
7.0026e-01
6.6353e-01
6.7756e-01
9.2597e-01
9.6286e-01
7.2580e-01
7.7002e-01
6.1603e-01
8.0387e-01
9.1687e-01
9.4676e-01
6.8575e-01
9.2017e-01
9.8616e-01
8.1295e-01
6.0668e-01
9.7773e-01
9.3065e-01
7.6307e-01
9.3876e-01
6.7242e-01
8.1728e-01
8.6555e-01
7.5770e-01
8.7312e-01
8.6482e-01
8.2314e-01
8.1672e-01
9.8426e-01
7.3520e-01
7.8474e-01
9.8416e-01
6.1894e-01
7.7576e-01
6.4449e-01
6.5081e-01
9.4025e-01
6.5799e-01
8.4513e-01
8.1698e-01
6.1045e-01
8.6917e-01
7.6611e-01
8.2334e-01
6.4008e-01
7.2662e-01
8.1872e-01
7.7251e-01
8.9977e-01
6.3174e-01
8.4849e-01
8.9651e-01
9.4494e-01
9.6104e-01
7.0310e-01
6.9494e-01
9.0779e-01
7.8652e-01
6.4557e-01
6.0287e-01
9.4618e-01
8.3126e-01
6.8205e-01
6.1611e-01
8.0410e-01
7.4465e-01
6.3029e-01
8.6773e-01
7.6697e-01
9.0184e-01
6.5406e-01
8.8168e-01
9.3015e-01
7.4529e-01
9.8495e-01
9.1762e-01
8.2156e-01
8.4822e-01
9.2772e-01
9.0059e-01
9.8098e-01
6.6588e-01
8.8510e-01
8.8146e-01
7.4667e-01
6.0041e-01
9.8072e-01
7.6717e-01
8.8371e-01
8.4393e-01
7.1150e-01
6.6728e-01
8.8970e-01
8.4561e-01
6.0288e-01
8.0681e-01
6.2116e-01
7.0610e-01
7.9552e-01
7.0916e-01
7.2236e-01
6.2400e-01
7.0031e-01
8.1433e-01
9.8358e-01
7.5760e-01
7.9102e-01
6.9221e-01
9.4069e-01
8.9534e-01
7.4601e-01
6.7905e-01
9.2644e-01
9.4419e-01
6.1993e-01
7.5319e-01
9.6969e-01
8.0726e-01
9.1118e-01
9.9771e-01
9.8939e-01
8.8501e-01
6.5258e-01
8.9449e-01
6.8634e-01
6.5569e-01
9.0927e-01
6.1687e-01
7.6516e-01
9.7014e-01
9.9536e-01
7.4822e-01
7.9899e-01
9.8416e-01
6.0352e-01
6.6744e-01
9.4434e-01
8.8378e-01
8.9874e-01
8.5008e-01
6.4158e-01
9.1239e-01
7.0055e-01
8.2583e-01
6.9976e-01
7.9311e-01
6.6243e-01
9.7345e-01
6.6341e-01
6.3255e-01
8.5330e-01
7.7702e-01
8.4394e-01
7.1496e-01
9.2474e-01
6.7196e-01
9.8272e-01
7.8314e-01
9.5804e-01
6.8032e-01
8.7540e-01
8.7251e-01
9.9791e-01
9.1483e-01
7.5576e-01
8.3392e-01
6.7257e-01
8.0631e-01
9.6308e-01
7.3781e-01
6.6260e-01
7.6932e-01
6.9952e-01
7.3121e-01
6.7277e-01
8.5713e-01
9.7271e-01
9.0036e-01
7.7204e-01
8.0626e-01
9.8574e-01
8.9834e-01
7.6898e-01
9.0186e-01
7.2001e-01
6.6345e-01
8.3849e-01
8.2344e-01
6.2240e-01
9.4375e-01
7.5424e-01
7.5965e-01
8.6447e-01
9.4356e-01
8.1909e-01
9.6852e-01
6.8558e-01
6.7174e-01
8.2842e-01
9.3211e-01
9.1448e-01
7.0189e-01
6.3334e-01
8.4399e-01
6.5002e-01
7.1984e-01
8.7084e-01
6.7948e-01
6.0488e-01
7.2010e-01
8.7636e-01
9.0086e-01
9.0769e-01
7.2637e-01
6.5131e-01
6.3677e-01
6.3875e-01
7.1262e-01
8.4756e-01
8.1070e-01
8.4559e-01
8.9292e-01
7.0486e-01
7.9096e-01
9.6719e-01
8.3268e-01
7.5778e-01
7.7981e-01
8.9219e-01
9.1706e-01
9.4744e-01
6.0418e-01
8.3366e-01
6.4474e-01
9.4401e-01
7.7661e-01
6.8143e-01
9.9877e-01
6.1165e-01
9.9842e-01
6.6100e-01
6.9723e-01
6.9425e-01
9.7135e-01
9.0708e-01
7.9646e-01
8.2786e-01
9.7265e-01
9.6595e-01
9.8588e-01
9.4208e-01
8.3440e-01
8.5203e-01
6.3063e-01
9.9933e-01
9.1806e-01
8.8116e-01
8.0745e-01
9.9014e-01
7.0061e-01
7.8872e-01
6.5923e-01
9.9903e-01
7.2957e-01
8.8590e-01
8.2838e-01
6.2842e-01
8.9365e-01
6.9851e-01
6.1712e-01
9.3707e-01
7.1807e-01
7.9877e-01
7.9049e-01
9.1040e-01
8.3362e-01
7.7502e-01
8.2092e-01
7.6549e-01
9.7132e-01
8.8236e-01
6.8386e-01
6.5585e-01
7.0216e-01
7.2475e-01
7.1284e-01
9.6475e-01
9.1977e-01
7.7200e-01
7.7321e-01
7.5344e-01
7.5540e-01
9.8470e-01
6.9890e-01
6.9649e-01
6.8674e-01
7.2522e-01
8.2402e-01
8.6987e-01
6.0192e-01
9.0810e-01
9.7767e-01
6.9248e-01
8.7180e-01
8.6358e-01
9.6678e-01
6.5377e-01
6.3454e-01
9.0842e-01
8.0329e-01
7.8968e-01
9.3199e-01
6.5442e-01
9.5122e-01
6.1431e-01
6.9145e-01
8.4773e-01
8.4637e-01
6.9796e-01
8.3251e-01
6.0852e-01
7.6197e-01
9.5811e-01
8.7751e-01
8.6412e-01
8.8069e-01
6.0155e-01
7.0051e-01
6.3878e-01
7.0831e-01
9.5245e-01
6.3189e-01
6.9639e-01
9.1552e-01
8.5935e-01
9.0252e-01
7.9221e-01
6.2810e-01
8.3379e-01
8.5555e-01
7.0595e-01
9.8405e-01
9.9983e-01
7.4178e-01
6.6810e-01
8.0170e-01
9.6943e-01
6.3973e-01
8.0692e-01
7.5225e-01
9.0051e-01
9.0175e-01
7.0459e-01
8.8890e-01
7.2209e-01
7.8856e-01
6.2566e-01
8.0255e-01
9.4459e-01
6.5768e-01
7.9054e-01
9.9716e-01
6.0820e-01
8.9357e-01
7.6460e-01
8.1211e-01
8.4779e-01
7.8551e-01
7.6928e-01
8.2010e-01
6.8634e-01
8.0937e-01
9.4380e-01
9.7520e-01
6.2157e-01
9.6969e-01
8.5230e-01
7.7813e-01
7.6014e-01
9.4794e-01
8.6301e-01
6.5015e-01
8.8308e-01
9.8193e-01
7.9415e-01
8.6482e-01
8.2495e-01
8.7982e-01
6.1727e-01
7.2682e-01
9.0767e-01
7.5265e-01
6.1767e-01
8.8974e-01
8.7509e-01
7.9096e-01
7.7964e-01
9.0779e-01
9.6316e-01
6.4127e-01
6.7144e-01
7.4047e-01
6.6031e-01
8.4590e-01
6.1566e-01
7.9321e-01
7.5355e-01
8.4364e-01
6.7812e-01
7.0889e-01
7.0459e-01
9.2756e-01
7.8460e-01
8.2896e-01
8.9793e-01
9.4732e-01
9.6923e-01
6.0700e-01
9.4631e-01
8.7124e-01
9.8801e-01
7.9110e-01
8.8990e-01
8.0452e-01
7.3993e-01
7.3307e-01
8.0157e-01
6.7813e-01
7.9387e-01
8.3717e-01
7.2426e-01
9.5750e-01
9.9664e-01
8.1877e-01
7.4271e-01
8.6901e-01
6.3985e-01
8.8444e-01
6.3883e-01
8.1883e-01
7.1864e-01
6.9550e-01
9.3682e-01
9.9027e-01
6.3439e-01
7.7363e-01
8.6992e-01
9.3843e-01
7.3724e-01
7.9636e-01
7.6637e-01
9.4110e-01
7.1913e-01
6.7396e-01
9.8780e-01
6.2127e-01
9.7637e-01
8.9236e-01
6.4679e-01
9.1965e-01
6.7462e-01
6.0609e-01
8.6315e-01
6.2374e-01
6.5291e-01
6.3348e-01
9.5429e-01
7.3027e-01
9.7269e-01
8.3236e-01
6.3912e-01
7.9799e-01
9.6291e-01
7.2858e-01
6.7919e-01
9.2651e-01
6.8087e-01
6.1268e-01
7.7649e-01
8.2614e-01
8.6304e-01
9.8272e-01
6.5568e-01
8.6512e-01
9.7303e-01
8.1215e-01
9.5481e-01
6.5150e-01
9.2094e-01
6.5252e-01
8.0661e-01
8.1144e-01
7.8232e-01
8.5138e-01
6.7853e-01
6.8243e-01
6.1606e-01
8.0440e-01
7.1124e-01
9.9980e-01
8.1738e-01
7.9496e-01
6.4350e-01
7.3194e-01
8.9621e-01
6.8903e-01
9.8099e-01
6.9815e-01
6.8511e-01
7.3383e-01
9.8591e-01
6.5914e-01
7.8489e-01
6.5807e-01
8.2708e-01
9.0313e-01
8.5967e-01
9.8384e-01
6.8642e-01
8.7047e-01
7.7212e-01
9.9474e-01
9.3889e-01
6.9345e-01
7.0454e-01
8.6775e-01
9.6145e-01
7.2945e-01
7.9757e-01
7.5891e-01
9.5820e-01
8.4940e-01
6.2625e-01
6.5787e-01
6.2717e-01
6.1964e-01
7.5533e-01
8.6081e-01
7.0235e-01
7.0230e-01
8.8441e-01
6.9273e-01
7.0688e-01
6.7041e-01
7.2987e-01
9.8421e-01
6.8391e-01
8.8621e-01
8.1447e-01
6.7072e-01
7.9264e-01
8.2304e-01
9.8692e-01
9.2303e-01
7.5694e-01
9.9631e-01
7.1263e-01
7.9848e-01
9.1872e-01
6.2567e-01
7.0945e-01
9.3466e-01
9.5470e-01
6.5158e-01
8.5549e-01
6.4417e-01
6.8124e-01
7.3587e-01
9.5458e-01
6.7129e-01
6.5898e-01
6.6458e-01
8.9028e-01
6.3247e-01
6.9443e-01
8.4396e-01
9.8913e-01
9.7352e-01
9.3036e-01
6.4554e-01
9.6589e-01
9.0090e-01
6.3797e-01
8.5585e-01
8.1290e-01
7.9770e-01
7.3667e-01
7.5407e-01
7.7135e-01
9.0856e-01
8.9464e-01
6.1684e-01
7.0256e-01
7.8452e-01
9.0487e-01
8.9123e-01
8.6698e-01
7.4737e-01
8.6185e-01
6.7703e-01
6.3705e-01
9.7869e-01
9.1046e-01
6.9257e-01
9.4261e-01
6.0642e-01
9.9269e-01
9.2006e-01
8.2212e-01
6.7617e-01
9.6148e-01
8.3481e-01
6.1334e-01
7.4983e-01
8.5119e-01
6.6402e-01
8.8962e-01
6.4186e-01
7.3897e-01
7.1679e-01
9.7384e-01
7.9129e-01
9.5407e-01
7.4537e-01
6.9253e-01
8.5919e-01
7.6585e-01
9.4868e-01
8.7097e-01
7.2600e-01
9.1599e-01
7.3665e-01
7.6958e-01
9.1289e-01
8.4739e-01
6.8198e-01
8.1366e-01
7.5319e-01
9.5905e-01
8.9044e-01
8.9897e-01
6.2782e-01
7.6430e-01
9.9973e-01
9.8571e-01
6.9647e-01
9.9049e-01
6.8353e-01
8.8444e-01
8.7464e-01
8.0961e-01
8.0322e-01
9.3564e-01
6.2791e-01
7.6086e-01
7.3406e-01
9.9443e-01
9.1407e-01
8.8449e-01
9.3919e-01
6.5576e-01
7.8654e-01
7.0349e-01
8.3610e-01
8.0797e-01
9.2447e-01
7.5896e-01
7.0638e-01
6.6676e-01
7.0081e-01
9.1674e-01
6.0519e-01
8.2228e-01
9.9169e-01
9.5993e-01
9.3514e-01
6.5001e-01
9.9588e-01
9.3543e-01
8.2800e-01
9.0545e-01
9.5263e-01
7.3733e-01
6.4382e-01
6.8053e-01
7.5583e-01
6.2819e-01
6.8946e-01
8.9336e-01
7.4512e-01
6.0111e-01
9.3069e-01
8.0882e-01
9.1039e-01
8.6100e-01
8.4735e-01
6.2270e-01
7.8460e-01
7.4195e-01
8.4517e-01
7.2833e-01
7.8920e-01
8.9239e-01
8.3476e-01
6.3648e-01
6.5321e-01
9.1321e-01
8.8766e-01
6.1825e-01
6.0287e-01
9.3322e-01
7.2832e-01
9.5275e-01
9.9085e-01
7.4271e-01
9.2394e-01
7.1297e-01
9.2669e-01
7.3314e-01
8.5279e-01
7.4859e-01
7.3261e-01
6.4293e-01
9.4632e-01
9.7463e-01
7.5253e-01
8.4917e-01
6.2632e-01
9.9332e-01
9.0522e-01
8.5433e-01
7.0576e-01
9.9066e-01
9.5249e-01
9.3473e-01
9.7150e-01
9.4093e-01
8.4208e-01
6.1517e-01
7.7493e-01
8.9484e-01
8.0367e-01
7.1474e-01
6.9505e-01
7.4928e-01
8.1353e-01
9.1787e-01
8.3963e-01
9.1614e-01
6.2940e-01
7.3060e-01
9.1189e-01
6.7538e-01
6.1699e-01
9.0225e-01
9.2979e-01
9.5417e-01
8.1533e-01
6.3221e-01
7.1749e-01
6.3530e-01
9.7431e-01
9.2675e-01
7.6697e-01
9.6463e-01
6.5673e-01
9.2032e-01
7.6764e-01
9.3853e-01
7.0264e-01
9.1657e-01
6.0196e-01
7.0258e-01
8.2103e-01
9.7962e-01
7.3609e-01
9.8571e-01
6.9811e-01
7.6130e-01
6.5189e-01
9.5071e-01
6.4213e-01
9.4315e-01
9.6089e-01
8.6888e-01
8.0351e-01
9.5666e-01
8.0908e-01
9.0197e-01
6.8606e-01
7.4194e-01
7.3795e-01
6.2984e-01
6.5844e-01
9.5452e-01
9.1355e-01
9.3279e-01
8.2560e-01
6.4521e-01
8.6328e-01
9.3285e-01
7.9230e-01
7.8143e-01
6.3594e-01
7.5827e-01
7.1293e-01
7.9338e-01
6.0733e-01
9.0080e-01
9.6432e-01
7.7235e-01
7.3022e-01
8.1649e-01
8.4171e-01
9.9492e-01
9.1174e-01
8.2557e-01
8.4581e-01
6.5825e-01
8.4847e-01
7.9640e-01
9.2446e-01
8.9595e-01
8.4253e-01
7.6697e-01
8.3993e-01
6.4589e-01
7.4178e-01
8.4671e-01
8.9933e-01
8.9848e-01
8.1721e-01
9.4443e-01
7.9478e-01
8.4332e-01
7.9612e-01
8.4227e-01
7.2977e-01
6.3152e-01
7.6564e-01
8.0053e-01
7.8108e-01
8.8801e-01
7.1578e-01
7.3859e-01
8.7524e-01
9.1587e-01
8.9491e-01
8.8970e-01
6.2066e-01
8.1835e-01
9.5679e-01
7.5942e-01
9.5151e-01
9.4434e-01
9.4676e-01
9.3780e-01
6.0887e-01
7.6176e-01
7.8503e-01
8.6051e-01
8.8579e-01
9.6889e-01
7.7344e-01
7.5992e-01
8.6446e-01
9.2760e-01
9.6574e-01
6.0266e-01
6.5756e-01
8.7431e-01
8.8211e-01
7.1666e-01
7.2290e-01
6.1246e-01
7.8974e-01
8.5596e-01
9.7903e-01
8.8902e-01
8.8701e-01
8.4246e-01
6.4092e-01
6.6198e-01
6.9815e-01
7.1906e-01
7.1458e-01
6.8286e-01
8.6166e-01
8.7704e-01
6.2250e-01
6.6501e-01
7.4255e-01
6.6955e-01
9.8506e-01
7.2980e-01
8.9872e-01
8.0815e-01
9.1812e-01
6.6937e-01
7.5242e-01
7.5967e-01
9.9289e-01
8.1218e-01
6.7883e-01
7.7670e-01
7.9540e-01
6.7781e-01
9.4280e-01
8.7104e-01
7.7554e-01
7.2688e-01
9.0388e-01
9.7501e-01
8.7713e-01
9.2419e-01
8.3741e-01
9.4217e-01
8.2581e-01
9.3830e-01
9.6180e-01
8.2049e-01
9.8157e-01
7.3120e-01
6.4889e-01
7.3202e-01
6.0719e-01
8.1281e-01
7.9747e-01
7.4222e-01
9.3211e-01
8.3394e-01
9.4203e-01
6.9273e-01
7.0441e-01
7.6284e-01
6.0007e-01
7.2855e-01
6.0063e-01
7.0198e-01
7.9704e-01
8.9267e-01
9.7538e-01
9.0256e-01
9.4381e-01
6.2664e-01
8.8654e-01
6.4950e-01
7.1976e-01
7.8251e-01
8.0570e-01
6.7158e-01
6.6434e-01
6.4439e-01
6.2769e-01
9.8297e-01
8.0818e-01
6.2961e-01
7.3770e-01
6.1401e-01
7.7219e-01
8.5330e-01
9.7175e-01
7.1040e-01
8.4153e-01
7.7815e-01
6.7614e-01
7.1343e-01
7.5249e-01
7.0030e-01
6.1620e-01
9.2607e-01
9.3667e-01
8.9939e-01
6.1276e-01
9.6852e-01
6.4938e-01
9.1871e-01
9.7692e-01
9.1736e-01
9.3652e-01
7.1212e-01
6.1689e-01
8.9472e-01
6.4415e-01
6.6598e-01
8.0519e-01
9.0189e-01
8.0496e-01
6.6377e-01
9.1026e-01
8.2052e-01
7.3986e-01
6.2822e-01
8.3840e-01
7.1923e-01
6.3396e-01
6.2090e-01
6.6944e-01
9.8952e-01
7.7871e-01
7.0953e-01
6.6160e-01
7.8951e-01
9.6730e-01
6.1384e-01
9.4607e-01
7.6946e-01
7.9838e-01
7.4707e-01
7.1768e-01
7.5371e-01
9.4720e-01
8.4697e-01
7.0258e-01
7.7147e-01
9.2245e-01
8.4668e-01
9.1903e-01
8.0454e-01
8.4061e-01
9.7598e-01
8.9560e-01
8.0426e-01
9.3424e-01
8.1231e-01
9.0201e-01
8.3844e-01
7.4034e-01
6.4690e-01
6.7950e-01
8.6260e-01
8.7449e-01
9.3611e-01
8.8452e-01
6.3753e-01
9.1546e-01
7.0404e-01
9.7047e-01
9.8590e-01
8.7878e-01
7.9409e-01
9.9687e-01
8.2551e-01
6.0374e-01
8.7052e-01
7.4302e-01
6.2767e-01
8.5259e-01
8.5442e-01
8.8791e-01
9.5291e-01
7.4317e-01
7.6960e-01
9.7585e-01
7.2608e-01
7.2100e-01
7.8420e-01
9.5697e-01
6.4932e-01
9.6897e-01
6.8251e-01
6.5947e-01
7.5327e-01
6.8450e-01
7.0605e-01
7.0747e-01
6.9565e-01
6.5546e-01
9.9025e-01
