6.4136e-01
9.1187e-01
8.1928e-01
7.6363e-01
8.2631e-01
7.9798e-01
7.6657e-01
9.3539e-01
8.9266e-01
7.9379e-01
6.1037e-01
7.1149e-01
9.3486e-01
7.4027e-01
9.4782e-01
8.3938e-01
8.7294e-01
9.4370e-01
7.0069e-01
9.9182e-01
8.7266e-01
6.2178e-01
9.3360e-01
7.9209e-01
7.5334e-01
7.7404e-01
9.5945e-01
7.3153e-01
8.0144e-01
8.8877e-01
8.2458e-01
7.5818e-01
7.0027e-01
6.3560e-01
6.2271e-01
8.1677e-01
8.8318e-01
9.6910e-01
8.3754e-01
7.4518e-01
6.5093e-01
7.6980e-01
7.3673e-01
8.9649e-01
9.2634e-01
7.3160e-01
7.2719e-01
9.6049e-01
9.8826e-01
8.0634e-01
6.1367e-01
6.7860e-01
6.7903e-01
9.4276e-01
9.7515e-01
9.7849e-01
9.9236e-01
8.1655e-01
7.2078e-01
7.9373e-01
7.4839e-01
8.0238e-01
6.2331e-01
8.7421e-01
7.9294e-01
8.7254e-01
7.2629e-01
6.5022e-01
8.4261e-01
8.4643e-01
7.9084e-01
8.6934e-01
6.2845e-01
9.6480e-01
6.2375e-01
6.4325e-01
9.8087e-01
7.1899e-01
8.0682e-01
8.5404e-01
8.3352e-01
9.7775e-01
7.8695e-01
6.4738e-01
6.5600e-01
8.4544e-01
9.7027e-01
7.3227e-01
8.4846e-01
7.9525e-01
6.0144e-01
8.7912e-01
8.2955e-01
6.4386e-01
8.3976e-01
6.1139e-01
7.6994e-01
6.2066e-01
9.6889e-01
7.0391e-01
8.4692e-01
8.5533e-01
7.9121e-01
6.3756e-01
8.5113e-01
6.8897e-01
7.5805e-01
6.9880e-01
9.2701e-01
6.9555e-01
6.4146e-01
9.0496e-01
7.3233e-01
7.5011e-01
9.9502e-01
9.8618e-01
7.6604e-01
9.8322e-01
6.9231e-01
8.2401e-01
9.4573e-01
8.3990e-01
8.5192e-01
6.9519e-01
9.2182e-01
9.9994e-01
6.0572e-01
7.4290e-01
7.0064e-01
9.1627e-01
6.5429e-01
8.8247e-01
8.3855e-01
8.5147e-01
7.6498e-01
9.4562e-01
7.2531e-01
7.5239e-01
9.7663e-01
9.8752e-01
9.0013e-01
8.9390e-01
7.2771e-01
9.0321e-01
6.3217e-01
8.6852e-01
6.4678e-01
9.3953e-01
6.5022e-01
6.1821e-01
8.6341e-01
6.3664e-01
6.5321e-01
9.4373e-01
8.1692e-01
9.4018e-01
8.6622e-01
7.0648e-01
7.3040e-01
7.3233e-01
7.0635e-01
6.9637e-01
8.4344e-01
7.7412e-01
7.4170e-01
7.3202e-01
6.6326e-01
7.8406e-01
7.2282e-01
7.6875e-01
6.0457e-01
6.9683e-01
7.6488e-01
6.7218e-01
7.9562e-01
8.4002e-01
9.5848e-01
7.2582e-01
9.8960e-01
9.5764e-01
8.6833e-01
8.1121e-01
9.7318e-01
8.8096e-01
9.7749e-01
6.6223e-01
7.9918e-01
8.3257e-01
9.5805e-01
6.7199e-01
9.3551e-01
8.5084e-01
6.7916e-01
6.8868e-01
6.9681e-01
7.1100e-01
8.7743e-01
9.8581e-01
8.9271e-01
7.7094e-01
8.4936e-01
9.9596e-01
6.4265e-01
8.7351e-01
9.2664e-01
7.2973e-01
7.1004e-01
8.5824e-01
6.2774e-01
9.3954e-01
6.3839e-01
7.4621e-01
8.1803e-01
9.9249e-01
8.2846e-01
8.7437e-01
8.9264e-01
9.2261e-01
6.4946e-01
9.0708e-01
7.4895e-01
8.4040e-01
9.2310e-01
9.3503e-01
8.2488e-01
8.0271e-01
9.6887e-01
6.2461e-01
7.1884e-01
9.2768e-01
7.1449e-01
6.8539e-01
8.7812e-01
7.1322e-01
6.7910e-01
8.6815e-01
6.4437e-01
8.5325e-01
8.1259e-01
7.4107e-01
9.0188e-01
9.9651e-01
8.7003e-01
6.2751e-01
8.1728e-01
6.2944e-01
7.0524e-01
9.0815e-01
6.1095e-01
6.3238e-01
6.0305e-01
9.4974e-01
7.5093e-01
6.8895e-01
8.1481e-01
9.1233e-01
6.2459e-01
6.1891e-01
8.8256e-01
9.7189e-01
6.9808e-01
8.8430e-01
7.2797e-01
6.3349e-01
9.4065e-01
6.4703e-01
8.5388e-01
6.1839e-01
9.8100e-01
6.1994e-01
8.9728e-01
9.2988e-01
7.8084e-01
9.3501e-01
7.1382e-01
7.5316e-01
6.9258e-01
8.3375e-01
6.2811e-01
6.1632e-01
9.8061e-01
9.1170e-01
6.7374e-01
8.4609e-01
6.5491e-01
6.2772e-01
9.3391e-01
6.0776e-01
8.8727e-01
9.1517e-01
9.3739e-01
8.4021e-01
6.9370e-01
8.3238e-01
9.5816e-01
6.4931e-01
8.5856e-01
7.2427e-01
6.8146e-01
7.2267e-01
6.2151e-01
7.8327e-01
8.8231e-01
8.8480e-01
7.0699e-01
7.6940e-01
9.0703e-01
9.9536e-01
7.9976e-01
6.6933e-01
8.8763e-01
8.8801e-01
8.7012e-01
6.4189e-01
7.2353e-01
9.3966e-01
9.5355e-01
7.7638e-01
6.5189e-01
8.3537e-01
6.8321e-01
7.8060e-01
6.8536e-01
8.7003e-01
6.4630e-01
6.0734e-01
8.3783e-01
9.1824e-01
7.9254e-01
8.8183e-01
7.4779e-01
7.6328e-01
7.6757e-01
9.1112e-01
9.4749e-01
9.2645e-01
8.6116e-01
9.4095e-01
6.9445e-01
9.3872e-01
9.4692e-01
8.6458e-01
9.4488e-01
8.1443e-01
9.7952e-01
6.4279e-01
9.6601e-01
7.9903e-01
9.6657e-01
9.2352e-01
9.2459e-01
7.1609e-01
9.9438e-01
7.7098e-01
8.1309e-01
9.4446e-01
7.1817e-01
8.2375e-01
7.2688e-01
7.0949e-01
6.5815e-01
8.7546e-01
7.4490e-01
8.9792e-01
7.5363e-01
6.7231e-01
8.1459e-01
8.7520e-01
8.2265e-01
9.3443e-01
8.5556e-01
7.1038e-01
6.0222e-01
9.7765e-01
6.4085e-01
6.4145e-01
8.2233e-01
7.4551e-01
8.2672e-01
7.1160e-01
9.6323e-01
6.4431e-01
7.2317e-01
6.0742e-01
8.4296e-01
6.9970e-01
7.9271e-01
9.6978e-01
9.8086e-01
9.2389e-01
9.6305e-01
8.5132e-01
8.1905e-01
7.3229e-01
7.3840e-01
7.0580e-01
8.1652e-01
9.8686e-01
7.9303e-01
9.4552e-01
6.4417e-01
7.4591e-01
9.6293e-01
6.0720e-01
9.1679e-01
6.4448e-01
6.8683e-01
9.7813e-01
9.1045e-01
9.3495e-01
6.6794e-01
6.3078e-01
7.4217e-01
6.3201e-01
9.6950e-01
8.6181e-01
7.0115e-01
6.1590e-01
6.5534e-01
6.3684e-01
9.7103e-01
7.1150e-01
9.3470e-01
9.6575e-01
9.7916e-01
9.1243e-01
7.3765e-01
9.7147e-01
7.7407e-01
8.9756e-01
9.0432e-01
8.2341e-01
7.2852e-01
9.4997e-01
6.1013e-01
9.9081e-01
9.6654e-01
9.6618e-01
6.9412e-01
6.3213e-01
7.5702e-01
7.6755e-01
7.2308e-01
6.9301e-01
6.4982e-01
9.7456e-01
7.5202e-01
9.5285e-01
9.3962e-01
9.2043e-01
6.6005e-01
7.8285e-01
9.0705e-01
8.8821e-01
6.9344e-01
8.8290e-01
6.1988e-01
6.5946e-01
9.1820e-01
7.8916e-01
6.6455e-01
9.7103e-01
7.1322e-01
6.9668e-01
8.5890e-01
6.3695e-01
6.7270e-01
8.5352e-01
6.1083e-01
9.8193e-01
9.8296e-01
9.5862e-01
6.4492e-01
6.6409e-01
8.5247e-01
7.2138e-01
9.7456e-01
9.3208e-01
9.4322e-01
6.5256e-01
7.2435e-01
7.5648e-01
7.4866e-01
8.0432e-01
7.8238e-01
6.5307e-01
9.1973e-01
9.1471e-01
9.4311e-01
6.9308e-01
7.4209e-01
6.4686e-01
8.4173e-01
7.7874e-01
9.3791e-01
6.5951e-01
9.9791e-01
9.3005e-01
7.2925e-01
9.1894e-01
7.2473e-01
7.3927e-01
9.0180e-01
6.7552e-01
8.8061e-01
8.4201e-01
9.2901e-01
7.6429e-01
9.4868e-01
6.4675e-01
8.7776e-01
9.6479e-01
6.7220e-01
6.0790e-01
6.9562e-01
9.9160e-01
7.5533e-01
9.7034e-01
8.2565e-01
8.3684e-01
7.3136e-01
8.1061e-01
6.9803e-01
9.6026e-01
6.8192e-01
8.0449e-01
7.7200e-01
6.1905e-01
7.1780e-01
7.8201e-01
9.5148e-01
7.2316e-01
9.2159e-01
6.8196e-01
6.4551e-01
7.4347e-01
8.3078e-01
8.5905e-01
6.7854e-01
8.6632e-01
6.8842e-01
9.8531e-01
7.5889e-01
7.3821e-01
8.7354e-01
7.4971e-01
9.6502e-01
9.1594e-01
7.4022e-01
8.8635e-01
9.4266e-01
8.1696e-01
9.0194e-01
7.6430e-01
6.7026e-01
6.8804e-01
9.5617e-01
8.1854e-01
7.6789e-01
9.6784e-01
6.9985e-01
7.4825e-01
6.3263e-01
7.1334e-01
6.5671e-01
9.7248e-01
7.2220e-01
9.8028e-01
7.4015e-01
9.8382e-01
9.4580e-01
8.4803e-01
9.8721e-01
6.0771e-01
7.9587e-01
6.1689e-01
8.8541e-01
8.2372e-01
6.9932e-01
9.8391e-01
6.0427e-01
7.2979e-01
6.9511e-01
6.5905e-01
8.0452e-01
6.0596e-01
9.8447e-01
6.3221e-01
6.7717e-01
8.3908e-01
8.2740e-01
8.8783e-01
8.4282e-01
9.4899e-01
7.9865e-01
8.2498e-01
7.2356e-01
7.6834e-01
8.6055e-01
9.7122e-01
8.1544e-01
7.3289e-01
8.6404e-01
9.9891e-01
7.2955e-01
7.1396e-01
6.8405e-01
8.8153e-01
7.1438e-01
6.6794e-01
6.8031e-01
6.3601e-01
6.6990e-01
8.1383e-01
6.1392e-01
6.0239e-01
7.6007e-01
6.0258e-01
6.9397e-01
8.4391e-01
8.6205e-01
6.8943e-01
8.7047e-01
8.4388e-01
7.7331e-01
9.7986e-01
7.0899e-01
9.0543e-01
8.3520e-01
8.9234e-01
7.5371e-01
9.9748e-01
6.3434e-01
8.1957e-01
7.4582e-01
8.8339e-01
8.8631e-01
6.4293e-01
7.4304e-01
9.7805e-01
7.9286e-01
8.4374e-01
8.6628e-01
6.4841e-01
8.2511e-01
9.1638e-01
6.6815e-01
9.7078e-01
8.6749e-01
9.3308e-01
9.8226e-01
9.0107e-01
6.0847e-01
6.2439e-01
8.8855e-01
9.3652e-01
7.4218e-01
8.7522e-01
9.0513e-01
8.6351e-01
6.5774e-01
6.1131e-01
9.1384e-01
6.8023e-01
7.3648e-01
7.3561e-01
6.3251e-01
8.2328e-01
6.4076e-01
7.1331e-01
8.4523e-01
8.6594e-01
6.0458e-01
8.2582e-01
9.9761e-01
7.0370e-01
8.1850e-01
8.6052e-01
8.8058e-01
8.7574e-01
7.3679e-01
7.5814e-01
9.5793e-01
8.7755e-01
8.6673e-01
8.3216e-01
9.5592e-01
7.0990e-01
6.0407e-01
6.1062e-01
8.8781e-01
7.2286e-01
6.5142e-01
8.5377e-01
6.7274e-01
9.0863e-01
8.8026e-01
6.5812e-01
6.6580e-01
8.1191e-01
9.5948e-01
6.4787e-01
9.6909e-01
8.4780e-01
7.8666e-01
8.3943e-01
7.8639e-01
6.5869e-01
6.4621e-01
9.6361e-01
7.5005e-01
7.3300e-01
6.2781e-01
7.7553e-01
6.7121e-01
9.2934e-01
9.2109e-01
7.1770e-01
7.4542e-01
7.9594e-01
8.3898e-01
9.0471e-01
6.3834e-01
6.0133e-01
8.4055e-01
6.6075e-01
6.1456e-01
9.9829e-01
6.8075e-01
6.8810e-01
7.3525e-01
8.5329e-01
8.0821e-01
6.8319e-01
9.1606e-01
6.3157e-01
8.9919e-01
8.3197e-01
7.4736e-01
7.3495e-01
7.4766e-01
8.0576e-01
7.0454e-01
6.2207e-01
9.6974e-01
6.8703e-01
9.2011e-01
8.8704e-01
7.2669e-01
8.8030e-01
8.8508e-01
9.7187e-01
8.0422e-01
7.0482e-01
7.5015e-01
6.7349e-01
6.9307e-01
8.7640e-01
8.0940e-01
8.6691e-01
9.2992e-01
9.6077e-01
6.4772e-01
9.8776e-01
8.5268e-01
6.6714e-01
6.6387e-01
9.1360e-01
8.9191e-01
9.4359e-01
9.1381e-01
8.2372e-01
8.0803e-01
9.1544e-01
9.7700e-01
7.6186e-01
7.4094e-01
6.8183e-01
7.9882e-01
6.0161e-01
9.9383e-01
6.6776e-01
6.5438e-01
6.4521e-01
9.8757e-01
7.6813e-01
8.1005e-01
9.8592e-01
8.3591e-01
7.0662e-01
7.7998e-01
8.1341e-01
6.0567e-01
9.6735e-01
8.8572e-01
8.1090e-01
8.0031e-01
8.1910e-01
7.6517e-01
6.4979e-01
9.7892e-01
7.7311e-01
7.1320e-01
7.8319e-01
7.1292e-01
6.3965e-01
9.0023e-01
8.4039e-01
9.1853e-01
9.8792e-01
7.5341e-01
7.7725e-01
6.7317e-01
8.7298e-01
7.0572e-01
8.0487e-01
6.9275e-01
7.8551e-01
9.7798e-01
8.2697e-01
6.4045e-01
9.7737e-01
9.3549e-01
9.5967e-01
6.6922e-01
9.8718e-01
8.5132e-01
9.7365e-01
7.7547e-01
9.1465e-01
7.2737e-01
7.5433e-01
8.1510e-01
9.2082e-01
6.5784e-01
7.6755e-01
8.5270e-01
8.4757e-01
6.6093e-01
7.1590e-01
8.1617e-01
6.0269e-01
8.9492e-01
9.1127e-01
8.2218e-01
6.4672e-01
9.5983e-01
8.2449e-01
6.0355e-01
9.8687e-01
8.7473e-01
7.7193e-01
8.2384e-01
7.6638e-01
9.6788e-01
8.5565e-01
6.9074e-01
7.2336e-01
9.7124e-01
9.8889e-01
8.0731e-01
9.5750e-01
8.4434e-01
7.7849e-01
8.1276e-01
8.9568e-01
8.5507e-01
7.5834e-01
9.3615e-01
9.2831e-01
7.5569e-01
8.1468e-01
9.8561e-01
9.9860e-01
6.1008e-01
7.9868e-01
9.3298e-01
6.6617e-01
8.7840e-01
9.1639e-01
7.8598e-01
8.3074e-01
8.0728e-01
7.8722e-01
7.5385e-01
7.1731e-01
7.1011e-01
8.8472e-01
8.4965e-01
7.7830e-01
7.4247e-01
9.5262e-01
7.8009e-01
6.6997e-01
8.2111e-01
6.5700e-01
6.7929e-01
6.7146e-01
9.6350e-01
8.0017e-01
6.1055e-01
8.8956e-01
9.1333e-01
6.7405e-01
8.1182e-01
7.7724e-01
6.5234e-01
8.8512e-01
9.4286e-01
7.8932e-01
6.8363e-01
8.5445e-01
6.9928e-01
9.3036e-01
7.1244e-01
9.2375e-01
6.8343e-01
6.5740e-01
6.3817e-01
6.9535e-01
6.7160e-01
6.2102e-01
6.2315e-01
8.2233e-01
7.9349e-01
9.2290e-01
6.6631e-01
7.1937e-01
7.9620e-01
9.7240e-01
9.1182e-01
8.9960e-01
8.4844e-01
8.0599e-01
8.0848e-01
6.2811e-01
6.4530e-01
7.0234e-01
6.9844e-01
9.6105e-01
9.0980e-01
9.1744e-01
6.4510e-01
9.8750e-01
6.5051e-01
7.5928e-01
6.8760e-01
7.5842e-01
6.1633e-01
9.7136e-01
6.9735e-01
6.4572e-01
9.8158e-01
8.1114e-01
7.4250e-01
6.5011e-01
9.3507e-01
6.0435e-01
6.9460e-01
8.8947e-01
7.1491e-01
8.1712e-01
9.6317e-01
7.9198e-01
9.0709e-01
9.1487e-01
7.3702e-01
7.6383e-01
9.3790e-01
7.2574e-01
8.7539e-01
6.6266e-01
6.5018e-01
8.7719e-01
8.9595e-01
6.5377e-01
7.0266e-01
6.3235e-01
7.2456e-01
8.3509e-01
6.1223e-01
7.4951e-01
6.9397e-01
9.1642e-01
9.4204e-01
7.2419e-01
8.1506e-01
8.6092e-01
6.4771e-01
7.2176e-01
7.0884e-01
7.2925e-01
9.4741e-01
7.4146e-01
7.3187e-01
6.4078e-01
9.5746e-01
6.8712e-01
9.0288e-01
6.8616e-01
6.0970e-01
7.7187e-01
6.0954e-01
8.1525e-01
9.7772e-01
9.7413e-01
8.1909e-01
9.7137e-01
7.1821e-01
8.5362e-01
9.7420e-01
7.2087e-01
7.1678e-01
6.2772e-01
8.0276e-01
8.9658e-01
9.3434e-01
7.1769e-01
7.1679e-01
6.0025e-01
6.6689e-01
9.7624e-01
7.3607e-01
8.4495e-01
8.9917e-01
8.5013e-01
9.7401e-01
9.0645e-01
9.4576e-01
6.4305e-01
8.0419e-01
6.4657e-01
6.2162e-01
7.9553e-01
7.2142e-01
8.8231e-01
9.1073e-01
7.3352e-01
8.6365e-01
6.3984e-01
9.8762e-01
6.0602e-01
9.7823e-01
7.7812e-01
6.5952e-01
9.4292e-01
8.1413e-01
9.6696e-01
9.5517e-01
6.8710e-01
6.6126e-01
6.1062e-01
9.8754e-01
6.2726e-01
6.0323e-01
8.4139e-01
7.4347e-01
9.5079e-01
8.7773e-01
9.6215e-01
6.1898e-01
7.2405e-01
9.7684e-01
7.6362e-01
7.4206e-01
8.8295e-01
9.6177e-01
6.5161e-01
7.2546e-01
6.0464e-01
9.8184e-01
7.1750e-01
6.4655e-01
9.3722e-01
8.2497e-01
9.2778e-01
8.2680e-01
7.9732e-01
7.1423e-01
9.4203e-01
9.6172e-01
7.0120e-01
8.0204e-01
7.4560e-01
9.8970e-01
7.7567e-01
7.8054e-01
8.3795e-01
7.3982e-01
7.1795e-01
9.0926e-01
6.7689e-01
8.7111e-01
9.4492e-01
6.7022e-01
8.6457e-01
9.8361e-01
6.8279e-01
7.3300e-01
7.5502e-01
8.0120e-01
8.8079e-01
8.7317e-01
7.4169e-01
8.6051e-01
6.6854e-01
9.7859e-01
9.1720e-01
9.1506e-01
8.2796e-01
6.2730e-01
8.3314e-01
9.0506e-01
8.5503e-01
8.7792e-01
8.1862e-01
8.3937e-01
8.1221e-01
9.5293e-01
7.9827e-01
7.9221e-01
8.5187e-01
6.5991e-01
6.1686e-01
7.2935e-01
8.2348e-01
9.7180e-01
6.2387e-01
6.9570e-01
8.8237e-01
6.1138e-01
9.6883e-01
6.0768e-01
8.7067e-01
8.0516e-01
6.8386e-01
8.8934e-01
9.6819e-01
7.3348e-01
9.2357e-01
6.8569e-01
7.7786e-01
8.1597e-01
6.6482e-01
7.4180e-01
7.9939e-01
6.8070e-01
8.7733e-01
6.3715e-01
9.3025e-01
6.1209e-01
9.3441e-01
6.2198e-01
8.6145e-01
7.0875e-01
8.9131e-01
8.9865e-01
7.3082e-01
9.0627e-01
8.3312e-01
9.7222e-01
9.5016e-01
7.7317e-01
8.7113e-01
8.8687e-01
6.5649e-01
9.5859e-01
8.7632e-01
7.1432e-01
8.6491e-01
7.5987e-01
8.8430e-01
6.2047e-01
8.1791e-01
7.3113e-01
8.0009e-01
9.7799e-01
8.6753e-01
6.7002e-01
7.0885e-01
9.5469e-01
6.7036e-01
9.6497e-01
7.6638e-01
7.8761e-01
7.9131e-01
7.6091e-01
8.1600e-01
8.0582e-01
7.1786e-01
9.2550e-01
6.1075e-01
8.3164e-01
8.5308e-01
6.0494e-01
6.7974e-01
6.7407e-01
7.6079e-01
6.1579e-01
8.3882e-01
8.6306e-01
8.9405e-01
6.0636e-01
6.4752e-01
9.2392e-01
9.6148e-01
8.4648e-01
9.9424e-01
9.6066e-01
6.9723e-01
6.8915e-01
6.6084e-01
8.8996e-01
7.9029e-01
8.1792e-01
8.4383e-01
8.5089e-01
7.0850e-01
6.6150e-01
8.8191e-01
9.5142e-01
9.3429e-01
8.1586e-01
9.9819e-01
6.0632e-01
6.2304e-01
6.8779e-01
6.6430e-01
7.8545e-01
8.5263e-01
8.1929e-01
9.4496e-01
7.8357e-01
8.7848e-01
9.2636e-01
6.2503e-01
6.2590e-01
8.7919e-01
7.1019e-01
9.7326e-01
8.6293e-01
6.4082e-01
8.8417e-01
7.4660e-01
8.6510e-01
6.3740e-01
8.2989e-01
6.3823e-01
6.9812e-01
8.3253e-01
6.5698e-01
6.7600e-01
7.9332e-01
9.6393e-01
6.8044e-01
8.5245e-01
7.7748e-01
7.7951e-01
7.1196e-01
9.2314e-01
7.2577e-01
6.3787e-01
8.8508e-01
8.5867e-01
7.4708e-01
8.7192e-01
7.0782e-01
7.0591e-01
9.3604e-01
7.5158e-01
7.5431e-01
6.7813e-01
7.8028e-01
6.0904e-01
9.9253e-01
6.2839e-01
6.2617e-01
9.7041e-01
8.0570e-01
7.0015e-01
6.4587e-01
9.7071e-01
7.1603e-01
8.6310e-01
8.4370e-01
7.3201e-01
9.0108e-01
7.7408e-01
8.1257e-01
6.9213e-01
6.5360e-01
9.0287e-01
7.9869e-01
9.5470e-01
9.6349e-01
6.3477e-01
8.2449e-01
6.8789e-01
6.3486e-01
7.3722e-01
8.3958e-01
8.0641e-01
9.9689e-01
9.6481e-01
9.6403e-01
6.5309e-01
6.6377e-01
6.4678e-01
9.9014e-01
7.1007e-01
8.7869e-01
8.1331e-01
6.0358e-01
9.3123e-01
8.6780e-01
9.1937e-01
7.7404e-01
8.2095e-01
6.4969e-01
7.8598e-01
8.2613e-01
7.2327e-01
7.4367e-01
6.9224e-01
9.1611e-01
7.8364e-01
8.7350e-01
7.3547e-01
7.2481e-01
6.3527e-01
9.6480e-01
8.3298e-01
9.1583e-01
7.9968e-01
9.1526e-01
6.9183e-01
8.6760e-01
9.2646e-01
8.6973e-01
9.5581e-01
9.2785e-01
9.5168e-01
8.8145e-01
6.1575e-01
8.9341e-01
7.9846e-01
6.4747e-01
7.2708e-01
6.9763e-01
7.6647e-01
8.5742e-01
7.8747e-01
9.2315e-01
7.1286e-01
6.7798e-01
6.3126e-01
7.2996e-01
8.0981e-01
9.4945e-01
7.1846e-01
7.2855e-01
7.0361e-01
8.0355e-01
9.0018e-01
9.8097e-01
6.1635e-01
7.8244e-01
8.3919e-01
8.8069e-01
6.3477e-01
7.9356e-01
9.5384e-01
6.8176e-01
6.3376e-01
8.9333e-01
9.1501e-01
6.0616e-01
6.1367e-01
9.2286e-01
9.3432e-01
8.6196e-01
7.3102e-01
7.6493e-01
8.1201e-01
6.2042e-01
7.1811e-01
8.9664e-01
9.9571e-01
8.4659e-01
6.2332e-01
8.9111e-01
6.9463e-01
8.8922e-01
7.4281e-01
7.0918e-01
8.6999e-01
7.0206e-01
9.3560e-01
7.0256e-01
6.5827e-01
7.4928e-01
6.0814e-01
8.5476e-01
7.0644e-01
9.7327e-01
8.9265e-01
8.2109e-01
8.7115e-01
7.6463e-01
6.4561e-01
9.7471e-01
9.2523e-01
8.9887e-01
6.3423e-01
7.0730e-01
6.2485e-01
6.0650e-01
7.4684e-01
9.1061e-01
8.1118e-01
9.4613e-01
9.4127e-01
7.2226e-01
9.1300e-01
9.4071e-01
7.8030e-01
7.6958e-01
8.4602e-01
8.2069e-01
6.4617e-01
8.8372e-01
6.8726e-01
8.1594e-01
9.7966e-01
9.6019e-01
7.5850e-01
7.6625e-01
6.8591e-01
6.3503e-01
9.0211e-01
8.2005e-01
9.4127e-01
9.7616e-01
6.7332e-01
7.3362e-01
8.5049e-01
7.3988e-01
7.9711e-01
8.8309e-01
6.1909e-01
7.2998e-01
9.3928e-01
9.5176e-01
7.2967e-01
6.1768e-01
7.0457e-01
7.4874e-01
8.3410e-01
7.6874e-01
8.9099e-01
7.0350e-01
8.4741e-01
7.4371e-01
9.0929e-01
9.1494e-01
7.2034e-01
8.1623e-01
8.5267e-01
9.3493e-01
7.9252e-01
8.0313e-01
6.8222e-01
7.5745e-01
9.9400e-01
7.8410e-01
9.8084e-01
7.6455e-01
7.1399e-01
9.2075e-01
8.3255e-01
7.0479e-01
8.6497e-01
6.0432e-01
8.4806e-01
8.9286e-01
9.4582e-01
9.8537e-01
9.7307e-01
7.7670e-01
8.6653e-01
8.6469e-01
6.6317e-01
7.4756e-01
7.5780e-01
6.0591e-01
9.1098e-01
6.5987e-01
9.7896e-01
9.3331e-01
7.8576e-01
9.5368e-01
9.7827e-01
7.7918e-01
7.0633e-01
7.7378e-01
9.1892e-01
7.0958e-01
6.0409e-01
9.1110e-01
8.6168e-01
6.3150e-01
7.5744e-01
6.5156e-01
8.7962e-01
6.1812e-01
6.8541e-01
6.7770e-01
7.0626e-01
6.1967e-01
8.0472e-01
9.9593e-01
6.7587e-01
6.9932e-01
6.5362e-01
6.3500e-01
9.7343e-01
8.1361e-01
6.3322e-01
9.5340e-01
7.1711e-01
7.2273e-01
6.0319e-01
6.1924e-01
8.2177e-01
9.7983e-01
9.8745e-01
9.5332e-01
9.0755e-01
9.9651e-01
9.8567e-01
6.2441e-01
9.8869e-01
7.5808e-01
6.7838e-01
8.8101e-01
7.1208e-01
7.3364e-01
7.6322e-01
6.6089e-01
8.0990e-01
8.5155e-01
6.2681e-01
9.1955e-01
9.1248e-01
9.3229e-01
9.1143e-01
6.1610e-01
7.2010e-01
6.1920e-01
9.8433e-01
9.5934e-01
6.9039e-01
6.3499e-01
6.2848e-01
6.9485e-01
6.5972e-01
9.1479e-01
9.0724e-01
9.9844e-01
7.0174e-01
8.7390e-01
8.8609e-01
8.0469e-01
7.2089e-01
8.5290e-01
8.5270e-01
9.1896e-01
7.5417e-01
6.9660e-01
8.4217e-01
9.0264e-01
7.1587e-01
8.0954e-01
9.8130e-01
6.0728e-01
7.5983e-01
7.9920e-01
9.4546e-01
7.1303e-01
8.9762e-01
8.4370e-01
9.0371e-01
9.1947e-01
8.6329e-01
7.0911e-01
9.8836e-01
7.8967e-01
8.9818e-01
8.3839e-01
9.6185e-01
9.3159e-01
8.2031e-01
9.1640e-01
7.6230e-01
8.1986e-01
8.1438e-01
7.1998e-01
9.5826e-01
8.2272e-01
8.2887e-01
7.4238e-01
8.7619e-01
6.3582e-01
6.9485e-01
6.5717e-01
8.7181e-01
7.7707e-01
7.7806e-01
6.0670e-01
8.4889e-01
8.5477e-01
7.4323e-01
9.6301e-01
8.3506e-01
6.8278e-01
8.2300e-01
6.0434e-01
6.1283e-01
7.5790e-01
7.6326e-01
9.3783e-01
9.4110e-01
6.7474e-01
6.4399e-01
9.1584e-01
9.1220e-01
7.1496e-01
7.1296e-01
9.8970e-01
6.7411e-01
7.5318e-01
9.0282e-01
7.8155e-01
7.7905e-01
7.3630e-01
6.0510e-01
9.7163e-01
8.5163e-01
9.7087e-01
8.8258e-01
8.1523e-01
7.3373e-01
9.6753e-01
8.0836e-01
9.1580e-01
7.9250e-01
9.3344e-01
9.9461e-01
7.4584e-01
6.3302e-01
8.7725e-01
8.2651e-01
9.2626e-01
8.8674e-01
6.6863e-01
6.1208e-01
6.1440e-01
6.2847e-01
9.8685e-01
9.7674e-01
9.9113e-01
7.2468e-01
6.9545e-01
9.5823e-01
6.8099e-01
6.2883e-01
8.8561e-01
7.1977e-01
6.0936e-01
7.4035e-01
9.0415e-01
7.4597e-01
8.1107e-01
9.7744e-01
8.5813e-01
8.0778e-01
6.7729e-01
8.7344e-01
6.2253e-01
6.8730e-01
6.6114e-01
8.9355e-01
8.6446e-01
6.6040e-01
9.7613e-01
6.2431e-01
6.8250e-01
7.9971e-01
8.0055e-01
9.9277e-01
8.1265e-01
9.6454e-01
6.4512e-01
8.3178e-01
8.0927e-01
6.1564e-01
7.5131e-01
9.9432e-01
7.3742e-01
9.3707e-01
6.6312e-01
6.6335e-01
7.3231e-01
7.3659e-01
7.4582e-01
7.5942e-01
7.3114e-01
9.9854e-01
7.9347e-01
7.9079e-01
9.9994e-01
6.9153e-01
6.7536e-01
7.0481e-01
6.9806e-01
8.9972e-01
8.9762e-01
6.7317e-01
8.3594e-01
6.8164e-01
8.8712e-01
9.8184e-01
9.2881e-01
6.7509e-01
9.3773e-01
8.6823e-01
7.4681e-01
7.2747e-01
8.4119e-01
8.4369e-01
8.4653e-01
8.1251e-01
9.3947e-01
7.5530e-01
8.4885e-01
8.8124e-01
7.0984e-01
6.9305e-01
6.3388e-01
8.8491e-01
9.8274e-01
8.1702e-01
8.8357e-01
8.2342e-01
9.4831e-01
7.8562e-01
7.5973e-01
8.8315e-01
7.5694e-01
7.0194e-01
8.4980e-01
9.3352e-01
7.6276e-01
6.8700e-01
9.9003e-01
7.7885e-01
9.9960e-01
8.3067e-01
8.8847e-01
8.6956e-01
7.5811e-01
6.5036e-01
9.7766e-01
6.4388e-01
8.2336e-01
7.5444e-01
8.9938e-01
8.9521e-01
7.5304e-01
9.2159e-01
9.1453e-01
9.5986e-01
7.5720e-01
7.7715e-01
9.3120e-01
9.2162e-01
7.3052e-01
9.1612e-01
9.7055e-01
8.8856e-01
9.3827e-01
8.3070e-01
7.9625e-01
6.2886e-01
9.7486e-01
9.0510e-01
7.5481e-01
8.4383e-01
8.6207e-01
6.9438e-01
9.2451e-01
7.1944e-01
6.4163e-01
7.3483e-01
9.1976e-01
7.7649e-01
6.1011e-01
7.2038e-01
6.8657e-01
8.8446e-01
6.1816e-01
6.8248e-01
9.3349e-01
8.0274e-01
6.1579e-01
9.4953e-01
7.4082e-01
7.0008e-01
9.9452e-01
8.1918e-01
6.6776e-01
9.3174e-01
6.3894e-01
7.0665e-01
7.4697e-01
9.5804e-01
7.4891e-01
9.1296e-01
8.2766e-01
6.0978e-01
7.0127e-01
8.8756e-01
8.6150e-01
9.0829e-01
6.1922e-01
8.9647e-01
9.7139e-01
8.0119e-01
6.9974e-01
7.9461e-01
7.7164e-01
7.7375e-01
9.0148e-01
9.2380e-01
8.6628e-01
8.3937e-01
7.4406e-01
9.5392e-01
7.2490e-01
7.3628e-01
8.6323e-01
9.9895e-01
8.1407e-01
6.7598e-01
8.0163e-01
9.1826e-01
9.4517e-01
9.6039e-01
7.9382e-01
9.8680e-01
9.2283e-01
9.2786e-01
6.1802e-01
6.4634e-01
9.0383e-01
6.7719e-01
8.1606e-01
6.4499e-01
6.5415e-01
6.3933e-01
7.0090e-01
6.3602e-01
8.2990e-01
8.8587e-01
6.9149e-01
6.9222e-01
7.3615e-01
8.1649e-01
9.3680e-01
6.2312e-01
7.7781e-01
7.6582e-01
9.8600e-01
8.6757e-01
6.2627e-01
9.3887e-01
7.9713e-01
7.7305e-01
6.9333e-01
9.6016e-01
8.0588e-01
6.8868e-01
8.2561e-01
9.1880e-01
8.1612e-01
6.3714e-01
7.4070e-01
8.1958e-01
7.7098e-01
8.0690e-01
6.0623e-01
7.2968e-01
8.4789e-01
8.7318e-01
6.8944e-01
8.8701e-01
6.3663e-01
6.5724e-01
9.7427e-01
8.1092e-01
7.0717e-01
9.3435e-01
6.9998e-01
7.5690e-01
7.9904e-01
9.5261e-01
9.7296e-01
8.5523e-01
6.0884e-01
8.7808e-01
7.0741e-01
8.9930e-01
6.9696e-01
8.2066e-01
9.6500e-01
8.4936e-01
8.1273e-01
6.2032e-01
8.4816e-01
9.6403e-01
9.5565e-01
8.9949e-01
8.2425e-01
6.4699e-01
6.8522e-01
8.0662e-01
6.5308e-01
6.5670e-01
7.6129e-01
8.2651e-01
8.7022e-01
9.3421e-01
9.2168e-01
6.5373e-01
8.3347e-01
7.9527e-01
7.1549e-01
7.2159e-01
9.6226e-01
6.5746e-01
6.1143e-01
6.2391e-01
6.3562e-01
7.9092e-01
8.9858e-01
7.7504e-01
6.6573e-01
8.0862e-01
7.4791e-01
8.7929e-01
9.4174e-01
7.7227e-01
7.1600e-01
9.0040e-01
9.6734e-01
7.1092e-01
6.7437e-01
8.1134e-01
6.9132e-01
9.3933e-01
9.1631e-01
6.2342e-01
8.1932e-01
8.2450e-01
9.9287e-01
6.6285e-01
7.0797e-01
8.9237e-01
8.2483e-01
7.5560e-01
8.5533e-01
8.0209e-01
6.8861e-01
7.1604e-01
7.5544e-01
7.0195e-01
8.6071e-01
7.0347e-01
9.7789e-01
8.8804e-01
7.6758e-01
6.2176e-01
6.7251e-01
9.4615e-01
6.0678e-01
8.1973e-01
6.6488e-01
7.4726e-01
6.1110e-01
9.7691e-01
9.8782e-01
7.0535e-01
9.4130e-01
6.4851e-01
6.4473e-01
9.5745e-01
7.7089e-01
7.5404e-01
8.5262e-01
7.6403e-01
7.3549e-01
8.3198e-01
6.9271e-01
7.4400e-01
8.1336e-01
9.6556e-01
6.4072e-01
9.8147e-01
9.1707e-01
7.0164e-01
9.3986e-01
9.7412e-01
9.0950e-01
6.0135e-01
9.4164e-01
7.2919e-01
6.3816e-01
8.7563e-01
6.1243e-01
8.2903e-01
9.4108e-01
8.7934e-01
9.0833e-01
6.8087e-01
8.6644e-01
7.2446e-01
9.1363e-01
9.7978e-01
7.6614e-01
9.7935e-01
8.9604e-01
7.0294e-01
6.3654e-01
7.1201e-01
7.9933e-01
7.7159e-01
7.3665e-01
6.5827e-01
9.0687e-01
7.7358e-01
8.6136e-01
6.7889e-01
6.9308e-01
9.1397e-01
6.2956e-01
9.1974e-01
6.8488e-01
6.2115e-01
6.7584e-01
6.9897e-01
7.6087e-01
7.5441e-01
6.3594e-01
6.8442e-01
6.9250e-01
6.0681e-01
9.9330e-01
6.3541e-01
7.0889e-01
8.7248e-01
6.1259e-01
7.5339e-01
6.8112e-01
7.0029e-01
8.8364e-01
6.5783e-01
9.3682e-01
9.9077e-01
7.5455e-01
9.6688e-01
9.3788e-01
8.1936e-01
9.4152e-01
7.6552e-01
8.6122e-01
6.9030e-01
9.6732e-01
6.3497e-01
9.0227e-01
7.8572e-01
7.3089e-01
7.7981e-01
7.9950e-01
9.9811e-01
6.1640e-01
7.0116e-01
6.6749e-01
6.7560e-01
7.9358e-01
7.1785e-01
8.9127e-01
7.3003e-01
7.2631e-01
7.6397e-01
8.4763e-01
9.6462e-01
8.7636e-01
9.9651e-01
9.9581e-01
8.1352e-01
6.6072e-01
8.9331e-01
9.0631e-01
8.2458e-01
9.7874e-01
8.8011e-01
9.8528e-01
9.8621e-01
6.4033e-01
6.5288e-01
8.6045e-01
8.2677e-01
8.3252e-01
6.2281e-01
8.6754e-01
9.1459e-01
9.3977e-01
7.0319e-01
7.5950e-01
9.9145e-01
9.5749e-01
7.4882e-01
6.8128e-01
9.8065e-01
7.5479e-01
6.1833e-01
7.7779e-01
7.3810e-01
9.3343e-01
9.2169e-01
6.7861e-01
7.2033e-01
8.5459e-01
9.7369e-01
9.8443e-01
8.3066e-01
7.4389e-01
8.6884e-01
8.4954e-01
9.9422e-01
6.4014e-01
8.4320e-01
6.3480e-01
8.7210e-01
8.1803e-01
6.8780e-01
7.0439e-01
6.1478e-01
9.9156e-01
7.9215e-01
6.9975e-01
7.9360e-01
7.4195e-01
9.1429e-01
7.9443e-01
6.9856e-01
9.1236e-01
6.2252e-01
9.0341e-01
8.6370e-01
7.6825e-01
7.1564e-01
7.0650e-01
9.8654e-01
6.5847e-01
8.0306e-01
7.1095e-01
6.6918e-01
6.0624e-01
9.2813e-01
8.2072e-01
9.1044e-01
6.6065e-01
9.5307e-01
6.9265e-01
7.3668e-01
8.0915e-01
6.7116e-01
8.1938e-01
7.6057e-01
9.7164e-01
9.4734e-01
8.2095e-01
9.2613e-01
6.1147e-01
8.4951e-01
7.5917e-01
8.4734e-01
8.7654e-01
8.0098e-01
8.5458e-01
6.3335e-01
7.4956e-01
6.1298e-01
9.9275e-01
9.1857e-01
7.9034e-01
9.8538e-01
7.6024e-01
9.8516e-01
6.4281e-01
6.9005e-01
8.7877e-01
6.3686e-01
9.6526e-01
7.7982e-01
8.7442e-01
9.5416e-01
9.1540e-01
8.1815e-01
6.7339e-01
7.7274e-01
8.5022e-01
7.6013e-01
7.3615e-01
7.9421e-01
9.4581e-01
6.6581e-01
6.5848e-01
6.8572e-01
7.9179e-01
9.5054e-01
6.7916e-01
7.0459e-01
7.0986e-01
8.1043e-01
8.8066e-01
6.7246e-01
7.2874e-01
9.7332e-01
9.7440e-01
8.0601e-01
7.9351e-01
7.5705e-01
6.8842e-01
7.0042e-01
6.7872e-01
9.7841e-01
6.9923e-01
9.0150e-01
7.2831e-01
6.4251e-01
9.9265e-01
7.5839e-01
7.2003e-01
9.7624e-01
6.5096e-01
8.0681e-01
6.3165e-01
6.8449e-01
7.6307e-01
9.0982e-01
7.5802e-01
8.3722e-01
8.4724e-01
8.4012e-01
8.0208e-01
9.0039e-01
9.4485e-01
8.1071e-01
9.5160e-01
8.0878e-01
7.1681e-01
8.0388e-01
6.0771e-01
6.9825e-01
9.2239e-01
8.7997e-01
6.6989e-01
9.1283e-01
9.2881e-01
6.8633e-01
7.2325e-01
7.5801e-01
9.6451e-01
7.4466e-01
8.6549e-01
7.5941e-01
7.8627e-01
8.9901e-01
8.4648e-01
6.8686e-01
9.8580e-01
8.3974e-01
8.8008e-01
9.9374e-01
9.3861e-01
9.1339e-01
8.1195e-01
6.4066e-01
7.8458e-01
7.5063e-01
7.7976e-01
8.2982e-01
8.2297e-01
7.1064e-01
7.2238e-01
9.9965e-01
8.3794e-01
8.2573e-01
9.3224e-01
6.2755e-01
6.1440e-01
8.6295e-01
9.4868e-01
6.5648e-01
7.4292e-01
9.0956e-01
7.4637e-01
7.7703e-01
9.7875e-01
6.8248e-01
9.8110e-01
9.8380e-01
6.0465e-01
6.1960e-01
8.6204e-01
8.8775e-01
9.4610e-01
6.3095e-01
8.4338e-01
7.7241e-01
7.5391e-01
6.3108e-01
6.8228e-01
7.1359e-01
7.1355e-01
6.7096e-01
9.9032e-01
7.1652e-01
9.1453e-01
7.0174e-01
7.5444e-01
7.6288e-01
6.8397e-01
7.5296e-01
7.7613e-01
8.2867e-01
8.7172e-01
8.7045e-01
8.2941e-01
9.6540e-01
6.2407e-01
7.7532e-01
8.6349e-01
8.8549e-01
8.7930e-01
8.2067e-01
8.0136e-01
9.7911e-01
8.2411e-01
8.5488e-01
6.1908e-01
8.6173e-01
9.5539e-01
8.1736e-01
6.4271e-01
6.1575e-01
6.2505e-01
9.8905e-01
9.7027e-01
6.8265e-01
8.9154e-01
7.3687e-01
7.3489e-01
7.6229e-01
8.1625e-01
9.5106e-01
7.9896e-01
9.2090e-01
8.0630e-01
6.1327e-01
7.4234e-01
8.7836e-01
8.8129e-01
6.7965e-01
8.3691e-01
8.7364e-01
9.6142e-01
9.1334e-01
9.7112e-01
9.5145e-01
7.5561e-01
7.6110e-01
9.7951e-01
8.9613e-01
8.6917e-01
7.1029e-01
7.2549e-01
6.5481e-01
8.9242e-01
7.0596e-01
8.3795e-01
6.6440e-01
9.0785e-01
6.7934e-01
7.5875e-01
6.1189e-01
6.3086e-01
7.3755e-01
8.7863e-01
7.4073e-01
9.5357e-01
9.7557e-01
7.6274e-01
9.9764e-01
9.7456e-01
8.9984e-01
9.0408e-01
8.1439e-01
9.0857e-01
6.4566e-01
8.3912e-01
7.7251e-01
8.5856e-01
9.6014e-01
8.5202e-01
9.5475e-01
9.9233e-01
8.7120e-01
7.7827e-01
6.0212e-01
8.0358e-01
9.0004e-01
7.8702e-01
8.1096e-01
6.4164e-01
8.4533e-01
6.5522e-01
6.3262e-01
8.8078e-01
9.7381e-01
6.1027e-01
9.8034e-01
6.9913e-01
6.9780e-01
6.1307e-01
9.2222e-01
7.9686e-01
8.7045e-01
8.8511e-01
8.1972e-01
8.1249e-01
8.0531e-01
8.3493e-01
7.0464e-01
8.3138e-01
9.8847e-01
7.6000e-01
6.3389e-01
9.1366e-01
8.1356e-01
8.9066e-01
6.4919e-01
6.0799e-01
6.2320e-01
8.6112e-01
9.1190e-01
7.0837e-01
7.6100e-01
6.5208e-01
7.3544e-01
8.2562e-01
6.5854e-01
9.0579e-01
7.5933e-01
8.8264e-01
7.8548e-01
7.9799e-01
7.4024e-01
6.1813e-01
7.3156e-01
6.3815e-01
8.3686e-01
8.4050e-01
7.2994e-01
8.6007e-01
7.5672e-01
7.8705e-01
6.8780e-01
9.2632e-01
6.6168e-01
6.3435e-01
7.1370e-01
7.6385e-01
9.5979e-01
7.5804e-01
7.4736e-01
6.7297e-01
8.2232e-01
6.6699e-01
6.2067e-01
6.8002e-01
9.7787e-01
8.2883e-01
8.4442e-01
9.8372e-01
6.7078e-01
7.0938e-01
8.1345e-01
7.3398e-01
8.2147e-01
9.8610e-01
6.8376e-01
8.5876e-01
9.9695e-01
6.4254e-01
9.0575e-01
8.3506e-01
7.5962e-01
7.7466e-01
9.3971e-01
9.3904e-01
7.7221e-01
9.0373e-01
6.6083e-01
7.0417e-01
6.3771e-01
9.3003e-01
9.1697e-01
6.8681e-01
6.6799e-01
8.2523e-01
6.8009e-01
9.0052e-01
8.4330e-01
6.1304e-01
9.9560e-01
6.8473e-01
9.1588e-01
6.7600e-01
6.7208e-01
8.6185e-01
6.6399e-01
6.4233e-01
9.5925e-01
7.6385e-01
9.8670e-01
8.1640e-01
6.2639e-01
6.8520e-01
9.7078e-01
8.6600e-01
7.0510e-01
6.9707e-01
7.5859e-01
9.7564e-01
6.0509e-01
9.4978e-01
8.6026e-01
8.7808e-01
6.4946e-01
6.2498e-01
8.4491e-01
8.1373e-01
6.0522e-01
9.2404e-01
9.5761e-01
7.7124e-01
6.7888e-01
8.5185e-01
6.2607e-01
7.6720e-01
7.5228e-01
8.3496e-01
7.6624e-01
7.5909e-01
9.6233e-01
7.9775e-01
6.2599e-01
6.0090e-01
6.5054e-01
9.7143e-01
6.1870e-01
6.9228e-01
7.2848e-01
8.1482e-01
9.1947e-01
8.4580e-01
8.7388e-01
9.9394e-01
6.1634e-01
6.9248e-01
6.6698e-01
9.4854e-01
8.4191e-01
7.0711e-01
8.2693e-01
9.6763e-01
7.2185e-01
7.2418e-01
7.6355e-01
9.0317e-01
9.5244e-01
9.3943e-01
9.4970e-01
7.7847e-01
8.2693e-01
9.6885e-01
9.8046e-01
8.4427e-01
9.3300e-01
6.7082e-01
8.4175e-01
9.8837e-01
7.6720e-01
7.5970e-01
7.1993e-01
6.8229e-01
6.1055e-01
8.9869e-01
7.6690e-01
8.2893e-01
9.1062e-01
7.5481e-01
6.2774e-01
8.2617e-01
6.0912e-01
9.2897e-01
6.6382e-01
7.0713e-01
7.0230e-01
6.4364e-01
6.1650e-01
7.1446e-01
9.2130e-01
9.2076e-01
8.9708e-01
9.5970e-01
7.8805e-01
8.0978e-01
9.9794e-01
9.3249e-01
7.6849e-01
8.3801e-01
8.9871e-01
8.3846e-01
8.8061e-01
9.0651e-01
6.5499e-01
7.5177e-01
7.1008e-01
8.6434e-01
7.3012e-01
9.7713e-01
9.0806e-01
9.8848e-01
9.2141e-01
7.1941e-01
6.8603e-01
9.5524e-01
6.4800e-01
6.5114e-01
9.3127e-01
8.0682e-01
7.2286e-01
8.8205e-01
8.5629e-01
7.3834e-01
7.9912e-01
9.5091e-01
8.8344e-01
8.9809e-01
9.4964e-01
7.4226e-01
6.3355e-01
8.0164e-01
8.7386e-01
9.6735e-01
9.2402e-01
7.7833e-01
7.9235e-01
6.7892e-01
7.2774e-01
6.1664e-01
7.8017e-01
6.8523e-01
7.7149e-01
8.0331e-01
7.1540e-01
9.3695e-01
8.6166e-01
9.8799e-01
9.4612e-01
9.7881e-01
6.9310e-01
7.9678e-01
8.8426e-01
6.8472e-01
7.8902e-01
8.6749e-01
8.6094e-01
8.4639e-01
7.5515e-01
6.6410e-01
9.0821e-01
9.9269e-01
6.5682e-01
7.5608e-01
9.6484e-01
9.9285e-01
8.0466e-01
9.0050e-01
7.5073e-01
9.5855e-01
7.4451e-01
7.5976e-01
8.2733e-01
6.5420e-01
9.1794e-01
6.5982e-01
7.5423e-01
8.5587e-01
9.6430e-01
8.8758e-01
7.1912e-01
9.2358e-01
8.7151e-01
8.8215e-01
8.2205e-01
9.2280e-01
6.3400e-01
6.1428e-01
9.8866e-01
9.4470e-01
9.4274e-01
9.0554e-01
8.3945e-01
6.0152e-01
9.7878e-01
6.0922e-01
7.3849e-01
7.0082e-01
6.6492e-01
8.7181e-01
6.4086e-01
7.3224e-01
6.5044e-01
7.5949e-01
7.9527e-01
9.9140e-01
8.5268e-01
9.9753e-01
6.5171e-01
6.8262e-01
8.1095e-01
7.2270e-01
6.3237e-01
7.6508e-01
6.4891e-01
6.3029e-01
6.7271e-01
6.5352e-01
9.2267e-01
8.1802e-01
9.8576e-01
7.2563e-01
6.4339e-01
7.5991e-01
9.7749e-01
6.9068e-01
8.1345e-01
9.2443e-01
6.7696e-01
6.0558e-01
8.1946e-01
9.6350e-01
6.8845e-01
6.1984e-01
9.1592e-01
7.4706e-01
8.7176e-01
9.1140e-01
7.5147e-01
6.8046e-01
7.9778e-01
6.4475e-01
8.1734e-01
9.8087e-01
7.4467e-01
6.4901e-01
7.1374e-01
8.5709e-01
6.6909e-01
8.6780e-01
6.0861e-01
8.2506e-01
6.1183e-01
8.6849e-01
8.5524e-01
9.1495e-01
7.5523e-01
9.8551e-01
7.3574e-01
9.5199e-01
8.9429e-01
7.3021e-01
6.7459e-01
9.8774e-01
7.8363e-01
9.9356e-01
7.1105e-01
9.7186e-01
8.7843e-01
9.5159e-01
6.9847e-01
7.7962e-01
8.1539e-01
6.8148e-01
9.5213e-01
6.0280e-01
8.2792e-01
8.9391e-01
6.3746e-01
8.9942e-01
8.7789e-01
7.2639e-01
9.1252e-01
7.1486e-01
7.4125e-01
6.3572e-01
7.1229e-01
8.5157e-01
8.5091e-01
8.3823e-01
7.5371e-01
9.3683e-01
6.4142e-01
7.3387e-01
6.7272e-01
9.5873e-01
9.9069e-01
8.5194e-01
7.2396e-01
8.9682e-01
8.4927e-01
7.8197e-01
7.4541e-01
6.2610e-01
7.8014e-01
8.2111e-01
8.9623e-01
8.2512e-01
7.7860e-01
8.3936e-01
6.6112e-01
6.5608e-01
7.0757e-01
8.9396e-01
8.3675e-01
9.2243e-01
9.2111e-01
9.2852e-01
6.9508e-01
6.1935e-01
8.7858e-01
6.7412e-01
7.0877e-01
7.5505e-01
7.3855e-01
6.5289e-01
9.3507e-01
7.9416e-01
6.0964e-01
6.6493e-01
8.8910e-01
7.8997e-01
7.0860e-01
8.2378e-01
6.1328e-01
8.4738e-01
6.0753e-01
7.7248e-01
6.4998e-01
8.2893e-01
9.1001e-01
6.0826e-01
8.5194e-01
8.5569e-01
8.9083e-01
9.0513e-01
7.1744e-01
6.0499e-01
9.8986e-01
6.1771e-01
6.5664e-01
8.1487e-01
9.2706e-01
6.3077e-01
7.9573e-01
7.2547e-01
8.4254e-01
8.8546e-01
6.5614e-01
8.9233e-01
6.5489e-01
7.3241e-01
6.9579e-01
6.1158e-01
7.6070e-01
7.5722e-01
7.7796e-01
9.7960e-01
8.2757e-01
8.1736e-01
7.0883e-01
7.3517e-01
8.8352e-01
9.8501e-01
6.0986e-01
8.1800e-01
8.7109e-01
6.8679e-01
8.0523e-01
7.5717e-01
8.3325e-01
8.5840e-01
9.2376e-01
7.8328e-01
8.1416e-01
7.7346e-01
9.0110e-01
9.5184e-01
6.6023e-01
8.1858e-01
7.5608e-01
8.9008e-01
9.5330e-01
8.7737e-01
9.7071e-01
7.0621e-01
8.4032e-01
8.8930e-01
9.8067e-01
8.7951e-01
6.3035e-01
6.6699e-01
7.8465e-01
6.6563e-01
9.8433e-01
6.1913e-01
8.6936e-01
7.1983e-01
9.1893e-01
9.7205e-01
7.9055e-01
7.5568e-01
7.4654e-01
7.6947e-01
6.8296e-01
6.5284e-01
9.0742e-01
7.5277e-01
6.9250e-01
9.5830e-01
9.0064e-01
9.8796e-01
6.0427e-01
6.7148e-01
8.0117e-01
7.4400e-01
9.4558e-01
6.4640e-01
9.7145e-01
6.2215e-01
6.0096e-01
9.6778e-01
7.9557e-01
7.4276e-01
7.8420e-01
6.7630e-01
7.4475e-01
9.5447e-01
8.7825e-01
9.5361e-01
9.1108e-01
6.6042e-01
7.1348e-01
8.0577e-01
9.6987e-01
9.9110e-01
8.8182e-01
8.1270e-01
8.8239e-01
9.4485e-01
8.2583e-01
6.5577e-01
8.7805e-01
6.6862e-01
9.4989e-01
9.5663e-01
9.4581e-01
9.1117e-01
9.7131e-01
6.6464e-01
6.4411e-01
8.2489e-01
8.9755e-01
7.8484e-01
9.6398e-01
9.8446e-01
9.2433e-01
7.5512e-01
7.4056e-01
6.6915e-01
7.4658e-01
7.4928e-01
7.5878e-01
8.3562e-01
8.0308e-01
9.9564e-01
8.8554e-01
9.0272e-01
7.9382e-01
8.3605e-01
9.9973e-01
7.7459e-01
7.9936e-01
6.9543e-01
7.7007e-01
8.9473e-01
8.0085e-01
9.5607e-01
9.7198e-01
8.5303e-01
6.9391e-01
8.0762e-01
8.8659e-01
6.6039e-01
8.8429e-01
7.0533e-01
6.1213e-01
6.8511e-01
8.9006e-01
8.1541e-01
6.3657e-01
6.5630e-01
7.2273e-01
6.3381e-01
8.8586e-01
6.9058e-01
8.5046e-01
6.4152e-01
6.7425e-01
6.8299e-01
8.5130e-01
6.2094e-01
8.8191e-01
7.5519e-01
6.9685e-01
8.9337e-01
7.1184e-01
6.3993e-01
8.0085e-01
7.4818e-01
7.2183e-01
6.8524e-01
8.2265e-01
8.7084e-01
9.0600e-01
9.5982e-01
7.2196e-01
6.5711e-01
9.7321e-01
9.0253e-01
7.1487e-01
8.9913e-01
7.4007e-01
8.3028e-01
6.8024e-01
7.0499e-01
8.0148e-01
6.4321e-01
6.2217e-01
7.1487e-01
7.7281e-01
9.7065e-01
7.6301e-01
8.3492e-01
9.8533e-01
7.9524e-01
9.1824e-01
8.7157e-01
6.0009e-01
9.3754e-01
9.6904e-01
9.5703e-01
7.5332e-01
6.6499e-01
7.8523e-01
6.9105e-01
9.2540e-01
7.0755e-01
6.7548e-01
7.5302e-01
6.5765e-01
6.2008e-01
7.2720e-01
8.4987e-01
8.8789e-01
7.3874e-01
7.3994e-01
6.6147e-01
7.0396e-01
6.6436e-01
9.7858e-01
6.6131e-01
8.3703e-01
8.4034e-01
8.9232e-01
8.4261e-01
8.1104e-01
6.5485e-01
7.0823e-01
9.7424e-01
6.4348e-01
7.6159e-01
6.1893e-01
7.9797e-01
7.8500e-01
6.6720e-01
8.3419e-01
7.7124e-01
9.3294e-01
8.8553e-01
9.2309e-01
6.1180e-01
9.5569e-01
9.2155e-01
9.4068e-01
8.6383e-01
7.1654e-01
6.7098e-01
7.9026e-01
6.2019e-01
9.3960e-01
6.7586e-01
7.0621e-01
8.0481e-01
8.0296e-01
9.0031e-01
8.0031e-01
7.8363e-01
7.2333e-01
6.5230e-01
9.0631e-01
8.1586e-01
7.5934e-01
8.5995e-01
9.2603e-01
8.8624e-01
7.2340e-01
7.8828e-01
7.4530e-01
6.0712e-01
7.1865e-01
7.5024e-01
9.6921e-01
8.9893e-01
7.2911e-01
6.9363e-01
6.2859e-01
8.6636e-01
7.8419e-01
6.3043e-01
9.5571e-01
8.9578e-01
7.8644e-01
8.0962e-01
7.9923e-01
6.3322e-01
6.6660e-01
9.9302e-01
7.4068e-01
6.1840e-01
7.3438e-01
9.8489e-01
8.1253e-01
7.5662e-01
7.3011e-01
8.8154e-01
9.1356e-01
7.5484e-01
9.1462e-01
7.0308e-01
9.6430e-01
8.5784e-01
6.8682e-01
6.2258e-01
7.0270e-01
7.9788e-01
8.9858e-01
9.7014e-01
8.2633e-01
9.1658e-01
6.4983e-01
8.3226e-01
6.1947e-01
9.1726e-01
7.8549e-01
9.7752e-01
6.1691e-01
9.3596e-01
8.3311e-01
9.4617e-01
6.4799e-01
7.5639e-01
8.2490e-01
8.6222e-01
8.8706e-01
7.9381e-01
9.4729e-01
6.2639e-01
7.3336e-01
7.2439e-01
9.6113e-01
8.2759e-01
8.9326e-01
9.1694e-01
8.9579e-01
6.1590e-01
7.7784e-01
7.3854e-01
7.7328e-01
6.7631e-01
8.6048e-01
6.2454e-01
7.7389e-01
8.4203e-01
9.4442e-01
7.6905e-01
7.2456e-01
8.4590e-01
8.3207e-01
6.1986e-01
6.1425e-01
7.4086e-01
6.6902e-01
8.3398e-01
8.6939e-01
7.6992e-01
9.5733e-01
9.2308e-01
9.9054e-01
7.8938e-01
9.9704e-01
8.3173e-01
7.7466e-01
8.4255e-01
6.1038e-01
9.8319e-01
9.9541e-01
8.8318e-01
8.4828e-01
8.3300e-01
8.4308e-01
8.0453e-01
6.8713e-01
9.0108e-01
9.0485e-01
8.4975e-01
7.4040e-01
9.0443e-01
7.3710e-01
7.2962e-01
9.6253e-01
8.7468e-01
9.0147e-01
7.0633e-01
9.1188e-01
8.6257e-01
7.0462e-01
9.1696e-01
8.1593e-01
8.0005e-01
6.7432e-01
8.2841e-01
8.9572e-01
9.8253e-01
8.0184e-01
8.2844e-01
6.4562e-01
9.8162e-01
8.1628e-01
8.1978e-01
9.9419e-01
7.2714e-01
9.9934e-01
7.9207e-01
8.9956e-01
8.8261e-01
8.6096e-01
8.8200e-01
8.0502e-01
9.6891e-01
7.9463e-01
8.8534e-01
9.0035e-01
9.7378e-01
7.6340e-01
8.0663e-01
9.5603e-01
9.1378e-01
8.8387e-01
8.2150e-01
9.9601e-01
8.4814e-01
7.5135e-01
7.6808e-01
6.9347e-01
9.4807e-01
9.5531e-01
7.9451e-01
8.0875e-01
7.5941e-01
8.6386e-01
7.3593e-01
8.3839e-01
8.8093e-01
8.7496e-01
6.9026e-01
9.3707e-01
6.9012e-01
6.6026e-01
8.2246e-01
6.9031e-01
6.2333e-01
7.7126e-01
6.0741e-01
7.3399e-01
9.0199e-01
6.2533e-01
8.2259e-01
7.6441e-01
7.0373e-01
8.7747e-01
7.1094e-01
7.0750e-01
9.3756e-01
8.7040e-01
9.9649e-01
8.3340e-01
8.3250e-01
9.9198e-01
6.4859e-01
7.2900e-01
6.6112e-01
6.4864e-01
7.4581e-01
8.5002e-01
7.9303e-01
6.6131e-01
9.0571e-01
7.5791e-01
9.7083e-01
6.7536e-01
7.7821e-01
8.7134e-01
6.7579e-01
6.3238e-01
7.0060e-01
6.9820e-01
7.5226e-01
8.3584e-01
8.5025e-01
8.6674e-01
8.6072e-01
6.1599e-01
9.8392e-01
9.9372e-01
6.3455e-01
8.6714e-01
9.7453e-01
8.0738e-01
9.3719e-01
8.8033e-01
9.8858e-01
7.7811e-01
8.2518e-01
8.7736e-01
7.3463e-01
8.2533e-01
6.6307e-01
9.9753e-01
6.5307e-01
8.5961e-01
9.9749e-01
6.5208e-01
9.8483e-01
9.6707e-01
9.0226e-01
6.9713e-01
7.0826e-01
9.1368e-01
9.3048e-01
9.9860e-01
7.7048e-01
7.7844e-01
8.7306e-01
6.3529e-01
7.3590e-01
7.3443e-01
7.2161e-01
9.8196e-01
9.5014e-01
6.9565e-01
8.3155e-01
8.9954e-01
7.1474e-01
7.4499e-01
6.0901e-01
9.9741e-01
8.5119e-01
9.8558e-01
8.2621e-01
8.4678e-01
7.5136e-01
7.9993e-01
6.1466e-01
6.6010e-01
7.0984e-01
8.7424e-01
9.8363e-01
7.5758e-01
7.4562e-01
6.1733e-01
9.6947e-01
7.5863e-01
8.2926e-01
8.1030e-01
6.5996e-01
9.5627e-01
9.0889e-01
9.6608e-01
9.7485e-01
9.8385e-01
8.8255e-01
7.4741e-01
9.3906e-01
8.4156e-01
8.0108e-01
7.9561e-01
7.2669e-01
9.0414e-01
6.5507e-01
7.2667e-01
8.7971e-01
7.9795e-01
8.5593e-01
7.7824e-01
8.2291e-01
9.9633e-01
8.0904e-01
9.2077e-01
9.4623e-01
8.5514e-01
9.8450e-01
6.8079e-01
6.7413e-01
9.8679e-01
7.8614e-01
8.9062e-01
6.8116e-01
6.7730e-01
7.6401e-01
7.4480e-01
6.7545e-01
6.8707e-01
9.4432e-01
6.4490e-01
6.7958e-01
9.3666e-01
7.0536e-01
6.3762e-01
6.3691e-01
6.2703e-01
9.6032e-01
8.6033e-01
8.9940e-01
6.3940e-01
9.6610e-01
8.0126e-01
7.6406e-01
8.3199e-01
8.7108e-01
8.9961e-01
8.2577e-01
8.4359e-01
6.8887e-01
9.6003e-01
7.8728e-01
8.7946e-01
7.3254e-01
7.9656e-01
7.3393e-01
7.6435e-01
7.8474e-01
6.8777e-01
7.6106e-01
7.0161e-01
9.4361e-01
6.3994e-01
7.9103e-01
9.8306e-01
8.2610e-01
7.4422e-01
6.0150e-01
7.4910e-01
6.5310e-01
8.5074e-01
6.4400e-01
7.9987e-01
6.7492e-01
9.2959e-01
7.3400e-01
7.3049e-01
7.7901e-01
8.2759e-01
7.8972e-01
8.4033e-01
8.7618e-01
9.5063e-01
8.7971e-01
9.4467e-01
6.4606e-01
9.0054e-01
9.2204e-01
8.9887e-01
6.6670e-01
8.6790e-01
9.0910e-01
8.2494e-01
9.9623e-01
6.7411e-01
8.5181e-01
7.7351e-01
8.3917e-01
7.3737e-01
9.7279e-01
9.8970e-01
7.8137e-01
9.6272e-01
7.8578e-01
6.4336e-01
8.1341e-01
6.9766e-01
8.5480e-01
6.0155e-01
6.5121e-01
9.3922e-01
8.0235e-01
7.0114e-01
7.8111e-01
8.9007e-01
6.7803e-01
7.4569e-01
6.0838e-01
7.3418e-01
9.9634e-01
9.8255e-01
8.6739e-01
9.0051e-01
8.1220e-01
9.0682e-01
7.5538e-01
8.9926e-01
8.1106e-01
6.5769e-01
8.6524e-01
7.8241e-01
9.7794e-01
8.7235e-01
8.6845e-01
8.5848e-01
8.4847e-01
6.4653e-01
8.3218e-01
9.8483e-01
7.3665e-01
9.0986e-01
9.5548e-01
9.3992e-01
8.2347e-01
8.2540e-01
7.6274e-01
9.8846e-01
6.2638e-01
7.7278e-01
8.9157e-01
8.1777e-01
7.0080e-01
7.4566e-01
9.8280e-01
9.2399e-01
9.7455e-01
7.3387e-01
9.0212e-01
8.9158e-01
6.6348e-01
7.3533e-01
8.7211e-01
6.2069e-01
9.0225e-01
6.5955e-01
8.2951e-01
9.8159e-01
8.0291e-01
8.3637e-01
6.6332e-01
9.7078e-01
9.2064e-01
8.0178e-01
7.0536e-01
6.1717e-01
6.6588e-01
8.5418e-01
9.0980e-01
9.4737e-01
9.7925e-01
8.4041e-01
6.9608e-01
7.0832e-01
6.6010e-01
