9.0111e-01
6.1245e-01
9.1050e-01
6.4079e-01
8.9257e-01
8.8784e-01
9.8199e-01
9.3572e-01
8.9529e-01
8.6049e-01
6.5901e-01
7.1530e-01
6.9256e-01
6.9795e-01
7.8921e-01
8.1788e-01
9.6639e-01
6.5650e-01
6.8556e-01
8.6955e-01
9.3458e-01
6.0062e-01
8.6782e-01
9.3168e-01
7.8589e-01
9.1194e-01
9.4548e-01
7.0036e-01
9.9708e-01
7.1057e-01
7.9061e-01
6.6002e-01
6.8420e-01
9.5771e-01
6.8080e-01
7.9975e-01
6.0245e-01
7.8326e-01
7.9777e-01
6.0928e-01
9.1902e-01
8.2745e-01
7.2130e-01
7.7769e-01
7.9466e-01
9.3232e-01
9.7704e-01
9.5474e-01
7.9693e-01
7.7764e-01
7.0225e-01
7.0791e-01
6.7272e-01
7.5839e-01
7.9360e-01
8.7093e-01
9.0092e-01
7.9252e-01
8.8585e-01
9.6548e-01
6.4235e-01
9.3440e-01
9.3352e-01
6.8557e-01
8.1837e-01
6.5146e-01
7.5994e-01
8.5328e-01
7.9986e-01
9.9672e-01
7.4882e-01
7.6301e-01
7.6830e-01
7.7404e-01
7.0862e-01
7.1963e-01
7.4521e-01
8.0494e-01
8.2847e-01
9.4427e-01
6.9253e-01
7.1384e-01
9.9644e-01
6.8028e-01
8.9403e-01
9.7242e-01
8.2087e-01
9.5838e-01
9.3079e-01
8.8323e-01
9.9049e-01
8.1253e-01
6.2065e-01
7.4328e-01
9.6464e-01
6.3064e-01
7.9396e-01
8.9443e-01
9.8395e-01
9.6702e-01
8.8163e-01
9.0254e-01
6.4425e-01
8.7864e-01
7.3385e-01
9.7906e-01
6.6640e-01
8.1591e-01
6.6623e-01
9.7512e-01
8.8521e-01
6.9488e-01
7.7390e-01
7.3608e-01
9.2402e-01
9.6812e-01
7.7776e-01
9.1915e-01
7.9813e-01
7.1665e-01
7.4444e-01
9.3248e-01
6.7539e-01
9.7414e-01
6.6813e-01
9.5574e-01
7.2395e-01
8.1088e-01
9.1473e-01
9.7526e-01
9.1280e-01
9.2248e-01
7.4350e-01
6.0337e-01
6.9585e-01
8.2306e-01
9.5015e-01
9.0711e-01
6.7570e-01
9.2200e-01
7.3684e-01
8.2086e-01
7.7739e-01
7.3994e-01
6.4169e-01
9.1447e-01
7.7168e-01
6.7699e-01
7.3865e-01
7.3210e-01
8.5970e-01
6.0496e-01
6.3996e-01
6.6541e-01
6.3370e-01
6.3818e-01
9.7694e-01
8.2553e-01
6.8424e-01
6.4590e-01
6.1441e-01
9.5642e-01
7.5349e-01
9.7789e-01
8.6211e-01
9.7084e-01
7.2519e-01
9.9425e-01
7.2281e-01
6.9157e-01
8.1070e-01
7.8000e-01
8.8087e-01
7.5375e-01
7.9421e-01
8.3487e-01
7.9215e-01
6.5814e-01
9.7866e-01
7.4402e-01
9.6735e-01
6.6914e-01
9.2234e-01
9.0180e-01
9.7880e-01
6.2584e-01
6.2309e-01
7.2151e-01
8.4125e-01
9.6798e-01
7.3653e-01
9.4081e-01
9.8343e-01
9.9773e-01
8.8138e-01
9.0412e-01
6.3522e-01
6.0904e-01
6.7011e-01
9.2720e-01
9.5484e-01
6.2320e-01
7.0155e-01
8.8792e-01
6.1208e-01
6.1888e-01
9.1609e-01
6.6918e-01
8.6312e-01
9.3999e-01
7.1785e-01
6.4093e-01
7.9004e-01
7.7104e-01
8.6548e-01
9.1039e-01
7.1253e-01
9.3455e-01
6.8599e-01
9.6930e-01
7.8598e-01
7.9125e-01
8.1453e-01
7.0727e-01
9.3942e-01
7.4307e-01
6.7593e-01
8.4216e-01
8.6084e-01
9.7487e-01
7.8178e-01
8.2942e-01
8.9648e-01
7.7554e-01
9.7078e-01
8.2397e-01
7.1947e-01
9.0870e-01
9.2742e-01
9.6132e-01
7.7400e-01
6.2405e-01
9.6927e-01
9.5572e-01
8.1624e-01
7.8027e-01
9.8889e-01
9.9500e-01
8.4497e-01
8.9927e-01
8.5012e-01
9.2329e-01
6.6137e-01
7.6671e-01
6.8329e-01
8.1891e-01
7.1529e-01
8.1957e-01
7.6253e-01
7.5949e-01
7.0031e-01
6.0732e-01
9.6834e-01
9.0542e-01
6.5446e-01
8.0479e-01
9.6584e-01
9.0361e-01
9.7780e-01
8.5394e-01
6.9570e-01
9.0834e-01
8.6295e-01
6.5662e-01
9.5804e-01
9.2690e-01
9.7286e-01
9.9288e-01
6.2582e-01
9.5308e-01
6.7719e-01
9.0155e-01
9.1689e-01
9.3724e-01
7.8036e-01
9.0743e-01
6.3423e-01
9.5915e-01
7.9539e-01
6.2095e-01
7.1435e-01
7.5348e-01
6.9185e-01
8.9156e-01
9.9225e-01
7.6906e-01
9.6964e-01
7.2755e-01
7.6697e-01
6.5990e-01
7.6530e-01
7.1394e-01
6.0484e-01
6.0988e-01
9.3452e-01
8.7005e-01
9.7905e-01
7.0434e-01
9.2661e-01
6.2287e-01
9.0768e-01
7.4232e-01
6.7551e-01
8.0128e-01
9.9811e-01
6.0292e-01
6.2043e-01
6.9804e-01
7.9368e-01
7.0612e-01
6.9336e-01
6.4048e-01
8.8846e-01
9.6460e-01
8.4835e-01
6.9186e-01
9.2912e-01
9.2355e-01
8.0645e-01
8.9841e-01
8.8175e-01
8.1538e-01
6.5318e-01
6.5449e-01
7.1425e-01
6.5710e-01
8.4148e-01
6.6970e-01
6.0263e-01
7.4983e-01
9.9500e-01
8.0389e-01
7.6777e-01
9.5241e-01
6.6296e-01
7.2006e-01
9.8094e-01
7.5221e-01
7.4487e-01
7.9454e-01
7.6218e-01
8.4363e-01
6.3035e-01
8.2676e-01
7.0683e-01
8.1799e-01
7.8347e-01
7.5622e-01
9.6507e-01
8.8464e-01
6.9961e-01
7.0195e-01
9.5703e-01
6.2387e-01
9.4031e-01
9.3976e-01
6.2031e-01
6.9926e-01
7.0673e-01
7.2097e-01
9.0489e-01
7.2371e-01
6.2507e-01
9.8063e-01
7.5524e-01
8.6544e-01
8.5880e-01
7.4889e-01
9.3319e-01
9.2672e-01
6.3112e-01
7.8642e-01
8.8692e-01
7.8860e-01
6.6082e-01
7.0367e-01
8.3629e-01
8.0263e-01
7.1925e-01
9.7064e-01
7.4811e-01
7.5725e-01
7.7861e-01
8.6023e-01
7.7224e-01
7.8937e-01
7.8461e-01
7.0942e-01
9.1967e-01
6.3982e-01
9.5866e-01
7.3173e-01
9.5461e-01
8.4705e-01
9.7466e-01
9.6297e-01
9.1373e-01
6.2475e-01
7.7323e-01
6.1054e-01
6.4271e-01
6.4656e-01
9.6599e-01
9.1842e-01
6.9231e-01
8.8264e-01
6.7568e-01
6.6065e-01
9.9843e-01
9.4361e-01
8.5087e-01
6.6406e-01
9.0041e-01
9.7827e-01
7.4364e-01
9.7760e-01
9.3825e-01
7.7350e-01
9.5089e-01
8.1198e-01
6.3069e-01
7.3446e-01
6.0328e-01
8.4242e-01
7.0882e-01
8.1927e-01
8.3362e-01
8.2914e-01
6.4704e-01
6.1009e-01
7.8215e-01
8.1149e-01
9.5212e-01
7.4737e-01
8.4961e-01
8.2948e-01
7.7577e-01
8.6496e-01
6.6541e-01
7.6586e-01
9.4840e-01
7.2303e-01
6.4317e-01
9.8774e-01
7.4271e-01
6.8052e-01
9.2363e-01
7.7633e-01
9.9514e-01
8.2450e-01
6.1552e-01
8.7838e-01
8.1519e-01
8.2837e-01
9.3917e-01
6.4654e-01
6.0655e-01
9.8167e-01
6.5035e-01
9.0826e-01
9.1032e-01
9.4413e-01
9.8546e-01
8.0053e-01
9.5578e-01
8.2257e-01
6.9484e-01
6.7165e-01
6.7638e-01
9.1087e-01
8.3454e-01
6.3664e-01
6.8145e-01
8.5167e-01
8.1139e-01
9.5379e-01
6.8260e-01
8.6599e-01
6.0200e-01
6.8240e-01
6.7225e-01
7.9345e-01
6.4145e-01
9.2221e-01
9.5586e-01
7.3387e-01
8.1966e-01
6.4701e-01
7.5595e-01
6.2378e-01
6.7316e-01
8.6787e-01
7.1324e-01
6.1132e-01
7.9423e-01
6.2218e-01
8.1444e-01
6.2856e-01
7.5250e-01
9.4159e-01
7.7885e-01
7.8013e-01
8.5178e-01
7.7526e-01
9.1851e-01
6.4880e-01
7.7445e-01
7.2696e-01
9.9121e-01
9.6104e-01
9.0360e-01
8.2825e-01
8.9705e-01
9.9521e-01
9.5689e-01
9.1588e-01
7.2330e-01
7.5894e-01
9.6447e-01
8.7885e-01
6.0128e-01
8.4501e-01
6.4017e-01
7.0092e-01
8.4318e-01
9.7154e-01
6.9138e-01
6.7942e-01
7.0785e-01
7.9850e-01
6.9022e-01
9.4283e-01
9.9798e-01
6.3139e-01
6.3828e-01
7.0497e-01
8.4787e-01
6.2379e-01
9.2995e-01
6.3615e-01
6.3510e-01
7.0766e-01
9.7207e-01
8.6701e-01
6.2220e-01
6.3973e-01
9.0915e-01
7.0310e-01
9.7375e-01
8.1881e-01
7.8793e-01
6.6229e-01
7.0250e-01
8.8838e-01
9.7151e-01
7.1524e-01
6.4451e-01
8.8864e-01
9.0437e-01
8.2035e-01
8.3534e-01
6.6858e-01
6.9240e-01
8.5386e-01
8.1203e-01
9.8480e-01
9.6620e-01
9.8652e-01
9.3760e-01
9.2215e-01
8.0515e-01
7.6965e-01
6.2101e-01
9.5916e-01
8.8594e-01
6.7726e-01
7.9283e-01
9.9351e-01
9.3592e-01
6.4028e-01
7.2625e-01
7.7790e-01
7.4808e-01
8.5526e-01
6.9650e-01
8.6309e-01
8.0737e-01
9.8987e-01
6.5123e-01
7.8249e-01
8.2925e-01
7.1330e-01
6.0455e-01
7.6406e-01
7.0706e-01
6.5574e-01
8.5413e-01
6.2665e-01
8.4267e-01
7.5419e-01
7.8914e-01
9.1071e-01
8.3545e-01
9.6816e-01
8.9816e-01
8.2071e-01
9.6699e-01
7.0820e-01
8.2466e-01
9.3734e-01
8.6081e-01
6.4561e-01
6.6666e-01
7.2893e-01
7.6402e-01
9.7645e-01
8.9895e-01
7.0561e-01
8.4458e-01
8.5730e-01
7.1631e-01
6.5263e-01
7.1887e-01
6.5864e-01
7.1286e-01
7.6800e-01
8.4624e-01
7.0441e-01
8.3724e-01
7.9944e-01
8.6948e-01
8.0603e-01
9.3448e-01
7.8053e-01
9.2925e-01
9.4950e-01
6.2272e-01
6.1567e-01
7.5809e-01
7.2757e-01
9.7118e-01
6.1119e-01
9.0220e-01
8.3042e-01
6.0645e-01
9.1953e-01
6.7551e-01
8.6132e-01
9.1413e-01
7.1687e-01
7.8979e-01
9.7291e-01
9.0300e-01
6.8129e-01
8.5634e-01
8.0842e-01
9.8575e-01
9.7853e-01
6.8158e-01
9.8231e-01
6.3553e-01
8.8880e-01
8.7801e-01
8.9771e-01
8.3486e-01
7.3236e-01
7.5219e-01
8.7691e-01
6.4948e-01
9.5835e-01
9.0223e-01
8.5994e-01
9.3813e-01
8.3269e-01
8.1982e-01
6.5741e-01
8.9836e-01
8.7557e-01
7.6550e-01
6.9244e-01
7.1804e-01
7.9496e-01
8.4003e-01
6.5382e-01
8.0856e-01
7.6155e-01
8.9807e-01
7.5149e-01
7.7265e-01
8.3065e-01
6.3833e-01
6.5188e-01
6.0999e-01
8.8418e-01
9.0337e-01
6.1413e-01
8.6377e-01
8.0281e-01
8.0081e-01
8.0137e-01
9.1345e-01
6.7950e-01
7.2274e-01
7.4916e-01
6.0295e-01
9.9720e-01
9.6318e-01
8.9619e-01
8.0760e-01
8.5456e-01
6.0521e-01
6.1647e-01
8.8005e-01
9.7367e-01
8.0844e-01
7.4506e-01
9.6203e-01
8.6102e-01
6.5425e-01
7.4365e-01
6.7849e-01
7.4509e-01
6.1052e-01
7.1393e-01
9.4087e-01
9.4218e-01
9.3271e-01
9.5367e-01
9.2271e-01
6.2771e-01
6.2127e-01
9.1588e-01
6.6462e-01
7.0582e-01
6.5590e-01
8.5121e-01
9.7251e-01
7.8489e-01
8.7049e-01
7.9991e-01
8.3813e-01
7.3736e-01
6.6497e-01
9.9030e-01
8.0564e-01
8.9990e-01
8.2290e-01
7.2857e-01
9.8098e-01
6.2311e-01
8.6846e-01
9.9112e-01
8.5623e-01
6.9779e-01
8.1798e-01
6.4243e-01
6.2157e-01
8.0824e-01
9.0325e-01
8.4266e-01
6.6038e-01
7.0428e-01
8.5103e-01
8.7834e-01
7.2420e-01
9.5137e-01
7.1763e-01
7.1720e-01
7.7602e-01
8.2863e-01
9.8081e-01
9.9731e-01
7.7214e-01
9.8183e-01
8.1772e-01
8.1859e-01
7.0372e-01
9.4782e-01
6.9995e-01
7.8631e-01
9.9995e-01
8.8280e-01
8.5529e-01
9.1540e-01
7.4285e-01
7.8120e-01
6.7321e-01
8.1097e-01
9.2686e-01
6.8681e-01
8.8285e-01
7.2374e-01
6.3506e-01
6.8219e-01
9.5648e-01
7.1441e-01
8.9362e-01
8.9984e-01
8.3615e-01
8.8127e-01
8.1864e-01
6.3266e-01
6.9624e-01
8.7927e-01
9.0335e-01
7.5359e-01
7.5766e-01
9.6230e-01
8.8798e-01
6.1047e-01
8.2883e-01
7.9178e-01
6.5967e-01
7.7683e-01
7.2274e-01
7.6991e-01
6.4278e-01
6.1938e-01
9.6143e-01
8.7380e-01
6.9337e-01
8.0851e-01
7.9466e-01
8.8731e-01
8.3713e-01
8.9531e-01
6.3300e-01
6.6796e-01
7.1919e-01
8.9679e-01
8.7141e-01
7.6857e-01
6.6160e-01
9.7178e-01
7.7435e-01
6.5068e-01
7.8389e-01
9.8171e-01
9.2723e-01
6.3768e-01
8.3323e-01
7.6818e-01
7.4318e-01
8.8670e-01
7.9775e-01
9.3034e-01
6.8359e-01
8.4065e-01
9.8402e-01
9.9933e-01
6.6848e-01
6.4648e-01
7.5769e-01
7.3565e-01
8.2055e-01
9.4121e-01
8.0372e-01
7.6560e-01
9.1057e-01
6.0905e-01
7.1564e-01
9.4618e-01
7.7781e-01
6.1775e-01
9.9473e-01
7.1426e-01
7.0850e-01
7.0203e-01
8.9937e-01
8.6338e-01
6.5013e-01
7.9597e-01
6.4793e-01
9.3086e-01
7.1533e-01
8.0257e-01
8.3411e-01
7.5093e-01
9.8018e-01
6.8548e-01
8.7873e-01
8.2558e-01
6.6798e-01
7.1683e-01
6.5840e-01
8.7956e-01
8.7326e-01
9.5918e-01
7.9842e-01
7.9672e-01
6.0221e-01
7.9667e-01
9.9328e-01
6.8799e-01
9.6567e-01
9.9200e-01
8.3216e-01
6.7134e-01
8.6978e-01
9.6449e-01
7.0696e-01
6.6139e-01
8.1067e-01
6.3399e-01
8.6987e-01
7.9118e-01
8.5433e-01
6.7793e-01
6.6924e-01
6.8686e-01
6.8280e-01
8.7624e-01
7.0797e-01
9.3342e-01
6.6064e-01
6.8128e-01
7.7633e-01
8.2944e-01
6.2953e-01
9.6684e-01
9.7647e-01
9.0453e-01
6.9970e-01
6.5508e-01
8.2295e-01
6.2071e-01
7.0263e-01
7.9457e-01
6.7546e-01
9.1148e-01
9.8669e-01
6.6903e-01
9.4798e-01
9.9509e-01
9.3934e-01
7.6238e-01
9.0425e-01
7.0264e-01
8.2796e-01
6.6645e-01
9.5892e-01
7.5359e-01
6.7968e-01
6.4679e-01
7.7547e-01
9.9991e-01
7.7338e-01
9.8552e-01
9.6700e-01
9.9829e-01
6.3823e-01
7.7149e-01
9.0430e-01
7.6277e-01
7.7870e-01
9.8070e-01
8.1361e-01
6.5917e-01
6.7538e-01
9.1570e-01
6.1502e-01
9.6660e-01
9.2269e-01
7.6319e-01
7.2613e-01
7.6481e-01
8.8036e-01
8.9030e-01
7.2497e-01
6.8216e-01
9.9092e-01
9.8248e-01
7.6061e-01
7.3602e-01
8.0040e-01
9.3653e-01
9.3277e-01
7.1647e-01
9.8381e-01
9.2868e-01
6.2615e-01
9.5311e-01
9.9340e-01
7.5602e-01
7.1596e-01
6.4675e-01
7.3824e-01
6.4046e-01
9.5788e-01
6.2901e-01
8.1502e-01
8.8767e-01
7.0414e-01
9.0481e-01
6.1323e-01
9.5585e-01
6.7049e-01
7.1855e-01
7.8991e-01
8.3216e-01
8.2115e-01
8.9703e-01
6.9214e-01
8.6406e-01
7.9189e-01
7.6742e-01
7.8349e-01
6.0872e-01
6.9915e-01
7.1837e-01
7.5299e-01
7.2192e-01
9.1725e-01
8.9477e-01
9.9541e-01
6.8484e-01
6.9589e-01
6.6957e-01
7.5872e-01
9.9354e-01
8.4262e-01
8.1092e-01
8.9993e-01
7.7090e-01
9.1449e-01
7.6353e-01
8.9431e-01
6.8423e-01
8.9167e-01
9.1354e-01
8.7453e-01
6.6821e-01
8.9796e-01
7.5875e-01
8.0537e-01
6.9340e-01
7.4173e-01
6.3431e-01
6.1900e-01
6.5384e-01
7.5402e-01
8.1615e-01
7.9427e-01
7.7650e-01
9.5232e-01
6.8277e-01
8.7398e-01
7.9707e-01
9.0619e-01
7.2419e-01
6.5000e-01
7.5334e-01
6.2396e-01
9.7716e-01
7.5646e-01
6.3617e-01
8.4901e-01
8.6694e-01
8.4555e-01
7.7308e-01
6.6390e-01
8.0466e-01
9.8145e-01
7.4158e-01
9.0314e-01
9.8034e-01
6.5095e-01
8.1540e-01
9.7646e-01
7.9260e-01
7.6716e-01
7.6481e-01
7.8054e-01
9.5835e-01
6.9760e-01
6.5925e-01
9.0318e-01
6.8307e-01
9.9254e-01
8.4330e-01
9.6232e-01
9.2145e-01
6.6926e-01
9.3361e-01
6.7281e-01
6.2442e-01
7.7579e-01
6.3536e-01
9.9984e-01
8.8119e-01
7.2728e-01
7.2970e-01
6.1228e-01
7.5110e-01
8.7915e-01
9.8647e-01
6.8022e-01
6.7488e-01
9.8739e-01
9.7601e-01
8.7140e-01
9.8683e-01
6.0989e-01
8.7065e-01
6.7973e-01
9.5147e-01
6.3795e-01
6.9364e-01
7.3000e-01
7.7462e-01
8.5253e-01
7.7922e-01
9.5280e-01
9.9627e-01
9.8855e-01
6.3597e-01
9.9517e-01
6.1048e-01
6.6866e-01
8.1561e-01
7.6204e-01
6.8036e-01
6.3834e-01
9.0593e-01
6.3783e-01
6.9174e-01
7.9269e-01
9.1332e-01
8.9153e-01
9.7522e-01
8.5828e-01
9.1509e-01
7.0916e-01
7.7640e-01
6.1341e-01
7.4771e-01
6.9582e-01
9.1632e-01
7.0103e-01
8.2765e-01
9.7464e-01
7.6300e-01
9.5193e-01
8.9092e-01
8.9011e-01
7.0296e-01
6.7574e-01
8.0580e-01
6.7750e-01
7.3563e-01
7.6778e-01
6.3053e-01
6.6774e-01
9.2753e-01
8.7450e-01
7.4773e-01
6.9892e-01
6.7694e-01
8.2866e-01
7.1913e-01
6.3877e-01
6.1746e-01
7.1969e-01
7.0053e-01
8.6053e-01
7.0430e-01
6.6236e-01
6.8724e-01
7.4114e-01
8.5695e-01
6.4758e-01
9.6272e-01
9.3421e-01
8.4521e-01
6.5711e-01
6.3604e-01
6.2224e-01
7.4907e-01
9.7094e-01
8.5586e-01
9.7582e-01
7.2172e-01
9.4955e-01
6.7776e-01
6.3188e-01
6.6633e-01
8.0518e-01
9.7324e-01
7.8909e-01
6.8465e-01
9.8913e-01
6.4033e-01
8.5259e-01
6.3940e-01
8.2598e-01
7.5763e-01
7.8403e-01
6.3779e-01
6.1550e-01
7.2231e-01
9.2979e-01
6.7604e-01
8.8266e-01
9.9714e-01
7.0224e-01
9.8720e-01
8.5801e-01
8.9745e-01
8.1138e-01
8.9987e-01
6.0123e-01
8.0108e-01
8.0005e-01
7.2547e-01
6.8816e-01
7.7393e-01
9.9446e-01
7.8075e-01
7.8356e-01
7.4712e-01
8.1645e-01
7.1122e-01
7.4857e-01
8.1015e-01
6.6554e-01
9.6408e-01
9.8052e-01
7.7300e-01
6.4335e-01
6.9519e-01
6.7618e-01
8.4533e-01
9.8888e-01
6.6822e-01
8.4359e-01
9.2825e-01
8.4670e-01
7.3838e-01
6.2341e-01
6.2856e-01
7.8174e-01
8.3825e-01
7.0071e-01
6.8211e-01
9.7777e-01
9.3874e-01
9.9949e-01
9.6857e-01
9.4665e-01
7.4839e-01
9.9931e-01
8.5014e-01
9.3805e-01
7.9201e-01
6.3302e-01
9.7328e-01
8.5218e-01
7.5022e-01
9.5498e-01
9.0808e-01
7.5618e-01
8.8078e-01
7.1918e-01
6.7811e-01
7.8818e-01
6.9830e-01
9.9181e-01
9.8587e-01
6.7541e-01
8.4790e-01
8.7685e-01
7.6485e-01
6.9417e-01
6.1247e-01
7.9603e-01
6.0252e-01
7.0229e-01
8.9204e-01
6.7755e-01
9.9791e-01
9.0772e-01
8.0250e-01
8.3336e-01
9.7203e-01
7.0817e-01
6.5477e-01
8.3031e-01
8.3254e-01
9.5268e-01
7.8215e-01
6.4067e-01
6.2663e-01
9.6743e-01
7.0915e-01
6.3991e-01
8.5732e-01
6.7448e-01
8.9080e-01
7.5351e-01
9.7138e-01
8.7202e-01
6.6704e-01
8.4436e-01
6.2341e-01
7.7518e-01
8.0860e-01
6.6545e-01
9.1443e-01
8.1299e-01
9.3471e-01
9.6779e-01
6.3409e-01
8.5194e-01
9.0809e-01
7.6863e-01
6.3530e-01
8.4312e-01
6.6466e-01
6.3917e-01
8.6914e-01
6.4790e-01
9.2584e-01
6.5600e-01
6.5166e-01
9.5789e-01
9.8107e-01
8.0983e-01
6.2660e-01
6.7277e-01
8.9405e-01
6.8850e-01
8.0083e-01
7.3443e-01
7.9438e-01
7.4437e-01
9.8426e-01
6.4740e-01
7.9630e-01
9.9458e-01
9.8026e-01
6.3836e-01
7.6017e-01
8.4115e-01
7.1736e-01
9.4049e-01
6.2930e-01
6.9607e-01
6.2461e-01
9.9997e-01
6.8908e-01
7.9399e-01
6.5243e-01
9.3692e-01
6.5705e-01
8.4066e-01
7.5697e-01
6.2931e-01
7.4963e-01
8.4916e-01
8.9679e-01
9.7077e-01
8.6767e-01
7.9346e-01
6.1444e-01
8.4877e-01
9.3930e-01
6.0882e-01
6.3748e-01
9.3008e-01
8.3588e-01
9.5740e-01
6.2700e-01
6.0667e-01
8.3073e-01
6.5241e-01
6.4132e-01
8.3770e-01
7.1589e-01
7.5021e-01
7.2738e-01
8.9163e-01
7.7055e-01
9.8814e-01
7.7939e-01
9.2227e-01
8.1909e-01
7.8457e-01
9.3466e-01
7.1660e-01
6.3224e-01
8.6649e-01
9.1200e-01
9.9538e-01
6.4124e-01
8.7003e-01
6.3123e-01
9.8243e-01
6.6944e-01
8.2212e-01
7.0691e-01
9.7691e-01
8.2923e-01
7.1894e-01
7.7727e-01
8.8150e-01
6.6816e-01
8.6718e-01
7.6143e-01
8.6081e-01
7.2310e-01
7.7697e-01
6.0707e-01
9.1703e-01
8.1250e-01
7.4468e-01
8.2512e-01
8.3256e-01
7.9287e-01
7.0483e-01
6.7114e-01
6.5017e-01
6.1482e-01
7.6292e-01
6.9644e-01
6.6761e-01
9.1635e-01
9.0557e-01
9.7532e-01
6.7708e-01
9.1628e-01
7.1847e-01
7.4043e-01
9.9743e-01
7.8945e-01
9.1258e-01
8.1171e-01
8.8340e-01
7.2853e-01
9.3500e-01
6.6006e-01
6.3979e-01
9.3674e-01
9.0057e-01
9.8526e-01
6.5575e-01
7.3998e-01
6.6637e-01
7.5369e-01
8.1087e-01
9.2376e-01
9.8995e-01
8.2122e-01
9.1929e-01
9.6943e-01
8.2309e-01
8.7747e-01
8.0768e-01
6.2635e-01
8.9642e-01
8.8782e-01
8.1420e-01
8.6955e-01
7.1511e-01
7.5852e-01
9.9018e-01
8.1023e-01
8.8332e-01
7.2140e-01
9.6138e-01
8.6286e-01
7.7895e-01
9.3099e-01
9.1871e-01
7.2915e-01
7.9122e-01
7.3335e-01
7.3290e-01
9.0173e-01
6.4748e-01
8.4133e-01
9.8938e-01
6.0201e-01
6.9553e-01
8.9430e-01
8.8957e-01
7.5576e-01
7.6042e-01
8.8439e-01
7.8913e-01
6.4130e-01
8.8058e-01
9.0118e-01
6.6288e-01
8.6133e-01
7.7295e-01
9.9332e-01
6.7449e-01
7.5927e-01
9.0266e-01
9.7000e-01
8.1631e-01
9.7444e-01
6.5611e-01
6.9232e-01
8.2021e-01
7.8947e-01
9.6904e-01
8.4098e-01
6.6136e-01
6.6099e-01
9.5111e-01
6.8243e-01
8.0500e-01
7.1695e-01
8.9880e-01
9.6788e-01
7.5025e-01
6.6478e-01
6.0501e-01
8.7924e-01
9.7914e-01
8.5009e-01
6.0128e-01
7.5226e-01
6.5422e-01
9.7901e-01
9.2686e-01
9.8138e-01
9.0882e-01
9.8406e-01
8.8727e-01
6.5064e-01
9.1818e-01
9.1101e-01
7.7727e-01
7.4188e-01
6.7174e-01
8.8405e-01
8.0614e-01
7.2715e-01
9.4336e-01
7.1840e-01
6.5688e-01
6.5189e-01
7.2118e-01
7.2060e-01
8.7248e-01
6.9223e-01
9.2025e-01
9.5480e-01
8.5025e-01
6.0134e-01
7.3858e-01
7.5116e-01
6.6210e-01
8.6632e-01
8.6877e-01
6.9436e-01
8.9716e-01
9.7206e-01
8.2980e-01
9.1610e-01
7.2569e-01
8.1183e-01
6.0439e-01
9.3322e-01
8.8393e-01
6.4645e-01
6.9477e-01
9.5891e-01
9.2576e-01
7.2917e-01
6.8611e-01
8.9199e-01
7.4955e-01
6.6461e-01
9.6423e-01
6.2281e-01
9.8566e-01
7.0785e-01
7.7013e-01
7.3762e-01
7.7863e-01
6.1503e-01
8.7664e-01
7.2837e-01
7.2647e-01
8.1841e-01
8.7478e-01
7.7577e-01
6.8103e-01
8.5938e-01
6.5001e-01
7.5230e-01
9.2142e-01
9.9609e-01
8.2090e-01
6.6068e-01
6.1535e-01
6.4823e-01
7.0419e-01
8.0909e-01
8.3694e-01
6.2349e-01
7.4795e-01
6.0929e-01
6.7489e-01
8.3929e-01
8.0211e-01
6.2155e-01
6.2324e-01
9.0709e-01
8.0009e-01
8.0136e-01
7.8213e-01
6.9819e-01
9.8597e-01
6.9888e-01
7.6607e-01
7.7087e-01
6.6246e-01
6.8429e-01
7.1720e-01
7.6039e-01
6.1689e-01
6.8977e-01
8.6225e-01
7.7304e-01
7.7525e-01
8.0132e-01
8.0058e-01
7.1605e-01
8.7758e-01
8.8745e-01
9.8074e-01
9.4739e-01
9.7278e-01
7.2231e-01
8.5076e-01
9.6944e-01
8.8114e-01
7.3058e-01
7.1340e-01
8.8648e-01
7.4991e-01
6.9640e-01
8.5902e-01
7.0656e-01
9.1978e-01
7.3212e-01
9.3664e-01
7.3115e-01
9.0945e-01
7.4243e-01
9.0162e-01
7.0612e-01
9.6519e-01
8.0333e-01
9.6364e-01
9.9620e-01
7.0356e-01
7.0832e-01
7.9818e-01
8.0233e-01
9.5374e-01
7.6941e-01
6.2134e-01
7.6721e-01
7.9285e-01
6.7799e-01
9.5361e-01
7.7225e-01
7.7119e-01
7.2415e-01
8.8153e-01
8.9046e-01
8.9029e-01
8.3817e-01
6.8556e-01
7.6555e-01
6.5612e-01
7.2228e-01
6.1594e-01
9.7345e-01
6.2533e-01
6.6170e-01
7.4095e-01
7.4763e-01
9.1652e-01
9.9624e-01
9.6113e-01
6.3743e-01
8.3475e-01
8.6885e-01
7.2017e-01
9.5699e-01
7.0309e-01
8.1843e-01
6.9372e-01
7.3584e-01
6.5682e-01
6.5788e-01
9.0369e-01
9.7750e-01
6.0836e-01
8.3784e-01
8.9393e-01
9.9677e-01
9.1559e-01
6.1178e-01
6.8438e-01
7.8331e-01
6.4006e-01
8.4253e-01
8.6677e-01
6.7634e-01
7.6213e-01
9.7357e-01
7.6784e-01
6.4434e-01
7.3312e-01
8.9456e-01
9.2843e-01
6.0179e-01
6.9287e-01
7.2901e-01
9.0608e-01
9.2292e-01
9.6378e-01
7.5198e-01
6.1998e-01
8.8730e-01
8.3477e-01
9.0436e-01
9.9892e-01
9.0111e-01
8.7468e-01
7.4236e-01
8.7501e-01
9.1561e-01
7.0083e-01
8.9808e-01
8.3845e-01
9.4927e-01
9.2113e-01
6.3873e-01
6.4851e-01
9.0356e-01
6.4280e-01
9.5103e-01
9.2096e-01
7.8654e-01
9.7361e-01
6.2625e-01
7.4891e-01
9.8984e-01
9.7409e-01
7.6144e-01
7.1678e-01
8.1926e-01
9.5567e-01
9.3815e-01
8.6740e-01
6.3679e-01
6.9869e-01
8.9148e-01
8.3666e-01
6.7156e-01
7.7851e-01
6.6524e-01
6.5015e-01
8.6078e-01
7.5545e-01
9.2660e-01
9.3178e-01
7.1857e-01
6.0031e-01
8.4473e-01
8.2729e-01
8.5130e-01
6.6577e-01
7.1033e-01
6.4779e-01
8.4535e-01
6.4069e-01
7.0816e-01
6.2361e-01
9.2735e-01
9.0895e-01
6.9687e-01
6.3288e-01
7.4939e-01
9.4768e-01
6.1863e-01
7.2940e-01
8.2530e-01
7.4658e-01
9.0160e-01
7.9684e-01
8.9045e-01
6.0236e-01
8.4754e-01
6.2902e-01
8.3647e-01
7.1200e-01
6.1863e-01
8.2732e-01
7.3796e-01
6.5814e-01
8.4122e-01
6.8791e-01
7.8257e-01
9.4286e-01
8.7953e-01
7.2231e-01
9.3277e-01
9.0582e-01
8.4227e-01
8.5584e-01
7.7883e-01
8.2470e-01
9.0536e-01
7.5087e-01
9.3335e-01
8.3458e-01
9.7887e-01
6.7551e-01
9.4605e-01
9.6812e-01
7.2195e-01
9.3343e-01
8.2717e-01
6.3267e-01
7.4090e-01
8.3311e-01
7.1958e-01
7.5018e-01
6.1821e-01
6.2807e-01
7.2254e-01
6.0587e-01
6.5450e-01
6.4192e-01
7.9079e-01
9.7034e-01
8.9263e-01
8.6288e-01
6.4073e-01
8.5277e-01
7.8577e-01
8.9189e-01
6.1743e-01
8.3549e-01
9.0684e-01
9.8480e-01
9.9437e-01
9.7361e-01
9.4125e-01
6.1588e-01
7.5020e-01
7.7967e-01
8.3681e-01
9.8825e-01
8.2233e-01
9.8198e-01
9.4144e-01
9.6642e-01
6.4307e-01
9.6190e-01
8.5311e-01
7.8070e-01
7.0594e-01
6.6115e-01
8.5343e-01
7.1797e-01
6.2532e-01
9.3890e-01
8.4556e-01
9.8728e-01
7.4105e-01
7.5983e-01
6.7286e-01
7.4174e-01
9.0289e-01
8.8022e-01
9.6198e-01
9.2445e-01
8.1916e-01
9.2477e-01
9.1902e-01
9.7023e-01
8.7469e-01
9.7906e-01
7.8427e-01
8.9387e-01
9.5354e-01
6.1300e-01
7.9539e-01
9.8127e-01
9.1344e-01
6.1435e-01
8.1108e-01
8.6874e-01
8.2429e-01
8.1241e-01
7.2299e-01
9.3468e-01
6.1985e-01
6.9816e-01
7.5021e-01
6.1630e-01
9.5724e-01
9.9151e-01
7.2545e-01
8.5162e-01
9.9982e-01
9.4941e-01
7.8236e-01
7.4178e-01
8.5473e-01
7.1861e-01
6.3639e-01
8.9135e-01
6.3739e-01
8.8322e-01
7.8621e-01
7.6691e-01
9.8447e-01
9.0026e-01
6.4522e-01
6.9907e-01
6.9770e-01
6.6197e-01
9.0371e-01
9.2176e-01
9.5371e-01
8.4348e-01
7.9496e-01
8.0772e-01
8.7234e-01
8.0116e-01
7.1200e-01
8.5361e-01
6.5317e-01
9.4092e-01
9.5686e-01
6.6380e-01
7.7683e-01
9.0296e-01
6.7450e-01
7.6280e-01
9.1908e-01
6.6910e-01
6.9734e-01
8.3854e-01
6.6265e-01
8.3233e-01
8.8456e-01
8.1592e-01
6.5907e-01
7.6898e-01
6.2939e-01
7.3193e-01
6.4595e-01
8.8888e-01
6.2301e-01
8.1233e-01
7.7856e-01
8.0972e-01
8.7255e-01
6.9495e-01
8.0534e-01
7.5593e-01
6.2026e-01
9.7423e-01
7.3450e-01
6.1111e-01
8.6131e-01
6.6686e-01
8.3598e-01
7.3863e-01
6.2462e-01
9.0443e-01
9.3387e-01
8.9919e-01
7.9669e-01
9.1635e-01
6.2839e-01
7.2169e-01
6.8495e-01
7.5671e-01
6.9868e-01
9.3525e-01
6.8826e-01
7.4454e-01
6.0524e-01
9.7055e-01
7.6717e-01
9.2493e-01
7.9284e-01
9.8780e-01
6.7178e-01
6.9421e-01
8.4016e-01
7.1021e-01
7.4913e-01
9.7568e-01
7.2050e-01
9.1026e-01
8.8585e-01
7.1588e-01
7.8571e-01
6.3121e-01
7.8953e-01
9.6001e-01
8.2916e-01
9.3367e-01
6.6979e-01
6.6041e-01
8.5979e-01
6.9157e-01
6.3747e-01
8.2136e-01
8.9112e-01
7.6135e-01
8.0164e-01
8.0689e-01
8.2038e-01
8.5883e-01
6.7285e-01
6.7587e-01
9.3775e-01
8.3489e-01
9.4368e-01
9.8391e-01
9.3354e-01
9.0074e-01
8.0229e-01
8.3335e-01
6.3123e-01
9.4187e-01
8.4753e-01
6.6519e-01
6.5784e-01
9.4811e-01
7.2492e-01
9.9238e-01
6.0492e-01
6.7082e-01
6.9681e-01
7.0978e-01
7.4105e-01
8.3972e-01
8.5292e-01
9.5595e-01
6.1453e-01
8.1363e-01
6.2543e-01
9.2990e-01
7.3353e-01
7.5428e-01
7.4553e-01
9.6153e-01
8.5503e-01
7.8024e-01
8.2216e-01
9.1201e-01
8.1569e-01
6.7992e-01
8.4787e-01
6.4473e-01
9.9051e-01
6.1388e-01
8.1411e-01
7.9876e-01
7.5802e-01
8.5193e-01
9.2040e-01
8.1638e-01
7.4786e-01
7.8936e-01
6.3000e-01
7.1118e-01
9.5536e-01
9.9035e-01
9.0538e-01
7.3275e-01
9.9393e-01
6.7645e-01
9.9071e-01
7.7034e-01
6.2763e-01
7.6022e-01
9.2797e-01
7.5929e-01
7.0955e-01
6.5601e-01
9.8430e-01
7.6946e-01
8.5098e-01
6.7709e-01
9.6912e-01
6.5850e-01
7.7559e-01
7.9046e-01
7.2441e-01
8.3244e-01
8.4573e-01
7.8054e-01
6.9786e-01
8.7563e-01
7.3719e-01
8.9035e-01
9.2619e-01
6.4263e-01
6.9573e-01
9.0100e-01
7.8019e-01
9.2660e-01
8.7237e-01
7.5153e-01
7.2799e-01
6.2926e-01
6.3902e-01
7.9894e-01
9.5089e-01
7.0563e-01
8.8748e-01
7.3828e-01
9.8609e-01
7.9630e-01
7.7949e-01
6.9945e-01
8.3578e-01
7.7252e-01
6.8898e-01
7.4643e-01
7.6100e-01
9.2929e-01
7.0813e-01
7.3565e-01
7.8880e-01
8.0654e-01
7.2037e-01
9.8622e-01
6.9334e-01
9.0115e-01
6.1405e-01
6.3531e-01
7.7359e-01
8.8588e-01
6.9678e-01
8.3119e-01
6.4189e-01
8.2372e-01
8.0006e-01
7.7877e-01
9.6866e-01
9.7331e-01
7.5428e-01
6.3766e-01
8.6661e-01
6.8973e-01
7.2816e-01
6.2667e-01
7.8321e-01
7.6553e-01
9.1009e-01
7.9076e-01
8.1708e-01
7.0987e-01
8.4251e-01
7.0896e-01
8.6571e-01
9.7919e-01
9.5531e-01
8.5574e-01
8.6085e-01
9.7538e-01
7.7807e-01
6.8308e-01
8.5297e-01
8.2250e-01
6.1394e-01
7.3041e-01
6.7126e-01
8.7187e-01
9.8456e-01
7.8672e-01
6.8829e-01
7.7365e-01
7.4132e-01
7.5268e-01
8.6772e-01
9.4170e-01
7.9002e-01
6.7022e-01
9.3203e-01
9.3672e-01
8.2442e-01
7.5664e-01
9.9193e-01
8.7412e-01
7.5923e-01
6.4809e-01
9.7263e-01
9.1479e-01
8.4925e-01
6.0994e-01
9.1395e-01
6.7598e-01
7.4864e-01
6.9100e-01
7.7576e-01
6.9873e-01
8.6600e-01
6.5124e-01
8.7180e-01
7.8522e-01
7.0812e-01
6.2210e-01
6.3291e-01
7.1745e-01
6.7054e-01
7.9843e-01
9.6496e-01
9.0851e-01
6.7315e-01
8.2722e-01
7.7415e-01
8.9796e-01
9.8636e-01
6.2743e-01
6.1220e-01
6.1153e-01
6.9676e-01
9.8490e-01
6.3680e-01
7.7182e-01
8.6516e-01
9.5375e-01
8.3259e-01
7.0246e-01
6.9479e-01
6.3174e-01
6.2566e-01
7.5030e-01
8.4155e-01
8.2970e-01
6.3958e-01
6.8332e-01
7.3627e-01
8.0321e-01
7.2302e-01
9.2630e-01
8.0505e-01
7.4322e-01
6.0150e-01
6.2079e-01
6.4957e-01
6.3326e-01
8.9216e-01
8.4873e-01
6.5982e-01
7.2031e-01
6.5583e-01
7.7852e-01
7.1722e-01
6.4858e-01
7.4673e-01
7.4679e-01
7.8948e-01
9.5645e-01
9.1503e-01
8.5869e-01
8.5534e-01
9.5184e-01
9.5920e-01
8.3332e-01
6.2872e-01
9.3646e-01
8.0194e-01
7.9761e-01
6.9624e-01
8.0939e-01
6.0309e-01
9.7097e-01
8.7187e-01
8.7877e-01
6.4039e-01
7.2584e-01
9.0927e-01
8.9818e-01
6.8079e-01
8.6300e-01
6.5152e-01
8.6168e-01
6.1083e-01
8.7801e-01
8.2743e-01
8.7097e-01
8.6165e-01
6.1090e-01
6.7066e-01
7.5384e-01
7.3580e-01
6.5146e-01
7.2205e-01
9.6176e-01
8.9862e-01
7.4915e-01
7.0436e-01
9.7618e-01
7.7957e-01
6.1140e-01
6.6056e-01
8.4096e-01
9.3119e-01
8.6563e-01
6.9385e-01
8.8827e-01
6.8964e-01
8.4395e-01
8.2260e-01
6.8231e-01
6.3595e-01
7.3000e-01
8.0465e-01
9.9588e-01
7.7839e-01
6.7784e-01
6.8369e-01
6.8637e-01
8.3931e-01
9.0708e-01
9.2508e-01
6.9688e-01
7.9382e-01
8.0173e-01
6.8214e-01
6.1390e-01
7.9034e-01
7.5889e-01
9.3208e-01
7.2420e-01
7.5748e-01
7.9001e-01
9.0317e-01
9.2510e-01
7.5503e-01
9.7526e-01
6.2212e-01
6.2064e-01
7.3968e-01
6.5731e-01
8.6730e-01
6.6628e-01
8.3801e-01
7.0354e-01
8.4446e-01
6.9311e-01
6.2599e-01
6.0982e-01
9.3679e-01
7.5949e-01
8.2675e-01
7.1111e-01
6.8548e-01
9.0280e-01
6.4036e-01
6.4008e-01
9.1400e-01
6.0345e-01
6.2072e-01
7.7408e-01
9.6135e-01
6.6535e-01
7.3993e-01
8.4769e-01
7.3858e-01
9.8763e-01
7.9124e-01
9.4706e-01
6.5597e-01
8.8979e-01
7.4038e-01
7.9045e-01
9.6937e-01
9.4053e-01
6.2344e-01
9.2344e-01
9.2956e-01
8.3724e-01
7.7861e-01
9.5379e-01
6.8748e-01
9.7211e-01
6.0077e-01
6.7167e-01
6.1295e-01
7.5447e-01
9.7399e-01
7.7368e-01
8.5231e-01
6.5094e-01
8.3293e-01
9.1447e-01
6.9288e-01
6.6908e-01
8.1685e-01
7.5638e-01
9.7823e-01
9.8509e-01
7.2754e-01
9.0304e-01
7.3055e-01
9.0874e-01
9.5215e-01
8.8596e-01
9.6162e-01
7.4040e-01
6.5597e-01
7.7384e-01
7.2696e-01
7.1648e-01
6.6903e-01
9.1210e-01
6.6615e-01
9.9718e-01
9.8432e-01
9.1559e-01
7.5802e-01
9.9137e-01
9.8986e-01
8.0047e-01
6.0521e-01
7.4933e-01
6.1555e-01
8.2732e-01
7.1846e-01
6.3914e-01
9.8919e-01
6.9048e-01
9.7023e-01
6.5380e-01
7.0519e-01
8.6564e-01
7.2595e-01
8.9484e-01
6.3555e-01
9.4205e-01
6.9653e-01
6.9463e-01
8.2464e-01
9.7299e-01
7.7380e-01
8.0197e-01
6.5587e-01
6.4099e-01
7.3948e-01
7.3823e-01
7.2303e-01
9.9712e-01
9.7411e-01
7.9951e-01
8.7568e-01
8.5249e-01
8.3857e-01
8.9861e-01
8.7045e-01
6.4267e-01
8.1959e-01
9.4150e-01
9.8878e-01
7.9490e-01
7.4836e-01
9.9353e-01
8.0730e-01
9.8740e-01
7.8609e-01
8.8441e-01
8.8081e-01
6.6911e-01
6.2243e-01
7.6168e-01
9.9405e-01
6.2436e-01
8.4886e-01
9.4171e-01
6.0330e-01
7.8498e-01
6.5810e-01
6.7221e-01
9.9048e-01
9.7812e-01
6.6764e-01
6.7008e-01
9.5412e-01
9.9109e-01
7.8270e-01
8.0122e-01
7.1975e-01
7.0594e-01
8.1878e-01
9.9710e-01
9.8046e-01
6.9253e-01
6.5918e-01
7.9620e-01
8.1405e-01
7.3034e-01
9.3738e-01
8.2463e-01
9.5767e-01
9.5097e-01
8.1879e-01
9.9417e-01
9.4709e-01
8.1664e-01
9.9525e-01
6.8213e-01
9.8508e-01
7.3779e-01
6.2036e-01
6.2620e-01
6.8022e-01
8.8925e-01
7.5893e-01
7.4225e-01
9.8042e-01
6.4175e-01
6.5551e-01
8.6028e-01
9.7453e-01
7.2118e-01
7.4438e-01
9.0275e-01
6.3987e-01
9.5859e-01
8.6873e-01
7.3023e-01
6.0590e-01
6.1937e-01
9.6299e-01
9.3104e-01
7.7278e-01
8.3806e-01
9.2669e-01
8.0330e-01
6.3903e-01
8.6957e-01
6.0495e-01
6.4254e-01
9.0945e-01
9.9800e-01
7.6897e-01
9.3263e-01
8.2611e-01
6.1346e-01
6.9173e-01
6.4784e-01
7.7438e-01
9.6802e-01
9.0702e-01
7.7708e-01
9.3109e-01
8.9467e-01
6.2055e-01
6.9711e-01
9.4449e-01
7.7056e-01
6.8480e-01
6.4166e-01
7.7710e-01
9.4668e-01
7.7431e-01
9.4782e-01
7.2278e-01
8.4393e-01
9.1117e-01
7.7337e-01
9.7681e-01
7.4047e-01
6.6039e-01
9.7107e-01
8.0803e-01
6.9288e-01
7.8989e-01
9.5221e-01
6.6807e-01
7.8159e-01
6.7483e-01
6.0810e-01
6.7661e-01
6.9164e-01
7.1465e-01
8.3602e-01
6.7225e-01
6.5197e-01
7.6352e-01
6.1308e-01
6.7955e-01
9.0900e-01
6.1178e-01
6.2130e-01
8.6451e-01
6.7621e-01
9.2909e-01
9.9603e-01
9.1321e-01
7.0505e-01
6.3088e-01
8.7176e-01
7.5823e-01
7.8172e-01
7.1385e-01
6.5497e-01
9.7575e-01
6.2475e-01
7.4881e-01
7.8211e-01
8.4622e-01
8.2393e-01
7.9290e-01
7.7355e-01
8.4650e-01
8.4340e-01
6.1394e-01
7.5161e-01
7.7724e-01
9.4378e-01
7.4043e-01
8.7601e-01
9.2888e-01
7.2712e-01
8.1795e-01
8.2562e-01
7.4216e-01
7.4809e-01
6.2113e-01
9.1957e-01
8.9371e-01
9.3182e-01
8.3266e-01
8.4199e-01
9.3979e-01
9.3206e-01
9.2980e-01
8.5718e-01
7.0623e-01
9.5243e-01
9.8983e-01
9.4586e-01
6.4796e-01
6.7919e-01
6.5118e-01
7.8648e-01
9.8193e-01
8.6101e-01
7.5612e-01
8.6054e-01
9.0335e-01
6.3299e-01
6.2892e-01
7.6615e-01
7.3866e-01
7.7467e-01
8.3234e-01
8.9701e-01
6.5062e-01
7.3595e-01
7.7569e-01
9.5554e-01
9.5133e-01
8.2424e-01
8.7835e-01
8.8690e-01
7.1261e-01
6.6722e-01
9.1886e-01
8.4694e-01
8.8622e-01
8.5477e-01
7.9422e-01
7.4405e-01
9.5346e-01
6.1827e-01
9.9634e-01
7.3623e-01
7.8079e-01
8.9243e-01
9.0529e-01
6.7705e-01
6.6647e-01
8.1613e-01
6.5003e-01
6.9726e-01
7.8764e-01
6.7434e-01
9.2936e-01
7.9764e-01
6.7972e-01
7.1517e-01
6.5246e-01
6.6868e-01
7.9390e-01
7.0782e-01
8.6086e-01
8.8468e-01
7.0142e-01
9.8830e-01
6.7183e-01
6.0189e-01
7.4656e-01
6.5013e-01
6.0462e-01
8.2985e-01
7.8396e-01
9.0713e-01
8.3791e-01
6.7474e-01
8.2456e-01
9.7322e-01
8.6895e-01
8.7266e-01
9.7755e-01
7.7073e-01
6.3663e-01
9.2593e-01
8.9061e-01
8.5234e-01
8.4074e-01
9.2355e-01
8.6510e-01
8.4060e-01
7.1644e-01
9.9997e-01
6.5024e-01
8.4248e-01
7.7429e-01
9.7236e-01
7.8336e-01
8.8073e-01
6.5452e-01
9.9010e-01
9.1552e-01
9.8444e-01
6.2556e-01
7.0104e-01
9.2346e-01
8.9275e-01
8.6178e-01
6.4312e-01
7.3686e-01
6.2412e-01
6.0645e-01
9.5896e-01
9.8351e-01
8.2054e-01
7.9260e-01
9.0443e-01
8.8724e-01
8.3275e-01
6.2604e-01
9.2834e-01
8.5855e-01
6.1001e-01
6.8225e-01
6.3770e-01
6.9044e-01
6.5314e-01
6.8353e-01
9.1191e-01
9.7072e-01
7.4316e-01
9.6603e-01
7.3345e-01
9.4122e-01
7.4797e-01
7.4792e-01
9.9673e-01
9.5879e-01
6.9956e-01
9.3439e-01
9.2936e-01
7.0388e-01
6.7161e-01
6.2736e-01
8.2034e-01
6.5570e-01
7.9713e-01
8.6753e-01
6.0591e-01
9.7206e-01
8.5429e-01
9.9025e-01
9.7488e-01
7.9078e-01
7.9083e-01
6.6676e-01
6.2084e-01
8.4652e-01
6.3763e-01
6.8809e-01
7.7593e-01
7.0126e-01
8.1538e-01
6.7598e-01
7.2940e-01
6.7206e-01
7.3855e-01
7.4360e-01
9.6350e-01
8.7539e-01
7.5132e-01
6.5289e-01
9.9187e-01
6.0563e-01
7.4588e-01
9.8450e-01
6.2681e-01
7.6783e-01
9.6330e-01
6.5311e-01
8.7556e-01
7.4416e-01
7.8326e-01
9.8383e-01
6.1975e-01
6.9430e-01
7.3247e-01
9.6209e-01
7.6845e-01
9.4987e-01
9.8511e-01
6.2629e-01
9.8573e-01
7.5592e-01
7.9029e-01
7.5412e-01
8.5813e-01
6.6528e-01
8.2187e-01
8.5980e-01
7.7514e-01
8.9603e-01
7.1046e-01
7.4677e-01
9.8725e-01
9.4971e-01
8.8471e-01
8.4758e-01
6.6158e-01
8.5261e-01
9.8712e-01
6.3033e-01
8.2223e-01
6.7117e-01
7.9609e-01
6.5465e-01
8.6883e-01
8.5790e-01
9.8973e-01
8.5428e-01
8.9492e-01
8.4834e-01
9.2242e-01
8.9651e-01
8.5022e-01
6.0959e-01
8.4375e-01
9.1681e-01
7.7820e-01
7.7865e-01
9.2733e-01
8.4461e-01
7.6314e-01
8.5823e-01
7.2815e-01
9.2835e-01
9.0883e-01
9.5138e-01
8.2343e-01
8.3252e-01
7.2494e-01
9.6894e-01
9.9436e-01
6.8817e-01
9.7942e-01
7.5705e-01
8.8289e-01
9.1731e-01
9.9859e-01
9.7190e-01
8.7564e-01
9.0578e-01
6.3364e-01
7.1087e-01
9.2817e-01
8.8792e-01
8.0869e-01
6.5877e-01
6.4100e-01
8.2053e-01
8.1659e-01
7.5823e-01
8.1806e-01
9.7572e-01
7.2757e-01
6.0327e-01
8.3386e-01
6.1747e-01
8.3162e-01
6.5634e-01
9.1313e-01
6.4592e-01
8.0536e-01
8.4371e-01
6.9650e-01
6.5482e-01
8.0284e-01
6.3416e-01
9.3146e-01
7.5507e-01
6.6666e-01
6.8070e-01
7.5423e-01
8.5975e-01
8.3779e-01
6.5506e-01
6.6782e-01
9.4532e-01
6.3122e-01
7.9431e-01
7.5879e-01
9.3345e-01
8.3155e-01
8.0682e-01
6.3857e-01
6.6766e-01
9.2843e-01
8.6639e-01
6.7475e-01
8.5296e-01
6.5685e-01
9.2813e-01
6.4730e-01
8.0271e-01
7.7106e-01
9.0829e-01
7.1903e-01
9.7563e-01
9.2364e-01
6.4972e-01
9.1796e-01
6.9548e-01
7.4838e-01
8.1315e-01
7.6754e-01
8.7490e-01
7.0713e-01
9.7279e-01
6.4428e-01
8.3763e-01
9.5891e-01
8.5614e-01
8.8571e-01
8.8278e-01
8.1476e-01
8.7784e-01
8.5159e-01
9.0070e-01
7.9954e-01
9.8451e-01
9.4083e-01
9.1063e-01
7.4795e-01
9.4384e-01
9.0109e-01
6.7862e-01
9.7785e-01
8.0770e-01
9.2500e-01
6.0939e-01
7.5264e-01
9.0696e-01
7.6584e-01
9.7744e-01
9.1935e-01
9.8629e-01
7.5702e-01
7.8939e-01
8.2901e-01
6.3858e-01
6.7343e-01
9.4944e-01
6.6915e-01
8.0736e-01
6.7122e-01
6.5829e-01
9.0754e-01
9.3942e-01
7.0018e-01
8.0116e-01
9.0356e-01
8.2564e-01
6.1699e-01
8.4919e-01
8.0967e-01
9.6821e-01
6.3909e-01
6.2567e-01
8.4069e-01
7.7087e-01
6.9138e-01
7.9189e-01
6.1131e-01
9.5594e-01
7.4303e-01
6.8705e-01
9.7337e-01
6.1266e-01
8.1509e-01
8.3246e-01
8.6052e-01
9.1233e-01
6.6510e-01
7.9709e-01
7.9147e-01
8.1678e-01
9.5341e-01
8.4023e-01
8.7934e-01
8.0877e-01
6.2517e-01
8.7500e-01
9.7833e-01
9.2907e-01
7.5716e-01
8.3272e-01
8.6173e-01
6.3695e-01
7.8824e-01
8.3756e-01
8.7186e-01
7.0794e-01
8.0816e-01
7.9347e-01
9.9921e-01
8.5541e-01
7.8999e-01
9.4097e-01
9.8779e-01
9.3826e-01
9.7611e-01
8.2128e-01
6.2213e-01
6.5065e-01
8.8949e-01
7.4424e-01
7.1027e-01
8.2945e-01
9.7650e-01
7.0464e-01
8.1610e-01
8.2260e-01
9.7789e-01
8.5260e-01
6.6227e-01
9.1254e-01
6.1286e-01
9.0788e-01
6.9327e-01
7.4163e-01
6.4153e-01
9.4158e-01
8.2179e-01
6.1964e-01
8.4870e-01
6.4209e-01
8.1244e-01
8.1660e-01
7.3011e-01
6.8823e-01
8.3613e-01
6.1511e-01
7.5888e-01
8.3304e-01
9.7392e-01
7.4641e-01
6.0562e-01
7.5209e-01
6.7758e-01
8.7723e-01
6.5598e-01
6.9820e-01
9.8487e-01
8.7427e-01
7.5405e-01
8.4982e-01
7.3177e-01
6.3484e-01
7.6967e-01
7.1212e-01
6.7986e-01
8.8526e-01
9.8979e-01
7.3572e-01
6.4242e-01
8.6308e-01
9.2510e-01
9.7276e-01
9.7493e-01
9.1634e-01
7.1097e-01
7.4584e-01
9.4888e-01
6.3370e-01
7.1414e-01
9.0585e-01
7.2738e-01
8.1663e-01
7.3656e-01
6.0827e-01
8.4242e-01
7.5704e-01
8.1208e-01
6.8868e-01
9.2070e-01
7.7040e-01
8.5590e-01
8.4574e-01
6.4277e-01
6.0233e-01
8.2247e-01
9.0965e-01
7.8717e-01
9.2903e-01
9.3874e-01
9.3212e-01
9.1042e-01
6.2809e-01
8.0375e-01
8.7115e-01
9.0736e-01
6.5967e-01
8.4265e-01
7.2928e-01
9.9997e-01
6.3930e-01
6.7917e-01
9.6013e-01
6.9379e-01
9.0869e-01
8.0592e-01
8.7236e-01
8.6579e-01
7.4284e-01
9.4304e-01
8.6683e-01
7.6929e-01
7.9334e-01
6.5818e-01
9.0897e-01
9.0441e-01
9.4850e-01
7.6887e-01
8.3180e-01
9.6187e-01
7.5633e-01
7.6676e-01
8.6075e-01
9.7105e-01
8.7180e-01
6.2751e-01
6.8696e-01
9.1325e-01
9.1932e-01
6.6351e-01
8.9128e-01
8.1358e-01
7.8693e-01
6.1011e-01
8.5490e-01
9.1495e-01
9.3335e-01
8.9671e-01
8.0683e-01
6.4430e-01
8.3413e-01
7.5608e-01
9.0965e-01
6.3107e-01
8.9974e-01
8.8601e-01
6.1521e-01
6.9412e-01
6.6061e-01
9.2663e-01
9.6062e-01
9.9889e-01
6.6684e-01
9.4776e-01
7.2970e-01
8.5673e-01
7.5036e-01
8.5165e-01
7.1990e-01
8.6041e-01
6.0642e-01
6.9435e-01
6.4839e-01
8.0244e-01
7.5107e-01
9.4614e-01
8.3849e-01
7.0710e-01
7.1102e-01
8.5352e-01
6.4905e-01
7.1682e-01
8.3753e-01
6.3071e-01
9.3218e-01
7.6657e-01
9.6679e-01
8.0809e-01
9.4338e-01
8.7589e-01
8.9158e-01
8.5245e-01
6.6526e-01
6.2955e-01
8.1215e-01
6.2524e-01
7.8693e-01
9.2920e-01
9.6672e-01
9.3439e-01
6.5201e-01
9.9984e-01
8.6234e-01
9.9222e-01
7.3584e-01
7.9586e-01
8.4984e-01
9.3860e-01
9.5115e-01
7.5474e-01
7.5699e-01
8.4138e-01
9.8462e-01
6.1107e-01
7.7647e-01
6.7467e-01
7.3095e-01
9.8015e-01
8.6174e-01
8.9933e-01
7.7625e-01
9.8948e-01
9.2694e-01
8.9933e-01
8.4954e-01
8.0240e-01
9.3411e-01
8.4632e-01
6.8979e-01
6.6319e-01
9.5047e-01
9.0232e-01
7.1859e-01
8.0111e-01
8.4726e-01
6.5017e-01
9.6812e-01
9.1726e-01
7.9903e-01
9.8831e-01
9.3710e-01
7.8988e-01
9.0866e-01
6.2671e-01
6.1909e-01
6.5263e-01
7.0507e-01
7.3688e-01
7.5668e-01
6.7055e-01
6.5239e-01
6.3099e-01
6.6323e-01
8.1185e-01
7.1183e-01
8.9865e-01
8.7897e-01
8.5494e-01
9.7207e-01
8.6742e-01
7.0717e-01
7.0834e-01
6.6685e-01
6.6926e-01
7.6115e-01
7.3704e-01
8.1017e-01
9.7666e-01
9.1245e-01
6.4088e-01
6.3228e-01
7.0479e-01
6.3064e-01
7.6673e-01
8.0273e-01
6.8383e-01
6.4600e-01
8.0088e-01
6.9123e-01
7.4856e-01
9.7712e-01
8.9985e-01
9.8089e-01
8.3502e-01
8.6179e-01
9.2041e-01
7.2749e-01
9.4275e-01
9.5197e-01
9.8972e-01
8.7703e-01
9.5246e-01
8.0846e-01
6.6802e-01
7.3135e-01
6.6180e-01
9.6883e-01
8.9466e-01
8.6931e-01
9.0666e-01
9.0862e-01
9.8177e-01
8.9313e-01
6.9566e-01
6.6775e-01
9.2534e-01
6.2524e-01
8.5261e-01
6.4262e-01
9.0924e-01
6.2806e-01
8.6894e-01
9.7267e-01
6.4362e-01
8.5732e-01
7.9985e-01
6.3800e-01
8.1217e-01
7.1081e-01
8.2427e-01
9.1274e-01
8.7911e-01
8.1566e-01
6.9045e-01
8.9616e-01
9.0821e-01
9.9269e-01
8.3297e-01
8.9532e-01
7.5011e-01
7.6585e-01
8.2246e-01
7.2134e-01
9.8475e-01
8.9819e-01
9.8720e-01
9.1180e-01
6.7633e-01
6.6790e-01
7.2352e-01
9.7107e-01
7.1322e-01
8.3885e-01
8.9874e-01
7.7031e-01
6.5879e-01
7.4676e-01
7.6592e-01
9.9625e-01
6.5735e-01
8.1761e-01
9.7064e-01
8.7469e-01
6.2953e-01
9.8315e-01
9.6868e-01
6.8625e-01
6.5487e-01
6.2106e-01
9.9612e-01
7.9835e-01
7.8964e-01
6.5699e-01
8.3923e-01
7.5468e-01
9.5109e-01
6.4111e-01
8.2551e-01
8.0628e-01
7.1479e-01
9.3555e-01
9.0261e-01
9.8698e-01
9.9759e-01
8.5107e-01
9.4390e-01
6.1827e-01
7.2106e-01
6.3471e-01
7.7929e-01
8.3176e-01
8.8065e-01
8.0540e-01
7.4298e-01
9.0471e-01
7.7679e-01
7.4797e-01
7.4636e-01
7.4607e-01
6.8391e-01
7.4686e-01
7.9947e-01
9.8902e-01
9.3693e-01
6.2640e-01
6.9294e-01
9.0800e-01
6.6751e-01
7.4658e-01
6.8024e-01
9.3025e-01
8.5416e-01
6.2668e-01
7.7602e-01
9.2860e-01
6.0836e-01
7.5312e-01
7.0572e-01
6.7871e-01
6.2597e-01
8.7134e-01
6.6697e-01
9.8030e-01
9.7688e-01
9.7820e-01
8.0047e-01
8.5828e-01
6.2342e-01
8.7932e-01
9.4043e-01
6.0291e-01
9.8418e-01
7.7016e-01
9.5309e-01
6.5953e-01
8.7812e-01
9.8070e-01
7.8652e-01
9.7815e-01
9.0016e-01
7.2965e-01
7.6518e-01
6.0252e-01
6.6799e-01
6.1563e-01
6.3608e-01
9.5889e-01
9.8055e-01
8.6133e-01
6.3230e-01
7.5499e-01
8.7030e-01
7.1712e-01
8.3082e-01
6.2412e-01
8.8534e-01
9.8759e-01
8.6171e-01
7.8940e-01
8.6878e-01
8.7419e-01
8.7151e-01
6.9457e-01
7.5408e-01
9.6842e-01
6.4368e-01
6.5112e-01
