7.2920e-01
6.6654e-01
6.6753e-01
6.0812e-01
9.0618e-01
8.6189e-01
6.2342e-01
9.8567e-01
7.5498e-01
9.1293e-01
8.1389e-01
9.0936e-01
9.3473e-01
8.6565e-01
9.7491e-01
7.4675e-01
8.6675e-01
6.9816e-01
8.2730e-01
7.5415e-01
8.4387e-01
6.6322e-01
6.8244e-01
9.8217e-01
6.4981e-01
7.9682e-01
9.1020e-01
8.4969e-01
6.5035e-01
6.3488e-01
9.5807e-01
6.3432e-01
6.6533e-01
6.2595e-01
7.3311e-01
9.2407e-01
6.6848e-01
6.7893e-01
9.4271e-01
9.0818e-01
8.3175e-01
9.8455e-01
9.4924e-01
7.4815e-01
9.0810e-01
8.8954e-01
9.1560e-01
9.3742e-01
8.3107e-01
7.7208e-01
8.0208e-01
6.8908e-01
9.6615e-01
7.3291e-01
9.4153e-01
6.5985e-01
9.2699e-01
6.7505e-01
9.7517e-01
9.0128e-01
8.9825e-01
7.0568e-01
9.6368e-01
7.0458e-01
8.1361e-01
8.9252e-01
7.6474e-01
6.0770e-01
9.5147e-01
8.7736e-01
9.6225e-01
6.3007e-01
9.4098e-01
7.6544e-01
7.1532e-01
6.9441e-01
7.5715e-01
6.2157e-01
6.2951e-01
7.0959e-01
7.5662e-01
6.1216e-01
9.0704e-01
7.8286e-01
8.6802e-01
8.7923e-01
7.9441e-01
7.1558e-01
6.2612e-01
7.7629e-01
6.9628e-01
8.7412e-01
8.7649e-01
9.0667e-01
6.2098e-01
7.6646e-01
8.0059e-01
9.2706e-01
9.5729e-01
7.7139e-01
6.0228e-01
6.8194e-01
6.2049e-01
9.6729e-01
9.9099e-01
8.6321e-01
8.5824e-01
8.9411e-01
8.7892e-01
8.3273e-01
7.8808e-01
8.2510e-01
6.7845e-01
9.2996e-01
8.5623e-01
6.2850e-01
8.0031e-01
7.8644e-01
9.2917e-01
9.8392e-01
8.7296e-01
6.7196e-01
6.9627e-01
6.1435e-01
9.0648e-01
9.2057e-01
9.9335e-01
9.3430e-01
6.4110e-01
6.7353e-01
7.5408e-01
8.8231e-01
9.6489e-01
6.9767e-01
7.2006e-01
6.5966e-01
6.9578e-01
7.9428e-01
9.0779e-01
6.8654e-01
6.2513e-01
6.6147e-01
9.9342e-01
9.8045e-01
7.9666e-01
9.8711e-01
8.2519e-01
8.7686e-01
8.9941e-01
6.4887e-01
8.4789e-01
7.7692e-01
9.5383e-01
8.1613e-01
8.8275e-01
8.6414e-01
6.6182e-01
8.3106e-01
9.7731e-01
8.2021e-01
7.7848e-01
6.6174e-01
8.6953e-01
9.5568e-01
7.0747e-01
6.6299e-01
9.7019e-01
8.2634e-01
6.6841e-01
8.4539e-01
8.7233e-01
6.6827e-01
9.7978e-01
6.2879e-01
7.5021e-01
7.5397e-01
7.4094e-01
6.4089e-01
9.9441e-01
7.7450e-01
9.1518e-01
7.6192e-01
7.3766e-01
8.1877e-01
6.1345e-01
8.7919e-01
9.1100e-01
6.3520e-01
8.0837e-01
7.2482e-01
6.5258e-01
8.0506e-01
7.1155e-01
9.2775e-01
8.1976e-01
9.2936e-01
8.0351e-01
7.4656e-01
7.5733e-01
7.3964e-01
7.3954e-01
7.9013e-01
9.2836e-01
6.7066e-01
6.0115e-01
6.7358e-01
9.9368e-01
6.5630e-01
9.5948e-01
6.7983e-01
7.6217e-01
8.3660e-01
6.5997e-01
9.3621e-01
7.2703e-01
8.7760e-01
6.2406e-01
8.8579e-01
8.9460e-01
6.9821e-01
6.2050e-01
9.2847e-01
6.8107e-01
9.6547e-01
8.0889e-01
6.8196e-01
7.6239e-01
8.0182e-01
7.7776e-01
7.5501e-01
6.8995e-01
9.6139e-01
6.4272e-01
6.9515e-01
9.4230e-01
6.6514e-01
8.3932e-01
9.3570e-01
8.2450e-01
7.5845e-01
7.3897e-01
6.5746e-01
6.4690e-01
6.9960e-01
6.2552e-01
6.8985e-01
8.2162e-01
9.6952e-01
6.6189e-01
9.9813e-01
9.1855e-01
9.9123e-01
6.2181e-01
8.1976e-01
7.4624e-01
6.7688e-01
6.9211e-01
8.6248e-01
6.5028e-01
7.6622e-01
9.6004e-01
9.1001e-01
9.9335e-01
7.6640e-01
6.3470e-01
8.2803e-01
7.7084e-01
6.6805e-01
6.6991e-01
9.5415e-01
9.7959e-01
9.0785e-01
8.6237e-01
8.2992e-01
8.1762e-01
9.5040e-01
8.9812e-01
9.3508e-01
7.9142e-01
6.1740e-01
8.0867e-01
8.3009e-01
9.4320e-01
7.2680e-01
9.0780e-01
6.7861e-01
6.3257e-01
8.9171e-01
8.7721e-01
8.1752e-01
6.7183e-01
8.1270e-01
8.4521e-01
9.2838e-01
8.2776e-01
9.8089e-01
7.9215e-01
8.6174e-01
8.8247e-01
7.7244e-01
8.5609e-01
8.5683e-01
9.2593e-01
6.3499e-01
8.7416e-01
7.9828e-01
6.0170e-01
8.9414e-01
9.9517e-01
7.5250e-01
6.1178e-01
6.3253e-01
7.2374e-01
6.0088e-01
8.7089e-01
9.4109e-01
8.6806e-01
7.0528e-01
8.1157e-01
7.6525e-01
6.9608e-01
6.4239e-01
8.6354e-01
9.2771e-01
9.5677e-01
7.7252e-01
9.0133e-01
6.6390e-01
8.9712e-01
6.7250e-01
9.9273e-01
6.1323e-01
6.0329e-01
9.5722e-01
6.7021e-01
9.8580e-01
9.7841e-01
9.6796e-01
9.0700e-01
9.4350e-01
9.2470e-01
7.9785e-01
8.3338e-01
7.3514e-01
9.3583e-01
8.8769e-01
8.6483e-01
8.2300e-01
7.6996e-01
9.6372e-01
9.8263e-01
9.1028e-01
9.7359e-01
9.0276e-01
6.8186e-01
8.4838e-01
7.7529e-01
7.7896e-01
9.8226e-01
7.8269e-01
9.7550e-01
6.2023e-01
7.9197e-01
6.2955e-01
6.2505e-01
7.5109e-01
9.6235e-01
6.5183e-01
7.1875e-01
8.7890e-01
7.6904e-01
9.5428e-01
7.4582e-01
9.7418e-01
6.7630e-01
6.4421e-01
8.1516e-01
8.6518e-01
9.9292e-01
9.7132e-01
6.2607e-01
6.9986e-01
8.5667e-01
9.0863e-01
9.3209e-01
8.0429e-01
8.3940e-01
7.3072e-01
7.7643e-01
6.5010e-01
8.3477e-01
6.0467e-01
9.8269e-01
6.1112e-01
6.3463e-01
7.7389e-01
8.7184e-01
7.2188e-01
6.9918e-01
9.2714e-01
8.7230e-01
9.9980e-01
9.6390e-01
8.8465e-01
8.5563e-01
6.2920e-01
7.9626e-01
8.8171e-01
6.3627e-01
8.9708e-01
9.1684e-01
6.6358e-01
8.4816e-01
8.5531e-01
6.8956e-01
6.0329e-01
8.1836e-01
6.9803e-01
9.0249e-01
7.1429e-01
6.8260e-01
6.4744e-01
9.4358e-01
6.4725e-01
6.1966e-01
6.1224e-01
9.4712e-01
7.3026e-01
9.1784e-01
8.9867e-01
9.5763e-01
6.5964e-01
7.2077e-01
8.8305e-01
8.5621e-01
9.5064e-01
7.4859e-01
9.4204e-01
6.4516e-01
6.0219e-01
8.2660e-01
9.3736e-01
7.0060e-01
8.5000e-01
9.9758e-01
7.7344e-01
9.3602e-01
7.6450e-01
6.6445e-01
8.3373e-01
8.6151e-01
9.5075e-01
6.0608e-01
6.6651e-01
9.3434e-01
7.5462e-01
6.3388e-01
9.1435e-01
7.5779e-01
7.0940e-01
7.8094e-01
9.0137e-01
9.5236e-01
7.9387e-01
6.6210e-01
7.4025e-01
7.2713e-01
6.1821e-01
6.8872e-01
8.5059e-01
7.7995e-01
6.0794e-01
6.4059e-01
7.8770e-01
6.3022e-01
6.4489e-01
8.5142e-01
9.5739e-01
9.9105e-01
7.5913e-01
6.7256e-01
7.7139e-01
8.5207e-01
8.3700e-01
9.9315e-01
7.7362e-01
6.4584e-01
6.1011e-01
9.7442e-01
9.4151e-01
9.9439e-01
6.0242e-01
6.8108e-01
6.9091e-01
6.6472e-01
6.9279e-01
7.2732e-01
7.5297e-01
7.6080e-01
8.2734e-01
6.2597e-01
6.0262e-01
9.5969e-01
7.3033e-01
9.1773e-01
6.3335e-01
7.0137e-01
9.2894e-01
8.4121e-01
6.4500e-01
8.1486e-01
7.5607e-01
9.4035e-01
7.3649e-01
6.2841e-01
8.5306e-01
6.8889e-01
7.5002e-01
9.0972e-01
7.0607e-01
8.2663e-01
8.2674e-01
8.8976e-01
9.8484e-01
6.6555e-01
6.5462e-01
9.3380e-01
9.5658e-01
9.6102e-01
7.9058e-01
8.6568e-01
8.4592e-01
8.2000e-01
6.8309e-01
9.8937e-01
7.9086e-01
8.1682e-01
9.0381e-01
7.2140e-01
7.0112e-01
8.4114e-01
7.6350e-01
7.8360e-01
6.3705e-01
9.6193e-01
7.1660e-01
8.4307e-01
7.9534e-01
6.3218e-01
8.7011e-01
7.1397e-01
7.7354e-01
6.6709e-01
8.8700e-01
6.4091e-01
9.3714e-01
6.0529e-01
6.7677e-01
8.5579e-01
9.3869e-01
6.8464e-01
6.0507e-01
7.6448e-01
7.2635e-01
9.2753e-01
8.0617e-01
7.0213e-01
7.2572e-01
8.8873e-01
8.2933e-01
6.1799e-01
6.9702e-01
7.2735e-01
6.3783e-01
7.4466e-01
9.8408e-01
7.4444e-01
8.2810e-01
9.6611e-01
8.3476e-01
7.2720e-01
9.3312e-01
6.6124e-01
9.2130e-01
9.8834e-01
9.8259e-01
7.6963e-01
8.8711e-01
9.4713e-01
9.7601e-01
9.7865e-01
7.6092e-01
6.6814e-01
9.8408e-01
6.3716e-01
6.2796e-01
8.0973e-01
8.2458e-01
6.0005e-01
9.6766e-01
7.4476e-01
9.2572e-01
8.1494e-01
7.2680e-01
7.1171e-01
8.5036e-01
9.0690e-01
8.5089e-01
6.9103e-01
7.6458e-01
9.9097e-01
7.8602e-01
6.1435e-01
7.0246e-01
9.0605e-01
9.3430e-01
7.5584e-01
9.8197e-01
8.5833e-01
8.8039e-01
7.4239e-01
8.9787e-01
7.7494e-01
7.3361e-01
6.6676e-01
9.5440e-01
7.7518e-01
7.0292e-01
6.0733e-01
8.5116e-01
6.0070e-01
8.3521e-01
7.3078e-01
8.4917e-01
8.0613e-01
8.0525e-01
9.4822e-01
9.3445e-01
7.9993e-01
8.1566e-01
8.1758e-01
6.2281e-01
8.2374e-01
6.1051e-01
7.0135e-01
9.5586e-01
9.5615e-01
6.9461e-01
9.4554e-01
9.3722e-01
8.6869e-01
7.3512e-01
8.8353e-01
8.0527e-01
7.9051e-01
9.4216e-01
9.6960e-01
8.8941e-01
8.3368e-01
9.2662e-01
9.4045e-01
9.3834e-01
9.6675e-01
9.1285e-01
8.8269e-01
7.6895e-01
9.8327e-01
9.7261e-01
9.6071e-01
6.3784e-01
8.6347e-01
6.0043e-01
9.7356e-01
6.8519e-01
7.4918e-01
9.7112e-01
6.2986e-01
6.0039e-01
8.7399e-01
6.1828e-01
7.7940e-01
8.0847e-01
6.9657e-01
6.4752e-01
8.5794e-01
9.1443e-01
7.2502e-01
9.9819e-01
7.2726e-01
6.9656e-01
9.5822e-01
8.6930e-01
9.5692e-01
6.7263e-01
9.2487e-01
9.8949e-01
9.1202e-01
7.7363e-01
7.9394e-01
6.1204e-01
6.7803e-01
8.9754e-01
8.6814e-01
6.5328e-01
7.9442e-01
7.0619e-01
7.0160e-01
7.1355e-01
7.0056e-01
6.5762e-01
8.8841e-01
6.6873e-01
6.5936e-01
6.8818e-01
7.1992e-01
9.7640e-01
8.6404e-01
8.6225e-01
9.9811e-01
7.2953e-01
8.7986e-01
8.1216e-01
6.4562e-01
8.8533e-01
6.6623e-01
7.0981e-01
6.3799e-01
7.0217e-01
7.9242e-01
8.3942e-01
9.8986e-01
6.8508e-01
9.6027e-01
9.9162e-01
7.4015e-01
9.1836e-01
7.8448e-01
7.9585e-01
7.2978e-01
7.9139e-01
7.7991e-01
9.2544e-01
8.9704e-01
7.5294e-01
8.0443e-01
8.3146e-01
6.1757e-01
8.6983e-01
6.4962e-01
6.6995e-01
7.1886e-01
6.9332e-01
6.1480e-01
9.2516e-01
6.3983e-01
9.1474e-01
9.4127e-01
8.8066e-01
7.2476e-01
9.5181e-01
7.2033e-01
8.3563e-01
7.1674e-01
9.8358e-01
8.4659e-01
7.6975e-01
8.6847e-01
6.2674e-01
7.5085e-01
9.7126e-01
8.2781e-01
8.4266e-01
6.5808e-01
9.4664e-01
8.5283e-01
7.2046e-01
9.6968e-01
8.7403e-01
8.6953e-01
7.7410e-01
6.2009e-01
8.9921e-01
8.1698e-01
6.1942e-01
8.6526e-01
9.5183e-01
9.5958e-01
7.7664e-01
7.6286e-01
9.2893e-01
6.9577e-01
6.5177e-01
6.8311e-01
6.2394e-01
8.1024e-01
9.7546e-01
9.6929e-01
7.0651e-01
8.1994e-01
9.4920e-01
8.3839e-01
8.4971e-01
7.8700e-01
8.7873e-01
6.7224e-01
6.6575e-01
6.1107e-01
6.5907e-01
6.8074e-01
6.0429e-01
8.9219e-01
6.7214e-01
9.1448e-01
8.2930e-01
7.2240e-01
6.5659e-01
9.1377e-01
8.1742e-01
6.1836e-01
7.5516e-01
6.2830e-01
7.9869e-01
7.1914e-01
7.0035e-01
6.8889e-01
9.4858e-01
6.5220e-01
8.8704e-01
8.1914e-01
6.9552e-01
9.8743e-01
6.1303e-01
9.4257e-01
7.2485e-01
7.7426e-01
7.8170e-01
9.7398e-01
7.4823e-01
8.3549e-01
9.3081e-01
9.6749e-01
9.4542e-01
9.8848e-01
7.7651e-01
9.4637e-01
7.9605e-01
9.0512e-01
6.4363e-01
7.7899e-01
8.1183e-01
8.6378e-01
9.7404e-01
9.7022e-01
7.7316e-01
7.6699e-01
6.7056e-01
8.7049e-01
9.0621e-01
6.1331e-01
8.5151e-01
8.4198e-01
7.0276e-01
7.3825e-01
8.7374e-01
7.4419e-01
8.0144e-01
6.4976e-01
6.5850e-01
8.5657e-01
8.1282e-01
7.0399e-01
8.1379e-01
9.9188e-01
6.0958e-01
6.5594e-01
8.6820e-01
9.6530e-01
6.8560e-01
7.3127e-01
7.3324e-01
7.7532e-01
9.8244e-01
9.6512e-01
7.6772e-01
6.3464e-01
6.5036e-01
6.4540e-01
8.0361e-01
9.9610e-01
8.3606e-01
7.1292e-01
9.5034e-01
7.7817e-01
9.2213e-01
7.3087e-01
6.6405e-01
6.2898e-01
7.7624e-01
6.6492e-01
6.1027e-01
9.6933e-01
6.9437e-01
9.1527e-01
6.3684e-01
9.0149e-01
9.5633e-01
6.0103e-01
6.8756e-01
6.8709e-01
8.9063e-01
6.1517e-01
6.9115e-01
8.4974e-01
8.3162e-01
8.3518e-01
8.8610e-01
7.2862e-01
7.7417e-01
6.8684e-01
6.9340e-01
7.3991e-01
7.4311e-01
8.7994e-01
7.4033e-01
9.3122e-01
6.0958e-01
9.0820e-01
6.9953e-01
9.9405e-01
6.2565e-01
7.1121e-01
9.5689e-01
7.5236e-01
6.5554e-01
9.0461e-01
6.1661e-01
7.1006e-01
9.3565e-01
8.5574e-01
7.0790e-01
6.7908e-01
8.1074e-01
8.8474e-01
6.7746e-01
6.3514e-01
6.2205e-01
9.3115e-01
9.1967e-01
6.3758e-01
6.7067e-01
7.6441e-01
7.5744e-01
7.6505e-01
8.4325e-01
9.4838e-01
8.9572e-01
8.9675e-01
8.2684e-01
7.5451e-01
8.1142e-01
8.4331e-01
8.4679e-01
6.6977e-01
8.4552e-01
9.6942e-01
8.3563e-01
7.2322e-01
7.8733e-01
7.4553e-01
7.6228e-01
8.0791e-01
6.1080e-01
8.6073e-01
9.4676e-01
6.2049e-01
6.0712e-01
6.9713e-01
6.9357e-01
6.8321e-01
6.8317e-01
8.1867e-01
7.7634e-01
8.6120e-01
8.4000e-01
7.5987e-01
7.9027e-01
7.7783e-01
9.6804e-01
8.7693e-01
7.5911e-01
6.4743e-01
7.4096e-01
8.9446e-01
6.9904e-01
9.8427e-01
7.2624e-01
6.8588e-01
7.3217e-01
9.9768e-01
9.3903e-01
8.1723e-01
9.1882e-01
7.0272e-01
7.2256e-01
7.4059e-01
8.0180e-01
8.7189e-01
6.5353e-01
9.5431e-01
6.0491e-01
9.2922e-01
6.3172e-01
6.2784e-01
7.2561e-01
6.9663e-01
6.1074e-01
6.3285e-01
6.7207e-01
7.9205e-01
6.7642e-01
6.8692e-01
6.9103e-01
7.7520e-01
9.9814e-01
7.7712e-01
7.5648e-01
7.9905e-01
6.7309e-01
8.3397e-01
7.5192e-01
7.7091e-01
6.7761e-01
7.9439e-01
6.5012e-01
6.1250e-01
6.6737e-01
6.2457e-01
9.4877e-01
8.9243e-01
9.7059e-01
9.3832e-01
8.7101e-01
7.7614e-01
8.7647e-01
9.7130e-01
9.9457e-01
7.0453e-01
8.0365e-01
6.2708e-01
9.3564e-01
9.4045e-01
7.0191e-01
7.7326e-01
9.2250e-01
7.2527e-01
8.9701e-01
6.1235e-01
9.4699e-01
8.4771e-01
6.7799e-01
9.9065e-01
9.1228e-01
8.5744e-01
7.5882e-01
6.9881e-01
9.9909e-01
8.0238e-01
8.3162e-01
9.2689e-01
9.4587e-01
7.4745e-01
6.9269e-01
8.0570e-01
9.6975e-01
8.0198e-01
9.9100e-01
8.7321e-01
8.8700e-01
6.6777e-01
8.7856e-01
6.1541e-01
8.6530e-01
7.0758e-01
8.5232e-01
8.1336e-01
6.6501e-01
9.9993e-01
9.1258e-01
6.8327e-01
9.5101e-01
7.0571e-01
7.2861e-01
9.8136e-01
7.1332e-01
6.0994e-01
6.2328e-01
8.4148e-01
7.2564e-01
7.1400e-01
7.8284e-01
8.1433e-01
6.9070e-01
6.7435e-01
9.8517e-01
6.9402e-01
8.9909e-01
7.8035e-01
6.5301e-01
9.3896e-01
8.5465e-01
7.9018e-01
9.9303e-01
7.2864e-01
6.3111e-01
9.9790e-01
9.5203e-01
8.2278e-01
9.4758e-01
9.4117e-01
8.3615e-01
7.0452e-01
6.2096e-01
7.6950e-01
8.8071e-01
6.0550e-01
9.2336e-01
7.3745e-01
7.4683e-01
8.4063e-01
9.4677e-01
9.0464e-01
7.5578e-01
8.2023e-01
9.4839e-01
9.2661e-01
8.2824e-01
8.6125e-01
7.9511e-01
8.8060e-01
6.7428e-01
7.1713e-01
6.4549e-01
9.3967e-01
7.6185e-01
9.6418e-01
9.6231e-01
9.6399e-01
9.5959e-01
6.8062e-01
8.8404e-01
7.9617e-01
8.9921e-01
7.0917e-01
6.2876e-01
6.9705e-01
7.9057e-01
7.9185e-01
8.6091e-01
9.3907e-01
9.7023e-01
9.6062e-01
8.1645e-01
8.7672e-01
7.4569e-01
8.2834e-01
8.0678e-01
8.0005e-01
6.3637e-01
7.0808e-01
7.3612e-01
9.0684e-01
8.5616e-01
8.2292e-01
6.9874e-01
7.2424e-01
6.6737e-01
6.2824e-01
6.5124e-01
9.4544e-01
8.0721e-01
6.1214e-01
8.3709e-01
7.2189e-01
9.6157e-01
9.9021e-01
7.8892e-01
6.2260e-01
8.2875e-01
8.5803e-01
7.5068e-01
6.2305e-01
6.8076e-01
9.9209e-01
9.8458e-01
6.6935e-01
6.9750e-01
7.9147e-01
8.5920e-01
8.0420e-01
8.8041e-01
6.1899e-01
8.7092e-01
9.4336e-01
8.4337e-01
8.0371e-01
7.2232e-01
9.0097e-01
9.1486e-01
6.5830e-01
7.8214e-01
9.0644e-01
8.3857e-01
8.1265e-01
9.4711e-01
6.3614e-01
6.6460e-01
9.4393e-01
8.5946e-01
9.4718e-01
8.0516e-01
9.0325e-01
9.7722e-01
7.7032e-01
8.6376e-01
9.8951e-01
7.4499e-01
6.7509e-01
6.4337e-01
8.6283e-01
8.8197e-01
9.1767e-01
7.3057e-01
7.7386e-01
7.2323e-01
8.7329e-01
7.9954e-01
8.6265e-01
7.0171e-01
7.6328e-01
6.9641e-01
6.3180e-01
6.8474e-01
9.0436e-01
7.6515e-01
6.2618e-01
7.0489e-01
7.0303e-01
6.3988e-01
8.3880e-01
9.3671e-01
6.6648e-01
9.0889e-01
8.6388e-01
8.5483e-01
7.1148e-01
8.0089e-01
6.5892e-01
9.3317e-01
9.0509e-01
8.2867e-01
8.9792e-01
7.6967e-01
8.6793e-01
9.0107e-01
8.8916e-01
9.9395e-01
6.4931e-01
6.2111e-01
7.8319e-01
6.5001e-01
6.6768e-01
9.0817e-01
7.1823e-01
9.4631e-01
8.7020e-01
9.1267e-01
7.4663e-01
7.6538e-01
7.9360e-01
9.7476e-01
7.8998e-01
7.8619e-01
7.3113e-01
9.7471e-01
6.8562e-01
6.1988e-01
7.5474e-01
8.6854e-01
8.2240e-01
7.5817e-01
8.1589e-01
9.9852e-01
7.0581e-01
9.4317e-01
8.2253e-01
6.5078e-01
6.7706e-01
9.6596e-01
8.4535e-01
7.3446e-01
8.3194e-01
7.5305e-01
8.7684e-01
9.4767e-01
8.3621e-01
8.7890e-01
8.1539e-01
8.2272e-01
6.7325e-01
6.5623e-01
8.8381e-01
8.2213e-01
9.9181e-01
7.2253e-01
9.2418e-01
9.6031e-01
8.9282e-01
7.7839e-01
8.2768e-01
8.7095e-01
7.7606e-01
7.7303e-01
8.6149e-01
9.9939e-01
9.3955e-01
7.7655e-01
7.7615e-01
8.2835e-01
8.6106e-01
6.9253e-01
8.6155e-01
8.4048e-01
6.6538e-01
6.7688e-01
9.0325e-01
6.9956e-01
8.3800e-01
8.0883e-01
8.6735e-01
8.3028e-01
9.8216e-01
9.3070e-01
8.3480e-01
7.2669e-01
6.5769e-01
6.6465e-01
6.9088e-01
6.5037e-01
8.7372e-01
9.7735e-01
9.8965e-01
8.2157e-01
9.6600e-01
7.6234e-01
7.2980e-01
9.5550e-01
7.3981e-01
9.1318e-01
9.5112e-01
7.7268e-01
6.3138e-01
6.5176e-01
8.3382e-01
7.2061e-01
7.9061e-01
9.3886e-01
9.1576e-01
9.7912e-01
7.7959e-01
6.5077e-01
7.7598e-01
9.1614e-01
9.7268e-01
8.6580e-01
9.4538e-01
8.3508e-01
7.2916e-01
6.1682e-01
7.6716e-01
7.9071e-01
6.0852e-01
7.4740e-01
9.0719e-01
7.9770e-01
8.5273e-01
9.8047e-01
8.5693e-01
6.8114e-01
7.0024e-01
8.2360e-01
8.4450e-01
6.6642e-01
7.2777e-01
8.0433e-01
7.7048e-01
7.2210e-01
7.0098e-01
7.6053e-01
7.3096e-01
8.0125e-01
8.0957e-01
8.7339e-01
9.7095e-01
6.8652e-01
8.2531e-01
9.2701e-01
9.4259e-01
9.8748e-01
8.5123e-01
9.9686e-01
8.8295e-01
7.7768e-01
7.6758e-01
9.3078e-01
6.5459e-01
7.2386e-01
9.9536e-01
7.9968e-01
7.4482e-01
7.8927e-01
8.8246e-01
8.2578e-01
6.1408e-01
8.0049e-01
6.6441e-01
6.2815e-01
7.4937e-01
9.8109e-01
8.1425e-01
6.8505e-01
8.6098e-01
8.3519e-01
6.7984e-01
6.3425e-01
7.9115e-01
6.0255e-01
7.8119e-01
7.1914e-01
6.5457e-01
6.8070e-01
9.3392e-01
7.3619e-01
9.2231e-01
9.4160e-01
6.8375e-01
9.4914e-01
6.3131e-01
9.5824e-01
6.8464e-01
9.5322e-01
6.8244e-01
9.9733e-01
6.7657e-01
7.2091e-01
6.0655e-01
7.0062e-01
6.3313e-01
7.2970e-01
7.4745e-01
6.2105e-01
7.6596e-01
9.8213e-01
9.5649e-01
8.6800e-01
8.0908e-01
8.1724e-01
7.8333e-01
9.5618e-01
6.7087e-01
8.1795e-01
6.3466e-01
7.3437e-01
8.6358e-01
8.0252e-01
6.1095e-01
9.5932e-01
8.7300e-01
6.4619e-01
7.0612e-01
8.4018e-01
9.4653e-01
6.2594e-01
9.5413e-01
9.1820e-01
6.2489e-01
8.7062e-01
6.5666e-01
9.6485e-01
7.2499e-01
9.7003e-01
7.2557e-01
7.9403e-01
9.3869e-01
7.6492e-01
9.4833e-01
9.6753e-01
8.3243e-01
8.6687e-01
6.7834e-01
6.1098e-01
7.5575e-01
7.4382e-01
9.2107e-01
7.7012e-01
9.3435e-01
7.3978e-01
8.9986e-01
9.1854e-01
6.7924e-01
8.6440e-01
6.1713e-01
6.0253e-01
6.3787e-01
8.8269e-01
8.1842e-01
7.0482e-01
8.4440e-01
6.7313e-01
8.9209e-01
6.0195e-01
8.7339e-01
9.5707e-01
7.6231e-01
7.8780e-01
8.4244e-01
9.0756e-01
7.6963e-01
9.0366e-01
6.1814e-01
8.0645e-01
6.3659e-01
7.5699e-01
8.1770e-01
6.1233e-01
8.7644e-01
9.7098e-01
6.4240e-01
6.5202e-01
9.1174e-01
6.6085e-01
6.0449e-01
6.3489e-01
9.8623e-01
7.1108e-01
6.1561e-01
6.1518e-01
7.5406e-01
9.7701e-01
6.7840e-01
6.4224e-01
8.7551e-01
6.3939e-01
8.5265e-01
6.6207e-01
8.6426e-01
8.2362e-01
6.1128e-01
7.4233e-01
6.3829e-01
7.2439e-01
9.4728e-01
7.6423e-01
9.5065e-01
7.3570e-01
6.0938e-01
7.2255e-01
8.6296e-01
9.5598e-01
6.3963e-01
7.0200e-01
7.0889e-01
6.6095e-01
7.8220e-01
9.0378e-01
8.6421e-01
8.0844e-01
8.9802e-01
8.2139e-01
8.4609e-01
8.2882e-01
9.7978e-01
7.2798e-01
7.5963e-01
9.0474e-01
7.3356e-01
6.4783e-01
6.4516e-01
9.4919e-01
8.1736e-01
6.1464e-01
6.3948e-01
7.8789e-01
8.9944e-01
6.4197e-01
7.9115e-01
8.3571e-01
6.2705e-01
7.1654e-01
7.7493e-01
6.7932e-01
9.5056e-01
6.5380e-01
9.7121e-01
8.5571e-01
9.7840e-01
9.7887e-01
7.7751e-01
6.9760e-01
7.2671e-01
9.7187e-01
9.7199e-01
7.0709e-01
7.0961e-01
8.3492e-01
9.6142e-01
6.0386e-01
8.5697e-01
9.2330e-01
6.0325e-01
6.2748e-01
7.3699e-01
7.5813e-01
7.3755e-01
9.1902e-01
7.4128e-01
7.0205e-01
7.4668e-01
9.5501e-01
9.5338e-01
8.2502e-01
7.3713e-01
7.6139e-01
9.2997e-01
7.7866e-01
8.8895e-01
7.2603e-01
6.6542e-01
9.5573e-01
8.0488e-01
9.2410e-01
9.0411e-01
6.7974e-01
8.1212e-01
9.2397e-01
8.8243e-01
6.0942e-01
8.3678e-01
8.0719e-01
8.3484e-01
8.4858e-01
9.0241e-01
8.5691e-01
7.8990e-01
9.7423e-01
9.6032e-01
8.3043e-01
7.2092e-01
7.1343e-01
8.6955e-01
8.7385e-01
6.1281e-01
6.4517e-01
9.8137e-01
9.6741e-01
9.0029e-01
6.0502e-01
7.2557e-01
9.9035e-01
8.2329e-01
6.2830e-01
9.2085e-01
9.7829e-01
7.9994e-01
6.2185e-01
8.8246e-01
9.4732e-01
6.3594e-01
7.4328e-01
8.8619e-01
9.7322e-01
9.6610e-01
8.5951e-01
7.3750e-01
9.0724e-01
9.0313e-01
6.5442e-01
9.2966e-01
8.2881e-01
9.7280e-01
8.5178e-01
8.4435e-01
6.8743e-01
9.4922e-01
8.9731e-01
9.8341e-01
8.5238e-01
6.9989e-01
6.3786e-01
9.6173e-01
7.5343e-01
9.6656e-01
8.8453e-01
7.1970e-01
6.2081e-01
8.4227e-01
7.5829e-01
7.0309e-01
7.3830e-01
9.9935e-01
8.8908e-01
9.1824e-01
9.0631e-01
8.8529e-01
8.4604e-01
7.3610e-01
8.9416e-01
7.4313e-01
8.4676e-01
6.0541e-01
9.3815e-01
6.7489e-01
8.4770e-01
6.1053e-01
8.3284e-01
8.4368e-01
8.9853e-01
9.2405e-01
9.4793e-01
7.1542e-01
8.5577e-01
9.7584e-01
7.9323e-01
7.9812e-01
7.3557e-01
7.1168e-01
6.7461e-01
8.4740e-01
7.5625e-01
6.5099e-01
9.1579e-01
9.8190e-01
6.5115e-01
7.0622e-01
7.2669e-01
6.8453e-01
8.2423e-01
7.3074e-01
8.5103e-01
6.8090e-01
9.9698e-01
8.8901e-01
9.0780e-01
6.3946e-01
8.8803e-01
6.8731e-01
9.5125e-01
6.3484e-01
9.0765e-01
8.3098e-01
8.0604e-01
6.6088e-01
6.0311e-01
8.8306e-01
9.6937e-01
8.3594e-01
9.8204e-01
9.9546e-01
7.2483e-01
6.8656e-01
6.9279e-01
9.9333e-01
8.6805e-01
7.3894e-01
9.0434e-01
8.4085e-01
7.5062e-01
6.7287e-01
8.3324e-01
7.9141e-01
9.3635e-01
9.9097e-01
8.6898e-01
8.3140e-01
7.2544e-01
6.3093e-01
6.4158e-01
6.4152e-01
7.1611e-01
6.2179e-01
6.1555e-01
8.5623e-01
6.5921e-01
6.9772e-01
9.3795e-01
7.5298e-01
9.5471e-01
9.1630e-01
9.6252e-01
9.8704e-01
8.0253e-01
8.7670e-01
7.5103e-01
8.1359e-01
7.6362e-01
7.6848e-01
9.8225e-01
8.5963e-01
7.4169e-01
9.9258e-01
6.1102e-01
8.3423e-01
6.7298e-01
9.1801e-01
9.1629e-01
6.1430e-01
8.8297e-01
7.2634e-01
7.4941e-01
7.8122e-01
7.4021e-01
8.6861e-01
7.3497e-01
6.4620e-01
7.9260e-01
7.9676e-01
8.7433e-01
9.0614e-01
6.2130e-01
7.7419e-01
8.4466e-01
7.7819e-01
7.6257e-01
8.1620e-01
8.9572e-01
8.2566e-01
6.5834e-01
8.0105e-01
7.4567e-01
6.3794e-01
7.1039e-01
8.4310e-01
9.1833e-01
8.8590e-01
9.4240e-01
6.2930e-01
6.7342e-01
8.4953e-01
7.5136e-01
6.8772e-01
9.4737e-01
7.9925e-01
7.7224e-01
8.9253e-01
8.4843e-01
9.6388e-01
7.2387e-01
7.1776e-01
8.8144e-01
7.9988e-01
6.3683e-01
6.9478e-01
6.6063e-01
7.8238e-01
7.7030e-01
8.2329e-01
6.5347e-01
8.2996e-01
9.9353e-01
9.1618e-01
7.1537e-01
6.5182e-01
7.7007e-01
7.4172e-01
9.1253e-01
8.2078e-01
8.8991e-01
6.1108e-01
9.6555e-01
9.6738e-01
7.1420e-01
8.2267e-01
6.6588e-01
6.3339e-01
8.6495e-01
7.6045e-01
9.6503e-01
8.0898e-01
7.1166e-01
9.6301e-01
8.6566e-01
6.2637e-01
7.0363e-01
7.0629e-01
6.1154e-01
7.7491e-01
6.6546e-01
8.7334e-01
7.9461e-01
6.7266e-01
7.8977e-01
6.5697e-01
9.2770e-01
7.3557e-01
6.1009e-01
7.9754e-01
9.8213e-01
8.9831e-01
7.3164e-01
6.2033e-01
6.3845e-01
9.5674e-01
8.1659e-01
7.3056e-01
7.1415e-01
9.1321e-01
7.6632e-01
8.9661e-01
7.5990e-01
7.8880e-01
9.9917e-01
7.8901e-01
9.1236e-01
8.8032e-01
7.9576e-01
9.1184e-01
8.5152e-01
9.1999e-01
7.9041e-01
7.5790e-01
9.4134e-01
8.3206e-01
9.8263e-01
9.9710e-01
9.1692e-01
8.2773e-01
7.5564e-01
9.2190e-01
6.8255e-01
7.2215e-01
6.4531e-01
9.3468e-01
8.5155e-01
7.0298e-01
8.2611e-01
9.0830e-01
9.0104e-01
8.1327e-01
9.9050e-01
6.8439e-01
8.9347e-01
9.2281e-01
6.9631e-01
9.8232e-01
6.7717e-01
7.9482e-01
8.0639e-01
6.9237e-01
8.0243e-01
8.5262e-01
9.5524e-01
8.1081e-01
7.4449e-01
7.8377e-01
9.1132e-01
8.1857e-01
8.5943e-01
6.7603e-01
9.0912e-01
8.4759e-01
6.2301e-01
9.4082e-01
9.4757e-01
9.8485e-01
7.6863e-01
7.3125e-01
6.0559e-01
8.5014e-01
8.7955e-01
6.7284e-01
6.4419e-01
6.0216e-01
7.4009e-01
8.1054e-01
6.4703e-01
7.5578e-01
8.2943e-01
9.8018e-01
8.2316e-01
9.1432e-01
7.4192e-01
6.9295e-01
8.0869e-01
7.8954e-01
6.9594e-01
8.5578e-01
9.8118e-01
6.4291e-01
9.6758e-01
6.3357e-01
8.9520e-01
7.2640e-01
6.3012e-01
7.4748e-01
9.9986e-01
8.1717e-01
8.5390e-01
9.2408e-01
7.5461e-01
8.6422e-01
9.9882e-01
7.5778e-01
7.8306e-01
8.4584e-01
6.7800e-01
9.6305e-01
9.0294e-01
9.9156e-01
6.9271e-01
9.5906e-01
8.4513e-01
7.7581e-01
8.2186e-01
7.2539e-01
6.2980e-01
9.8579e-01
8.2374e-01
7.2820e-01
6.4534e-01
8.7246e-01
8.8733e-01
8.9103e-01
6.2675e-01
6.1608e-01
6.9521e-01
7.2377e-01
6.5728e-01
6.8503e-01
7.6582e-01
7.0671e-01
8.9726e-01
9.1593e-01
9.3398e-01
9.4920e-01
6.0315e-01
8.0745e-01
9.6389e-01
8.3659e-01
6.8186e-01
6.5958e-01
7.1514e-01
6.6037e-01
9.9479e-01
8.9148e-01
6.3949e-01
6.8555e-01
7.4831e-01
8.0258e-01
9.7484e-01
7.1276e-01
7.4141e-01
8.3506e-01
6.0210e-01
6.5027e-01
6.4059e-01
9.6596e-01
7.1583e-01
7.3017e-01
8.0968e-01
8.4682e-01
7.2668e-01
8.4489e-01
9.5599e-01
8.5073e-01
9.6352e-01
6.8030e-01
6.1926e-01
9.2937e-01
9.7287e-01
6.1712e-01
6.1556e-01
8.2163e-01
9.2549e-01
9.9031e-01
7.3663e-01
9.8799e-01
7.2238e-01
6.8458e-01
6.0115e-01
9.4178e-01
9.2180e-01
8.7730e-01
6.4994e-01
9.1979e-01
9.2918e-01
8.0515e-01
7.7034e-01
8.9484e-01
8.5322e-01
8.1778e-01
8.1091e-01
7.1545e-01
9.6247e-01
7.9204e-01
7.8551e-01
8.0296e-01
9.8513e-01
7.8422e-01
6.6065e-01
9.4659e-01
6.0588e-01
8.8183e-01
9.3794e-01
8.2177e-01
8.4377e-01
7.2678e-01
7.1078e-01
6.7100e-01
6.1802e-01
9.5254e-01
9.5576e-01
6.6492e-01
6.1702e-01
6.0638e-01
8.7452e-01
7.7326e-01
7.8709e-01
8.9772e-01
6.2634e-01
9.6449e-01
7.8511e-01
7.4614e-01
8.7853e-01
6.8356e-01
7.6628e-01
6.7839e-01
7.6782e-01
8.2275e-01
9.7149e-01
7.8736e-01
7.3407e-01
7.4237e-01
9.6221e-01
6.1986e-01
8.3987e-01
9.0769e-01
6.9673e-01
6.0896e-01
7.7562e-01
8.7434e-01
6.3893e-01
8.6647e-01
8.5545e-01
8.3144e-01
7.2926e-01
7.0349e-01
6.2958e-01
9.4178e-01
9.3908e-01
6.9402e-01
9.0365e-01
9.7365e-01
7.6708e-01
6.5296e-01
8.6842e-01
8.7020e-01
9.0574e-01
6.8190e-01
9.9084e-01
6.5583e-01
7.7177e-01
8.1161e-01
8.2328e-01
7.9584e-01
7.5956e-01
6.8794e-01
8.5503e-01
9.7789e-01
7.9712e-01
9.3489e-01
8.1696e-01
7.5667e-01
8.1255e-01
8.1509e-01
7.7473e-01
9.6526e-01
9.5523e-01
8.1689e-01
8.2320e-01
7.8009e-01
7.0159e-01
8.1173e-01
8.8042e-01
6.7956e-01
6.8189e-01
8.9354e-01
7.9453e-01
9.5430e-01
8.7808e-01
8.5516e-01
8.4619e-01
9.2235e-01
9.0947e-01
8.4162e-01
6.6422e-01
8.9936e-01
8.1276e-01
8.3771e-01
7.2715e-01
8.5267e-01
8.4399e-01
6.2500e-01
8.0853e-01
9.5444e-01
8.9733e-01
6.7551e-01
9.6262e-01
6.5653e-01
8.4221e-01
9.6087e-01
7.9377e-01
8.7151e-01
9.8326e-01
7.1814e-01
7.6373e-01
9.0719e-01
6.8113e-01
9.7603e-01
8.3834e-01
8.0013e-01
9.9509e-01
9.3270e-01
9.3145e-01
7.5647e-01
8.5318e-01
6.4045e-01
7.3213e-01
6.9347e-01
7.7639e-01
8.0908e-01
6.9287e-01
9.7815e-01
8.3859e-01
6.2491e-01
8.7664e-01
7.0075e-01
8.0474e-01
6.2965e-01
6.1697e-01
6.6280e-01
8.7913e-01
8.1514e-01
9.0091e-01
6.1443e-01
7.4998e-01
7.6438e-01
8.8879e-01
8.8274e-01
8.1178e-01
9.9208e-01
8.7918e-01
7.0140e-01
6.7281e-01
6.7475e-01
8.9642e-01
7.1833e-01
7.9918e-01
6.0492e-01
9.4027e-01
6.2325e-01
9.5693e-01
7.4217e-01
9.6867e-01
9.2035e-01
6.8404e-01
9.9185e-01
7.0599e-01
7.8456e-01
7.7773e-01
9.2636e-01
9.2847e-01
9.1144e-01
7.2623e-01
6.8621e-01
8.7101e-01
8.9864e-01
6.4173e-01
7.1461e-01
7.9279e-01
6.7828e-01
9.2321e-01
9.9032e-01
6.0205e-01
7.7130e-01
9.9098e-01
6.4838e-01
7.6393e-01
7.4421e-01
9.1132e-01
7.1124e-01
7.6819e-01
7.0013e-01
8.7485e-01
8.6148e-01
7.3553e-01
8.9763e-01
8.7320e-01
9.0534e-01
8.5179e-01
7.1122e-01
7.2462e-01
7.6974e-01
6.6051e-01
7.5682e-01
6.8033e-01
6.0673e-01
9.4061e-01
7.5462e-01
7.8167e-01
9.1426e-01
6.1926e-01
9.9293e-01
6.4281e-01
6.9172e-01
6.1253e-01
9.5778e-01
7.2074e-01
9.7649e-01
8.1009e-01
8.0357e-01
8.7575e-01
6.1428e-01
9.0132e-01
7.6061e-01
7.4316e-01
6.3217e-01
9.0972e-01
9.3768e-01
8.9746e-01
6.7358e-01
8.9971e-01
6.0660e-01
6.6676e-01
7.3633e-01
7.4891e-01
9.4262e-01
9.3981e-01
8.3447e-01
6.2189e-01
9.6651e-01
7.9716e-01
9.4835e-01
8.0058e-01
8.8091e-01
6.3903e-01
9.0400e-01
9.9508e-01
7.5797e-01
7.7118e-01
7.5368e-01
7.2256e-01
7.3557e-01
9.7558e-01
8.7211e-01
8.1775e-01
6.3827e-01
6.6039e-01
9.6613e-01
7.6313e-01
9.0089e-01
8.2441e-01
9.2257e-01
8.4613e-01
8.3145e-01
6.2678e-01
6.9177e-01
6.5277e-01
9.2497e-01
8.3782e-01
9.8601e-01
6.5227e-01
7.1278e-01
9.7306e-01
7.2724e-01
9.7749e-01
7.6787e-01
7.1023e-01
8.9426e-01
8.5560e-01
6.5587e-01
7.7488e-01
8.3415e-01
7.8036e-01
9.4559e-01
6.9773e-01
8.4238e-01
9.6721e-01
7.3690e-01
9.1402e-01
6.2421e-01
6.6315e-01
8.6529e-01
9.5437e-01
6.0371e-01
8.9433e-01
6.0691e-01
8.8613e-01
9.0400e-01
6.3718e-01
7.3989e-01
6.7041e-01
9.0764e-01
8.9358e-01
8.7228e-01
8.2108e-01
6.9637e-01
8.9632e-01
7.7480e-01
6.1664e-01
6.6889e-01
8.1807e-01
7.2746e-01
9.5739e-01
6.3759e-01
6.3079e-01
7.8250e-01
8.7931e-01
9.9679e-01
6.2836e-01
8.5973e-01
7.4877e-01
9.8621e-01
6.8856e-01
7.5324e-01
7.3889e-01
8.0819e-01
7.2093e-01
9.2979e-01
9.7302e-01
6.1303e-01
8.5408e-01
9.1148e-01
8.2395e-01
9.8839e-01
7.5209e-01
8.4948e-01
8.8083e-01
6.6852e-01
6.9336e-01
7.0695e-01
8.0334e-01
6.4927e-01
8.4837e-01
6.0459e-01
9.9617e-01
6.7380e-01
8.6377e-01
6.7692e-01
9.3692e-01
9.3390e-01
9.2100e-01
7.2124e-01
7.6387e-01
8.6286e-01
7.9961e-01
9.6947e-01
7.9026e-01
9.9789e-01
9.4199e-01
9.4007e-01
8.0023e-01
9.4556e-01
6.3519e-01
9.9374e-01
9.1597e-01
7.1256e-01
9.9496e-01
8.5064e-01
9.5323e-01
8.0467e-01
8.3713e-01
9.5955e-01
8.8279e-01
9.9316e-01
9.3544e-01
9.3573e-01
7.0888e-01
9.1974e-01
6.4349e-01
6.8723e-01
6.9098e-01
7.2229e-01
8.3844e-01
6.1829e-01
6.1996e-01
8.5606e-01
7.6147e-01
9.0731e-01
7.2296e-01
9.0328e-01
8.0500e-01
8.0702e-01
6.2561e-01
9.4668e-01
9.4618e-01
6.7471e-01
8.0071e-01
8.1328e-01
9.5724e-01
7.9045e-01
9.8936e-01
8.9465e-01
8.8051e-01
8.2213e-01
7.4373e-01
6.7514e-01
7.2901e-01
6.8270e-01
8.6573e-01
6.0015e-01
7.1282e-01
6.5231e-01
8.4652e-01
8.2433e-01
7.9663e-01
9.8650e-01
8.2405e-01
7.1738e-01
7.3841e-01
8.1562e-01
8.4056e-01
9.8568e-01
6.1925e-01
8.3661e-01
8.7391e-01
8.8364e-01
6.7223e-01
8.1979e-01
7.4284e-01
9.2304e-01
7.8458e-01
9.3545e-01
8.2158e-01
6.2518e-01
8.4179e-01
7.9003e-01
7.4938e-01
8.3471e-01
7.2878e-01
8.9757e-01
6.3327e-01
8.2795e-01
7.5491e-01
8.5643e-01
9.3045e-01
6.3739e-01
6.4344e-01
7.1979e-01
7.7035e-01
7.3738e-01
9.4115e-01
9.3726e-01
9.0250e-01
7.3059e-01
6.7456e-01
6.7359e-01
7.0859e-01
6.7572e-01
7.3625e-01
9.9430e-01
8.8886e-01
9.5020e-01
7.3603e-01
8.1681e-01
7.0549e-01
6.3804e-01
8.3196e-01
7.6659e-01
7.9473e-01
6.5696e-01
7.9225e-01
8.8785e-01
6.0225e-01
7.9808e-01
8.8257e-01
7.2652e-01
6.5044e-01
7.2908e-01
6.1482e-01
8.5515e-01
9.5412e-01
9.1461e-01
9.4738e-01
8.1834e-01
7.8407e-01
6.5447e-01
6.0791e-01
8.6547e-01
6.7421e-01
8.0777e-01
6.4512e-01
6.4636e-01
9.4907e-01
9.7508e-01
9.9353e-01
7.3008e-01
8.9214e-01
6.1627e-01
6.8017e-01
6.5913e-01
8.6226e-01
6.2725e-01
6.3429e-01
9.0160e-01
8.5994e-01
7.8313e-01
8.0442e-01
8.0412e-01
7.0144e-01
9.5090e-01
8.1111e-01
8.8603e-01
8.7178e-01
7.3247e-01
9.8272e-01
8.0671e-01
9.5965e-01
6.9761e-01
8.3472e-01
6.4123e-01
8.4339e-01
8.2610e-01
6.0694e-01
6.6359e-01
7.2574e-01
6.0852e-01
8.1271e-01
9.7875e-01
7.6645e-01
6.2481e-01
9.6398e-01
7.3099e-01
8.1833e-01
6.9696e-01
7.6902e-01
7.9357e-01
8.9159e-01
8.6620e-01
9.2002e-01
7.9043e-01
8.2137e-01
8.2553e-01
9.8587e-01
8.0464e-01
8.0149e-01
9.6437e-01
9.9674e-01
6.8535e-01
7.9312e-01
6.7143e-01
6.2744e-01
9.6988e-01
8.4752e-01
8.8660e-01
9.3374e-01
9.3897e-01
8.3538e-01
7.5895e-01
9.2788e-01
7.1741e-01
9.4738e-01
6.8420e-01
7.2123e-01
8.2734e-01
6.5156e-01
8.7510e-01
6.2718e-01
9.2872e-01
9.1064e-01
7.1377e-01
7.6262e-01
8.4841e-01
9.5028e-01
6.6257e-01
7.9395e-01
9.0984e-01
6.3732e-01
8.6417e-01
8.5524e-01
7.0483e-01
7.9371e-01
8.9055e-01
8.0338e-01
7.8776e-01
6.1313e-01
8.2077e-01
6.6538e-01
7.2137e-01
9.5514e-01
6.1284e-01
6.6754e-01
6.7901e-01
7.7372e-01
9.9559e-01
9.7916e-01
9.3553e-01
8.6038e-01
6.5437e-01
6.9662e-01
8.6747e-01
9.5096e-01
6.8387e-01
9.0112e-01
8.0081e-01
9.3867e-01
8.0708e-01
6.8554e-01
9.4643e-01
6.0366e-01
6.0754e-01
7.2390e-01
8.3442e-01
9.8981e-01
7.8551e-01
9.2224e-01
9.1147e-01
8.2638e-01
7.8782e-01
7.9910e-01
8.2517e-01
9.2242e-01
7.6058e-01
7.1460e-01
9.0468e-01
9.9259e-01
6.1967e-01
6.4164e-01
9.2697e-01
8.1420e-01
9.0633e-01
9.5410e-01
9.8049e-01
8.7062e-01
6.6870e-01
8.5562e-01
9.5449e-01
8.3414e-01
8.7549e-01
8.9016e-01
9.5140e-01
7.3759e-01
6.2874e-01
6.7951e-01
6.4407e-01
6.6396e-01
9.1648e-01
8.3670e-01
8.4572e-01
8.7523e-01
9.6248e-01
9.3459e-01
6.6196e-01
6.9579e-01
8.6458e-01
7.2905e-01
8.8481e-01
9.6018e-01
9.0595e-01
8.7709e-01
9.8783e-01
6.7351e-01
7.3687e-01
8.7268e-01
7.2720e-01
8.4878e-01
6.1028e-01
6.5688e-01
8.6539e-01
7.8011e-01
6.8386e-01
6.4674e-01
8.8216e-01
8.2446e-01
7.1765e-01
6.6443e-01
9.4175e-01
8.5110e-01
6.1643e-01
9.6040e-01
7.6722e-01
8.9647e-01
6.9947e-01
6.1766e-01
7.3872e-01
6.8376e-01
8.5914e-01
6.3851e-01
8.9461e-01
8.6780e-01
9.4592e-01
8.4608e-01
9.4009e-01
6.7762e-01
9.2829e-01
9.4884e-01
9.8410e-01
7.1981e-01
8.6691e-01
6.6152e-01
8.9275e-01
6.5974e-01
6.3889e-01
6.1482e-01
8.7050e-01
8.7272e-01
8.8300e-01
8.2098e-01
7.3083e-01
8.6349e-01
7.1309e-01
7.5402e-01
8.7668e-01
7.7641e-01
9.8406e-01
6.9147e-01
9.6215e-01
6.5682e-01
7.0843e-01
6.4621e-01
6.9499e-01
9.0164e-01
6.9759e-01
9.1585e-01
7.7086e-01
8.5097e-01
7.5026e-01
9.2737e-01
9.8484e-01
7.2104e-01
9.7456e-01
9.0547e-01
7.9304e-01
8.0790e-01
7.7564e-01
6.1844e-01
7.2868e-01
9.2422e-01
8.1269e-01
6.0940e-01
6.4301e-01
6.0663e-01
6.6105e-01
8.0821e-01
9.8929e-01
6.9038e-01
7.1643e-01
8.9568e-01
9.9876e-01
8.4945e-01
8.0401e-01
9.0795e-01
6.6360e-01
8.6486e-01
6.0569e-01
8.3452e-01
9.9714e-01
8.3453e-01
9.0111e-01
9.6666e-01
6.5261e-01
7.4185e-01
9.8594e-01
8.3677e-01
7.4105e-01
6.8051e-01
9.0432e-01
8.2671e-01
9.2372e-01
7.0374e-01
8.6989e-01
6.8302e-01
8.3314e-01
6.5968e-01
8.3938e-01
9.9167e-01
8.6919e-01
8.0501e-01
7.7848e-01
7.4172e-01
8.5379e-01
7.2222e-01
6.7013e-01
9.8520e-01
9.6786e-01
8.3623e-01
8.8806e-01
8.8586e-01
6.4339e-01
6.6570e-01
7.0965e-01
6.4054e-01
6.5166e-01
9.2715e-01
8.7881e-01
8.6064e-01
8.6154e-01
8.3531e-01
6.5820e-01
9.4013e-01
7.7582e-01
6.7927e-01
6.0299e-01
8.7615e-01
6.3917e-01
9.5819e-01
9.2628e-01
6.3442e-01
7.4282e-01
6.5021e-01
7.5147e-01
8.4239e-01
8.3973e-01
6.2207e-01
9.8027e-01
6.3592e-01
8.7169e-01
6.4514e-01
8.7441e-01
6.0531e-01
8.9900e-01
7.5402e-01
7.9103e-01
8.2824e-01
6.0708e-01
8.3933e-01
9.2157e-01
7.3146e-01
6.3173e-01
7.6832e-01
8.1664e-01
9.3947e-01
6.4146e-01
6.9053e-01
8.2034e-01
7.6703e-01
8.5800e-01
8.1909e-01
7.1588e-01
6.9130e-01
7.8330e-01
7.7623e-01
7.9803e-01
9.1548e-01
8.8748e-01
8.6465e-01
8.6821e-01
6.2662e-01
6.5240e-01
6.1121e-01
9.6405e-01
7.3759e-01
8.1377e-01
6.3469e-01
8.5009e-01
8.6341e-01
9.6746e-01
9.5123e-01
8.0572e-01
8.1772e-01
6.7338e-01
7.5039e-01
9.9304e-01
6.2332e-01
7.7563e-01
7.4866e-01
6.2399e-01
7.7385e-01
7.3909e-01
6.2756e-01
9.4572e-01
7.8220e-01
7.7296e-01
6.3634e-01
8.0970e-01
8.3430e-01
6.7538e-01
8.6404e-01
6.8562e-01
8.8268e-01
6.7299e-01
7.9964e-01
9.2263e-01
8.7126e-01
7.7802e-01
7.3887e-01
6.0175e-01
9.3095e-01
9.1798e-01
7.2913e-01
6.6560e-01
6.1061e-01
6.9644e-01
9.0729e-01
7.1203e-01
8.5434e-01
8.8019e-01
8.3051e-01
8.2139e-01
6.6378e-01
9.0265e-01
9.6020e-01
8.9208e-01
7.2615e-01
7.7258e-01
8.5036e-01
6.6823e-01
7.5892e-01
9.8887e-01
7.5362e-01
6.3536e-01
7.4298e-01
6.0109e-01
8.4201e-01
9.3166e-01
6.9004e-01
7.4603e-01
8.2948e-01
6.5713e-01
7.8491e-01
9.1250e-01
8.5050e-01
7.6202e-01
7.8891e-01
7.2022e-01
7.3653e-01
7.2128e-01
9.4128e-01
8.7249e-01
9.0940e-01
7.2021e-01
8.9697e-01
8.0077e-01
6.1457e-01
7.0521e-01
7.8798e-01
7.4661e-01
8.5072e-01
8.2012e-01
8.8498e-01
7.2312e-01
7.0155e-01
9.7883e-01
8.1028e-01
6.7384e-01
6.2555e-01
8.7984e-01
8.7146e-01
6.6983e-01
9.0708e-01
7.9325e-01
6.9073e-01
7.7295e-01
9.6830e-01
6.8794e-01
6.1384e-01
7.0904e-01
7.2865e-01
8.7335e-01
9.8625e-01
8.3568e-01
7.0094e-01
7.1693e-01
9.1278e-01
7.5089e-01
8.5957e-01
8.9175e-01
6.6781e-01
6.5492e-01
6.5986e-01
7.6072e-01
7.1535e-01
7.0708e-01
8.8410e-01
8.0198e-01
7.9784e-01
7.2109e-01
6.5609e-01
9.5376e-01
9.8972e-01
8.1402e-01
8.9557e-01
9.5658e-01
6.1550e-01
8.6783e-01
6.4677e-01
7.0030e-01
8.1645e-01
7.5382e-01
9.4180e-01
7.0792e-01
6.8106e-01
6.0291e-01
8.3867e-01
7.7985e-01
9.7505e-01
7.6252e-01
9.9437e-01
8.5922e-01
9.1051e-01
7.8893e-01
9.8422e-01
8.6762e-01
6.1346e-01
6.0416e-01
9.7706e-01
7.7377e-01
6.1717e-01
9.4216e-01
9.4781e-01
6.1703e-01
6.6919e-01
9.3607e-01
8.6019e-01
8.3669e-01
7.5950e-01
8.6708e-01
8.7062e-01
7.9835e-01
8.3201e-01
7.4070e-01
6.2241e-01
6.0734e-01
9.6208e-01
6.0005e-01
9.2064e-01
7.6263e-01
8.8340e-01
7.0073e-01
8.2804e-01
6.8510e-01
6.4689e-01
9.4567e-01
8.2843e-01
7.6653e-01
7.2004e-01
9.3245e-01
6.0402e-01
6.3712e-01
8.7976e-01
7.4945e-01
9.0328e-01
9.6507e-01
9.8007e-01
6.5678e-01
7.6376e-01
8.9347e-01
7.1182e-01
9.0517e-01
6.3827e-01
8.8282e-01
7.2207e-01
9.1882e-01
6.3038e-01
9.3046e-01
7.7377e-01
9.6384e-01
6.5518e-01
9.7403e-01
8.7007e-01
8.1484e-01
6.0292e-01
9.0502e-01
7.1038e-01
8.4216e-01
7.3474e-01
6.4699e-01
9.1861e-01
7.1443e-01
8.7322e-01
6.2013e-01
6.3024e-01
8.3631e-01
6.2039e-01
9.6517e-01
7.5689e-01
8.6101e-01
7.0725e-01
6.8056e-01
7.0818e-01
8.5034e-01
8.9284e-01
9.9783e-01
9.1155e-01
8.1170e-01
7.9696e-01
8.8485e-01
7.4623e-01
7.4450e-01
7.6065e-01
6.4363e-01
6.6590e-01
9.4523e-01
7.0840e-01
7.3479e-01
8.4757e-01
7.7441e-01
7.9429e-01
6.3502e-01
6.4269e-01
9.1108e-01
9.2539e-01
8.1960e-01
6.6360e-01
8.3837e-01
8.9725e-01
7.3979e-01
7.4314e-01
6.8964e-01
6.4302e-01
9.4820e-01
8.3215e-01
6.6388e-01
8.4084e-01
7.1379e-01
6.6335e-01
7.9081e-01
8.5267e-01
8.0168e-01
7.2880e-01
8.5479e-01
7.2016e-01
9.3118e-01
6.6738e-01
6.3240e-01
7.4367e-01
8.0626e-01
7.4283e-01
8.2846e-01
7.6926e-01
6.8776e-01
9.4056e-01
8.0350e-01
6.5164e-01
8.0403e-01
7.4314e-01
9.8655e-01
7.1931e-01
6.3807e-01
6.5758e-01
8.5957e-01
6.2536e-01
8.7261e-01
6.8603e-01
7.5213e-01
6.9088e-01
8.7095e-01
6.5724e-01
7.0813e-01
7.1350e-01
6.7325e-01
9.1162e-01
9.8969e-01
6.1173e-01
6.8034e-01
9.3174e-01
6.1480e-01
9.8230e-01
8.1154e-01
7.5201e-01
8.6935e-01
8.7480e-01
6.4711e-01
9.5108e-01
8.4262e-01
6.2035e-01
9.1919e-01
7.2253e-01
7.2111e-01
7.0145e-01
6.1771e-01
6.6652e-01
8.9055e-01
9.2816e-01
6.1694e-01
7.0777e-01
7.8480e-01
6.2144e-01
6.2264e-01
9.6480e-01
6.3614e-01
9.3735e-01
8.1212e-01
6.3250e-01
7.6605e-01
8.5135e-01
9.3003e-01
9.5637e-01
6.2437e-01
8.0444e-01
7.6492e-01
9.6391e-01
7.6000e-01
9.7278e-01
8.7396e-01
6.1849e-01
8.8511e-01
6.8323e-01
9.3275e-01
9.7219e-01
6.6368e-01
6.5713e-01
6.3778e-01
6.3245e-01
6.6895e-01
8.1567e-01
7.3376e-01
8.1207e-01
6.4108e-01
6.5049e-01
6.8152e-01
9.5581e-01
8.3583e-01
8.9070e-01
9.0802e-01
8.0576e-01
6.0047e-01
6.8962e-01
7.4422e-01
7.5073e-01
6.2054e-01
9.1887e-01
7.1452e-01
8.6930e-01
6.8561e-01
9.3181e-01
6.2671e-01
6.2467e-01
7.8010e-01
8.0428e-01
9.8457e-01
6.9078e-01
7.3989e-01
8.6364e-01
6.0472e-01
7.3289e-01
8.8626e-01
9.4230e-01
8.4105e-01
7.6642e-01
7.0547e-01
7.6363e-01
8.8210e-01
6.1648e-01
9.4248e-01
7.9244e-01
8.8122e-01
7.1250e-01
7.2286e-01
8.3392e-01
6.6167e-01
7.5125e-01
7.8564e-01
8.1732e-01
8.5363e-01
9.8963e-01
8.5745e-01
9.2561e-01
8.0379e-01
6.5116e-01
8.8757e-01
6.1104e-01
9.4014e-01
9.1051e-01
7.9345e-01
8.8596e-01
9.0597e-01
6.8397e-01
7.1483e-01
7.6389e-01
9.9766e-01
8.1030e-01
7.8186e-01
9.5136e-01
6.8860e-01
8.9124e-01
7.5969e-01
9.7352e-01
7.0960e-01
6.0947e-01
8.5255e-01
7.1053e-01
7.3299e-01
9.3968e-01
9.0746e-01
9.6999e-01
6.4577e-01
7.2509e-01
7.4130e-01
7.9748e-01
9.5503e-01
9.7469e-01
6.5530e-01
9.3312e-01
6.0194e-01
8.3890e-01
7.4413e-01
7.0012e-01
6.0918e-01
8.1433e-01
8.4625e-01
9.2070e-01
8.5975e-01
9.2948e-01
7.8213e-01
8.0969e-01
7.1046e-01
8.5070e-01
9.4861e-01
7.6454e-01
8.9822e-01
7.4547e-01
9.7497e-01
9.8291e-01
7.3463e-01
6.2204e-01
9.2317e-01
6.3338e-01
6.8338e-01
6.7745e-01
6.0272e-01
7.0292e-01
9.5466e-01
9.6071e-01
9.8414e-01
9.8171e-01
8.1361e-01
8.2434e-01
8.0393e-01
6.4487e-01
6.5103e-01
8.5655e-01
8.1010e-01
6.3882e-01
6.3291e-01
8.3906e-01
6.5908e-01
7.6624e-01
6.9900e-01
6.8939e-01
9.0807e-01
9.0296e-01
8.4520e-01
9.3935e-01
9.8216e-01
7.6560e-01
6.6561e-01
7.5120e-01
9.0067e-01
8.7457e-01
7.2439e-01
8.3676e-01
7.3479e-01
9.9012e-01
8.3685e-01
8.5469e-01
8.9700e-01
6.3226e-01
6.8128e-01
6.2534e-01
8.4841e-01
6.8320e-01
6.6003e-01
6.7417e-01
8.1288e-01
9.3527e-01
7.9596e-01
7.6048e-01
8.8172e-01
8.2336e-01
7.6027e-01
9.1078e-01
6.2443e-01
9.1960e-01
6.2782e-01
7.0316e-01
7.6136e-01
8.0033e-01
7.7311e-01
