6.3678e-01
6.4704e-01
7.8160e-01
6.5167e-01
6.0640e-01
6.4776e-01
7.4306e-01
8.8839e-01
6.9822e-01
6.5227e-01
8.5916e-01
6.7918e-01
9.8649e-01
7.6618e-01
8.0837e-01
7.7352e-01
8.1333e-01
6.2029e-01
6.4702e-01
9.6103e-01
7.1283e-01
6.4622e-01
6.9947e-01
6.8595e-01
7.7702e-01
9.3686e-01
7.0156e-01
8.3634e-01
7.9725e-01
8.9064e-01
8.3415e-01
9.5605e-01
7.2642e-01
7.8569e-01
9.2674e-01
9.3569e-01
8.8268e-01
6.4256e-01
6.3032e-01
6.0849e-01
7.4654e-01
6.3174e-01
6.4425e-01
7.8824e-01
8.3597e-01
6.3025e-01
8.3815e-01
6.7891e-01
7.8339e-01
9.9648e-01
7.3686e-01
8.2120e-01
9.9227e-01
8.9422e-01
6.6523e-01
8.7541e-01
6.2895e-01
8.0747e-01
7.6978e-01
8.0173e-01
8.4706e-01
9.5102e-01
8.1888e-01
7.7337e-01
7.0165e-01
8.2323e-01
8.9868e-01
8.1836e-01
8.1694e-01
9.3058e-01
6.0355e-01
9.4895e-01
8.0104e-01
6.7572e-01
7.7592e-01
7.8556e-01
9.4238e-01
6.1018e-01
9.5598e-01
8.6548e-01
8.4395e-01
8.5946e-01
6.2390e-01
8.7977e-01
8.4237e-01
9.6948e-01
6.4252e-01
9.0406e-01
9.3523e-01
8.9465e-01
8.1499e-01
9.6222e-01
6.8008e-01
7.2948e-01
7.2645e-01
8.3794e-01
8.8077e-01
8.7936e-01
8.8654e-01
9.0131e-01
6.5831e-01
6.6041e-01
9.3942e-01
7.0024e-01
7.8657e-01
8.1228e-01
8.6838e-01
9.3770e-01
6.8326e-01
9.0682e-01
8.1136e-01
9.8352e-01
9.1286e-01
7.3668e-01
7.9256e-01
9.0703e-01
6.7220e-01
8.4125e-01
9.8475e-01
7.3263e-01
6.6550e-01
7.8992e-01
6.5725e-01
6.7272e-01
6.6424e-01
6.0897e-01
7.2432e-01
8.0049e-01
9.0625e-01
7.3849e-01
9.2816e-01
9.1630e-01
6.8589e-01
8.2300e-01
6.2486e-01
7.8833e-01
9.6113e-01
9.6841e-01
6.4818e-01
7.7504e-01
9.2494e-01
6.4970e-01
9.0915e-01
9.3443e-01
9.3492e-01
9.5943e-01
9.6099e-01
8.8106e-01
7.5804e-01
7.6293e-01
7.1278e-01
8.2671e-01
8.9816e-01
8.0993e-01
7.2952e-01
8.0065e-01
9.1580e-01
9.0753e-01
8.3103e-01
9.2564e-01
7.6622e-01
8.5504e-01
6.6243e-01
6.9229e-01
8.5967e-01
6.3397e-01
9.4116e-01
8.2457e-01
9.6929e-01
7.0487e-01
9.0876e-01
6.7291e-01
7.7614e-01
6.5457e-01
7.7365e-01
6.0925e-01
8.5860e-01
7.9414e-01
9.3989e-01
8.4041e-01
6.0524e-01
9.0544e-01
8.0915e-01
7.2501e-01
6.1045e-01
9.3081e-01
7.6018e-01
6.4952e-01
9.8965e-01
8.7069e-01
6.1166e-01
9.4233e-01
7.9240e-01
6.3119e-01
9.9852e-01
6.8090e-01
9.3471e-01
6.1004e-01
7.9953e-01
9.4529e-01
6.7860e-01
6.1659e-01
6.7075e-01
7.5223e-01
9.5648e-01
6.1839e-01
6.6919e-01
8.3988e-01
7.4279e-01
8.3705e-01
8.8860e-01
8.1612e-01
7.9395e-01
9.8455e-01
8.1398e-01
6.4870e-01
9.0236e-01
9.5808e-01
6.4534e-01
6.9893e-01
8.0647e-01
9.3748e-01
9.6609e-01
8.4938e-01
7.2799e-01
6.6002e-01
6.1851e-01
8.4556e-01
6.3061e-01
7.2882e-01
9.2179e-01
9.5218e-01
7.4775e-01
8.7274e-01
6.3842e-01
9.9301e-01
6.8269e-01
9.3241e-01
9.5735e-01
7.0703e-01
9.7647e-01
8.5703e-01
7.9990e-01
7.5714e-01
9.7017e-01
6.7512e-01
7.2284e-01
9.1489e-01
7.6143e-01
6.4868e-01
6.7592e-01
7.5395e-01
9.0550e-01
7.5618e-01
9.5875e-01
7.7247e-01
9.3878e-01
6.1722e-01
6.1359e-01
8.7650e-01
9.4135e-01
7.9255e-01
8.4685e-01
7.8779e-01
6.5092e-01
9.6914e-01
6.2727e-01
6.3403e-01
6.6601e-01
9.0704e-01
9.7297e-01
7.0027e-01
9.4883e-01
8.2808e-01
9.7725e-01
8.4486e-01
9.8869e-01
6.0050e-01
8.7993e-01
8.2974e-01
8.2594e-01
6.7171e-01
7.1082e-01
9.8228e-01
9.3041e-01
8.2173e-01
6.1832e-01
9.5794e-01
7.7411e-01
7.4911e-01
7.0807e-01
7.5194e-01
9.3101e-01
8.1023e-01
8.6060e-01
9.2530e-01
6.9507e-01
8.3847e-01
9.6332e-01
7.2974e-01
7.7089e-01
9.2264e-01
7.0768e-01
9.5101e-01
8.8797e-01
6.9084e-01
7.8952e-01
7.0884e-01
9.2625e-01
7.6286e-01
8.9824e-01
8.4519e-01
9.6660e-01
9.8802e-01
6.0301e-01
8.5211e-01
7.3166e-01
8.3635e-01
6.3566e-01
8.5656e-01
9.6103e-01
9.5602e-01
8.2074e-01
9.4246e-01
6.2800e-01
9.9489e-01
6.8082e-01
8.8706e-01
9.9808e-01
7.4147e-01
8.0797e-01
7.9767e-01
8.9423e-01
9.8681e-01
8.5028e-01
8.5607e-01
9.5863e-01
9.3031e-01
8.9638e-01
7.3170e-01
9.3019e-01
6.4179e-01
6.1529e-01
8.7847e-01
7.1778e-01
6.1590e-01
9.0589e-01
9.1844e-01
8.4437e-01
8.6640e-01
7.6327e-01
7.5526e-01
7.8687e-01
8.8126e-01
7.8685e-01
9.6163e-01
7.4237e-01
7.1190e-01
8.9263e-01
7.6283e-01
7.8129e-01
8.5675e-01
6.9096e-01
6.3843e-01
9.5315e-01
9.2960e-01
6.0726e-01
7.0328e-01
6.0783e-01
7.0073e-01
7.5351e-01
7.0493e-01
9.8228e-01
8.9172e-01
6.7710e-01
8.8501e-01
8.2295e-01
8.4910e-01
8.8040e-01
9.9050e-01
9.5879e-01
8.5845e-01
7.3604e-01
7.9513e-01
7.8375e-01
7.5087e-01
8.1953e-01
6.8069e-01
7.1768e-01
6.4894e-01
8.0173e-01
9.8212e-01
9.2624e-01
9.2669e-01
7.0454e-01
6.8219e-01
7.1864e-01
7.6572e-01
7.4570e-01
6.0445e-01
6.0699e-01
6.7094e-01
7.3511e-01
9.5619e-01
7.6461e-01
8.9466e-01
7.9826e-01
9.4133e-01
9.2544e-01
6.5143e-01
9.4081e-01
9.6599e-01
8.6519e-01
9.4631e-01
7.7482e-01
9.3906e-01
6.0208e-01
6.9284e-01
7.3788e-01
9.6576e-01
9.3088e-01
8.6042e-01
9.5057e-01
7.7615e-01
8.4656e-01
8.7981e-01
6.5454e-01
9.0464e-01
9.3878e-01
9.5636e-01
7.5060e-01
6.9297e-01
6.5055e-01
8.8870e-01
6.7050e-01
9.6305e-01
6.0453e-01
9.7612e-01
6.4822e-01
8.7578e-01
6.9076e-01
7.7540e-01
8.4292e-01
9.3662e-01
8.8237e-01
7.1234e-01
9.0250e-01
6.9694e-01
9.1762e-01
6.3395e-01
6.3860e-01
9.7833e-01
9.5408e-01
8.1308e-01
8.6185e-01
9.9221e-01
8.5643e-01
7.5814e-01
6.1889e-01
8.1036e-01
8.3469e-01
7.8979e-01
8.0800e-01
6.5509e-01
9.8769e-01
7.3836e-01
6.1900e-01
7.8766e-01
8.5772e-01
6.5940e-01
9.3807e-01
6.4389e-01
7.7240e-01
9.1183e-01
9.4724e-01
8.2705e-01
7.9325e-01
7.5019e-01
9.8967e-01
6.7047e-01
6.7430e-01
8.9262e-01
9.8305e-01
9.0154e-01
8.7115e-01
9.2900e-01
7.8868e-01
8.8849e-01
6.7275e-01
9.3116e-01
8.8562e-01
9.3736e-01
6.4148e-01
7.2821e-01
6.8083e-01
8.3699e-01
6.6545e-01
8.2910e-01
6.6223e-01
9.3191e-01
6.6632e-01
7.5165e-01
8.1400e-01
6.9659e-01
8.3793e-01
8.6815e-01
8.4043e-01
7.8622e-01
8.9392e-01
8.9961e-01
6.8574e-01
6.2990e-01
6.2605e-01
9.4328e-01
7.0609e-01
9.6001e-01
8.0021e-01
7.2741e-01
7.0174e-01
7.1183e-01
7.0712e-01
7.6114e-01
9.8543e-01
6.0685e-01
8.1431e-01
7.9716e-01
9.3434e-01
7.2245e-01
9.0823e-01
8.1440e-01
7.2525e-01
8.5289e-01
6.3602e-01
6.9767e-01
9.8253e-01
6.5966e-01
9.8556e-01
9.2648e-01
6.5965e-01
9.6072e-01
6.6337e-01
9.0126e-01
9.4527e-01
8.4797e-01
7.7574e-01
6.6637e-01
9.2931e-01
6.2209e-01
7.4165e-01
9.0358e-01
9.5300e-01
8.1257e-01
6.9622e-01
7.1446e-01
6.9904e-01
9.5214e-01
8.9839e-01
9.4631e-01
7.1860e-01
7.7789e-01
8.8456e-01
9.0546e-01
8.1358e-01
8.0285e-01
7.7823e-01
8.0722e-01
7.0609e-01
6.6575e-01
9.1389e-01
8.5548e-01
8.0941e-01
7.4204e-01
8.6966e-01
9.4542e-01
8.3539e-01
6.0792e-01
6.6086e-01
8.9424e-01
6.3418e-01
8.1969e-01
9.6760e-01
6.4131e-01
6.2491e-01
8.1757e-01
6.8027e-01
9.2404e-01
6.9784e-01
6.3806e-01
9.9802e-01
6.3476e-01
6.5788e-01
8.7147e-01
6.8189e-01
7.5515e-01
8.1635e-01
6.4140e-01
9.1406e-01
7.4593e-01
6.1791e-01
7.2936e-01
8.1792e-01
7.4157e-01
9.0203e-01
6.8700e-01
7.9626e-01
8.9169e-01
9.7700e-01
8.0046e-01
6.5335e-01
6.8145e-01
9.4014e-01
8.8916e-01
6.9284e-01
8.1924e-01
9.7206e-01
6.0061e-01
9.4646e-01
8.2807e-01
9.0928e-01
7.7731e-01
9.7835e-01
6.9258e-01
9.4277e-01
9.1395e-01
8.7192e-01
9.9318e-01
8.4074e-01
8.3967e-01
8.0445e-01
8.9926e-01
6.8457e-01
8.7171e-01
8.6526e-01
7.5965e-01
6.1409e-01
8.5487e-01
9.9383e-01
7.3681e-01
8.9708e-01
7.6731e-01
8.9323e-01
8.6961e-01
9.0162e-01
6.1410e-01
8.8567e-01
6.8649e-01
7.5440e-01
9.0466e-01
8.5727e-01
7.1130e-01
6.9046e-01
7.9511e-01
7.2417e-01
9.3801e-01
9.6555e-01
6.4525e-01
9.0901e-01
8.3148e-01
6.4869e-01
6.1777e-01
6.3792e-01
8.8111e-01
8.9021e-01
8.5496e-01
6.6761e-01
7.8655e-01
8.7778e-01
8.2439e-01
6.8285e-01
8.5645e-01
6.1068e-01
8.9016e-01
8.5772e-01
6.2943e-01
8.7629e-01
7.7502e-01
8.7875e-01
7.8888e-01
6.0954e-01
9.7656e-01
6.6635e-01
8.6970e-01
9.2038e-01
6.0225e-01
8.0341e-01
9.4296e-01
8.3910e-01
9.6126e-01
9.8385e-01
7.3441e-01
6.6847e-01
8.7625e-01
6.3752e-01
9.2713e-01
8.9874e-01
6.9697e-01
7.2158e-01
7.8727e-01
7.9127e-01
6.6658e-01
9.2090e-01
6.5206e-01
7.0792e-01
8.9240e-01
8.7566e-01
7.1416e-01
6.2309e-01
9.2406e-01
8.1323e-01
6.1990e-01
8.9357e-01
7.6034e-01
6.9157e-01
7.1373e-01
6.3268e-01
7.0221e-01
6.4124e-01
6.3963e-01
9.7873e-01
7.1832e-01
6.1900e-01
9.0822e-01
7.7978e-01
9.1438e-01
8.2937e-01
6.0460e-01
9.2880e-01
6.5915e-01
8.2086e-01
8.4344e-01
8.8676e-01
6.8762e-01
8.5940e-01
8.8037e-01
7.0718e-01
9.2479e-01
7.1010e-01
9.8147e-01
6.1195e-01
9.5560e-01
7.3036e-01
7.2019e-01
9.7639e-01
6.5019e-01
7.8492e-01
6.0745e-01
9.7856e-01
9.7609e-01
9.5784e-01
7.1638e-01
7.9116e-01
8.1680e-01
7.7985e-01
6.1864e-01
6.6577e-01
8.0506e-01
6.8152e-01
7.7737e-01
8.1321e-01
9.2209e-01
6.2528e-01
7.8043e-01
9.5663e-01
8.2684e-01
9.0820e-01
7.6161e-01
9.3027e-01
6.3631e-01
7.3609e-01
8.2387e-01
9.9772e-01
8.3737e-01
6.8199e-01
8.0825e-01
7.1067e-01
7.1809e-01
7.8982e-01
7.8691e-01
6.5682e-01
9.3115e-01
6.1628e-01
9.5422e-01
9.5249e-01
7.5838e-01
6.8653e-01
6.9960e-01
8.2397e-01
9.6422e-01
6.2136e-01
9.3658e-01
9.3416e-01
7.9997e-01
7.5385e-01
7.1385e-01
9.9051e-01
8.3884e-01
9.2016e-01
6.6505e-01
7.3394e-01
8.5228e-01
8.2406e-01
7.6201e-01
6.7208e-01
9.9241e-01
7.1304e-01
8.0532e-01
9.5002e-01
6.0718e-01
6.3864e-01
7.0526e-01
9.1773e-01
8.7338e-01
7.6816e-01
8.5654e-01
7.9349e-01
9.5834e-01
8.5018e-01
9.7593e-01
7.8794e-01
6.1966e-01
7.7121e-01
7.2013e-01
6.7493e-01
9.6700e-01
7.3682e-01
7.6547e-01
7.3512e-01
6.6746e-01
8.5634e-01
9.9847e-01
6.8861e-01
9.2438e-01
9.8337e-01
8.8990e-01
6.6691e-01
7.4673e-01
6.0579e-01
7.5105e-01
9.0558e-01
7.2348e-01
7.6040e-01
6.7989e-01
9.9267e-01
6.5535e-01
8.0597e-01
6.6912e-01
8.9049e-01
8.5098e-01
7.1025e-01
8.0164e-01
6.4870e-01
8.1797e-01
8.1505e-01
8.1240e-01
6.2685e-01
9.2866e-01
9.8976e-01
6.3979e-01
8.7586e-01
9.2082e-01
7.7953e-01
7.0216e-01
7.7806e-01
8.6658e-01
6.2769e-01
9.1601e-01
7.7306e-01
9.5764e-01
9.4765e-01
9.4843e-01
9.8142e-01
8.3463e-01
7.9404e-01
6.6987e-01
9.5685e-01
9.3191e-01
8.9881e-01
8.7562e-01
6.4187e-01
7.0940e-01
6.0203e-01
7.0496e-01
9.2250e-01
8.6064e-01
7.3143e-01
9.6370e-01
9.0620e-01
9.6303e-01
9.8749e-01
8.1000e-01
8.2261e-01
6.6061e-01
8.4275e-01
7.3375e-01
6.5392e-01
7.8843e-01
7.8980e-01
7.9798e-01
6.0810e-01
8.6770e-01
7.7451e-01
8.3230e-01
9.3877e-01
6.1776e-01
9.6515e-01
9.2076e-01
9.3639e-01
8.2125e-01
8.0496e-01
9.2770e-01
8.5276e-01
9.7744e-01
7.1933e-01
8.4088e-01
6.3716e-01
9.9932e-01
9.6911e-01
7.3791e-01
7.7277e-01
6.2950e-01
6.9814e-01
9.6882e-01
7.0111e-01
8.6909e-01
8.1585e-01
6.7391e-01
8.8043e-01
8.4215e-01
8.6321e-01
6.2498e-01
7.8337e-01
7.1640e-01
7.8634e-01
7.0922e-01
7.4982e-01
9.4071e-01
8.2694e-01
6.2229e-01
6.3344e-01
6.6714e-01
7.0271e-01
8.5594e-01
7.2591e-01
8.2276e-01
8.5156e-01
8.0059e-01
6.8128e-01
7.8741e-01
6.7630e-01
7.7152e-01
9.5818e-01
7.2411e-01
8.1566e-01
7.6196e-01
7.9991e-01
6.0971e-01
7.1944e-01
9.3376e-01
9.3023e-01
6.7133e-01
6.8150e-01
9.7626e-01
7.4506e-01
7.5916e-01
8.8555e-01
7.6847e-01
6.5003e-01
7.5692e-01
9.2352e-01
9.0846e-01
9.8064e-01
9.8703e-01
8.2959e-01
7.3589e-01
9.4802e-01
9.0760e-01
7.0643e-01
7.1704e-01
7.9782e-01
8.6942e-01
8.3854e-01
6.1010e-01
8.4371e-01
8.5663e-01
6.2632e-01
8.4903e-01
6.1879e-01
8.1447e-01
6.4278e-01
6.6148e-01
7.3957e-01
7.4089e-01
8.9784e-01
7.4663e-01
9.6545e-01
9.8801e-01
9.0608e-01
7.9760e-01
9.6092e-01
8.3972e-01
8.6987e-01
7.9583e-01
8.0445e-01
9.7033e-01
8.5329e-01
6.8568e-01
6.6472e-01
7.9099e-01
7.6004e-01
8.1368e-01
8.3506e-01
9.0907e-01
9.7567e-01
9.6574e-01
9.2571e-01
7.6395e-01
7.3596e-01
8.3667e-01
9.4439e-01
8.4049e-01
7.0832e-01
8.8353e-01
9.2239e-01
6.8832e-01
9.8998e-01
7.4144e-01
6.0801e-01
9.7799e-01
7.6349e-01
7.4529e-01
7.0428e-01
9.9780e-01
7.0970e-01
8.2741e-01
9.6967e-01
9.8909e-01
8.2411e-01
9.3565e-01
8.7822e-01
9.4991e-01
8.6471e-01
6.1282e-01
6.3999e-01
9.6980e-01
6.8224e-01
8.0262e-01
6.4675e-01
8.8188e-01
9.4979e-01
8.2965e-01
9.5505e-01
8.6253e-01
9.5726e-01
9.8010e-01
8.1562e-01
9.2844e-01
6.4294e-01
7.6332e-01
7.1880e-01
9.3493e-01
9.2241e-01
9.1095e-01
6.7246e-01
9.6304e-01
8.5988e-01
8.4965e-01
8.5679e-01
7.2346e-01
9.5123e-01
6.6568e-01
6.3751e-01
8.2229e-01
9.3365e-01
6.2090e-01
9.4552e-01
6.0714e-01
8.0594e-01
9.6098e-01
6.7296e-01
6.1913e-01
6.6943e-01
8.9856e-01
8.8775e-01
8.7643e-01
6.4752e-01
9.9894e-01
8.7727e-01
8.0480e-01
9.2011e-01
8.4088e-01
8.3415e-01
7.2679e-01
8.2041e-01
8.8704e-01
8.6136e-01
7.9536e-01
9.7399e-01
6.3239e-01
7.5587e-01
8.5982e-01
6.1685e-01
7.1668e-01
9.8332e-01
9.6708e-01
6.2552e-01
6.9095e-01
6.5495e-01
6.2653e-01
6.6102e-01
9.4919e-01
6.7536e-01
8.1476e-01
9.6112e-01
9.6578e-01
6.2064e-01
9.3708e-01
6.9290e-01
9.2191e-01
7.8523e-01
6.1552e-01
6.3672e-01
6.1705e-01
8.4425e-01
8.2514e-01
9.2290e-01
8.5692e-01
8.0501e-01
9.4691e-01
7.4844e-01
6.2024e-01
6.8022e-01
6.0285e-01
9.8445e-01
9.4339e-01
6.1220e-01
7.6578e-01
7.8297e-01
6.5121e-01
9.7400e-01
9.8325e-01
8.1338e-01
6.7323e-01
9.5900e-01
8.0749e-01
8.1233e-01
6.2188e-01
8.7814e-01
8.2175e-01
9.6621e-01
9.3668e-01
7.3785e-01
7.6816e-01
7.9071e-01
9.7675e-01
9.4029e-01
7.1535e-01
6.4928e-01
9.2958e-01
7.5291e-01
9.9535e-01
9.9855e-01
9.5537e-01
7.3675e-01
8.2222e-01
8.3199e-01
6.0178e-01
6.8386e-01
7.6502e-01
7.0698e-01
7.2513e-01
6.1377e-01
9.1995e-01
6.7836e-01
6.6450e-01
7.8704e-01
6.5925e-01
7.1685e-01
8.4898e-01
9.7527e-01
9.2835e-01
7.1123e-01
7.7936e-01
6.1503e-01
7.9829e-01
8.9480e-01
6.9732e-01
8.4853e-01
7.7571e-01
9.4076e-01
6.0477e-01
9.3499e-01
8.5178e-01
7.3178e-01
6.7930e-01
9.9389e-01
7.5418e-01
7.8789e-01
7.4514e-01
7.7288e-01
6.4289e-01
9.1971e-01
7.0221e-01
8.9574e-01
9.4275e-01
7.3812e-01
8.4035e-01
6.1189e-01
9.8346e-01
8.5969e-01
8.0206e-01
8.4402e-01
7.4897e-01
9.1645e-01
9.0827e-01
7.7501e-01
7.2122e-01
7.8265e-01
8.7939e-01
8.4280e-01
8.4935e-01
7.6772e-01
7.3590e-01
9.0062e-01
6.1872e-01
9.3090e-01
6.4011e-01
9.5435e-01
6.3669e-01
8.2864e-01
7.7858e-01
8.6663e-01
9.7460e-01
7.5416e-01
7.2288e-01
9.4771e-01
6.1844e-01
9.9107e-01
7.7249e-01
6.8497e-01
8.7342e-01
8.0569e-01
9.3279e-01
6.0511e-01
7.2884e-01
6.5530e-01
6.1318e-01
8.5428e-01
9.4405e-01
6.7779e-01
6.5042e-01
8.0624e-01
7.0293e-01
7.4997e-01
7.3510e-01
7.8968e-01
9.1904e-01
9.8591e-01
6.1124e-01
6.0735e-01
8.8418e-01
9.4661e-01
7.2635e-01
6.6326e-01
6.9409e-01
7.8402e-01
6.0261e-01
7.4487e-01
8.8788e-01
6.9555e-01
9.2019e-01
7.7348e-01
6.7409e-01
7.3094e-01
7.4784e-01
8.4142e-01
8.1675e-01
9.7176e-01
9.3540e-01
7.3006e-01
8.6361e-01
6.6560e-01
8.9856e-01
6.6609e-01
6.7010e-01
9.3962e-01
8.5007e-01
7.6175e-01
9.3434e-01
7.1467e-01
6.5249e-01
8.8088e-01
9.2167e-01
7.1059e-01
9.8202e-01
7.0008e-01
6.8890e-01
8.1185e-01
9.8381e-01
7.8266e-01
6.2771e-01
9.0965e-01
7.7553e-01
8.5907e-01
8.1839e-01
6.6253e-01
6.6911e-01
7.1003e-01
6.3590e-01
7.7676e-01
6.9909e-01
7.6272e-01
9.7109e-01
8.4742e-01
7.3230e-01
7.8465e-01
7.8561e-01
7.7365e-01
6.8086e-01
9.7647e-01
6.8350e-01
6.6237e-01
6.8489e-01
8.6136e-01
9.4017e-01
9.8961e-01
7.3271e-01
7.6915e-01
6.5001e-01
9.7688e-01
6.4668e-01
8.3026e-01
8.3551e-01
7.5087e-01
9.5291e-01
7.9608e-01
8.3645e-01
8.1220e-01
9.8993e-01
8.2685e-01
8.6015e-01
7.0278e-01
6.4342e-01
9.6897e-01
9.3229e-01
9.1329e-01
8.5856e-01
8.8986e-01
8.2468e-01
7.8474e-01
9.9934e-01
6.4486e-01
8.1330e-01
7.3899e-01
8.7395e-01
9.2777e-01
6.2918e-01
6.9344e-01
6.6921e-01
9.9572e-01
7.2758e-01
8.7779e-01
9.2224e-01
7.8472e-01
7.8890e-01
9.9585e-01
7.9090e-01
8.7676e-01
7.5922e-01
9.1123e-01
9.0345e-01
9.7210e-01
9.3182e-01
8.3724e-01
8.9341e-01
6.4789e-01
7.3176e-01
9.8293e-01
9.9987e-01
9.3664e-01
8.7783e-01
6.4118e-01
7.2948e-01
8.7658e-01
7.4869e-01
7.5327e-01
8.9646e-01
7.4422e-01
9.5748e-01
9.9540e-01
9.0335e-01
8.1772e-01
8.9714e-01
8.6885e-01
7.8024e-01
7.0668e-01
7.2858e-01
9.8812e-01
9.9199e-01
8.2550e-01
7.9613e-01
6.9543e-01
8.6830e-01
9.7500e-01
6.8392e-01
8.7597e-01
9.2313e-01
6.5873e-01
7.9396e-01
8.3487e-01
9.1795e-01
7.1080e-01
7.7783e-01
8.5038e-01
9.0150e-01
6.9544e-01
8.0169e-01
7.1619e-01
9.2188e-01
7.1928e-01
8.2216e-01
9.3631e-01
6.7338e-01
6.7250e-01
8.1363e-01
7.3506e-01
6.5830e-01
6.7824e-01
7.7510e-01
9.1179e-01
6.9393e-01
8.1750e-01
7.5013e-01
8.0549e-01
6.5543e-01
6.8550e-01
7.9374e-01
8.0477e-01
6.8557e-01
6.3749e-01
8.1323e-01
8.8215e-01
7.8301e-01
8.6927e-01
7.7987e-01
8.3594e-01
6.3525e-01
6.2425e-01
7.4466e-01
7.6420e-01
6.4703e-01
6.6822e-01
9.2353e-01
9.4234e-01
6.6070e-01
9.7966e-01
8.2284e-01
7.9539e-01
8.1346e-01
8.6634e-01
7.4921e-01
7.0352e-01
8.3755e-01
8.7772e-01
7.8424e-01
8.8786e-01
7.6335e-01
7.3722e-01
6.5439e-01
7.8262e-01
7.5680e-01
7.0357e-01
7.6831e-01
8.9084e-01
6.6491e-01
7.0674e-01
7.7872e-01
8.3243e-01
7.0618e-01
8.0181e-01
7.1707e-01
9.6507e-01
7.6220e-01
6.9270e-01
9.4707e-01
7.2811e-01
6.4954e-01
6.5015e-01
7.3301e-01
7.0035e-01
6.4494e-01
9.5598e-01
9.0178e-01
8.3859e-01
9.8513e-01
9.7400e-01
7.3484e-01
9.8321e-01
6.3034e-01
9.8779e-01
7.3221e-01
8.4473e-01
6.3908e-01
9.8387e-01
8.1348e-01
8.5315e-01
8.7707e-01
8.6899e-01
8.4077e-01
9.4265e-01
9.5369e-01
7.9364e-01
8.6956e-01
9.8186e-01
7.8464e-01
6.2744e-01
8.4945e-01
7.4266e-01
9.3409e-01
9.9614e-01
6.1448e-01
8.2335e-01
8.3939e-01
7.5842e-01
6.5125e-01
9.4582e-01
7.6751e-01
8.9852e-01
8.4616e-01
7.5775e-01
6.8439e-01
6.8854e-01
6.3744e-01
7.3421e-01
7.5231e-01
9.4894e-01
8.9310e-01
6.6277e-01
7.3836e-01
6.2305e-01
7.0016e-01
7.6136e-01
7.3278e-01
7.8808e-01
9.2565e-01
8.9381e-01
8.7963e-01
6.8556e-01
7.7581e-01
7.0571e-01
6.2866e-01
6.9101e-01
7.3023e-01
8.2990e-01
6.2677e-01
6.7280e-01
7.7454e-01
9.9553e-01
6.4674e-01
9.9148e-01
8.8265e-01
8.9825e-01
8.3264e-01
6.7859e-01
8.6600e-01
8.1082e-01
6.1632e-01
7.4258e-01
6.9532e-01
8.6779e-01
7.5222e-01
6.9127e-01
9.6397e-01
8.1678e-01
9.4590e-01
7.2648e-01
8.7864e-01
8.1146e-01
9.4865e-01
8.0952e-01
7.3109e-01
9.3766e-01
6.5280e-01
9.0934e-01
7.9824e-01
6.6756e-01
8.2882e-01
8.4560e-01
8.9201e-01
7.0577e-01
9.3346e-01
6.6319e-01
6.0357e-01
6.1686e-01
8.9648e-01
7.0328e-01
8.9645e-01
9.6184e-01
8.5445e-01
7.6257e-01
7.0936e-01
9.1591e-01
7.3763e-01
8.6888e-01
9.3644e-01
8.1009e-01
7.5618e-01
6.5289e-01
7.7662e-01
6.3916e-01
7.6416e-01
6.6182e-01
7.5620e-01
8.6843e-01
9.8144e-01
9.7724e-01
8.5353e-01
7.8203e-01
8.0362e-01
9.0886e-01
8.6417e-01
9.2520e-01
7.7268e-01
8.9898e-01
8.8615e-01
6.4384e-01
9.9786e-01
9.9346e-01
6.9832e-01
7.5910e-01
9.2352e-01
8.1910e-01
6.4407e-01
9.0794e-01
7.0780e-01
7.6074e-01
9.3028e-01
9.4787e-01
7.0295e-01
6.4387e-01
9.5662e-01
8.6863e-01
8.0338e-01
8.7388e-01
8.6755e-01
9.5924e-01
8.0176e-01
9.0001e-01
6.0161e-01
8.7182e-01
7.6739e-01
9.4031e-01
6.1008e-01
9.5610e-01
6.2348e-01
7.4688e-01
9.7818e-01
9.7080e-01
8.6048e-01
7.3478e-01
7.7759e-01
8.9421e-01
7.0808e-01
9.9118e-01
6.0851e-01
9.6559e-01
8.4167e-01
9.9693e-01
8.5381e-01
9.0304e-01
9.8246e-01
7.3016e-01
8.5587e-01
7.2541e-01
8.1711e-01
7.1027e-01
8.6111e-01
6.7014e-01
6.7574e-01
8.6492e-01
6.1574e-01
7.9353e-01
8.3994e-01
9.7086e-01
9.8706e-01
6.5023e-01
9.5019e-01
7.4689e-01
6.2370e-01
6.9301e-01
9.9331e-01
9.7319e-01
8.1743e-01
9.8301e-01
7.6567e-01
9.9899e-01
6.8423e-01
6.2942e-01
6.5732e-01
9.8500e-01
7.4830e-01
6.7521e-01
8.3007e-01
8.3285e-01
9.6530e-01
9.9581e-01
7.0680e-01
8.9505e-01
9.7216e-01
7.7329e-01
7.3647e-01
8.1284e-01
7.8706e-01
9.0023e-01
9.5211e-01
6.6319e-01
9.3042e-01
8.2930e-01
9.3800e-01
8.2233e-01
6.5195e-01
8.6329e-01
7.1242e-01
9.5479e-01
8.9841e-01
7.7646e-01
9.8244e-01
8.7459e-01
6.7233e-01
9.5203e-01
7.6842e-01
8.6146e-01
9.3377e-01
9.2610e-01
6.6157e-01
9.7724e-01
8.6024e-01
9.5336e-01
9.6996e-01
7.5109e-01
9.5325e-01
8.7873e-01
8.0604e-01
8.1088e-01
9.0190e-01
6.5429e-01
6.6996e-01
6.3292e-01
8.0237e-01
7.8120e-01
6.9331e-01
7.9528e-01
9.9920e-01
7.2995e-01
8.6848e-01
8.0894e-01
8.5068e-01
6.4273e-01
9.6901e-01
8.8346e-01
9.7364e-01
8.2161e-01
6.6251e-01
7.7093e-01
6.3566e-01
7.6925e-01
7.3498e-01
6.5331e-01
7.3090e-01
6.1210e-01
9.0485e-01
9.2562e-01
9.7319e-01
6.9769e-01
7.8862e-01
7.8059e-01
8.1048e-01
6.7100e-01
8.3423e-01
6.5501e-01
6.2604e-01
6.1594e-01
7.3585e-01
9.9494e-01
8.3734e-01
8.6481e-01
6.3927e-01
7.9762e-01
7.6741e-01
9.8248e-01
8.3749e-01
7.8926e-01
8.6381e-01
7.2257e-01
9.9339e-01
6.3726e-01
8.9998e-01
9.1954e-01
8.8073e-01
6.3179e-01
6.3640e-01
8.3149e-01
9.6480e-01
8.6014e-01
8.8551e-01
6.4157e-01
6.6958e-01
7.1704e-01
7.7365e-01
9.2197e-01
8.7311e-01
9.3104e-01
7.6193e-01
6.4538e-01
8.0133e-01
8.1985e-01
8.8174e-01
8.8174e-01
9.2633e-01
7.7092e-01
6.9449e-01
6.3659e-01
8.9414e-01
7.8361e-01
9.0911e-01
8.8102e-01
6.0177e-01
8.3217e-01
7.6373e-01
9.1016e-01
9.9035e-01
8.4155e-01
7.8460e-01
9.0973e-01
7.2946e-01
9.2226e-01
8.8830e-01
9.9054e-01
6.7560e-01
6.3528e-01
8.2545e-01
8.5081e-01
7.7201e-01
8.3420e-01
7.6412e-01
8.3116e-01
9.4042e-01
8.8555e-01
7.7743e-01
7.6408e-01
7.4378e-01
9.8583e-01
7.5481e-01
8.1199e-01
8.9065e-01
9.6660e-01
9.4816e-01
6.7902e-01
6.6756e-01
8.0572e-01
7.6521e-01
9.2396e-01
7.4290e-01
9.7595e-01
8.6244e-01
8.2257e-01
6.3387e-01
9.6093e-01
9.7801e-01
9.8306e-01
6.7562e-01
7.9589e-01
8.3257e-01
9.3411e-01
7.8344e-01
8.0160e-01
7.2919e-01
8.9632e-01
9.3154e-01
6.4221e-01
7.7789e-01
9.7597e-01
7.5424e-01
6.0722e-01
7.4058e-01
9.5148e-01
6.1394e-01
7.1998e-01
8.3801e-01
8.7995e-01
9.7044e-01
9.1364e-01
7.1800e-01
7.0524e-01
7.3445e-01
9.2871e-01
8.0305e-01
8.8173e-01
6.2499e-01
9.7105e-01
9.3754e-01
8.3095e-01
6.0037e-01
8.3863e-01
9.4111e-01
7.5861e-01
8.7875e-01
7.0461e-01
6.5469e-01
8.5198e-01
9.3274e-01
9.1223e-01
8.0595e-01
6.5373e-01
8.7418e-01
6.8045e-01
6.4516e-01
6.7635e-01
6.1064e-01
6.0472e-01
6.1829e-01
9.3692e-01
9.5973e-01
7.3844e-01
8.7207e-01
7.9263e-01
7.3626e-01
9.5016e-01
9.5442e-01
7.7184e-01
9.3444e-01
6.2490e-01
7.9283e-01
9.3738e-01
6.7518e-01
6.2913e-01
6.1880e-01
9.3572e-01
7.7345e-01
9.3919e-01
6.9184e-01
9.4878e-01
8.0390e-01
8.2496e-01
8.0598e-01
7.1451e-01
9.4645e-01
9.8337e-01
9.2545e-01
6.3042e-01
9.5177e-01
9.7608e-01
7.8377e-01
8.2264e-01
6.1100e-01
8.7074e-01
6.2254e-01
6.9542e-01
7.9840e-01
7.9009e-01
6.5308e-01
6.0988e-01
9.7061e-01
8.0384e-01
6.9034e-01
9.8469e-01
6.3866e-01
8.2615e-01
7.9405e-01
9.0141e-01
7.0957e-01
8.3811e-01
9.5958e-01
6.4112e-01
6.5175e-01
9.3577e-01
7.5303e-01
6.9202e-01
9.2699e-01
7.1078e-01
9.0733e-01
6.5559e-01
9.7976e-01
8.6484e-01
8.9554e-01
6.4863e-01
9.0911e-01
9.8266e-01
6.4071e-01
7.8924e-01
6.9838e-01
6.6929e-01
6.7360e-01
6.6159e-01
7.3388e-01
7.1398e-01
7.5367e-01
7.1181e-01
9.5376e-01
8.1384e-01
7.1735e-01
7.0326e-01
7.7667e-01
7.3787e-01
9.7644e-01
6.5570e-01
6.3349e-01
9.2683e-01
9.3377e-01
9.7028e-01
9.9455e-01
9.2948e-01
6.6976e-01
9.6144e-01
6.1913e-01
9.8675e-01
6.7470e-01
9.5860e-01
7.3971e-01
8.4505e-01
9.5620e-01
6.2499e-01
7.0447e-01
9.9871e-01
6.7226e-01
8.1895e-01
7.6080e-01
6.3796e-01
6.7550e-01
7.6870e-01
8.4996e-01
9.6004e-01
6.8151e-01
8.5545e-01
7.0663e-01
8.4483e-01
9.8574e-01
8.6450e-01
8.9996e-01
6.1737e-01
8.9206e-01
7.8644e-01
6.8032e-01
7.7273e-01
6.2513e-01
8.8349e-01
6.3406e-01
9.0179e-01
9.5220e-01
7.4619e-01
7.9363e-01
6.6495e-01
8.8042e-01
9.3060e-01
9.0932e-01
6.9897e-01
7.3128e-01
7.5934e-01
7.4965e-01
6.4614e-01
6.3817e-01
9.4094e-01
9.1827e-01
7.3082e-01
7.3453e-01
8.6686e-01
8.3266e-01
6.3064e-01
8.9956e-01
9.4821e-01
9.9388e-01
8.7711e-01
7.8542e-01
7.5123e-01
8.5674e-01
8.1559e-01
9.8747e-01
6.3467e-01
8.3509e-01
7.4343e-01
7.7016e-01
8.7466e-01
7.3431e-01
9.1339e-01
6.5251e-01
7.5002e-01
9.5562e-01
7.6277e-01
7.7825e-01
9.0819e-01
8.2250e-01
7.2477e-01
8.3105e-01
7.3834e-01
7.7845e-01
7.3774e-01
8.1802e-01
8.0928e-01
8.5182e-01
6.1595e-01
8.0815e-01
9.1417e-01
7.2619e-01
8.3228e-01
7.3031e-01
6.2488e-01
6.2123e-01
7.8476e-01
6.2466e-01
9.9067e-01
8.6753e-01
7.8407e-01
9.2059e-01
9.0310e-01
7.9530e-01
7.3427e-01
9.7317e-01
9.7689e-01
6.0912e-01
7.7366e-01
6.6775e-01
8.7343e-01
9.6972e-01
7.6740e-01
8.4335e-01
8.6576e-01
7.9399e-01
9.4520e-01
9.0058e-01
6.5260e-01
6.8125e-01
6.0043e-01
7.7168e-01
8.7867e-01
9.3877e-01
8.9795e-01
7.5524e-01
7.6659e-01
7.8059e-01
6.7821e-01
7.0295e-01
6.4393e-01
8.3402e-01
8.5019e-01
9.6451e-01
9.7471e-01
7.9884e-01
6.0051e-01
7.2897e-01
6.2775e-01
6.2555e-01
7.6069e-01
7.0491e-01
6.9667e-01
7.6796e-01
9.9710e-01
9.8861e-01
7.7137e-01
6.0656e-01
7.3884e-01
7.7616e-01
8.4337e-01
8.4271e-01
7.0072e-01
7.5474e-01
6.9395e-01
7.9122e-01
6.4317e-01
6.0740e-01
6.5359e-01
6.9688e-01
7.1039e-01
7.3452e-01
6.8033e-01
6.6460e-01
9.0397e-01
9.8948e-01
6.7342e-01
6.2374e-01
7.5650e-01
7.6662e-01
8.1971e-01
9.7992e-01
6.8577e-01
6.2464e-01
9.0341e-01
8.2521e-01
9.1417e-01
6.5402e-01
7.4976e-01
7.2673e-01
7.0794e-01
8.5921e-01
7.6210e-01
6.1924e-01
7.6148e-01
6.3482e-01
6.3070e-01
7.1603e-01
6.7904e-01
9.9055e-01
7.8590e-01
6.2107e-01
9.9941e-01
6.5154e-01
6.9401e-01
6.5496e-01
7.2141e-01
8.1500e-01
9.5881e-01
7.6212e-01
7.5709e-01
9.0468e-01
6.7447e-01
9.7986e-01
9.1660e-01
9.3011e-01
8.6089e-01
7.7722e-01
7.6629e-01
6.4263e-01
9.0795e-01
9.5916e-01
9.8772e-01
6.6652e-01
9.9820e-01
7.9560e-01
9.3251e-01
6.8828e-01
6.8327e-01
8.4474e-01
9.2153e-01
7.6497e-01
8.5799e-01
6.5796e-01
6.2435e-01
8.2966e-01
7.4935e-01
6.7679e-01
9.9979e-01
6.2699e-01
7.1141e-01
6.1041e-01
6.6693e-01
8.6119e-01
6.4737e-01
8.6270e-01
7.9958e-01
6.7087e-01
6.9113e-01
8.0786e-01
8.7748e-01
9.9275e-01
6.9541e-01
9.5793e-01
8.0713e-01
7.7452e-01
9.6402e-01
7.4070e-01
9.7414e-01
6.0833e-01
7.0776e-01
9.7243e-01
8.1092e-01
6.7978e-01
8.5023e-01
6.2960e-01
6.0843e-01
8.5240e-01
7.7526e-01
8.5831e-01
7.0246e-01
8.1682e-01
9.0599e-01
8.7221e-01
9.2162e-01
9.6300e-01
9.0307e-01
7.3700e-01
6.8347e-01
9.5399e-01
7.9327e-01
7.3439e-01
6.4128e-01
7.8978e-01
7.5214e-01
8.6044e-01
6.4298e-01
6.6486e-01
8.6137e-01
7.4002e-01
6.4254e-01
9.4415e-01
9.5111e-01
8.6513e-01
8.1509e-01
6.1517e-01
9.9899e-01
7.9199e-01
8.1564e-01
6.3589e-01
6.6080e-01
8.5778e-01
7.5971e-01
7.5135e-01
9.4317e-01
9.8405e-01
8.0334e-01
9.1500e-01
8.4717e-01
8.9018e-01
9.6800e-01
7.8004e-01
7.5785e-01
9.4777e-01
6.8320e-01
8.9290e-01
6.6268e-01
8.4590e-01
8.1421e-01
6.9400e-01
6.0122e-01
8.7258e-01
9.7826e-01
6.4080e-01
6.8329e-01
8.5769e-01
8.5417e-01
8.8798e-01
8.0358e-01
6.1583e-01
8.7629e-01
6.1827e-01
7.6399e-01
6.3930e-01
7.4218e-01
7.3770e-01
7.4299e-01
6.9851e-01
9.2018e-01
6.2254e-01
9.6887e-01
9.8799e-01
6.9379e-01
8.3327e-01
8.7213e-01
9.6696e-01
8.0735e-01
9.5210e-01
8.6143e-01
8.7239e-01
9.3974e-01
8.1747e-01
9.7544e-01
7.2643e-01
8.8776e-01
9.5531e-01
6.0242e-01
8.5928e-01
9.5462e-01
8.5881e-01
8.2905e-01
8.3107e-01
7.1134e-01
8.3278e-01
8.8973e-01
6.1714e-01
6.7201e-01
8.1644e-01
7.3686e-01
9.0190e-01
7.7998e-01
6.2558e-01
9.7460e-01
6.1833e-01
9.2811e-01
6.4503e-01
7.2225e-01
8.5232e-01
6.4787e-01
7.2473e-01
7.4786e-01
7.5790e-01
8.9168e-01
9.2511e-01
6.0983e-01
9.5641e-01
9.5210e-01
6.8379e-01
9.1675e-01
9.7568e-01
7.2455e-01
9.2173e-01
9.1053e-01
7.3990e-01
9.8305e-01
8.5617e-01
9.3014e-01
7.7117e-01
7.7592e-01
9.4424e-01
8.6847e-01
6.5890e-01
6.2094e-01
8.2579e-01
8.7024e-01
8.9381e-01
8.0076e-01
7.1623e-01
8.2697e-01
9.0245e-01
8.9095e-01
7.0597e-01
7.9157e-01
6.2863e-01
6.7562e-01
8.6715e-01
7.6988e-01
8.3746e-01
7.9248e-01
9.6335e-01
7.0733e-01
6.0424e-01
9.6080e-01
7.4073e-01
6.8165e-01
6.1039e-01
6.7610e-01
9.0659e-01
7.6210e-01
6.6471e-01
9.4623e-01
7.5131e-01
9.6316e-01
6.9198e-01
7.5031e-01
7.7187e-01
9.2561e-01
9.0574e-01
8.6831e-01
6.1423e-01
8.1725e-01
7.6022e-01
8.3215e-01
8.8553e-01
7.2345e-01
6.6344e-01
7.0350e-01
9.2735e-01
9.7386e-01
6.7353e-01
9.7869e-01
7.7971e-01
8.6421e-01
8.9195e-01
6.2763e-01
7.7834e-01
8.5421e-01
9.5987e-01
6.2961e-01
6.4472e-01
9.2978e-01
6.9332e-01
6.1337e-01
7.7256e-01
9.7168e-01
9.2743e-01
7.6624e-01
6.1831e-01
6.4138e-01
8.4069e-01
7.1572e-01
6.8553e-01
7.6147e-01
6.8336e-01
8.9422e-01
9.7561e-01
6.0449e-01
8.1558e-01
7.7434e-01
7.5700e-01
6.7324e-01
7.7389e-01
7.4238e-01
8.6950e-01
9.4323e-01
8.5487e-01
8.7397e-01
9.2764e-01
8.7720e-01
8.8659e-01
7.7091e-01
8.1758e-01
6.2741e-01
9.2949e-01
8.8462e-01
6.8998e-01
9.6690e-01
7.6107e-01
7.4577e-01
8.8148e-01
6.0645e-01
7.4776e-01
7.0832e-01
7.6967e-01
9.3508e-01
9.0607e-01
6.6477e-01
7.8529e-01
6.2503e-01
7.9047e-01
8.8013e-01
8.6924e-01
9.9004e-01
9.2710e-01
7.8177e-01
6.7031e-01
9.2163e-01
6.4976e-01
8.5755e-01
9.7501e-01
8.4651e-01
7.4719e-01
8.8262e-01
7.0751e-01
8.1431e-01
7.9283e-01
6.8376e-01
6.2745e-01
6.8066e-01
7.6785e-01
9.6776e-01
8.0631e-01
9.6155e-01
8.2102e-01
6.0808e-01
7.8811e-01
8.4475e-01
7.8784e-01
9.8455e-01
8.2034e-01
9.6194e-01
6.8003e-01
7.9522e-01
9.5863e-01
8.8769e-01
9.9665e-01
9.0609e-01
8.6861e-01
8.4602e-01
9.8981e-01
9.6144e-01
8.0640e-01
6.7240e-01
7.4588e-01
8.9023e-01
6.5841e-01
8.6495e-01
6.9985e-01
6.4543e-01
8.0394e-01
9.6193e-01
8.6988e-01
8.3732e-01
9.4344e-01
8.6428e-01
8.4185e-01
8.6171e-01
9.6420e-01
9.7004e-01
7.0181e-01
8.9237e-01
8.7538e-01
8.2000e-01
7.7914e-01
9.0107e-01
6.7536e-01
9.8032e-01
8.9019e-01
7.3650e-01
8.3952e-01
8.3647e-01
9.3957e-01
6.5033e-01
6.1770e-01
7.4895e-01
9.7768e-01
8.1938e-01
9.3715e-01
6.8614e-01
7.2524e-01
7.9564e-01
6.3649e-01
7.1040e-01
8.0865e-01
7.5240e-01
9.7038e-01
9.4993e-01
6.1292e-01
9.6436e-01
7.4168e-01
8.3150e-01
8.7372e-01
7.5944e-01
9.7230e-01
9.7207e-01
7.2819e-01
7.3332e-01
7.4950e-01
7.1422e-01
7.2089e-01
9.4708e-01
6.4440e-01
9.9894e-01
9.6560e-01
8.4128e-01
6.8969e-01
6.9175e-01
9.5478e-01
7.4718e-01
6.0915e-01
8.6500e-01
6.5536e-01
8.5305e-01
7.3524e-01
8.3360e-01
9.5832e-01
6.9957e-01
7.1291e-01
7.5659e-01
9.0332e-01
6.1835e-01
9.4787e-01
6.4563e-01
9.3437e-01
9.7256e-01
9.1759e-01
6.3608e-01
7.4128e-01
8.3502e-01
7.7692e-01
6.8624e-01
9.0450e-01
6.9631e-01
9.3999e-01
8.5246e-01
9.9876e-01
9.9211e-01
6.4813e-01
8.5590e-01
7.6154e-01
9.6924e-01
8.1290e-01
6.3517e-01
7.7722e-01
9.3497e-01
6.2305e-01
6.6351e-01
8.7222e-01
9.3826e-01
6.2719e-01
8.9492e-01
8.8117e-01
8.3627e-01
6.8117e-01
7.7427e-01
7.3775e-01
6.3840e-01
6.2820e-01
9.7299e-01
8.9475e-01
7.6019e-01
9.6641e-01
8.7075e-01
7.2639e-01
8.4500e-01
9.8509e-01
6.5481e-01
9.4238e-01
7.4139e-01
9.0207e-01
7.3940e-01
8.2433e-01
9.3878e-01
9.1740e-01
8.1962e-01
7.0777e-01
8.0829e-01
7.0675e-01
9.2460e-01
8.7012e-01
8.6518e-01
6.3666e-01
7.9512e-01
9.4687e-01
6.0519e-01
9.2032e-01
6.2373e-01
9.1568e-01
9.2203e-01
6.3929e-01
8.0837e-01
8.5778e-01
9.2650e-01
7.4882e-01
6.3402e-01
6.1100e-01
8.2418e-01
9.4376e-01
6.7360e-01
9.1365e-01
8.1432e-01
8.1726e-01
6.8117e-01
7.3206e-01
6.9460e-01
8.4742e-01
7.3312e-01
6.3632e-01
7.4670e-01
8.0690e-01
6.5672e-01
6.9681e-01
9.6659e-01
6.4430e-01
7.2693e-01
9.6149e-01
7.5334e-01
6.6116e-01
8.6299e-01
7.7432e-01
9.4585e-01
6.9995e-01
8.1257e-01
7.3176e-01
7.2035e-01
9.9741e-01
8.9823e-01
6.0157e-01
8.8059e-01
6.9387e-01
9.1643e-01
8.0652e-01
9.3280e-01
6.1447e-01
7.0232e-01
9.7400e-01
8.0005e-01
7.3225e-01
6.4599e-01
9.4974e-01
6.6907e-01
9.7397e-01
9.3073e-01
6.1090e-01
9.1964e-01
6.3139e-01
6.7792e-01
9.9219e-01
9.5714e-01
8.9460e-01
7.1210e-01
9.6699e-01
6.5075e-01
6.0442e-01
9.4219e-01
8.0236e-01
6.5747e-01
6.3527e-01
9.0534e-01
7.8522e-01
7.1635e-01
6.2704e-01
8.1482e-01
8.3474e-01
6.8648e-01
7.6074e-01
9.0715e-01
9.0301e-01
7.8996e-01
7.4500e-01
8.3596e-01
7.8446e-01
6.3222e-01
6.8282e-01
8.3299e-01
6.3227e-01
6.6761e-01
6.9869e-01
7.9654e-01
7.1496e-01
6.8135e-01
8.1496e-01
9.7957e-01
8.9517e-01
8.2226e-01
7.4617e-01
8.4009e-01
6.0080e-01
8.7939e-01
9.9387e-01
9.1616e-01
6.3350e-01
8.1909e-01
6.4119e-01
8.4923e-01
6.1141e-01
9.0500e-01
7.5030e-01
9.7582e-01
6.3546e-01
6.9242e-01
9.0821e-01
6.7314e-01
6.9130e-01
6.7234e-01
7.5172e-01
9.3008e-01
7.4884e-01
8.7596e-01
7.6633e-01
7.3034e-01
7.1590e-01
6.0476e-01
7.9147e-01
9.8708e-01
6.5486e-01
7.7855e-01
8.7331e-01
7.5183e-01
8.6674e-01
9.2630e-01
7.3437e-01
8.7096e-01
6.2567e-01
9.1591e-01
6.9832e-01
9.6225e-01
7.8728e-01
7.9305e-01
9.7290e-01
8.5912e-01
9.0748e-01
8.8144e-01
8.6521e-01
6.5719e-01
8.2465e-01
6.0862e-01
7.1472e-01
9.1705e-01
7.6372e-01
8.4657e-01
6.0174e-01
8.8929e-01
7.5295e-01
6.1173e-01
7.3071e-01
9.3840e-01
9.3961e-01
6.3312e-01
7.2241e-01
8.6730e-01
6.8296e-01
8.2175e-01
9.6209e-01
7.2941e-01
6.1631e-01
8.3443e-01
6.0307e-01
8.0546e-01
6.0450e-01
9.5974e-01
8.5398e-01
6.2910e-01
7.1471e-01
8.4484e-01
8.4515e-01
8.4461e-01
6.9105e-01
7.4859e-01
8.3817e-01
8.5430e-01
9.0151e-01
9.6237e-01
7.6995e-01
8.8550e-01
8.2664e-01
8.4520e-01
9.2323e-01
9.5305e-01
9.8159e-01
6.5709e-01
6.4132e-01
8.9960e-01
9.1670e-01
7.1306e-01
6.7852e-01
9.7599e-01
6.6970e-01
9.5665e-01
8.3777e-01
6.5339e-01
6.3425e-01
9.5299e-01
8.4471e-01
7.6692e-01
7.1617e-01
7.4274e-01
7.3797e-01
8.8629e-01
9.1503e-01
8.0224e-01
6.5927e-01
9.1012e-01
8.6929e-01
8.4283e-01
6.3003e-01
6.2501e-01
8.2606e-01
6.3118e-01
8.4023e-01
9.1473e-01
9.5858e-01
8.8993e-01
6.0091e-01
7.5845e-01
8.3891e-01
7.8734e-01
6.9224e-01
6.2526e-01
6.6446e-01
7.2081e-01
6.7918e-01
9.4240e-01
7.7941e-01
9.3538e-01
6.9127e-01
6.4387e-01
6.2759e-01
8.8360e-01
6.2457e-01
7.1697e-01
6.0812e-01
9.0873e-01
6.1490e-01
6.0260e-01
7.9837e-01
8.8326e-01
9.2217e-01
7.7190e-01
8.3707e-01
7.8355e-01
8.9773e-01
8.3610e-01
6.2443e-01
7.7225e-01
8.5350e-01
9.9562e-01
8.2852e-01
9.1912e-01
6.7347e-01
8.5203e-01
7.2246e-01
7.1905e-01
9.1802e-01
6.9633e-01
8.6211e-01
6.0295e-01
7.2857e-01
7.1974e-01
7.3950e-01
9.2088e-01
9.1813e-01
8.7733e-01
9.9775e-01
6.2951e-01
6.3110e-01
8.8839e-01
8.9599e-01
8.7517e-01
9.0275e-01
9.9295e-01
7.9261e-01
6.5979e-01
7.5597e-01
7.4044e-01
7.3335e-01
8.5818e-01
6.9132e-01
8.6919e-01
8.7475e-01
7.8041e-01
7.4762e-01
7.7107e-01
6.1862e-01
7.4770e-01
7.2752e-01
6.8014e-01
9.0471e-01
9.7378e-01
7.7800e-01
7.5979e-01
6.5643e-01
9.6667e-01
8.0209e-01
7.0172e-01
7.7450e-01
6.3020e-01
8.5746e-01
8.6242e-01
8.4427e-01
8.9534e-01
8.1669e-01
6.2826e-01
7.7868e-01
8.9438e-01
9.6955e-01
7.3939e-01
9.4627e-01
9.8414e-01
9.9527e-01
7.4681e-01
6.2036e-01
8.0150e-01
7.6160e-01
7.2193e-01
7.9798e-01
9.7995e-01
8.4753e-01
6.1832e-01
9.5646e-01
8.3821e-01
7.4401e-01
8.4218e-01
8.9952e-01
8.3748e-01
7.2327e-01
6.4357e-01
9.6972e-01
6.3494e-01
9.2682e-01
8.1473e-01
8.4737e-01
6.9276e-01
7.3011e-01
7.7530e-01
7.9680e-01
8.1219e-01
6.8490e-01
7.2948e-01
6.8643e-01
9.3707e-01
7.3517e-01
9.9082e-01
9.1991e-01
7.1640e-01
7.1074e-01
9.2575e-01
7.0866e-01
7.7224e-01
9.5759e-01
7.4902e-01
6.8093e-01
9.1354e-01
6.9495e-01
8.5255e-01
6.9125e-01
9.3620e-01
6.1865e-01
8.0070e-01
9.3215e-01
9.7585e-01
8.8367e-01
7.0514e-01
9.1606e-01
7.2914e-01
6.7198e-01
9.5704e-01
6.0169e-01
8.4409e-01
9.5026e-01
6.6961e-01
8.5594e-01
8.8010e-01
7.4856e-01
8.8515e-01
8.8494e-01
7.5463e-01
8.2175e-01
8.1994e-01
7.5841e-01
7.8373e-01
8.4322e-01
6.6273e-01
9.1418e-01
8.0961e-01
7.5203e-01
9.6258e-01
8.3283e-01
7.8082e-01
7.6002e-01
7.7292e-01
9.2002e-01
7.2225e-01
9.0065e-01
9.7455e-01
9.7992e-01
7.8427e-01
7.5828e-01
9.0322e-01
9.3707e-01
6.0479e-01
9.2881e-01
6.6171e-01
6.4057e-01
7.2496e-01
8.7947e-01
7.5206e-01
9.0052e-01
8.3101e-01
8.4052e-01
6.5761e-01
6.4719e-01
7.6625e-01
8.1772e-01
8.0517e-01
7.7604e-01
9.9176e-01
8.0176e-01
9.2355e-01
6.9970e-01
6.9282e-01
6.6038e-01
7.1571e-01
7.6208e-01
8.3788e-01
8.5184e-01
7.2218e-01
9.5442e-01
7.8491e-01
6.8854e-01
6.4900e-01
8.7395e-01
8.6140e-01
8.9859e-01
9.1654e-01
6.2375e-01
7.6598e-01
6.8815e-01
7.5295e-01
9.8426e-01
8.0460e-01
9.9166e-01
7.0615e-01
6.3487e-01
8.8332e-01
8.7388e-01
6.9027e-01
9.5140e-01
7.5875e-01
8.8688e-01
8.2359e-01
8.8890e-01
7.2271e-01
7.9267e-01
6.0113e-01
8.4187e-01
9.0794e-01
9.5578e-01
6.7836e-01
9.2215e-01
6.8126e-01
8.9137e-01
7.9103e-01
9.7331e-01
9.0173e-01
9.7454e-01
8.3947e-01
8.2813e-01
6.0803e-01
9.3841e-01
7.1039e-01
6.2225e-01
6.5586e-01
7.4357e-01
9.1533e-01
8.7821e-01
7.3260e-01
8.5018e-01
9.4811e-01
9.7347e-01
6.2394e-01
6.3620e-01
6.9642e-01
7.0755e-01
6.1877e-01
7.4434e-01
9.0314e-01
6.9916e-01
6.3468e-01
6.2721e-01
7.6919e-01
7.5456e-01
7.6557e-01
8.5705e-01
8.7149e-01
6.7817e-01
7.8126e-01
9.2522e-01
6.0648e-01
6.3525e-01
8.9805e-01
9.7605e-01
9.5168e-01
9.3698e-01
6.4687e-01
8.7709e-01
8.4765e-01
9.9997e-01
7.8747e-01
6.0117e-01
6.9443e-01
6.1812e-01
9.0660e-01
7.8956e-01
6.4382e-01
7.2137e-01
7.2904e-01
7.6587e-01
6.3164e-01
8.5129e-01
9.7153e-01
8.0225e-01
7.6740e-01
8.9125e-01
8.0184e-01
6.6062e-01
6.1708e-01
8.1270e-01
9.2063e-01
7.3265e-01
6.8014e-01
7.1844e-01
8.2232e-01
7.4574e-01
8.2021e-01
8.9835e-01
6.3597e-01
8.3321e-01
8.4954e-01
8.7814e-01
9.6482e-01
9.3250e-01
6.9797e-01
6.2604e-01
9.4656e-01
6.5881e-01
7.0550e-01
8.0152e-01
7.7647e-01
8.7160e-01
6.3943e-01
6.8893e-01
8.2362e-01
6.3658e-01
6.5118e-01
7.6158e-01
6.0393e-01
8.6690e-01
7.2535e-01
9.8175e-01
9.2295e-01
7.4375e-01
8.4884e-01
8.9227e-01
6.4560e-01
9.9361e-01
6.7163e-01
7.7267e-01
6.9295e-01
9.8534e-01
9.5638e-01
9.6602e-01
9.4187e-01
7.3482e-01
6.7842e-01
8.9975e-01
8.3205e-01
6.9826e-01
9.1615e-01
8.8554e-01
7.8415e-01
6.2692e-01
7.2860e-01
9.1188e-01
8.8559e-01
6.8596e-01
6.1824e-01
8.1502e-01
8.0251e-01
8.5582e-01
7.3746e-01
6.2127e-01
8.4648e-01
9.8380e-01
9.7430e-01
9.4373e-01
9.3712e-01
7.7980e-01
7.5606e-01
9.0237e-01
7.4041e-01
7.9853e-01
7.5606e-01
9.9433e-01
6.9086e-01
7.8010e-01
8.5925e-01
7.5405e-01
6.6879e-01
8.8100e-01
9.5919e-01
8.3898e-01
9.6673e-01
8.3391e-01
9.3549e-01
9.8987e-01
6.7953e-01
9.7647e-01
8.9578e-01
6.4776e-01
7.0140e-01
8.5369e-01
8.1287e-01
7.8418e-01
6.1874e-01
9.8194e-01
8.2844e-01
7.3595e-01
9.4471e-01
8.4279e-01
7.1638e-01
9.3905e-01
6.5636e-01
7.8864e-01
8.8542e-01
6.9996e-01
9.6182e-01
8.6663e-01
9.9695e-01
7.3615e-01
6.8710e-01
8.6293e-01
6.7924e-01
9.7796e-01
9.7488e-01
9.3984e-01
7.0932e-01
7.6012e-01
8.7866e-01
6.0711e-01
8.1349e-01
8.9207e-01
9.6703e-01
9.6234e-01
7.1935e-01
7.1329e-01
6.9263e-01
6.2821e-01
7.8928e-01
7.7820e-01
6.2894e-01
8.0492e-01
9.3641e-01
7.4222e-01
9.3464e-01
6.3447e-01
7.0996e-01
7.3513e-01
9.9145e-01
8.0757e-01
6.0021e-01
9.3169e-01
6.4059e-01
7.0850e-01
7.5677e-01
6.5771e-01
7.0933e-01
8.1366e-01
9.1259e-01
7.0000e-01
6.3044e-01
8.4787e-01
6.1875e-01
8.5078e-01
8.6743e-01
8.0613e-01
7.3339e-01
6.4929e-01
9.0722e-01
9.9480e-01
7.9402e-01
7.5159e-01
7.5352e-01
8.2247e-01
9.7511e-01
6.4568e-01
7.4691e-01
9.0665e-01
8.0244e-01
6.8425e-01
8.8250e-01
6.4856e-01
8.3093e-01
8.2206e-01
8.0029e-01
7.1122e-01
8.4542e-01
8.6366e-01
9.2127e-01
8.9506e-01
7.1355e-01
6.4723e-01
6.1951e-01
8.6869e-01
8.9902e-01
8.3644e-01
6.9213e-01
6.8335e-01
7.4507e-01
9.9859e-01
8.6350e-01
8.1970e-01
9.1103e-01
9.6432e-01
6.9288e-01
6.2116e-01
9.3854e-01
8.9679e-01
9.0325e-01
9.6797e-01
9.4335e-01
7.9009e-01
8.2495e-01
9.2997e-01
9.1064e-01
8.1821e-01
6.6568e-01
9.7475e-01
8.2746e-01
9.8976e-01
9.8024e-01
6.7970e-01
9.3982e-01
7.4965e-01
9.9283e-01
7.4308e-01
8.5091e-01
7.0388e-01
8.8384e-01
6.5418e-01
7.6617e-01
9.9395e-01
6.0971e-01
8.6973e-01
7.7553e-01
6.4905e-01
9.4418e-01
7.7886e-01
9.0323e-01
8.4849e-01
7.5058e-01
7.9107e-01
8.4650e-01
7.5221e-01
7.6613e-01
9.1368e-01
8.9651e-01
9.7218e-01
9.1179e-01
6.8769e-01
8.1963e-01
6.9323e-01
9.8014e-01
8.6276e-01
7.0183e-01
6.4343e-01
7.3949e-01
9.1162e-01
9.0285e-01
6.5672e-01
6.8840e-01
7.5470e-01
6.0260e-01
6.7551e-01
9.4207e-01
7.6318e-01
9.6314e-01
8.7796e-01
6.1403e-01
6.8950e-01
6.8013e-01
8.9397e-01
9.3043e-01
7.9752e-01
8.4981e-01
8.7709e-01
9.4273e-01
7.2502e-01
6.7186e-01
6.7034e-01
7.6639e-01
6.9816e-01
7.2980e-01
7.9945e-01
9.8851e-01
6.0622e-01
6.1014e-01
6.5070e-01
7.2088e-01
8.6544e-01
7.6199e-01
6.9305e-01
6.7936e-01
6.3959e-01
6.8642e-01
9.3841e-01
8.3952e-01
7.5139e-01
8.7858e-01
9.7958e-01
7.3369e-01
8.5302e-01
9.6579e-01
7.4914e-01
9.5842e-01
9.2087e-01
9.5637e-01
9.9139e-01
7.0993e-01
6.4976e-01
9.2181e-01
9.9890e-01
7.7027e-01
8.1653e-01
8.1866e-01
8.5849e-01
6.1787e-01
8.1939e-01
6.9020e-01
9.4380e-01
6.6057e-01
8.3317e-01
6.6593e-01
8.7221e-01
6.3015e-01
6.3334e-01
9.7488e-01
9.0749e-01
9.8961e-01
8.9550e-01
6.6952e-01
7.0368e-01
9.7486e-01
9.2884e-01
6.3016e-01
8.1325e-01
9.6865e-01
6.2458e-01
9.4013e-01
9.7724e-01
8.8464e-01
7.4262e-01
9.3050e-01
6.9900e-01
6.0044e-01
7.9340e-01
9.1282e-01
6.7861e-01
8.6556e-01
8.4021e-01
9.7696e-01
6.1368e-01
8.5753e-01
9.8425e-01
9.4888e-01
6.9674e-01
9.1201e-01
6.6555e-01
7.3957e-01
8.2981e-01
7.4159e-01
8.9674e-01
9.0440e-01
8.2811e-01
8.3803e-01
7.9551e-01
6.0854e-01
7.3344e-01
8.3900e-01
6.4184e-01
9.8052e-01
