9.9633e-01
6.0590e-01
9.6646e-01
9.3813e-01
7.5593e-01
9.8693e-01
9.3050e-01
8.6740e-01
6.4869e-01
8.6241e-01
6.1651e-01
7.7111e-01
8.1376e-01
9.0160e-01
9.1899e-01
7.2338e-01
8.1128e-01
8.5524e-01
8.2023e-01
7.3023e-01
8.3100e-01
7.5031e-01
8.5162e-01
7.1252e-01
8.6820e-01
6.2706e-01
9.1122e-01
8.0537e-01
6.4672e-01
7.5553e-01
8.7788e-01
7.8960e-01
8.6039e-01
9.1577e-01
7.0541e-01
9.9930e-01
6.1745e-01
9.7577e-01
9.8191e-01
7.3126e-01
6.7162e-01
9.6212e-01
6.1347e-01
9.6169e-01
8.6236e-01
7.5554e-01
7.0409e-01
9.7406e-01
6.0718e-01
8.1537e-01
9.4940e-01
7.2116e-01
9.8112e-01
8.9256e-01
6.9429e-01
8.9026e-01
6.8414e-01
9.4315e-01
6.0374e-01
9.3817e-01
7.8259e-01
6.1146e-01
7.0173e-01
6.7941e-01
9.3014e-01
8.0400e-01
7.0056e-01
6.7742e-01
7.8438e-01
6.8312e-01
8.3740e-01
9.7572e-01
7.0108e-01
6.1953e-01
6.4115e-01
8.4828e-01
6.6809e-01
6.7099e-01
7.6830e-01
6.4525e-01
6.5245e-01
6.8655e-01
9.8814e-01
7.7582e-01
6.6479e-01
7.0857e-01
7.9640e-01
7.6660e-01
7.1759e-01
8.4331e-01
8.6806e-01
9.4127e-01
9.6397e-01
9.8713e-01
6.6209e-01
6.7927e-01
8.9821e-01
8.3979e-01
9.1199e-01
8.0645e-01
8.9006e-01
7.2168e-01
9.1813e-01
9.3982e-01
9.0183e-01
9.4987e-01
6.4769e-01
7.7798e-01
8.0004e-01
9.6701e-01
7.1609e-01
8.6031e-01
6.3483e-01
8.7182e-01
8.9652e-01
8.3211e-01
7.4446e-01
6.9635e-01
8.3308e-01
7.6705e-01
6.8104e-01
8.9924e-01
9.2946e-01
9.3369e-01
8.2250e-01
6.7074e-01
9.5742e-01
9.0263e-01
8.5522e-01
7.6005e-01
8.3972e-01
7.1622e-01
8.8836e-01
7.2516e-01
7.1117e-01
6.9054e-01
8.7365e-01
7.3701e-01
7.2174e-01
8.4264e-01
7.6528e-01
7.7407e-01
7.1675e-01
6.2122e-01
6.5810e-01
6.3085e-01
8.3933e-01
8.2399e-01
7.4153e-01
8.6599e-01
9.2764e-01
7.1539e-01
8.5114e-01
6.8638e-01
8.7872e-01
7.8359e-01
8.2957e-01
7.0871e-01
9.2970e-01
7.6149e-01
6.5910e-01
6.8078e-01
9.2557e-01
7.4665e-01
8.1902e-01
9.0024e-01
8.2156e-01
9.7399e-01
9.3792e-01
8.8474e-01
9.2494e-01
9.5910e-01
8.1649e-01
8.5857e-01
8.6489e-01
7.4301e-01
6.7725e-01
8.9118e-01
9.6365e-01
9.5855e-01
8.4996e-01
6.4597e-01
6.1722e-01
8.8197e-01
8.4730e-01
8.6036e-01
6.5198e-01
6.2276e-01
8.2639e-01
9.9098e-01
6.6350e-01
6.5548e-01
6.7230e-01
9.0453e-01
8.4660e-01
7.8888e-01
7.6023e-01
6.8498e-01
9.6314e-01
6.9696e-01
6.8998e-01
7.8623e-01
7.5399e-01
8.3662e-01
9.6461e-01
7.4915e-01
6.8402e-01
7.1374e-01
9.3117e-01
7.3113e-01
8.1683e-01
6.6586e-01
8.9371e-01
7.1669e-01
9.2468e-01
9.4050e-01
6.0873e-01
9.2480e-01
8.2203e-01
7.6544e-01
8.1735e-01
6.7356e-01
6.8539e-01
6.1275e-01
7.2664e-01
8.1048e-01
8.5040e-01
8.8176e-01
8.6510e-01
7.9094e-01
9.7929e-01
9.3678e-01
7.1834e-01
7.8246e-01
9.6298e-01
7.7641e-01
7.4701e-01
6.5471e-01
6.9894e-01
7.8314e-01
8.3531e-01
8.3796e-01
7.0360e-01
6.7614e-01
6.9588e-01
9.9720e-01
9.5969e-01
6.3088e-01
8.1898e-01
8.0310e-01
6.4778e-01
6.3358e-01
8.9764e-01
9.3007e-01
7.9734e-01
9.2533e-01
7.2384e-01
7.8553e-01
8.9643e-01
7.2347e-01
8.3440e-01
8.5990e-01
9.8012e-01
7.3746e-01
7.0158e-01
6.0242e-01
8.6480e-01
7.2508e-01
8.5561e-01
6.7707e-01
9.0610e-01
8.0017e-01
8.6135e-01
8.6127e-01
8.0161e-01
7.1194e-01
7.0934e-01
6.7090e-01
8.0408e-01
8.6503e-01
8.2315e-01
9.3049e-01
7.5216e-01
7.2312e-01
9.0871e-01
9.2167e-01
7.0372e-01
9.3047e-01
8.0841e-01
6.3668e-01
7.7222e-01
6.6886e-01
9.0948e-01
7.9111e-01
6.8862e-01
9.5991e-01
7.6362e-01
8.7142e-01
6.6953e-01
7.3202e-01
6.6471e-01
9.1857e-01
6.7600e-01
8.1284e-01
8.7781e-01
8.1869e-01
7.8614e-01
6.4320e-01
8.6199e-01
9.1273e-01
8.0340e-01
6.1510e-01
9.4223e-01
9.1948e-01
9.8668e-01
8.8751e-01
7.7248e-01
9.8978e-01
8.1935e-01
6.4656e-01
6.0761e-01
9.6171e-01
9.4750e-01
9.1213e-01
8.8744e-01
9.7242e-01
8.0273e-01
8.8363e-01
7.5291e-01
6.3098e-01
7.1083e-01
9.5595e-01
7.7546e-01
7.5034e-01
7.9843e-01
9.1353e-01
7.1296e-01
8.2394e-01
9.9732e-01
8.8107e-01
7.2571e-01
9.8284e-01
6.6258e-01
8.3721e-01
7.0654e-01
9.3565e-01
8.7990e-01
8.8260e-01
9.3857e-01
9.3857e-01
9.8895e-01
8.6028e-01
8.1771e-01
6.8269e-01
7.3567e-01
9.7905e-01
7.5858e-01
8.0855e-01
9.9039e-01
8.6270e-01
8.8220e-01
7.5145e-01
6.1516e-01
9.2832e-01
8.3299e-01
8.3482e-01
6.1729e-01
7.7350e-01
6.1812e-01
7.4031e-01
7.2524e-01
6.4221e-01
7.0846e-01
7.4888e-01
9.3879e-01
9.4320e-01
9.0915e-01
7.0891e-01
9.6861e-01
8.1768e-01
8.2184e-01
6.3742e-01
8.2826e-01
9.8065e-01
8.0072e-01
8.6543e-01
9.4155e-01
9.6444e-01
7.2534e-01
9.2452e-01
7.6904e-01
8.6985e-01
9.5324e-01
6.9658e-01
9.0285e-01
8.6569e-01
6.1981e-01
9.3787e-01
9.4246e-01
8.2500e-01
9.9702e-01
9.5290e-01
8.4413e-01
9.7386e-01
6.3620e-01
7.2018e-01
9.6896e-01
6.4114e-01
6.2740e-01
9.3854e-01
9.7267e-01
6.6494e-01
9.6452e-01
6.4550e-01
9.5816e-01
8.5071e-01
8.3913e-01
7.4356e-01
8.5703e-01
9.4008e-01
6.1924e-01
6.8410e-01
7.1818e-01
7.1118e-01
9.5967e-01
6.4799e-01
8.7454e-01
9.9501e-01
6.9327e-01
8.9664e-01
7.1245e-01
7.7851e-01
8.3111e-01
8.4833e-01
7.7629e-01
6.9672e-01
6.9254e-01
9.0812e-01
8.3917e-01
8.0930e-01
7.4212e-01
8.4190e-01
6.4806e-01
7.6639e-01
8.1113e-01
7.7229e-01
8.1538e-01
8.1615e-01
9.1493e-01
7.3095e-01
8.4414e-01
8.2871e-01
9.3393e-01
7.1303e-01
7.7952e-01
6.1165e-01
7.1382e-01
7.0023e-01
7.4955e-01
7.5445e-01
6.0482e-01
8.8408e-01
8.7770e-01
6.8173e-01
8.5068e-01
9.1142e-01
6.9423e-01
9.5326e-01
8.4217e-01
7.7229e-01
7.8179e-01
8.7335e-01
7.4180e-01
6.6079e-01
9.5027e-01
8.4771e-01
9.5403e-01
7.8132e-01
6.8618e-01
9.8391e-01
6.1576e-01
8.0166e-01
9.6783e-01
6.5709e-01
9.4751e-01
7.8559e-01
7.1838e-01
9.7806e-01
9.0547e-01
9.1295e-01
8.1307e-01
7.9233e-01
9.6621e-01
9.7292e-01
9.4371e-01
9.9181e-01
9.8933e-01
6.2802e-01
8.4854e-01
7.5423e-01
6.4180e-01
8.0484e-01
9.8458e-01
7.0341e-01
7.0952e-01
8.2709e-01
7.1999e-01
7.2835e-01
6.3647e-01
7.7406e-01
7.7615e-01
6.3544e-01
6.5941e-01
8.1973e-01
9.0268e-01
9.6943e-01
8.7915e-01
8.6463e-01
9.7471e-01
7.5607e-01
9.5582e-01
8.9259e-01
9.7164e-01
9.0219e-01
8.0440e-01
8.5175e-01
6.5994e-01
8.8407e-01
8.4013e-01
7.4032e-01
7.0586e-01
7.8265e-01
7.4113e-01
6.1603e-01
8.2660e-01
7.4039e-01
7.9321e-01
9.8057e-01
8.7272e-01
8.6185e-01
8.3292e-01
7.8429e-01
6.4915e-01
6.7083e-01
6.0933e-01
9.4602e-01
7.5819e-01
9.6660e-01
7.7000e-01
9.1008e-01
8.4119e-01
9.6094e-01
6.0562e-01
7.0136e-01
9.3500e-01
9.6340e-01
8.3906e-01
9.8967e-01
7.5733e-01
7.8425e-01
8.7929e-01
6.8116e-01
6.6000e-01
8.3639e-01
7.3593e-01
9.2741e-01
7.1245e-01
6.7283e-01
7.4962e-01
6.3984e-01
8.0021e-01
9.1206e-01
7.9581e-01
9.8242e-01
6.7523e-01
8.6375e-01
7.7757e-01
7.4102e-01
8.2847e-01
8.5160e-01
7.1086e-01
7.1080e-01
7.6293e-01
7.4910e-01
9.8108e-01
6.6424e-01
8.1758e-01
6.9795e-01
9.7187e-01
7.1036e-01
7.8419e-01
7.7959e-01
6.4245e-01
8.9902e-01
6.8124e-01
8.2105e-01
7.6328e-01
9.6321e-01
6.7199e-01
7.8832e-01
9.1503e-01
8.6472e-01
9.3892e-01
7.5934e-01
7.4970e-01
6.4714e-01
8.4393e-01
8.6909e-01
8.9431e-01
9.8299e-01
9.2461e-01
8.9920e-01
9.7704e-01
8.0149e-01
9.9291e-01
6.3514e-01
9.0182e-01
8.5714e-01
6.8292e-01
8.9968e-01
8.5791e-01
9.1101e-01
7.3571e-01
8.8054e-01
6.9196e-01
6.4703e-01
7.8865e-01
8.1448e-01
7.4544e-01
9.5902e-01
9.8112e-01
8.9765e-01
7.8384e-01
7.5506e-01
8.5461e-01
6.9664e-01
7.9105e-01
9.9165e-01
8.1702e-01
7.3591e-01
8.6311e-01
8.2234e-01
8.3935e-01
6.6450e-01
8.4547e-01
9.1758e-01
8.0617e-01
6.2195e-01
7.4146e-01
8.8490e-01
6.7956e-01
9.4295e-01
9.0912e-01
9.6270e-01
6.8731e-01
6.0618e-01
8.3054e-01
9.8809e-01
8.7181e-01
8.3281e-01
9.6866e-01
8.4502e-01
8.8747e-01
6.2059e-01
7.2181e-01
8.3903e-01
7.5822e-01
9.7229e-01
7.4903e-01
6.3142e-01
8.4618e-01
8.0370e-01
8.8021e-01
9.0626e-01
7.6097e-01
9.2025e-01
6.5055e-01
7.8179e-01
6.0915e-01
6.4799e-01
8.3399e-01
6.6984e-01
7.4462e-01
6.1187e-01
7.9528e-01
8.1678e-01
8.7103e-01
9.3514e-01
8.4686e-01
6.2961e-01
7.0734e-01
8.4261e-01
7.6427e-01
8.7788e-01
6.6812e-01
6.9934e-01
6.9747e-01
7.3908e-01
6.1101e-01
8.1328e-01
6.9695e-01
9.0643e-01
9.9089e-01
6.6815e-01
7.6841e-01
8.1547e-01
6.0922e-01
7.1897e-01
8.7072e-01
9.4898e-01
6.6961e-01
8.8740e-01
9.9193e-01
8.9977e-01
8.6647e-01
9.5330e-01
7.1853e-01
7.5915e-01
9.5035e-01
8.5088e-01
9.7636e-01
8.5045e-01
7.3589e-01
8.5537e-01
7.7660e-01
6.6440e-01
9.7870e-01
9.2749e-01
7.5088e-01
8.1717e-01
8.1817e-01
9.1858e-01
9.1133e-01
9.0175e-01
6.9811e-01
9.8121e-01
8.4153e-01
7.3564e-01
7.5274e-01
8.4238e-01
7.1178e-01
6.1527e-01
7.8681e-01
9.9639e-01
6.8908e-01
8.2806e-01
9.2584e-01
6.4707e-01
8.5589e-01
8.5390e-01
9.8211e-01
8.2187e-01
9.3459e-01
7.5193e-01
9.8291e-01
6.9562e-01
7.8950e-01
9.0102e-01
7.7999e-01
9.0644e-01
7.0075e-01
8.4471e-01
9.6498e-01
7.2976e-01
7.7642e-01
7.4184e-01
6.9657e-01
9.1776e-01
6.6687e-01
8.8165e-01
8.7722e-01
9.4362e-01
9.7941e-01
8.6722e-01
6.4726e-01
9.9640e-01
8.8206e-01
9.5912e-01
6.1585e-01
6.4619e-01
7.8022e-01
6.6403e-01
7.3722e-01
9.8071e-01
6.0941e-01
7.4540e-01
8.6738e-01
8.2962e-01
6.1917e-01
7.1382e-01
6.9809e-01
7.6032e-01
9.0424e-01
9.5488e-01
9.0252e-01
7.0304e-01
8.0205e-01
9.7535e-01
6.5232e-01
8.3238e-01
9.1400e-01
9.0444e-01
7.1120e-01
7.8841e-01
9.2270e-01
6.9456e-01
8.0737e-01
7.5818e-01
6.1863e-01
7.3467e-01
7.1047e-01
9.6620e-01
7.4301e-01
9.1176e-01
7.8602e-01
7.2708e-01
8.5474e-01
6.6113e-01
9.4268e-01
6.3345e-01
7.7822e-01
9.3523e-01
8.1355e-01
8.7578e-01
7.2449e-01
6.3812e-01
7.8811e-01
6.3604e-01
8.8201e-01
9.2621e-01
7.8494e-01
9.6805e-01
8.8814e-01
9.7914e-01
7.7213e-01
7.2138e-01
6.7558e-01
6.7569e-01
6.2916e-01
7.5724e-01
6.3852e-01
9.0576e-01
7.3210e-01
8.2641e-01
6.3310e-01
8.6593e-01
7.0428e-01
7.2534e-01
6.3368e-01
6.3302e-01
6.3683e-01
6.8476e-01
6.6249e-01
7.7945e-01
7.1918e-01
8.6673e-01
7.1126e-01
9.7849e-01
7.7769e-01
6.3204e-01
7.2295e-01
9.7735e-01
8.9865e-01
9.2965e-01
8.9365e-01
8.1955e-01
7.2158e-01
6.5785e-01
9.0243e-01
8.8246e-01
7.8891e-01
8.6238e-01
7.6871e-01
7.0898e-01
7.7591e-01
7.2159e-01
9.6551e-01
8.2193e-01
7.6572e-01
8.5596e-01
6.6018e-01
7.2149e-01
8.2247e-01
7.7640e-01
8.4718e-01
8.7829e-01
8.4001e-01
9.7244e-01
8.2873e-01
7.6480e-01
9.5858e-01
7.7314e-01
6.4851e-01
8.5905e-01
7.9342e-01
8.0573e-01
7.1534e-01
6.6297e-01
6.7486e-01
8.9129e-01
9.8024e-01
6.2279e-01
9.6166e-01
8.8295e-01
7.9539e-01
7.1001e-01
8.2395e-01
9.0671e-01
6.4934e-01
6.4267e-01
9.3136e-01
8.6172e-01
6.4858e-01
8.3609e-01
7.2992e-01
6.1596e-01
8.0869e-01
6.3620e-01
9.3360e-01
6.5724e-01
8.8936e-01
6.6250e-01
7.9623e-01
9.4389e-01
8.2307e-01
7.3797e-01
9.6439e-01
7.1154e-01
9.7014e-01
6.1733e-01
7.4961e-01
8.4448e-01
9.7428e-01
6.9894e-01
9.4028e-01
8.1093e-01
6.8111e-01
6.3885e-01
8.5613e-01
6.4063e-01
9.1331e-01
9.3410e-01
8.7770e-01
9.6341e-01
7.8325e-01
7.2806e-01
8.7594e-01
8.2548e-01
7.3320e-01
6.0253e-01
8.5976e-01
8.9318e-01
6.1179e-01
6.2014e-01
6.3047e-01
6.9762e-01
6.4187e-01
7.3462e-01
9.4885e-01
7.3787e-01
7.3830e-01
9.4154e-01
6.0337e-01
9.4817e-01
7.2000e-01
6.2903e-01
6.5882e-01
9.4918e-01
8.4396e-01
8.1802e-01
6.4230e-01
7.3389e-01
7.4148e-01
9.8778e-01
8.0124e-01
8.5567e-01
9.6422e-01
7.1631e-01
7.0714e-01
6.3142e-01
6.5775e-01
8.4009e-01
7.0772e-01
8.0316e-01
6.6451e-01
7.6862e-01
6.2333e-01
7.3277e-01
8.3898e-01
8.1754e-01
6.5718e-01
6.2915e-01
8.8140e-01
7.2368e-01
9.5242e-01
7.8771e-01
6.9602e-01
9.7496e-01
7.4180e-01
6.2441e-01
6.1602e-01
6.5543e-01
6.8290e-01
9.3642e-01
9.3794e-01
7.0018e-01
9.5782e-01
6.3651e-01
6.2823e-01
6.5049e-01
6.9031e-01
6.9250e-01
9.6765e-01
8.6701e-01
9.8781e-01
6.6307e-01
6.2216e-01
9.9512e-01
8.4528e-01
7.0467e-01
8.3770e-01
6.4164e-01
7.0557e-01
8.0377e-01
9.8421e-01
6.6961e-01
7.5372e-01
8.9726e-01
9.6033e-01
9.7812e-01
8.4154e-01
6.6447e-01
6.1647e-01
6.0181e-01
7.6476e-01
9.5340e-01
7.8803e-01
9.3861e-01
9.3934e-01
7.0602e-01
8.6220e-01
9.8926e-01
9.1211e-01
7.5590e-01
8.6982e-01
9.9661e-01
8.5396e-01
7.8304e-01
7.3640e-01
6.5215e-01
6.4876e-01
9.5417e-01
6.8541e-01
7.7351e-01
6.9058e-01
7.4832e-01
9.6217e-01
7.1850e-01
6.2090e-01
6.1136e-01
9.9254e-01
6.2715e-01
7.5761e-01
6.2074e-01
8.6937e-01
9.5881e-01
6.0407e-01
9.5038e-01
8.2055e-01
6.9548e-01
8.8459e-01
8.9448e-01
6.4176e-01
6.8534e-01
6.6034e-01
7.4765e-01
7.5516e-01
8.5048e-01
7.8586e-01
7.4338e-01
8.7211e-01
8.0814e-01
8.7250e-01
6.6552e-01
9.0493e-01
7.1264e-01
8.3745e-01
7.6725e-01
6.5068e-01
7.4249e-01
8.7025e-01
8.4985e-01
6.7421e-01
7.4553e-01
9.9474e-01
8.9742e-01
6.4104e-01
7.5123e-01
8.0782e-01
6.6784e-01
6.7821e-01
6.5711e-01
9.2217e-01
7.3507e-01
8.6761e-01
6.2889e-01
8.1930e-01
8.0903e-01
6.6462e-01
9.4344e-01
7.3629e-01
8.3939e-01
9.4497e-01
9.7184e-01
8.3164e-01
9.4087e-01
8.5445e-01
8.4207e-01
6.6039e-01
7.5497e-01
6.9818e-01
7.5699e-01
7.2784e-01
8.7835e-01
9.8870e-01
8.7108e-01
6.6223e-01
7.9202e-01
9.5845e-01
6.5599e-01
7.2019e-01
8.0364e-01
7.0734e-01
6.7483e-01
9.3340e-01
7.9532e-01
9.3277e-01
7.9768e-01
9.9440e-01
9.0661e-01
7.8918e-01
6.5859e-01
6.8410e-01
9.9480e-01
6.5408e-01
8.4326e-01
8.1481e-01
8.3941e-01
9.2063e-01
7.6981e-01
6.6802e-01
8.9206e-01
6.0210e-01
6.1058e-01
9.7902e-01
8.4006e-01
9.2776e-01
6.4291e-01
9.9587e-01
8.0606e-01
7.7289e-01
6.6019e-01
8.0822e-01
7.6023e-01
6.5526e-01
9.6403e-01
8.1713e-01
7.3868e-01
8.0363e-01
8.0317e-01
6.9219e-01
8.2517e-01
8.4535e-01
9.6623e-01
9.0013e-01
9.3931e-01
6.9612e-01
8.5131e-01
7.6137e-01
7.8423e-01
9.5028e-01
9.7215e-01
9.7559e-01
8.5244e-01
7.0215e-01
6.4563e-01
7.4724e-01
9.3293e-01
6.1775e-01
7.0102e-01
6.5402e-01
7.7749e-01
7.3906e-01
8.8386e-01
9.4404e-01
8.4566e-01
9.9212e-01
7.7671e-01
6.6119e-01
9.7599e-01
9.1920e-01
9.2834e-01
7.3026e-01
9.9444e-01
6.4974e-01
9.6829e-01
7.7312e-01
8.4151e-01
7.9551e-01
8.2077e-01
7.6625e-01
6.5078e-01
6.2411e-01
8.0262e-01
9.7600e-01
8.3172e-01
8.0480e-01
7.7146e-01
6.9861e-01
9.0960e-01
8.6598e-01
6.8971e-01
8.3621e-01
8.2854e-01
9.0056e-01
8.3468e-01
7.5262e-01
7.2569e-01
7.3629e-01
7.5998e-01
6.2212e-01
7.7782e-01
7.2322e-01
7.4723e-01
8.7542e-01
7.2560e-01
7.9673e-01
8.9452e-01
8.6592e-01
8.2158e-01
6.5473e-01
6.3931e-01
9.4142e-01
8.8918e-01
9.6670e-01
6.3880e-01
9.0980e-01
9.4718e-01
6.6073e-01
8.8388e-01
9.4939e-01
7.4760e-01
6.2011e-01
7.7033e-01
7.9033e-01
9.1340e-01
6.1631e-01
8.2921e-01
9.0634e-01
6.6115e-01
6.3122e-01
9.7246e-01
7.2602e-01
6.7019e-01
8.6342e-01
6.4734e-01
9.6161e-01
8.8346e-01
8.7596e-01
9.9128e-01
6.8304e-01
7.6938e-01
7.2327e-01
9.4336e-01
7.5258e-01
9.0743e-01
9.2575e-01
7.8213e-01
8.2379e-01
8.6425e-01
8.7540e-01
7.5264e-01
7.1683e-01
6.8355e-01
8.6750e-01
6.8449e-01
6.8130e-01
9.8032e-01
9.3743e-01
6.3464e-01
6.4334e-01
8.4180e-01
7.5041e-01
9.8512e-01
7.3488e-01
6.7166e-01
8.2540e-01
7.1544e-01
9.8641e-01
7.6243e-01
8.7816e-01
7.8448e-01
9.9237e-01
8.3584e-01
6.2707e-01
9.5581e-01
9.6505e-01
9.8186e-01
6.6844e-01
7.5438e-01
6.2271e-01
7.7620e-01
9.2678e-01
7.8792e-01
9.6590e-01
9.7035e-01
6.8534e-01
7.6958e-01
9.9270e-01
8.8777e-01
9.8156e-01
7.3256e-01
6.4687e-01
8.7162e-01
9.6748e-01
6.2078e-01
6.5337e-01
9.6447e-01
9.4153e-01
8.2138e-01
8.9734e-01
9.3094e-01
6.0538e-01
6.5370e-01
7.6587e-01
9.4320e-01
9.5203e-01
7.7797e-01
8.0038e-01
7.6355e-01
7.5503e-01
7.0320e-01
9.4740e-01
8.0373e-01
8.6005e-01
6.4139e-01
7.6943e-01
8.7056e-01
6.3151e-01
6.9626e-01
7.5101e-01
9.8761e-01
6.5062e-01
7.2731e-01
7.8593e-01
9.6193e-01
8.2429e-01
6.6694e-01
6.7298e-01
6.6645e-01
7.4478e-01
6.1644e-01
6.3437e-01
8.4499e-01
8.5056e-01
9.4899e-01
7.5322e-01
7.3687e-01
6.3276e-01
9.5233e-01
9.8512e-01
9.6304e-01
7.8977e-01
9.2093e-01
6.3069e-01
6.2044e-01
8.8112e-01
6.4053e-01
7.4803e-01
9.2304e-01
9.0355e-01
8.3482e-01
9.9030e-01
7.6459e-01
8.5782e-01
6.9341e-01
7.5223e-01
9.2204e-01
7.3068e-01
7.6509e-01
6.5625e-01
9.5938e-01
7.0681e-01
7.4403e-01
8.1979e-01
6.1300e-01
8.2176e-01
9.9083e-01
8.6699e-01
9.9523e-01
8.8977e-01
7.1681e-01
9.2074e-01
8.5399e-01
7.9136e-01
7.5691e-01
7.5325e-01
6.3269e-01
6.8493e-01
7.7296e-01
6.8502e-01
8.5581e-01
6.3762e-01
8.0681e-01
9.1732e-01
8.7527e-01
7.6032e-01
6.0305e-01
7.9617e-01
7.4005e-01
9.0349e-01
7.4946e-01
8.6594e-01
8.1059e-01
9.6450e-01
8.2439e-01
8.0817e-01
6.7653e-01
7.5154e-01
8.8389e-01
7.7530e-01
7.7803e-01
6.2584e-01
6.9694e-01
8.2253e-01
9.7082e-01
8.8375e-01
6.2658e-01
7.4720e-01
6.6985e-01
7.3488e-01
6.3073e-01
8.7317e-01
6.4272e-01
7.6159e-01
6.9621e-01
7.3950e-01
7.0947e-01
6.5956e-01
8.1782e-01
6.3543e-01
7.3328e-01
7.0136e-01
7.0213e-01
9.5940e-01
9.5625e-01
8.7688e-01
7.6216e-01
9.4138e-01
8.1049e-01
6.7551e-01
9.3674e-01
9.7227e-01
9.8724e-01
9.6303e-01
9.2317e-01
8.4711e-01
8.8615e-01
8.2837e-01
9.5928e-01
8.4210e-01
8.5440e-01
7.5589e-01
8.1017e-01
6.8159e-01
8.8542e-01
6.2019e-01
7.4874e-01
6.3550e-01
8.2145e-01
8.3618e-01
6.5474e-01
8.6345e-01
7.4315e-01
7.3736e-01
6.5388e-01
9.3204e-01
6.8304e-01
9.7703e-01
7.3847e-01
9.6986e-01
8.4038e-01
9.5477e-01
6.6571e-01
6.3690e-01
7.3939e-01
8.6449e-01
9.5933e-01
8.9926e-01
6.1949e-01
6.1551e-01
9.2158e-01
9.5387e-01
9.8106e-01
8.3331e-01
6.9040e-01
8.2034e-01
6.8524e-01
6.2009e-01
6.1297e-01
6.0512e-01
9.4076e-01
6.7719e-01
6.3927e-01
8.8896e-01
7.3892e-01
6.2487e-01
9.5286e-01
9.2615e-01
8.6970e-01
7.4605e-01
6.4589e-01
7.8669e-01
6.1447e-01
6.7483e-01
9.2689e-01
8.7499e-01
7.3832e-01
6.6979e-01
8.9349e-01
8.2321e-01
7.6369e-01
8.1067e-01
8.7324e-01
9.2688e-01
8.0462e-01
7.5899e-01
9.3649e-01
7.5320e-01
7.5472e-01
8.5309e-01
8.0639e-01
9.2220e-01
9.0653e-01
6.8070e-01
7.7191e-01
9.3509e-01
7.0387e-01
8.6686e-01
9.2014e-01
7.1200e-01
9.6074e-01
8.4161e-01
7.5547e-01
7.9456e-01
7.4754e-01
7.5808e-01
9.8895e-01
8.0978e-01
8.3148e-01
7.5639e-01
7.3289e-01
7.3120e-01
7.6926e-01
8.7361e-01
8.9545e-01
8.1540e-01
7.1458e-01
9.6285e-01
8.6955e-01
9.6794e-01
7.4174e-01
6.1827e-01
6.1347e-01
6.1056e-01
6.0396e-01
9.4316e-01
9.3186e-01
9.2152e-01
6.7950e-01
9.2649e-01
7.5132e-01
9.1889e-01
8.0481e-01
8.1951e-01
8.6153e-01
8.8872e-01
8.8194e-01
9.6250e-01
9.5029e-01
9.4164e-01
6.1350e-01
7.6555e-01
9.6717e-01
9.7596e-01
9.2725e-01
9.1058e-01
9.3046e-01
8.7090e-01
6.1092e-01
9.7349e-01
6.2413e-01
6.2084e-01
8.1447e-01
8.5591e-01
7.5372e-01
7.6848e-01
8.5467e-01
9.6049e-01
7.2941e-01
7.2083e-01
8.4021e-01
6.5364e-01
6.8830e-01
9.9566e-01
9.3644e-01
9.7920e-01
7.7591e-01
6.4456e-01
8.9136e-01
8.4804e-01
8.1569e-01
8.6420e-01
9.6225e-01
6.0061e-01
8.4774e-01
6.1322e-01
7.6174e-01
7.5604e-01
8.3188e-01
6.8995e-01
6.4661e-01
9.6277e-01
6.9235e-01
7.7537e-01
6.4820e-01
8.2133e-01
9.0388e-01
7.1674e-01
8.0575e-01
9.9570e-01
9.5237e-01
9.3500e-01
6.2233e-01
8.1030e-01
7.2707e-01
9.7868e-01
6.3765e-01
9.3541e-01
8.8314e-01
8.8856e-01
9.2377e-01
9.4966e-01
7.4228e-01
6.7474e-01
8.5889e-01
6.5189e-01
7.9509e-01
8.4521e-01
7.1242e-01
9.0328e-01
9.2515e-01
7.7715e-01
8.1152e-01
9.7791e-01
9.3281e-01
6.3931e-01
7.4622e-01
8.6434e-01
7.2016e-01
6.5089e-01
6.7795e-01
6.9032e-01
8.1315e-01
9.7920e-01
6.5786e-01
9.2322e-01
6.4302e-01
6.2814e-01
8.1041e-01
9.3468e-01
9.3999e-01
8.6056e-01
6.3383e-01
8.9001e-01
6.2488e-01
6.7388e-01
7.0649e-01
7.1184e-01
6.4180e-01
7.6813e-01
8.6854e-01
6.6942e-01
7.4898e-01
9.0015e-01
8.9604e-01
9.3348e-01
7.9748e-01
7.2309e-01
8.6488e-01
9.0585e-01
6.7820e-01
9.0922e-01
9.0593e-01
6.8165e-01
8.5416e-01
6.6587e-01
7.3207e-01
7.0594e-01
7.8095e-01
8.4048e-01
8.4478e-01
6.4344e-01
7.1661e-01
7.5146e-01
6.6962e-01
9.7027e-01
9.2652e-01
8.1073e-01
9.3212e-01
8.9531e-01
7.5522e-01
8.8534e-01
6.3015e-01
8.5162e-01
6.2490e-01
8.1614e-01
6.6679e-01
7.6552e-01
9.0951e-01
8.5298e-01
7.6457e-01
9.1555e-01
8.9787e-01
7.5708e-01
7.9686e-01
8.3087e-01
7.4855e-01
7.1793e-01
9.5850e-01
7.6184e-01
9.3189e-01
6.9682e-01
9.9176e-01
8.9235e-01
6.7370e-01
6.3741e-01
9.6543e-01
9.5252e-01
7.9137e-01
8.2527e-01
6.4078e-01
7.7027e-01
7.5977e-01
8.5563e-01
8.1705e-01
8.9769e-01
6.9873e-01
7.8289e-01
7.7709e-01
8.2432e-01
8.6063e-01
6.9259e-01
9.1395e-01
6.4701e-01
6.7269e-01
8.0858e-01
6.1810e-01
6.4710e-01
7.7955e-01
6.9132e-01
6.2022e-01
9.2685e-01
8.4488e-01
9.5765e-01
9.4090e-01
6.6700e-01
6.4102e-01
7.5152e-01
8.9228e-01
8.5964e-01
6.6831e-01
9.5251e-01
8.8851e-01
8.4503e-01
9.5882e-01
6.8183e-01
8.0536e-01
8.0467e-01
9.7251e-01
6.7265e-01
6.8486e-01
6.4815e-01
6.6858e-01
6.4197e-01
6.3981e-01
6.1483e-01
9.3905e-01
9.2474e-01
6.8330e-01
6.5074e-01
7.6895e-01
6.4807e-01
6.2732e-01
8.3118e-01
9.8557e-01
6.3934e-01
8.3393e-01
9.3916e-01
7.7376e-01
9.1780e-01
9.4564e-01
8.2744e-01
9.5887e-01
9.0882e-01
6.8955e-01
6.0311e-01
7.6681e-01
7.5577e-01
8.2467e-01
7.7074e-01
6.6755e-01
9.5177e-01
6.7139e-01
9.8138e-01
7.5858e-01
9.3518e-01
7.4944e-01
9.4318e-01
9.9768e-01
9.2812e-01
8.2469e-01
8.4919e-01
8.2651e-01
9.5607e-01
7.6568e-01
7.3021e-01
9.4694e-01
9.1905e-01
9.0969e-01
7.0063e-01
8.4814e-01
8.3157e-01
6.0005e-01
7.6776e-01
6.8200e-01
9.9115e-01
9.9483e-01
7.6993e-01
8.3829e-01
9.1745e-01
8.9192e-01
9.4236e-01
7.2918e-01
7.8041e-01
6.6859e-01
9.7793e-01
9.3492e-01
9.9934e-01
8.8503e-01
9.1824e-01
7.9210e-01
8.6320e-01
8.2859e-01
7.6223e-01
9.0452e-01
6.4265e-01
7.1981e-01
9.9880e-01
6.6017e-01
7.1765e-01
7.5869e-01
7.6239e-01
7.7351e-01
9.7300e-01
7.2676e-01
7.0360e-01
6.0141e-01
7.6172e-01
8.8951e-01
6.8704e-01
7.4197e-01
7.2401e-01
8.1994e-01
8.0912e-01
6.3222e-01
8.7417e-01
6.9352e-01
8.7208e-01
6.0075e-01
8.9395e-01
7.9720e-01
9.8970e-01
6.0665e-01
9.4396e-01
6.8623e-01
6.7077e-01
8.7089e-01
8.2665e-01
7.2092e-01
8.9857e-01
8.0089e-01
6.1298e-01
7.2648e-01
8.4567e-01
9.7937e-01
7.7451e-01
9.4821e-01
7.3949e-01
8.2610e-01
7.2773e-01
6.0355e-01
6.9962e-01
8.8834e-01
9.4473e-01
7.9447e-01
6.3804e-01
6.1405e-01
8.8201e-01
9.6797e-01
9.3073e-01
8.8737e-01
9.1249e-01
7.2327e-01
8.0068e-01
7.1776e-01
9.3646e-01
9.7247e-01
8.8836e-01
9.7482e-01
9.5152e-01
7.1085e-01
8.9422e-01
7.7812e-01
8.1705e-01
7.7022e-01
6.7707e-01
9.1712e-01
7.0477e-01
9.6616e-01
6.0006e-01
7.9208e-01
8.6397e-01
9.3097e-01
7.5526e-01
9.7882e-01
8.1337e-01
9.0127e-01
9.2533e-01
6.2774e-01
6.7571e-01
8.6637e-01
9.9086e-01
8.3857e-01
6.7584e-01
6.3741e-01
7.7010e-01
9.9415e-01
8.0900e-01
6.5226e-01
6.2763e-01
6.2044e-01
8.4265e-01
9.2689e-01
7.6752e-01
6.8302e-01
9.0485e-01
7.8603e-01
7.5983e-01
9.4072e-01
7.9691e-01
9.6581e-01
6.5007e-01
6.9390e-01
7.9799e-01
6.1173e-01
6.6095e-01
8.3331e-01
9.7613e-01
6.3440e-01
6.8079e-01
7.3558e-01
8.9990e-01
7.5761e-01
9.2398e-01
8.5197e-01
7.9728e-01
6.2213e-01
7.0595e-01
8.0980e-01
6.4812e-01
6.3165e-01
7.9646e-01
6.5301e-01
7.2309e-01
7.3713e-01
7.2580e-01
8.4347e-01
7.7817e-01
7.6722e-01
6.8384e-01
8.3976e-01
9.6014e-01
6.8565e-01
8.0937e-01
8.2321e-01
7.5256e-01
6.2708e-01
9.7287e-01
6.8806e-01
7.0774e-01
8.5612e-01
8.5171e-01
7.4174e-01
9.6109e-01
8.8926e-01
9.4967e-01
9.8091e-01
7.1984e-01
8.6639e-01
8.1326e-01
8.0019e-01
8.1126e-01
7.7074e-01
9.6699e-01
9.3620e-01
9.3480e-01
7.9078e-01
8.1966e-01
6.1872e-01
7.3687e-01
8.4777e-01
7.8058e-01
7.2560e-01
7.4487e-01
6.5682e-01
9.7721e-01
7.1918e-01
7.3730e-01
8.3157e-01
6.8167e-01
8.0911e-01
9.7906e-01
8.3216e-01
9.8777e-01
8.4426e-01
7.2533e-01
8.9114e-01
6.7585e-01
8.8075e-01
6.5210e-01
6.8769e-01
9.4503e-01
7.5772e-01
9.0492e-01
8.4793e-01
8.2817e-01
7.9454e-01
7.0122e-01
9.5537e-01
7.5285e-01
7.0517e-01
6.0181e-01
7.8889e-01
8.6547e-01
6.7254e-01
6.6227e-01
8.4792e-01
7.5685e-01
7.3194e-01
7.2028e-01
9.7021e-01
6.5776e-01
7.8401e-01
6.9486e-01
7.1621e-01
8.3233e-01
8.5516e-01
6.5796e-01
9.3353e-01
7.3888e-01
7.3750e-01
7.2073e-01
6.2597e-01
8.9321e-01
7.6899e-01
8.3931e-01
7.5338e-01
6.8693e-01
6.0730e-01
9.5583e-01
6.2076e-01
8.7406e-01
8.4633e-01
9.3408e-01
9.0228e-01
6.3368e-01
7.9660e-01
9.7461e-01
6.7045e-01
9.4379e-01
6.3713e-01
9.4939e-01
8.2721e-01
7.7845e-01
6.6407e-01
9.5735e-01
6.3793e-01
9.5660e-01
6.6339e-01
8.4663e-01
6.5529e-01
8.6258e-01
7.0131e-01
8.9837e-01
7.4233e-01
9.3697e-01
8.9829e-01
7.0005e-01
9.1197e-01
6.9964e-01
6.8820e-01
9.1687e-01
8.6723e-01
8.5751e-01
6.2886e-01
7.2069e-01
9.8147e-01
6.4470e-01
7.4990e-01
7.2418e-01
9.6059e-01
9.1790e-01
9.8527e-01
9.4020e-01
8.7011e-01
9.0616e-01
6.4331e-01
6.8010e-01
9.4947e-01
6.3052e-01
6.5318e-01
6.4104e-01
6.5705e-01
8.7991e-01
9.1181e-01
7.9240e-01
9.5053e-01
7.8844e-01
7.7622e-01
6.6625e-01
8.0077e-01
6.5601e-01
7.4341e-01
9.9841e-01
7.8449e-01
9.0924e-01
7.1072e-01
8.6256e-01
8.3737e-01
7.9519e-01
7.7282e-01
8.6862e-01
6.8010e-01
9.4489e-01
7.1217e-01
7.9389e-01
8.8573e-01
8.0535e-01
9.3904e-01
7.9713e-01
7.8939e-01
6.1026e-01
8.8397e-01
9.0724e-01
6.5070e-01
7.0678e-01
7.4507e-01
7.3029e-01
9.7957e-01
7.4387e-01
6.8384e-01
6.1292e-01
7.4107e-01
7.9260e-01
6.1964e-01
8.3821e-01
9.6049e-01
6.2191e-01
9.5037e-01
9.9496e-01
6.1388e-01
6.2983e-01
6.5413e-01
9.8718e-01
8.0258e-01
8.0405e-01
9.3759e-01
7.6846e-01
6.6482e-01
6.7735e-01
8.3983e-01
8.3952e-01
9.6122e-01
6.4209e-01
9.2998e-01
6.7162e-01
6.6210e-01
9.3910e-01
7.7688e-01
7.5258e-01
8.4593e-01
9.4129e-01
7.8532e-01
6.8391e-01
6.2229e-01
7.3533e-01
6.1581e-01
6.2165e-01
9.9996e-01
7.4641e-01
8.2063e-01
6.3538e-01
7.8100e-01
8.7284e-01
7.4191e-01
7.4790e-01
7.9844e-01
8.1857e-01
7.5946e-01
9.6005e-01
8.0415e-01
7.5359e-01
7.2434e-01
8.6995e-01
9.1101e-01
6.0696e-01
7.9393e-01
6.7377e-01
7.3208e-01
9.6008e-01
8.3202e-01
8.3579e-01
8.2469e-01
7.9351e-01
6.7731e-01
6.9220e-01
6.0009e-01
9.9908e-01
9.9711e-01
9.2704e-01
6.6132e-01
7.3422e-01
7.6466e-01
9.4795e-01
7.1226e-01
9.9691e-01
7.2140e-01
7.2841e-01
6.9341e-01
8.2756e-01
9.7584e-01
8.0189e-01
8.4670e-01
6.8882e-01
7.3723e-01
9.3096e-01
8.4511e-01
9.8136e-01
6.1849e-01
8.7793e-01
7.8567e-01
6.8690e-01
8.5334e-01
7.2160e-01
9.6282e-01
8.8013e-01
6.3596e-01
6.5702e-01
7.1316e-01
8.9758e-01
9.1216e-01
9.4728e-01
8.5374e-01
7.6689e-01
7.0897e-01
9.0167e-01
8.2545e-01
7.8576e-01
9.9332e-01
9.4790e-01
8.9386e-01
8.4417e-01
9.9581e-01
7.4602e-01
8.9337e-01
9.3627e-01
9.5055e-01
8.1057e-01
8.2705e-01
9.7068e-01
7.4582e-01
8.9520e-01
9.0050e-01
7.9355e-01
8.5805e-01
7.8757e-01
6.3696e-01
6.6125e-01
6.3443e-01
9.9011e-01
7.1147e-01
8.7653e-01
6.4510e-01
6.3644e-01
8.5307e-01
9.7160e-01
6.6031e-01
7.6638e-01
9.8220e-01
7.3130e-01
7.1654e-01
9.3401e-01
8.4740e-01
6.8062e-01
9.7512e-01
8.0411e-01
9.4238e-01
8.0897e-01
8.3220e-01
6.4487e-01
9.1163e-01
8.0842e-01
9.1784e-01
9.1251e-01
9.1015e-01
7.8660e-01
7.5070e-01
7.5584e-01
9.4876e-01
9.3045e-01
6.9274e-01
8.3326e-01
9.8835e-01
7.4092e-01
7.1837e-01
8.1055e-01
6.1421e-01
9.1172e-01
8.6222e-01
6.0497e-01
9.7174e-01
6.9048e-01
8.3236e-01
6.0187e-01
7.3145e-01
8.4464e-01
9.4889e-01
9.0869e-01
6.9565e-01
9.2293e-01
7.6288e-01
8.1959e-01
7.8443e-01
9.5322e-01
9.7344e-01
7.9038e-01
9.2726e-01
8.3947e-01
7.8182e-01
6.0208e-01
8.8812e-01
8.7810e-01
6.4788e-01
9.9364e-01
8.1389e-01
9.4164e-01
8.8600e-01
8.4596e-01
9.9218e-01
6.1672e-01
7.1207e-01
8.0963e-01
7.6299e-01
9.2509e-01
9.6814e-01
8.9745e-01
7.8314e-01
7.6229e-01
9.6915e-01
7.6404e-01
9.6400e-01
6.8027e-01
8.9149e-01
9.1435e-01
6.9603e-01
7.0437e-01
9.7452e-01
8.9293e-01
8.1672e-01
7.4635e-01
8.9831e-01
7.3466e-01
8.8135e-01
7.1545e-01
7.2033e-01
8.8725e-01
7.8089e-01
9.2747e-01
6.2031e-01
6.3234e-01
8.0774e-01
6.8476e-01
6.3359e-01
8.5081e-01
9.8218e-01
9.7520e-01
8.7654e-01
8.8915e-01
7.6727e-01
8.4210e-01
9.9350e-01
9.5968e-01
9.2241e-01
6.1755e-01
7.1162e-01
7.3330e-01
7.4563e-01
9.7517e-01
6.8912e-01
7.2666e-01
8.8635e-01
9.9392e-01
8.8464e-01
7.9384e-01
8.7110e-01
6.3844e-01
8.0687e-01
7.3030e-01
8.7012e-01
8.9741e-01
6.3537e-01
9.8672e-01
7.3655e-01
6.3894e-01
8.9029e-01
9.8318e-01
7.1709e-01
7.7984e-01
6.0392e-01
9.9863e-01
7.4079e-01
6.3018e-01
7.5169e-01
7.1686e-01
9.7708e-01
9.2166e-01
7.1335e-01
6.4515e-01
6.6540e-01
8.4566e-01
6.9693e-01
7.9972e-01
9.6171e-01
8.7956e-01
6.4841e-01
7.3921e-01
7.8460e-01
9.9394e-01
6.0580e-01
9.6807e-01
9.4282e-01
9.8567e-01
8.7984e-01
8.3669e-01
6.1227e-01
6.2727e-01
6.0267e-01
8.0762e-01
9.1524e-01
8.3756e-01
9.0891e-01
8.7509e-01
7.6746e-01
7.6544e-01
8.8355e-01
6.6563e-01
8.3200e-01
7.0497e-01
7.0037e-01
7.1428e-01
8.0175e-01
6.5009e-01
8.1547e-01
9.0186e-01
6.2991e-01
6.6392e-01
7.2501e-01
8.3727e-01
6.2194e-01
6.0724e-01
7.4007e-01
6.0969e-01
6.5752e-01
8.9702e-01
9.6956e-01
9.4437e-01
9.2685e-01
8.7069e-01
9.1120e-01
9.6274e-01
7.9701e-01
7.9300e-01
7.7380e-01
6.8729e-01
7.5994e-01
6.8111e-01
9.0135e-01
8.1334e-01
7.9545e-01
6.2627e-01
6.8581e-01
8.7923e-01
9.9468e-01
7.7751e-01
7.0156e-01
7.9339e-01
6.5749e-01
7.1126e-01
9.5725e-01
9.8320e-01
8.5828e-01
6.8842e-01
9.9224e-01
8.8581e-01
7.6963e-01
9.6505e-01
9.5797e-01
7.7910e-01
7.5676e-01
9.3576e-01
7.4354e-01
8.9603e-01
6.4042e-01
7.6117e-01
6.0117e-01
8.9424e-01
6.0140e-01
6.5743e-01
7.1750e-01
6.1669e-01
6.9698e-01
7.8803e-01
8.8932e-01
7.1340e-01
8.0497e-01
7.1894e-01
9.5902e-01
9.7740e-01
8.6918e-01
6.6026e-01
6.7430e-01
7.7969e-01
6.5146e-01
8.2085e-01
7.6285e-01
8.5979e-01
6.7724e-01
7.0054e-01
6.8387e-01
8.5663e-01
9.6831e-01
8.0715e-01
7.0950e-01
7.7569e-01
7.9381e-01
9.2254e-01
8.2828e-01
8.4475e-01
6.4914e-01
6.8536e-01
8.1246e-01
6.9885e-01
6.1983e-01
8.2572e-01
9.6704e-01
7.4895e-01
9.4367e-01
8.5170e-01
8.0602e-01
7.0799e-01
6.1707e-01
9.4170e-01
7.9966e-01
6.9782e-01
6.0474e-01
6.2938e-01
6.9972e-01
6.7110e-01
8.1459e-01
6.9493e-01
9.7718e-01
9.4202e-01
7.7334e-01
7.9955e-01
6.9803e-01
8.0466e-01
6.5708e-01
7.6572e-01
9.1085e-01
9.0728e-01
6.3693e-01
8.0041e-01
7.6927e-01
6.5039e-01
8.3251e-01
9.5958e-01
9.8092e-01
7.2492e-01
8.4987e-01
7.9695e-01
7.2218e-01
7.4931e-01
6.0618e-01
8.3916e-01
7.9357e-01
8.8507e-01
6.3176e-01
9.9398e-01
7.1273e-01
9.8443e-01
7.5471e-01
6.0614e-01
9.2134e-01
7.4518e-01
9.4879e-01
9.9081e-01
7.2321e-01
9.8721e-01
8.5659e-01
9.5848e-01
9.4914e-01
7.8228e-01
7.4219e-01
8.3023e-01
9.0718e-01
7.5202e-01
9.5952e-01
7.7996e-01
7.1705e-01
8.8353e-01
7.2878e-01
6.2109e-01
6.8367e-01
7.6889e-01
8.5259e-01
8.4694e-01
6.4037e-01
8.8888e-01
6.7790e-01
6.7619e-01
9.3868e-01
6.4226e-01
7.8359e-01
9.4483e-01
9.4989e-01
7.6391e-01
8.6143e-01
9.7062e-01
9.5253e-01
8.3512e-01
9.6717e-01
7.0984e-01
9.9171e-01
8.5608e-01
7.2866e-01
7.2307e-01
6.2384e-01
9.1304e-01
7.8026e-01
9.0903e-01
6.1957e-01
7.9834e-01
9.0934e-01
6.5834e-01
8.5325e-01
9.1607e-01
9.6468e-01
7.2773e-01
7.3872e-01
9.5306e-01
9.3450e-01
9.1987e-01
6.7478e-01
6.5835e-01
7.6337e-01
9.8017e-01
9.1066e-01
7.8296e-01
7.2054e-01
9.3501e-01
6.7685e-01
9.7119e-01
9.2984e-01
6.0949e-01
6.4140e-01
9.4951e-01
9.5821e-01
9.9703e-01
9.0436e-01
6.4349e-01
9.8516e-01
8.8397e-01
8.5882e-01
9.6631e-01
9.6206e-01
6.3687e-01
6.3213e-01
9.2058e-01
8.4334e-01
7.3802e-01
6.2453e-01
7.0174e-01
7.1877e-01
7.4174e-01
6.3506e-01
6.3340e-01
8.2173e-01
7.5907e-01
6.1095e-01
8.1507e-01
6.9669e-01
7.7475e-01
6.6845e-01
7.0388e-01
8.5955e-01
9.7895e-01
9.9092e-01
9.4468e-01
8.0596e-01
7.5214e-01
7.6054e-01
7.3887e-01
9.5955e-01
9.6555e-01
6.1591e-01
7.2831e-01
6.9492e-01
9.8886e-01
7.0460e-01
7.3836e-01
8.5600e-01
6.5863e-01
7.0136e-01
8.9399e-01
7.3374e-01
7.9264e-01
8.7984e-01
9.0951e-01
6.8307e-01
6.1388e-01
7.7345e-01
9.8768e-01
6.0033e-01
6.9665e-01
7.0803e-01
8.3807e-01
7.3568e-01
8.9390e-01
8.2611e-01
8.8758e-01
9.5909e-01
8.9145e-01
7.1286e-01
8.5317e-01
9.2248e-01
6.3522e-01
8.1062e-01
9.7752e-01
7.9524e-01
8.5089e-01
6.0777e-01
7.7048e-01
8.4599e-01
6.1241e-01
6.8549e-01
8.4707e-01
6.1488e-01
7.8954e-01
9.4649e-01
9.9395e-01
8.3227e-01
9.6043e-01
9.6186e-01
7.1607e-01
6.9243e-01
7.0968e-01
6.6878e-01
9.1125e-01
9.6897e-01
7.4711e-01
8.7928e-01
6.3323e-01
7.2410e-01
6.2931e-01
7.3391e-01
7.5927e-01
8.5369e-01
6.3159e-01
9.3815e-01
7.7191e-01
9.0346e-01
6.3740e-01
8.4070e-01
6.6621e-01
6.5032e-01
7.6425e-01
9.4132e-01
8.0390e-01
7.1547e-01
8.1051e-01
6.0697e-01
6.8705e-01
9.0913e-01
8.6950e-01
8.3236e-01
7.9453e-01
7.1354e-01
6.2398e-01
6.0319e-01
9.8471e-01
9.5731e-01
6.0016e-01
7.7382e-01
9.1677e-01
7.8342e-01
9.5514e-01
6.5019e-01
7.5808e-01
9.9447e-01
9.0379e-01
9.5971e-01
8.3118e-01
7.0921e-01
9.3364e-01
8.6122e-01
6.1095e-01
8.6796e-01
9.0654e-01
6.7487e-01
9.4077e-01
7.5768e-01
7.1905e-01
6.2376e-01
7.2615e-01
8.8245e-01
7.4636e-01
9.6785e-01
8.3014e-01
9.3031e-01
8.0065e-01
7.3073e-01
9.4014e-01
6.0773e-01
8.1833e-01
6.6927e-01
9.9383e-01
6.3646e-01
8.4771e-01
9.4541e-01
7.6650e-01
6.4756e-01
8.5784e-01
7.3403e-01
7.7457e-01
8.9977e-01
8.3265e-01
7.9767e-01
9.9413e-01
6.0721e-01
7.4958e-01
6.8963e-01
9.1797e-01
6.0508e-01
8.5371e-01
8.9454e-01
9.6942e-01
6.7805e-01
7.3792e-01
8.4677e-01
9.1163e-01
6.3437e-01
6.2171e-01
9.9524e-01
8.5165e-01
8.4833e-01
6.6323e-01
6.9904e-01
8.5642e-01
7.4552e-01
6.4604e-01
9.7188e-01
8.2536e-01
7.6321e-01
7.5190e-01
8.1119e-01
6.4979e-01
7.5871e-01
6.8686e-01
8.3720e-01
6.7266e-01
7.2343e-01
6.6696e-01
9.1565e-01
8.1963e-01
8.5939e-01
7.0654e-01
6.8455e-01
7.0941e-01
7.1808e-01
7.8592e-01
8.7656e-01
6.1329e-01
7.1513e-01
7.9360e-01
6.7181e-01
7.0209e-01
8.6350e-01
7.4595e-01
9.3556e-01
8.6184e-01
7.5240e-01
6.5514e-01
9.5472e-01
6.2414e-01
6.2613e-01
7.8943e-01
6.6341e-01
7.0312e-01
7.0866e-01
8.6566e-01
6.5730e-01
6.4980e-01
8.0425e-01
8.1939e-01
6.6151e-01
6.3329e-01
7.6524e-01
6.9325e-01
6.1915e-01
7.5557e-01
6.4371e-01
8.0799e-01
9.0092e-01
7.0268e-01
7.8784e-01
9.5808e-01
8.0206e-01
8.3668e-01
7.4089e-01
9.5476e-01
7.1679e-01
7.6509e-01
8.7048e-01
7.2884e-01
6.2414e-01
8.5593e-01
6.2558e-01
9.8553e-01
6.1780e-01
6.2099e-01
7.2642e-01
7.6114e-01
6.1687e-01
9.2890e-01
8.9517e-01
6.1392e-01
8.5468e-01
8.6028e-01
9.0379e-01
7.7428e-01
7.6071e-01
6.8936e-01
9.6414e-01
7.8997e-01
9.1164e-01
7.8875e-01
9.8762e-01
6.6387e-01
7.1589e-01
8.4241e-01
7.8187e-01
6.5682e-01
6.7086e-01
6.7050e-01
8.7464e-01
9.8254e-01
6.5022e-01
9.5038e-01
6.5093e-01
7.2097e-01
7.8979e-01
6.9562e-01
6.4800e-01
8.8424e-01
9.9305e-01
6.2651e-01
7.4025e-01
9.9642e-01
6.1507e-01
6.4445e-01
9.2741e-01
8.3657e-01
8.1494e-01
9.3523e-01
9.8056e-01
8.5632e-01
7.9189e-01
6.4519e-01
7.5802e-01
6.4704e-01
8.5647e-01
9.2832e-01
6.6689e-01
9.0395e-01
6.1543e-01
8.1891e-01
7.6703e-01
6.3663e-01
9.9339e-01
7.5341e-01
7.5165e-01
8.0733e-01
8.1098e-01
6.7901e-01
9.6359e-01
6.5293e-01
7.4566e-01
9.7011e-01
7.2965e-01
7.6733e-01
8.7966e-01
7.8520e-01
6.0708e-01
7.7750e-01
6.3537e-01
6.9519e-01
8.2864e-01
8.9889e-01
7.0718e-01
9.0148e-01
6.6201e-01
7.6442e-01
6.7986e-01
6.4583e-01
7.1924e-01
8.3729e-01
6.5276e-01
9.2470e-01
8.7904e-01
7.9699e-01
6.2989e-01
6.4201e-01
9.3429e-01
9.6585e-01
9.5892e-01
8.8921e-01
9.1674e-01
7.1459e-01
8.3110e-01
9.0393e-01
6.3202e-01
7.0028e-01
9.7869e-01
8.6062e-01
6.8283e-01
8.1443e-01
8.4140e-01
8.3123e-01
6.5157e-01
7.7541e-01
7.8432e-01
7.2057e-01
9.3966e-01
6.7179e-01
6.1859e-01
7.6817e-01
6.5664e-01
6.1579e-01
9.1910e-01
8.3031e-01
8.8848e-01
7.1617e-01
9.7656e-01
8.9418e-01
8.1422e-01
6.4836e-01
6.3095e-01
8.4467e-01
7.0158e-01
6.5843e-01
6.2798e-01
8.6344e-01
8.6440e-01
7.7248e-01
8.9477e-01
7.5199e-01
8.3217e-01
6.4946e-01
6.7050e-01
9.3060e-01
8.1449e-01
6.4166e-01
9.0640e-01
7.3486e-01
6.9291e-01
9.5758e-01
8.7830e-01
7.2539e-01
7.9349e-01
7.3288e-01
7.4115e-01
7.8140e-01
9.7007e-01
6.0174e-01
7.4123e-01
6.7643e-01
9.1998e-01
7.8558e-01
8.9221e-01
8.8384e-01
8.4229e-01
6.8028e-01
9.6484e-01
8.8784e-01
7.4157e-01
9.3455e-01
7.7319e-01
6.2968e-01
9.9714e-01
6.7390e-01
6.8438e-01
7.4787e-01
6.3131e-01
6.9699e-01
9.7537e-01
6.1255e-01
9.7202e-01
6.3431e-01
7.3212e-01
8.3653e-01
7.3974e-01
9.1544e-01
8.4092e-01
6.9276e-01
6.5791e-01
9.4948e-01
6.4800e-01
7.2058e-01
6.9376e-01
8.6923e-01
8.6278e-01
7.5040e-01
8.5810e-01
8.0262e-01
6.3867e-01
6.8787e-01
9.7930e-01
9.4836e-01
9.3965e-01
9.1371e-01
6.2203e-01
6.5249e-01
7.7835e-01
6.9802e-01
6.0962e-01
8.4878e-01
7.9480e-01
7.8904e-01
8.0674e-01
7.4309e-01
8.1178e-01
9.5464e-01
6.8755e-01
7.7701e-01
8.7521e-01
6.6211e-01
8.8995e-01
7.7983e-01
8.4619e-01
7.1031e-01
6.2530e-01
7.2923e-01
6.5850e-01
9.5901e-01
6.3722e-01
6.3590e-01
8.5080e-01
6.0635e-01
8.6885e-01
7.1607e-01
8.2464e-01
9.7870e-01
6.1134e-01
7.1786e-01
7.2474e-01
9.3361e-01
8.2268e-01
8.3408e-01
6.9857e-01
9.9462e-01
7.5638e-01
9.4949e-01
9.9326e-01
9.6636e-01
6.3805e-01
8.7499e-01
7.1101e-01
6.8765e-01
9.2333e-01
7.3457e-01
6.2056e-01
7.2294e-01
6.5317e-01
8.7272e-01
8.1569e-01
6.9268e-01
8.3440e-01
6.9263e-01
7.7618e-01
6.9381e-01
7.3299e-01
7.0077e-01
7.8116e-01
7.1936e-01
7.3714e-01
8.1121e-01
8.7236e-01
8.7601e-01
9.3553e-01
6.0239e-01
8.9215e-01
7.3659e-01
8.3852e-01
9.6272e-01
7.2349e-01
9.9034e-01
6.9173e-01
8.5468e-01
6.1421e-01
7.4638e-01
6.2428e-01
8.6720e-01
7.8873e-01
6.0003e-01
7.4890e-01
9.0854e-01
7.4972e-01
7.5140e-01
8.7723e-01
7.7642e-01
9.3185e-01
8.8162e-01
7.8130e-01
9.9761e-01
9.9264e-01
7.3663e-01
7.0824e-01
9.4617e-01
8.0401e-01
8.6055e-01
8.9897e-01
7.2998e-01
7.6831e-01
8.7553e-01
7.3136e-01
6.5568e-01
6.4313e-01
6.7376e-01
8.4216e-01
7.5210e-01
9.5231e-01
8.6500e-01
9.6791e-01
8.0101e-01
6.8928e-01
7.9215e-01
6.2742e-01
8.3481e-01
6.3781e-01
6.7503e-01
7.6299e-01
9.2778e-01
9.0665e-01
7.1297e-01
9.6303e-01
8.7865e-01
6.3180e-01
8.7751e-01
6.3673e-01
9.8350e-01
7.6659e-01
9.5034e-01
9.1911e-01
8.5803e-01
9.1773e-01
8.8769e-01
8.1726e-01
8.8094e-01
9.1836e-01
7.1045e-01
8.7599e-01
8.6527e-01
9.0530e-01
9.5072e-01
6.6346e-01
8.5697e-01
6.6899e-01
7.6791e-01
9.4306e-01
9.3803e-01
7.9512e-01
9.1927e-01
9.8305e-01
9.7557e-01
7.9986e-01
6.1160e-01
6.2703e-01
6.6715e-01
6.0221e-01
7.7963e-01
8.7069e-01
7.9540e-01
9.9365e-01
9.4682e-01
8.9386e-01
9.7483e-01
8.2142e-01
6.5124e-01
7.6336e-01
9.6803e-01
7.9945e-01
7.8617e-01
8.8730e-01
6.8829e-01
9.2964e-01
6.8498e-01
8.7813e-01
7.1100e-01
7.1392e-01
6.6479e-01
8.5649e-01
9.2289e-01
9.1179e-01
6.6385e-01
8.2881e-01
8.6944e-01
7.6500e-01
6.8830e-01
9.5482e-01
8.0512e-01
9.0750e-01
9.5205e-01
8.4297e-01
6.4415e-01
8.8513e-01
8.7841e-01
8.0570e-01
9.7042e-01
8.2270e-01
7.6311e-01
6.4438e-01
9.1917e-01
8.5303e-01
9.4752e-01
9.4505e-01
8.7682e-01
9.3727e-01
8.6663e-01
8.3328e-01
7.7576e-01
8.3283e-01
9.2534e-01
7.6110e-01
7.4830e-01
9.7607e-01
9.9911e-01
6.9874e-01
8.6171e-01
7.8460e-01
8.1483e-01
8.8992e-01
7.9209e-01
7.3334e-01
9.9850e-01
9.4669e-01
8.4814e-01
9.3068e-01
9.4097e-01
7.2175e-01
7.9507e-01
6.6453e-01
8.5422e-01
8.0950e-01
9.8704e-01
8.3433e-01
8.9883e-01
8.4488e-01
8.4827e-01
9.9239e-01
9.8137e-01
9.3612e-01
7.1039e-01
9.2040e-01
9.1632e-01
9.0066e-01
8.6667e-01
9.7673e-01
7.3271e-01
8.4228e-01
8.8618e-01
8.0027e-01
7.8676e-01
7.7327e-01
8.5538e-01
9.4948e-01
8.3716e-01
7.3811e-01
9.2687e-01
7.4021e-01
7.4475e-01
9.5326e-01
8.1557e-01
9.5798e-01
7.7986e-01
9.4119e-01
7.0887e-01
8.5785e-01
6.6910e-01
6.9132e-01
6.3138e-01
8.9488e-01
9.0944e-01
7.3173e-01
8.3366e-01
6.8798e-01
9.8777e-01
7.8901e-01
7.1728e-01
8.8361e-01
8.1925e-01
8.7444e-01
7.6206e-01
8.8611e-01
8.2610e-01
9.0643e-01
9.7191e-01
8.4747e-01
7.9037e-01
7.4744e-01
8.3715e-01
7.8366e-01
6.5190e-01
8.4000e-01
6.3263e-01
7.1561e-01
7.7482e-01
9.3346e-01
6.3061e-01
6.8819e-01
9.6890e-01
8.7403e-01
8.7497e-01
7.4446e-01
9.3729e-01
9.8046e-01
7.5924e-01
9.2311e-01
6.2008e-01
7.9942e-01
6.8636e-01
8.0844e-01
7.7923e-01
8.9926e-01
9.3364e-01
8.8962e-01
8.0827e-01
7.2109e-01
6.7098e-01
6.9406e-01
6.3917e-01
7.0705e-01
7.3946e-01
8.6793e-01
6.3594e-01
7.3861e-01
8.4441e-01
8.1734e-01
8.1289e-01
9.1796e-01
6.6896e-01
9.3441e-01
9.2922e-01
7.5979e-01
9.4655e-01
7.9607e-01
8.3577e-01
7.9473e-01
8.2523e-01
8.7207e-01
9.6846e-01
6.5294e-01
7.1999e-01
6.1195e-01
9.4761e-01
6.2833e-01
7.8632e-01
8.1028e-01
6.4724e-01
8.9729e-01
7.0814e-01
6.3764e-01
8.5710e-01
7.3023e-01
9.1001e-01
7.1571e-01
8.8508e-01
6.1992e-01
9.2494e-01
6.8429e-01
9.8756e-01
7.0404e-01
6.2877e-01
9.8933e-01
6.4085e-01
8.8548e-01
7.8144e-01
7.4914e-01
6.3689e-01
9.6644e-01
8.2588e-01
9.9707e-01
7.3517e-01
6.4570e-01
9.9214e-01
6.8964e-01
9.8684e-01
7.3063e-01
8.0875e-01
6.2818e-01
7.9168e-01
7.8626e-01
9.2365e-01
7.1838e-01
7.9518e-01
7.5017e-01
6.1046e-01
7.7590e-01
8.5471e-01
7.8386e-01
6.2392e-01
6.5197e-01
6.6240e-01
8.7416e-01
8.2211e-01
9.0340e-01
9.0698e-01
6.6513e-01
8.7164e-01
9.1436e-01
6.6774e-01
9.2087e-01
9.9443e-01
6.6273e-01
8.3505e-01
6.4953e-01
8.7118e-01
6.0342e-01
7.3610e-01
6.4332e-01
7.5531e-01
9.8073e-01
6.8930e-01
8.4731e-01
8.3659e-01
9.9405e-01
8.6851e-01
6.1738e-01
6.7797e-01
8.9578e-01
9.8231e-01
8.2480e-01
7.0483e-01
7.7523e-01
8.6834e-01
9.3567e-01
7.2869e-01
6.6897e-01
7.0376e-01
6.8989e-01
9.5065e-01
8.7433e-01
6.0747e-01
6.7964e-01
9.9234e-01
9.4193e-01
7.0390e-01
7.5026e-01
7.4836e-01
8.2502e-01
6.7663e-01
9.4355e-01
8.1342e-01
6.0051e-01
6.5777e-01
6.8636e-01
