2.452893e-01
2.589038e+00
2.640241e-01
2.013248e+00
5.022851e-01
9.328681e-01
7.315230e+00
2.734860e-01
7.128883e-01
1.201982e+00
1.810063e-01
1.175809e+00
5.792721e-01
9.773590e-01
1.206292e+00
8.811391e-01
2.682152e+00
5.461480e-01
3.631262e+00
2.492908e+00
5.385436e-01
3.520149e-01
2.509451e+00
3.000591e+00
1.840733e+00
1.716032e-01
8.955077e-01
3.674387e-01
4.072290e-01
1.028601e+00
1.341137e+00
1.854397e+00
1.021709e+00
6.356129e-01
1.065387e+01
6.977917e+00
1.467470e+00
8.742457e-01
3.140865e-01
1.156172e+00
5.398474e-01
8.302980e-01
1.189050e+00
1.577197e+00
1.648401e+00
2.683050e-01
4.269844e-01
9.932767e-01
3.348751e-01
3.691488e-01
1.461836e+00
1.807726e-01
2.130974e+00
1.773512e+00
2.174701e+00
3.331441e+00
1.852882e+00
1.507110e+00
6.448433e-01
2.179464e+00
5.040176e+00
2.532051e-01
1.479008e+00
6.291666e-01
3.145982e+00
1.925993e-01
4.038893e-01
4.161461e-01
1.735305e-01
6.279773e-01
3.577956e-01
5.144643e-01
2.691663e+00
2.753242e-01
2.532737e+00
1.737662e+00
7.526048e-01
2.237529e+00
5.727470e+00
1.570932e+00
5.150124e-01
1.470127e+00
1.639811e+00
1.530629e+00
9.911818e+00
6.736903e-01
1.036437e+00
1.196385e+00
1.041241e+00
1.810070e+00
8.599256e-01
2.327148e+00
4.960815e-01
5.213822e-01
2.690097e+00
1.997923e+00
8.012795e-01
2.229239e+00
3.575870e-01
4.595406e-01
4.637909e-01
2.381057e+00
4.565337e-01
1.750718e+00
7.909364e-01
1.960658e+00
4.221062e-01
5.971052e-01
1.400161e+00
1.022766e+00
1.179200e+00
8.880717e-01
1.771974e+00
2.751654e+00
9.908162e-01
7.143736e-02
1.203750e+00
5.550619e-01
1.191809e+00
3.135383e-01
3.327987e+00
8.378653e-01
8.245813e-01
8.040044e+00
1.559716e-01
1.997381e+00
1.641092e+00
1.419157e+00
2.084244e-01
6.334771e-01
1.652817e+00
4.016025e-01
1.245986e-01
1.061837e+00
8.746089e+00
8.990835e-01
4.274853e-01
6.697155e-01
1.128142e+00
5.533098e+00
1.075314e+00
1.349678e+00
6.942074e-01
2.251397e+00
7.941701e-01
1.266001e+00
2.755437e-01
5.790486e-01
4.241993e-01
1.167201e+00
1.272782e+00
1.959083e+00
1.515776e+00
1.525833e+00
9.646023e-01
5.410031e-01
8.908488e-01
4.808631e+00
6.267909e-01
1.263832e+00
2.048892e+00
3.684480e-01
3.581504e-01
1.211439e+00
1.450592e+00
3.105788e+00
4.957364e-01
7.749802e-01
1.024905e+01
6.469257e-01
6.107392e-01
5.702540e-01
2.798396e+00
3.056455e+00
3.633160e-01
4.191912e-01
1.230628e+00
1.321381e+00
3.471070e+00
1.180462e+00
1.070048e+00
9.298025e-01
1.430907e+00
8.061256e-01
4.162767e-01
8.287205e-01
1.178756e+00
1.244789e+00
4.336218e+00
4.058716e+00
2.891351e-01
3.709149e-01
3.270704e+00
3.449676e+00
5.399272e-01
3.716257e+00
2.082115e-01
8.093524e-01
1.538193e+00
4.063901e+00
2.264011e+00
1.102844e+00
5.629372e+00
1.713473e+00
3.006236e+00
2.302821e-01
4.098345e-01
2.812438e+00
1.881356e+00
3.923863e-01
3.993192e+00
1.578458e+00
1.923983e-01
2.791187e-01
1.620730e+00
4.078310e-01
1.034203e+00
5.263876e-01
1.609823e+00
9.448863e-01
6.820790e-01
3.717766e-01
4.822753e-01
8.447363e-01
2.594443e+00
2.212761e+00
1.288063e+00
1.047692e+00
4.671872e-01
1.810009e+00
6.484431e-01
2.007547e+00
7.342677e-01
9.572721e-01
1.034754e+00
7.794219e-02
1.358853e+00
6.187197e-01
2.552807e+00
4.009356e-01
5.937825e-01
3.092638e-01
4.818178e+00
1.858464e+00
1.318356e+00
4.357049e-01
8.214668e-01
2.639908e-01
1.254041e+00
1.277350e+00
1.609190e+00
9.122053e-01
1.147400e+00
2.998208e-01
1.368510e+00
7.040362e-01
4.851276e-01
3.814392e-01
4.694627e+00
9.362050e-01
1.492477e+00
2.836208e+00
5.134962e-01
3.830828e-01
5.441210e-01
1.996236e-01
5.396247e-01
4.110797e-01
1.768513e+00
1.880747e+00
5.339951e-01
6.179175e-01
2.330231e-01
3.481880e-01
1.840962e-01
1.070403e+00
2.469514e-01
2.506159e-01
1.826956e+00
1.024416e+00
2.098329e+00
1.668251e+00
1.350865e+00
5.610530e-01
1.370170e+00
2.122558e+00
2.375480e+00
3.681364e+00
9.357221e+00
4.373535e-01
3.968348e-01
1.838764e+00
1.754961e+00
3.162280e+00
3.716753e+00
8.634193e-01
3.165706e+00
4.315436e-01
1.764477e+00
7.218089e-01
1.615624e+00
6.923642e-01
2.728641e+00
1.900154e-01
3.641398e-01
2.546706e+00
1.276670e+00
1.898471e-01
1.581197e+00
3.564037e-01
1.766553e+00
1.520544e+00
1.988728e+00
7.910974e-01
8.952218e-01
3.650608e-01
1.769198e+00
1.682135e+00
1.825858e+00
1.121675e+00
2.429166e+00
3.603665e-01
7.157057e-01
1.508128e-01
9.816436e-01
7.879386e-02
8.979968e+00
1.409955e+00
2.298037e+00
1.182966e+00
5.044077e+00
2.213844e+00
1.105198e+00
3.215078e+00
2.449054e+00
2.117933e+00
5.114258e+00
3.747341e-01
4.070069e-01
1.587156e+00
2.832557e-01
6.678892e-01
4.517959e-01
7.259348e+00
6.432450e-01
2.698066e+00
5.666860e-01
1.751479e+00
7.221338e-01
1.702889e+00
7.580295e-01
6.487324e-01
3.085156e-01
3.005029e+00
1.326036e-01
5.036173e-02
1.104894e+00
3.252089e-01
4.023019e+00
1.783550e-01
7.549474e-01
1.808245e+00
1.957277e-01
7.370849e-01
2.200689e+00
5.491959e-01
2.234558e+00
7.992940e-01
7.464641e-01
2.043753e-01
1.680197e-01
3.080038e-01
4.511559e-01
5.613281e+00
2.608234e+00
1.098284e+00
5.177337e-01
2.572852e+00
1.861882e+00
6.996517e-01
1.551100e+00
1.624642e+00
3.308472e+00
3.456403e-01
7.884460e-01
1.923732e+00
2.262467e+00
1.601100e+00
1.637439e+00
8.068150e-01
2.018875e+00
1.627579e+00
2.251388e-01
2.319979e+00
2.765687e-01
2.205517e+00
7.577771e+00
1.788162e+00
6.993520e+00
1.535065e+00
7.926221e-01
9.304946e-02
1.514556e+00
4.443399e-01
4.413584e-01
3.066762e-01
5.233826e-01
1.889682e+00
2.625530e+00
5.844923e-01
6.496631e-01
2.935187e-01
1.930472e+00
5.576337e-01
9.218552e-01
8.898583e-01
2.416972e+00
1.144036e+00
1.050138e+00
2.995036e+00
3.738424e-01
2.841615e-01
3.511442e-01
1.048151e+00
1.822089e-01
7.561766e+00
1.584403e+00
1.370924e-01
6.285459e-01
1.764713e+00
1.761648e+00
8.077734e-01
4.140372e+00
1.353190e+00
1.727994e+00
8.254395e-01
3.561570e-01
2.123878e+00
8.861638e-01
2.845140e+00
1.727388e+00
4.326840e-01
3.949064e-01
5.357089e-01
1.688674e+00
3.569443e+00
1.210322e+01
4.531321e-01
2.120174e+00
7.022817e-01
9.078417e-01
1.748442e+00
2.411186e+00
2.638662e-01
1.513594e+00
7.232693e-01
1.799269e+00
4.098961e-01
8.763694e-02
1.959302e+00
2.987293e+00
1.536720e+00
1.035504e+00
1.776901e-01
1.146347e+00
2.949505e+00
4.361633e-01
1.820975e+00
1.211464e+00
1.840575e-01
8.777203e-01
1.703684e+00
1.878377e-01
7.595470e-01
5.346563e+00
1.167793e+00
5.365673e+00
3.923747e+00
1.852046e+00
1.924855e+00
4.710289e+00
3.433715e-01
2.224999e+00
2.684055e-01
7.250479e-01
2.736092e+00
3.942700e+00
1.251451e+00
1.249267e+00
2.060742e-01
6.764812e+00
2.165023e-01
1.012071e+01
4.786097e-01
4.288052e-01
5.071449e-01
2.401160e-01
2.002617e+00
3.415740e-01
2.916147e-01
8.021013e-01
5.064329e+00
6.556397e-01
8.383215e-01
1.564563e-01
1.498474e+00
1.710937e+00
1.702253e+00
2.435687e+00
9.388585e-01
3.245172e-01
2.278661e+00
1.366129e-01
6.906770e-01
1.959974e+00
1.293640e+00
9.576774e-02
1.031338e+00
8.127864e-01
5.918375e+00
1.854659e+00
9.925107e-01
3.199967e+00
5.343347e+00
8.100549e-01
3.433630e-01
7.310221e-01
4.363728e-01
1.070749e+00
1.058484e-01
2.693989e-01
6.829997e-01
3.382237e+00
7.715887e-01
6.882038e-01
1.921989e-01
1.619069e+00
4.418220e-01
1.046549e+00
1.810725e+00
1.246082e+00
9.507325e-01
6.865929e-01
7.167723e-01
3.526830e-01
2.974263e+00
7.221160e-01
5.251873e+00
1.265047e+00
5.693101e+00
1.567113e+00
7.036063e-01
6.606620e-01
1.005059e+00
3.544945e-01
3.295578e-01
7.389179e-01
1.911885e+00
1.820184e+00
5.741554e+00
1.615054e+00
3.415883e-01
2.021088e+00
3.121142e+00
4.034748e-01
3.662461e+00
1.104534e+00
3.658676e+00
2.292427e-01
6.741153e-01
1.802854e-01
2.085668e+00
1.137653e+00
2.476742e-01
7.580442e-01
8.919479e-01
6.699271e-01
1.479176e+01
3.568712e+00
2.497073e+00
2.729674e+00
3.168085e-01
3.925716e-01
1.272207e-01
5.410766e-01
2.977712e+00
1.641343e+00
6.681193e-01
7.602480e-01
1.977300e+00
4.202698e-01
3.343439e-01
2.172677e+00
3.101173e+00
1.117728e+00
1.874879e+00
4.214076e-01
4.658243e+00
1.334802e+00
1.647826e+00
1.297720e+00
5.838608e-01
6.272837e-01
1.914850e-01
3.609796e+00
1.777101e+00
5.875912e-01
2.947693e+00
2.818266e-01
1.803302e+00
3.491184e+00
2.963989e-01
4.159090e+00
2.242101e+00
5.534075e-01
3.418044e+00
1.567889e+00
9.151235e-01
4.617919e-01
7.257159e-01
1.982838e+00
1.748713e+00
2.697470e+00
3.961902e-01
3.350314e-01
1.902354e+00
1.388037e+00
1.027318e+00
2.357128e+00
2.232171e+00
1.207043e-01
9.596522e-01
5.926634e-01
4.258764e+00
1.515828e+00
3.399999e-01
7.050274e-01
7.758301e-01
2.193187e+00
2.059521e+00
4.671076e-01
1.068831e+00
1.153402e+00
2.097212e+00
1.563543e+00
5.914396e-01
3.541051e+00
6.173593e-01
1.199455e+00
2.568008e+00
4.824563e-02
9.757134e-01
2.707856e+00
4.262207e-01
4.787913e-01
9.720268e-01
2.687959e+00
1.572788e+00
9.429194e-01
1.822065e+00
1.839570e+00
3.975976e+00
1.113643e+00
4.390514e+00
2.219822e-01
7.031862e-01
3.659261e-01
5.492032e-01
3.843290e+00
7.263232e-01
2.416914e+00
5.068446e-01
1.390822e-01
3.164397e+00
7.740811e-01
1.563105e+00
7.653782e-01
4.895727e-01
1.095316e+00
1.826905e+00
8.726707e-01
1.116683e+00
1.835571e+00
9.099834e-01
2.048925e-01
1.521865e+00
4.684287e-01
1.424990e+01
1.022648e+00
8.895110e-01
6.369284e-01
4.579930e+00
2.294970e+00
2.913047e-01
1.136215e+00
5.537708e+00
6.091509e+00
5.845655e-01
1.305943e+00
8.514775e-01
2.585297e-01
1.555684e+00
4.912647e-01
1.224756e+00
2.929869e-01
1.231726e+00
1.107459e+00
2.003162e+00
1.227327e+00
3.299210e-01
9.933221e-01
6.476484e-01
1.371058e+00
3.161693e+00
3.231515e-01
3.710753e-01
4.986972e-01
9.832048e-01
5.196197e-01
5.146177e-01
2.795755e+00
4.050819e-01
1.129382e+00
8.676888e-01
9.189673e-01
1.506837e-01
1.635826e+00
9.799511e-01
2.444311e+00
6.200997e-01
4.184186e+00
2.076443e-01
2.573067e+00
4.195516e-01
2.404066e+00
3.865965e-01
5.702386e-01
1.216684e+01
6.552822e-01
5.654501e-02
1.411243e+00
1.029654e+00
1.860759e+00
6.977612e+00
2.752702e+00
1.238795e+00
6.477735e-01
3.137710e-01
2.285969e+00
1.892464e+00
1.053381e+00
3.478212e+00
2.005506e+00
6.584226e-01
1.110624e+00
5.370646e-02
3.378251e-01
1.730056e+00
6.757341e-01
3.691303e-01
2.003919e-01
1.087891e+00
9.602849e-01
1.814249e+00
2.848032e+00
4.156693e+00
7.649515e-01
2.576648e-01
3.302796e+00
5.953024e-01
3.557368e+00
4.260074e-01
4.914942e-01
1.991146e-01
1.768114e-01
7.782402e-01
2.766549e-01
3.329569e+00
5.605935e-01
1.987770e+00
2.404682e+00
2.596132e+00
5.610952e+00
1.270806e+00
1.381964e+00
6.154647e+00
1.469200e+00
3.052793e-01
7.021790e-01
1.346636e+00
2.086914e+00
3.211498e+00
1.728098e+00
1.496683e+00
2.730382e-01
6.260409e-01
6.225405e-01
1.804702e+00
1.322242e+00
1.019208e+00
4.498408e+00
3.236551e+00
4.860338e-01
1.021095e+01
2.122046e-01
6.056357e-01
5.488866e-01
2.705066e+00
2.565173e+00
1.260521e+00
3.720695e+00
1.619305e+00
2.981338e+00
2.120920e+00
2.464698e-01
8.096652e-01
1.912044e+00
2.907787e-01
3.226801e+00
2.219256e-01
2.934470e-01
9.621886e-01
1.016669e+00
6.081266e-01
1.989107e-01
1.650422e+00
7.411309e-01
1.042847e-01
2.866643e+00
4.892751e+00
3.769362e-01
1.399371e+00
3.385304e+00
5.129975e+00
1.119456e+00
4.602351e+00
6.243757e-01
7.256589e-01
5.232990e-01
9.912452e-01
1.738035e+00
5.481834e+00
5.822881e-01
5.397402e-01
3.700709e-01
6.288053e-01
1.251707e-01
6.308836e-01
1.120953e+00
1.791047e+00
1.163281e+00
1.404746e+00
3.700578e+00
2.173843e+00
4.803771e-01
1.465369e-01
1.205947e+00
2.737726e-01
4.276038e+00
3.250660e-01
2.960571e+00
5.633325e-01
2.258782e-01
1.512886e+00
7.549256e-01
8.049616e-01
2.929914e-01
1.883188e+00
2.232874e+00
1.143454e+00
3.992313e+00
9.865758e-01
1.539957e+00
2.843375e-01
9.319920e-01
1.762449e+00
3.001875e+00
2.874784e-01
4.591547e-01
2.288133e+00
1.079652e+00
1.095394e+00
6.697004e-01
4.702454e+00
4.729219e-01
8.105118e-01
1.882909e+00
4.466591e+00
2.501744e-01
9.412593e-01
4.280506e-01
5.844530e-01
2.694044e+00
8.394998e-01
3.728828e+00
8.435293e-01
1.026868e+00
8.469910e-01
9.402941e-01
1.498291e+00
1.747632e+00
8.456360e-01
1.929887e-01
2.997578e+00
5.028026e-01
3.967072e-01
1.401680e-01
4.406926e+00
2.284201e-01
5.198839e-01
2.043891e+00
3.057317e-01
9.858618e-01
1.217047e+00
6.782489e-01
9.149308e-01
1.093790e+00
7.531040e-01
2.103833e+00
2.004726e+00
2.433460e+00
1.078120e+00
1.133375e+00
4.173760e+00
7.573131e-01
9.565180e-01
1.170680e+00
7.993161e-01
3.083822e+00
1.107666e+00
2.196186e+00
8.592628e-01
1.020926e+00
8.264462e-01
2.620821e+00
1.347324e+00
2.876598e+00
6.041065e-01
1.053744e+00
2.033783e+00
5.317352e-01
7.928534e-02
9.775203e-01
1.653808e+00
3.159096e+00
1.096631e+00
1.975782e+00
3.026460e+00
1.010622e+00
7.998016e-01
1.731846e+00
1.018950e+00
3.504297e-01
1.192420e+00
5.369446e+00
5.970800e-01
4.791989e-01
7.027294e-01
1.670792e+00
1.160247e+00
2.284112e+00
1.431543e+00
1.634346e+00
1.948778e+01
4.837071e+00
1.465502e-01
2.115977e-01
9.200639e-01
8.647784e-01
7.640557e-01
7.123671e-01
5.207013e+00
2.083817e+00
1.801510e-01
6.446874e-01
9.216668e-01
3.074878e-01
3.813963e-01
5.326012e-01
1.225344e+00
1.118715e+00
2.372111e-01
8.952900e-01
4.896486e-01
2.779097e+00
1.518774e+00
1.686828e+00
3.665797e-01
1.976500e+00
1.404243e+00
3.023165e-01
3.572919e-01
1.184580e+00
8.273789e-01
6.822872e-01
7.250412e-01
9.490116e-01
2.548904e+00
3.739281e-01
1.013637e+00
4.725475e-01
1.016056e+00
1.351691e+00
3.692221e-01
8.601916e-01
1.404958e+00
1.445516e+00
6.213868e-01
1.028671e+00
2.767040e+00
5.303294e+00
2.923358e-01
9.749804e-01
6.183157e-01
7.688355e+00
5.878238e-01
1.539438e+00
2.077695e+00
6.868010e-01
8.706422e-01
2.581126e-01
2.747545e-01
4.024517e-01
1.522222e+00
1.734167e+00
2.165268e+00
3.848450e+00
6.130954e-01
2.681833e-01
1.664510e+00
4.606907e-01
1.393474e+00
9.210907e+00
1.667663e+01
1.921061e+00
8.445501e-01
3.145117e-01
2.724432e-01
5.736864e-01
5.979006e-02
4.870746e-01
1.070871e+00
3.832797e-01
1.236598e+00
1.188863e+00
2.169359e+00
3.669380e+00
2.699590e-01
1.656597e-01
1.577140e-01
1.338526e+00
1.514981e+00
9.285193e+00
1.934295e-01
6.154595e+00
5.129283e+00
6.629134e-01
7.836420e-01
3.269639e-01
2.449397e+00
6.150339e-01
4.792920e+00
7.164341e-01
8.377385e-01
6.138145e-01
9.805570e-01
7.597669e-01
1.623732e+00
1.317362e+00
2.934287e-01
1.876961e+00
1.189555e+00
3.285365e-01
7.743752e-01
4.149303e-01
7.515187e-01
2.520844e+00
1.259170e+01
1.963154e+00
1.841829e+00
4.440497e-01
8.897733e+00
3.094194e-01
4.607129e-01
5.966297e-01
9.219951e-01
1.104653e-01
2.095588e+00
3.766639e-01
1.041793e+00
1.864057e+00
9.509123e+00
1.042371e+00
1.083736e+00
3.660352e+00
4.811063e-01
1.461806e+00
3.022775e+00
9.440687e-01
1.858300e+00
2.284620e+00
9.273276e-01
6.638347e-01
1.592828e+00
4.981774e-01
1.911403e+00
4.130065e-01
3.017550e+00
3.882608e+00
1.816936e+00
3.994013e+00
1.187677e+00
6.499214e-02
2.276961e-01
6.398139e-01
3.928890e+00
1.984121e-01
1.854575e+00
3.149329e+00
3.862865e+00
2.057194e-01
1.392489e+00
3.675724e-01
6.672938e+00
6.292861e+00
1.249008e+00
2.495375e+00
1.204895e+00
1.027571e+00
1.585014e+00
3.274770e-01
2.172314e-01
1.435517e+00
6.930972e-01
2.694500e-01
6.752742e-01
1.792470e+00
5.249848e-01
3.313227e+00
2.502842e+00
1.616143e+00
9.880800e+00
1.423987e+00
7.730791e-01
1.037440e+00
6.372338e-01
9.152511e-01
1.060358e+00
4.471395e-01
4.397894e-01
1.479686e-01
7.307132e-01
4.687806e-01
7.898863e+00
6.127074e-01
5.401793e-01
1.828530e+00
1.817676e+00
7.272523e-01
5.538153e-01
2.042587e+00
2.098388e-01
3.661071e+00
8.388100e+00
8.962896e-01
1.471362e+00
9.750169e+00
2.417408e-01
2.526735e+00
2.134930e+00
3.200508e-01
3.714467e+00
8.749733e-01
1.259263e+00
2.664556e+00
1.392403e+00
8.733205e-01
6.700120e-01
4.200775e-01
2.333114e+00
1.827735e+00
8.385519e-01
3.432153e-01
7.258795e-01
1.614836e+00
4.430936e+00
3.282902e-01
1.202553e+00
3.084303e-01
1.786968e-01
5.133650e-01
8.282514e-01
2.498839e-01
3.481092e-01
5.961088e-01
5.693639e+00
1.730444e+00
5.314178e-01
5.274908e-01
3.063802e+00
1.351488e+00
6.112172e-01
5.828348e-01
1.497398e+00
7.240441e-01
1.107406e+00
1.236890e+00
4.780553e-01
1.679003e+00
6.718272e-01
6.740960e-01
5.547628e+00
3.424205e+00
2.200490e-01
8.993049e+00
2.191661e+00
1.232743e-01
1.167353e+00
4.168607e+00
1.375049e-01
2.501174e+00
1.776219e+00
2.065657e+00
5.333298e+00
8.677144e-01
4.007672e-01
8.750675e-01
4.539405e-01
1.799346e+00
1.075391e+00
5.375461e-01
2.264185e+00
1.140048e-01
8.451743e-01
8.122539e+00
4.106435e-01
5.350630e-01
1.186542e+00
3.271450e+00
9.872457e-01
8.258537e-01
3.268816e+00
1.056033e+00
1.146199e-01
1.721050e+00
7.055068e-01
2.631094e-01
5.631783e-01
3.290325e+00
5.579103e-01
3.186285e+00
3.812550e-01
1.108546e+00
4.263368e+00
2.200470e-01
9.218207e-01
5.171420e+00
3.475200e-01
5.265146e-01
3.895043e-01
1.021872e+00
1.826749e+00
1.041619e+00
1.894284e-01
1.429384e-01
1.868733e+00
1.097682e+00
2.584669e+00
2.524093e+00
5.723280e-01
1.485001e+00
1.910911e-01
1.227600e+00
8.924230e+00
2.781953e-01
1.342515e+00
2.601228e+00
1.068982e+00
3.246052e+00
1.927653e+00
6.740556e-01
1.901033e+00
2.964979e+00
1.221359e+00
2.006776e+00
2.698868e+00
8.812135e-01
1.213861e-01
1.904016e+00
1.039318e+00
2.332456e+00
1.956723e+00
4.771493e+00
5.898886e-02
9.845937e-01
1.085778e+00
3.930242e+00
5.333425e-01
2.683330e-01
9.029621e+00
5.099934e-01
2.613756e+00
8.256458e-01
1.628188e+00
1.556406e+00
4.649084e-01
5.124740e-01
1.782553e+00
7.128424e-01
3.468726e-01
6.310286e-01
3.236671e+00
5.744444e+00
9.116466e-01
3.358834e-01
4.750855e-01
9.936845e-01
6.454369e+00
5.374858e+00
2.098680e-01
1.914411e+00
6.530364e-01
1.582279e-01
2.976566e+00
1.075784e+00
3.515004e+00
8.022594e-01
1.541289e+00
1.845165e-01
2.354914e+00
9.948676e-02
1.730812e+00
2.438974e+00
2.246251e+00
4.211843e+00
5.184461e+00
5.363178e-01
5.188603e-01
3.258851e-01
1.465514e+00
2.698227e-01
2.613961e+00
6.809457e-01
1.616931e-01
8.924342e+00
6.751727e-01
2.606253e-01
3.896763e-01
1.054990e+00
4.052443e-01
1.437929e+00
1.150373e+00
1.215280e+00
3.703618e+00
1.084202e+00
6.030234e-01
2.756859e+00
8.560571e-01
2.770459e+00
1.363122e-01
1.456494e+00
9.825585e-01
3.432122e+00
1.365152e+00
1.950299e+00
3.902262e-01
7.058253e-01
1.371734e+00
4.631666e+00
3.094938e+00
1.354892e+00
1.211755e+00
4.491071e+00
1.759140e-01
3.302713e-01
2.146587e+00
1.128774e-01
1.648850e+00
3.117157e+00
9.871804e-01
4.060613e+00
2.316054e+00
5.655512e-01
7.962546e-01
7.977706e+00
3.425240e-01
1.885906e-01
8.344414e-01
1.572732e+00
1.098540e+01
3.359497e+00
8.138287e-01
5.280574e-01
4.316257e+00
4.519844e-01
1.655845e+00
1.348173e+00
6.594319e-01
1.135535e+00
3.796359e+00
1.110110e+00
8.878273e-01
4.423694e+00
1.833773e+00
8.199519e-01
1.016606e+00
2.213208e-01
1.226332e-01
7.727053e-01
6.297333e-01
2.465586e+00
2.131298e-01
6.310994e-01
6.669626e-01
3.830841e-01
8.875945e-01
9.812533e-02
6.699554e-01
5.860168e-01
1.642334e-01
4.875697e-01
2.470858e-01
2.902385e-01
9.977954e-01
1.692204e+00
8.042040e-01
3.800599e-01
5.248255e-01
2.026672e+00
7.355737e-01
1.523739e+00
2.587708e+00
1.790470e-01
1.333434e+00
6.201798e-01
5.485831e-01
3.616266e-01
9.796027e-01
4.564876e-01
8.977333e-01
2.484539e+00
3.830781e-01
1.307744e+00
2.728494e+00
7.960800e-01
3.624066e+00
2.416718e-01
1.266257e+00
2.957361e+00
3.131027e+00
4.599743e+00
1.345942e+00
2.940594e+00
5.035990e-01
6.880258e-01
1.141201e+00
6.231630e-01
8.355757e-01
2.126919e+00
1.787935e+00
1.145009e+00
1.468942e-01
2.289706e+00
2.880921e+00
1.044851e+00
5.820525e-01
9.587405e-01
1.281291e+00
6.927933e-01
2.112205e-01
1.021063e+00
1.908860e-01
3.938930e-01
7.774650e-01
2.215766e-01
2.122837e+00
9.175846e-01
3.218550e-01
5.511848e-01
5.470983e-01
3.320786e-01
2.682309e-01
1.546190e+00
1.016331e+00
7.117623e-01
7.019514e+00
3.901249e+00
6.878596e-01
5.851869e+00
8.533817e-01
8.979499e-01
2.171472e+00
5.927519e-01
2.493104e+00
2.880834e-01
8.346068e-01
5.903080e-01
7.013975e-01
9.844577e-01
1.935620e+00
5.698105e+00
2.508512e+00
1.960364e+00
6.863216e-01
1.516115e+00
1.385677e+00
8.629898e-01
2.578521e+00
3.706700e+00
5.808737e-01
5.566128e-01
5.540876e-01
9.695042e-01
1.458081e+00
1.006288e+00
3.030311e+00
2.727860e+00
9.929871e-01
3.650523e+00
1.709657e-01
1.195700e+00
1.751571e+00
3.468956e+00
7.742422e-01
1.454058e+00
6.346701e-01
1.260312e+00
1.328359e+00
7.993869e-01
3.608283e-01
6.731974e+00
5.900924e+00
2.412161e+00
1.772853e-01
5.654093e-01
2.047603e+00
3.314490e-01
2.611100e+01
9.469210e-01
3.993727e-01
3.136158e+00
1.848614e+00
9.327007e-01
2.540399e+00
1.540250e+00
4.118836e-01
3.415292e-01
1.058315e+01
7.885065e-01
3.199495e-01
5.527908e-01
2.233076e+00
3.320309e-01
5.992843e-01
4.727819e+00
7.079151e-01
5.639906e-01
4.527405e+00
3.946796e-01
1.861557e+00
4.255891e-01
2.602108e-01
7.141120e+00
6.637985e-01
2.327810e+00
5.499433e-01
2.769374e+00
2.429017e+00
1.772046e-01
2.362284e+00
1.514777e+00
1.615163e+00
1.629957e-01
8.344605e-01
1.261821e-01
7.517265e-01
1.601278e+00
5.168823e+00
1.847455e+00
6.434848e-01
1.216966e+00
2.862244e-01
2.615920e+00
7.553912e-01
3.230460e-01
4.065726e+00
2.246775e+00
2.614562e-01
1.363735e+00
2.305487e-01
3.271914e+00
4.464796e+00
1.132196e+00
1.083044e+00
3.824725e-01
1.453382e+00
9.922012e-01
2.350138e+00
6.473951e-01
2.562648e-01
8.749184e+00
9.452888e-01
1.373346e+00
2.287099e-01
4.004088e+00
4.199873e-01
9.278572e-01
1.821604e+00
2.495556e+00
4.985707e-01
8.432775e-01
9.304977e-01
1.958647e+00
4.910970e-01
2.281199e+00
8.884253e-01
9.654016e-01
9.141633e-01
4.261597e-01
8.229826e-01
1.146464e+00
1.497415e-01
1.226317e+00
2.134538e+00
6.803146e-01
4.057728e+00
8.191311e-01
1.715600e+00
2.379507e-01
9.480226e-01
2.625677e-01
6.404568e-01
1.218448e+00
1.025835e+01
1.130938e+00
2.830658e-01
6.302247e-01
3.974771e-01
2.448381e+00
5.375631e-01
4.894554e-01
3.864624e+00
2.842043e-01
2.331674e+00
9.059852e-01
5.214938e-01
5.464628e-01
9.185069e-01
1.627602e+00
1.553907e+00
9.260747e-01
6.208129e-01
8.505086e-01
4.918140e-01
9.177442e-01
1.805703e+00
1.030881e+00
7.419877e-01
1.924809e-01
5.932266e+00
1.438908e+00
6.255316e-01
4.745937e-01
5.122499e-01
5.642421e+00
2.505123e+00
9.827510e-01
1.815281e+00
1.540991e+00
3.355052e-01
5.173294e-01
1.128283e+00
1.690390e-01
1.812042e+00
1.240620e+00
1.079563e-01
1.049808e+00
9.897005e-01
2.264194e-01
9.696573e-01
5.666383e-01
6.634299e-01
7.243072e-01
4.391263e-01
1.734280e-01
2.390557e+00
6.748425e+00
2.435892e+00
1.599615e+00
2.466002e-01
4.239214e+00
7.678083e-01
1.358457e+00
9.521382e-01
1.788643e+00
4.005606e-01
5.588134e-01
7.282561e-01
1.263397e+00
5.654954e-01
2.006508e-01
3.118612e-01
1.624417e+00
2.070471e+00
5.008526e-01
2.046069e+00
4.509289e-01
5.734932e-01
2.604165e+00
8.932037e-01
7.246775e-01
1.159663e+00
1.409843e+00
5.475513e+00
3.197535e+00
1.712978e+00
6.348157e-01
1.954219e+00
5.533017e-01
2.628918e-01
3.669289e-01
1.488375e+00
1.268328e+00
7.628959e-01
1.715170e+00
3.170004e+00
7.708096e-01
4.554156e-01
4.270084e-01
1.213349e+00
8.609845e-02
4.577910e-01
2.089449e+00
4.972884e+00
2.285694e-01
1.389621e+00
1.562806e+00
3.865119e-01
3.324191e+00
6.537728e-01
2.096001e+00
1.077009e+00
1.317263e+00
7.622531e-01
3.083709e-01
1.059119e+00
2.824507e-01
6.656439e-01
3.773611e-01
4.305888e-01
1.484066e+00
3.419015e-01
6.143761e-01
8.866709e-01
7.862593e-01
1.202033e+00
5.164971e-01
3.793119e-01
5.144512e-01
7.669838e+00
1.285209e+01
5.549749e-01
9.184379e+00
3.917254e+00
1.017276e+00
9.484653e-01
2.929801e-01
4.484897e-01
1.367862e+00
3.696726e-01
6.061349e-01
4.170885e+00
1.315159e+00
6.078570e-01
7.282713e-01
4.263147e+00
2.466610e+00
1.017920e+00
4.316814e-01
2.952750e-01
1.558545e+00
1.931166e-01
7.511473e-01
1.256397e+00
3.153306e-01
8.219458e-01
3.443621e+00
2.921295e+00
3.660452e+00
9.211430e-01
8.892997e-01
3.939960e-01
9.226620e-01
3.957554e+00
2.654935e+00
2.973868e-01
4.556196e+00
4.319284e+00
1.303027e-01
4.477499e-01
4.903146e-01
2.418956e+00
1.300754e-01
1.597098e+00
6.518282e-01
3.430342e+00
4.482454e+00
1.565318e+00
1.346553e+00
1.776057e-01
7.626088e-01
3.096437e-01
1.250046e+00
3.823947e-01
2.124637e-01
3.316647e-01
1.648203e-01
3.693120e-01
3.279155e-01
2.686721e-01
1.568441e+00
9.592768e-02
2.338291e-01
1.555812e+00
3.066449e+00
1.077154e+01
4.755802e-01
1.561845e+00
2.048689e-01
2.465998e+00
1.877493e+00
3.730918e+00
3.734117e+00
1.854631e+00
1.391595e+00
2.227376e+00
9.294180e-01
4.673511e-01
7.194371e-01
9.097230e-01
2.704438e+00
8.069810e-01
3.087540e+00
6.432348e-01
6.194738e-01
1.000044e+00
4.496381e+00
1.078344e+00
1.514156e+00
2.261332e-01
7.963908e-01
1.767826e+01
7.374964e-01
5.830429e-01
1.077617e+00
3.765727e-01
4.467119e-01
3.730093e+00
2.311266e+00
1.790132e+00
6.881320e-01
9.788998e-01
1.284200e+00
6.040618e+00
1.010132e+00
2.096466e+00
6.176534e-01
4.113551e-01
6.130892e-01
1.155401e+00
3.081040e+00
3.227233e+00
4.132425e-01
3.517904e+00
2.610912e+00
9.450239e-02
2.074719e+00
1.398845e-01
1.878736e+00
1.900694e+00
2.399638e-01
2.808440e-01
1.547529e+00
5.551716e-02
6.026843e-01
2.914529e+00
3.052194e-01
1.766008e+00
6.461240e-01
3.446814e+00
5.520494e-01
1.141919e+00
1.410226e-01
3.727218e+00
5.144885e-01
1.559537e+00
5.784671e-01
2.550295e+00
6.353813e-01
2.724653e-01
1.058524e+00
6.491234e-01
8.582229e-01
4.801665e+00
5.657092e-01
2.993718e-01
1.025602e+00
4.813860e-01
1.972137e-01
1.726644e+00
2.406126e+00
3.148941e-01
4.499054e+00
8.300265e-01
1.061113e+00
1.757475e+00
1.072941e+00
4.741055e-01
3.743628e-01
3.273699e+00
6.512845e-01
8.320008e-01
3.755401e-01
2.910750e-01
6.211946e-01
1.516473e+00
2.994269e+00
8.725706e-01
9.744447e-02
1.897977e-01
7.696199e-02
1.085468e+00
1.112819e+00
7.854120e-01
1.416592e+00
1.037150e+00
6.513722e-01
3.041688e-01
2.982083e+00
9.807829e-01
1.300429e+00
1.317218e+00
1.564804e+00
1.843297e+00
1.996705e+00
1.647299e+00
4.043758e-01
3.240086e-01
2.365804e+00
5.389352e-01
6.388602e-01
1.361215e-01
2.232549e-01
1.429271e+00
1.688330e+00
2.310169e+00
3.392165e-01
1.203318e+00
4.346308e+00
6.255441e-01
1.569487e+00
8.916321e-01
6.485257e-01
1.154297e+00
3.169391e+00
1.090182e+00
8.292799e-01
2.040580e-01
1.480293e+00
6.517582e+00
2.215635e+00
6.432723e-01
1.773147e+00
3.413653e-01
1.136520e+00
1.973750e+00
7.832081e-01
1.227266e+00
1.758543e+00
1.606393e+00
6.287403e-01
2.451928e-01
9.480872e-01
3.391125e-01
3.029405e-01
2.832489e-01
3.227417e+00
2.507521e+00
1.806087e+00
9.086697e-01
1.116397e+01
8.923178e-01
1.010789e+00
1.963066e+00
4.527134e-01
2.582256e+00
1.442335e+01
2.618890e+00
1.096719e+00
5.539849e-01
1.994862e+00
3.096189e+00
3.963358e-01
5.013144e-01
4.740709e-01
8.129505e-01
3.250697e+00
1.117772e+00
6.967002e-02
4.182113e+00
8.078611e-01
2.734289e+00
5.610690e-01
9.907479e-01
4.143421e+00
2.632092e+00
4.567805e-01
9.058782e-01
1.428331e+00
6.723089e+00
1.542852e+00
1.368197e+00
1.234883e+00
3.383420e-01
1.239176e+00
2.576182e-01
9.351437e-01
7.985119e-01
7.542135e-01
3.169066e+00
4.292719e-01
3.063465e-01
1.073415e+00
8.313216e-01
8.300269e-01
7.968898e-01
4.165441e+00
1.946926e+00
7.871447e-01
3.531390e-01
1.032672e+00
2.674358e-01
2.222573e+00
1.104565e+00
1.863852e+00
1.031128e+00
4.905728e+00
1.595434e+00
3.451067e-01
1.068923e+00
1.905426e-01
1.872156e+00
1.970304e+00
2.506434e+00
2.720781e+00
7.501949e-01
1.375774e+00
8.447963e-01
4.334799e+00
5.825364e+00
1.599983e+00
1.253752e-01
1.951566e+00
2.182783e-01
2.417241e+00
2.228123e+00
2.210641e-01
1.535946e+00
3.362967e+00
3.589338e+00
1.661639e+00
1.096562e+00
2.039535e-01
2.160800e+00
3.951664e-01
8.688513e-01
7.322664e-01
4.250760e-01
2.247944e+00
8.316246e-01
4.798598e-01
1.762945e+00
2.589726e+00
1.255331e+00
4.403026e-01
2.053948e+00
1.018400e+01
9.739080e-01
1.387004e+00
3.006111e-01
2.071856e+00
4.417880e+00
2.853200e+00
2.517048e-01
7.252416e-01
2.861634e+00
5.987440e-01
8.067332e+00
1.486555e+00
5.642464e-01
2.382324e+00
8.899040e-01
5.771291e-01
9.000256e-01
1.529740e+00
1.351470e+00
2.173876e-01
5.048622e+00
2.461619e+00
6.554664e-01
1.743365e+00
1.899239e-01
2.487118e+00
2.381912e+00
4.515758e+00
2.404389e-01
1.111757e+01
6.518300e-01
7.326741e-01
3.964992e-01
7.895840e-01
4.676587e+00
1.209674e+01
5.519666e+00
1.389033e+00
3.132888e+00
1.688376e+00
8.215482e-01
3.952689e-01
1.959044e+00
4.785940e-01
1.212771e-01
1.451769e-01
1.098371e+00
1.964764e+00
1.448259e+01
2.144756e+00
1.718756e+00
3.158690e+00
2.692220e-01
1.611517e-01
3.607347e-01
9.833094e-01
7.819237e-01
1.507999e+00
1.098805e+00
4.508883e-01
3.856340e-01
6.455930e-01
3.125401e+00
1.122818e+00
4.015385e+00
5.131948e-01
7.001840e-01
5.849965e-01
3.371171e+00
1.296050e+00
7.995132e+00
1.288717e+00
2.879420e-01
4.887885e-01
4.466827e-01
2.638385e+00
1.266782e-01
1.328331e+00
7.073129e-01
2.880533e-01
1.232517e+00
7.445300e-01
4.693883e+00
6.200142e-01
5.191560e-01
1.390417e+00
5.049330e-01
3.033178e+00
2.497556e+00
2.108308e+00
1.131954e+00
7.966334e-01
2.299950e-01
7.022907e-01
1.640433e-01
6.852245e-01
9.691648e-01
3.032769e-01
1.567502e+00
3.487122e+00
4.990685e-01
1.914249e-01
3.905407e+00
1.951022e-01
6.667156e-01
1.933616e-01
7.284939e-01
1.206136e+00
1.276370e-01
4.054883e+00
3.332432e-01
2.047096e+00
7.753053e+00
1.163109e+00
1.014296e+00
7.630870e-01
6.510222e+00
8.355275e-01
5.471110e-01
1.008995e+00
3.399240e-01
7.917053e-02
5.172673e-01
2.659213e+00
1.578834e+00
9.509175e-01
1.660028e-01
1.201623e+00
3.437348e+00
9.054675e-01
5.985159e-01
1.079697e+00
3.403192e-01
4.649549e+00
1.106202e+00
4.561606e-01
2.653526e+00
1.764080e+00
5.369121e+00
1.329526e+00
1.199162e+00
2.304319e+00
9.434089e-01
2.661817e+00
4.179107e+00
1.603433e+00
2.834222e+00
5.738791e-01
1.008049e+00
9.257800e-01
5.737594e-01
2.695286e-01
7.272365e-01
1.276166e+00
2.419433e+00
1.027168e+00
3.615699e-01
1.742466e+00
9.142154e-01
6.150477e-01
1.782434e+00
2.943683e-01
5.900549e-01
1.448484e+00
6.142878e+00
1.781052e-01
3.244518e+00
6.697846e-01
5.517371e-01
1.317456e+00
1.092719e+00
1.455878e+01
2.254835e+00
7.955190e-01
1.945643e+00
4.705841e-01
8.367235e-01
1.467641e-01
3.459282e+00
4.076803e-01
1.539595e+00
8.365645e-01
3.450020e-01
5.481924e-01
8.845510e-01
1.141581e+00
2.581541e-01
2.058993e+00
1.955061e+00
2.463707e+00
1.367287e+00
5.242753e-01
1.570071e+00
1.150734e+00
5.978644e-01
2.735335e-01
1.656943e+00
1.603519e+00
3.328780e-01
3.171632e-01
9.154852e-01
4.029948e-01
1.519199e+00
2.273897e+00
1.817726e+00
8.469341e-01
1.410803e+00
3.810548e-01
8.149612e-01
1.334963e-01
1.689408e+00
5.593348e+00
8.041374e-01
6.390131e+00
4.581018e-01
1.276150e+00
5.374843e-01
1.153948e+00
7.565650e-01
2.484872e+00
1.697605e+00
2.694410e+00
1.309205e+00
7.773534e-01
2.179932e-01
1.407198e-01
1.971774e+00
2.279231e-01
1.010866e+00
1.033904e+00
7.569034e+00
2.718190e-01
2.891985e+00
1.058233e+00
7.597305e-01
1.216147e+00
1.639329e+00
1.742344e+00
8.865600e-01
5.777741e-01
2.141268e-01
6.058794e-01
1.307297e+00
3.753632e-01
3.883933e-01
4.184996e-01
6.105514e-01
2.664771e-01
1.477625e-01
8.830380e-01
5.542969e-01
1.508588e+00
9.071021e-01
1.605104e+00
2.388543e+00
8.191471e-01
1.937844e+00
7.820752e-01
2.750241e+00
1.962555e+00
4.446189e-01
1.769316e+00
7.699498e-02
4.792894e-01
1.295542e+00
2.245212e+00
8.551024e-01
4.942106e-01
4.183559e-01
1.856954e+00
8.899390e-01
3.719787e-01
3.961310e-01
3.184476e-01
1.152490e+00
4.506193e-01
2.522528e+00
1.790869e+00
2.070477e+00
1.078491e+00
2.962510e+00
4.171035e+00
3.830889e+00
3.691927e+00
1.615859e+00
7.097338e-01
3.796868e+00
1.284336e+01
4.801396e+00
9.745899e-01
8.418970e-01
7.724909e-01
1.370478e+00
7.032197e-01
8.390577e-01
2.384787e+00
7.988486e-01
3.041536e-01
4.073694e-01
2.126932e-01
4.210558e-01
2.905328e+00
7.437792e-01
7.891833e-01
4.447155e-01
6.391457e-01
1.760428e-01
2.564807e+00
6.931160e-01
1.311140e+00
1.950194e+00
1.363146e+00
4.521387e-01
7.744207e-01
3.935587e-01
1.967820e+00
1.357669e+00
1.620944e+00
8.765365e-01
3.116540e+00
3.333391e+00
1.016565e+00
3.027106e-01
2.977227e+00
2.551827e+00
4.086311e-01
8.639794e-01
3.075317e+00
8.737440e-01
4.124401e-01
3.422421e-01
3.310345e+00
4.350232e-01
4.739866e-01
4.520586e-01
1.188629e+00
2.839042e+00
7.735190e-01
2.101986e-01
1.202667e+00
2.402060e+00
3.878375e-01
1.649071e-01
5.998373e-01
6.102706e-01
2.032672e+00
2.342692e+00
7.832139e-01
1.107811e+00
3.191928e+01
1.051921e+00
1.200404e-01
7.269026e-01
4.835007e+00
1.099823e+00
4.092296e-01
8.647803e-01
2.315688e-01
3.370545e-01
4.831574e-01
1.927521e+00
3.299713e-01
2.685731e-01
5.153718e-01
3.746442e-01
6.146442e+00
1.044925e+00
1.091037e+00
3.372736e+00
3.676863e-01
1.604334e-01
6.915258e-01
3.776995e-01
1.494398e+00
1.198150e+00
4.243548e-01
1.567777e+00
8.476724e-01
1.605855e+00
4.454703e+00
5.677260e-01
1.214636e+00
8.069844e-01
2.064930e+00
1.746623e+00
2.033518e+00
1.201347e+00
1.979525e+00
3.708511e+00
7.795421e-01
2.289557e-01
3.554980e-01
3.961695e-01
2.994364e+00
9.132273e-01
2.012790e-01
1.391394e+00
1.701339e+00
3.281574e-01
2.874616e+00
1.461457e+00
9.132597e-01
5.441890e+00
4.769711e-01
8.545546e-01
7.408897e+00
2.175451e-01
6.289593e-01
6.073954e-01
2.610578e+00
5.893434e+00
2.563748e+00
2.194507e+00
1.393763e+00
5.169658e-01
6.569488e-01
9.480570e-01
2.683724e+00
4.066390e-01
5.727806e-01
7.236824e-01
2.608817e+00
1.824822e+00
4.602795e-01
7.705370e-01
1.361737e+00
4.356091e-01
2.739918e-01
1.548818e+00
5.076951e+00
7.081831e-01
1.368131e+00
6.803298e-01
1.514511e-01
3.859889e-01
2.134678e-01
7.313708e-01
2.957417e-01
2.052044e-01
1.519585e+00
1.117906e+00
2.407136e+00
5.943818e-01
1.627922e+00
5.761356e-01
1.235837e+00
3.245957e-01
6.115189e-01
1.811162e+00
3.411004e-01
2.378517e+00
8.648101e-01
7.290908e-01
5.728367e-01
2.060001e+00
4.149798e-01
8.689260e-01
6.160249e-01
2.345051e+00
4.341761e-01
1.820780e+00
2.127950e+00
2.813206e+00
5.978551e-01
1.514187e+00
2.528729e+00
5.790055e-01
4.890338e-01
2.756824e+00
9.173789e-02
1.053459e+00
6.123039e+00
1.635312e+00
7.939641e-01
1.175118e+00
1.307179e+00
5.542452e-01
1.512356e+00
7.569776e-01
2.309792e+00
2.859662e-01
2.686906e-01
6.392567e-01
2.203795e+00
1.163594e+00
3.256484e-01
2.203179e-01
1.616775e+00
4.629165e-01
8.661342e-01
6.560650e-01
2.723023e+00
2.937578e+00
6.159527e-01
2.745850e+00
3.081549e+00
3.668182e-01
1.423001e+00
5.745452e-01
5.547725e-01
8.224392e-01
8.970962e-01
7.094019e-01
6.861219e-01
2.160379e-01
9.689745e-01
8.076749e-01
6.361593e-02
3.764769e+00
6.776726e-01
4.733374e-01
1.554925e+00
1.265049e+01
2.298812e+00
2.865418e-01
2.526524e+00
9.983340e-01
5.711328e-01
1.641125e+00
5.673303e-01
1.274066e+00
4.681764e-01
3.702203e-01
8.341626e-01
2.346768e+00
1.534641e+00
4.833859e-01
1.078900e+00
1.917481e+00
3.002055e+00
9.695404e-01
9.016724e-01
2.395606e-01
2.849573e+00
3.479978e+00
8.747000e+00
4.093463e+00
1.154754e+00
2.020753e+00
1.220141e-01
5.556259e-01
6.596082e-01
1.937160e+00
2.550201e-01
9.297507e-01
1.774751e+00
2.503402e+00
1.733367e+00
6.272304e-01
1.087230e+00
1.342551e+00
2.997956e-01
5.278597e-01
3.146988e+00
2.435791e-01
1.101138e+00
1.246606e+00
4.523697e+00
5.961019e-01
1.725442e+00
6.121380e+00
2.538865e+00
4.369924e-01
1.187469e+00
5.124279e+00
8.012425e-01
1.103740e+00
5.453020e-01
2.183866e-01
1.102064e+00
6.821296e-01
3.365167e+00
1.581198e+00
8.286565e-01
2.968487e-01
2.303972e+00
4.491831e-01
3.196377e-01
5.447580e-01
4.366259e+00
1.251622e+00
1.866939e+00
3.433947e+00
1.978935e+00
1.153582e+00
3.545255e-01
1.616752e-01
1.646628e+00
4.695723e-01
1.096431e+00
4.566562e-01
7.065937e-01
1.195169e+00
2.711363e+00
7.188373e-01
1.878957e+00
2.192939e+00
5.181915e-01
3.457102e-01
1.161155e-01
7.814511e-01
2.008497e-01
2.058110e+00
6.981547e-01
2.950088e+00
8.842097e-01
4.910598e-01
6.545111e-01
1.542848e+00
9.226154e-01
2.019170e+00
1.011744e+00
5.638070e-01
8.694781e-01
2.172209e+00
1.013260e+00
2.168443e+00
1.301271e+00
2.131958e-01
8.269356e-01
2.962656e+00
7.061308e-01
8.885511e-01
7.188399e-01
2.275559e+00
4.791141e-01
2.868395e-01
5.718787e-01
7.330998e-01
4.550001e-01
4.970146e-01
1.276691e+00
4.223575e-01
2.212783e-01
3.608072e-01
3.290807e+00
8.422898e-01
6.137657e-01
1.709426e+00
6.650014e-01
3.128170e+00
2.679577e-01
1.810331e+00
3.135389e-01
4.201980e+00
2.495723e+00
7.566608e-01
9.796775e-01
5.420790e-01
1.815398e+00
8.309474e-01
3.618071e+00
1.736749e+00
3.652253e-01
5.997213e-01
2.669131e+00
1.258372e+00
3.077990e-01
1.366648e+00
2.484547e+00
2.236178e-01
4.085813e-01
7.287971e-01
1.865648e-01
4.699217e+00
5.592640e+00
1.661582e+00
5.640492e-01
4.444644e-01
7.417490e-01
3.534856e-01
1.707469e+00
4.988344e-01
1.380619e+00
4.745917e+00
1.070448e+00
9.462079e-01
2.259035e+00
5.599352e-01
5.239697e-01
4.610489e-01
1.257793e+00
4.658623e-01
1.753723e-01
2.968799e-01
9.659813e-01
1.889921e-01
3.301144e-01
2.960320e+00
3.946734e-01
1.529575e+00
6.802067e-01
2.656045e-01
3.069704e+00
5.122614e-01
1.610143e-01
2.376157e+00
7.205032e-01
2.979219e-01
8.477495e+00
1.708721e+00
9.505829e+00
1.322531e+00
5.681502e-01
1.051070e+01
1.035009e+00
1.038239e+00
1.200850e+00
4.946480e+00
2.494536e-01
6.534162e-01
1.876041e+01
7.375604e-01
2.550796e+00
5.811705e+00
1.028119e+00
1.001765e+00
3.064388e-01
3.968437e+00
3.528544e-01
1.790330e+00
6.934718e-01
1.105950e+00
3.323005e-01
1.339622e-01
1.743304e+00
2.719505e-01
7.349338e-01
7.137141e-01
6.485842e-01
1.897916e+00
6.648418e-01
3.747948e-01
4.138369e-01
1.175516e+00
1.843845e+00
1.891990e-01
1.121421e-01
6.592459e-01
1.522361e+00
3.393092e+00
3.434822e+00
1.665137e+00
2.704008e+00
1.753773e+00
6.502244e-01
1.296203e+00
2.508166e+00
1.931947e+00
3.233147e+00
6.760036e-01
1.429503e+00
1.272588e+00
2.782372e-01
4.173903e+00
7.504623e-01
8.976410e-01
1.393174e+00
2.705285e+00
2.072741e+00
1.417990e+00
1.937461e+00
2.991098e-01
9.453967e+00
1.680829e+00
2.338244e+00
2.144758e+00
3.200657e-01
1.309390e+00
8.283475e-01
6.229900e-01
6.641280e-01
5.270653e-01
9.899235e-01
2.259416e+00
1.372855e+00
1.929935e+00
3.553548e+00
8.734251e-01
8.855150e-01
3.278660e+00
3.065671e-01
6.061311e-01
1.616281e+00
2.598999e+00
9.647163e-01
1.865571e+00
1.734219e+00
1.295178e+00
2.165998e+00
3.803035e+00
9.086475e-01
2.017767e+00
2.803844e-01
2.394223e-01
1.423578e-01
3.430064e-01
1.745460e+01
1.679123e-01
3.093601e-01
4.801046e-01
6.605377e-01
2.240592e+00
1.313525e+00
2.531473e+00
8.214282e-01
2.342511e-01
1.830549e+00
1.128237e+00
1.986646e+00
5.778637e-01
1.496890e+00
7.598120e-01
1.725482e+00
1.557638e-01
1.901662e+00
7.783282e-01
7.460398e+00
4.890504e-01
3.826780e-01
9.290335e-01
2.161607e+00
5.062571e-01
4.997858e-01
4.105750e-01
3.036510e+00
3.361879e-01
1.265730e+00
5.755294e-01
7.280053e-01
6.861388e-01
1.099635e+00
1.716737e+00
1.117859e+00
3.119622e+00
2.642209e-01
1.495261e+00
4.521185e-01
4.904782e-01
1.041296e+00
7.561923e-01
9.660239e-01
1.519565e+00
4.378836e-01
2.327982e+00
3.948505e-01
8.215532e-01
1.074497e-01
8.380851e-01
3.795959e-01
1.073490e+00
4.229403e+00
1.188610e+00
5.839452e-01
4.016264e-01
1.578503e+00
5.639136e-01
4.685127e-01
4.054780e+00
5.950242e+00
1.931121e+00
2.336383e-01
1.220212e+01
2.682541e+00
2.554200e+00
1.303614e+00
5.213066e-01
3.043799e-01
1.361271e+00
1.191232e+00
8.797196e-01
2.390048e-01
7.070902e+00
3.131367e+00
1.555450e+00
1.390324e-01
3.084495e+00
6.792092e-01
7.245611e-01
3.763580e-01
4.296980e-01
6.079216e-01
2.127317e-01
1.735359e+00
1.516587e+00
5.704679e-01
2.312793e+00
2.302991e+00
1.247071e+00
3.464867e-01
1.751409e+01
6.107251e-01
4.193454e+00
6.069924e-01
1.686725e+00
1.521069e+00
6.590142e+00
8.870668e-01
5.679039e-01
8.694211e-01
2.144047e+00
2.530975e+00
6.220961e-01
2.469670e+00
3.918588e-01
2.485807e+00
2.103235e+00
6.707774e-01
7.598134e-01
1.344436e+00
6.825981e-01
1.049119e+00
9.039365e-01
5.799990e-01
9.039245e-01
1.923431e+00
5.388979e-01
9.226914e-01
1.796262e+00
1.982418e-01
3.172755e-01
3.404766e+00
1.033811e+00
2.057878e+00
1.939156e+00
1.701630e+00
4.662956e-01
6.694885e-01
1.488519e+00
2.409134e-01
4.264267e-01
3.856548e-01
3.858001e-01
2.342251e+00
1.469636e-01
4.659709e-01
4.035877e-01
5.916576e-01
6.144983e-01
2.431028e+00
9.102014e-01
5.074900e-01
2.314433e+00
2.806227e+00
1.837845e+00
4.055673e+00
2.708118e+00
1.100414e+00
7.444845e-01
1.647098e+00
8.124686e-01
3.350853e+00
2.753180e+00
2.844044e+00
9.542449e-02
1.480049e-01
2.667442e-01
9.907940e-01
9.707394e-01
2.223516e-01
7.049680e+00
9.603716e-01
4.527440e-01
1.847146e+00
5.339332e-01
3.476810e-01
7.172167e+00
8.829735e-01
1.469606e+00
2.385860e-01
5.116194e-01
2.193631e-01
9.021115e-01
1.079643e+00
7.410931e-01
1.340552e+00
3.517110e+00
2.435416e+00
2.081940e+00
8.469555e-01
7.514186e+00
2.286598e+00
2.831774e+00
9.914301e-01
5.220548e-01
1.744491e+00
8.224525e-01
6.041696e+00
6.078927e-01
3.300553e-01
1.122471e+00
7.408771e-02
8.181123e-01
3.869535e-01
1.409662e+00
1.265087e+00
2.888991e+00
1.886972e+00
1.749478e+00
2.298523e+00
1.796350e-01
1.191399e+00
3.799498e-01
1.341046e+00
5.522231e-02
1.297856e+00
3.802218e-01
3.206019e+00
5.807191e-01
2.716384e-01
2.423386e+00
1.246570e+00
1.703954e+00
4.046697e-01
1.788161e-01
1.453569e+00
6.053579e+00
1.160461e+00
1.561020e+00
7.544525e-01
1.934209e+00
8.090919e-01
3.056047e+00
1.111548e+00
3.951484e+00
1.804312e-01
1.257970e+00
5.513389e-01
9.658954e-01
2.426300e+00
4.326025e+00
1.742662e+00
4.730498e-01
1.678434e+00
4.720011e-01
1.073093e+00
1.212130e+00
1.891788e+00
6.648816e-01
1.324465e+00
2.375343e+00
5.713225e-01
1.058686e+00
2.196417e+00
9.396258e-01
3.243814e+00
6.438104e-01
4.197930e-01
1.975383e+00
2.640471e+00
5.783794e-01
5.607218e-01
5.017754e-01
5.766678e+00
5.592536e-01
4.571947e+00
7.683976e-01
3.205808e+00
6.183482e-01
1.276252e+01
1.037288e+00
8.501829e+00
9.663975e+00
1.344804e+00
4.983177e-01
2.514548e+00
2.109277e+00
6.541508e-01
2.726980e-01
4.635305e-01
8.361483e-01
4.626958e-01
6.145550e-01
2.177033e-01
1.163257e+00
3.199612e+00
1.326552e+00
7.001311e-01
3.438889e-01
2.604651e-01
1.580760e+00
7.995022e-01
5.206467e-01
2.388244e+00
3.481689e-01
8.307080e-01
1.312029e+00
1.714497e+00
3.282414e-01
2.001135e+00
5.911013e-01
1.501622e+00
8.278918e-02
3.950819e+00
1.976705e-01
2.336421e+00
2.025740e+00
2.201173e+00
1.829033e-01
9.123509e-01
6.421246e-01
2.406711e-01
1.079259e+00
4.016125e+00
1.635668e+01
2.546302e-01
2.064675e+00
1.034372e+00
4.395987e-01
1.855087e+00
7.391106e-01
4.310875e-01
3.929183e-01
5.054464e-01
9.534595e-01
5.016639e-01
3.124980e+00
6.363460e-01
7.495905e-01
1.925484e+00
1.185945e+00
2.034648e+00
6.682362e-01
1.807790e+00
2.517186e+00
3.469097e-01
5.580400e-01
5.530156e-01
1.721919e+00
1.440239e+00
3.179616e+00
2.176026e+00
1.013765e+00
6.798248e-01
5.484312e-01
7.410406e-01
4.048549e-01
4.013822e+00
4.350113e-01
8.182960e-01
1.201962e+00
5.804569e-01
8.536611e-01
2.133360e+00
4.574587e-01
6.769966e-01
2.218614e-01
1.770675e+00
2.616686e+00
1.589268e+00
2.906155e+00
2.748316e+00
5.765494e-01
1.342697e+00
3.876348e-01
3.400834e-01
3.977548e+00
6.505176e-01
2.485024e+00
4.324246e-01
5.103650e+00
1.316114e+00
2.384236e+00
1.060761e+00
2.314207e+00
1.362873e+00
5.963375e-01
4.630485e-01
1.115302e+01
1.136951e+00
8.066346e-01
3.503430e+00
3.463467e+00
1.618744e+00
1.010673e+00
4.214451e-01
4.666189e+00
3.006296e-01
9.178652e-01
3.528316e-01
5.618211e-01
3.388763e+00
2.166082e+00
5.989423e-01
3.924339e+00
5.168189e-01
4.192903e+00
4.385213e+00
2.998319e+00
5.810006e-01
4.181580e-01
5.286342e-01
5.485887e+00
1.451786e+00
2.082704e+00
2.590188e-01
7.422427e-01
1.013523e+00
1.502624e+00
1.028692e+00
9.059617e-01
1.769436e+00
1.490551e+00
4.642706e+00
2.036641e+00
4.249169e+00
6.538648e-01
2.033089e-01
8.822070e-02
1.902891e+00
1.673934e+00
9.482391e-01
1.477659e+00
7.780554e-02
5.447172e-01
2.613738e+00
7.121596e-01
6.292831e-01
1.531068e+00
2.160342e-01
4.504588e+00
1.705591e+00
1.794064e+00
7.223207e-01
3.451467e-01
2.675572e-01
5.303819e+00
1.817146e+00
2.176049e+00
2.653674e+00
9.201619e-01
1.126541e+00
4.067492e-01
9.168709e-01
1.876021e+00
2.254944e+00
2.044990e-01
4.356302e+00
2.151711e-01
4.187126e-01
7.786663e-01
6.958815e-01
5.915199e-01
6.842400e-01
1.073636e+00
9.918332e-01
1.010344e+01
1.114588e+00
5.368116e-01
3.203924e-01
1.251248e+00
1.375833e+00
3.090994e+00
1.522945e+00
5.646988e+00
3.482442e+00
3.084303e-01
4.873876e-01
2.038840e+00
8.659098e-01
5.364720e+00
5.460537e-01
1.627302e+00
7.302383e-01
5.562043e-01
1.116118e+00
1.979183e+00
3.102970e+00
5.337878e+00
2.900186e+00
1.030496e-01
1.481825e+00
3.348354e+00
7.381985e-01
6.026357e+00
1.442255e+00
2.560880e-01
8.645239e-01
1.687108e+00
7.169793e-01
3.196485e-01
1.236747e+00
3.437459e-01
1.231092e+00
5.389863e-01
2.085725e-01
7.914541e-01
7.250203e-01
2.770954e+00
2.530116e+00
1.584168e+00
6.449669e-01
1.346164e+00
3.343122e+00
5.264089e-01
1.779736e+00
1.289016e+00
1.112142e+00
1.840752e+00
2.188329e+00
2.705403e+00
3.448113e+00
5.987189e+00
3.233052e-01
1.236763e+00
5.671944e+00
9.769933e-01
2.346280e+00
7.592769e-01
1.075394e+00
4.677434e-01
9.745453e-01
9.320136e-01
1.663818e+00
7.703995e-01
1.579229e+00
1.947303e+00
1.252326e+00
1.128258e+00
1.037550e+00
1.887356e+00
4.334713e+00
1.388417e+00
1.678051e+00
3.811787e-01
3.049278e-01
1.521143e-01
2.558918e-01
1.543160e-01
1.008433e+00
1.237535e+00
6.579743e-01
3.430733e-01
4.289638e-01
2.975901e+00
5.127340e-01
1.412931e+00
3.907452e+00
4.855962e-01
8.349252e-01
2.830754e+00
2.748891e-01
1.316300e-01
2.152974e+00
4.446503e+00
1.876191e+00
4.790182e-01
1.141240e+00
1.500663e+00
6.247820e-01
2.708986e-01
1.733162e+00
9.216034e-01
1.403370e+00
2.011887e-01
3.195327e+00
8.895345e-01
1.624178e+00
1.130036e+00
2.221906e+00
1.726809e+00
5.749466e+00
7.942400e-01
3.449233e+00
1.279484e-01
3.519199e-01
1.308226e+00
8.812234e+00
1.638165e+00
1.913339e+00
4.409201e-01
5.466479e-01
1.462668e+00
9.468649e-01
2.151560e-01
3.255462e-01
2.006933e+00
6.978400e-01
5.869181e+00
3.458427e+00
1.322246e-01
8.524315e-01
1.038344e+00
2.054045e+00
1.586772e+00
3.966840e-01
1.698455e+00
6.931437e-01
2.080089e+00
1.612267e-01
1.082870e+00
1.446481e+00
3.760163e-01
8.907787e-01
1.932117e+00
4.376037e+00
6.317460e-01
8.854103e-01
9.063772e-01
2.860933e-01
9.639561e+00
2.320506e+00
1.822924e+00
2.344065e-01
1.082839e+01
1.130289e+00
8.927926e+00
3.831282e+00
5.811147e-01
1.881981e+00
2.007193e+00
4.975212e-01
2.643648e+00
2.118476e+00
1.593840e+00
1.268437e-01
4.325753e+00
2.340644e+00
7.230609e-01
9.493052e+00
5.910064e-01
1.216042e+01
9.019534e-01
