1.688207e+00
3.745435e-01
2.394193e+00
1.928013e-01
1.596810e-01
1.702358e+00
2.964876e+00
2.540714e-01
6.818252e-01
4.190302e+00
4.671214e+00
4.513445e-01
4.115870e-01
3.317847e-01
5.299201e-01
1.203955e+00
8.997493e-01
2.360043e+00
2.226107e+00
1.551370e+00
1.519690e+00
1.674057e+00
3.006393e+00
7.909023e-01
1.042739e+00
2.434520e+00
2.324725e+00
1.123178e+00
1.277424e+00
1.057619e-01
1.318550e+00
3.503682e-01
1.489780e+00
1.738872e+00
2.287832e-01
7.466514e-01
3.540890e-01
8.738579e-01
1.634205e+00
1.697174e-01
3.920104e-01
4.897317e-01
7.020833e-01
5.567284e-01
2.421570e+00
1.994456e-01
1.596060e+00
1.309467e-01
1.894787e-01
2.610959e-01
5.463444e+00
3.371148e-01
4.704975e-01
5.122447e+00
3.417147e+00
5.892784e-01
1.132979e+00
1.171630e+00
6.063926e-01
1.962547e+00
5.520587e-01
1.246663e-01
6.302945e-01
1.483976e-01
3.186988e-01
1.298806e+00
6.047418e-01
7.332336e-01
9.594757e-01
2.859956e+00
1.936994e-01
1.650241e+00
3.356991e-01
6.560487e-01
3.181325e+00
6.986842e-01
1.683752e+00
3.617868e+00
1.168433e+00
9.622452e-01
4.507611e-01
1.297512e+00
5.663559e+00
1.027735e+00
7.778548e-01
1.809440e+00
1.759828e+00
1.856339e+00
1.283919e-01
2.157792e-01
7.160219e-01
2.056790e+00
5.536202e-01
1.743228e+00
5.315232e-01
2.165185e+00
1.551056e+00
1.196840e+00
3.663944e+00
2.753540e-01
9.911465e-01
5.747408e-01
2.851876e-01
2.468611e-01
4.889022e-01
1.207631e+00
6.150406e-01
5.472129e-01
9.148808e-01
6.379848e-01
1.173527e+00
2.399765e+00
1.097047e+00
1.233779e-01
1.153875e+00
5.122822e-01
1.005622e+00
1.175745e+00
1.239610e+00
6.707920e-01
3.477893e+00
4.805052e+00
9.980035e-01
6.243160e-01
5.950802e-01
6.101061e-01
1.649891e+00
8.375431e-01
1.709647e+00
1.472670e+00
1.805396e+00
2.328724e-01
1.437576e+00
2.284314e+00
9.460111e-01
5.752384e+00
1.977875e+00
2.400419e+00
8.700111e-01
2.187266e-01
1.498577e+00
5.079420e-01
5.517653e-01
1.064568e+00
1.261712e+00
7.533210e-01
5.654823e-01
2.053472e+00
3.636614e+00
2.092888e+00
5.892170e-01
2.746807e+00
4.026862e-01
1.210486e+00
8.002672e-01
2.528296e+00
8.327286e-01
8.747305e-01
3.623031e-01
1.349367e-01
6.544549e-01
3.446425e+00
4.113151e-01
2.870818e+00
2.349979e+00
1.106310e+00
3.929026e-01
9.338194e-01
1.038690e+01
3.043025e+00
1.635736e-01
1.258347e+00
7.292060e-01
3.695491e-01
4.816819e-01
8.968439e-01
3.210928e+00
2.705139e+00
2.588481e-01
2.489394e-01
1.247859e+00
2.164921e-01
1.019206e+00
3.511569e-01
4.234903e-01
2.266579e-01
6.739550e-01
1.195804e+00
1.767010e+00
1.973158e+00
9.013072e-01
2.846086e-01
6.634618e-01
3.891408e-01
4.482451e-01
8.763067e-01
1.626806e+00
3.274946e-01
3.350944e-01
3.192074e-01
1.408845e+00
3.375108e+00
2.546030e-01
1.297922e+00
2.888675e-01
5.249093e-01
2.128563e-01
2.158213e+00
2.578545e+00
8.286045e-01
1.157939e+00
1.986440e+00
1.490648e-01
1.200652e-01
1.322662e+00
1.823049e+00
2.916466e-01
9.342854e-01
6.659960e-01
3.887670e-01
1.145937e+00
3.242024e+00
1.795462e+01
1.419115e+00
3.555741e+00
9.033712e-01
4.865926e-01
2.357307e-01
6.834271e-01
1.262908e+00
2.675963e+00
1.109642e+00
1.572089e+00
8.331080e-01
5.016826e-01
3.189258e-01
1.000146e+00
3.003010e-01
1.774082e+00
3.650922e-01
9.137867e-01
1.039781e+00
4.059968e+00
4.383727e+00
2.645858e+00
2.917985e-01
1.223488e+00
2.481550e+00
4.123785e-01
5.212998e-02
4.441143e-01
6.879700e-01
9.005704e-01
6.936911e-01
1.206470e+00
1.668354e+00
2.227717e+00
2.583788e+00
1.151438e+00
2.023698e-01
2.119406e+00
5.015817e-01
2.261021e+00
3.434363e-01
5.378908e+00
2.477137e+00
1.355585e+00
6.453085e-01
3.397359e-01
1.000014e+00
1.776777e+00
1.208896e+00
1.041597e+00
1.763451e+00
5.031740e-01
9.647638e-01
1.656054e+00
1.082764e+00
1.259595e+00
7.091368e-01
1.478507e+00
2.056585e-01
2.958945e-01
1.156787e+00
1.450124e+00
2.604044e-01
9.967214e-02
1.434156e+00
6.189293e-01
1.253438e+00
1.622407e+00
1.139006e+00
8.108352e-01
1.977259e+00
3.044008e-01
8.403025e-01
4.462360e-01
1.363219e+00
1.493545e+00
3.422155e+00
1.429118e+00
1.305037e+00
1.811693e+00
3.953604e+00
7.114716e-01
3.657416e-01
2.758154e+00
4.038724e+00
1.258408e+00
7.337013e-01
1.272468e+00
1.411609e+00
4.576993e+00
1.525905e+00
6.832818e-01
1.657867e+00
1.489343e-01
3.160002e+00
7.862440e-01
2.001732e+00
1.210885e+00
7.175244e-01
6.026329e-01
9.303171e-01
8.780943e-01
1.629923e+00
9.589960e-01
5.349879e+00
9.975335e+00
5.119437e+00
1.215071e+00
1.126257e+00
1.617670e+00
4.389965e-01
3.308789e-01
1.179153e+00
5.542684e-01
1.101619e+00
6.147244e-01
5.823301e+00
2.153512e+00
1.114792e+00
1.767758e+00
3.161027e-01
2.669815e-01
5.175148e-01
2.942626e+00
8.608159e-01
1.292939e+00
4.852990e-01
7.261990e-01
1.935369e+00
2.954031e+00
9.584193e-01
1.434039e+00
2.103724e-01
1.352976e+00
4.439675e-01
4.760467e-01
6.622552e-01
1.375703e+00
4.557510e+00
6.113221e+00
2.000092e+00
1.026887e+00
7.885518e-01
2.132072e+00
3.184971e-01
1.592446e+00
1.937436e+00
1.975669e-01
3.225231e+00
6.678320e-01
2.117260e+00
1.221293e+00
7.426733e-01
3.047289e+00
7.757330e-02
8.239059e-01
4.771671e-01
1.692330e+00
4.103642e+00
6.129525e+00
4.431261e-01
2.145998e-01
3.279348e+00
3.063868e-01
2.862128e+00
1.010593e+00
4.943954e-01
1.291730e+00
5.277828e-01
1.777323e+00
5.326947e-01
1.058043e+00
3.296865e+00
3.676212e-01
2.661776e+00
1.497763e+00
2.095498e-01
2.519557e+00
5.438769e-01
6.939134e-01
2.056681e-01
3.373915e-01
1.556522e+00
2.125755e+00
4.130404e-01
2.399128e+00
3.069822e-01
3.649556e+00
1.685752e+00
6.375228e+00
2.738834e-01
1.305541e+00
2.255073e+00
2.216654e+01
3.143771e-01
2.524526e+00
1.044456e+01
2.266702e-01
1.909346e+00
7.802646e-01
3.998719e+00
3.634789e+00
8.700489e+00
2.526088e-01
4.538464e+00
3.359924e-01
1.001879e-01
8.820709e-01
3.267510e-01
4.009206e-01
5.650803e-01
2.609379e-01
3.519303e+00
6.741951e-01
2.886719e-01
1.052825e+00
9.408478e-01
9.214514e-02
4.491797e-01
1.903898e+00
3.511394e+00
7.319010e-01
5.113548e-01
1.035160e+00
2.615632e-01
5.618343e-01
7.965343e-01
1.078115e+00
4.592383e-01
1.370541e+00
1.503404e-01
1.093006e+00
7.589820e-01
4.011554e+00
8.519604e-01
8.091875e-01
6.569525e+00
5.756708e+00
5.252331e-01
5.127141e-01
1.172419e+00
6.577222e-01
1.530713e+00
3.678389e+00
1.668415e+00
1.895696e+00
2.896412e-01
1.179413e+01
2.085924e+00
5.025621e-01
8.418101e-01
5.404708e-01
2.648819e+00
3.745657e+00
2.471476e+00
8.850042e-01
7.020455e-01
1.165985e+00
1.106867e+00
3.722847e+00
1.170752e+00
1.039035e+00
7.764473e-01
4.755589e-01
5.375860e-01
4.752658e-01
3.982851e-01
3.771150e+00
1.773168e-01
2.546394e+00
7.942805e-01
2.673262e-01
5.713682e-01
5.497881e-01
1.350775e+00
5.514493e-01
1.754866e+00
4.283651e-01
7.539092e+00
1.722973e+00
6.715497e-01
8.387993e-01
5.954123e-01
2.514214e-01
1.062989e+00
5.262223e-01
2.455738e-01
3.459682e+00
6.163562e-01
1.059895e+00
2.053424e+00
5.014945e-01
1.204262e+00
3.726510e+00
1.223856e+00
5.345512e-01
4.780281e-01
1.013539e+00
5.883072e-01
2.197580e+00
2.188353e+00
6.111834e-01
1.682672e+00
8.669498e-01
1.684748e+00
1.747352e-01
9.758465e-01
2.240062e-01
5.549978e-01
2.752556e+00
9.392840e-01
1.633032e+00
2.869443e-01
1.473464e+00
4.321982e-01
5.470829e-01
4.982308e-01
3.780466e-01
8.513497e-01
1.518501e+00
6.340730e+00
1.543831e-01
6.242396e-02
1.175053e+00
2.069821e+00
6.366098e-01
2.789114e+00
1.945640e-01
2.112447e+00
1.019252e+00
3.664690e-01
2.523486e-01
1.121492e+00
1.250330e+00
1.108756e+00
3.224641e-01
1.295599e+00
7.737779e-01
4.652525e-01
7.628044e-01
7.861536e+00
7.339663e-01
1.120042e+00
1.183918e+00
2.298507e-01
2.756334e+00
5.294278e-01
1.849318e+00
4.802439e-01
6.141948e-01
5.006452e-01
4.758510e-01
1.380537e+00
8.569557e-01
3.292313e+00
1.292998e+00
6.566696e-02
1.334223e+00
4.583676e+00
5.989770e-01
1.513030e-01
2.913433e+00
1.500626e+00
6.595644e-01
2.076125e+00
2.494080e+00
5.467224e-01
4.322055e-01
7.795733e-01
2.088246e+00
1.254155e+00
7.809649e-01
1.891131e+00
1.043360e+00
7.431677e-01
1.252813e+00
1.244057e+00
5.783484e+00
1.081245e+00
3.986703e+00
2.135664e+00
7.752903e-01
2.427489e+00
1.062067e+00
2.562753e+00
6.815419e-01
3.958014e+00
1.488934e-01
6.054846e-01
5.357947e+00
4.468179e-01
4.770609e-01
3.676823e+00
5.180367e+00
1.784874e+00
8.136034e-01
8.599771e-01
1.136554e+00
2.502251e+00
1.105176e+00
2.285084e+00
9.097764e-01
3.190429e-01
2.954432e-01
1.301793e+00
3.087385e-01
2.543180e+00
3.705252e-01
4.233874e-01
2.456262e+00
3.938601e-01
1.330674e+00
8.586967e-01
2.547145e+00
8.709986e-01
2.934659e+00
1.662476e+00
5.672491e-01
1.105158e+00
1.176178e+00
2.663318e+00
7.955631e-01
4.209459e-01
2.438130e+00
1.418290e-01
3.679394e-01
1.937057e-01
1.012187e+00
1.352341e-01
7.062177e+00
1.923555e+00
8.005262e+00
1.959357e+00
1.987930e-01
9.652791e-01
1.456084e+00
6.472546e-01
1.919582e+00
2.166823e-01
1.112678e+01
1.947038e+00
1.058298e+01
2.841284e-01
3.003846e+00
7.639158e-01
1.205653e+00
7.832388e-01
5.630888e+00
1.503696e+00
1.052366e+00
5.047310e+00
3.465750e-01
3.930419e+00
2.369400e+00
1.830833e+00
8.425526e-01
4.185530e-01
1.377085e+00
3.799820e-01
1.136870e+00
2.757898e+00
1.137808e+00
1.385560e+00
3.584589e+00
5.010098e-01
2.172616e+00
1.867988e+00
3.589222e+00
5.548067e-01
1.879305e-01
3.148169e+00
2.850316e+00
1.427872e+00
2.900866e-01
2.122508e-01
8.947093e-01
7.855604e-01
8.229256e-01
7.654253e-01
1.580897e-01
5.476343e-02
1.409816e-01
1.510045e-01
4.496282e-01
8.545197e-01
5.573466e-01
2.596209e-01
1.295297e+00
1.451886e+00
1.221741e+00
1.253775e+00
1.445549e+00
1.537384e+00
6.393020e-01
1.010648e+00
5.481224e-01
9.454876e-01
1.791480e+00
1.090194e+01
1.336325e+00
1.605405e+00
2.825018e-01
2.307823e+00
1.981488e+00
8.000018e-01
3.954726e-01
4.310825e+00
1.050458e+00
1.243804e+00
7.501955e-01
9.246617e-01
3.194897e+00
2.992394e-01
1.390686e+00
2.154730e+00
4.267137e-01
1.082444e+00
1.529797e+00
1.763492e+00
7.146711e+00
2.432676e+00
9.218024e-01
1.812000e+00
1.574869e+00
5.873562e+00
5.155035e-02
2.751188e-01
4.733066e-01
1.223595e+00
1.651850e+00
5.438844e+00
9.148498e-01
4.090806e-01
7.366615e-01
4.869062e-01
1.621998e+00
7.708644e-01
1.226592e+00
1.991860e+00
2.317764e+00
2.098216e+00
3.538678e+00
5.401253e-01
2.151469e+00
8.024695e-01
3.431475e+00
1.319258e-01
8.671448e-02
3.358538e-01
6.859837e-01
1.424906e+00
1.296311e+00
1.365023e+00
6.539008e+00
3.501345e-01
5.983726e-01
3.113473e-01
3.304002e-01
1.434299e+00
5.516086e+00
3.403818e-01
3.959595e-01
1.640255e+00
6.173870e-01
2.714592e-01
8.051111e+00
7.310033e-01
6.333776e-01
5.562829e+00
3.257778e+00
1.789231e+00
1.761439e+00
8.488862e-01
4.070655e-01
5.356081e-01
1.097493e+00
1.100939e+00
2.243658e-01
2.303194e+00
2.130384e+00
8.632911e+00
2.933661e-01
7.322146e-01
1.400039e+00
1.548715e+00
2.161578e+00
1.462754e+00
4.653456e-01
1.770246e-01
9.072394e+00
2.347221e+00
7.539670e-01
2.754254e+00
7.080379e-01
1.716747e-01
3.284708e+00
3.546522e-01
3.129956e-01
8.383644e-01
2.027971e+00
3.347042e-01
5.288522e-02
9.620015e-01
2.733541e-01
5.473761e-01
6.182546e-01
1.166685e+00
7.219458e-01
2.962096e-01
3.891756e+00
8.964633e-01
2.962236e-01
5.869427e-01
4.287368e+00
5.897373e-01
2.844245e+00
5.146065e-01
1.421980e+00
1.850447e-01
8.627139e-01
2.355446e+00
3.315914e+00
1.992831e+00
1.492727e+00
3.761519e+00
1.512685e-01
7.001124e-01
1.324499e+00
7.377893e-01
5.648093e-01
6.275500e-01
5.578109e+00
9.351728e-01
4.757144e-01
1.224989e+00
4.570778e-01
1.788072e+00
7.450779e-01
7.355200e-01
5.480299e+00
8.084468e-01
8.259472e-01
2.091160e-01
1.160653e+00
1.023127e+00
4.162496e-01
4.314997e+00
1.557149e-01
4.160162e+00
2.297625e-01
1.319173e+00
1.213919e+00
6.264054e-01
5.551595e-01
7.552540e-01
1.269736e+00
2.425388e+00
2.088361e+01
3.547364e-01
1.576450e+00
1.643421e+00
3.756259e+00
1.386583e+00
5.652221e-01
5.009613e-01
2.449409e-01
1.521708e+00
1.113330e+00
2.539759e+00
6.490579e-01
8.050196e+00
1.981114e-01
6.258073e+00
6.710507e-01
2.893819e+00
1.320105e+01
6.860166e-01
2.837526e+00
3.804763e-01
3.668226e+00
8.670551e-01
1.220365e+00
2.426298e-01
2.333807e+00
8.255377e+00
1.322914e+00
2.101788e+00
7.726656e-01
1.358687e+00
1.739462e+00
1.616948e+00
3.919252e+00
1.021556e+00
1.414877e-01
1.690961e+00
2.186162e-01
2.435428e+00
7.863434e-02
4.233328e+00
1.171542e+00
3.599934e-01
6.894258e-01
9.831010e-01
1.039843e+00
1.815149e+00
9.669434e-01
9.227090e-01
1.053519e+00
5.067731e+00
9.747767e-01
3.592741e+00
7.319714e-01
9.819976e+00
2.210905e+00
2.360095e+00
1.632968e+00
4.322293e-01
1.766198e-01
4.172377e-01
1.659162e+00
1.009518e+00
3.040866e+00
3.341882e+00
2.142609e+00
1.562195e-01
2.147325e+00
1.395271e+00
1.909848e+00
3.592645e-01
1.262455e+00
2.570443e-01
8.830841e-01
1.586124e+00
1.318223e+00
1.381991e+00
1.779018e+00
4.279862e-01
3.359336e+00
1.678788e+00
2.746461e-01
1.837891e+00
2.151896e+00
3.402186e-01
2.374680e+00
3.347589e+00
3.407752e-01
1.125942e+01
3.258360e-01
7.563456e+00
3.071424e-01
7.003823e-01
1.000364e+00
3.919824e-01
5.684052e-01
5.317142e-01
6.089436e-01
9.087294e-01
7.029201e+00
4.314286e+00
7.655188e-01
1.675545e+00
3.318330e+00
1.223835e+00
2.054357e+00
1.139177e+00
1.083206e+00
2.478930e+00
4.088398e-01
7.497691e-01
1.305875e+00
2.874166e+00
2.059018e+00
1.238520e+00
1.919438e+00
4.919437e-01
1.056931e+00
1.329004e+00
3.584278e+00
5.185109e-01
1.253211e-01
1.573334e+00
2.108397e+00
1.370602e+00
1.262152e-01
4.844370e+00
2.815660e+00
1.151609e+00
3.494433e-01
5.696641e+00
1.136228e+00
9.890337e-01
9.228283e-01
1.795689e+00
2.396325e+00
6.378222e-01
1.956697e-01
6.155004e-01
4.048925e+00
1.453423e+00
1.982930e+00
2.148040e+00
3.231933e-01
4.783160e+00
2.030199e+00
2.187160e+00
6.077724e-01
9.721184e-01
5.918654e+00
8.157290e-01
2.588183e-01
2.123016e+00
1.669134e+00
6.343712e-01
8.023967e-01
5.015701e-01
1.219265e+00
4.089095e+00
6.772308e-01
1.010061e+00
7.414755e-01
2.201999e+00
1.507571e+00
3.219721e-01
6.143933e-01
1.292204e-01
3.861634e+00
1.528763e+00
9.215688e-01
1.003265e+00
8.502770e-01
2.539129e-01
4.763348e+00
1.605780e+00
1.686227e+00
1.745675e+00
2.493604e+00
2.195011e+00
7.101363e-01
1.672571e+00
2.586064e-01
1.292549e+00
2.944953e+00
3.421708e-01
3.087549e+00
9.594483e-02
9.207416e-01
1.869043e-01
1.103588e+00
5.091734e+00
1.981175e+00
3.772903e-01
5.947084e+00
7.784819e-01
3.173514e+00
3.353110e+00
2.793098e+00
5.042820e-01
9.021546e-02
2.681686e+00
5.085595e+00
3.781325e+00
3.677919e-01
1.256044e+00
7.148470e-01
2.452350e-01
6.413416e-01
5.778680e-01
2.909841e-01
2.292782e-01
2.819289e+00
6.957030e-01
1.033318e+00
1.385428e+00
4.257812e-01
7.151957e+00
4.023829e-01
8.487049e-01
4.627110e-01
1.703068e+00
6.768376e-01
4.972109e-01
5.361547e-01
3.375375e-01
2.453618e+00
1.049502e+01
1.701041e+00
2.202485e+00
5.254542e-01
2.031411e+00
2.598185e+00
1.892582e+00
4.450677e-01
8.249577e-01
4.964802e+00
5.223176e-01
8.193928e-01
1.301496e+00
1.832622e+01
4.006506e+00
6.148622e-01
1.048659e+00
7.365050e-01
3.326073e+00
1.216787e-01
1.530482e-01
5.698184e-01
1.592362e+00
4.354197e-01
6.344282e-01
8.894757e+00
1.047214e+00
3.343728e-01
1.900655e+00
2.571671e-01
2.360882e-01
3.493838e+00
7.999167e-01
3.061745e-01
5.867002e-01
5.349921e-01
1.461652e+00
1.995572e-01
4.259554e-01
4.318683e+00
5.470062e+00
2.496877e+00
2.421868e+00
2.952586e-01
2.838812e-01
3.953452e-01
2.455322e+00
7.585661e-01
6.926503e-01
3.725817e+00
7.795028e-01
5.269772e-01
5.841267e-01
3.228377e-01
1.128072e+00
8.901293e-01
1.138055e+00
1.315260e+00
1.251951e+00
3.724520e-01
3.814361e+00
1.846110e+00
2.590538e-01
5.346128e-01
1.133451e+00
2.444924e+00
5.207489e+00
3.209312e+00
1.460804e+00
2.294332e+00
6.221060e-01
2.025698e+00
5.246185e+00
1.344457e+00
1.381973e+00
7.964994e-01
6.431421e-01
9.078502e-01
9.803247e-01
8.035522e-01
2.131907e-01
5.340231e-01
4.257029e+00
5.540167e-01
1.001418e+00
1.843798e+00
2.812541e+00
4.519970e-01
4.259186e-01
6.407647e-01
5.936847e-01
4.425407e-01
1.679580e+00
2.437941e+00
1.692314e+00
3.070697e-01
1.176378e+00
9.033877e-01
1.001839e+00
2.405263e-01
4.498965e-01
2.536650e+00
1.966475e+00
2.110273e-01
1.573305e+00
2.528090e+00
1.450968e+00
1.545838e+00
1.662536e+00
7.895409e-01
3.897358e+00
1.065835e+00
1.372386e+00
1.332032e+00
2.975041e+00
1.508349e+00
1.877622e+00
1.833451e-01
1.782888e-01
1.692438e+00
3.136867e+00
1.034261e+00
7.438592e-01
1.095679e+00
3.442781e-01
1.031915e+00
6.729748e-01
7.609065e-01
2.625815e+00
8.449282e-01
7.316655e-01
1.552240e+00
1.668826e+00
3.396216e+00
4.371000e+00
6.265986e+00
2.284874e+00
1.788586e+00
5.086535e-01
1.143027e+00
4.269185e+00
3.294367e+00
1.486332e+00
3.298553e-01
3.411719e-01
1.617318e+00
4.163864e+00
4.607641e+00
3.272063e+00
1.849511e-01
3.166428e+00
4.939980e-01
2.192164e-01
8.634664e+00
7.113754e-01
1.297621e+00
1.727482e-01
9.003298e-01
1.263217e+00
5.517985e-01
9.179096e-01
1.411706e-01
4.380131e+00
4.402406e-01
3.319636e+00
8.126085e-01
5.555845e-01
2.184055e+00
2.991190e-01
2.478905e-01
7.541751e-01
1.856608e-01
2.342126e+00
5.832368e-01
1.278647e+00
6.505335e-01
1.207948e+00
7.007260e-01
4.030409e-01
2.365365e+00
1.069987e+00
2.183247e-01
2.088573e+00
1.122033e+00
6.005844e-01
8.921997e-01
2.242930e+00
3.862022e-01
6.792677e-01
7.352141e-01
3.430624e+00
8.884254e-01
1.115221e+00
7.907501e-01
5.850648e-01
6.214467e+00
3.377912e-01
7.588479e-01
2.142132e+00
1.000451e+00
6.308177e+00
5.174523e-01
6.835598e-01
3.223122e+00
3.598628e-01
2.554592e+00
2.477901e-01
7.088884e-01
7.367199e+00
2.137617e+00
1.707965e+00
3.849755e-01
1.795815e+00
6.682083e-01
2.525072e+00
8.959135e-01
1.505902e+00
3.099574e+00
2.533913e-01
1.578822e+00
9.382491e-01
7.889790e-02
3.783106e+00
9.231711e-01
2.308944e+00
2.212097e-01
3.414714e-01
4.404945e+00
1.039535e+00
5.346966e-01
1.163373e+00
1.101352e-01
7.523756e-01
7.066264e-01
1.367425e+00
2.924517e+00
6.568915e-01
1.414608e+00
3.147328e-01
2.359385e+00
2.177513e-01
3.866868e-01
2.702795e+00
2.669449e-01
1.494320e+00
1.215682e+00
2.751996e+00
1.422080e+00
1.311689e+00
3.201273e+00
3.197078e-01
1.213276e+00
7.732625e-01
3.836795e+00
2.456425e+00
5.321669e-01
7.289707e-01
4.787198e+00
2.873157e-01
2.305726e+00
1.021614e+00
1.530886e+00
1.001808e+00
1.247961e+00
2.075877e+00
1.514131e+00
6.900309e-01
1.981900e+00
3.033836e+00
7.463182e-01
1.237262e+00
5.187533e-01
6.529879e-01
6.981610e-01
1.722583e-01
1.297887e+00
3.096827e-01
2.420574e-01
5.740471e+00
6.799911e-01
5.528615e-01
2.950121e+00
7.905707e-01
3.436502e-01
1.186402e+00
2.172339e-01
7.728260e-01
7.447621e-01
2.257023e+00
7.626973e-01
7.047120e+00
1.727496e+00
3.263571e-01
1.646278e+00
2.411964e+00
9.228987e-01
3.123297e-01
7.447085e+00
1.009175e+00
4.324364e-01
1.343388e+00
1.477222e+00
2.052130e+00
1.591578e+00
2.416103e+00
1.332825e+00
7.823409e-01
1.852166e+00
1.902427e+00
1.586336e+00
6.549381e-01
5.142318e-01
1.547120e+00
1.044818e+00
4.520447e-01
1.643007e+00
1.224562e+00
2.023758e+00
4.044469e+00
1.266171e+00
6.189147e+00
2.638767e+00
6.339314e-01
4.796303e-01
3.093216e-01
1.763655e+00
1.147356e+00
1.073365e+00
6.718625e+00
2.450970e+00
3.342426e+00
6.950317e+00
1.496952e+00
2.459212e+00
1.961458e-01
7.040605e-01
4.610601e-01
1.299478e-01
1.636606e+00
2.190379e+00
1.400110e+00
1.760276e-01
7.735536e-01
1.192069e+00
6.846665e-01
9.880774e-01
2.807413e+00
2.860438e-01
1.054898e+00
4.016755e-01
2.678091e+00
3.530660e-01
9.666309e-01
4.206662e+00
1.456374e-01
1.064339e+00
1.347508e-01
3.214576e+00
7.770123e-01
6.648145e-01
2.846289e-01
1.951898e+00
5.879068e-01
8.118136e-01
1.841648e+00
2.335903e+00
5.397093e-01
1.651854e+00
2.639404e+00
1.121627e+00
2.438118e+00
1.921942e-01
2.461066e+00
2.919249e+00
1.979548e-01
2.057783e-01
5.689863e-01
1.387943e-01
1.293592e+00
1.181783e+00
5.995145e+00
2.704510e+00
4.662522e-01
4.089607e-01
9.385534e-02
2.034309e-01
4.807972e-01
1.190985e+00
8.497651e-01
4.884317e-01
3.872767e-01
1.897297e+00
2.449467e+00
5.577562e+00
8.900758e-02
9.427164e-01
2.333442e+00
1.865321e+00
3.969187e-01
3.467091e-01
8.595431e-01
8.888377e-01
6.160394e-01
6.348149e-01
1.780281e+00
1.145476e+00
4.482910e-01
1.505684e+00
3.502399e+00
4.066720e+00
5.288284e+00
4.404938e+00
3.709954e-01
4.239818e-01
6.165563e+00
1.047028e+00
2.868454e+00
1.039057e+00
1.444142e-01
1.257076e-01
2.426664e+00
6.306327e-01
1.359169e+00
7.569365e-01
3.701007e+00
1.966199e+00
6.636747e+00
2.772276e+00
2.935992e-01
3.525609e-01
2.076078e+00
3.895041e-01
7.660344e-01
1.229881e+00
3.827386e+00
3.605672e+00
7.629378e-01
5.589478e-01
1.453074e+00
5.833150e-01
8.816860e-01
4.199105e+00
4.799998e-01
3.528311e+00
7.981443e+00
3.244238e-01
1.657900e+00
1.900779e-01
1.869092e+00
1.178507e+00
1.553006e+00
3.570421e+00
2.935596e-01
4.822225e-01
7.280452e-01
1.429964e+00
1.133902e+00
1.615472e+00
1.282455e+00
2.510825e+00
6.783699e-01
6.703058e-01
2.955038e-01
2.173871e-01
1.198475e+01
9.433726e-01
4.136088e-01
1.031279e+00
6.846966e-01
3.520692e-01
1.234113e+00
7.863442e-01
7.633824e-01
1.884000e-01
6.116810e-01
1.138853e+00
1.162873e+00
8.937082e-01
1.290703e+00
2.315282e+00
1.677057e+00
1.429299e+00
8.732251e-01
1.510739e+00
3.626798e+00
1.303256e+00
8.265803e+00
1.502188e+00
3.428274e-01
2.577721e+00
8.157254e-01
6.313836e-01
2.722221e-01
5.519787e-01
4.408548e-01
5.948192e-01
1.219721e+00
4.154810e-01
4.133855e+00
7.925758e-01
2.577211e+00
4.481107e+00
1.075381e+00
8.591557e-01
1.728000e+00
7.309247e-01
8.602075e-01
1.261005e+00
6.780264e-01
1.549920e+00
1.014991e+00
1.312667e+00
1.306632e+00
1.852703e+00
6.099905e-01
8.011795e-01
1.148591e+00
1.030345e+00
4.785608e+00
1.902178e+00
5.448736e-01
9.989465e-01
9.344989e-01
8.074767e-01
1.839349e+00
1.389801e+00
3.945999e-01
1.980680e+00
6.031154e-01
5.497450e+00
3.126952e-01
1.863188e-01
1.997699e+00
2.038209e+00
1.473538e+00
1.486451e+00
2.448904e+00
1.089009e-01
7.885690e-01
1.154212e+00
3.359464e-01
1.026739e+00
1.470336e-01
6.824045e-01
1.469567e+00
1.802685e+00
3.705197e+00
4.196673e-01
9.474197e-01
1.088152e+00
7.317394e+00
9.535855e-01
8.805029e-01
1.447860e+00
7.703603e-01
5.506910e+00
9.363126e-01
2.298382e+00
3.429598e-01
1.464730e-01
6.087465e-01
2.464671e+00
2.904499e-01
5.795689e-01
4.641776e+00
1.092222e+00
5.215684e+00
5.166719e-01
3.262469e+00
3.728870e+00
3.851341e-01
2.293301e-01
1.128560e-01
6.655549e-01
8.742189e-01
5.246608e+00
1.033990e+00
2.075540e-01
4.115137e+00
2.690081e+00
2.687898e+00
9.451743e-02
1.352211e+00
2.840395e+00
1.639517e-01
5.257770e+00
1.331510e+01
6.844468e-01
6.129726e-01
5.939686e-01
7.069581e-01
1.110896e+00
5.252134e-01
9.543856e-01
1.087424e+01
2.465889e-01
4.074517e-01
1.813411e-01
3.047912e+00
2.121019e+00
1.093043e-01
1.281936e+00
2.616928e+00
1.196737e-01
4.989981e-01
3.521023e-01
2.078854e+00
1.033866e+00
1.167066e+00
1.505780e+00
1.310374e+00
3.526301e+00
1.858501e+00
1.435322e+00
2.494621e+00
3.651775e-01
1.961185e-01
1.553817e-01
7.281630e-01
6.908316e-01
1.695512e+00
2.058690e+00
7.690807e-01
1.276884e+00
5.063381e+00
8.314533e-01
6.161233e-01
2.030174e+00
1.787735e+00
1.489801e+00
1.089028e-01
8.840356e-01
1.551126e+00
4.451380e-01
9.703284e-01
1.791213e+00
3.885290e-01
5.078084e-01
5.642963e-01
3.127343e+00
1.019778e+00
4.831190e+00
1.165670e+00
3.044301e-01
2.566956e+00
3.074847e-01
1.923106e+00
2.505296e+00
1.146045e+00
7.684233e-01
9.350700e-01
1.290155e+00
3.747999e-01
1.770354e+00
2.659360e-01
3.614605e+00
8.350644e-01
2.204554e-01
1.653776e+00
3.893507e-01
6.299815e+00
9.267928e-02
2.055626e-01
9.270379e-01
7.501618e-01
7.799154e-01
5.867626e+00
8.834509e-01
8.825581e-01
1.169408e+00
5.719523e-01
1.520278e+00
7.717683e-01
2.416076e+00
6.593699e-01
1.035763e+00
2.793137e+00
7.325550e-01
2.814187e-01
3.766138e+00
1.927578e-01
1.130838e-01
5.017705e-01
4.341630e-01
2.573520e+00
1.107956e+00
1.437472e+00
4.391410e-01
1.002061e+00
9.223831e-01
6.764252e-01
3.085236e-01
2.233017e-01
4.799537e+00
2.630106e-01
4.617441e-01
1.230934e+00
2.091148e-01
1.946789e+00
7.432610e+00
2.154631e+00
1.054468e+00
4.734595e-01
5.040326e-01
1.102444e+00
9.805307e-01
2.121831e-01
2.245125e-01
1.424603e+00
6.243736e-01
6.290876e-01
7.675833e-02
1.959462e+00
2.109091e-01
2.687707e+00
1.905829e+00
5.488500e-01
1.410150e+00
1.515624e+00
1.732482e+00
8.716035e-01
1.691409e-01
1.169780e+00
8.167038e-01
2.396872e-01
2.381490e+00
8.637305e-01
4.984414e-01
1.177605e+00
1.814914e+00
1.233800e+00
7.829425e+00
8.870415e-01
7.915773e-01
2.321732e+00
5.875150e-01
4.605435e+00
3.522032e-01
1.050757e+01
3.101005e-01
1.306096e+00
6.425671e-01
2.080298e+00
9.909385e-01
6.115849e-01
1.184895e-01
7.161215e+00
1.395990e-01
2.751479e+00
1.276008e+00
9.733014e-01
2.156734e+00
4.554198e+00
1.474038e+00
6.561586e+00
2.175635e+00
2.423257e+00
1.625952e+00
5.084705e-01
4.153153e+00
3.644486e+00
8.280797e-01
1.298333e+00
1.815382e+00
1.241462e+00
6.071187e-01
4.349545e+00
3.067553e-01
1.353651e+00
1.276116e+00
2.646515e+00
2.836245e+00
7.749456e+00
2.447208e+00
7.529242e-01
2.173931e-01
1.370887e+00
1.979011e+00
1.528366e+00
1.581653e+00
8.172267e-01
2.378440e+00
9.950954e-01
1.309747e-01
8.539520e-01
6.427782e-01
1.868761e+00
3.096449e-01
3.261029e+00
2.752998e+00
1.629499e+00
2.314925e-01
1.394641e+00
3.138704e+00
2.232408e+00
8.175747e-01
5.141164e-01
2.901749e-01
7.211133e-01
1.061577e+00
2.169347e+00
1.605332e+00
8.123156e-01
9.327942e-01
6.529208e-01
1.994365e+00
5.652545e-01
1.423875e+00
3.373632e-01
7.875280e-01
9.582782e-01
1.129624e-01
1.018318e+00
4.322841e-01
4.495679e-01
8.424401e-01
3.928851e+00
2.594063e+00
3.583041e-01
1.071476e+00
1.859389e+00
1.009377e+00
1.317906e-01
1.769322e+00
8.391230e-02
5.095829e-01
3.143846e+00
8.727811e+00
3.814734e-01
1.534991e+00
1.598911e+00
1.978444e+00
8.996946e-01
1.401257e+00
4.297892e+00
4.740117e-02
2.234146e-01
1.520077e+00
1.528845e+00
6.803799e-01
4.423403e-01
1.824137e+00
8.930260e-01
6.873095e-01
1.528914e+00
1.197521e+00
2.286443e+00
7.040121e-01
2.007718e+00
9.931167e-01
3.569146e+00
4.128277e+00
7.482125e-01
1.972685e+00
2.589723e+00
5.507313e+00
2.107344e-01
1.166312e+00
5.319108e-01
1.832158e+00
1.421983e+00
5.212646e+00
3.102956e-01
3.680636e-01
5.130161e-01
2.850666e+00
1.379366e+00
5.146291e-01
1.037048e+00
7.259456e-01
4.495356e-01
1.479627e+00
7.223051e-01
9.334125e-01
1.215111e+00
5.082543e+00
2.144400e+00
1.664579e+00
6.664158e-01
1.808498e+00
1.299999e+00
3.516377e-01
9.698742e-01
2.684013e-01
1.409651e+00
1.751433e+00
2.376380e+00
2.107592e-01
1.121880e+00
2.615626e+00
7.014902e-01
7.502728e-01
9.938142e-01
1.051918e+00
1.170755e+00
9.007257e-01
3.480008e+00
5.678421e-01
6.365126e-01
8.854147e-01
4.192538e-01
1.505637e-01
7.046671e-01
1.253432e-01
1.200837e+00
1.886079e-01
3.617254e+00
1.534583e+00
9.805288e-01
3.094173e+00
1.793347e-01
7.432680e-01
5.415090e-01
1.048640e+00
2.102460e-01
5.424711e+00
3.002247e+00
1.664967e+00
2.676726e+00
1.467390e+00
4.020778e-01
7.116574e-01
8.692332e-01
1.266914e-01
1.995153e+00
8.394323e-01
7.847259e-01
8.086570e-01
1.111370e+00
6.279302e-01
9.549068e-02
8.701621e-01
9.820219e-01
2.050983e+00
1.806558e+00
1.263538e+00
4.409825e+00
3.183063e+00
8.606769e-01
1.509383e+00
1.327285e+00
1.976968e+00
1.612107e+00
7.754851e-01
1.512642e+00
6.442153e-01
2.051816e+00
1.618227e+00
7.905874e-02
1.191612e+00
7.004373e-01
9.770558e-01
8.681994e-01
1.716100e+00
1.033958e+00
2.329241e-01
1.008767e+00
2.025121e+00
1.867038e+00
9.091994e-01
8.742655e-01
9.451552e-01
5.878231e-02
1.558861e+00
1.396136e+00
1.730410e+00
4.112644e+00
4.516169e-01
1.601719e+00
6.467227e+00
1.672327e+00
8.040868e-01
1.256904e+00
1.793361e+00
2.918061e+00
1.388346e+00
5.529912e-01
2.770509e-01
8.980344e-01
5.315738e-01
4.110804e+00
4.054202e+00
8.692122e-01
2.009536e-01
1.483749e+00
1.912998e-01
3.477198e+00
1.637247e+00
2.216870e+00
2.897409e-01
2.865562e+00
4.968170e-01
1.440518e+00
3.729747e-01
5.107473e+00
2.673203e+00
6.881318e+00
1.907663e+00
3.365641e+00
7.793157e-01
8.127308e-01
1.099438e+00
4.288542e-01
2.451232e+00
9.380456e-01
3.373193e+00
3.254505e+00
2.131565e+01
5.905851e-01
1.925999e+00
5.115164e-02
2.780021e-01
2.011802e+00
1.248904e+00
2.451010e+00
1.777968e+00
2.300886e-01
1.053595e+00
4.616767e-01
7.657619e-01
2.288237e+00
1.149203e+00
5.161823e+00
3.306893e-01
1.625645e-01
1.024652e+00
4.750328e-01
4.139011e+00
1.762483e+00
8.734878e-01
1.199910e+00
1.330640e+00
2.458992e+00
2.477566e+00
1.305755e+00
4.055677e-01
2.979727e+00
5.770627e+00
1.374016e+00
1.501024e+00
7.901987e-01
2.761417e+00
4.479166e-01
2.377477e-01
7.697422e-01
2.351272e-01
2.850499e+00
6.582448e-01
1.433965e+00
1.485453e+00
3.761816e-01
6.590629e-01
5.182088e-01
7.505475e-01
7.175780e-01
9.277561e-01
6.043162e+00
3.337024e-01
1.866565e-01
2.718335e+00
8.765185e-01
3.964762e+00
7.422862e-02
1.272741e+00
8.787124e-01
3.052417e+00
8.536082e-01
1.468275e+00
7.971951e-01
1.078619e+00
2.109159e+00
4.929206e-01
3.081043e+00
1.403545e+00
1.601770e+00
2.272294e+00
4.690379e-01
7.837376e+00
1.854443e+00
2.013265e+00
9.583483e-01
2.178480e+00
5.933791e-01
2.576124e+00
1.724629e+00
2.301819e+00
4.463931e-01
1.306111e+01
2.042164e+00
5.033744e+00
9.470847e-01
3.129575e-01
3.535618e-01
2.408564e-01
2.752120e-01
5.482707e-01
1.965828e+00
7.943169e-01
9.505234e-01
1.639954e+00
1.935488e+00
5.956616e-01
3.016516e-01
3.398380e-01
1.181912e+00
6.407936e+00
7.832292e-01
2.313300e+00
6.526647e-01
4.336224e-01
2.007967e+00
5.341772e-01
6.782848e-01
1.260401e+00
3.841747e-01
5.720123e-01
4.826455e+00
1.559907e+00
6.458740e-01
6.620935e+00
3.580673e-01
8.237561e-01
1.215545e+00
8.011511e-01
6.153348e-01
1.417058e+00
1.403056e+00
4.413573e+00
2.895100e+00
1.057484e+00
6.591383e-01
7.980460e-01
8.146843e-01
1.436836e+00
6.049158e+00
1.142261e+00
1.543376e+00
2.314910e+00
3.190893e-01
2.056990e+00
5.662490e-01
1.001371e+00
1.078501e+00
5.418534e-01
1.927078e+00
7.536422e-01
1.302307e+00
1.733534e+00
6.465478e-01
1.633603e+00
4.456816e-01
5.123363e-01
4.396349e-01
9.067187e-01
1.318288e+00
5.569195e-01
1.196696e+00
3.920701e-01
9.392943e-01
1.828505e+00
2.293836e+00
4.996625e-01
2.212853e-01
5.422363e+00
2.510330e+00
4.775095e+00
9.711662e-01
3.509561e-01
3.072737e-01
1.323328e+00
2.510676e+00
1.831790e+00
5.120437e+00
2.681881e+00
1.991771e+00
2.529861e+00
8.747265e+00
3.055859e+00
7.187657e-01
4.268214e-01
2.673620e+00
3.044228e-01
1.414268e+00
4.665966e-01
1.670492e+00
3.963576e-01
8.388496e-01
1.648885e+00
2.457175e+00
3.186983e+00
1.271283e+00
2.871164e-01
9.628458e-01
4.211707e-01
3.650797e+00
1.142540e+00
1.065733e+00
2.221909e+00
1.332971e+00
1.009274e+00
2.607305e-01
1.269350e+00
5.117934e-02
2.106886e+00
2.744796e+00
6.589501e+00
1.051892e+00
4.027755e-01
1.517457e+00
1.592839e-01
5.389355e+00
6.681346e-01
1.916809e+00
3.206683e+00
6.669888e-01
5.737266e-01
1.361304e+00
8.478518e-01
8.706133e+00
8.931818e-01
1.108768e+00
5.815578e-01
1.309600e+00
6.147602e+00
3.745786e-01
2.423125e-01
1.342106e+00
3.150380e+00
2.837728e+00
1.664076e+00
6.944037e-01
6.646359e+00
1.797289e-01
1.571188e+00
5.045887e+00
1.161686e+00
2.030240e+00
9.554843e-01
1.501004e+00
4.595206e-01
4.006863e-01
8.501031e-01
1.125949e+00
6.561597e+00
3.554523e-01
3.081988e+00
1.224202e+00
1.409156e-01
2.510189e-01
2.421039e+00
1.019554e+00
9.812754e-01
1.576770e-01
9.632214e-01
2.238360e+00
3.331417e-01
1.543805e+00
1.512581e+00
9.419253e-01
7.675143e-01
1.274295e+00
9.087867e-01
1.419954e+00
3.044045e-01
7.438007e-01
1.262490e+00
2.202956e+00
2.092269e+00
4.218314e-01
2.937757e+00
1.020797e+00
4.034928e-01
2.453139e-01
1.039235e-01
5.153963e-01
3.808048e+00
4.505618e+00
2.389287e+00
1.001520e+00
1.675482e+00
2.839730e+00
1.092117e+00
9.333376e-02
1.185455e+00
8.023406e-01
1.208999e+00
4.810773e-01
1.660706e+00
5.762086e-01
4.937609e-01
4.541964e-01
1.500531e+01
1.369104e+00
3.211849e-01
1.509252e+00
1.962193e+00
4.762466e+00
1.853730e+00
9.640598e-01
4.182047e+00
5.816548e-01
2.252908e+00
8.865171e+00
7.582475e-01
1.850964e+00
4.765903e+00
6.772562e-01
2.971606e+00
4.208167e-01
2.830700e+00
6.783352e-01
1.104211e+00
8.452235e-01
5.879528e-01
4.780498e-01
5.148582e-01
2.217271e-01
4.715988e-01
2.373032e+00
2.716494e+00
9.375000e-01
1.895892e+00
1.552148e+00
1.234507e+00
4.189116e+00
2.727769e+00
1.465027e+00
1.774234e+00
8.825348e-01
5.340265e-01
1.106720e+00
2.295837e+00
3.604323e-01
6.142667e-01
4.607563e-01
1.631222e+00
4.887373e-01
1.747361e+00
3.970102e-01
1.695201e-01
3.028995e+00
1.776969e+00
3.292998e+00
9.069622e-01
1.720546e-01
1.512613e-01
2.206796e+00
4.263512e-01
6.032925e-01
3.988704e-01
1.042355e+00
2.178507e+00
1.061930e+00
5.493687e-01
1.627221e+00
3.576544e-01
7.586275e+00
6.566531e-01
6.588347e-01
4.120008e-01
9.695518e-01
1.032955e+00
7.356394e-01
2.362639e+00
5.512066e-01
2.791310e+00
3.189783e-01
8.673262e-01
5.737991e-01
6.194682e-01
8.361503e-01
6.829113e-01
7.311868e-01
8.356601e-01
1.779202e+00
2.869215e-01
1.175962e+00
9.935962e-01
1.217927e-01
1.508446e+00
5.941447e+00
1.435529e+00
3.206393e-01
1.243150e+00
4.034402e-01
7.319275e-01
1.545530e+00
1.725910e+00
1.073517e+00
2.865235e-01
6.853959e-01
1.072699e+00
6.841730e-01
1.262481e+00
2.280604e+00
2.765562e+00
1.103331e-01
1.008424e+00
1.328521e+00
8.843255e-02
1.954687e+00
6.106372e-01
1.041411e+00
4.527252e-01
7.264508e-01
1.445305e-01
5.549944e+00
6.034760e+00
1.118129e+00
2.175593e-01
5.789135e-01
4.784337e-01
1.513353e+00
2.893326e+00
3.762257e-01
1.074358e+00
3.237583e+00
1.019378e+00
1.584337e-01
4.450560e-01
1.130414e+00
7.900377e+00
6.475089e-01
2.224488e+00
2.221581e-01
4.911220e-01
1.426000e+00
1.007685e+00
1.293661e-01
5.178692e-01
4.716074e-01
1.449248e+00
1.208080e-01
1.109739e+00
4.883242e-01
3.174704e+00
3.151590e+00
7.069498e-01
7.061223e-01
4.976392e-01
1.137023e+00
6.824684e-01
2.153513e+00
5.800463e-01
1.390476e+00
2.414289e+00
7.077004e-01
3.283034e-01
2.790525e+00
8.960395e-01
6.184639e+00
1.932145e+00
9.339522e-01
5.166024e-01
1.863207e+00
6.420077e-01
8.411327e-01
1.207336e+00
6.316361e-01
2.093722e+00
5.752429e-01
1.279265e+00
1.138307e-01
4.219443e-01
1.245769e+00
3.877740e-02
8.121520e-01
1.498475e-01
4.100768e-01
4.710151e-01
1.164259e+00
4.611309e-01
7.383873e-01
5.474978e-01
6.409131e-01
2.076960e-01
1.504841e+00
2.092011e+00
8.361791e-01
9.163042e-01
9.718602e-01
1.357014e+00
7.697968e-01
5.078006e-01
5.636080e-01
4.779483e-01
3.576142e+00
3.674866e-01
7.012206e-01
1.632702e+00
6.442262e+00
6.317035e-01
7.804534e-01
1.517036e-01
1.559865e+00
1.092541e+00
2.709400e-01
7.166630e-01
8.909540e-01
3.077467e+00
3.669580e+00
8.852246e-01
4.685648e+00
9.535439e-01
1.452990e+00
5.691377e-01
1.108705e+00
3.729402e-01
1.921298e+00
6.877480e+00
1.526708e-01
8.856351e-01
7.377423e-01
5.152789e-01
2.210241e-01
1.066311e+00
1.158220e+00
2.314580e+00
2.078640e+00
1.315513e+01
1.974668e-01
2.945551e+00
1.157547e+00
4.090018e-01
8.594547e-01
1.298959e+00
4.039250e+00
2.571333e+00
6.560500e-01
8.635871e-01
3.327556e+00
9.590187e-01
1.640794e+00
3.154358e-01
1.333009e+00
2.929947e+00
2.147904e-01
9.752745e-01
2.936334e-01
9.957583e-01
7.007646e-01
1.204099e+00
2.151913e+00
7.404392e-01
1.503183e+00
1.957022e+00
1.016371e+00
9.316245e-01
2.261778e+00
1.582983e+00
8.262237e-01
2.608012e+00
8.232859e-01
1.133604e+00
2.477760e+00
2.056837e+00
7.771613e-01
7.634822e+00
8.514394e-01
5.846783e-01
3.622331e-01
1.280718e+00
3.010917e+00
1.632930e+00
2.708452e+00
4.485089e-01
4.458371e+00
5.837809e-01
3.070322e+00
2.069501e+00
5.418886e-01
1.050339e+00
1.184049e+00
3.331342e-01
1.113711e+00
3.376517e+00
3.571185e-01
4.426275e+00
1.920979e+00
6.229049e-01
9.698300e-01
2.028678e+00
9.256921e-01
3.805488e-01
2.136491e+00
5.964534e-01
5.582771e-01
1.818104e+00
2.077684e+00
8.082374e-01
3.863959e-01
1.995777e+00
1.837542e+00
2.546430e+00
2.760701e-01
1.919749e+00
2.205610e-01
1.857994e+00
5.131294e-01
9.329349e-01
1.927690e+00
1.318528e+00
8.002623e-01
2.183005e-01
2.442166e+00
7.679672e+00
1.208714e+00
6.995130e-01
4.640818e-01
5.143508e-01
4.861320e-01
4.349457e-01
2.845963e+00
5.453895e-01
4.942724e-01
2.898288e+00
7.926153e-01
2.098814e-01
1.686125e+00
3.578890e-01
1.083219e+00
1.375576e+00
2.118480e+00
3.488340e-01
2.529746e-01
1.228124e+00
4.117339e-01
7.664787e-01
5.397849e-01
4.757226e-01
1.334646e+00
2.304285e+00
3.534440e+00
6.153625e-01
2.744382e-01
8.422239e-01
1.186747e+00
1.099194e+00
9.541047e-01
7.862770e-01
7.581752e-01
9.412989e+00
9.973386e-01
2.796078e-01
1.927920e+00
1.190011e+00
5.473295e-01
5.870706e-01
4.940137e+00
5.949284e-01
5.263505e-01
1.373453e+00
1.493408e-01
3.049226e-01
1.517668e+00
8.711147e-01
3.996790e-01
1.630995e+00
9.806524e+00
8.046974e-01
9.984938e-01
1.200016e+00
5.352787e-01
3.555055e-01
5.198556e-01
3.207516e-01
4.499623e-01
2.436792e-01
1.135220e+00
1.057466e+00
3.335866e-01
2.501485e+00
4.781908e+00
6.244010e-01
2.959161e-01
1.274312e+00
7.041868e+00
4.738343e-01
1.967078e+00
1.001130e+00
6.748713e-01
7.729931e-01
2.153381e+00
1.402566e-01
1.558435e+00
2.656865e-01
1.885768e+00
7.618995e+00
2.136832e-01
2.456602e-01
5.398064e-01
1.165900e+00
2.846723e+00
1.352053e+00
4.606799e-01
5.727055e+00
3.919990e-01
2.923123e-01
2.061956e+00
1.304167e+00
7.791786e-01
4.007337e-01
3.373408e+00
8.162692e-01
9.530182e-01
2.571722e-01
2.688015e-01
2.923686e+00
5.829716e-01
8.223039e-01
3.461971e-01
6.058283e-01
7.298354e-01
1.696625e+00
3.160599e-01
1.219517e+00
3.752745e-01
8.162019e-02
6.879511e-01
6.796832e-01
1.077978e+00
1.337426e+00
1.850833e-01
1.286569e+00
6.794249e-01
7.945099e-01
7.338626e-01
4.783959e-01
1.025113e+00
8.878062e-01
5.194474e+00
1.634214e+00
5.832905e+00
2.200907e+00
2.580472e+00
3.276914e+00
4.418512e-01
1.079492e+00
1.296070e+00
5.033428e+00
6.930918e-01
4.167360e+00
8.237345e-01
4.311128e-01
6.659094e-01
2.152890e+00
4.357355e+00
2.191529e+00
4.625518e-01
3.703148e-01
6.008353e-01
4.685992e-01
8.889978e-01
5.875714e+00
2.331352e-01
1.011460e+00
3.617371e-01
9.297235e-02
2.595705e+00
1.581472e+00
7.520956e-01
2.154197e+00
5.117286e-01
5.234180e-01
2.366025e+00
9.286774e-01
1.636203e+00
1.874733e+00
1.414076e+00
3.300197e-01
5.604733e-01
6.032979e-01
2.636711e+00
3.778189e+00
2.889353e-01
1.210805e+00
3.866922e-01
5.997016e-01
5.260283e-01
6.258160e+00
6.425579e-01
9.917716e-01
1.734398e+00
1.376809e+00
2.743239e+00
2.038798e+00
8.087106e-01
6.850428e-01
1.699113e+00
3.826337e-01
1.087280e+01
3.018665e-01
1.165911e+00
9.651843e-01
4.976629e+00
1.084532e+00
7.138309e-01
4.617830e+00
5.584392e-01
7.195473e+00
2.172623e+00
5.146522e-01
1.176462e+00
7.937836e-01
6.739588e+00
5.129458e-01
1.097421e+00
9.365020e-01
1.018190e-01
5.741789e+00
1.431340e+00
1.389717e+00
8.734694e-01
2.011035e+00
1.691906e-01
1.134819e+00
2.169356e+00
1.468343e+00
5.776391e-01
1.718156e+00
1.897029e+00
1.244609e+00
1.366719e+00
4.231194e-01
7.641491e-01
1.296192e+00
1.157863e+00
1.553893e+00
2.045098e-01
2.158098e+00
6.108894e-01
4.470010e-01
9.518714e+00
2.452659e+00
4.810367e+00
4.256973e-01
3.527882e+00
1.283243e+00
6.285196e+00
1.281201e+00
2.854118e-01
8.918078e-01
2.509676e+00
3.562537e+00
1.611036e+00
1.601502e-01
3.548613e+00
1.777614e+00
6.290398e-01
3.714638e-01
2.971688e+00
3.103306e-01
2.816599e+00
3.398653e+00
8.751707e-01
2.789167e+00
1.984194e-01
5.844261e-01
6.500073e-01
4.326989e-01
1.154449e+00
1.400816e-01
7.148271e-01
9.301760e-01
2.824531e+00
8.068782e-01
9.496546e-01
4.405186e+00
4.983050e-01
3.888898e-01
6.477244e+00
1.143536e+01
4.872747e-01
1.134648e+00
1.798627e+00
8.369122e-01
1.555546e+00
4.834974e-01
5.066371e+00
1.654398e+00
6.446979e-01
2.501497e+00
1.181678e+00
4.415413e-01
8.237732e-01
1.012317e+00
2.987038e-01
2.019091e+00
2.776646e+00
3.966849e-01
3.127344e-01
1.497263e+00
1.669056e+00
9.432809e-01
2.100900e+00
1.686314e-01
5.539783e-01
1.654436e+00
1.884562e+00
9.011366e-01
1.341574e+00
2.140915e-01
2.384769e+00
4.382405e+00
4.129647e-01
5.448080e-01
8.714943e-01
2.025488e+00
1.128139e+00
8.719555e-01
1.333345e+00
4.690046e+00
1.171064e+00
1.736161e+00
1.405366e-01
8.469750e-01
5.228103e-01
9.915230e-01
1.492457e+00
1.289476e+00
2.508767e-01
1.089313e+00
3.454732e+00
9.320842e-01
1.627045e+00
9.138624e-01
6.985779e-01
7.086710e-01
1.203775e+00
1.725520e-01
4.668928e-01
2.894542e-01
6.639831e+00
3.603274e-01
9.481952e-01
2.869638e+00
4.433344e-01
1.245905e+00
6.345019e-02
2.094877e-01
2.404376e-01
4.450745e+00
6.859423e-01
5.074723e-01
8.678906e-01
1.738614e+00
3.497831e-01
8.097955e-01
5.200505e-01
2.886281e+00
3.139352e-01
7.244685e-01
1.663499e+00
3.588983e+00
2.436023e+00
5.216999e+00
7.920764e-01
8.123422e-01
5.249570e-01
2.310069e-01
1.558609e+00
2.958066e-01
6.415071e-01
4.604691e+00
3.875027e+00
2.931732e+00
2.825169e+00
7.405091e-01
5.122697e-01
1.105699e-01
1.183886e+00
2.075433e+00
1.822582e+00
2.158676e+00
3.584727e-01
2.204314e+01
1.071496e-01
7.672280e-01
1.036480e+00
2.547411e+00
1.009091e+00
1.728844e+00
7.143661e+00
5.233068e-01
9.410778e-01
2.268099e+00
3.813640e-01
4.383442e-01
1.577173e+00
6.315489e-01
6.543812e-01
1.132011e+00
1.204482e+00
1.335264e+00
1.749252e+00
1.794321e-01
9.520118e-01
3.308989e+00
4.302902e-01
1.003806e+00
1.248111e+00
8.495936e-01
2.290771e-01
1.050648e+00
2.641842e+00
7.810081e-01
3.085965e+00
4.201096e+00
1.642860e+00
2.903460e-01
2.948424e-01
7.033815e-01
4.097329e-01
7.137523e-01
9.601561e-01
9.082821e-01
5.747676e-01
5.026021e-01
3.310878e+00
1.448694e+00
1.805112e+00
2.490386e-01
1.605426e+00
1.015111e+00
4.320781e-01
3.837078e+00
1.671858e+00
4.401426e+00
4.489595e+00
4.677102e-01
8.531247e-01
3.567315e-01
2.737712e-01
3.550068e+00
2.329178e+00
6.270561e-01
4.402062e-01
8.275836e-01
4.860514e+00
7.033145e-01
1.270606e+00
4.665327e-01
1.427017e+00
4.152051e+00
2.454997e-01
8.775041e-01
1.854892e+00
1.485875e+01
1.118243e+00
6.113418e-01
2.241962e+00
9.960913e-01
3.433750e-01
1.515907e+00
9.574181e-01
3.459375e+00
2.172883e+00
1.084971e+00
1.358561e+00
1.026461e+00
5.889435e-01
1.450820e+00
9.287991e-01
3.129881e-01
8.831784e+00
2.583101e-01
2.205608e-01
1.096816e+00
1.801076e-01
8.480851e-01
2.923963e-01
1.309766e+00
3.622033e+00
1.177052e+00
1.052311e+00
5.350011e+00
4.201751e-01
1.997075e+00
1.306455e+00
1.082531e+00
6.939063e-01
8.569233e-02
9.113711e-01
2.835394e-01
4.390936e-01
2.291815e-01
4.139233e-01
4.782318e-01
3.982031e-01
7.204477e-01
7.150904e-01
1.413161e-01
1.155795e+00
1.868467e+00
1.170090e+00
4.790095e-01
9.256557e-01
1.188188e+00
2.595914e-01
1.148267e+00
3.700922e-01
9.209458e-01
1.228227e+00
6.906472e-01
9.529357e-01
2.101025e+00
1.558733e+00
3.713507e-01
4.728114e-01
2.903087e+00
3.391049e-01
5.992868e-01
3.966619e+00
3.249938e-01
1.535870e+00
7.326929e-01
2.485111e-01
4.059439e-01
1.678691e+00
1.350257e+00
7.306038e-02
1.196873e+00
2.294343e+00
4.269791e+00
1.884491e+00
5.029716e+00
1.820021e+00
1.687711e+00
8.025507e-01
2.998265e+00
1.030209e+00
6.822597e-01
3.320295e+00
4.539017e+00
8.385467e-01
4.074599e-01
1.800849e-01
1.146674e+00
2.447344e+00
1.045295e+00
3.185758e-01
3.431745e+00
2.950426e-01
1.243044e-01
2.264958e+00
5.829523e-01
1.892915e-01
5.950680e-01
5.238686e+00
7.228261e-01
3.617889e+00
2.326180e+00
1.200608e+00
6.615602e-01
2.237532e+00
1.302948e-01
4.477271e+00
2.325210e-01
1.182923e+00
7.232543e-01
5.417876e-01
9.483832e-01
3.027506e+00
5.128178e-01
1.715333e+00
3.549691e-01
4.227751e+00
3.956127e-01
9.648859e+00
3.385027e+00
1.990009e+00
6.002070e-01
7.986118e-01
1.387890e+00
6.623428e-01
4.316502e-01
3.251703e-01
3.089059e-01
6.210778e+00
2.732445e-01
4.953049e-01
2.407732e+00
9.397723e-02
4.184673e-01
5.560014e-01
2.256707e+00
6.634490e-01
1.625194e+00
4.123721e-01
6.570491e-01
1.032544e+00
1.160999e+00
1.869106e+00
1.042546e-01
1.004017e+01
1.125986e+00
1.794921e+00
3.460805e-01
5.273855e-01
7.384400e-01
5.995647e-01
6.148045e+00
5.545160e-01
6.607175e-01
6.722157e-01
6.259007e-01
5.440393e-01
9.781717e-01
5.777525e-01
2.571696e-01
1.239517e+00
8.862740e-01
3.145859e-01
3.549466e+00
2.392496e+00
4.261016e+00
2.065396e+00
8.052486e-01
3.302512e-01
5.233268e-01
2.820610e+00
1.813051e+00
1.079431e+00
5.551565e-01
4.241276e-01
7.858995e-01
1.738164e+00
1.198197e+00
6.981845e-01
1.759704e+00
1.444937e+00
1.346209e+00
2.023827e+00
1.938929e+00
3.520647e+00
1.907942e+00
4.347701e-01
5.265783e-01
1.327305e+00
9.503909e-01
3.814739e-01
2.595527e+00
3.573992e-01
1.679140e+00
2.135125e+00
4.753105e-01
4.830157e-01
2.015078e+00
2.310902e+00
9.390034e-01
1.283978e+00
1.123006e+00
3.705891e-01
1.190346e+00
1.254029e+00
5.924416e-01
5.158241e-01
4.992747e-01
2.979783e+00
6.562146e+00
4.948404e+00
7.748868e-01
2.527657e-01
1.916381e+00
1.049181e+00
7.197171e-01
3.249893e+00
4.930121e+00
1.525310e+00
5.078839e-01
2.877478e-01
8.139624e-01
5.836516e-01
2.987178e+00
9.115138e+00
6.396645e+00
2.438016e+00
1.711693e+00
3.442544e-01
1.784925e+00
1.104836e+00
4.281093e-01
1.334643e+00
5.358899e-01
5.056474e+00
2.108062e-01
2.131200e+00
2.491511e-01
1.247101e-01
7.601989e-01
2.810041e+00
1.121387e+00
2.182021e+00
4.591965e-01
3.624355e+00
1.520034e+00
2.293653e+00
1.835361e+00
8.527367e+00
6.329654e+00
4.224204e+00
7.918168e-01
5.449466e+00
2.113777e+00
9.091377e-01
1.881706e-01
1.117096e+00
4.989635e-01
7.879459e-01
5.982335e-01
2.977084e-01
4.140264e+00
2.584331e+00
2.765025e+00
6.672825e-02
8.459657e-01
3.802022e-01
7.514964e-01
1.247806e+00
1.889049e+00
3.002803e-01
2.256843e-01
2.739591e-01
6.779613e-01
3.317855e-01
1.772974e+00
4.072112e-01
3.496111e-01
4.575801e+00
1.288278e+00
3.275181e-01
3.455725e-01
8.933675e-01
1.164298e+00
6.134728e-01
8.707814e-01
2.621829e+00
2.929183e-01
1.009394e+00
9.792181e-01
1.889313e+00
2.494304e+00
5.106360e-01
1.722532e+00
6.715389e+00
1.838892e-01
1.265897e+00
1.428617e+00
1.044500e+00
3.290590e+00
1.136638e+00
6.914457e-01
1.293601e+00
2.412909e-01
1.136226e+00
9.644322e-01
1.073890e+00
6.932864e+00
1.978020e+00
1.866699e+00
1.438919e+00
2.831592e+00
7.022913e-01
3.208585e+00
5.133143e-01
1.116011e+00
5.716671e-01
1.732954e+00
1.639009e+01
3.671346e+00
2.398842e+00
6.152670e-01
3.734187e+00
7.279887e-01
7.285704e-01
1.603949e+00
7.758166e-01
9.918148e-01
1.269303e+00
1.438617e+00
1.406829e+00
2.628247e+00
1.371247e+00
4.183153e-01
3.366104e+00
3.907538e-01
1.369605e+00
5.320539e+00
1.238058e+00
9.187296e-01
1.189923e+00
3.670571e+00
6.523552e-01
3.994499e-01
1.072448e+00
8.990964e-01
3.916875e-01
1.019136e+00
6.265440e-01
1.374157e+00
2.996577e-01
1.276135e+01
2.205494e-01
1.355618e+00
2.818686e-01
3.432894e-01
2.761078e+00
1.029633e+00
1.701904e+00
4.426689e-01
1.116947e+00
4.107687e+00
1.014847e+00
1.262171e+00
9.698310e-01
1.313929e+00
1.098395e+00
7.910070e-01
1.627929e+00
1.953418e+00
7.938500e+00
1.765081e+00
2.370846e-01
1.014141e+00
9.476941e-01
9.203361e-01
1.943597e+00
2.610920e-01
2.082163e-01
1.411168e+00
6.531867e-01
4.224566e+00
7.064068e-01
4.833321e-01
1.547041e+00
1.983339e-01
1.288200e+00
8.135300e-01
1.290191e+00
1.837340e-01
6.151523e-01
4.368303e-01
1.941290e+00
6.421856e-01
3.273235e+00
1.924120e+00
4.076778e-01
3.038287e-01
9.456943e-01
1.725318e+00
6.780459e-01
8.402924e+00
7.588284e-01
1.615009e+00
2.236703e+00
7.166506e-01
4.762503e-01
1.078030e+00
3.981737e-01
1.514037e+00
8.543697e-01
6.821316e+00
1.621673e+00
1.160553e-01
4.447192e-01
2.351350e+01
3.819049e-01
