3.131483e+00
2.943652e-01
1.494402e+00
4.233705e+00
1.112151e+00
1.168592e+00
9.360989e-01
5.439268e-01
4.320095e+00
2.208908e+00
3.915341e-01
7.898482e-01
1.055631e+00
1.463656e+00
6.222302e-01
1.776211e-01
2.360438e-01
7.264087e-01
6.805233e-01
2.494360e+00
6.326649e-01
9.274417e-01
8.402290e-01
8.434118e-01
3.641873e+00
1.696900e-01
3.596272e+00
2.119190e+00
8.713740e-01
5.385358e-01
5.239844e+00
5.492632e+00
1.625571e+00
2.196586e-01
1.461481e+00
5.352330e+00
6.748964e-01
7.875322e-01
1.099655e+00
2.919576e+00
4.009818e+00
2.539664e-01
9.317259e-01
1.475626e+00
3.427601e+00
2.477615e+00
1.250380e+00
1.169656e+00
1.362246e+00
3.321243e-01
1.294049e+00
3.135780e+00
6.046794e-01
3.101354e-01
9.263555e+00
1.250574e+00
1.301796e+00
1.645101e+00
1.741829e+00
6.154032e-01
3.902867e-01
1.357906e+00
7.697346e-01
3.480391e-01
9.735198e-01
5.249292e-01
1.096667e+00
3.183918e-01
6.661309e-01
7.020101e-01
1.020830e+00
9.085109e-01
3.995037e+00
1.480306e-01
1.688502e+00
2.261273e-01
5.145522e-01
1.761636e+00
8.679884e-01
1.163614e+00
5.139189e-01
2.946745e-01
1.126677e+00
2.328936e-01
6.344770e-01
8.004458e-01
4.462405e-01
1.394985e+00
1.319377e+00
2.785228e-01
1.738346e-01
3.302846e+00
4.434500e+00
8.876863e-01
4.822857e+00
3.297585e+00
7.575378e-01
5.596628e-01
6.527066e-01
6.498184e-01
9.815122e-01
7.708364e-01
1.240017e+00
5.468122e-01
4.212387e-01
1.969234e+00
1.380619e+00
4.597664e-01
3.929686e+00
2.481470e-01
1.727113e+00
2.332801e-01
1.030132e+00
1.053724e+00
7.817934e-01
6.293330e-01
2.479983e-01
5.725327e-01
2.813523e+00
3.873852e-01
4.028644e-01
5.023302e-01
1.067238e+00
5.262606e-01
6.573651e-01
2.481616e+00
3.599967e+00
2.145361e-01
1.775606e-01
3.885264e-01
1.377688e+00
8.356680e-01
6.310626e+00
2.958898e+00
2.316531e+00
6.406536e-01
1.676661e+00
4.293949e-01
5.535628e-01
1.635563e+00
4.803606e-01
1.277712e+00
1.843191e+00
1.867503e+00
1.314931e+00
3.099554e+00
1.171762e+00
3.790967e+00
1.736312e+00
1.546386e+00
2.986768e+00
2.854439e+00
7.573182e-01
3.250082e+00
1.107549e+00
5.250839e-01
1.678089e+00
4.692282e-01
8.782456e-01
2.109562e+00
3.804933e-01
7.081076e-01
1.501024e+01
5.046632e-01
5.270762e-01
2.260269e-01
4.977687e-01
7.353681e-01
8.209170e-01
3.270951e+00
1.623642e+00
4.282505e-01
5.079627e-01
4.523726e+00
9.618084e-01
2.418516e+00
1.922875e+00
8.515613e-01
2.049892e+01
7.511884e-01
2.473866e-01
5.706255e-01
7.315240e-01
6.304694e+00
4.964921e-01
9.311879e-01
1.929451e+00
1.337255e+00
8.565928e-01
1.461185e+00
1.106450e+00
7.095773e-01
1.633687e+00
8.481842e-01
3.552491e-01
2.969777e-01
6.786287e-01
2.765529e-01
4.255908e-01
7.149538e-01
1.908489e+00
4.879563e+00
1.988029e+00
2.634664e+00
2.373887e-01
2.693334e+00
1.499388e+00
2.466426e+00
1.127220e+00
1.104349e+00
6.141313e+00
3.023050e+00
1.132714e+00
5.850249e-01
5.411322e+00
1.427557e+00
8.153584e-02
7.839389e+00
1.060031e+00
4.919722e-01
2.527545e-01
9.609836e-01
1.100595e+00
1.436622e-01
1.315258e+00
4.024448e+00
7.100817e-01
1.132694e-01
1.327059e+00
3.520385e-01
2.069241e+00
2.831255e-01
2.371553e+00
2.137566e+00
1.488865e+00
1.772454e+00
7.707435e-01
9.611128e-01
5.721919e-01
1.561076e+00
1.332256e+00
9.942588e-01
1.634880e+00
8.026517e-01
1.179921e+00
2.158585e+00
9.428809e-01
2.376858e+00
7.557331e-01
1.180046e+00
3.452966e-01
1.979092e+00
3.035324e-01
6.819944e-01
1.771243e-01
3.146079e-01
1.523740e+01
4.652659e-01
6.232917e-01
1.518120e-01
2.156090e+00
3.174843e+00
4.895249e+00
7.054878e-01
5.320203e+00
2.564836e-01
1.460272e+00
6.372472e-01
1.629017e+00
3.662352e+00
1.404579e-01
7.172420e-01
3.791657e-01
1.074811e+00
6.837236e-01
7.433337e+00
1.172747e+00
5.876455e-01
8.230938e-01
3.934335e-01
2.253613e-01
2.421706e-01
3.436269e-01
2.088725e+00
2.150343e+00
6.555962e-01
6.942992e-01
3.484908e-01
2.002051e-01
6.544071e-01
9.391269e-01
5.406315e-01
6.443547e-01
1.985593e-01
4.141591e+00
3.137816e+00
4.964650e+00
2.095411e-01
1.194165e-01
8.340908e-01
2.392464e+00
4.357827e-01
1.004378e+00
2.334374e-01
1.486997e+00
7.183423e-01
7.361310e-01
4.217237e-01
1.976872e+00
3.232896e-01
4.203638e+00
4.322120e+00
2.717975e-01
5.661870e-01
4.110662e-01
1.286814e+00
2.154761e+00
2.112191e-01
3.914183e-01
2.230556e+00
2.725252e+00
4.536203e+00
5.462202e-01
7.205191e-01
2.934240e+00
4.089131e-01
7.202660e-01
4.502712e-01
2.072381e+00
3.308986e+00
1.010328e+00
2.725882e-01
1.810689e+00
5.071046e-01
2.767574e-01
7.448113e-01
1.486380e+00
1.821818e+00
9.597286e-01
4.624793e-01
3.788999e-01
2.105958e+00
8.804879e-01
9.428071e-01
4.351835e-01
5.164640e-01
1.213531e-01
1.109442e+00
1.983384e-01
5.679337e-01
6.745143e-01
6.494635e-01
2.428251e+00
5.028724e-01
4.203999e+00
2.656204e-01
1.325840e+00
7.681765e-01
1.122440e+00
1.642586e+00
3.041549e+00
1.733714e+00
1.702245e-01
1.825095e+00
3.320909e-01
2.148146e+00
1.474567e-01
4.513069e+00
2.040117e+00
1.036133e-01
1.318628e+00
1.375740e+00
2.715953e+00
4.702840e-01
1.852489e-01
1.955700e+00
1.526750e+00
2.179308e+00
9.423733e-01
7.122911e-01
4.271704e-01
1.004210e+00
4.005238e-01
9.071379e-01
7.118099e-01
2.174751e-01
7.895958e-01
5.886478e-01
2.186415e+00
1.758219e+00
7.176950e-01
3.295718e-01
1.731282e+00
3.439432e-01
3.172212e+00
1.592026e+00
2.977452e-01
2.037122e+00
5.305359e+00
4.975512e-01
9.529867e-01
4.854472e+00
5.100037e+00
4.798384e-01
5.408233e-01
1.632194e-01
3.689543e-01
1.585339e+00
6.882743e-01
7.297328e-01
2.328323e+00
1.838019e+00
3.605748e-01
6.337626e-02
2.762443e+00
1.522483e+00
3.702390e-01
7.044617e-01
1.218256e+00
1.856664e+00
2.579150e+00
7.848595e-01
3.374805e-01
5.833672e-01
4.780238e-01
8.994028e-01
3.299810e+00
1.428722e-01
4.654359e+00
1.539900e+00
1.503135e+00
5.839174e-01
1.689200e-01
4.869965e-01
6.550525e-01
4.389706e-01
1.192962e+00
4.919816e-01
3.902700e+00
3.971873e-01
1.115653e+00
5.634612e-01
5.198126e-01
6.590901e+00
3.636735e+00
1.336558e+00
1.443217e+00
3.103990e+00
5.317302e-01
1.885770e+00
8.285839e-01
1.068779e+00
1.753041e+00
2.019106e-01
1.113026e+00
3.979337e-01
1.081482e+00
7.318043e-01
6.020947e-01
8.446949e-01
4.211837e-01
2.446494e-01
1.137950e+00
2.210895e-01
3.148218e+00
6.832709e-01
3.907239e-01
9.532796e-01
3.104457e-01
3.035937e+00
8.575145e-01
3.657062e+00
4.812620e-01
9.566386e-01
6.174771e-01
1.644607e+00
3.668672e-01
5.263054e+00
1.195777e+00
1.023253e+00
4.324310e-01
1.923956e+00
2.137117e+00
1.457691e+00
7.919738e-01
8.282989e-01
5.247563e-01
1.756508e+00
8.129703e-01
2.475153e-01
1.447465e+00
2.128332e-01
1.300040e+00
1.550184e+00
7.828595e-01
9.591096e-01
4.764726e-01
5.412480e-01
2.471459e+00
1.577083e-01
1.348100e+00
3.339842e-01
1.780522e+00
3.290746e-01
2.366307e+00
3.698290e+00
2.989611e-01
2.354376e-01
9.685947e-01
1.509358e+00
5.287886e+00
8.895708e-01
3.013062e+00
3.877996e-01
1.474722e-01
2.291882e+00
3.348876e+00
1.588642e+00
1.004514e+00
1.179682e+00
8.875962e-01
8.559513e-01
1.877953e+00
2.259836e+00
4.043375e-01
3.805539e+00
1.851582e-01
1.842930e-01
1.255609e+00
1.893111e-01
3.999806e-01
1.490632e+00
1.609200e+00
1.098522e+00
1.916414e+00
1.513532e+00
9.616773e-01
5.111117e-01
1.297370e+00
1.318051e-01
6.737987e-01
7.797106e-01
1.456010e+00
9.814248e-01
1.058730e+00
6.534380e-01
9.864992e-01
2.093455e-01
1.950927e+00
3.288365e-01
3.166317e-01
1.224331e+00
6.645720e+00
3.877496e+00
8.231068e-01
2.630863e-01
7.010549e-01
1.554637e+00
8.404466e-01
6.875608e-01
6.683124e-01
3.621186e+00
5.553659e+00
8.911616e-01
1.150868e+00
5.729931e-01
1.253855e+00
5.520517e-01
2.233948e+00
1.823816e+00
2.197003e+00
1.166705e-01
8.771350e-01
6.062642e-01
1.321891e+00
5.295616e-01
1.263834e+00
3.550520e-01
1.800267e+00
7.277034e-01
1.649066e+00
1.210580e+00
1.273951e+00
1.237712e-01
1.161483e+00
7.056204e-01
2.805763e-01
3.125804e+00
4.573967e-01
5.210368e+00
6.059649e+00
2.630583e+00
1.746828e+00
2.561618e-01
9.515612e-01
1.313305e+00
1.434487e+00
1.379955e+00
1.066923e+00
2.120779e+00
7.195844e-01
5.586926e-01
7.969556e-01
4.261926e-01
1.060499e+00
1.777875e+00
5.333661e-01
5.142336e-01
3.137020e-01
4.441190e+00
7.280237e-01
4.661048e-01
1.991455e+00
1.486102e-01
2.052734e+00
3.927273e-01
6.260599e-01
4.051726e-01
4.043962e+00
1.647318e-01
1.231787e+00
7.178053e-01
4.601261e-01
5.607038e-01
4.375060e-01
1.383114e+00
8.974531e-01
1.239147e+00
1.128190e+00
2.418731e+00
4.321500e+00
5.838887e-01
2.187143e-01
1.051934e+00
1.061457e+00
1.240047e+00
1.814659e+00
6.111414e-01
2.287151e-01
3.270621e-01
4.657556e+00
2.164143e+00
5.130306e+00
4.101163e+00
2.768283e+00
2.461304e-01
4.161324e-01
1.813314e+00
5.132328e-01
1.966176e-01
4.939176e-01
5.570867e-01
3.147300e-01
3.833444e-01
1.117047e+00
5.403607e+00
1.116224e+00
3.387737e-01
8.253182e-01
2.316370e+00
9.495816e+00
5.436399e-01
2.942469e+00
9.282871e+00
3.177124e-01
1.115173e+00
2.799846e+00
2.123392e+00
2.407657e-01
2.349991e-01
4.185770e+00
7.499052e-01
5.340683e-01
1.462200e+01
1.347283e+00
7.219136e-01
2.166218e+00
3.578277e+00
2.779915e+00
7.731525e-01
1.159477e+00
1.780477e+00
6.362334e-01
1.124390e+00
1.301876e+00
4.659564e-01
8.091002e-01
2.561230e-01
7.612284e-02
1.598464e+00
2.342060e-01
4.347661e-01
7.865507e-01
4.833137e-01
5.796976e-01
7.484252e-01
1.215254e+00
1.767998e+00
5.117129e-01
6.120655e+00
1.593738e+01
3.271048e-01
2.984116e+00
8.740264e-01
2.158047e-01
8.189761e+00
2.918671e+00
4.160916e-01
1.745780e+00
1.554312e+00
1.404103e+00
1.781619e+00
7.745825e-01
7.641468e-01
1.068376e+00
1.133395e+01
5.243419e+00
2.189522e+00
1.129609e+00
1.591901e+00
3.286650e+00
9.532633e-01
1.458636e+00
5.700280e-01
7.452073e-01
5.821453e-01
1.301682e-01
2.276218e+00
7.816205e-01
7.998686e-01
3.940811e-01
1.353173e+00
3.477292e+00
3.255849e+00
7.785925e-01
3.399069e+00
5.131138e-01
8.617417e-01
6.850232e-01
1.017667e+00
2.079037e-01
6.320672e-01
1.738265e-01
2.090245e-01
7.166015e-01
2.472231e+00
2.827024e+00
1.255682e+00
7.984797e-01
5.927684e+00
6.194210e-01
4.714014e-01
2.525350e+00
2.379528e+00
1.140830e+00
7.317715e-01
2.411871e+00
1.417875e+00
8.266046e-02
1.068984e+00
2.479371e+00
3.778585e-01
1.007014e+00
7.081353e-01
1.893151e-01
6.114018e-01
1.736748e-01
3.779871e-01
1.185693e+00
5.746236e-01
6.910294e-01
1.295044e+00
1.184099e+00
2.838125e-01
1.675172e+00
6.124393e+00
4.743663e-01
1.271654e-01
6.641535e-01
4.447250e-01
4.452182e+00
1.386069e+00
3.348530e+00
1.795345e-01
3.493068e+00
3.066954e-01
3.843584e-01
1.844331e+00
4.305243e-01
1.636747e-01
5.157265e-01
1.415398e+00
7.225938e+00
1.666424e+00
8.970296e-01
2.013759e-01
8.118823e-01
2.963473e+00
4.511902e+00
8.347420e-02
1.658993e-01
2.261198e-01
2.185835e+00
1.765405e+00
4.938383e-01
3.817570e-01
1.410353e+00
1.210088e+00
1.512542e+00
8.829360e-01
1.848006e+00
7.901397e-01
9.799011e-01
1.791660e-01
1.408379e+00
2.032509e+00
1.156052e+00
2.863342e+00
5.253903e-01
6.688014e-01
4.169221e-01
6.882447e+00
1.430374e+00
8.971481e+00
3.562885e-01
1.810425e-01
3.932003e-01
5.037632e-01
3.184357e+00
5.852046e+00
7.591499e-01
3.114892e+00
3.509511e-01
1.158736e+00
7.396692e-01
1.663794e-01
5.187924e-01
3.795442e+00
3.909223e-01
5.896336e-01
2.345104e+00
1.282558e+00
7.756780e-01
2.505689e+00
4.703817e-01
8.009680e-01
7.422667e-01
7.314498e-01
1.723029e+00
1.433879e+00
1.068836e+00
4.868383e-01
4.989210e+00
8.752569e-01
1.185020e-01
9.414059e-01
2.246617e+00
9.996594e+00
1.084248e+00
1.559069e+00
6.009038e-01
1.242671e+00
1.071722e+00
2.659278e+00
7.253438e-01
4.637795e-01
5.481252e+00
1.300930e+00
7.250601e-01
1.348303e+00
1.666361e+00
5.870442e-01
2.562501e+00
3.515435e+00
5.223463e-01
1.779670e+00
7.033674e-01
2.593698e-01
1.619627e+00
1.877565e-01
8.543981e-01
1.247366e+01
2.279436e-01
1.974755e+00
3.634944e-01
3.158235e-01
2.911753e+00
4.463971e-01
9.130151e-01
4.308899e-01
1.530078e+00
2.438701e+00
4.502194e-01
1.918886e+00
1.442976e-01
1.015733e+01
1.253154e+00
1.983118e+00
5.621882e-01
6.514826e-01
1.917211e+00
3.178294e+00
6.152960e-01
1.285826e-01
1.396074e-01
7.554313e-01
1.782640e+00
1.533425e+00
5.574933e+00
5.756074e-01
3.741604e-01
5.883319e-01
4.156214e-01
1.094803e+00
5.229155e-01
1.015912e+00
7.091028e-01
3.921879e-01
3.675654e-01
5.191836e+00
1.404805e+01
6.175089e-01
7.813798e-01
1.750763e+00
3.795724e+00
2.176678e+00
4.585723e-01
1.337761e+00
1.934545e+00
5.170248e-01
1.330186e-01
7.392668e-01
4.438297e-01
1.176432e+00
1.603360e-01
1.025055e+00
3.368515e-01
1.445994e+00
3.310848e+00
1.495730e+00
1.352938e+00
6.588756e-01
8.904203e-01
2.659268e-01
3.927946e+00
1.037347e+00
2.253691e+00
5.950316e-01
8.537816e-01
2.394035e-01
8.876030e-01
1.791171e+00
1.605010e-01
3.215340e-01
4.254911e-01
1.905185e-01
2.326110e+00
4.461011e-01
5.678953e-01
5.981604e-01
2.661255e+00
3.634568e+00
6.917297e-01
4.950200e-01
5.674708e-01
6.158004e-01
2.797938e-01
2.491830e+00
4.007759e-01
2.834769e+00
5.674847e-01
5.459050e+00
2.111817e-01
2.723182e-01
2.860439e-01
1.493834e+00
4.890652e+00
5.521427e-01
5.017307e-01
2.107332e-01
3.483835e+00
2.601662e-01
1.071023e+00
9.566600e-01
2.494446e+00
1.082893e+00
2.377746e+00
1.959633e+00
3.808156e-01
2.255868e-01
1.252319e+00
7.248105e+00
9.652760e-01
6.085037e+00
2.210382e-01
1.017829e+00
1.691852e+00
1.788454e-01
1.708077e+00
7.128196e-01
7.398626e-01
9.108139e-01
2.078692e+00
2.206330e-01
3.183095e+00
6.273834e-01
1.257676e+00
4.464601e-01
3.386889e-01
2.768352e-01
3.602258e-01
3.675839e-01
2.925847e+00
1.461979e+00
2.911759e-01
3.462757e-01
2.089477e-01
1.206449e+00
6.090836e-01
1.735597e-01
1.829722e+00
1.703369e+00
7.318733e-01
3.410839e-01
2.621777e+00
1.105489e-01
1.751429e-01
1.956571e+00
2.821986e-01
1.051505e+00
1.784177e+00
1.296538e+01
6.222396e-01
9.643253e-01
1.549560e+00
3.087617e-01
5.067849e-01
1.269593e+00
1.767371e+00
1.003599e+00
8.770239e-01
1.868323e+00
4.022341e-01
7.658778e-01
7.020777e-01
5.175322e-01
4.040077e+00
1.368385e+01
1.277396e+00
6.747023e-01
8.295969e-01
4.982462e-01
1.089321e+00
1.605120e+00
4.786565e-01
8.515930e-01
9.614088e-01
1.117804e+00
4.847024e+00
8.187739e-01
1.678119e+00
2.922601e+00
6.690552e-01
3.549540e+00
2.447550e-01
8.441033e-02
4.146342e-01
5.960018e-01
1.516767e-01
3.527549e-01
4.663779e-01
2.153453e+00
2.259256e-01
1.004870e+00
6.867952e-01
6.549113e-01
4.429661e-01
1.035156e+00
4.815801e-01
3.789515e-01
1.362323e+00
2.276473e+00
5.171005e-01
2.447531e+00
8.425338e-01
5.529301e+00
6.872453e+00
1.613823e+00
6.206632e-01
1.493898e-01
1.982176e+00
5.047794e-01
4.417384e-01
4.855843e-01
3.350432e+00
1.144357e+00
1.071544e+00
1.336139e+00
1.080612e+00
5.011162e+00
1.422444e+00
1.374784e+00
7.759719e-01
1.820656e+00
4.621782e-01
3.704623e+00
6.687224e-01
1.267613e+00
7.763682e-01
3.352492e-01
4.261640e+00
3.243341e-01
9.818939e+00
2.696511e+00
6.213199e-01
1.028133e+00
2.251718e+00
1.817695e+00
3.194561e+00
6.243315e+00
8.682848e-01
2.562346e-01
1.237855e+00
9.394071e-01
9.674365e-01
3.453201e-01
1.184534e+00
1.479995e+00
1.139920e+00
2.394141e+00
5.826634e+00
2.365516e+00
2.283362e+00
4.668643e+00
8.124612e+00
4.767562e+00
8.166389e-01
1.119963e+00
2.738713e+00
5.368095e-01
8.958367e-01
1.335205e-01
1.644495e+00
1.654063e+00
1.187924e+00
2.111144e-01
8.224240e+00
1.751453e-01
9.559149e-01
3.708378e-01
1.467103e+00
5.235703e-01
1.730299e+00
2.918147e+00
8.146980e-01
2.618561e+00
2.965517e+00
1.602868e+00
5.910116e-01
1.399699e+00
1.498034e+00
4.307974e-01
3.588299e-01
6.174058e+00
1.012621e+00
1.498653e-01
1.166883e+00
2.360072e-01
3.612716e+00
1.539554e-01
1.427833e+00
9.082613e-01
1.337123e+00
8.710931e-01
2.258262e-01
1.901267e+00
3.996286e-01
9.950823e-01
3.687746e-01
1.937527e+00
1.775245e+00
2.211913e+00
5.508614e+00
3.333782e+00
4.253863e+00
1.307450e+00
1.598458e+00
1.468091e+00
1.119098e+00
1.014336e+01
6.334176e-01
1.042203e+00
1.711904e+00
3.914513e+00
7.950281e-01
2.569044e+00
4.622271e-01
1.017811e+00
1.148256e+00
1.383323e+00
4.611952e-01
2.001813e-01
1.689763e+00
9.654593e-01
1.750502e+00
1.701140e+00
8.399837e-01
6.637162e-01
1.770295e-01
3.119967e-01
1.138521e+00
1.074319e+00
5.133834e-01
2.547869e+00
1.249204e+00
3.497561e+00
4.586165e-01
3.072782e-01
5.204963e-01
5.600583e-01
3.570170e-01
2.266812e+00
1.365759e-01
1.895533e+00
5.770175e-01
9.657877e-01
1.560518e+00
8.178348e-01
1.055577e+00
1.937416e-01
7.520390e-01
3.478181e-01
9.073893e-02
1.665983e+00
1.602259e-01
1.171099e+00
2.685836e+00
7.123950e-01
2.746354e+00
2.589036e-01
1.995579e+00
6.058293e-01
3.666691e-01
1.782406e+00
4.856816e-01
1.538088e+00
3.778425e-01
9.287075e-01
1.007949e+00
6.640329e-01
1.522322e+00
1.474060e-01
1.677702e-01
1.480747e+00
1.411428e+00
2.467242e-01
1.354206e+00
3.883631e+00
2.196792e+00
2.023089e-01
7.651300e-01
6.898442e-01
2.503861e-01
2.281773e-01
1.973215e+00
6.033318e-01
5.407337e-01
2.946000e+00
1.382269e+00
3.178650e-01
8.442245e-01
3.979165e-01
1.229654e+00
5.293739e+00
1.029122e+00
2.704887e+00
1.379942e+00
5.546427e-01
6.097781e-01
6.138045e+00
7.804394e-01
1.796003e+00
2.896851e+00
4.975328e-01
2.327034e+00
4.914943e-01
6.300319e+00
2.769921e+00
8.062298e-01
2.408738e+00
2.878118e-01
3.890699e+00
1.493798e+00
2.629467e+00
9.382718e-01
9.053341e-01
1.959846e-01
9.776888e-01
1.226418e+00
6.542391e+00
4.576508e-01
1.599232e+00
1.961172e-01
5.955475e-01
3.693064e-01
1.953280e+00
6.379260e-01
2.664912e+00
1.348855e+00
7.456346e-01
4.496151e-01
6.363774e+00
5.322396e-01
5.704907e-01
7.703769e-01
7.817221e-01
1.850742e+01
1.008835e+00
1.418967e+00
3.003340e+00
3.426436e+00
4.895347e+00
1.080758e+00
4.184975e-01
5.119752e-01
1.050729e+00
6.451091e-01
9.720980e-01
3.430170e+00
6.411898e-01
2.040775e-01
6.829220e+00
2.003194e+00
9.382199e-01
7.238008e-01
7.703570e-01
3.485912e-01
2.279511e-01
1.603258e+00
1.833123e+00
3.333259e-01
2.412307e+00
8.168564e-01
2.194346e+00
7.219382e-01
3.116942e-01
3.014942e-01
1.367198e+00
2.371153e+00
8.161891e+00
2.623425e+00
1.389792e+00
1.162562e+00
4.572820e-01
2.770916e+00
6.890570e-01
2.140515e+00
2.104678e-01
5.142530e-01
2.009975e-01
2.588048e+00
1.340254e+00
1.334588e+00
2.786238e-01
7.873519e-01
2.482475e+00
3.476129e-01
5.801844e-01
8.624269e-01
4.280879e-01
2.176956e-01
7.991002e-01
5.210530e-01
3.014093e-01
1.050745e+00
1.322622e+00
6.494037e+00
7.054384e-01
8.810965e-01
8.415593e-01
2.005961e-01
7.239797e-01
2.426421e+00
2.173044e+00
1.112487e+00
4.569529e-01
3.557614e+00
1.700676e+00
7.983260e-01
9.180819e-01
1.177204e+00
2.105884e+00
2.268481e-01
2.220879e+00
6.325313e-01
2.777493e+00
1.599160e-01
3.875423e-01
1.083695e-01
3.611968e+00
5.956366e-01
6.593468e-01
5.778056e-01
4.333123e+00
6.036078e-01
2.624477e-01
8.772372e-01
2.146240e+00
1.299529e+00
4.694726e-01
6.535770e+00
2.149763e-01
3.388537e-01
8.825536e-01
7.715941e-01
1.308700e+00
3.091034e+00
2.667060e+00
5.367464e-01
1.201628e+00
9.791897e-01
5.267658e-01
3.510143e+00
1.216919e+00
1.825701e-01
1.921954e+00
1.190643e+00
7.940423e-01
8.335918e-01
7.102698e-01
5.587664e-01
3.793884e-01
9.375075e+00
7.715643e-01
3.708290e-01
5.657631e-01
8.504426e-01
1.304068e-01
3.509074e-01
4.887573e+00
8.221580e+00
6.403922e-01
1.301192e+00
3.323426e-01
8.415320e-01
7.252524e-01
5.659457e-01
7.309217e-01
4.622758e-01
1.303064e+00
5.993452e-01
2.302774e+00
6.018048e-01
3.495325e+00
1.393701e+00
9.589682e-01
3.396798e+00
7.034227e-01
1.478190e+01
6.809511e-01
7.633840e+00
2.081675e+00
3.183782e+00
6.824820e-01
8.156149e-01
3.434589e-01
4.941852e-01
6.401962e-01
8.157799e-01
1.546053e+00
5.049316e-01
4.141845e-01
2.798166e-01
1.739526e+00
1.086791e+00
7.056369e-01
2.902366e+00
7.314508e-01
4.067843e-01
7.511663e-01
2.990341e+00
4.576674e-01
5.348715e-01
4.599663e-01
1.584811e+00
8.119305e-01
5.165758e-01
2.754723e+00
1.981704e+00
3.194590e+00
8.285032e+00
9.287187e-01
1.416867e+00
1.897324e+00
2.882638e-01
3.738942e-01
2.345484e-01
5.865144e-01
7.938080e+00
1.131681e+00
9.735889e-01
4.989855e-01
1.668518e+00
2.499554e-01
1.362374e+00
1.800500e+00
2.900480e-01
4.176943e-01
2.592741e-01
1.234463e+00
1.055933e-01
7.094819e-01
2.661469e-01
3.220655e-01
1.552211e+00
6.800545e-01
2.904626e+00
5.611796e-01
2.003565e+00
6.413304e-01
1.287468e+00
1.056590e+01
5.409277e-01
1.710084e+00
1.817582e+00
5.875529e-01
7.292392e-01
1.332895e+00
4.235237e-01
2.306777e+00
7.514748e-01
3.803622e-01
8.072943e-01
2.177159e+00
8.635913e+00
2.795856e+00
4.053884e-01
2.126321e+00
1.733030e+00
1.409257e+00
2.038930e+00
1.173700e-01
5.338796e+00
1.910185e+00
2.027095e+00
2.123341e+00
3.126879e+00
9.313248e-01
5.739406e-01
4.791173e-01
1.490260e+00
6.497142e+00
1.213135e+00
7.221552e-01
6.335914e-01
1.419756e+01
4.452392e-01
7.700190e-01
2.166633e+00
1.822424e-01
2.109947e+00
3.613187e-01
3.122202e-01
7.197275e-01
3.663939e-01
2.653812e+00
3.916429e+00
2.215446e+00
5.392985e+00
5.189839e-01
4.127369e-01
1.156340e+00
1.572630e+00
3.756586e+00
1.098797e+00
4.762587e-01
2.038212e+00
2.824920e+00
2.682881e+00
3.743468e+00
1.261851e+00
1.338987e+00
3.208450e+00
4.155270e-01
5.296458e-01
7.128132e-01
6.981674e-01
4.461956e-01
6.109996e-01
5.341740e-01
1.304303e+00
6.931718e-01
6.005375e+01
6.719712e+00
5.758926e-01
4.457667e-01
3.873195e-01
1.540220e+00
4.400603e-01
3.928391e+00
1.136338e+00
1.891088e+00
1.953180e+00
2.154595e-01
1.239967e+00
3.420713e-01
3.527623e-01
4.634142e+00
4.552479e-01
2.827387e+00
1.457178e+00
6.775164e+00
4.517005e+00
3.664086e-01
1.701946e+00
2.484442e+00
4.958119e-01
3.540806e+00
6.132858e-01
1.475641e+00
8.335893e+00
1.542313e-01
7.082670e-01
8.125766e-01
1.749186e-01
2.080672e+00
7.713714e-01
1.322713e+00
3.031586e+00
1.262273e+00
3.713902e-01
1.639264e+00
2.817038e-01
7.165314e-01
7.965893e-01
6.377660e-01
8.680101e-01
2.540384e-01
1.100994e+00
1.170373e+00
2.648796e+00
1.342293e+00
2.886365e+00
7.025471e-01
9.815405e-01
1.672875e-01
2.438746e+00
2.443226e+00
4.862548e+00
6.097058e-01
1.030535e+00
2.091053e+00
9.504746e-01
4.819129e-01
1.499277e+00
7.076108e-01
9.510098e-01
5.335031e-01
7.272948e-01
1.467086e+00
9.775857e-01
1.700932e+00
9.678747e-01
1.159982e+00
1.799643e+00
1.577083e-01
4.773233e+00
7.765813e-01
1.061208e+01
1.635305e+00
1.665786e+00
2.227819e-01
2.509534e-01
5.088559e-01
3.248989e-01
1.562983e+00
4.120018e-01
2.572939e+00
2.916997e-01
3.404849e+00
5.213602e+00
6.358097e-01
1.116090e+00
1.800634e-01
6.681204e+00
7.238775e-01
1.421462e+00
2.026866e+00
9.723137e-01
3.704287e-01
8.950259e-01
1.441103e+00
1.450344e+00
1.984304e+01
7.315008e+00
2.654474e+00
5.924227e+00
4.401163e-01
1.025565e+01
4.377190e-01
7.709728e-01
8.671325e-01
3.472177e+00
2.012681e+00
4.611158e+00
1.176248e+00
1.578455e+00
4.966832e-01
6.050544e-01
1.669957e+00
9.840962e-01
1.044084e+00
3.451948e-01
1.672457e+00
7.465674e-01
3.274108e-01
2.942471e+00
1.307968e+00
2.155988e+00
6.054862e+00
2.626970e-01
5.546497e-01
6.074643e-01
7.589445e-01
7.723574e-01
3.343176e-01
1.415884e+00
2.271113e+00
1.782733e+00
1.238079e+00
1.151902e-01
2.258609e-01
1.090789e+00
4.367249e-01
5.059262e-01
2.394149e+00
1.063102e+00
9.792698e-01
1.602512e+00
8.371165e-01
7.567422e-01
3.220793e-01
5.264317e-01
1.727627e-01
8.649638e-01
4.687784e-01
7.869900e-01
4.309278e+00
3.098690e+00
7.086558e-01
1.559549e-01
1.775959e+00
1.551015e+00
4.735837e+00
3.858366e-01
1.692244e+00
7.488836e-01
1.895132e+00
1.777600e+01
1.736196e+00
4.943454e-01
9.083124e-01
1.232186e+00
1.568858e-01
8.714210e-01
1.214401e+00
8.406203e-02
1.388927e+00
6.705856e+00
1.351238e-01
4.106685e-01
6.826469e-01
5.438134e-01
2.806731e-01
1.371248e+00
9.520872e-01
4.781199e+00
2.948670e+00
9.825208e-01
3.600203e+00
6.482627e-01
5.800299e-01
2.159484e+00
2.511377e+00
1.375846e+00
1.614108e+00
2.182761e-01
6.503804e-01
2.101239e+00
3.772597e+00
1.891678e+00
1.499266e+01
1.735853e+00
1.133670e+00
6.149398e-01
1.136183e+00
3.381852e-01
3.699420e-01
6.267755e-01
6.805219e-01
4.115381e+00
1.875645e-01
6.953122e-01
1.201990e+00
2.668345e-01
7.968651e-01
7.176258e+00
1.871188e+00
4.335037e+00
2.096656e+00
2.847504e+00
5.700147e-01
1.346201e+00
8.364051e-01
1.541727e+00
6.261335e-01
3.411029e+00
1.763166e-01
4.510594e+00
1.985022e+00
2.005795e+00
2.903916e+00
3.145726e+00
3.255448e+00
1.437772e+00
1.393769e+00
6.258978e-01
2.470110e+00
1.457555e+00
4.617920e+00
5.631934e+00
2.301395e+00
1.963152e+00
1.291358e+01
2.586222e-01
9.366555e-01
7.035544e-01
6.406247e-01
5.108490e-01
2.920225e-01
1.749414e-01
2.329942e+00
3.005969e-01
3.250733e+00
1.984438e+00
1.125876e+00
1.167300e+00
2.975220e+00
7.648644e-01
2.013304e+00
7.962864e-01
1.111946e+00
3.486934e-01
6.055663e-01
2.912317e-01
4.882578e-01
2.342889e+00
1.507872e+00
2.263354e+00
2.697472e+00
1.904729e-01
7.799237e-01
3.355839e-01
8.129730e-01
9.593180e+00
1.452304e+00
1.012240e+00
2.426838e+00
2.496839e+00
9.335467e-01
7.296543e-01
4.168709e-01
5.921838e-01
7.581031e-01
2.977478e-01
1.308702e+00
1.067244e+01
3.054880e+00
3.787825e-01
1.386481e+00
1.097825e+00
4.575450e+00
1.453735e+00
9.984927e-01
3.821735e-01
1.472254e-01
6.071479e-01
6.330509e-01
5.535186e-01
4.472339e-01
4.995781e+00
2.241736e+00
7.523760e-01
5.702675e-01
5.495842e+00
4.446157e-01
8.212741e-01
4.109900e-01
1.022526e+00
7.249439e-01
3.366319e-01
3.424082e-01
9.069722e-01
4.111659e-01
1.522944e+00
9.323190e-01
1.400480e+01
3.382378e-01
1.746531e-01
1.133505e+00
1.896931e+00
1.962319e+00
2.190398e+00
2.409034e+00
1.300282e-01
1.985112e-01
1.174887e+00
2.765836e-01
1.099911e+00
5.127215e-01
1.664031e+00
7.637147e-01
1.038798e+00
7.425613e-01
8.853017e-01
2.042528e+00
8.372705e-01
4.059916e-01
8.284073e+00
2.285173e+00
5.073641e-01
1.558087e+00
9.958277e-01
4.708321e-01
4.142132e-01
1.388297e+00
3.257737e+00
1.353785e+00
3.388395e-01
9.659235e-01
1.354845e+00
4.030680e+00
5.059613e-01
4.398609e-01
8.222974e-01
1.565620e+00
3.460902e+00
5.311080e-01
9.048725e-01
6.597334e-01
4.682876e-01
8.622032e-01
3.615133e+00
1.051427e+00
4.901743e+00
9.444013e-01
6.567332e-01
6.767771e+00
1.023367e+00
2.493820e+00
1.470911e-01
1.073482e+00
3.053617e-01
7.098445e+00
1.451060e+00
4.723491e-01
1.188402e+00
1.958269e+00
3.443166e+00
2.574157e-01
1.698871e-01
6.427658e+00
1.487084e-01
5.177015e-01
7.983305e-01
5.338247e-01
1.869978e-01
1.444004e+01
5.371253e+00
4.119355e+00
1.012657e+00
1.458514e-01
3.353992e+00
2.026235e-01
4.202394e-01
1.807356e-01
1.516773e+00
8.077311e-01
1.515489e+00
4.019857e+00
3.750443e-01
3.984344e+00
4.371553e-01
1.720621e-01
1.020161e+00
1.324379e+00
1.512684e+00
2.250537e-01
1.953908e-01
1.829016e+00
3.294584e+00
3.759275e+00
1.251208e+01
3.440397e-01
1.267213e+00
2.872641e-01
1.124138e+00
1.783564e+00
2.561853e+01
1.203592e+00
1.434463e+00
6.632057e+00
1.278533e+00
4.313371e-01
5.225850e-01
1.068856e+00
1.777997e+00
1.029954e+00
6.239228e-01
4.480852e-01
1.683200e+00
2.158460e+00
1.262218e+00
2.934075e-01
1.564673e+00
1.296307e+00
1.483824e-01
8.066159e-01
6.039725e-01
1.616833e+00
2.738992e-01
1.929120e+00
8.420552e-01
6.856479e-01
4.321641e-01
2.171987e-01
6.632936e-01
3.466857e-01
7.153076e-01
1.599187e+00
4.002970e+00
6.023594e-01
4.452576e-01
5.248754e-01
3.291011e+00
4.110173e-01
1.917443e+00
4.178377e-01
5.738341e-01
3.238867e-01
5.803850e-01
1.756869e+00
2.993966e+00
1.802501e+00
1.528009e-01
1.932194e+00
1.460868e+00
1.226091e+00
8.005769e-01
4.396451e+00
5.334121e-01
1.700988e+00
1.199788e+00
1.222325e+00
7.345129e-01
6.127070e-01
5.144142e-01
3.532929e+00
4.535289e-01
4.477987e-01
7.055296e-01
3.313449e-01
3.467003e-01
1.078875e+00
3.109127e+00
1.101402e-01
4.020114e-01
8.665078e-01
3.351437e+01
2.540120e-01
6.896224e-01
1.260860e+00
4.977001e-01
1.073225e+00
9.068384e-01
4.173905e+00
6.078398e-01
6.873078e-01
4.358345e-01
6.522181e-01
2.357155e+00
1.141122e+00
2.310898e+00
4.102758e-01
6.276272e-01
1.417779e+00
2.727382e+00
3.690230e-01
1.059870e+00
5.759342e-01
2.537491e+00
8.002890e+00
5.893691e-01
2.524654e+00
1.569561e+00
1.461263e+00
1.094604e+00
6.182436e+00
8.090942e-01
8.930791e-01
1.252790e+00
9.121781e-01
1.444168e+00
4.591286e-02
1.257026e+00
7.673352e-01
7.332435e+00
1.935481e-01
4.768775e+00
7.844782e-01
1.117062e+00
6.896623e-01
2.436912e+00
3.780032e-01
3.658873e+00
1.066959e+00
7.216891e-01
2.379726e-01
2.902525e-01
1.922802e+00
2.025840e+00
3.883026e+00
4.101007e+00
3.907711e-01
1.687990e+00
4.292630e-01
3.617868e-01
1.101964e+00
1.635606e+00
2.202610e+00
3.131085e-01
1.068549e+01
6.949937e-01
4.605732e+00
1.589182e+00
2.203106e+00
1.183932e+00
2.095482e+00
5.586213e-01
1.176388e+00
1.018501e+00
1.159790e+00
4.140791e-01
9.148475e-01
2.117286e-01
3.119612e-01
8.666881e-01
2.146153e+00
1.294983e+00
1.968371e+00
2.942233e-01
1.993585e+00
8.984803e-01
8.307669e-01
3.586788e-01
5.930321e+00
1.338289e+00
1.736892e-01
2.441451e+00
7.295377e-01
7.079006e-01
7.905722e-01
1.442438e+00
2.078294e+00
1.404010e-01
1.653060e+00
4.159011e+00
1.522883e+00
8.014103e-01
1.176807e+00
2.208449e+00
9.600752e-01
1.746424e+00
5.950281e-01
4.049558e-01
1.370574e+00
8.981830e-01
7.981470e-01
2.997509e-01
2.822559e+00
6.803575e-01
7.686835e-01
5.887222e-01
8.552119e-01
1.873090e+00
4.764163e-01
1.563649e-01
1.320214e+00
4.102809e-01
4.512782e-01
1.111851e+00
6.545773e-01
6.452497e-01
1.573392e+00
8.148916e-01
2.188027e+00
2.422202e+00
3.833042e-01
1.706162e+00
8.583761e-01
9.872256e-02
8.675605e-01
5.972971e+00
1.338270e+00
6.163627e-01
5.516022e-01
1.204314e+00
5.905735e-01
8.219062e-01
9.011382e+00
2.712215e+00
3.015042e-01
3.334831e+00
3.758129e-02
4.657419e-01
4.706969e-01
3.956772e-01
1.517183e+00
7.859865e-01
5.658202e-01
2.016255e-01
3.357889e+00
7.818675e-01
4.797676e-01
4.612894e-01
8.101789e-01
4.912303e+00
8.389475e-01
1.314252e+00
2.946157e+00
9.108550e-01
4.978175e-01
3.406775e+00
6.262497e-01
1.377995e+00
5.356593e+00
8.028675e-01
1.349301e+00
4.027832e+00
2.999006e-01
1.925259e+00
1.461047e+00
4.897041e-01
2.480021e+00
6.036458e-01
2.147229e-01
5.168825e-01
3.567816e+00
5.408596e-01
3.159281e+00
2.099434e+00
4.621318e+00
4.609849e-01
5.814711e+00
3.023833e-01
3.051827e+00
5.474940e-01
4.374703e+00
2.176989e-01
5.379439e-01
1.634977e+00
6.434236e-01
2.191543e+00
7.824536e-01
4.827801e-01
6.490406e-01
2.193149e+00
4.441246e-01
1.420266e+00
1.356839e+00
2.098017e+00
3.538008e+00
7.396462e-01
3.568400e+00
1.160999e+00
6.254136e-01
1.093253e-01
1.068732e+00
1.356255e+00
9.032305e-01
4.368569e+00
1.945463e-01
4.497929e-01
4.218756e-01
1.652170e+00
7.494233e-01
4.814118e+00
1.985881e+00
3.738093e+00
1.350303e+00
3.173934e+00
3.306107e-01
1.216389e+00
7.139548e-01
8.057328e-01
3.168417e+00
5.714329e+00
1.910788e+00
2.039290e+00
1.248810e+00
1.182937e+00
8.078717e-01
4.575465e-01
4.871986e-01
7.532606e-01
1.540064e+00
1.160686e+00
2.106870e+00
2.732482e+00
6.469193e-01
1.741773e-01
5.972413e-01
2.562833e-01
2.117963e-01
3.618279e+00
1.878802e+00
3.220262e-01
3.560263e+00
5.763552e-01
6.058209e-01
1.558328e+00
1.089259e+00
1.949196e-01
1.358809e+00
2.088640e+00
1.071170e+00
8.859316e-01
1.304366e+00
4.305807e+00
1.954855e+00
8.788192e-01
2.725072e+00
6.361088e-01
1.510381e-01
1.055482e+00
4.701897e+00
1.326458e+00
6.317519e-02
1.678147e+00
7.230689e-01
1.558479e+00
4.980514e-01
6.745882e-01
2.735926e+00
2.361953e-01
3.003603e-01
1.848189e+00
2.145236e-01
2.522106e+00
1.820024e+00
8.691080e+00
4.149676e-01
2.266814e+00
7.315834e-01
5.918181e-01
4.514077e+00
2.197994e+00
8.117512e-01
5.042472e-01
5.833676e+00
2.897927e+00
5.763723e-01
3.946592e-01
2.530524e+00
7.104096e-01
2.930376e-01
1.378808e+00
5.709296e-01
7.629351e-01
2.783582e-01
2.407641e+00
2.380654e-01
9.009717e-01
2.017362e+00
3.244482e+00
5.556219e+00
3.578337e-01
8.135733e-01
4.408754e-01
1.514975e+00
1.020293e+00
9.838179e-01
1.038471e+00
4.003792e+00
6.588783e-01
1.967080e+00
4.665280e+00
1.130722e+00
2.479539e-01
1.893862e-01
1.979445e+00
6.693772e-01
1.217326e-01
2.746624e+00
2.561425e+00
1.920987e-01
8.403382e-01
2.174278e-01
1.951840e-01
4.563106e-01
2.123528e+00
5.292523e-01
1.050481e+00
2.538919e+00
3.044660e-01
5.498002e-01
7.722385e-01
2.330215e-01
4.927907e-01
1.103156e+00
1.393019e-01
5.008934e-01
1.124539e+00
5.835647e-01
4.577979e-01
9.130678e-01
5.934969e-01
9.705517e-01
2.174098e-01
9.852593e-01
3.061383e+00
5.792588e-01
2.137894e+00
1.871043e+00
2.537003e+00
1.883785e+00
8.255127e+00
3.897680e+00
3.951270e+00
2.276974e+00
3.861820e-01
1.506837e+00
2.652912e+00
1.024194e+00
5.346004e-01
1.370343e+00
1.240443e+00
1.996231e+00
1.480186e+00
1.456807e+00
6.651851e-01
1.065480e+00
5.504698e-01
4.157630e+01
3.574968e-01
2.589150e+00
1.749082e-01
1.036296e+00
1.132556e+00
4.527851e-01
9.044847e-01
5.850073e+00
8.033884e-02
4.400256e-01
1.841889e+00
1.218441e-01
3.246684e-01
4.801038e-01
3.887742e-01
2.922805e-01
2.862047e+00
4.877994e+00
8.681831e-01
2.084203e+00
4.117488e+00
2.017793e+00
3.282591e+00
6.241624e-01
7.418755e-01
9.708086e-01
4.031699e+00
1.760780e-01
4.873375e-01
2.044570e+00
8.555987e-01
3.789607e+00
2.073594e+00
1.811022e-01
1.505783e+00
9.086663e-01
1.476109e+00
5.431917e+00
3.291510e+00
6.681038e-01
3.075047e+00
9.500361e-01
1.218696e+01
2.403284e+00
6.691861e-01
2.847444e-01
3.606512e-01
2.086104e+00
7.260178e-01
1.086870e+00
1.210685e+00
2.412206e-01
1.302280e-01
1.559636e-01
1.218580e+00
1.626498e+00
7.790890e-01
3.562540e-01
6.739105e-01
2.582920e+00
4.033820e+00
1.195467e+00
1.145408e+00
2.035276e-01
4.888767e+00
2.269797e+00
1.322470e+00
2.359089e+00
6.651775e-01
2.691028e+00
4.898233e-01
1.307236e+00
4.822497e-01
2.437458e+00
5.094504e-01
8.165321e-01
2.668479e+00
2.476272e-01
7.473759e+00
1.892993e-01
7.199075e+00
3.074392e+00
8.382488e-01
1.755724e+00
6.509154e-01
9.807571e-01
1.243677e+00
2.527335e+00
6.136430e-01
1.186473e+00
2.181764e+00
5.351880e-01
2.295144e+00
4.232285e+00
5.652547e-01
1.770131e+00
3.028150e+00
3.600602e-01
2.849049e+00
7.843733e-01
3.769364e+00
4.404478e+00
8.743723e+00
6.575509e-01
1.679757e+00
4.058834e-01
2.975321e-01
1.582225e+00
2.106413e+00
1.178405e+00
5.232693e-01
3.002629e+00
2.082658e+00
1.648814e+00
2.905774e+00
1.557250e+00
8.196490e-01
4.157989e-01
7.511435e+00
1.780469e+00
8.603355e-01
1.936286e+00
3.233621e+00
1.234558e+00
4.976102e+00
1.012214e+00
1.783681e-01
9.389164e-01
8.597248e-01
1.964596e+00
9.259073e-01
1.596191e+00
9.459990e-01
7.468394e-01
1.101957e+00
3.850800e-01
2.151050e+00
6.860582e-01
6.549429e-01
7.637119e-01
2.840667e-01
3.299396e-01
3.443794e+00
4.186157e-01
7.214538e-01
5.178778e-01
1.834182e+00
9.708009e-01
1.084183e+00
1.332937e+00
8.714764e-01
1.938929e-01
5.263838e-02
8.009481e-01
6.200534e-01
1.325646e+00
1.230625e+00
2.265674e+00
6.209554e-01
1.195806e+00
4.571876e+00
2.139949e+00
1.703452e-01
1.163280e+00
6.098978e-01
2.127360e-01
4.097758e-01
3.503809e-01
4.172079e-01
1.182374e+00
5.261110e-01
5.471774e-01
3.244038e+00
9.804835e-01
3.604183e+00
2.518070e+00
5.838866e-01
8.434187e-01
4.895404e+00
1.011992e+00
1.985598e-01
2.122323e+00
2.448533e+00
1.128036e+00
6.953132e-01
2.002644e+00
2.015365e+00
9.204715e-01
4.002297e+00
1.739688e-01
1.325907e+00
2.828492e+00
2.229173e+00
2.044984e+00
4.527986e+00
8.131474e-01
7.317156e-01
2.213888e-01
7.665023e-01
3.949131e+00
1.798987e+00
8.782577e-01
1.816028e-01
4.134855e+00
1.279139e+00
4.018445e-01
4.916203e+00
1.119970e+00
3.865716e+00
2.448281e+00
1.072613e+00
4.173503e-01
1.396959e+00
1.546751e+00
1.094963e+00
5.126322e+00
1.943955e-01
7.461918e-01
5.648832e+00
2.224833e+00
4.873856e+00
1.016181e+00
3.550070e-01
3.229857e-01
6.331008e-01
1.128168e+00
1.127539e+00
1.025690e+00
1.857931e+00
2.785138e-01
5.393621e-01
1.361353e+00
5.448617e+00
1.290301e+00
2.132826e+00
1.288642e+00
2.951088e+00
1.874206e+00
6.957751e-01
2.338316e-01
3.621102e+00
2.054338e+00
7.484118e-01
1.060197e-01
1.202585e+01
2.803453e+00
1.872046e+00
3.727375e+00
1.297252e+00
8.004746e+00
2.546788e-01
3.475767e-01
4.799101e-01
4.477989e+00
4.552798e-01
1.496615e+00
4.411967e-02
1.317490e+00
4.584865e+00
3.231403e+00
3.948528e-01
8.827533e-01
1.105876e+00
9.964519e-01
1.338368e+00
6.542581e-01
3.116787e-01
7.184506e-01
1.015035e+00
1.180809e+00
4.760043e+00
1.376109e+01
2.574880e+00
5.703993e-01
4.301849e-01
9.820566e-01
3.290400e-01
9.744217e-01
2.921687e-01
1.153787e+00
7.936785e-01
2.825357e+00
4.395359e-01
9.502764e-01
1.833805e+00
2.113105e+00
6.726935e-01
8.949098e-01
7.291058e-01
1.351606e-01
6.250002e+00
5.583051e-01
2.368734e+00
2.001115e+00
4.650444e-01
1.537875e-01
4.718516e-01
5.467337e+00
2.447564e+00
3.962751e-01
8.691874e-01
8.650266e-01
4.739182e+00
5.390179e+00
3.731351e-01
2.366407e+00
5.083599e+00
9.359486e-01
9.182847e-01
8.302604e-01
1.908111e+00
2.299495e+00
2.040807e-01
3.245673e+00
8.317528e-02
1.222782e+00
1.377419e+00
3.003374e-01
1.435057e+00
4.648612e-01
6.793653e-01
1.689704e+00
1.825084e+00
1.080231e+00
1.346743e+00
1.020906e+00
3.923369e-01
3.678124e+00
3.958468e-01
1.141633e+00
1.672698e+00
1.332174e+01
3.727525e-01
3.079254e-01
6.823922e-01
1.610608e+00
2.539123e+00
1.552170e+00
6.455659e+00
3.622906e-01
1.043273e+00
7.161857e-01
7.548713e-01
1.760005e+00
5.203126e-01
8.064462e-01
6.868273e-01
1.996420e+00
3.659068e+00
1.446464e+00
5.870047e-01
1.348684e+00
1.258549e+00
2.770169e-01
1.500267e+00
1.226803e+00
7.229199e-01
7.821626e-01
1.759446e+00
1.611377e+00
4.492717e-01
2.935486e+00
1.598661e-01
1.246132e-01
3.355441e-01
3.639911e-01
4.101168e-01
5.224350e+00
1.705468e+00
1.758221e+00
3.346709e+00
3.518662e-01
1.300945e+00
2.142606e+00
2.731575e+00
1.420452e+00
1.972074e-01
3.788954e+00
8.749005e-01
1.104957e+00
9.002468e-01
2.077575e-01
2.231845e+00
1.355283e+00
1.341339e+00
4.956234e+00
1.307486e+00
7.572474e-01
1.234323e-01
2.649171e+00
2.435267e+00
1.306122e+01
1.090311e+00
5.799091e-01
2.476120e-01
2.034437e+00
3.358279e-01
1.371934e+00
1.880580e+00
2.400429e+00
4.335407e-01
1.107011e+00
1.325240e+00
1.515315e+00
3.703005e-01
1.159478e+00
1.244671e+00
1.739071e+00
6.308820e-01
7.730269e-01
1.496557e-01
1.693394e+00
1.728307e-01
8.100469e-01
5.447451e-01
7.224389e-01
2.132058e+00
7.490137e-01
3.756630e-01
7.115085e-01
5.281579e-02
1.026196e+00
1.427941e+00
2.231462e-01
3.637884e+00
1.133185e+00
4.985783e-01
1.029184e+00
1.563476e+00
3.432974e+00
1.421564e+00
5.927064e+00
1.108156e+00
3.733952e-01
4.322365e+00
1.478811e+00
5.175531e+00
2.198986e-01
1.076708e+00
6.732071e-01
6.088224e+00
6.098223e-01
1.939387e+00
1.424799e+00
6.629929e+00
4.977732e-01
9.346283e-01
1.913183e+00
3.066345e-01
5.486291e-01
1.031952e+00
4.147197e-01
1.334890e+00
1.164179e-01
6.522864e-01
1.971438e+00
1.478673e+00
1.041363e+00
7.671907e-01
1.822802e+00
1.134290e+00
3.852015e-01
2.460640e+00
8.617813e-01
1.487025e+00
1.065815e+00
3.645636e+00
7.525530e-01
8.702338e-01
2.211575e+00
1.614375e+00
7.287623e-01
1.433020e-01
3.554076e-01
2.214443e-01
6.180793e-01
6.167873e-01
2.025737e-01
1.569646e+01
2.343327e+00
2.987689e-01
4.712327e+00
1.498152e+00
7.612490e-01
8.427679e-01
9.623703e-01
1.016130e+00
2.781713e+00
1.798994e+00
8.201554e-01
2.277128e+00
3.071867e+00
7.672074e-01
7.098359e-01
1.130244e+01
5.717821e-01
3.885174e-01
1.231929e+00
5.772030e-01
4.833356e+00
1.699375e+00
1.161050e+00
2.999826e-01
6.386399e-01
1.037785e+00
1.474036e+00
3.640643e-01
3.887603e+00
7.922995e+00
1.370155e-01
1.534002e+00
2.043867e+00
8.325788e+00
1.611810e+00
1.828013e+00
1.767256e+00
7.538695e+00
1.572043e+00
2.039221e+00
2.460897e+00
1.382114e+01
5.686295e-01
2.033769e-01
8.016494e-01
1.206905e+00
2.864509e+00
1.207961e+00
1.410273e-01
1.130423e+00
3.819913e-01
7.217726e-01
3.501839e-01
8.916825e+00
1.147081e+00
4.436377e+00
1.052911e+00
3.174520e-01
5.553751e+00
1.537463e+00
3.273581e+00
1.116725e+00
8.503999e-01
1.374936e+00
2.766064e+00
3.352016e-01
1.543242e+00
1.618027e-01
5.789496e-01
1.708432e+00
2.990862e-01
4.201945e-01
3.693575e-01
3.340371e+00
1.517973e+00
9.832216e-01
1.207914e-01
4.175163e-01
1.985328e+00
1.265018e-01
1.047096e+00
3.523999e+00
4.900987e-01
5.959207e-01
3.678810e+00
1.015951e+00
1.120155e+00
1.150996e+00
2.460194e+00
4.572987e-01
2.990515e+00
4.944094e-01
6.096134e-01
9.005438e-01
4.143727e-01
6.027094e-01
1.826730e+00
2.316354e+00
6.035096e-01
5.611344e-01
2.337704e+00
1.340183e-01
3.318633e-01
1.374601e+00
8.928499e-01
4.152810e-01
2.948341e-01
1.803964e+00
2.553261e+00
3.530842e+00
1.413376e+00
9.750330e-01
3.768650e+00
2.425458e-01
3.199427e-01
2.806420e-01
1.450518e+00
7.651209e-01
2.936412e+00
1.925443e+00
1.008165e+00
7.478973e-01
3.613341e-01
4.904738e-01
5.387960e-01
2.098301e+00
3.029558e-01
3.664877e-01
3.276082e+00
3.355746e-01
4.598344e-01
1.185282e+00
2.368198e+00
1.558321e+00
2.079126e+00
8.615498e-01
4.097834e+00
2.367183e+00
2.266668e+00
6.642264e-01
2.274565e+00
7.711962e-01
1.414773e+00
1.020561e+00
2.712234e+00
8.776115e-01
2.394169e+00
1.547222e+00
1.409364e+00
1.268732e+00
1.172226e+00
1.494489e-01
1.953045e+00
3.774550e+00
2.036156e+00
8.559466e+00
1.125586e+00
1.274484e+00
6.830244e-01
1.098934e+00
1.293582e+00
4.228987e-01
4.027004e+00
1.180345e+00
1.015695e+00
1.011758e-01
3.498563e-01
5.982921e-02
9.528342e-01
2.980085e-01
1.449107e-01
3.703866e-01
2.250874e+00
4.641775e-01
1.678110e-01
8.705107e-01
1.371682e+00
2.534029e-01
1.224469e+00
2.156985e+00
1.324926e+00
8.986897e-01
1.031170e+00
4.911179e-01
3.322080e-01
1.173461e+00
4.521865e-01
3.924637e+00
3.089297e+00
4.031930e+00
2.516560e+00
1.109899e+00
7.293228e-01
8.282314e-01
4.011105e-01
8.527939e-01
1.926669e-01
2.310266e+00
1.677930e+00
1.576753e+00
6.546067e+00
1.552239e+01
8.888910e-01
8.668794e-01
9.468702e+00
3.184709e+00
4.884069e-01
1.755566e+00
2.434736e+00
3.241162e+00
3.055826e-01
8.655819e-01
5.164351e-01
1.528518e+00
4.103868e-01
3.071576e+00
3.076356e+00
9.893075e-01
6.082505e-01
4.610135e-01
4.340005e-01
1.085494e+00
7.322909e-01
1.182085e+00
6.759817e-02
1.528963e+00
4.602633e+00
2.194375e+00
4.250739e-01
5.925983e-01
9.753877e-01
6.557341e-01
1.721742e-01
6.200857e-01
1.515624e+00
1.330864e+00
3.016306e+00
7.616162e-01
4.584901e+00
1.709060e+00
9.672039e-01
6.098058e-01
3.385904e-01
2.615342e-01
1.659486e+00
8.675313e-01
9.920305e+00
1.740477e+00
1.963079e+00
1.767836e-01
7.797970e-01
1.081937e+01
2.703313e+00
2.812965e+00
9.376703e-02
1.214025e+00
2.908527e+00
2.513157e+00
2.661689e+00
2.784416e-01
4.955488e-01
7.982634e-01
1.461679e+00
8.920163e-01
1.000877e+00
6.356153e-01
2.302820e+00
5.703624e-01
3.396819e-01
2.025702e-01
5.451134e-01
7.743211e-01
2.984887e+00
2.714786e+00
1.528425e+00
3.622165e+00
9.188639e-01
2.126071e+00
1.351170e+00
1.266181e+00
2.293476e+00
2.262563e+00
5.920377e-01
1.253234e+00
6.535473e-01
1.036226e+01
1.140305e+00
4.162449e-01
8.613728e-02
3.060082e+00
8.143939e-01
1.047547e+00
6.484157e-01
1.701627e-01
8.371163e-01
1.544832e+00
6.964101e-01
5.024342e+00
1.244172e+00
6.023985e-01
2.147658e+00
3.720748e+00
3.782379e-01
4.385992e-01
6.771055e-01
1.923703e-01
3.730773e+00
1.546502e-01
1.449564e+01
1.010044e+00
1.800963e-01
1.845566e-01
3.184017e-01
6.938222e-01
5.230605e+00
3.891388e-01
5.700247e-01
7.109317e-01
2.576313e-01
7.822542e-01
4.340942e+00
1.542553e+00
7.847842e+00
2.837780e+00
1.549453e+00
2.725212e+00
2.350068e-01
1.803852e+00
8.123432e-01
7.050932e-01
2.810345e+00
3.116900e+00
9.511750e-01
7.509580e-01
4.307064e-01
4.157548e-01
1.989196e+00
2.641842e+00
1.314325e+00
5.430307e-01
7.709165e-01
1.809374e+00
1.400965e+00
1.111284e+00
1.610746e+00
1.269896e+00
3.112180e-01
6.623855e-01
1.443364e+00
4.177879e-01
4.801226e+00
1.849579e+00
2.637468e+00
1.039005e+00
5.334181e-01
2.219571e+00
1.487572e+00
1.029276e+00
8.292821e-01
1.132585e+00
1.369709e+00
3.393075e-01
2.740531e+00
4.146389e-01
1.043335e+00
6.390094e-01
1.294360e+00
8.994700e-01
1.522274e+00
1.742071e+00
1.867967e+00
3.758622e-01
5.445108e+00
5.846825e-01
1.166330e+00
1.974913e+00
5.061468e-01
1.438688e+00
4.359634e-01
1.967526e+00
5.754072e+00
2.331921e+00
2.753541e+00
2.570954e-01
1.840033e-01
1.659170e+00
7.448132e-01
3.902104e-01
3.471071e+00
8.255065e-01
9.964970e-01
7.483917e+00
9.078834e-01
2.014744e-01
2.106686e+00
1.233151e+00
1.501714e-01
4.348455e-01
1.951315e+00
2.350758e+00
1.581884e+00
1.427221e+00
2.688443e+00
9.712141e-01
1.201443e+00
4.664993e+00
5.340023e-01
6.411690e+00
4.212116e-01
2.217901e+00
8.909595e-01
1.352484e+00
2.709968e+00
3.800457e-01
4.563966e-01
4.941791e-01
5.917913e-01
1.079405e+00
1.536389e-01
5.145132e+00
3.196321e-01
1.388241e+00
6.279380e-01
5.058434e-01
1.542670e+00
4.003372e+00
1.242059e+00
2.669725e-01
7.015718e-01
9.509041e-01
1.027570e-01
2.559201e+00
1.738170e+00
6.874069e-01
1.792471e+00
3.769339e+00
2.920652e-01
5.241140e-01
1.036207e+00
3.402283e-01
4.053214e-01
1.120639e+00
3.962080e+00
8.341588e-01
1.428851e+00
8.521550e-01
6.082372e+00
2.383769e+00
1.444029e+00
7.509685e-01
8.241334e-01
1.278421e+00
1.050578e+00
2.609911e+00
2.006325e+00
7.604027e-01
5.305775e-01
4.926297e-01
6.479081e-01
2.378291e+00
3.023550e-01
4.103266e-01
1.552013e-01
8.530713e-01
1.085904e+00
7.814570e-01
5.372293e-01
8.033409e-01
1.787598e-01
8.826731e-01
1.350236e+00
1.604434e+00
3.768623e-01
1.162149e+01
5.222302e+00
1.341560e+01
4.357445e+00
5.172354e-01
7.287224e-01
2.825848e+00
1.635211e+00
1.497186e+00
2.704824e+00
3.569169e-01
1.676432e+00
5.947240e-01
1.431528e+00
3.146313e+00
3.397799e-01
1.953605e+00
2.352136e+00
6.065666e-01
1.237350e+00
2.329744e-01
6.665935e+00
5.169790e-01
6.512185e+00
5.245081e-01
2.189336e+00
9.341008e-01
7.698898e-01
2.949951e+00
4.330404e+00
1.319956e+00
1.008105e+01
7.210239e-01
1.000705e+00
4.247380e-01
2.297112e+00
4.735498e+00
1.993512e+00
5.153178e-01
8.477419e-01
1.156409e+00
9.579764e-01
3.415312e-01
1.082481e+00
1.529186e-01
1.156042e+01
2.981423e-01
2.109180e+00
1.071374e+00
8.108905e-01
4.455206e+00
2.389068e+00
9.058206e+00
3.534397e-01
2.201913e-01
2.958414e+00
4.253776e+00
1.467753e+00
1.445275e+00
6.811555e-01
1.501750e-01
5.999745e+00
1.747557e+00
1.422340e-01
2.531122e+00
2.050388e-01
2.898212e+00
1.076587e+01
1.222442e-01
6.854063e-01
6.494989e-01
6.744455e+00
1.312923e+00
7.042426e-01
5.927433e-01
1.187513e+00
3.143418e+00
6.111304e-01
7.373267e+00
1.320517e+00
9.202121e-01
3.316186e-01
1.450614e+00
2.344071e-01
2.561903e-01
1.905075e+00
1.633966e+00
3.628735e+00
2.830696e-01
3.500459e-01
4.306638e-01
2.041150e+00
9.543176e-01
1.874084e+00
4.904266e-01
9.416688e-02
1.311112e+00
3.005440e+00
1.932613e+00
8.031560e+00
5.084511e-01
1.380497e+00
4.017544e+00
2.437374e-01
1.733937e+00
2.329788e-01
7.105014e-01
1.517133e+00
3.434252e+00
4.141576e-01
6.720821e-01
1.117444e+00
3.407146e-01
1.301655e+00
2.774317e-01
2.630413e-01
1.608588e-01
1.284013e+00
7.191539e-01
2.022352e+00
3.393575e-01
4.418005e-01
9.310307e-01
9.519520e-01
1.169153e-01
7.259891e+00
3.783279e+00
3.747886e-01
1.219065e+00
1.184006e+00
6.051245e-01
1.222137e+00
1.731177e+00
4.371599e-01
3.583476e-01
2.413641e+00
9.881864e+00
5.488249e+00
6.123248e-01
1.578595e+00
9.924501e-01
1.421989e+00
5.861247e-01
1.277404e+00
7.367055e-01
4.962442e-01
6.391119e-01
3.572203e-01
2.437923e+00
3.778225e-01
1.746115e-01
1.390168e+00
1.645473e-01
1.329247e+01
1.665425e+00
3.657194e-01
4.811404e-01
1.023237e+00
3.398082e-01
3.016481e-01
8.686851e-01
5.005417e-01
7.526589e-01
1.479073e+00
9.399771e-01
1.538576e+00
2.531614e-01
1.253116e+00
1.690852e+00
1.009549e+00
3.246543e+00
1.532473e+00
5.503189e-01
1.977709e+00
5.967185e-01
