2.067306e+00
8.039003e-01
3.066030e-01
6.144760e-01
2.362725e-01
1.061413e-01
1.865210e+00
1.266949e+00
9.002002e-01
3.162540e+00
2.217610e-01
1.604399e+00
1.509139e+00
6.378919e-01
1.019259e+00
4.250867e-01
4.307345e-01
1.003007e+00
1.701013e+00
1.685485e+00
6.848807e-01
1.867220e+00
1.066786e+01
1.862416e-01
1.583266e+00
1.780036e+00
6.987885e+00
1.604606e+00
1.368306e-01
5.992574e-01
2.595773e+00
1.922687e-01
3.563710e-01
3.164724e-01
9.353102e-01
1.646214e+00
4.449174e-01
1.983943e+00
2.280748e+00
2.314241e-01
3.624654e-01
3.435854e-01
3.061351e+00
2.171344e-01
2.358902e+00
2.185881e+00
4.696747e+00
3.227383e-01
2.714214e-01
4.213397e-01
5.593883e-01
4.184291e-01
6.012943e-01
6.107154e-01
2.430424e+00
1.030270e+00
2.123811e+00
1.374926e+00
6.346353e-01
2.144460e+00
3.728523e+00
1.752843e+00
4.686921e+00
9.662748e-01
1.201992e+00
1.789392e+00
8.120617e-01
3.133093e+00
2.667568e-01
5.728735e-01
1.818126e+00
1.360046e+00
5.825549e-01
6.593241e-01
1.810413e-01
2.426374e+00
5.929673e+00
1.393941e+00
1.494767e+00
2.420713e-01
3.365347e+00
1.613172e+00
9.656364e-01
6.696679e-01
5.309718e-01
5.245259e+00
1.883410e+00
4.512414e-01
2.767058e-01
3.789575e-01
1.454345e-01
3.019206e-01
1.618862e-01
1.537243e+00
5.783364e-01
3.855114e+00
3.700311e-01
3.133580e+00
3.525013e-01
4.692869e-01
7.438902e-01
4.291603e-01
6.257371e-01
2.889692e+00
1.324381e+00
9.667313e-01
3.056417e+00
1.174118e+00
7.243457e+00
3.525395e-01
1.167055e-01
1.193252e+00
2.909168e+00
2.001421e+00
2.893259e+00
8.381206e-01
5.970144e-01
1.675966e+00
3.056238e+00
1.784905e+00
2.949350e+00
3.258523e-01
2.391545e+00
5.813612e-01
8.239577e-01
1.636344e+00
2.522659e-01
1.049372e+00
7.292660e+00
4.100819e-01
9.222552e+00
1.785219e+00
6.013417e-01
1.282918e-01
2.266509e+00
7.057784e-01
1.010128e+00
2.618714e-01
2.075590e+00
6.342016e-01
6.620456e+00
2.195060e+00
3.372339e+00
7.243358e-01
2.848344e-01
1.354581e+00
1.220591e+00
1.499252e+00
4.368917e-01
3.754163e+00
1.604554e+00
2.062139e-01
2.548516e+00
1.170935e+01
5.541729e-01
7.381405e-01
3.678802e+00
9.090317e-01
1.798306e+00
1.728862e+00
9.534246e+00
9.658793e-01
3.788534e+00
4.178436e-01
1.292230e+00
2.065984e+00
8.311054e+00
6.143451e-01
2.835645e+00
9.291389e-01
4.230496e+00
6.209559e-01
2.844964e-01
1.007795e+00
1.917629e+00
5.088384e-01
5.735014e-01
1.444730e+00
8.721882e-02
1.320257e+00
3.116990e-01
3.982425e-01
7.855881e-01
6.800073e+00
9.336877e-01
9.029619e-02
1.597715e+00
1.328273e+00
1.118194e+01
6.686501e-01
2.018435e+00
7.219099e-01
5.045291e-01
7.465147e-01
7.690825e-01
1.319590e+00
1.232279e+00
4.893435e-01
4.063528e-01
1.156864e+00
2.840531e+00
1.695951e+00
6.743829e-01
2.347943e+00
1.011386e+00
1.761045e+00
4.231497e-01
1.343034e+00
5.847540e-01
6.394660e-01
1.002091e+00
2.561128e+00
4.986721e-01
6.343533e-01
6.862630e-01
5.432468e-01
4.783014e+00
7.792457e-01
2.486966e-01
4.412141e+00
7.289842e-01
1.913055e+00
8.480101e-01
1.126723e+00
7.808717e-01
2.956028e-01
6.459593e-01
1.714523e+00
1.391539e-01
1.789970e-01
1.385700e+00
8.542745e-01
4.550852e-01
1.526571e+00
8.441097e-01
2.961016e-01
4.707586e-01
1.660847e+00
3.797879e-01
2.833014e+01
3.523701e-01
3.028152e+00
4.688648e-01
2.025196e+00
3.267470e+00
1.479210e+00
1.616509e-01
2.329912e+00
1.916684e+00
2.837101e+00
8.542224e-01
1.917907e+00
3.358721e+00
1.620078e+00
1.165435e+00
3.900023e+00
2.230758e+00
2.483565e+00
5.275226e-02
1.088321e+00
7.099021e-01
6.322071e-01
4.438592e+00
1.716842e+00
1.452729e+00
1.438268e-01
5.924819e-01
5.351359e+00
4.860721e+00
1.069035e+00
5.256908e+00
4.173276e-01
1.473121e+00
8.868075e-01
9.809252e-01
2.730578e-01
7.448361e-01
1.957593e+00
7.416106e-01
1.925806e-01
7.185246e-01
7.049596e-01
7.107658e+00
2.982886e-01
5.828125e-01
5.957077e-01
7.264059e-01
6.497168e-01
3.642883e-01
6.581047e-01
1.512613e+00
1.410933e+00
9.545071e-01
1.222429e+00
1.075744e+00
1.898821e+00
6.545480e-01
6.231340e+00
8.211644e-01
1.766203e-01
9.527438e-01
1.905543e+00
8.374928e-01
1.051373e+00
2.494901e+00
6.269795e-01
1.275671e+00
5.222166e-01
1.248326e+00
6.395677e-01
1.100327e+00
7.818239e-01
2.687266e-01
9.819934e-01
1.165225e+00
2.243159e+00
2.311848e+00
1.443277e+00
9.398121e-01
1.996274e+00
4.943710e-01
3.621726e-01
1.732392e+00
2.293364e+00
2.657511e-01
2.517652e+00
1.089845e+00
2.469414e-01
5.162292e+00
5.933675e-01
1.154679e+00
2.387820e-01
2.647054e+00
4.024355e-01
2.238130e-01
3.929454e-01
5.749732e-01
4.446754e+00
1.378799e+00
4.230637e-01
1.762124e+00
1.122136e+00
2.199631e+00
1.613023e+00
3.628440e-01
1.572145e+00
1.616704e-01
9.499794e+00
1.731271e+00
1.865876e+00
4.508823e-01
9.907791e+00
1.572881e+00
3.433650e-01
1.475371e+00
2.408122e-01
5.666579e-01
1.625724e+00
3.224060e-01
8.756928e-01
1.768270e+00
4.093119e+00
2.320371e+00
4.606904e-01
7.240937e-01
2.264575e+00
4.950477e-01
3.699481e+00
8.912559e+00
1.219273e+00
1.673820e+00
1.580735e-01
1.681590e+00
9.692190e-01
6.265221e-01
1.482144e+00
5.342579e-01
1.880758e+00
1.400412e+00
3.239772e-01
2.655235e+00
1.859788e-01
4.084227e-01
2.932248e-01
8.829545e-01
4.960403e-01
3.757985e+00
7.368554e-01
1.297996e+00
4.517543e-01
1.304535e+00
1.352151e+00
3.482605e+00
4.148465e+00
7.961964e+00
8.711619e-01
2.691231e-01
2.428701e+00
1.902322e+00
2.115280e+00
7.469352e-01
1.108326e+00
1.227636e+01
2.772301e+00
2.360255e-01
1.175628e-01
8.941140e-02
3.558877e-01
3.719579e+00
4.275033e+00
7.220063e+00
7.515793e-01
1.296327e+00
8.680174e-01
8.211597e-01
1.200156e+00
3.644473e-01
1.216694e+00
5.253480e-01
1.012243e+00
2.444636e+00
2.216937e+00
1.442332e+00
2.687173e+00
2.934932e+00
9.103481e-01
8.534637e-01
2.734826e+00
1.301024e+00
1.928972e+00
3.885047e+00
2.691945e+00
1.030000e+00
2.201254e+00
2.180565e+00
7.649054e-01
1.356037e+00
1.006114e+00
1.394087e-01
1.638345e+00
2.261147e-01
1.464632e+00
6.912929e-01
1.883174e+00
1.144139e-01
1.296011e+00
5.271997e-01
1.161915e+01
5.290552e+00
4.561758e-01
1.779081e+01
2.588849e+00
4.749828e-01
2.743797e+00
1.444988e+00
5.290027e-01
1.004710e+01
1.021848e+00
3.433600e-01
1.588892e+00
8.955188e-01
2.540100e-01
2.876921e-01
1.763354e+00
5.538950e-01
2.282219e+00
3.677025e-01
7.407033e-01
2.353392e+00
7.821610e-01
6.191544e-01
2.326431e+00
5.221839e+00
2.674203e-01
9.452038e-01
1.377008e+00
1.125468e+00
2.502944e+00
2.264471e+00
2.130684e+00
7.361490e-01
1.607289e+00
7.689671e-01
2.163689e-01
1.406831e+00
9.412757e-02
4.329518e-01
3.267907e+00
3.675908e-01
7.534860e-01
4.487943e+00
2.035785e+00
2.075156e-01
1.483295e+00
3.081785e-01
1.132394e+00
2.869576e-01
3.765623e+00
2.037173e+00
1.809179e+00
8.536679e-01
7.244640e-01
4.100445e-01
1.310815e+00
2.291989e+00
3.060368e+00
4.283547e-01
4.050541e-01
1.585958e+01
2.400807e+00
2.488606e+00
9.846759e-01
4.118767e-01
2.063018e+00
3.524533e-01
1.091919e+00
2.119578e-01
2.559264e+00
3.816324e+00
1.155374e+00
8.931901e-01
2.835901e+00
6.620429e-01
1.232362e+00
1.183562e+00
5.185661e-01
7.674486e-01
4.029402e-01
6.935083e+00
2.319057e+00
1.436379e+00
1.121132e+00
5.199116e-01
5.131758e-01
3.828259e-01
2.888440e+00
1.844859e+00
8.505235e-01
3.400806e-01
1.541871e+00
7.259980e-01
1.739296e+00
6.520724e-01
1.992569e+00
7.260030e-01
3.275278e-01
5.017885e-02
3.277661e+00
5.039342e-01
6.039814e-01
1.119203e+00
1.353377e+00
7.203406e+00
1.108536e+00
1.811259e-01
1.875760e-01
2.525233e-01
4.689290e+00
9.265889e-01
5.133996e-01
5.234723e-01
5.513993e+00
4.714176e-01
5.975030e-01
8.948887e-01
4.656707e-01
3.628998e-01
2.854064e+00
1.597428e+00
2.498936e+00
1.638098e-01
1.576437e+00
2.935339e+00
1.577127e-01
1.551525e+00
4.202984e-01
5.546470e+00
1.391632e+00
1.617282e+00
2.109505e-01
1.911237e+00
2.579935e-01
2.026954e+00
1.657765e+00
7.741068e-01
1.745198e+00
1.804193e+00
1.778142e+00
6.747333e-01
4.054655e-01
3.992974e-01
7.234280e-01
2.505968e+00
9.847823e-01
1.149828e-01
3.651306e+00
2.459498e-01
3.935505e-01
9.325791e-01
4.175786e-01
5.374026e+00
5.080522e-01
2.463627e-01
1.295659e+00
8.533160e-01
1.324045e+00
1.339639e+00
1.174975e+00
2.956005e-01
9.364143e-01
2.339829e+00
4.601236e-01
2.688214e-01
2.811531e+00
1.432814e-01
5.449827e-01
1.750389e+00
6.278547e-01
1.286925e+00
1.740732e+00
9.618426e-01
5.846927e-01
1.711223e+00
3.070693e+00
9.040607e-01
2.558309e+00
1.739905e+00
2.555801e+00
7.670158e-01
2.978611e-01
9.672934e-01
4.730406e+00
4.677294e-01
2.351253e+00
6.252797e+00
2.048960e-01
7.527135e-01
2.690429e-01
2.955352e+00
6.870010e+00
9.983842e-01
1.138314e+00
1.167476e+00
3.250407e-01
5.549500e-01
2.762325e+00
6.005308e-01
2.168695e+00
1.433702e+00
3.272307e-01
6.122092e-01
1.749571e+00
2.221828e-01
3.786545e-01
1.287571e+00
3.713495e-01
1.730743e+00
1.160404e+00
3.463629e+00
4.800223e-01
4.497276e-01
1.539890e+00
7.040152e-01
1.518238e-01
2.720028e+00
7.156973e-01
5.602524e+00
1.226778e+00
6.874639e-01
3.097452e-01
2.834765e-01
2.641268e-01
9.008074e-01
1.234623e+00
4.860052e-01
7.069743e+00
3.237578e+00
7.930495e+00
1.049248e+00
4.186873e+00
1.140494e+00
1.371111e-01
6.752502e-01
1.740193e-01
2.495717e+00
2.041963e+00
1.202708e+00
1.278037e+00
1.015505e+00
3.428763e-01
1.756971e+00
1.501059e-01
4.341953e-01
6.436153e-01
9.928152e-01
1.445813e-01
4.168968e-01
3.848431e-01
1.542050e-01
4.186150e-01
8.708444e-01
2.388713e-01
3.264365e-01
7.593506e-01
7.093787e-01
7.190757e-01
1.403813e+00
2.194944e+00
6.383818e-01
6.494781e-01
5.486121e-01
1.099175e+00
4.814288e+00
2.251619e+00
5.565231e-01
1.614799e-01
4.379233e-01
1.608485e+00
7.400512e-01
3.776721e+00
1.733317e-01
1.296643e+00
1.427997e+00
7.227068e-01
5.793185e-01
9.417932e-01
3.959134e-01
1.594083e-01
4.059196e-01
1.622450e+00
4.673286e-01
1.685441e-01
4.729568e-01
1.395572e-01
3.989463e-01
3.425026e-01
3.699189e+00
7.390989e-01
2.406648e-01
2.335115e-01
2.969023e+00
2.362633e+00
2.195411e+00
7.774087e-01
1.125407e+01
6.478190e-01
1.037138e+00
1.897410e+00
6.703050e-01
6.115640e-01
1.356479e+00
9.891221e-01
1.783124e+00
5.546930e-01
3.269982e+00
2.269533e+00
1.186922e+00
1.094841e+00
6.840983e-01
4.443662e+00
1.175142e+00
8.681363e+00
5.942234e-01
6.568659e-01
9.776371e+00
5.519288e-01
5.375274e-01
6.826272e+00
1.951116e+00
1.021189e+00
2.199715e-01
1.194856e+00
3.076818e-01
1.422916e+00
1.349987e-01
1.843522e+00
4.189947e+00
8.702501e-01
5.669068e-01
3.076411e-01
9.243178e-01
1.293627e-01
2.525896e+00
2.068531e+00
6.731808e-01
5.304346e+00
1.281896e+00
1.585385e+00
2.952663e+00
1.823269e+00
2.591835e-01
7.831559e-01
1.735901e+00
7.854443e-01
1.547987e+00
3.352672e+00
6.732806e-01
5.690659e-01
1.797663e+00
5.952197e-01
1.161822e+00
2.128734e+00
5.828948e-01
6.397876e-01
9.240621e-01
3.025050e+00
1.927979e+00
2.065838e+00
9.401568e-01
9.368655e-01
4.785428e-01
4.399084e+00
5.407068e+00
1.019985e+00
1.365455e+00
1.552694e+00
1.235467e+00
3.229618e+00
8.298133e-02
2.277560e-01
8.280139e-01
7.447754e-01
3.485313e+00
7.454377e+00
1.543047e+00
3.819311e-01
1.435074e-01
2.282074e-01
1.519247e+00
2.560052e+00
9.747311e-01
3.132766e+00
3.613416e+00
5.545440e+00
1.085916e+00
2.838157e+00
2.807746e-01
2.680110e+00
2.121431e+00
9.078522e-01
5.838809e-01
1.550339e+00
2.307996e+00
4.068861e-01
2.465482e+00
1.696156e+00
1.105635e+00
2.797104e+00
1.104390e+00
3.091699e-01
2.566474e-01
6.734602e-01
3.641392e-01
1.214910e+00
7.872888e-01
1.703371e+00
6.416888e-01
1.629602e+00
3.536088e-01
8.954760e-01
1.026846e+00
3.063088e+00
1.518441e+00
5.033748e-01
4.115051e-01
1.207346e-01
1.382584e+00
9.925137e-01
9.582761e-01
2.420901e+00
4.174177e-01
1.430951e+00
1.116845e+00
3.223290e+00
2.329129e+00
1.694087e+00
1.307724e+00
6.864269e-01
9.793871e-01
4.708966e+00
9.921660e-01
5.188823e+00
1.694448e+00
7.746642e+00
2.659017e-01
1.046559e+00
1.265923e+00
3.657221e+00
4.962371e-01
2.316709e-01
1.154661e-01
1.425475e+00
1.816773e+00
5.873154e-01
2.078111e+00
1.821684e+00
1.246835e-01
5.832435e-01
6.511229e-01
9.148209e-01
5.049807e+00
8.020120e-01
1.267167e+00
8.357196e-01
5.459554e+00
4.094662e-01
4.993075e+00
1.393357e-01
1.224438e+00
2.077030e+00
7.696470e-01
1.124636e-01
5.461395e-01
1.682786e+00
3.452701e+00
1.014081e+00
1.188128e+00
1.430730e+00
2.866923e+00
6.640742e-01
2.277070e+00
3.348654e+00
1.431069e+00
4.522989e-01
2.202589e+00
9.703331e-01
2.055742e-01
5.788948e+00
3.497295e-01
1.335283e+00
3.096586e+00
5.546250e-01
5.543007e+00
4.992491e+00
4.329784e-01
1.167651e+00
1.129598e-01
3.020569e-01
7.336151e-01
6.251792e-01
2.074937e-01
1.405824e+00
3.382393e-01
1.255205e-01
2.955701e-01
4.665477e-01
9.439065e-01
6.380882e-01
1.220786e+00
1.766646e+00
1.181960e+01
5.858654e+00
2.406565e-01
3.686156e+00
6.523884e-01
7.362567e+00
3.824420e-01
2.379609e+00
5.306232e-01
2.184999e+00
5.406917e-01
3.374538e+00
3.159566e+00
3.166187e-01
3.648865e+00
1.521347e+00
9.748567e-01
3.131693e+00
1.238519e+00
4.915025e+00
4.354520e+00
1.195295e-01
2.388606e+00
1.199616e+00
9.868123e-01
5.374728e-01
8.990852e-01
3.200171e+00
9.324609e-02
9.396680e+00
3.987416e-01
4.742794e-01
7.285106e-01
8.028255e-01
1.880445e+00
1.612194e+00
1.003205e+00
2.993809e+00
1.310625e-01
3.734224e+00
2.324695e-01
7.837146e-01
2.888082e-01
9.236159e-01
4.264297e+00
1.498214e+00
1.044908e+00
3.062102e+00
1.065733e+00
3.615268e-01
3.276137e+00
4.811518e-01
1.691488e+00
6.947687e-02
8.728720e-01
5.586986e-01
2.863134e-01
3.791213e-01
1.094383e+00
1.860680e+00
2.804218e-01
2.093419e+00
1.959391e+00
1.552910e-01
6.866013e+00
1.100568e+00
2.996962e-01
8.424342e-01
1.117990e+00
7.842768e-01
4.132171e+00
1.411516e+00
6.001609e+00
4.352933e-01
2.524124e+00
1.575379e+00
1.473213e+00
9.360397e-01
8.960121e+00
1.619089e+00
5.409984e-01
2.537876e-01
6.264338e+00
6.020817e-01
1.659554e+00
5.393020e-01
9.808903e-01
1.870618e-01
1.349104e+00
1.202939e+00
6.732689e-01
1.844744e-01
4.304028e-01
3.261840e+00
9.531190e-01
1.260324e+00
4.542934e-01
4.811219e-01
1.701692e+00
8.915478e-02
7.924324e+00
3.428065e+00
1.883566e+00
5.580975e-01
2.552176e+00
1.774681e-01
2.550986e+00
6.783391e-01
6.896187e-01
2.748990e-01
6.274786e+00
3.456790e-01
1.299052e+00
1.755419e+00
1.357836e+00
2.486668e+00
5.066833e-01
1.452073e+00
6.412922e-01
1.101080e+00
3.145617e+00
1.766632e+00
1.591922e+00
5.910123e+00
9.234525e-02
5.507184e-01
2.284362e+00
1.393849e+00
7.588846e-01
4.009985e-01
2.341108e+00
1.277876e+00
3.806842e-01
1.793542e+00
7.407578e-01
7.237291e-01
3.308367e-01
6.522298e-01
1.713099e+00
5.236357e-01
8.370025e-01
2.869866e-01
1.562135e+00
1.389125e+00
1.414404e+00
2.389332e-01
2.165737e+00
1.248048e+00
5.671942e-01
6.902411e-01
4.378296e+00
3.310925e-01
1.636323e+00
1.296576e+00
1.378448e+00
1.158229e+00
3.337012e+00
3.344786e+00
2.014806e+00
1.946996e-01
1.061373e+00
2.306562e+00
5.111950e-01
3.697889e-01
9.982319e-01
1.017323e+00
8.446865e-01
1.371786e+00
1.105519e+00
1.330188e+00
1.254132e+00
1.143748e+01
5.269387e-01
6.938014e-02
3.489740e-01
7.177071e+00
4.116657e-01
5.846798e-01
2.225998e+00
1.276786e+00
1.230110e+00
2.960866e-01
2.680355e+00
1.778253e-01
3.579560e+00
1.495748e+00
1.310297e+00
5.129726e+00
1.419954e+00
2.112302e+00
1.202260e+00
1.449776e+00
9.556245e-01
2.625445e-01
3.505642e-01
1.471386e+00
5.022943e-01
4.389090e-01
1.256205e+00
1.528986e+00
3.230389e-01
1.545460e+00
1.092100e+00
1.122231e+00
3.125940e-01
9.250276e-01
4.170979e-01
4.936074e-01
3.290816e-01
5.174661e-01
3.940249e+00
7.094892e+00
2.484732e-01
1.267589e+00
2.213366e+00
8.193002e-01
1.725728e-01
1.234903e+00
2.180526e+00
7.848393e-01
8.227515e+00
4.398833e-01
5.985043e+00
1.490658e+00
1.472117e+00
6.025235e-01
1.863678e-01
2.644168e-01
2.355278e-01
5.280366e+00
8.729450e-01
1.339579e-01
6.089672e-01
1.422517e+00
3.465806e-01
2.165538e-01
4.169943e-01
1.749332e+00
1.733579e-01
2.385838e-01
1.895076e+00
6.323788e-01
7.286842e-01
9.209103e-01
3.974986e-01
5.022422e-01
3.200753e-01
1.086693e+00
5.143369e-01
5.291229e-01
9.369203e-01
9.809355e-01
9.944726e-01
2.926251e+00
4.344385e+00
4.861760e+00
4.527124e+00
1.146568e+00
8.168429e-01
1.084862e+00
1.126858e+00
6.503358e-01
1.923437e+00
4.288559e-01
7.369108e-01
3.537321e-01
2.046138e+00
7.874838e-01
1.567477e+00
2.275355e-01
3.970555e-01
4.880884e-01
9.189534e-01
6.631077e-01
1.078931e+00
2.866128e+00
2.153440e-01
8.908900e-01
1.160656e+00
5.104191e-01
1.835529e+00
2.110890e+00
2.628289e-01
4.718606e-01
8.010261e-01
7.424898e-01
3.960864e-01
7.466647e-01
9.445828e-01
7.334335e-01
1.848120e+00
1.267892e+00
4.676479e-01
1.410772e+00
1.120094e+00
4.259484e-01
1.738990e+00
6.560951e-01
9.502357e-01
1.001486e-01
7.359676e-01
8.916086e-01
3.794895e-01
1.350311e+00
2.234749e+00
3.667991e+00
6.256968e-01
6.502854e-01
6.574156e-01
2.673765e+00
1.114313e+00
3.262926e-01
2.082323e+00
3.288329e-01
2.535158e+00
1.809747e+00
6.714118e+00
9.797986e-01
1.237309e+00
1.137241e+00
7.211393e-01
2.164993e-01
1.989372e+00
2.411876e+00
6.646817e-01
3.891759e+00
1.532509e+00
1.963279e+00
1.391897e+00
1.001675e+00
4.994878e+00
1.150940e+00
1.384570e-01
7.583408e-01
7.152077e-01
1.045702e+00
8.788172e-01
2.889338e-01
1.209825e+00
2.011444e+00
7.210593e-01
7.481472e-01
1.910464e+00
1.119754e+00
9.550895e-01
2.949189e+00
4.651820e-01
7.151357e-01
1.426739e+00
1.250274e-01
2.304562e+00
4.902207e-01
5.014262e+00
3.028856e-01
1.443130e+00
4.047139e-01
8.618198e-01
3.822130e-01
1.393761e+00
5.579661e-01
1.132787e+00
3.315659e-01
1.146245e+00
3.172554e-01
8.555370e-02
1.937014e+00
3.837993e+00
5.022460e-01
5.644941e-01
7.679480e-01
8.816682e-01
3.629099e-01
7.375133e-01
2.287492e+00
8.182785e-01
5.501661e-01
4.758792e-01
8.265677e-01
2.793743e-01
2.222609e+00
3.473377e-01
3.196908e+00
8.755765e-01
4.442061e-01
8.453658e-01
1.975693e-01
4.256470e+00
7.632098e-01
4.583327e+00
8.124086e-01
1.171015e+00
5.765189e-01
5.953843e+00
6.565441e+00
1.378519e-01
6.362937e-01
1.164714e+00
1.683249e+00
4.465224e-01
6.080101e-01
2.015865e+00
1.083382e+00
1.855546e+00
3.058017e+00
2.645471e-01
7.802161e-01
3.269014e-01
4.881797e-01
7.096432e-01
8.983418e-01
8.966790e-01
1.119614e+00
2.153819e+00
1.487734e+00
3.721892e-01
9.041601e-01
1.571660e+00
1.169494e-01
2.065757e+00
1.104659e+01
7.220632e-01
2.075404e+00
4.623895e-01
4.618273e+00
3.130980e+00
2.876790e-01
4.546224e-01
2.892873e+00
1.394446e+00
2.546594e+00
2.575037e+00
2.573215e+00
1.937240e+00
5.304310e-01
2.846940e+00
9.686366e-01
5.900524e-01
6.682623e-01
2.410079e-01
2.153943e+00
1.120648e+00
2.938642e+00
4.836077e-01
1.923838e+00
1.666664e+00
1.173715e+00
2.956758e-01
5.556069e-01
2.505769e+00
3.762468e-01
4.335666e-01
1.617346e+00
5.983129e-01
2.042707e+00
1.849464e+00
4.380723e+00
2.121089e+00
1.398586e+00
6.398884e-01
4.711763e-01
5.460113e-01
5.367658e+00
1.559604e+00
2.556987e-01
7.491978e-01
4.599054e-01
6.058149e-01
1.519328e-01
1.291734e+00
3.412482e+00
8.535047e-01
9.789106e-01
6.980357e-01
9.995939e-02
1.360047e+00
8.874859e-01
3.830509e-01
3.474763e-01
2.441107e+00
6.961139e-01
1.743991e-01
1.785744e+00
3.632122e+00
1.295382e+00
7.679011e-01
1.084835e+00
1.605665e-01
3.841941e-01
1.484302e+00
2.029906e+00
1.443931e+00
1.763478e+00
1.895132e+00
1.214608e+01
1.493057e+00
3.105567e-01
2.226420e-01
6.532060e-01
1.113048e+00
3.272302e-01
4.249630e-01
1.451929e+00
1.599432e+00
6.781323e-01
7.658277e-01
8.410106e-01
5.013640e-01
6.101981e+00
2.355804e+00
2.846952e+00
4.011714e-01
1.566138e-01
2.471940e+00
8.063989e-01
3.107251e+00
5.711863e-01
1.845188e+00
1.290078e+00
1.044388e+00
8.886456e-01
5.791326e-01
6.907662e-01
2.213306e-01
2.441743e+00
5.761028e-01
1.353366e+00
8.895824e-01
3.541692e+00
3.775111e+00
3.263148e+00
1.775063e+00
5.990425e-01
1.121904e+00
8.166097e-01
7.999047e-01
4.030548e-01
3.818928e-01
2.550993e-01
1.149276e+00
1.535709e+00
6.295045e-01
8.925373e-02
2.882168e+00
1.981268e+00
2.632077e+00
4.051214e+00
1.303832e-01
6.958492e-01
1.708250e+00
1.383077e+00
3.025828e-01
3.143619e+00
4.719278e-01
1.824826e+00
8.722946e-01
7.784534e-01
1.599370e+00
3.219612e-01
1.004131e+00
5.942684e+00
1.591542e-01
6.972110e-01
2.056925e+00
2.788427e-01
3.386733e-01
6.304335e-01
5.967317e-01
1.778771e-01
3.358199e+00
1.524958e+00
2.967670e-01
1.096021e+00
1.281365e+00
4.178413e+00
2.085165e+00
7.234753e-01
1.334696e+00
3.716368e-01
1.602431e+00
1.372963e+00
2.856432e-01
2.912198e-01
2.373184e+00
3.284617e+00
8.961394e+00
3.772038e-01
5.371053e-01
1.729109e+00
1.574718e+00
9.825036e-01
4.843361e-01
2.275791e+00
4.472816e-01
3.378390e+00
1.339087e+00
2.000406e+00
1.790719e+00
1.370661e+00
7.609410e-01
3.549485e-01
1.236573e+00
5.994512e-01
3.905070e+00
1.983622e+00
1.164792e+00
2.270569e+00
4.054207e+00
8.758200e-01
4.865612e+00
2.529404e+00
1.986115e+00
1.108157e+00
9.587622e-01
2.026969e-01
6.610710e-01
1.434609e+00
3.349106e+00
9.273670e-01
3.002596e-01
8.621377e-01
3.332017e+00
1.166050e+00
5.712072e-01
3.288125e-01
1.015908e+00
3.891668e-01
1.151703e+00
3.760525e+00
2.167408e+00
4.055540e-01
3.935329e-01
9.887755e-01
6.142214e-01
8.112366e+00
7.047039e-01
2.619716e+00
1.460325e+00
4.631385e+00
1.490293e+00
5.073870e-01
1.936331e+00
2.717444e-01
8.779741e-01
9.305561e-01
4.347342e-01
1.302320e+00
9.830457e-01
6.234316e+00
8.194988e-01
3.544729e-01
5.392073e-01
1.220086e+00
4.965501e+00
2.632568e+00
1.299776e+00
2.339968e+00
2.803225e+00
3.995497e-01
9.449045e-01
3.781932e-01
1.573703e+00
1.446232e+00
5.679383e-01
1.320116e+00
1.703607e+00
5.741702e-01
4.847908e-01
2.911562e-01
2.760397e-01
1.230348e+00
6.270339e-01
7.310255e-01
2.407939e-01
8.158251e-01
9.617178e-01
4.609217e-01
6.930852e-01
4.420255e+00
1.427183e+00
5.867195e+00
2.916418e+00
3.430210e-01
1.514130e+00
3.085491e+00
1.191362e+00
4.020963e+00
6.749736e+00
1.182631e+00
4.177970e+00
1.051440e+01
7.808323e-01
1.640610e-01
4.983980e-01
5.537814e-01
2.948313e+00
1.302013e+00
2.981248e-01
1.200321e+01
6.629885e-01
2.113564e+00
1.182480e+00
2.124920e-01
1.203252e+00
3.201596e-01
5.528139e+00
1.652308e+00
1.516349e+00
2.586789e+00
6.708034e-01
3.525249e-01
3.904534e-01
4.036787e+00
7.540507e-01
3.056026e+00
2.945057e+00
3.354514e+00
2.239234e+00
1.145145e+00
2.279956e+00
5.420501e-01
1.364822e+00
5.828657e-01
1.380796e+00
3.517487e-01
3.640352e+00
1.420571e+00
4.935939e+00
1.150620e+00
5.329999e-01
1.195639e+00
1.398502e+00
1.924363e+00
2.324325e-01
2.406468e+00
1.065410e+01
1.393145e+00
4.445613e-01
3.857360e-01
1.304819e+00
2.319704e+00
2.207013e+00
2.856137e-01
2.925740e-01
1.270662e+00
2.621456e-01
8.886667e+00
9.265968e-01
7.116684e-01
7.782936e-02
4.585307e-01
1.270828e-01
8.373408e-01
2.452563e+00
6.634900e-01
6.106494e+00
1.105192e+00
2.278830e+00
2.848489e-01
1.868007e-01
6.147526e-01
3.408101e+00
1.254351e+00
2.182542e+00
9.778136e-01
2.043713e+00
1.719644e+00
4.021960e+00
7.020970e-01
6.398637e-01
9.807885e-01
3.362286e-01
2.895113e+00
1.638201e+00
3.738051e-01
2.992134e-01
3.191311e-01
5.403726e+00
2.083535e-01
1.596755e+00
4.488966e+00
5.033467e+00
6.794824e+00
3.494878e-01
2.264455e+00
2.409916e-01
6.037102e-01
7.161867e-01
2.230106e-01
9.561106e-01
1.661557e+00
9.851164e-01
9.439383e-01
2.054218e-01
5.016916e-01
6.814018e-01
4.499646e-01
6.485301e-01
3.042734e-01
5.103949e-01
1.072159e+00
1.268841e+00
6.064671e-01
1.625985e+00
1.576921e+00
1.398476e+00
4.483981e-01
5.202208e-01
2.778683e+00
3.693669e+00
9.545954e-01
4.961485e-01
2.311523e+00
7.841868e-01
1.052772e+00
4.460121e-01
1.349488e+00
8.770567e-02
1.743496e+00
8.522759e-01
3.151190e+00
6.299376e-01
2.134865e-01
2.668684e+00
1.324279e+00
1.125521e+00
1.074652e+00
1.866198e+00
4.576607e+00
1.734864e-01
6.667084e+00
6.336632e-01
2.137512e+00
4.847809e+00
3.068303e-01
5.246731e-01
9.425988e-01
2.348505e+00
4.601810e-01
9.066751e-01
2.462192e+00
3.076333e+00
9.062811e-02
1.216517e+01
6.177201e-01
3.720414e-01
1.310657e+00
2.238575e-01
1.219492e-01
1.050030e+00
1.430775e+00
3.446737e+00
3.016155e-01
6.838712e+00
7.219792e-01
1.028325e+00
4.605672e-01
5.953624e-01
5.829307e-01
3.794344e-01
3.015969e-01
2.373000e+00
5.488627e-01
4.890805e-01
2.406802e+00
1.430261e+00
9.699976e-01
5.190164e-01
1.215875e+00
2.097122e+00
2.763186e+00
1.318598e+00
6.175389e-01
1.019209e+00
4.595586e-01
1.995192e+00
2.716735e+00
1.121795e-01
6.232746e-01
2.938351e+00
2.181993e-01
1.212561e+00
1.121305e+00
2.367840e-01
5.644711e-01
6.952669e-01
1.230776e+00
1.239084e+00
4.101306e-01
1.076242e+00
4.070082e-01
2.611067e+00
2.111325e-01
7.965417e-02
7.005869e-01
1.449215e+00
2.479733e-01
3.830368e+00
8.345594e-01
2.950555e-01
1.854226e+00
2.433505e-01
8.291555e-01
4.945874e-01
3.703899e-01
1.138856e+00
9.589143e-01
9.170043e-01
2.804925e-01
2.831124e+00
1.373888e+00
1.156938e+00
8.551872e+00
1.650457e+00
3.465649e+00
3.030600e+00
9.616466e-01
3.004402e+00
2.063637e+00
2.781001e-01
1.346874e+00
7.560828e+00
8.396135e-01
1.999660e+00
5.824341e+00
1.510032e+00
2.983035e-01
3.499564e-01
2.210629e+00
1.532856e+00
9.315667e-01
7.993706e-01
5.889888e-01
5.749149e-01
2.824515e+00
5.994038e+00
4.317640e-01
4.085073e+00
4.409333e-01
1.822770e+00
4.090922e-01
2.603756e-01
1.307815e+00
7.620829e-01
1.082031e+00
5.286597e+00
6.007351e-01
7.974214e+00
2.274910e-01
6.954834e+00
3.585035e+00
1.578836e+00
1.093027e+00
3.142741e+00
1.223576e+00
4.517341e+00
5.998887e-01
5.150239e-02
5.015548e+00
3.373317e+00
1.083704e+00
6.355867e-01
1.364821e+00
1.331047e+00
1.337573e+00
7.271795e-01
4.696512e-01
2.672184e+00
5.718790e+00
6.384828e-01
2.282056e+00
1.406925e+00
3.016195e+00
6.421179e-01
6.201021e-01
9.567746e-01
1.599426e+00
2.431765e+00
4.567489e-01
1.252146e+00
2.450723e+00
2.117229e+00
1.097248e+00
3.737729e+00
5.265547e-01
1.314807e+00
3.735312e-01
1.366084e+00
1.795463e+00
7.377049e+00
6.354049e-01
3.226355e+00
7.106728e-01
1.701037e+00
8.737852e-01
1.189590e+00
1.599785e+00
1.141846e+00
1.696349e+00
1.035805e+00
1.748768e+00
2.604460e-01
4.573688e+00
7.846726e-01
5.972106e-01
5.881828e+00
5.147585e-01
1.368154e+00
2.066498e+00
2.593304e+00
4.672555e-01
6.093927e-01
5.330332e-01
7.454381e-01
1.169862e+00
2.078169e+00
3.340783e-01
6.425811e-01
2.763707e+00
5.838071e-01
1.770603e+00
1.914785e+00
2.585695e-01
3.520116e+00
1.271439e+00
3.990596e-01
2.681384e+00
7.459451e-01
9.399351e-01
1.233713e+00
6.258872e-01
1.738169e+01
6.422389e-01
5.791492e+00
2.454720e+00
5.897295e-01
2.600512e+00
9.211669e-01
3.090730e+00
9.004027e-01
4.893522e-01
1.301294e+00
1.042757e+00
6.000400e-01
1.538165e+00
3.498581e-01
3.589443e-01
1.756037e+00
3.296385e-01
2.113980e-01
5.852486e-01
1.536438e+00
1.602899e+00
5.129057e+00
7.060025e-01
8.128574e-01
6.705758e-01
6.242144e-01
4.608391e+00
1.353595e+00
3.832510e-01
4.543178e-01
8.641641e-01
1.815178e+00
5.542794e-01
7.024158e-01
5.642599e-01
1.416060e+00
1.604883e+00
1.758636e+00
7.553389e-01
8.683144e-01
4.474709e-01
7.418585e-01
4.903537e-01
5.027361e+00
2.153165e+00
2.764762e+00
1.870504e+00
4.593587e+00
1.303737e+00
1.032800e-01
4.880604e-01
2.257217e+00
1.459993e+00
1.776022e+00
5.556148e-01
1.059951e+00
4.674082e+00
2.394687e+00
1.373554e+00
3.012976e-01
9.564383e-01
8.085067e-01
1.886494e-01
3.993363e-01
6.265886e-01
1.017977e+00
6.743305e-01
4.761848e-01
1.392118e-01
3.932801e+00
5.961036e-01
2.212537e+00
3.324516e-01
3.388119e-01
6.056009e-01
3.449617e-01
6.352876e-01
9.124173e+00
1.216620e+00
9.190557e-01
2.172001e+00
6.577562e-01
3.119906e-01
7.146843e-01
1.224331e+00
9.020977e-01
1.365095e+00
1.372424e+00
2.083687e+00
2.657834e-01
1.524190e+00
9.327049e-01
3.275459e-01
4.715045e-01
6.447370e-01
2.027725e+00
8.466767e-01
5.326440e-01
2.480821e+00
2.230945e+00
3.817846e+00
2.706585e-01
2.981783e+00
5.845275e+00
5.872343e+00
6.531525e-01
5.944672e-01
5.345684e-01
2.801025e-01
4.354842e-01
1.716478e+00
5.212765e-01
4.981722e-01
1.126739e+00
6.315016e+00
2.344092e-01
1.710399e+00
2.542903e+00
7.631175e-01
1.542309e+00
2.857914e-01
2.997853e-01
1.059575e+00
1.688419e-01
4.350046e-01
4.682328e-01
4.784126e-01
1.738358e+00
1.969847e+00
8.529144e-01
1.735673e-01
3.583533e+00
1.112664e+00
1.859413e-01
6.640346e-01
6.105820e+00
6.604335e-01
6.120779e-01
5.140552e-01
5.980833e-01
1.154296e+00
3.097981e-01
1.559052e+00
1.403664e+00
3.002269e+00
2.671060e+00
7.581369e-01
1.024472e+00
4.893127e-01
5.167477e-01
5.777114e+00
7.111144e+00
1.277239e+00
4.244060e-01
1.412110e+00
3.746282e+00
4.822651e-01
4.140772e+00
8.076572e-01
2.577218e-01
6.083055e-01
4.789330e-01
3.532600e-01
2.825162e-01
4.674655e-01
3.091847e-01
1.771415e+00
3.801298e+00
2.161096e-01
9.445756e-01
3.646199e+00
1.429470e+00
1.042797e+00
8.242690e-01
2.659705e+00
3.581612e+00
3.511760e+00
9.944645e-01
2.908878e+00
1.675960e+00
8.125958e-01
4.732386e+00
2.397989e+00
8.981274e+00
3.759060e+00
7.074662e-01
4.444608e-01
6.414570e-01
1.259767e+00
5.781718e-01
8.800880e-01
4.622404e-01
5.667808e+00
3.285630e+00
8.234055e-01
2.597689e+00
5.642930e-01
3.336830e-01
8.532600e-01
1.835325e+00
3.130847e-01
9.811084e-01
6.026937e-01
1.301927e+00
7.409350e-01
8.338131e-01
1.242996e+00
2.130121e-01
3.505258e-01
1.834613e-01
4.691501e+00
5.905740e-01
9.429161e-01
2.126956e+00
7.135766e-01
4.917137e+00
3.156763e+00
1.075777e+00
3.997658e-01
5.155518e-01
3.302629e-01
4.960463e-01
4.587013e-01
1.257195e-01
3.809711e-01
8.805782e-01
3.235573e+00
4.552597e+00
2.979593e+00
2.566236e+00
3.786219e+00
2.761803e+00
1.389839e+00
2.358694e-01
9.339387e-01
5.777849e-01
4.655418e-01
1.576673e+00
9.723557e-01
4.057791e-01
2.135773e+00
1.403266e+00
1.931617e+00
2.110384e+00
2.088870e-01
8.810006e+00
7.511116e-01
5.288896e-01
1.796068e+00
1.792872e-01
2.024751e+00
4.130029e+00
1.491770e+00
2.197555e+00
5.570065e-01
1.617862e+00
1.240916e+00
1.816219e+00
7.762821e-01
7.237598e-01
2.316615e+00
2.423012e-01
4.290103e-01
2.276661e+00
1.678301e+00
1.556931e-01
2.421176e+00
6.887937e-01
1.140961e+00
3.409740e-01
7.416065e-01
2.744732e+00
1.275059e+00
6.330662e-01
1.565867e-01
1.473990e+00
3.826839e+00
6.544144e+00
1.326280e+00
4.634662e-01
1.080549e+00
3.211219e-01
2.986484e-01
4.648501e-01
4.600192e-01
5.224598e+00
9.110121e-02
2.112106e+00
1.675003e+00
1.935411e+00
3.254556e-01
1.285555e+00
7.346258e-01
3.575874e-01
1.427862e+00
1.654481e+00
4.712532e-01
8.642161e-01
1.045774e+00
7.508389e-01
7.020707e-01
1.491548e+00
5.774568e+00
9.912347e-01
4.470071e-01
1.639880e+00
1.585595e+00
2.631018e-01
4.367125e-01
1.723352e+00
1.619650e+00
4.417531e+00
4.922618e-01
2.846682e+00
1.117836e-01
2.544694e+00
2.588414e-01
1.267113e+01
5.293992e-01
1.949564e+00
1.773698e+00
5.967702e-01
3.529439e+00
5.219478e-01
1.099559e+00
1.683880e+00
1.740857e+00
4.496118e-01
1.097685e+00
8.327230e+00
3.939055e+00
1.429282e+00
2.703318e-01
1.213255e+00
2.339117e-01
1.458654e+01
3.776951e-01
9.212436e-01
2.017136e+00
1.979627e+00
1.713709e-01
2.812020e+00
7.138145e-01
4.464392e-01
5.645763e-01
2.217331e+00
5.772163e-01
6.192507e-02
4.874917e+00
1.096104e+00
4.577209e-01
3.626457e-01
3.400722e+00
3.196004e+00
2.453896e+00
6.879470e-01
4.768857e-02
2.541470e+00
8.779509e-01
5.841004e-01
6.476299e-01
2.406450e-01
1.834447e+00
6.065645e-01
1.272921e+00
1.057591e+00
5.236893e-01
4.855941e-01
7.827616e-01
4.012341e+00
9.881552e-01
1.596758e+00
8.453248e-01
3.702084e-01
4.854752e-01
5.037872e-01
6.620373e-01
1.405055e+00
4.599752e-01
8.932699e-01
1.948503e-01
3.420468e-01
1.454736e+00
3.008185e-01
6.819294e+00
4.999844e-01
1.732512e+00
1.220001e+00
8.762982e-01
3.659988e+00
3.833540e-01
3.462959e-01
4.316410e-01
3.910576e+00
4.797809e+00
6.918103e-01
4.499301e-01
2.913689e+00
1.539697e+00
8.395755e-01
4.195472e+00
2.943550e-01
6.156451e-01
1.314991e+01
6.355271e+00
3.697405e+00
5.326658e-01
1.165869e+00
1.859082e+00
3.855395e-01
1.072061e+00
1.744308e+00
5.289765e+00
1.221959e+00
2.031523e+00
2.830411e+00
2.390736e+00
1.005653e+00
2.699473e+00
2.216863e+00
3.853947e-01
9.016021e-01
4.398579e+00
7.161544e-01
2.301111e+00
1.452708e+00
3.620425e-01
1.045069e+01
1.188506e+00
2.075961e+00
1.871837e+00
1.211742e+00
2.721102e-01
5.556121e-01
8.483142e-02
2.433230e+00
2.987946e-01
4.183933e-01
6.439842e-01
1.257184e+00
4.136186e-01
1.523322e+00
1.896083e+00
2.493636e+01
5.418184e+00
1.091635e+00
8.651899e-01
2.913781e-01
3.689421e-01
1.426411e+00
5.370795e-01
9.119591e-02
5.275580e-01
2.831800e-01
1.815613e+00
2.202365e+00
1.217094e+00
1.654765e-01
5.018649e-01
1.049470e+00
2.657232e-01
6.333175e-01
1.648864e+00
1.036365e+00
9.703135e-01
6.822864e-01
1.612115e+00
2.005810e+00
4.825283e+00
2.039982e+00
2.232618e+00
1.239976e+01
7.095157e-01
1.365657e+00
7.114875e-01
6.103550e+00
9.398967e-01
2.564601e-01
8.166216e-01
3.337348e+00
1.271280e+00
2.758349e-01
1.547960e+00
1.439377e+00
9.566008e-02
8.269860e-01
4.445558e-01
1.467797e+00
2.557306e+00
2.539508e+00
1.136869e+00
1.165092e+00
3.191789e+00
3.713774e-01
2.129862e+00
4.101572e-01
7.867670e-01
1.058889e+00
3.791065e+00
2.367860e+00
4.324738e-01
2.480132e+00
1.812665e+00
3.243155e-01
7.375270e-01
2.341488e+00
5.215272e-01
2.761196e+00
4.771751e-01
1.547761e+00
6.349500e-01
2.404133e-01
2.378131e+00
6.025110e-01
9.079311e-01
1.577865e+00
2.536739e+00
2.109349e+00
5.505291e+00
3.125768e-01
1.057669e+00
1.813246e-01
9.470509e+00
6.565434e-01
2.823011e+00
1.104700e+00
1.956631e+00
3.498822e-01
1.255638e+00
1.422627e+00
5.987953e-01
1.301441e+00
5.338364e-01
8.738159e-01
8.933059e-01
1.194091e+00
1.193359e+00
1.074787e+00
6.624299e-01
3.834084e-01
6.402187e-01
1.455914e-01
1.750253e+00
3.695967e-01
1.997937e-01
6.250204e-01
3.274263e+00
1.796476e+00
8.930021e-02
9.867053e-01
5.608810e-01
7.265413e-01
7.183678e-01
3.111808e-01
8.866854e-01
2.322624e+00
4.003821e+00
3.092080e+00
8.852274e-01
8.896831e-02
1.289210e+00
1.191931e+00
2.212135e+00
1.606001e+00
5.161907e+00
2.183371e+00
2.351702e+00
6.198415e-01
4.155150e-01
1.300392e+00
1.876268e+00
7.008934e-01
6.139451e-01
3.817808e-01
5.487638e-01
5.458727e-01
1.471909e-01
4.154116e-01
2.027811e+00
1.941431e-01
9.717517e-01
9.702589e+00
1.593624e+00
1.231792e+00
3.711251e-01
2.353240e+00
8.467896e-01
2.018617e+00
2.095233e+00
2.697643e+00
1.146981e-01
4.597884e-01
1.085758e+00
2.330119e-01
3.382949e-01
2.497270e+00
4.194892e-01
1.111616e+00
1.003271e+00
1.167815e+00
3.796828e-01
7.486954e-01
8.752958e-01
2.357827e-01
4.291453e+00
5.737201e-01
2.569502e+00
5.940033e-01
7.158999e-01
7.215986e-01
2.762628e-01
8.263933e-01
7.879936e-01
4.156824e+00
2.832693e+00
2.871091e+00
3.413306e+00
4.416418e-01
2.821877e-01
4.011069e-01
7.618040e-01
3.182841e-01
4.565227e-01
2.796247e-01
2.886640e-01
7.412898e-01
2.218058e+00
1.175497e+00
4.950338e+00
3.861211e-01
4.409277e-01
5.638363e+00
9.702489e-01
1.676524e-01
4.126897e+00
8.096625e+00
1.066948e+00
6.266200e-01
3.358041e+01
1.885671e+00
1.761810e+01
3.271513e+00
2.556627e-01
7.958880e-01
5.233213e-01
9.075378e-01
1.104587e+00
1.105791e+00
1.165950e+00
5.426358e-01
4.277411e+00
2.674950e+00
3.871192e+00
1.149689e+00
7.323732e-01
1.315027e+00
1.184115e+00
2.872086e+00
1.536874e+00
1.344583e+00
2.769868e+00
7.744416e-01
1.688013e+00
5.212910e+00
1.294447e+00
3.166607e-01
1.379808e+00
5.949056e+00
1.242623e+01
2.377915e+00
7.759224e-01
3.276793e-02
1.808281e+00
2.252610e+00
7.713259e-02
1.669985e-01
1.692623e-01
1.936062e+00
2.305394e+00
3.938500e+00
4.759245e-01
2.209829e+00
6.367944e+00
3.844771e+00
8.319900e-01
4.948406e-01
8.427872e-01
2.456400e+00
5.369240e-01
1.938949e+00
4.205881e-01
3.217642e+00
4.482577e-01
6.411575e-01
9.931317e-01
2.086359e+00
2.997024e-01
1.553297e+00
2.514623e-01
1.406403e+00
6.467635e-01
2.040078e+00
3.845056e-01
1.709177e+00
1.987950e+00
6.613660e-01
1.855931e-01
3.223984e-01
2.622478e+00
3.736140e-01
6.453231e-01
1.660917e+00
4.042387e-01
1.170956e+00
1.304390e+00
2.005495e+00
5.111822e-01
1.687538e+00
9.892357e-01
3.493589e-01
3.531713e+00
9.644341e-01
2.715765e-01
1.992438e+00
3.612762e+00
2.607522e+00
3.140545e-01
2.818713e+00
2.664166e+00
1.355900e+00
2.230648e+00
1.239374e+00
1.205298e+00
9.106133e-01
6.405530e-01
6.627742e-01
3.068352e-01
3.501765e-01
4.469496e+00
1.865304e-01
1.318833e+00
4.852224e-01
8.900553e-01
5.043920e-01
2.263909e+01
1.913583e+00
2.061143e+00
1.168521e+00
9.003214e-01
4.275445e-01
1.887448e+00
2.380859e+00
2.326524e+00
5.009248e+00
3.003816e-01
1.322324e+01
6.359574e-01
2.302527e+00
6.081080e-02
4.595564e-02
2.714649e+00
1.421523e+00
4.451790e+00
1.003320e+00
6.451812e+00
4.636043e+00
1.812695e+00
1.652139e-01
3.243575e-01
7.562803e-01
3.231864e-01
6.016912e-01
3.210634e-01
4.760868e+00
1.129852e+00
5.325707e+00
5.431538e-01
9.600072e-01
2.650186e+00
1.373834e-01
9.952051e-01
2.260322e+00
7.001479e-01
2.813475e-01
1.060487e+00
1.192931e+00
3.718264e-01
3.760624e-01
2.378323e+00
1.825724e-01
7.358785e-01
3.086763e+00
1.001419e+00
1.475059e+00
5.466429e-01
3.161152e-01
6.148938e+00
1.106021e+00
9.580312e-01
1.783157e-01
4.478175e-01
1.358115e+00
1.503099e+00
2.962399e-01
8.213992e-01
5.321422e-02
1.258844e+00
3.143366e-01
3.956595e+00
9.699981e-02
2.265325e+00
6.204151e-01
6.768194e-01
2.126932e+00
2.670590e+00
1.507613e+00
7.393448e-01
2.690255e+00
1.789521e+01
2.793440e-01
6.048180e-01
2.057386e+00
1.747882e+00
5.366962e-01
5.618068e-01
7.406385e-01
1.819094e+00
3.663291e+00
1.660715e+00
1.985626e+00
4.812206e+00
6.879282e-01
5.923209e-01
2.667071e+00
1.485308e+00
1.490265e+00
4.435347e-01
1.927021e+00
1.477871e+00
8.596844e-01
7.726042e-01
2.721595e+00
7.348102e-01
4.022934e+00
1.426590e+00
1.380301e+00
2.009092e+00
3.879945e-01
8.583304e-01
4.388881e-01
1.110929e+00
2.145217e-01
3.432185e+00
2.991042e-01
1.962853e+00
1.600242e+00
1.524362e+00
3.555154e-01
2.804378e+00
8.169393e+00
1.916230e+00
8.291529e-01
4.318911e-01
7.711614e-01
5.102544e-01
3.299588e-01
4.922624e-01
6.664152e-01
1.889836e+00
2.474267e-01
5.254797e+00
3.011318e+00
1.764704e-01
3.265617e-01
1.607624e+00
8.464555e-01
4.599327e+00
3.404317e-01
3.275418e+00
8.117301e+00
5.619405e-01
4.318799e-01
1.644256e+00
6.768826e-01
3.939371e-01
9.431704e-01
1.440401e+00
1.147762e-01
5.051358e-01
1.269437e+00
5.122245e-01
2.891515e+00
1.740938e+00
5.387089e+00
2.538088e-01
1.576307e+00
3.225975e-01
1.696126e+00
1.225295e+00
1.846186e+00
3.213851e+00
1.334317e+01
6.335221e-01
1.176999e+00
5.908711e-01
5.705205e-01
1.809415e-01
4.404119e-01
3.040965e-01
1.938547e-01
7.035241e-01
7.892955e-01
2.773332e-01
1.040089e+00
6.734237e-01
2.760890e-01
1.603877e+00
1.233528e-01
2.492613e-01
1.554320e+00
6.665528e-01
2.755729e-01
1.098702e+00
5.056833e+00
1.368233e-01
7.554750e-01
4.549461e+00
2.341990e+00
3.420592e+00
8.728038e+00
2.714542e-01
9.415497e-01
8.366740e-02
1.342678e+00
1.678114e+00
7.830687e-01
1.504556e+00
7.324388e-01
1.257356e-01
1.654222e+00
1.868395e+00
1.712554e-01
1.587777e+00
1.251627e+00
9.882937e-01
3.215324e-01
2.264381e+00
3.628231e+00
3.741432e+00
2.986188e+00
5.101552e-01
9.366158e-01
7.481996e-01
3.092033e-01
3.388023e+00
1.071837e-01
2.012275e-01
9.416549e-01
3.209055e+00
9.847713e+00
2.532655e+00
2.794106e+00
2.925505e-01
2.398798e-01
4.111646e-01
1.683819e+00
1.542681e+00
1.347443e+00
9.011985e-01
8.501443e-01
3.356113e-01
4.341922e+00
3.652597e+00
1.871961e+00
5.442737e-01
1.210948e-01
5.720052e+00
1.960061e+00
3.926415e-01
2.618207e-01
3.493056e+00
3.837823e-01
1.660512e+00
1.022557e+00
1.009532e+00
5.404840e-01
2.946559e-01
6.707673e-01
5.550235e+00
2.417660e-01
8.685632e-01
9.191051e+00
1.074928e+00
1.305176e+00
1.727688e+00
5.060075e+00
9.133471e-01
3.327662e-01
1.180536e+00
3.964885e-01
1.684162e+00
1.077075e+00
1.131013e+00
3.292531e-01
1.316869e+00
2.640089e+00
7.746391e-01
3.282387e-01
2.067807e+00
1.011646e+00
6.734228e+00
1.265179e+00
8.473811e-01
6.909001e-01
4.362317e+00
6.587942e-01
1.114732e+00
2.827670e-01
4.826374e+00
1.299265e+00
6.983722e-01
9.826353e-01
8.324420e-01
2.321437e-01
9.031099e-01
4.104014e-01
5.570439e+00
1.729594e+00
3.357720e+00
1.379711e+00
1.486396e+00
3.483160e-01
1.427472e+00
2.769617e-01
2.615002e-01
1.582349e+00
1.643658e+00
6.101599e-01
7.622178e-01
1.699219e+00
9.332122e-01
2.280470e+00
6.448011e-01
8.895958e-01
7.138933e+00
1.974921e+00
3.629216e-01
1.041739e+00
3.223378e-01
1.323497e+00
3.315293e+00
3.129244e+00
5.428926e+00
3.500468e-01
3.762129e-01
7.458647e-01
1.996162e-01
5.149279e-01
1.213792e+00
6.576008e+00
4.692978e+00
9.623422e-01
1.846579e+00
2.301906e+00
1.895664e+00
4.203203e+00
5.258404e-01
2.142458e+00
1.379614e-01
2.957517e-01
3.159495e+00
9.703609e-01
5.401059e+00
2.163359e+00
2.377459e+00
1.148141e+00
1.022283e+00
9.958502e-01
9.100516e-01
1.176264e+00
2.845149e-01
1.992315e+00
4.388516e-01
2.342709e+00
5.372292e-01
7.185688e-01
1.713047e+00
2.725032e-01
9.137193e-02
3.348110e-01
2.227554e+00
3.596256e+00
4.598429e+00
4.802425e-01
1.195872e-01
8.795119e-01
1.974484e+00
6.912634e-01
1.079954e+00
5.531267e-01
1.757767e+00
2.614670e-01
1.940858e+00
1.587821e+00
2.657599e+00
2.230609e-01
1.242361e+00
1.140511e+00
6.504135e-01
4.880525e+00
7.882482e-01
8.113504e-01
3.407795e+00
5.707797e-01
3.048733e-01
3.048206e+00
7.786200e-01
6.993561e-01
1.229675e+00
1.158798e+00
7.389642e-01
1.794830e+00
1.039441e+00
2.344667e-01
2.699852e-01
2.448000e-01
6.817332e-01
7.552203e-01
3.255672e+00
1.316950e+00
5.765398e+00
1.255287e+00
3.292051e-01
2.803631e+00
5.376921e+00
3.023795e+00
5.719208e-01
2.985457e-01
1.215831e+00
1.389838e+00
3.625689e-01
2.758827e+00
1.466311e-01
3.626353e+00
4.475601e+00
9.426205e-02
1.974935e+00
8.830039e-01
1.906931e+00
8.171203e+00
8.819374e-01
9.332437e-01
5.063253e+00
1.987883e-01
4.673455e-01
1.316339e+00
1.604365e+01
1.883940e+00
1.446065e+00
1.349760e+00
2.164038e+00
5.841847e-01
4.096736e-01
5.575372e-01
5.546467e+00
1.356271e+00
1.419948e-01
1.589486e-01
3.328235e+00
2.914100e-01
1.511705e+00
2.064886e-01
1.759446e+00
3.910795e-01
9.587567e-01
1.198644e+00
2.954230e-01
4.267362e-01
7.790622e-01
1.417510e-01
3.302178e-01
2.799121e-01
1.682459e+00
1.586515e+00
3.800976e-01
2.494328e-01
8.236546e-01
5.052278e-01
1.012033e+00
1.648932e+00
3.360620e+00
7.212254e-01
3.402926e+00
1.233863e+00
1.534128e+00
5.732564e-01
3.462891e-01
2.358723e-01
5.394931e-01
4.686237e+00
2.741553e-01
2.868680e+00
1.855367e-01
1.316231e+00
1.646576e+00
4.449450e+00
5.933424e-01
1.465170e+00
3.003661e+00
4.858647e+00
8.163890e-01
1.888007e+00
2.247884e-01
1.896301e+00
6.861589e-01
8.354902e-01
1.282249e+00
1.620607e+00
5.203002e-01
1.223888e+00
5.860022e-01
3.919710e-01
1.086541e+00
3.513334e+00
3.146476e+00
9.039490e-01
7.853372e+00
1.150161e+00
1.085934e+00
6.380758e-01
4.035283e+00
2.104585e+00
8.901191e-01
5.961397e+00
2.061431e+00
1.768454e+00
1.276771e+00
2.481412e+00
6.344930e-01
2.520885e+00
8.765629e-01
2.743814e+00
6.320426e-01
1.510309e+00
1.391305e+00
6.846650e-01
9.168147e-01
9.005249e-01
5.597327e-01
8.947263e-01
5.501217e-01
3.887683e+00
2.825200e-01
1.631342e-01
6.330920e-01
7.162759e-01
1.566938e+00
2.124560e+00
2.470620e+00
1.533304e+00
1.171116e+00
1.372897e+00
1.759203e-01
2.242477e-01
5.985060e-01
6.960040e-01
2.335649e-01
8.451768e-01
7.082807e-01
2.427949e-01
2.071201e+00
1.964145e+00
1.826950e+00
1.343159e+00
2.056803e+00
1.393539e-01
6.585475e-01
1.766705e-01
1.097423e+00
2.560789e-01
1.147110e-01
6.724647e-01
8.019681e-01
1.157947e+00
1.840361e-01
8.414056e-01
6.840096e-01
5.050418e-02
3.003365e+00
1.290898e+00
3.936619e-01
2.398931e+00
1.222897e+00
1.584118e+00
2.218656e-01
2.784040e-01
1.598597e+00
9.115217e-01
1.258172e-01
1.503627e-01
7.785174e+00
1.062702e+00
3.180889e-01
8.725527e-01
1.761262e-01
5.513089e-01
3.159204e+00
6.482444e-01
1.633694e+00
3.574303e-01
1.686795e+00
7.675492e-01
1.565523e+00
6.321916e-01
4.049553e-01
1.996749e+00
9.442985e-01
8.017733e-01
9.919575e-01
6.870828e-01
5.037559e-01
1.001287e+00
9.150843e-01
1.020273e+00
1.123400e+00
1.165418e+00
7.114315e-01
7.888800e-01
1.406034e+00
2.626393e+00
3.023197e-01
7.266201e-01
9.061662e+00
1.476361e+00
3.718253e-01
1.029196e+00
1.301582e+00
3.865896e+00
9.126191e-01
2.524014e-01
3.381543e-01
3.003225e+00
9.571660e-01
3.083733e+00
4.154715e+00
3.873732e-01
4.984554e-01
1.027087e+00
2.388565e-01
1.416475e-01
1.723925e+00
1.554708e+00
2.512137e-01
8.742835e+00
2.354479e+00
2.436666e-01
1.113637e+00
5.143205e-01
5.492428e-01
2.833060e+00
1.418873e+00
6.366982e-01
6.661821e-01
2.389315e+00
1.934295e-01
8.792953e-01
1.010819e+00
3.980155e-01
1.199382e+00
2.297522e-01
4.781063e-01
1.461421e+00
2.218851e-01
8.513778e-01
2.084407e+00
6.383601e+00
2.580981e-01
4.024128e+00
5.226681e-01
9.853835e-01
8.939121e-01
3.378321e-01
1.726066e+00
1.050681e+00
2.525378e+00
1.972235e+00
1.152367e+00
1.966889e+00
1.085953e+00
3.861473e+00
1.983879e-01
1.187082e+00
2.876016e-01
3.238711e-01
1.486627e+00
3.682181e-01
1.227193e-01
2.410426e+00
2.717271e-01
1.656367e-01
1.155491e+00
1.038601e+00
3.224627e+00
1.491475e+00
5.368637e+00
7.043833e-01
1.669691e+00
7.270120e-01
5.089780e-01
8.411895e+00
1.076020e+01
4.828776e+00
7.240263e-01
8.251034e-01
4.152419e-01
4.844278e+00
9.419106e-02
7.677627e-01
3.819572e-01
3.399758e+00
8.299580e-01
1.982872e-01
1.890267e-01
1.168337e+00
1.423328e+00
2.614591e-01
1.419731e+00
7.329228e-01
2.377209e+00
2.372482e-01
1.407031e+00
1.322666e+00
3.640772e-01
8.513468e-01
1.362224e+00
4.797601e+00
1.055688e+00
2.634773e-01
5.271239e-01
1.823643e+00
8.770798e-01
3.002111e+00
1.029255e+00
4.217163e-01
1.438212e-01
4.977603e-01
2.415869e-01
1.875385e-01
1.843379e-01
5.355821e+00
4.057681e-01
3.559803e-01
2.223377e-01
1.207847e+00
3.193678e-01
9.995589e-01
1.599649e+00
5.846518e+00
1.753285e+00
3.568530e-01
1.997163e+00
3.966035e-01
1.746832e-01
4.484120e-01
1.510931e+00
1.128920e+00
5.025253e-01
2.626404e+00
5.128548e-01
7.056231e-01
2.063853e+00
6.897105e-02
1.086154e+00
5.689009e+00
5.857232e-01
3.906740e-01
3.182043e-01
1.447703e+00
1.046884e+00
2.943728e+00
2.914496e+00
3.712403e+00
7.671801e-01
4.188486e+00
2.119546e+00
9.939221e-01
1.773721e+00
8.021458e-01
1.512834e+00
1.120102e+00
6.270763e-01
2.156152e-01
1.997756e+00
2.798339e-01
4.108503e+00
2.208006e+00
3.985620e+00
6.693090e-01
1.289624e+00
1.823546e+00
3.683748e-01
8.319772e-01
1.218939e-01
3.450739e-01
7.843540e-01
6.597803e-01
3.789518e-01
2.552938e-01
1.324627e+00
2.011542e+00
8.358932e-01
2.776421e-01
3.018537e-01
1.544963e-01
1.566681e-01
8.170376e-01
1.184209e-01
9.195280e-01
2.572110e-01
3.004014e-01
5.922792e-01
2.384126e+00
1.701265e+00
2.087200e+01
5.207859e-01
4.873685e+00
3.964721e-01
2.723285e-01
5.905389e-01
3.756973e-01
7.714530e-01
8.981872e-01
1.278620e+00
5.213202e-01
7.369747e-01
1.346039e+00
4.420988e-01
6.115127e-01
1.003983e+00
3.960114e-01
4.580508e-01
5.718896e+00
8.406028e-01
8.831313e-01
5.980376e-01
3.917234e-01
2.847500e-01
8.202122e-01
4.975136e+00
4.222509e-01
1.790529e+00
3.861036e+00
3.804599e+00
7.385278e-01
1.792141e+00
3.758194e-01
1.242148e+00
8.153868e-01
3.876536e-01
5.944047e-01
3.851968e+00
1.300553e+00
4.326130e+00
8.346019e-01
3.974268e-01
2.080542e+00
1.057985e+00
7.911350e-01
2.831757e+00
2.914349e-01
5.685857e-01
1.288372e-01
2.409592e-01
2.146094e-01
1.720432e+00
3.869172e-01
2.024228e-01
7.665952e-01
3.572482e-01
1.070352e+00
1.809001e+00
5.907030e-01
2.315594e+00
3.002721e-01
3.327436e+00
1.349011e+00
4.580195e-01
1.562884e+00
1.480251e+00
1.967474e+00
8.503579e-01
6.209078e-01
1.009093e-01
3.520189e-01
2.084947e-01
1.380794e+00
7.476140e-01
1.429355e+00
3.313125e+00
1.019715e+00
