1.846343e+00
8.562359e-01
6.746095e-01
2.922721e-01
7.468102e-01
1.592015e+00
1.524287e+00
1.334089e+00
4.115195e-01
1.690359e+00
3.812800e-01
6.289572e-01
7.406658e-01
9.478718e-01
8.261681e-02
1.778436e+00
2.321616e-01
2.463062e+00
7.232677e-01
2.890534e+00
1.437351e+00
2.584933e-01
3.702595e+00
8.103880e-01
1.566756e+00
3.242428e+00
5.434524e-01
2.924089e-01
6.642539e-01
8.554339e-01
2.441439e-01
1.235146e+00
1.238050e+00
4.868407e+00
1.843706e+00
3.112791e-01
1.366354e+00
3.096254e+00
3.123171e-01
1.208733e+00
3.240127e+00
5.883641e-01
1.071530e+00
1.444739e+00
3.968689e-01
7.719690e-01
1.360408e+00
1.328518e+00
7.130944e-01
3.789067e-01
4.824043e+00
2.087455e-01
1.015466e+00
2.281292e-01
1.191420e+00
6.019839e-01
1.401234e+00
2.432461e-01
4.243041e+00
4.797536e+00
5.894059e-01
7.778691e+00
1.784802e+00
8.304660e-02
3.242429e+00
2.166503e+00
3.183543e-01
3.935300e-01
2.005392e+00
8.181296e-01
2.031052e-01
3.598516e-01
2.176499e+00
2.311813e+00
8.446390e-02
5.576551e-01
2.717442e+01
5.335716e-01
5.151131e-01
2.388242e+00
2.541327e+00
3.882713e-01
5.314328e+00
4.804130e-01
8.550485e-01
2.196028e+00
8.081986e-01
5.906658e+00
2.080174e+00
7.406535e-01
1.740743e+00
1.198783e+00
2.268323e+00
1.121545e+00
1.073311e+00
1.412183e+00
5.994229e-01
5.784836e-01
1.997273e+00
2.311702e-01
3.973650e-01
2.580458e-01
1.037378e+01
4.199220e-01
2.177700e-01
2.111210e-01
3.519118e-01
3.553414e+00
2.657618e-01
3.135283e-01
1.532284e+00
9.185236e-01
7.173186e-01
9.078693e-01
1.314270e+00
1.938655e-01
3.717332e-01
2.353853e+00
2.223063e+00
1.097384e+00
1.051261e+00
6.863223e+00
3.767760e-01
1.062507e+00
2.565721e-01
4.286261e-01
1.212216e+00
1.416271e+00
4.056210e-01
8.607429e-01
5.933746e-01
3.774594e+00
4.291485e+00
1.285410e+00
3.702815e-01
9.531869e-01
8.892054e-01
2.464258e+00
1.465667e+00
1.606149e-01
2.084816e+00
6.176826e-01
5.931048e-01
1.970689e+00
6.445177e-01
2.460760e+00
2.382498e+00
4.579564e+00
5.127860e+00
1.246748e+00
2.500951e+00
2.904682e+00
5.710367e-01
7.220893e-01
3.682670e-01
5.395510e-01
8.809479e-01
1.197336e+00
6.427560e-01
4.855129e-01
1.184316e+00
1.911183e+00
9.979621e-01
1.077477e+00
3.873181e-01
3.213361e+00
1.174878e+01
1.203105e+00
8.604112e-01
9.200698e-01
1.331320e+00
1.337204e+00
1.756975e+00
5.358680e-01
5.863434e-01
4.444159e+00
1.638079e+00
3.109345e-01
1.407456e-01
7.486672e-01
1.620886e-01
2.639316e-01
2.288601e+00
5.927107e-02
4.901398e-01
1.114084e+00
9.124957e-01
1.277562e+00
1.068202e+00
3.486172e-01
3.816925e+00
1.336117e+00
1.430429e+00
2.170432e-01
7.692539e-01
1.535270e+00
6.182542e-01
2.628123e+00
7.656000e-01
3.087837e-01
1.465033e+00
7.846761e-01
5.031963e+00
3.017244e+00
1.371668e+00
2.510877e-01
3.155286e-01
7.841356e-01
5.432563e-01
6.513195e-01
3.598475e+00
1.273962e+00
3.773901e-01
2.922522e+00
8.017322e-01
9.061248e-01
7.926108e-01
8.001389e-01
4.743988e+00
2.016481e+00
1.053816e+00
7.395609e-01
7.423477e-01
2.561278e+00
3.645969e-01
2.060227e-01
2.011398e+00
5.702687e-01
4.354456e+00
6.104186e+00
9.460736e-01
1.431157e+00
7.154406e-01
3.801163e-01
1.432900e+00
4.281682e+00
1.977399e+00
1.417052e+00
9.282645e-01
9.536908e-01
5.187034e-01
8.628077e-01
2.719781e+00
2.520302e+00
1.196825e-01
5.085074e+00
7.146714e-01
2.545440e+00
2.628832e+00
7.925553e-01
8.970767e-01
9.162705e-01
3.566153e-01
1.122402e+00
8.506235e-01
7.485501e-01
4.846304e-01
1.894210e+00
8.701869e-01
6.598732e-01
1.413639e+00
3.837050e+00
2.151816e+00
4.906544e+00
3.541194e-01
6.825074e-01
3.347253e+00
4.287761e-01
1.055211e+00
1.613872e-01
4.511285e+00
3.679107e+00
4.115889e+00
1.752769e-01
4.153811e-01
1.491581e+00
1.932648e+00
1.982856e+00
7.911838e-01
5.682701e-01
5.208070e-01
1.497590e+00
4.182944e-01
3.718281e+00
9.399310e-01
2.381415e-01
1.425867e+01
2.827922e-01
7.826214e-01
2.935869e-01
3.896038e+00
1.704884e+00
9.068273e-01
1.688817e+00
8.580397e-01
7.080095e-01
4.620152e-01
1.180897e+00
5.763509e-01
1.120796e+00
1.155700e+00
2.928901e+00
7.854357e-01
4.410860e+00
6.380062e-01
3.850349e+00
8.231835e-01
1.088100e+00
7.709394e-01
8.193691e+00
5.853223e-01
4.551094e-01
1.115888e-01
2.620879e-01
3.747692e-01
3.127075e-01
1.209802e+00
1.178212e+00
3.171366e+00
6.988803e-01
2.261453e+00
6.920862e-01
4.112541e+00
7.081123e-01
3.354490e-01
3.108445e-01
3.983774e-01
6.349287e-01
2.350909e+00
1.576499e+00
7.981982e+00
1.380574e+00
5.246749e-01
6.282751e-01
3.621770e-01
1.986318e+00
6.252099e-01
6.625812e-01
3.606862e-01
9.678028e-01
2.363031e+00
1.975102e+00
4.499785e-01
1.374653e+00
6.927622e-01
3.000201e-01
1.075096e+00
7.189367e-01
1.117556e+00
7.308552e-01
2.952708e+00
2.012115e-01
1.156761e+00
2.469332e-01
1.794394e+00
1.288842e+00
3.328929e-01
1.655273e-01
3.871299e-01
2.452728e-01
6.420069e-01
3.385640e-01
1.745737e+00
2.397792e+00
2.732709e-01
5.522638e+00
4.554555e-01
4.101744e+00
1.356181e+00
1.337140e+00
1.818255e+00
5.217595e-01
7.967933e-01
2.239951e+00
5.218640e-01
6.603362e-01
5.794380e-01
6.647089e-01
2.352851e+00
9.295006e-01
2.538214e-01
7.593612e-01
1.081258e+00
2.109346e+00
6.070586e-01
3.022587e-01
3.910984e-01
5.446691e-01
2.041946e+00
1.491683e+00
9.799861e-01
2.467163e+00
1.704286e+00
1.044829e+00
2.829675e+00
1.715749e+00
2.508220e+00
7.468447e-01
2.828685e-02
1.383294e-01
3.734118e-01
2.503767e+00
2.956684e+00
8.195606e-01
9.592545e-01
4.095137e+00
2.160826e-01
6.316226e-01
2.689417e+01
1.883806e+00
2.930232e-01
1.122189e+00
1.726579e+00
1.563916e+00
2.889113e-01
1.165387e+00
5.222058e-01
9.544428e-01
1.262348e+00
1.621315e+00
2.702228e-01
1.427410e+00
6.405872e-01
5.464619e-01
2.459564e-01
6.953387e+00
5.309521e-01
1.101249e+00
8.329127e+00
6.037288e+00
9.107710e-01
1.065018e+00
1.168990e+00
2.421241e+00
3.127059e+00
4.568153e-01
6.219326e-01
2.961573e-01
2.130337e-01
2.491821e-01
1.089164e+00
1.573278e+00
8.579528e-02
1.045159e+00
8.507722e-01
2.374648e+00
1.085182e+00
1.306974e+00
5.814721e-01
5.630146e+00
1.714382e-01
1.842203e+00
4.525544e+00
7.475751e-01
2.607081e+00
4.581534e-01
1.452984e-01
5.001162e+00
4.005715e-01
5.743388e+00
1.887985e+00
5.570152e-01
2.771251e+00
3.269022e-01
8.438152e+00
5.606768e-01
6.647634e-01
2.668407e+00
7.352005e-01
1.137467e+00
1.402245e+00
4.070889e+00
1.138212e+00
3.295427e-01
7.058133e-01
1.290598e+00
1.803293e+00
2.237237e-01
1.030871e+00
3.815769e-01
1.250581e+00
1.620772e-01
2.122611e+00
7.563340e-01
1.078296e+00
9.096374e-01
2.112024e-01
3.900999e-01
2.647213e-01
5.417444e-01
8.228140e-01
6.918040e-01
4.343574e-01
2.883797e+00
1.209980e+00
9.438289e-01
9.373521e-01
1.258362e+00
9.863957e-01
5.863223e-01
4.228075e-01
7.515820e-02
2.865339e-01
1.717988e+00
8.710990e-01
2.198328e+00
2.221869e-01
2.276857e+00
2.558523e-01
2.659507e-01
2.509026e+00
8.778999e-01
1.089070e+00
2.385174e-01
6.245344e-01
1.106491e+00
2.757460e-01
4.998719e+00
2.014574e+00
3.802191e-01
8.429573e-01
9.597298e-01
1.725442e-01
2.564857e+00
3.882654e-01
2.818397e+00
1.177070e+00
1.293646e+00
7.078974e-01
1.596831e+00
9.368960e-01
1.505453e+00
7.861207e-01
1.760762e+00
5.931131e-01
1.100065e+00
9.367349e-01
3.040435e-01
2.346165e-01
1.966107e+00
1.452548e-01
3.230584e-01
3.665431e+00
5.178805e-01
1.860624e+00
3.157411e+00
5.738053e+00
1.244452e+00
7.445931e+00
1.093792e+00
1.060113e+00
3.308880e-01
3.587246e-01
4.557105e-01
9.689187e-01
3.792255e-01
3.454950e-01
3.014018e+00
7.912283e-01
2.884480e-01
1.854938e+00
1.222770e-01
4.146236e-01
5.097889e-01
1.097803e+01
3.498019e-01
1.122911e+00
2.037128e+00
2.686016e-01
8.883878e-01
1.486672e+00
2.160902e+00
6.485722e+00
2.822951e+00
3.548652e+00
1.967887e+00
2.125953e+00
1.086811e+00
2.433721e+00
4.253179e+00
1.344448e+00
8.315146e+00
2.313238e+00
5.664234e-01
3.927682e+00
5.177398e-01
4.290456e-01
2.622142e+00
8.732908e-01
1.381140e+00
5.370008e-01
5.419748e-01
5.609565e-01
6.048302e-01
4.155665e-01
7.757265e-02
4.969312e-01
1.433588e+00
6.389742e+00
1.301263e+00
3.238123e-01
1.177583e+00
3.985915e+00
1.449122e+00
6.328385e-01
6.284928e-01
3.630400e-01
9.599239e-01
2.159141e+00
8.915301e-01
1.602926e+00
6.875412e-01
2.801700e-01
7.316311e-01
1.677001e+00
5.696029e-01
3.366063e+00
1.541657e+00
8.022453e-01
2.054332e+00
1.385682e+00
4.899430e-01
3.066192e-01
1.688697e+00
3.520156e+00
5.355507e+00
3.716090e-01
5.308181e-01
5.291562e-01
7.886915e-01
4.151597e-01
2.523246e+00
6.131166e-01
2.310465e-01
6.397122e-01
1.123957e+00
4.375553e+00
9.532572e-01
3.318677e+00
1.083851e+00
1.382346e+01
2.534797e+00
1.407727e+01
7.070631e-01
4.482466e-01
4.165816e+00
2.124229e+00
1.926190e-01
1.112450e+00
2.785896e+00
9.364641e-01
1.199582e-01
6.850637e-01
6.137008e-01
9.604774e+00
1.044452e+00
2.780678e+00
2.027540e+00
8.110626e-01
1.723113e+00
7.187752e-01
1.907329e+00
8.183475e-01
3.787436e-01
2.149570e+00
7.755667e-01
9.614122e-01
4.150953e+00
4.832874e+00
5.924942e+00
5.517488e+00
1.950795e+00
1.298185e+00
5.973103e-01
5.530544e-01
4.905325e-01
3.256257e+00
3.377032e+00
1.358808e+00
2.614766e+00
3.888494e+00
1.803340e+00
2.769542e+00
1.039513e+00
2.825605e-01
2.617765e+00
2.944990e-01
7.557877e-01
8.333113e-01
1.442717e-01
8.236034e-01
2.092763e+00
3.283544e+00
1.348473e+00
6.263423e-01
9.795788e-01
1.697836e+00
1.615418e+00
4.477034e-01
1.098356e+00
1.628852e+00
2.851686e+00
2.561467e-01
1.084630e+00
1.631756e+00
3.560321e-01
2.415869e+00
7.679457e+00
1.187367e+00
7.804848e-01
1.070977e+00
1.651459e+00
1.000147e+00
1.247680e-01
8.635038e-01
1.436915e+00
6.228434e-01
2.614692e-01
1.277804e+00
3.430879e-01
5.616510e-01
2.120586e+00
1.124048e+00
4.857490e-01
7.411202e-01
1.953055e+00
6.061539e-01
9.527193e-02
2.273656e+00
1.928350e-01
1.456944e+01
4.469109e-01
1.527357e+00
8.848709e-01
1.364316e+00
5.835997e+00
1.462556e+00
3.870582e+00
2.949810e+00
5.418680e-01
6.044146e-01
7.330977e-01
3.037276e-01
9.764373e-01
1.571621e+00
1.611426e+00
6.309720e-01
1.070275e+00
8.280636e+00
1.377656e+00
3.901802e-01
3.571454e-01
2.219842e+00
1.016842e+00
4.701208e-01
2.803521e-01
1.463461e+00
3.382801e-01
9.071767e-01
8.496169e-01
3.306621e+00
7.505145e-01
8.345867e+00
2.178383e+00
3.551641e+00
7.300926e-01
1.045977e+00
9.278215e-01
1.537303e+00
4.594378e-01
1.762737e+00
8.602765e-01
7.841232e-01
2.971723e+00
4.319200e+00
1.083879e+00
1.594081e-01
8.196730e-01
2.246753e+00
4.113358e-01
3.364979e+00
4.638503e-01
2.768121e+00
2.070343e+00
5.894294e+00
1.368004e+00
2.144487e+00
2.347251e+00
6.180657e-01
9.679832e-01
1.415965e-01
8.519543e+00
4.405506e+00
8.780079e-01
4.219722e-01
7.898422e-01
9.330344e-01
1.061330e+00
1.380110e+00
2.766321e+00
5.560208e-01
3.724600e+00
2.289487e+00
6.372643e-01
1.225192e+01
3.242156e-01
7.980547e-01
1.798707e+00
1.425619e-01
7.011315e-01
2.146040e+00
1.044465e+00
1.361394e+00
1.734780e+00
2.086946e+00
5.142087e-01
2.074731e+00
2.151888e+00
1.269754e+00
8.468473e-01
7.528629e-01
3.513394e+00
2.257925e+00
2.230444e-01
1.327485e+00
1.118460e-01
3.538354e-01
1.614497e+00
2.345889e-01
5.366834e-01
4.577015e-01
1.885423e-01
1.638255e+00
3.717533e+00
1.069759e+01
1.441909e+00
1.248832e+00
8.401298e-01
1.443073e-01
2.632111e-01
6.049102e-01
8.312730e-01
2.770934e+00
1.382977e-01
7.030665e-01
5.202154e-01
4.073102e-01
2.830646e-01
5.506278e+01
6.903730e-01
1.214242e+00
9.100810e-01
2.305261e+00
3.996839e-01
4.289909e+00
3.235633e+00
2.149934e-01
3.336296e-01
1.099585e+00
7.255992e-01
6.662982e-01
9.664220e-01
2.537569e+00
2.467035e+00
1.042269e+00
2.303238e+00
1.627184e+00
1.212292e+00
6.728798e-01
7.869857e-01
4.047639e+00
8.666500e-01
9.015819e-01
9.533445e-01
2.961034e+00
1.116456e+00
1.757705e+00
1.401513e+00
1.352515e+00
5.814469e-01
3.660779e-01
6.089975e-01
1.304314e+00
8.067051e-01
1.506412e+00
8.149542e-01
1.866788e+00
2.092323e+00
1.164284e+00
1.717269e-01
1.506581e-01
4.853981e-01
5.616377e+00
2.381352e+00
3.271804e-01
8.199998e-02
7.744268e-01
1.868440e-01
6.698967e+00
7.340149e-01
1.801022e-01
6.346443e-01
4.343428e-01
2.528401e+00
2.957326e+00
7.212650e-01
4.427208e-01
1.706385e-01
1.603506e+00
2.057842e-01
8.840219e-01
7.023579e-01
1.212046e+00
3.255846e+00
1.423228e+00
2.223216e-01
3.526706e+00
2.033674e-01
3.965601e-01
1.595876e+00
4.924872e-01
4.019222e+00
2.466618e+00
2.853179e+00
5.265618e-01
7.241008e-01
9.190000e-01
1.555795e+00
6.373383e-01
1.000263e+00
1.063523e+01
2.788632e-01
1.894023e+00
5.921943e+00
2.770038e+00
4.976124e+00
5.219168e-01
7.370944e-01
5.606377e+00
4.122048e+00
1.111556e+00
1.708222e+00
1.119769e+00
3.319209e+00
6.846874e-01
8.267904e-01
8.667127e-01
4.799571e-01
4.477929e-01
2.026403e+00
7.028519e-01
1.242334e+00
1.402000e+01
4.099141e+00
1.192217e+00
1.384185e+00
1.672016e+00
1.400122e+00
2.837765e-01
9.285636e-02
9.118913e-01
4.648350e-01
2.901946e-01
8.291754e-01
2.431139e+00
1.554485e+00
2.771587e-01
1.847138e+00
2.353211e-01
3.594883e-01
1.534142e+00
2.185874e-01
5.078061e-01
1.773230e-01
8.701776e-01
4.199953e-01
4.358484e+00
1.056898e+00
1.549476e+01
5.233931e+00
1.055108e+00
6.318769e-01
2.587020e+00
4.470397e-01
5.448957e+00
9.083006e-01
1.002758e+00
8.329324e-01
2.135250e+00
1.598379e+00
3.673360e-01
1.619791e+00
8.835150e-01
1.592236e+00
3.846577e+00
1.428233e+00
1.533786e+00
3.392702e-01
3.034649e+00
3.235392e-01
1.978974e+00
1.475223e-01
1.226218e+00
2.145055e+00
7.060939e-01
8.248916e-01
3.450175e-01
1.393490e+00
5.021530e-01
1.817481e+00
2.245903e+00
5.441514e-01
2.026378e-01
9.166830e-01
1.716014e-01
1.469230e+00
2.733225e+00
1.119232e-01
4.922468e-01
2.370083e-01
1.149604e-01
3.234705e-01
9.075499e-01
6.430615e-01
8.371650e-01
3.758580e-01
4.029657e+00
1.126311e+00
3.293165e-01
2.934488e+00
1.145946e+00
6.911341e-01
3.726929e+00
3.794400e+00
2.880593e+00
2.217933e+00
1.958289e-01
1.401009e+00
1.377229e+00
1.030956e+00
7.815516e-01
1.214023e+00
2.968667e+00
4.961324e+00
1.099330e+00
3.811342e-01
1.425246e+01
6.079198e-01
7.538632e-01
3.999762e-01
2.550684e-01
1.159096e+00
2.410742e-01
3.785671e-01
4.233759e+00
6.501429e-01
3.889326e-01
6.281059e-02
7.044016e-01
8.943199e-01
1.780585e+00
1.225754e+00
4.248961e+00
3.707694e-01
8.796327e-01
1.552342e+00
2.222548e+00
3.658865e+00
2.448499e-01
9.549314e-01
2.252396e+00
4.945927e-01
2.611644e-01
8.803961e+00
8.194988e-01
9.303813e-01
3.698634e-01
1.146397e+01
1.726305e+00
3.301944e+00
2.289250e+00
4.335773e-01
8.109844e-01
1.462860e+00
1.089347e+00
1.993881e-01
1.383570e+00
5.168048e+00
8.632092e-01
5.191905e+00
1.593934e-01
8.079250e-01
5.375326e-01
5.259915e-01
4.115802e+00
1.016987e+00
3.854282e+00
3.172407e-01
7.727981e-01
1.163454e-01
1.095954e+00
1.477634e+00
1.601188e+00
4.472722e+00
2.653398e-01
2.822916e+00
2.133517e-01
6.709400e-01
9.701697e-01
1.108480e+00
1.033039e+00
3.135477e-01
7.148706e+00
5.264259e-01
1.715762e+00
1.777357e+00
8.673660e-01
1.907330e+00
1.151957e+00
6.756941e-01
5.513877e-01
2.300218e-01
2.411988e+00
3.801397e-01
9.499799e+00
1.616889e+00
1.230717e+00
5.276050e-01
1.273955e-01
1.708488e+00
1.426691e-01
1.030666e+00
1.290804e+00
1.030282e+00
2.069803e-01
1.055515e+00
1.327412e-01
1.934914e+00
2.053290e+00
5.032238e-01
7.270219e-01
1.241048e+00
1.779104e+00
2.953468e-01
1.436556e+00
6.355833e-02
9.982621e-01
1.393726e+00
4.257474e-01
1.917643e+00
1.260349e+00
9.875349e-01
8.284512e-01
3.103450e-01
6.921588e-01
6.504771e-01
6.822187e-01
4.033622e-01
1.742062e+00
1.377212e+00
1.906765e+00
1.753523e-01
8.988270e-01
3.304017e+00
1.138621e+01
1.228592e+00
1.463568e-01
8.466251e-01
2.004092e+00
6.715127e+00
2.227641e+00
5.817519e+00
2.070265e+00
2.682053e-01
1.102849e+00
1.804144e+00
2.985413e-01
1.930143e+00
1.309764e+00
2.007068e-01
1.208885e+00
1.109906e+00
1.048217e+00
1.053650e+00
4.083005e+00
1.058375e+00
3.957387e-01
7.586445e-01
1.075227e+00
8.440074e-01
1.658243e+00
3.850228e-01
1.814294e+00
1.942876e-01
2.183530e-01
2.047845e+00
1.251257e+00
1.110074e+00
2.617440e-01
2.858121e+00
2.320569e-01
1.736684e+00
8.147190e-01
1.785379e+00
1.993609e+00
3.784914e+00
5.682004e-01
4.432443e-01
3.620876e-01
5.404916e+00
2.416826e+00
1.623331e+00
2.835740e+00
1.124153e+00
9.965384e+00
2.351536e-01
2.003968e+00
2.682512e-01
5.702089e-01
1.034828e+01
9.052770e-02
1.741129e+00
6.192424e-01
1.402562e+00
1.584939e-01
4.194708e+00
1.921473e+00
1.631531e+00
7.339038e-01
4.120661e-01
3.155632e-01
1.363692e+00
4.259723e-01
2.110955e+00
8.082663e-01
4.214135e+00
7.780636e-01
5.442589e-01
3.437595e+00
1.189107e+00
1.701099e-01
1.269937e+00
4.220986e-01
3.961177e+00
7.992496e-01
3.861175e-01
3.634363e-01
3.797527e+00
4.050066e-01
5.364119e-01
4.236969e+01
5.171866e-01
1.908594e+00
1.725553e+00
8.615232e-01
5.051866e-01
1.477941e+00
5.186521e-01
1.704930e+00
8.140095e+00
9.039304e-01
6.756116e+00
3.577690e+00
1.783237e+00
2.299786e+00
2.989525e-01
9.821652e-01
6.166496e-01
1.638470e+00
4.615942e-01
4.311614e-01
4.587681e-01
4.876474e-01
1.612792e+00
2.362003e+00
2.179593e+00
3.410020e-01
1.509637e+00
1.398973e-01
7.453793e-01
3.842566e-01
4.567748e-01
4.543518e+00
2.166024e+00
8.527415e-01
5.695290e-01
3.000004e+00
8.648396e-01
7.326408e-01
2.393730e+00
4.684877e+00
4.100472e-01
1.760340e+00
2.047328e+00
3.824239e+00
1.149138e+00
7.506163e-01
3.828375e+00
5.727444e+00
6.033045e-01
4.391142e-01
8.612661e-01
2.542440e+00
1.285475e-01
9.219014e-01
3.888782e-01
1.511615e+00
1.033939e+00
1.763361e+00
5.983592e-01
3.316136e-01
2.608043e+00
1.027485e+00
4.792751e+00
7.142865e-01
3.173433e+00
3.975986e-01
1.415319e+00
4.686041e+00
4.841923e-01
4.406060e+00
2.012236e+00
2.573475e+00
1.620657e-01
7.906248e-01
1.074110e+00
2.760186e+00
3.305997e-01
4.565288e+00
3.435689e+00
1.385720e+00
9.538511e-01
5.326540e-01
1.272678e+00
9.466853e-01
4.836995e-01
1.505066e+00
7.670455e-01
1.958647e+00
1.431754e+00
8.379582e-01
1.885913e-01
4.254144e+00
3.429725e-01
5.886437e-01
9.664164e+00
7.081503e+00
6.932422e-01
6.425879e+00
1.395475e+00
1.048279e+00
7.506636e-01
7.426131e-01
3.902733e-01
4.481731e+00
1.222959e+00
6.867628e-01
1.259457e+00
1.444952e+00
1.204204e-01
6.205612e-01
4.242631e-01
6.237422e+00
1.206828e+00
4.542677e-01
2.148128e+00
3.442464e-01
5.303923e-01
1.662700e-01
5.323984e-01
7.303375e-01
1.567693e+00
9.132458e-01
1.512314e+00
2.919078e-01
1.169586e-01
5.621729e+00
2.325896e+00
2.951172e+00
5.236701e+00
4.574129e-01
6.335999e-01
3.770026e-01
1.453612e+00
3.144375e+00
1.979139e+00
7.246040e-01
7.323171e-01
3.040804e-01
4.071385e-01
1.374239e+00
2.607598e+00
1.130668e+00
5.803154e-01
1.661435e+00
2.398636e+00
4.248323e+00
2.385342e+00
2.422412e-01
4.358177e+00
8.340882e-01
4.390943e-01
1.990201e+00
9.304439e+00
6.906104e-01
1.606919e+00
1.407299e+00
8.979344e-01
7.093282e-01
3.718154e+00
4.765050e+00
9.883068e-01
2.270491e-01
1.439857e+00
2.646627e+00
1.119420e+00
3.804494e+00
4.207361e+00
7.718682e-01
3.550154e+00
5.554185e+00
1.267518e+00
1.124327e+00
2.187180e-01
1.280829e+00
1.216793e+00
4.627157e+00
8.819086e-01
4.888460e-01
5.459327e+00
4.275203e+00
1.525299e+00
2.478555e-01
1.443436e+00
3.580822e+00
1.003183e+00
1.120899e+00
1.211400e+01
3.071248e-01
2.904800e-01
9.778452e-02
5.271521e-01
3.374750e-01
3.080300e-01
1.991638e-01
4.592075e-01
2.611075e-01
5.087140e-01
8.778302e+00
4.555970e+00
5.401314e-01
2.981203e+00
6.034465e-01
5.013659e+00
1.541781e+00
8.156174e+00
2.528117e+00
9.649260e-01
2.657375e-01
3.792811e+00
1.092158e+00
1.508190e+00
3.442277e-01
1.654783e+00
8.747548e-01
9.902572e-01
1.750868e+00
1.197993e+00
1.545183e+00
1.904749e+00
1.082687e+00
5.123927e+00
3.285824e+00
3.084475e+00
2.663526e-01
4.188487e-01
2.944025e-01
1.808755e+00
1.366377e+00
2.826678e+00
7.588050e-01
5.951043e-01
2.860039e-01
1.405144e+00
4.157555e-01
9.772446e-01
7.384346e-01
4.664993e+00
2.535240e+00
1.654437e+00
1.269435e-01
1.381634e+00
5.285216e-01
6.242915e+00
3.550932e+00
1.102403e+00
3.382816e-01
1.071286e+00
2.180899e+00
1.064089e+00
3.616732e-01
6.999754e-01
2.458071e+00
1.471571e+00
4.377463e-01
5.989459e+00
6.121378e+00
9.016315e-01
7.634006e-01
1.055855e+00
6.395768e-01
2.727623e-01
9.338165e+00
4.608523e-01
5.538502e+00
2.281070e-01
5.591128e+00
8.682409e-02
1.343730e+00
6.112674e-01
9.127587e-01
4.477631e-01
3.031665e+00
1.034734e+00
2.466529e-01
8.439399e-01
9.391819e-01
6.642645e-01
9.033074e-01
4.671426e-01
1.465154e+00
5.635254e-01
7.021849e-01
4.227856e+00
4.891175e-01
3.516817e+00
4.365845e-01
8.087454e-01
2.655767e+00
4.109698e-01
2.954104e-01
3.030141e+00
2.266740e+00
9.152372e-01
4.950022e-01
4.140305e-01
1.038633e+00
6.423599e-01
1.580708e+00
4.587783e-01
1.557777e+00
6.614218e-02
1.312112e+00
1.417560e+00
2.091953e+00
3.501583e-01
6.066284e-01
1.255062e-01
1.029354e-01
3.670943e+00
2.887514e+00
9.786839e-01
6.195829e-01
1.937993e+00
6.073567e-01
3.003702e-01
2.048438e+00
1.815452e+00
5.196560e-01
2.162743e-01
2.717593e-01
1.050669e-01
4.580031e+00
3.339556e-01
1.443537e-01
5.968292e-01
1.901529e+00
2.340877e+00
8.073444e-01
9.187163e-01
1.547896e+00
2.124806e-01
1.543507e+00
1.209924e-01
8.657184e-01
1.743302e+00
4.585585e-01
4.153757e-01
1.101560e+00
3.367402e-01
1.309954e+00
2.237143e+00
3.914330e+00
6.024947e-01
2.754876e-01
6.666231e-01
2.209610e+00
5.106140e-01
1.385572e+00
1.223588e+00
1.067451e+00
3.149826e+00
4.018782e-01
1.589064e+00
6.290934e-01
6.509259e-01
2.117443e+00
1.508112e+00
1.551252e+00
9.645369e-01
3.820688e-01
1.665714e-01
7.278810e-01
2.905730e-01
3.680519e+00
5.647692e+00
1.147020e+00
3.366442e+00
5.351324e-01
2.356674e+00
4.902983e-01
3.839149e+00
1.965801e+00
1.297311e+00
3.158311e+00
2.432168e+00
1.096344e+01
1.290525e+00
5.102825e+00
1.772157e-01
1.118953e+00
5.878661e-01
2.102843e-01
3.880766e+00
2.751147e-01
5.961201e-01
6.187142e+00
6.800900e-01
1.175200e+00
1.171222e+00
6.686134e-01
3.718292e+00
1.873623e+00
3.702804e-01
1.649011e-01
3.113403e-01
6.750720e-01
1.824292e-01
4.501773e-01
2.574889e+00
2.589348e-01
1.203388e+01
4.505598e-01
2.010659e+00
2.799581e+00
1.695197e+00
7.262664e-01
1.884397e+00
1.735512e+00
6.296300e-01
5.765090e-01
1.182276e+00
9.796709e-01
1.044117e+00
2.072854e+00
3.230365e+00
3.025518e+00
1.011376e+00
4.059518e-01
9.346139e-01
1.494631e+00
6.448029e-01
3.375657e+00
1.929120e+00
6.814058e-01
1.741919e+00
7.393384e+00
1.615115e+01
2.506099e+00
8.057299e-01
1.715045e-01
3.374332e+00
5.278586e-01
1.105823e+00
2.015410e+00
2.729170e+00
3.213420e+00
9.566745e-01
3.642274e-01
2.206913e+00
7.593596e-01
1.657573e+00
5.692988e+00
2.765642e+00
3.262941e-01
7.818000e-01
4.739223e-01
2.016745e+00
8.956137e-01
5.196206e-01
4.075855e+00
2.923542e+00
2.985309e-01
1.469020e+00
1.210115e+00
3.166565e+00
2.590166e+00
3.315110e+00
4.299530e-01
6.008611e+00
4.384042e-01
7.621880e-01
7.029750e+00
2.999343e-01
1.147238e+00
9.120271e-01
1.596585e+00
2.490239e+00
1.406898e+00
3.102346e-01
1.896832e+00
5.506324e-01
7.552182e-01
5.266105e-01
8.638084e-01
1.150445e+00
1.485807e+00
1.790991e+00
8.227924e-01
1.454001e+00
9.729151e-01
1.571972e+00
2.852287e+00
8.718701e-01
3.021201e+00
3.778392e+00
9.923982e-01
1.155242e-01
4.334019e-01
1.369133e+00
8.500574e-01
1.685238e-01
5.015612e-01
3.336500e-01
1.049496e+00
1.997856e+00
3.295158e+00
5.939791e-01
1.038269e+00
6.441798e-01
3.543086e-01
2.459768e-01
2.858208e-01
5.882708e-01
2.071927e+00
8.992539e-01
4.221961e-01
5.205691e-01
2.193985e+00
1.586003e+00
6.157021e-01
4.317273e-01
1.206197e+00
6.616668e-01
2.533469e-01
2.943103e+00
1.322608e+01
5.429514e-01
1.416249e+00
4.596525e-01
1.029803e+01
2.888655e+00
4.634641e+00
1.694239e+00
2.865188e+00
1.205320e-01
5.825266e-01
6.727651e-01
5.864862e+00
7.846427e-01
3.388942e+00
6.956335e-01
2.773024e-01
3.305654e+00
7.012346e-01
1.184583e+00
1.254109e+00
7.481842e+00
1.259231e+00
2.853575e+00
3.951871e-01
3.278838e-01
5.297892e+00
7.152304e-01
5.333663e-01
4.165676e-01
4.292176e-01
6.685997e-01
5.154791e-01
1.784250e+00
1.047757e+00
4.744786e+00
8.054275e-01
3.054854e+00
3.556037e-01
3.820029e-01
1.495301e+00
2.233414e+00
3.840451e-01
1.287482e+00
1.473532e+00
6.103835e-01
5.228074e+00
4.466102e-01
7.264668e+00
5.825053e-01
7.899940e+00
6.225839e-01
5.858519e-01
3.948942e-01
2.230943e-01
9.774514e-01
1.583451e+00
7.124932e-01
1.472478e+00
4.039097e+00
8.506217e-01
1.178667e+00
5.680996e-01
2.694799e+00
4.391107e-01
2.631693e+00
6.087148e-01
2.964756e+00
1.976495e-01
1.188199e+00
1.926680e+00
2.733295e+00
2.799503e+00
1.721859e+00
9.572766e-01
1.607269e+00
3.102571e+00
3.719729e-01
4.100941e-01
1.018663e+00
1.236255e+00
2.386413e-01
6.577233e-01
1.954376e+00
1.788526e+00
3.233422e+00
9.390897e-01
1.662799e-01
2.165008e+00
1.346443e+00
6.034228e-01
3.374278e-01
2.501828e-01
8.662733e-02
1.257900e+00
1.714173e+00
3.775135e+00
2.675582e-01
2.642576e+00
7.279827e+00
2.106271e+00
1.057056e+00
3.947525e+00
5.266914e+00
3.346183e+00
1.059564e+00
3.772164e+00
1.462340e+00
4.533198e-01
5.734154e-01
4.383377e-01
1.512646e+00
5.170720e-02
8.113818e-01
2.639458e+00
2.024149e+00
6.277174e-01
1.545527e+00
8.131474e-01
3.665231e-01
3.964927e-01
1.448534e+00
5.966655e+00
1.555339e+00
2.307656e+00
7.840743e-01
3.595497e-01
3.656823e+00
2.680580e+00
9.922832e-01
1.110297e+00
1.615129e+00
2.202378e+00
4.300601e+00
1.406580e+00
1.723010e-01
1.040907e+01
2.276784e-01
2.595132e-01
4.081840e+00
1.963286e-01
9.434328e-01
2.478632e-01
1.920514e+00
1.334419e+00
3.222253e-01
4.765202e-01
2.587785e+00
8.517627e-01
3.311243e+00
1.647604e+00
1.127903e-01
4.112542e-01
1.491169e+00
4.090197e+00
3.382206e-01
1.562696e+00
1.716469e+00
7.616667e-01
7.641534e-01
2.392620e+00
3.299433e-01
5.757464e+00
1.216024e+00
4.210100e+00
1.838769e+00
1.065140e+00
1.280096e+00
1.790406e+00
1.027059e+00
4.092645e-01
4.866936e-01
2.471244e+00
2.232169e+00
2.808988e+00
4.260454e-01
1.023133e-01
7.035352e+00
4.555616e-01
6.405784e-01
9.711369e-01
1.117779e+00
1.467722e+00
4.496240e-01
5.904191e+00
4.394281e-01
4.480135e-01
7.913812e-01
1.672432e+00
1.077331e+00
8.231069e-01
1.000938e-01
2.585134e-01
1.281419e+00
1.920102e+00
5.912060e-01
6.163651e-01
6.961603e-01
9.275324e-02
2.337516e-01
5.694669e+00
5.864607e-01
8.417917e-01
3.050022e+00
1.210838e+00
2.527582e-01
9.931212e-01
3.015509e+00
2.339710e+00
4.913771e-01
2.430299e-01
8.689362e-01
1.072053e-01
5.755323e-01
1.254293e-01
5.678404e-01
3.509511e-01
3.343827e+00
4.228479e-01
1.736995e+00
3.014880e+00
1.858066e+00
2.797387e+00
5.838059e+00
4.627150e-01
3.261770e-01
3.222136e+00
1.387907e+00
6.925544e-01
1.154084e+00
4.916655e-01
4.186547e-01
1.788711e-01
3.654408e-01
2.620096e+00
3.302910e+00
4.681125e+00
4.215253e-01
1.347909e+00
1.452963e+00
4.900645e-01
1.144096e+00
9.270570e-01
2.702762e-01
3.571958e-01
5.151821e-01
1.589537e+00
1.563342e+00
8.989627e-01
9.794187e-02
2.004969e+00
7.559062e+00
2.958275e-01
1.942503e+00
2.395293e+00
3.321700e-01
4.589023e-01
2.787649e+00
8.138523e-01
2.039264e-01
1.505685e+00
1.021863e+00
1.037611e+00
7.750507e-01
1.058828e+00
1.021970e+00
1.523709e+00
2.579297e+00
7.840530e-01
3.738323e-01
9.656957e-01
7.922932e-01
3.580221e+00
1.067861e+00
3.329449e+00
1.872034e+00
3.523722e-01
1.442836e-01
4.287873e+00
1.311294e+00
3.003354e+00
9.778639e-01
2.090167e-01
3.942621e-01
2.821279e-01
7.333741e-01
3.999073e+00
1.081926e+00
1.610304e+00
5.364132e+01
8.001410e-01
3.380478e-01
4.212485e-01
6.462691e-01
9.576035e-01
1.004160e+00
8.833180e-01
8.349974e-01
1.305265e-01
2.114645e+00
3.758483e+00
3.855559e-01
2.311017e+00
7.123523e+00
2.392105e-01
4.919619e-01
7.914034e-01
6.577508e-01
2.362750e+00
1.198029e+00
2.788951e+00
2.388019e+00
2.918124e+00
1.677701e+00
6.366645e-01
9.745207e-01
5.187917e-01
9.590212e-01
6.069742e-01
2.386946e+00
3.741756e+00
3.920219e+00
1.698786e+00
6.556605e-01
4.094765e-01
5.029265e-01
1.175863e+00
3.627994e+00
1.503000e-01
1.320843e+00
1.782493e+00
1.227312e+00
4.176195e+00
9.064726e-01
2.306514e+00
7.515664e-01
2.744018e+00
1.610350e+00
1.907840e-01
8.585216e+00
8.676525e-01
2.487320e-01
4.082349e+00
3.394636e+00
2.014653e+00
3.812674e-01
5.588961e-01
1.573453e+00
3.960843e-01
9.003168e-01
5.898967e-01
1.055361e+00
5.703134e-01
6.582004e-01
1.150631e+00
1.862482e+00
7.899153e+00
9.003062e-01
2.684387e-01
5.170086e+00
9.484083e-01
1.103010e+00
4.258545e+00
1.308739e-01
2.331805e+00
1.911571e-01
1.421234e+00
7.644521e-01
5.002607e+00
8.933908e-01
7.753422e-01
1.140326e+00
4.262495e-01
1.638827e+00
1.843421e+00
7.882137e-01
8.956738e-01
1.104225e+00
3.522317e+00
1.236139e+00
8.089614e-01
1.629728e-01
4.704816e-01
9.771037e-01
4.851108e+00
2.678646e-01
2.428773e+00
2.770171e+00
3.997124e-01
2.650074e+00
2.413066e-01
3.263593e+00
4.282629e-01
2.867303e-01
4.207497e-01
1.193624e+00
6.576513e-01
8.828886e-01
1.460309e+00
1.093647e+00
4.823653e-01
1.022450e+00
6.221989e-01
5.385323e-01
2.671717e+00
1.677727e+00
4.905487e-01
2.119355e-01
7.061824e-01
6.794910e-02
2.997688e+00
2.742210e+00
2.560979e+00
8.478996e-01
1.535185e-01
2.870924e-01
5.913738e-01
8.927398e-02
1.727955e+00
1.987565e+00
7.841477e-02
9.068573e-01
4.946369e-01
2.532036e-01
1.455992e+00
4.178588e-01
9.396500e-02
1.887801e+00
1.997834e+00
5.937238e+00
3.495673e-01
1.051747e+00
5.372830e-01
7.788721e-01
5.048788e-01
5.946078e-01
3.262313e+00
3.007911e-01
5.342551e-01
3.267012e-01
1.368811e+00
1.605319e-01
2.988689e-01
2.372976e+00
6.908820e-01
1.187450e-01
1.167691e+01
8.748055e-01
2.995720e+00
1.878086e+00
4.491628e-01
6.848186e-01
5.019812e-01
2.802193e+00
3.507181e+00
1.719735e-01
2.712136e+00
6.591378e-01
1.021434e+00
1.174490e+00
2.720726e-01
5.325921e+00
2.037464e+00
8.722095e+00
7.057787e+00
6.777433e-01
2.991834e+00
1.571903e+00
2.143688e+00
1.795513e-01
1.265089e+00
9.901917e-01
2.674950e+00
3.535173e+00
2.247272e+00
5.890871e-01
2.549738e-01
1.698140e-01
2.326135e-01
2.833353e-01
7.123876e-01
1.708773e+00
5.188324e-01
5.778568e+00
1.733079e+00
6.894313e-01
6.023778e-01
1.092077e+00
2.966939e+00
7.104035e+00
6.551631e-01
1.064008e+00
4.980164e-01
5.954962e-01
3.209248e-01
1.074744e+00
1.045130e+00
5.742656e+00
2.273026e-01
1.249021e+00
1.323339e+00
2.913377e-01
2.426363e+00
2.011935e+00
5.221708e-01
2.410200e+00
7.872205e-01
4.433313e-01
1.650405e+00
1.785638e+00
1.645823e+00
1.993398e+00
1.138479e+00
2.122539e+00
1.038400e+00
4.812358e-01
1.891308e+00
7.747851e-01
6.720560e-01
1.995284e-01
9.611882e-01
3.032513e+00
1.301388e+00
8.234291e-01
4.153330e+00
4.756865e-01
4.998911e+00
2.562696e-01
1.414937e+00
2.387086e+01
9.234392e-01
2.363741e+00
2.322286e-01
1.039553e+00
2.407570e-01
1.613192e+00
3.399781e+00
9.591742e-02
3.401868e+00
1.688459e+00
1.892305e+00
4.837321e-01
1.514141e-01
1.963042e-01
1.669083e+00
1.800807e+00
5.163861e-01
4.437938e-01
5.523630e-01
2.141759e+00
4.109260e+00
3.703147e-01
1.598765e-01
8.603995e-01
5.925132e-01
2.002688e+00
2.029120e+00
5.797925e-01
6.402134e-01
1.108739e+00
1.996938e+00
1.419967e+00
3.563071e+00
1.790374e-01
2.358882e+00
3.936075e-01
1.267640e+00
4.827244e-01
1.084112e+00
1.348292e+00
1.482307e+00
7.547581e-01
1.878026e+00
1.734947e+00
2.256003e-01
1.530881e+00
4.864835e+00
2.498913e-01
1.266442e+01
2.152564e+00
7.601443e-01
1.828085e+00
4.104345e-01
3.317698e-01
4.916102e-01
2.318397e+00
3.869034e-01
2.413775e+00
7.711763e-01
1.594257e+00
1.955175e+00
1.459530e+00
9.430717e-01
1.403596e+00
1.718000e+00
2.624983e-01
1.273820e+00
1.506219e+00
8.068843e-01
1.173735e+00
2.739070e+00
7.118482e-01
1.044053e+00
6.161641e-01
9.636889e-01
2.634289e+00
7.392361e-01
1.214775e+00
2.887231e+00
4.828391e-01
1.175742e+00
1.930565e+00
2.839256e-01
1.636001e+00
2.783368e+00
3.543210e+01
2.986868e+00
2.061442e+01
6.273178e-01
1.596082e+00
1.905463e+00
1.592726e+00
1.060141e+00
2.343402e-01
6.234919e-01
1.437823e+00
3.418444e+00
6.372999e-01
3.866208e-01
2.060163e+00
9.660022e-01
1.942429e-01
5.551556e+00
7.713107e-01
2.254237e+00
2.462178e-01
4.000295e+00
2.646980e-01
4.492341e+00
7.690292e-01
2.262745e+00
1.740481e+00
1.061903e+00
6.861731e+00
7.681472e-01
1.637717e+00
3.920256e-01
1.790501e+00
1.945591e+00
8.931268e-01
1.562268e+00
6.396587e-01
1.434034e+00
1.350522e+00
9.855053e+00
5.178857e-01
1.465463e+00
5.739706e+00
1.826030e+00
1.836862e+00
6.967609e-01
1.440692e+01
1.943784e+00
7.092392e-01
6.394105e-01
3.665571e-01
1.590827e+00
1.419493e+00
3.704567e-01
8.754691e-01
1.976308e-01
4.682983e+00
1.722411e+00
3.088905e-01
1.319670e+00
7.479607e-01
6.003723e-01
1.538353e+00
5.599150e-01
2.567959e+00
1.222316e+00
3.044748e-01
9.502198e-01
6.044927e-01
1.589200e+00
8.077799e-02
4.447632e-01
6.108638e-01
1.380696e+00
1.070461e+00
6.413217e-01
4.899403e+00
3.601982e-01
2.640103e-01
2.700566e-01
7.526099e-01
4.988825e-01
2.858531e+00
2.483390e+00
6.782930e-01
2.449458e-01
5.221672e+00
8.251015e-01
4.358346e-01
3.707350e-01
1.563833e+00
1.530197e+00
3.765283e-01
1.690536e+00
1.823095e-01
5.509797e-01
1.449635e+00
4.966950e+00
1.270079e+00
6.786273e-01
9.287899e-01
2.112834e-01
1.340645e+00
7.291253e-01
4.769872e+00
1.714501e+00
1.822866e-01
1.366480e+00
1.663403e-01
2.654462e-01
1.595676e-01
2.287223e-01
2.950976e+00
3.126516e+00
1.005182e+00
2.906993e+00
3.115812e+00
4.363728e-01
1.481149e-01
1.903854e+00
9.048480e-01
5.508853e-01
9.036697e-01
3.479717e-01
1.153315e+00
2.043769e+00
1.864976e-01
1.052408e+00
3.815530e+00
1.164804e+00
4.103522e-01
9.513555e-01
6.131984e-01
4.835889e-01
4.239234e-01
6.771748e-01
3.107321e-01
8.098225e-01
7.644881e-01
2.805148e+00
1.055518e+00
1.061259e+00
3.046046e-01
1.577003e+00
4.112092e-01
7.374418e-01
1.981115e+00
5.939780e-01
7.372453e-01
2.695582e-01
1.170855e+00
4.720546e-01
1.133671e-01
9.888820e-01
4.152507e-01
1.700687e+00
2.861599e-01
7.756513e-01
6.505900e+00
1.085122e+00
1.715966e+00
9.030057e-01
5.759169e-01
4.155591e-01
1.220117e+00
1.333316e+00
7.461008e-02
2.015352e+00
3.037446e-01
9.611105e-01
1.613224e+00
3.753053e-01
7.866280e-01
5.046741e-01
2.252301e+00
6.489636e-01
2.179301e+00
3.798291e-01
5.290160e-01
1.876596e+00
2.865417e-01
3.391403e-01
3.269847e-01
1.027613e+00
8.029912e-01
7.630064e-01
6.314810e-01
2.772904e+00
1.137520e+00
8.614468e-01
2.665809e+00
4.047005e-01
1.558459e+00
8.797796e-01
6.051395e-01
4.675158e-01
1.746455e-01
2.263294e+00
7.898983e-01
3.988010e+00
1.592834e+00
7.470456e-01
3.542692e+00
1.015875e+00
9.512766e-01
4.622054e+00
4.455485e-01
1.650601e+00
1.648350e+00
5.253792e-01
1.249574e+00
1.262402e-01
4.603437e-01
1.200776e+00
5.012684e-01
1.920012e-01
1.376127e+00
1.227911e+00
1.572807e+00
3.129689e+00
4.281935e+00
6.244865e-01
5.723722e-01
5.610526e+00
1.530099e+00
1.830956e+00
8.701185e-01
1.777325e+00
1.416404e+00
1.839500e+00
2.183979e+00
1.344417e+00
4.513007e-01
2.779769e-01
2.954718e+00
2.496053e+00
9.245305e-01
1.408170e+00
1.051980e+00
3.075385e-01
6.183386e-01
9.149991e-01
1.111322e+00
3.209872e+00
5.772533e-01
3.438337e-01
2.262753e+00
5.112577e-01
1.555894e+00
1.296154e+00
2.068803e+00
2.961277e+00
7.334004e-01
5.191054e-01
6.446738e-01
5.983240e-01
2.282789e+00
6.145124e-01
1.240461e+00
4.897234e+00
1.052241e+00
5.288043e+00
1.019592e+00
3.635272e+00
2.464468e+01
2.612008e-01
3.969999e-01
1.183452e+00
1.119814e+00
2.193560e-01
7.892808e-01
3.944375e-01
1.951954e+00
3.992963e+01
9.836337e+00
1.004064e+00
6.448367e-01
7.208640e-01
1.100290e+00
1.197206e-01
1.328683e+00
2.498464e+00
1.000201e+00
8.060673e-01
5.478760e-01
2.363998e+00
6.552172e-01
3.964108e-01
2.287863e+00
2.005438e+01
4.694834e-01
5.936662e-01
3.003670e+00
2.353683e+00
2.324657e+00
5.395835e-01
7.819997e-01
9.120426e-01
4.117270e-01
3.447074e-01
2.234358e+00
7.282022e-01
1.015764e+00
1.455835e+00
2.146298e-01
1.163892e+00
1.579371e+00
5.488783e-01
1.418164e+00
1.113784e+00
2.570673e-01
8.556352e-01
1.338708e+00
6.597497e-01
5.589980e-01
1.888058e+00
4.997568e-01
1.350301e+00
5.879249e-01
1.369967e+00
4.835059e-01
1.758663e+00
1.106428e+00
1.617369e+00
8.936102e-01
8.585718e-01
3.002324e+00
2.149070e+00
1.112466e+00
8.168528e+00
1.290151e+00
1.280877e+00
4.090237e-01
5.803625e-01
7.768140e+00
5.895027e-01
1.197977e+00
7.055120e-01
7.856894e-01
7.514901e-01
1.641677e+00
6.628925e+00
4.241433e+00
5.519320e-01
7.816087e-01
3.207507e-01
7.259896e-02
1.093395e+00
4.755759e-01
1.449068e+00
4.914984e-01
4.309097e-01
2.599054e+00
1.366320e+00
2.577666e+00
1.822245e+00
2.697581e-01
1.296269e+00
5.930274e+00
1.155988e+00
1.765369e-01
1.198850e+00
7.412391e-01
7.781810e-01
2.971690e+00
1.045293e+00
7.836633e-01
1.881654e-01
5.711217e+00
2.295739e-01
3.236378e+00
2.319610e+00
2.717042e+00
2.755367e-01
7.221859e-01
9.315082e-01
1.540400e+00
1.686385e+00
4.807462e+00
9.600137e-01
1.210639e+00
1.787439e-01
1.459721e+00
9.633612e-01
9.247726e-01
5.927238e-01
6.964829e-01
2.330291e-01
1.935612e+00
7.272386e-01
1.079307e+00
5.814855e+00
1.454786e+00
4.568006e+00
9.223045e-01
7.298628e-02
3.548219e-01
2.412615e+00
6.672888e-01
3.093948e+00
6.595942e-01
1.647743e+00
9.311024e-01
1.634497e+00
9.748919e-01
1.560211e+00
3.385589e+00
4.041821e-02
6.091357e-01
4.038933e-01
8.286601e-01
9.287466e-01
1.117787e+00
6.560409e-01
1.253550e+01
2.807624e+00
2.370905e+00
2.457077e-01
2.944036e-01
2.206636e+00
6.418215e-02
3.766873e+00
9.056555e-01
2.587997e+00
1.764588e+00
1.245370e-01
7.374594e-01
4.238062e-01
5.977435e-01
1.160087e+00
3.057528e+00
2.044526e+00
1.117916e+00
7.144702e-01
8.395559e-01
1.128995e+00
3.555457e+00
6.690351e-01
4.057111e-01
5.799415e-01
3.099534e+00
3.696937e+00
6.343314e-01
9.527080e-01
1.551992e+00
2.239282e-01
1.824780e+00
5.317640e-01
2.919816e+00
1.095439e+00
2.494560e+00
4.465260e-01
7.189884e-01
8.667725e-01
7.471241e+00
1.626742e+00
1.716343e-01
2.704418e+00
3.683594e-01
9.893955e-01
2.217972e+00
3.992815e+00
3.284365e+00
3.851388e-01
1.506536e+00
5.985537e-01
1.645641e+00
1.076869e+00
4.518286e-01
7.866233e-01
2.208500e+00
2.841923e-01
8.712717e-01
1.194489e+00
1.548547e+00
1.556567e+00
1.663964e+00
5.003230e-01
1.802249e+00
1.679150e+00
4.902518e-01
7.943541e-01
9.201365e-01
1.723034e+00
3.693036e+00
8.633577e-01
3.866808e+00
1.144262e-01
1.688053e+00
7.995951e-01
5.381192e-01
6.393470e-01
8.538716e-01
1.826245e+00
5.960457e+00
2.689539e-01
3.705000e+00
1.412734e+00
1.393801e-01
3.544282e-01
6.334498e-01
3.597555e+00
6.616551e-01
2.383598e+00
5.282716e-01
5.970485e-01
1.467252e+00
8.173249e-01
1.419357e+00
2.022498e+00
2.481308e-01
3.608189e-01
2.028064e+00
7.123340e-01
7.068491e-01
1.832281e+00
7.425269e-01
2.288967e+00
9.151794e-01
8.877431e-01
9.704470e-01
2.328032e-01
6.330988e-01
1.880781e+00
5.854344e-01
2.183489e+00
6.614092e-01
3.671497e+00
3.046590e-01
1.522855e+00
2.371857e+01
1.876714e+00
1.097106e+00
1.081076e-01
1.317936e+00
1.768003e+00
1.112257e+00
9.404425e-01
5.181481e-01
1.604541e+00
1.753190e-01
2.164267e-01
6.332957e+00
9.572159e-01
2.272352e+00
1.750447e+00
7.545350e-01
3.371133e-01
1.719544e+00
1.783710e+00
4.820517e-01
3.039231e+00
2.089715e+00
8.031652e-01
3.442439e+00
3.467332e-01
9.620605e-02
2.520159e+00
1.968484e+00
1.992756e+00
5.641931e-01
7.177132e-02
4.565939e-01
9.397594e-01
4.074076e-01
1.376898e+00
3.286137e+00
6.908943e-01
8.346973e-01
4.805786e-01
1.266355e+00
5.040648e+00
2.338924e-01
1.918638e+00
9.306572e-01
6.590420e-01
3.134885e-01
3.156589e+00
3.255041e+00
1.349317e+00
4.934855e+00
1.036137e+00
1.278331e+00
1.402797e+00
2.337908e+00
4.788299e-01
2.219179e-01
4.077894e+00
2.310529e+00
1.653398e+00
1.693513e+00
9.181335e-01
4.656773e-01
1.840376e+00
9.615193e-01
9.696145e-01
2.307688e+00
8.685507e-01
1.821600e+00
1.493001e+00
7.479023e-01
2.328032e+00
4.122042e-01
6.631504e-02
3.123260e+00
4.803261e-01
8.760084e-01
4.304615e-01
5.223901e+00
2.827139e+00
2.020905e+00
1.748102e+00
1.333566e+01
1.187186e+00
2.848849e-01
1.364871e-01
2.136046e+00
9.730301e-01
4.618829e-01
1.612762e+00
4.718330e-01
1.842649e+00
3.683370e+00
4.199324e-01
4.731268e-01
8.913726e-01
3.863117e+00
4.728218e+00
4.310729e+00
1.246407e+00
2.034463e-01
5.775119e+00
5.125637e-01
1.540509e+00
1.376813e+00
7.047897e-01
3.071470e-01
1.852883e+00
8.171592e+00
1.470999e+00
6.474712e-01
2.095921e-01
1.389106e+00
2.583483e+00
3.883172e-01
6.805757e+00
3.505817e+00
6.479178e-01
1.422754e+00
1.016642e+01
3.091625e-01
1.140381e-01
1.038940e+00
8.534319e-01
1.929322e+00
6.850177e-01
1.034667e+00
8.067469e+00
2.259801e+00
5.565822e+00
3.781859e-01
7.960128e-01
1.297404e+00
1.369005e-01
1.924404e+00
1.029525e+00
1.242958e-01
5.548110e+00
2.763850e-01
1.004890e+01
9.508787e-01
9.061427e-01
3.478535e-01
2.549927e+00
1.815143e+00
9.704576e-01
1.686571e+00
6.466918e-01
4.599438e-01
1.287478e+00
1.008346e+00
1.747036e+00
1.123798e+00
3.819008e-01
2.308884e-01
9.150141e-01
3.942745e-01
8.585517e+00
9.269830e-01
1.060253e+00
2.398895e-01
1.567150e+00
1.162005e+00
2.595685e+00
9.303400e-01
9.894265e-01
5.546290e-01
2.651547e+00
9.378044e-01
4.688955e-01
1.643043e+01
1.854835e+00
9.271408e-01
1.881457e+00
9.203437e-01
5.403180e-01
2.578227e-01
8.498939e-01
6.105676e-01
7.410355e-01
2.476479e-01
1.089244e+00
1.970206e+00
5.854261e-01
2.229395e+00
7.883379e-01
1.591890e+00
1.055892e+00
7.495060e-01
1.017040e+00
2.768706e+00
9.951361e-01
4.503116e-01
1.552584e+00
3.439144e-01
1.091513e+00
9.266385e+00
5.551373e-01
4.420031e-01
1.606876e+00
5.329117e-02
1.012093e+00
6.877292e-01
4.111815e-01
1.116698e+00
2.794196e+00
5.425184e+00
1.769870e-01
5.940394e+00
1.291019e+00
1.255575e+00
4.852162e+00
1.217516e+00
3.180310e+00
3.152333e-01
4.508829e+00
1.329595e+00
2.594847e+00
8.471953e-01
2.380506e+00
2.980981e+00
5.532934e-01
3.305424e+00
1.787935e+00
1.628677e+00
1.616911e+00
1.241360e+00
1.735482e+00
3.554460e-01
4.738037e-01
3.596860e-01
2.557016e-01
1.967240e+01
5.654351e-01
1.301113e+00
1.007527e-01
3.239324e-01
8.146698e-01
8.326893e-01
1.987335e+00
4.268924e-01
1.802081e-01
4.754009e-01
3.633630e+00
9.781425e-01
8.608541e-01
5.166271e+00
4.149847e+00
2.380970e+00
1.680041e+00
1.334679e+00
2.504866e+01
5.774752e-01
1.192047e+00
3.317194e-01
9.756717e-01
2.783071e-01
6.066101e-01
2.781471e+00
1.802682e-01
1.056366e+00
1.317077e+00
1.186945e+00
6.186569e-01
1.028151e+00
8.811845e-01
1.287212e+00
2.331907e-01
1.518561e+00
1.581426e+00
9.858472e-01
9.124940e-01
3.105708e-01
4.042566e-01
2.981690e+00
2.150277e-01
3.579876e-01
9.108067e-01
4.012511e-01
2.375978e-01
3.161690e+00
2.637329e-01
3.244506e+00
3.675629e-01
4.531201e-01
2.254887e+00
5.422245e+00
7.381923e-01
6.418640e-01
1.002390e-01
5.218408e-02
2.352965e+00
4.023034e+00
1.765143e+00
6.729266e+00
7.474436e-01
7.207107e-01
6.006017e-01
6.859200e-01
1.378544e+00
8.040540e-01
6.097397e-01
1.147402e+00
5.568034e+00
2.874074e+00
1.975767e+00
2.257217e-01
3.442817e+00
3.214255e+00
2.518902e+00
1.360359e+00
1.956759e+00
7.441953e-01
3.971710e-01
2.462700e+01
1.666755e-01
3.636013e-01
1.373603e+00
2.072532e-01
1.077160e+00
3.086125e-01
2.401575e-01
1.512878e+00
9.042246e-01
9.400208e-01
3.274653e+00
4.711157e-01
1.509592e+00
3.212940e-01
5.535380e-01
1.203598e+00
1.591377e+00
1.221043e+00
6.576449e-01
6.090810e-01
8.714385e-01
1.922378e+00
2.732073e+00
2.114005e-01
1.010482e+01
7.998523e-01
6.765245e-01
8.637285e-01
7.147761e-01
6.592177e-01
4.896581e-01
2.156567e-01
6.995620e-01
1.081516e+00
9.817261e-01
2.698714e-01
1.342595e+00
2.221832e+00
4.460847e+00
3.385810e-01
2.492519e+00
7.392874e-01
2.324431e-01
5.083740e+00
3.790939e-01
4.479273e-01
9.464008e-01
2.656740e+00
1.090092e+00
1.797260e+00
2.805642e-01
6.175300e-01
1.132979e+00
3.512032e-01
2.520205e+00
2.989399e+00
6.701916e-01
6.493265e-01
7.243608e-01
1.061335e+00
1.490001e+00
6.404770e-01
1.188894e+00
3.089529e+00
9.661520e-01
8.433606e-01
6.291251e-01
2.726710e-01
3.238623e+00
1.111251e+01
1.674613e+00
3.201376e+00
6.468962e-01
6.420722e-01
4.424964e-01
2.401515e+00
9.735011e-01
1.740207e+00
1.309085e+00
1.466014e+00
5.750389e+00
4.596183e-01
3.851052e+00
7.365488e-01
1.366189e+00
3.204885e+00
1.499047e-01
9.757891e-01
1.302796e+00
3.398613e+00
5.139061e+00
1.747801e-01
1.456611e+00
1.313802e+00
1.172167e+00
5.555364e-01
1.134027e+00
7.037255e+00
6.015634e-01
2.813374e+00
1.462526e+00
1.619681e+00
8.731242e-01
6.173299e-01
6.606055e-01
1.245244e+00
4.097521e+00
4.246151e-01
3.320614e-01
1.125654e+00
2.875930e-01
1.469262e+00
6.825170e-01
9.102367e-01
8.847370e-01
1.385980e+01
1.172087e+00
7.500508e+00
9.828110e-01
7.354961e-01
9.486439e-01
2.201856e-01
1.293503e+00
6.799914e-01
5.134678e+00
6.677697e-01
1.507001e-01
4.191788e-01
2.123984e+00
4.171138e+00
2.037571e+00
2.761693e+00
1.787635e+00
5.041963e-02
3.690942e-01
8.067574e-01
9.504496e-01
1.813515e-01
5.575546e+00
1.025743e+00
1.921987e+00
9.823861e-01
1.318191e+00
1.856626e+00
6.752609e-01
6.627426e-01
1.452658e+00
4.041608e+00
1.016707e+00
1.521295e+00
1.148270e+00
1.040540e+00
1.134370e+00
2.307896e-01
1.229210e+00
3.290186e-01
6.138052e-01
7.981273e-01
2.221709e-01
2.779398e+00
3.609936e-01
8.066201e-01
8.816136e-01
5.760586e-01
1.761043e+00
1.111768e+00
9.867161e-01
1.098892e+00
2.380682e+00
2.629444e-01
6.905852e-01
2.152751e+00
9.082659e-01
1.119719e+00
1.050839e-01
1.925105e+00
7.407191e-01
2.396927e+00
1.169044e+00
1.468880e+00
5.890402e-01
5.372055e-01
2.988865e+00
1.781395e+00
5.990490e-02
6.551961e-01
1.480238e+00
2.086591e+00
1.061102e+00
1.174314e+00
5.199212e-01
1.642635e+00
7.292922e-01
3.565303e-01
3.431481e-01
2.180174e+00
6.070479e-01
2.310622e-01
3.071003e-01
1.152974e+00
3.360310e-01
6.481372e-01
3.504675e+00
5.307735e-01
1.363293e+00
2.708267e+00
1.778066e+00
1.651502e+00
5.020440e-01
1.601046e+00
5.632702e-01
8.505987e+00
4.898134e-01
2.754607e+00
1.133423e+00
5.294943e-01
9.496024e-01
6.175936e-01
7.349141e+00
3.859459e-01
1.771769e-01
9.602035e-01
5.301677e-01
8.045722e-01
2.229949e+00
2.918095e+00
1.061079e-01
2.575187e-01
6.996513e-01
1.031452e+00
1.018411e+00
4.661479e-01
3.852655e-01
1.116138e+00
3.352510e-01
7.961277e-01
5.218035e-01
1.020687e+01
4.839818e-01
6.134232e-01
5.114464e-01
5.234390e-01
2.803796e+00
5.591314e-01
1.077487e+00
1.498689e+00
1.567046e+00
1.887472e+00
1.318943e+00
6.487976e+00
1.464255e+00
1.002103e+00
3.473064e+00
1.269985e+00
1.443736e+00
4.674113e-01
1.356251e+00
1.992867e-01
1.497848e+00
3.681077e-01
1.644039e+00
