4.474328e+00
2.740419e+00
1.781617e-01
2.774074e-01
1.362982e+00
1.074487e+00
1.511422e+00
7.821388e-01
1.050541e+01
3.794401e-01
4.249544e-01
1.110040e-01
1.292770e+00
1.445510e+01
1.219863e+00
3.486215e+00
6.830956e-01
8.199041e-01
2.028374e+00
1.149791e+00
1.184008e+00
2.877354e+00
8.832385e-01
9.569886e-01
2.341361e+00
1.485550e+00
7.057363e-01
2.327539e+00
2.872884e+00
6.223015e-01
5.610661e-01
4.646623e+00
6.984974e-01
1.004116e+01
5.640874e-01
2.662162e-01
1.432151e+00
1.336937e-01
1.351739e+00
1.140268e+00
2.976937e+00
8.409594e-01
1.946689e+00
5.871117e-01
3.312541e-01
1.003438e+00
6.644218e-01
4.277437e+00
2.944694e+00
7.090213e-01
2.379658e+00
1.084060e+00
7.209640e-01
5.925802e-01
3.842345e+00
5.769833e+00
3.463448e+00
5.185407e-01
1.570783e+00
2.559082e+00
7.529809e-01
3.335897e+00
4.558392e-01
1.142556e+00
9.128055e-01
6.273160e-01
5.740819e+00
6.103788e-01
6.768165e-01
1.246536e+00
2.151130e+00
2.328072e+00
3.962851e+00
6.066486e-01
8.283981e+00
1.146696e+00
7.616278e-01
6.397656e-01
5.097444e-01
5.825490e-01
4.568169e-01
1.712157e+00
2.300681e-01
5.647466e-01
2.395128e-01
6.207186e+00
3.731573e+00
3.767487e-01
2.130982e-01
3.810262e-01
6.398133e-01
2.059785e+00
9.068483e+00
1.160718e+00
7.146905e-01
1.455117e+00
1.504619e-01
1.585446e+00
1.573580e-01
1.231812e+00
9.708476e-01
1.785270e+00
4.201119e-01
2.783778e+00
9.726768e-01
1.406093e+00
5.686407e+00
1.530138e+00
1.670489e+00
2.353369e-01
3.936667e+00
8.063937e-01
2.019107e+00
5.943778e-01
1.098953e+00
5.479444e+00
1.158535e+00
6.426812e-01
2.523194e+00
3.286244e-01
1.636984e+00
6.599280e-01
1.778366e+00
8.127828e-01
2.873806e+00
4.456876e-01
2.101057e+00
7.070745e-01
4.287580e-01
1.158226e+00
3.556491e+00
3.114485e-01
1.087828e+00
8.126336e-01
1.170460e-01
4.600225e+00
3.393538e+00
1.185309e-01
2.997064e-01
1.748321e-01
2.043870e+00
5.683782e-01
8.153655e-01
2.410067e+00
3.966007e+00
1.861547e+00
2.063707e-01
5.549647e-01
1.460788e-01
1.009654e+00
3.631907e-01
1.132258e-01
5.015989e+00
1.326349e+00
1.930139e+00
6.689655e-01
2.300683e-01
1.532399e+00
1.907003e+00
1.746725e+00
2.639152e+00
5.599921e+00
1.553008e-01
1.024878e+00
1.859054e+00
5.101044e-01
1.677285e-01
4.267464e-01
2.543546e-01
2.943369e-01
4.055296e-01
2.451881e+00
3.455163e-01
1.211803e+00
1.055069e+00
5.384589e-01
8.353639e-01
4.118192e+00
9.059219e-02
7.146640e-01
1.695800e+00
4.602981e-01
2.702929e-01
4.208411e-01
1.348186e+00
1.899989e+00
2.933510e+00
1.189473e-01
7.709810e-01
4.473943e+00
4.615426e-01
7.128571e-01
2.345746e+00
2.819530e-01
1.641224e+00
4.484451e-01
1.572986e+00
1.091924e+00
4.577512e-01
1.852368e+01
2.257390e+00
7.736278e-01
2.755717e-01
2.596817e+00
6.422107e-01
2.507571e-01
7.411049e-01
1.646934e-01
1.939964e-01
1.060776e+00
6.993961e-01
3.339587e-01
4.412364e-01
6.183781e-01
2.642363e+00
8.565423e-01
1.543240e+01
1.231244e+00
1.760163e-01
1.043308e+00
3.293429e-01
9.416531e-02
6.010951e-01
8.278029e-01
6.731279e-01
2.912761e+00
3.619848e-01
5.705273e-01
7.038676e-01
1.648436e+00
3.780423e+00
7.031634e-01
1.047709e+00
8.308322e-01
2.683268e-01
1.422082e+00
5.483897e-01
1.947001e-01
1.967196e+00
5.828521e-01
6.039993e+00
1.528900e+00
9.744121e-01
2.687667e+00
6.685856e-01
1.108701e+00
2.649757e-01
1.608570e+00
8.167373e-01
1.489833e+00
4.429955e+00
5.992286e+00
1.714267e+00
1.404993e+00
7.312101e-01
3.619412e+00
5.304300e-01
3.299566e+00
1.718861e+00
4.229419e-01
3.347701e+00
1.809215e+00
9.491744e-01
9.341086e-01
1.131585e+00
4.384519e-01
1.541630e+01
4.255400e+00
2.869198e+00
4.617139e-01
1.349479e-01
1.346233e+00
3.074227e+00
9.407186e+00
9.003948e+00
3.122361e-01
8.078765e-02
1.442060e+00
4.197154e-01
1.010649e+00
8.192686e-01
1.909944e+00
5.515725e-01
2.837083e+00
1.768645e-01
5.668870e+00
8.783759e-01
6.160176e+00
4.926437e-01
1.370806e+00
2.292607e+00
6.474903e-01
7.698294e-01
6.658162e-01
4.337504e-01
3.742826e+00
7.463196e-01
1.191655e+00
2.019181e-01
2.764247e-01
2.370598e-01
1.001778e-01
1.469956e+00
1.405905e-01
3.334217e-01
3.010880e+00
6.415984e+00
2.861881e+00
5.183552e+00
2.641082e+00
4.129361e+00
8.428739e+00
1.634466e+00
2.989190e-01
3.127714e-01
1.650872e+00
7.568567e-01
4.273749e-01
1.052676e+00
1.373204e+00
3.892935e-01
1.961015e+00
1.004266e+00
2.879629e+00
2.470148e+00
2.493332e+00
5.560213e+00
1.038549e+00
1.326687e+00
3.388463e+00
3.822076e-01
1.213754e+00
1.121326e+00
1.158410e+00
3.498625e+00
1.144424e+00
1.364737e+00
1.164047e+01
3.184826e-01
1.220938e+00
1.697787e+00
4.088968e-01
3.384797e+00
7.921806e-01
1.642932e+00
2.985333e-01
8.738738e-01
1.146816e+00
2.726589e+00
5.489333e+00
2.715533e-01
3.578144e+00
3.626811e-01
2.143459e+00
3.123933e-01
3.412654e-01
7.718874e-01
3.480759e-01
9.269765e-01
8.490302e-01
6.248009e-01
8.301427e-01
9.040263e-01
8.079652e-01
7.208627e-01
5.083233e-01
4.483799e+00
1.614665e-01
3.002239e-01
6.298770e-01
4.207551e-01
6.395013e-01
2.579821e+00
2.428145e+00
1.760063e-01
5.875326e-01
9.358976e-01
2.616304e+00
5.265749e-01
2.741321e+00
8.401793e-01
5.661413e-01
1.955506e+00
5.437838e-01
2.862705e-01
4.315109e-01
4.026642e+00
3.969607e-01
1.508136e+00
1.231901e+00
3.222798e+00
1.758300e-01
2.569510e-01
1.128353e+00
3.197379e-01
3.208313e-01
3.829262e+00
1.326633e+00
7.040419e-01
5.569242e-01
1.499900e+00
7.991890e-01
1.225443e+00
4.168927e-01
5.081726e-01
1.778801e+00
1.165771e-01
6.170520e-01
7.759255e+00
7.714681e-01
6.487176e-01
2.351839e+00
2.404967e+00
9.642500e-01
6.423496e-01
5.130449e-01
9.295361e-01
1.412853e+01
2.599094e+00
3.380520e+00
3.059847e+00
4.817557e+00
7.320996e-01
9.662503e-01
1.561829e+00
1.946080e+00
2.329358e+00
6.052183e-01
5.033008e-01
9.791825e-01
2.037187e+00
1.298414e+01
4.297272e+00
9.929850e-01
2.624092e+00
9.638151e-01
2.154081e-01
4.593692e-01
7.326714e+00
2.870102e+00
1.309583e+00
6.300882e-01
1.594444e+00
1.150841e+00
5.690084e-01
3.566348e+00
1.797861e+00
4.693975e-01
2.732761e+00
8.799306e-01
8.970889e-01
1.187261e+00
1.079623e+00
9.446911e-01
2.351315e-01
3.969144e+00
8.350876e-01
5.232288e-01
1.156262e+00
1.038193e+00
4.144918e-01
9.339928e-01
1.300258e+00
1.884136e+00
1.562669e+00
7.990632e-01
4.555662e-01
2.101062e+00
1.603994e+00
9.779259e-01
5.002196e-01
2.079634e+00
6.637270e-01
2.326803e-01
9.869514e-01
2.402385e+00
1.258184e+01
3.075592e-01
6.060309e-01
1.835860e+00
5.818270e-01
3.158796e-01
9.255787e-01
1.152755e+00
2.802000e+00
8.345024e-01
9.770671e-01
9.000361e-01
1.605418e+00
8.723114e+00
7.033451e-01
1.302679e-01
2.529564e+00
1.978099e+00
1.692308e+00
9.171711e+00
2.725729e-01
2.159558e+00
3.379714e-01
7.778635e-01
8.196606e-01
9.188389e-01
4.775880e+00
9.139385e-01
7.150807e-01
5.120919e-01
1.234028e+00
1.501155e+00
3.036380e-01
7.737955e-01
2.197404e-01
1.050489e+00
2.736789e-01
7.553986e-01
3.979778e-01
2.860297e-01
1.288691e+00
8.586652e-01
3.525057e-01
3.612949e+00
2.629680e-01
2.352965e+00
1.331926e+00
2.790245e+00
1.375215e+00
3.859306e+00
1.663870e+00
1.147936e+00
6.831594e-01
6.119261e-01
2.686580e-01
2.535250e+00
1.474498e+00
2.854653e+00
1.121292e+00
3.245827e-01
5.911714e+00
5.969130e-01
1.478068e+00
3.376079e-01
3.517332e-01
2.151964e-01
1.047460e+00
8.320913e+00
1.281066e+01
7.029627e+00
6.006622e-01
1.634321e+00
4.147988e-01
2.291688e-01
2.620933e-01
6.208748e-01
8.311911e-01
2.660607e+00
2.131803e+00
1.005856e+00
2.179589e+00
1.533322e+00
5.067180e-01
9.998942e-02
4.912723e-01
1.462767e-01
7.409056e-01
5.902547e+00
1.300114e+00
6.701476e-01
4.907647e-01
2.998047e+00
7.265111e+00
3.150130e+00
9.523960e+00
2.173695e-01
8.007543e-01
1.353850e+00
2.439244e+00
3.909605e-01
9.211514e-01
8.845217e-01
1.200468e+00
1.119144e+00
1.097381e+00
2.029818e+00
8.192494e-01
2.492145e+00
4.935741e-01
2.660244e-01
1.291302e+00
2.530324e-01
2.588731e+00
8.428629e-01
1.243196e-01
8.396281e-01
5.384395e+00
6.413564e-01
1.144593e+00
1.394566e+00
1.981032e+00
3.487620e-01
2.901475e+00
1.559531e-01
4.366576e-01
3.139836e-01
5.955324e-01
2.670241e-01
1.717419e+00
5.762310e+00
2.603201e+00
9.054038e-01
1.017227e+00
5.177719e-01
4.271467e-01
1.102794e+00
7.007972e-01
2.046267e+00
5.916730e-01
1.410380e+00
9.536755e-01
5.194287e-01
4.755876e-01
2.251309e+00
1.546000e+00
6.446188e-01
2.162426e+00
1.526313e+00
5.988512e-01
2.786303e+00
2.447683e+00
3.523349e-01
6.565063e-01
2.159148e+00
5.011599e-01
3.616321e+00
6.591929e-01
5.346085e-01
3.583008e-01
1.129158e+00
3.299266e-01
2.382440e+00
9.489009e-01
2.460133e-01
1.754425e+00
1.697818e+00
4.023610e-01
1.265566e+00
7.011861e+00
1.744450e+00
5.510621e+00
2.596327e+00
2.683273e+00
1.900013e+00
8.607299e-01
9.080258e-01
4.232939e-01
2.698826e+00
8.399088e+00
9.166276e-01
2.572114e+00
1.096166e+00
5.688544e-01
4.132315e+00
4.803123e+00
2.389326e+00
3.893627e+00
7.421375e+00
2.424982e+00
8.208554e-02
4.481810e-01
1.416191e+00
7.180399e-01
2.308879e-01
8.560547e-01
1.659236e+00
2.881818e-01
5.556073e-01
1.617331e+00
1.590243e-01
1.132438e+00
2.634544e-01
1.887196e+00
1.264356e+00
1.677826e+00
7.179973e-01
1.081686e+00
5.681641e+00
1.231748e+00
8.719512e-01
1.735623e+00
2.931062e+00
5.408447e-01
4.850247e-01
1.278843e-01
5.958896e-01
3.052702e-01
1.043482e+00
5.681707e-01
1.570197e+00
1.284977e+00
1.259952e+00
6.522661e-01
1.722548e+00
2.263141e+00
1.558532e+00
2.870483e+00
8.071094e-01
2.537067e+00
2.005828e+00
1.578698e+00
3.036630e+00
1.343418e+00
1.983575e+00
2.019042e+00
5.111509e-01
9.662117e-01
1.849061e+00
4.037425e+00
2.280139e+00
1.293206e+00
7.242290e-01
6.056757e-01
7.600482e-01
3.966709e-01
2.924306e+00
2.972003e-01
2.999638e-01
7.064583e+00
9.427653e-01
2.970868e+00
1.296479e+00
1.189933e+00
1.614875e+00
6.718425e-01
4.903991e+00
8.591086e-01
1.298189e+00
1.546420e+00
4.640419e-01
3.945171e-01
3.544320e-01
2.211332e+00
7.852205e-01
7.970567e-01
9.498754e-01
9.654130e-02
5.196083e-01
1.715719e-01
6.303227e-01
2.678368e-01
1.681299e+00
3.215393e-01
2.200995e+00
3.698413e-01
2.705418e+00
4.130123e+00
2.972004e+00
6.771669e-01
1.006707e+00
4.426254e-01
1.121241e+00
5.421407e-01
2.622999e-01
1.239671e+00
1.144269e+00
5.369448e-01
2.092404e+00
3.924878e+00
1.508936e+00
2.551880e+00
6.075784e-01
1.260557e+00
2.072546e+00
1.316948e+00
1.657076e+00
1.331191e+00
5.119854e-01
2.108967e-01
1.980443e+00
1.276986e+00
9.834240e-01
2.345703e-01
5.370706e-01
1.058958e+00
1.692780e+00
1.278506e+00
7.630924e-01
5.897629e+00
4.758591e-01
7.560848e-01
3.411747e-01
1.396608e+00
9.480963e+00
4.867835e+00
8.910553e+00
2.740248e-01
1.759513e+00
1.940847e+00
2.206359e-01
3.445811e+00
3.044187e-01
1.447846e+00
5.594221e-02
5.776111e-01
4.809501e+00
1.301487e+00
3.392035e+00
2.625599e+00
2.149483e-01
7.190782e-01
2.867323e+00
5.855188e+00
2.590867e-01
3.749496e-01
1.054858e+00
3.516841e+00
8.022954e-01
1.456538e+00
9.013319e-01
3.133269e+00
5.320597e-01
1.345366e+00
1.500572e+00
4.777194e-01
1.882266e+00
9.879658e-01
5.950097e-01
1.300850e+00
2.652048e+00
7.402763e+00
2.655423e+00
4.996499e-01
4.320911e+00
2.536797e-01
3.871786e-01
9.098944e-01
2.393140e-01
4.817278e-01
1.209332e+00
7.413089e-01
4.778987e+00
2.207657e+00
1.222866e+01
6.421443e+00
1.155530e+00
1.375990e-01
1.509584e+00
5.783291e+00
7.349890e-01
1.315588e+00
1.982492e+00
1.915171e+00
3.284294e-01
2.666117e+00
3.199483e-01
5.919479e-01
2.383794e+00
2.721567e-01
5.523811e-01
2.412047e+00
4.823225e-01
5.689707e-01
1.373204e+00
5.332065e-01
7.508110e-01
1.305571e+00
1.174231e+00
1.047928e+00
2.514939e+00
1.014567e+00
1.061818e+00
3.343239e+00
2.063814e-01
3.516730e+00
1.309609e+00
4.038765e-01
6.724734e-01
4.619633e-01
1.556897e+00
8.040387e-01
4.337952e-01
2.524986e-01
1.213924e-01
1.715859e-01
5.259123e+00
2.323828e-01
1.552867e+00
1.296636e+00
1.822078e+00
1.375001e+00
1.483424e+00
3.237396e-01
3.467335e+00
7.020339e-01
1.929076e-01
5.889657e-01
1.576745e+00
5.545967e-01
6.160125e-01
5.373473e-01
1.507107e+00
5.537086e-01
7.001388e-01
3.952784e+00
8.635283e-01
2.244987e+00
7.598124e-01
5.698833e-01
3.181096e-01
9.212707e-01
4.426086e-01
4.631468e-01
2.477943e-01
1.929723e+00
3.569774e+00
8.730913e+00
1.488278e+00
1.678288e+01
3.230096e+00
3.636321e-01
5.168722e+00
1.755182e+00
6.881980e-02
1.357427e+00
1.377254e+00
2.876386e-01
1.755927e+00
6.543763e-01
1.771140e+00
1.666085e-01
5.721586e-01
2.865468e+00
2.671545e+00
3.760669e+00
4.485091e+00
2.955236e+00
1.360335e+00
1.785829e-01
4.189854e-01
2.816147e+00
8.320142e-01
2.282643e+00
6.578311e-01
3.115307e+00
1.563813e+00
4.284979e-01
1.814624e+00
3.227294e+00
5.386329e-01
4.105452e-01
2.116069e+00
1.421984e+00
2.354222e+00
4.994704e-01
2.020027e+00
1.089079e+00
5.116082e-01
6.842561e-01
6.066825e+00
3.872012e-01
7.847083e-02
2.325764e-01
1.008200e+00
6.382947e-01
3.214685e-01
5.663522e-01
2.234615e+00
1.123867e+00
2.905176e-01
9.228492e-01
1.152676e+00
2.823522e+00
1.217734e+00
4.701954e-01
6.399595e-01
3.287717e-01
1.733276e+00
6.948267e-01
1.131902e+00
4.373387e-01
9.730332e-01
3.411188e+00
3.633024e+00
8.547587e-01
8.563781e-01
6.160660e-01
1.288601e-01
2.479984e-01
2.204542e-01
1.278669e+00
3.668250e-01
1.081384e+00
7.017094e-01
6.389812e-01
4.208044e-01
4.065076e-01
1.999351e-01
3.778369e-01
5.718876e-01
1.275075e+00
5.371301e-01
1.461531e+00
1.409121e+00
6.538428e-01
5.406809e-01
7.471758e-01
1.718028e+00
6.852074e-01
1.670043e+01
2.153741e-01
7.736504e-01
1.483938e+00
2.316054e+00
2.398833e-01
5.523853e-01
1.399148e+01
5.474361e-01
4.955042e-01
3.040183e-01
6.313130e-01
1.243308e+00
4.853557e+00
1.010672e+00
4.183246e+00
6.363714e-01
5.549368e+00
6.368984e-01
7.052622e-01
1.375242e+00
2.388188e-01
1.082885e+00
5.836414e-01
1.756787e+00
2.392673e+00
1.112267e+00
4.892717e-01
7.062063e-01
4.746167e-01
2.560866e-01
5.194196e-01
2.914127e-01
1.188746e+00
8.704673e-01
3.164511e-01
7.536416e-01
3.729347e-01
1.660553e+00
5.755565e+00
2.226555e-01
3.429262e-01
5.624444e-01
8.938454e-01
6.328220e-01
1.304091e-01
6.430617e-01
6.550759e-01
9.506715e-01
1.141367e+00
3.735793e-01
1.771524e+00
5.588262e-01
1.066957e+00
9.761000e-01
2.126154e+00
4.826882e-01
2.756296e-01
4.208685e-01
3.820082e-01
1.806363e+00
1.417811e+00
5.615091e+00
1.627683e-01
1.178487e+00
2.070728e+00
2.204398e+00
2.311036e-01
2.063379e+00
4.246072e-01
1.122998e+00
4.932215e-01
5.661755e-01
1.530433e+00
7.508186e-01
3.744847e+00
7.767741e-01
5.487525e-01
3.052534e+00
1.798430e+00
6.441686e-01
7.476733e-01
3.119856e-01
3.229251e-01
1.263286e+00
1.435947e+00
1.881204e+00
1.185995e+00
2.372082e-01
3.875943e+00
5.771391e-01
8.357783e-01
1.569710e+00
3.030718e+00
1.598371e+00
7.429757e-01
1.216434e+00
9.548794e-01
5.452447e-01
3.151794e+00
8.348675e-01
1.118222e+00
2.292935e+00
4.764075e-01
1.492639e-01
7.192660e-01
6.676452e+00
1.340895e+00
6.068873e+00
2.364970e+00
4.202179e-01
1.929954e-01
7.210062e-01
3.409524e+00
2.908002e-01
1.159277e+00
5.175389e-01
1.946828e+00
1.912793e-01
3.958483e-01
2.899206e+00
6.187071e-01
1.839934e-01
3.694847e+00
9.145907e-02
1.119156e+00
9.320054e-01
2.661885e-01
1.903712e+00
2.649574e+00
1.435579e-01
1.008844e+00
1.314074e+00
4.853763e-01
6.702702e+00
8.313385e-02
2.310381e-01
5.383376e-01
3.064770e-01
7.545992e+00
1.894517e+00
3.253188e+00
5.483229e-01
1.808678e-01
1.615978e+00
9.375560e-02
5.631615e-01
1.956464e+00
6.135032e+00
4.672623e+00
3.614540e-01
1.936437e+00
7.980232e+00
1.785560e-01
2.783921e-01
8.566720e-01
4.751746e-01
3.853748e-01
4.650073e-01
1.698144e+00
8.064552e+00
6.964840e-01
2.921938e-01
1.681302e+00
4.501245e-01
4.629527e-01
4.786915e+00
3.083702e-01
1.758046e+00
8.249013e-01
1.688466e+00
1.263485e+00
7.690874e-01
1.023986e+00
3.848844e+00
2.577624e+00
2.095052e+00
4.050112e-01
1.291664e+00
1.654151e+00
2.516228e-01
1.985433e+00
7.833903e-01
2.854884e-01
2.469018e+00
1.273953e+00
1.412223e+00
5.259253e-01
2.146569e+00
4.309958e-01
1.645643e+00
3.123140e+00
4.352855e-01
3.109207e-01
8.219836e-01
2.948345e-01
4.593635e+00
5.061429e-01
4.163299e-01
1.535282e+00
9.687085e-01
4.980492e-01
8.342450e-01
1.183691e+00
3.389965e+00
6.632317e-01
8.139568e-01
3.613583e+00
2.324422e-01
2.901317e+00
6.152798e-01
1.029917e+00
7.594768e-01
3.409370e+00
1.227586e+00
3.943855e-01
3.140841e+00
9.707129e-01
1.617665e+00
1.340662e-01
3.970387e+00
1.985594e-01
2.004170e+00
5.636399e-01
2.365140e+00
5.003572e-01
6.182964e-01
6.757200e-01
4.062529e+00
3.540700e-01
5.678400e-01
6.148998e-01
7.707749e-01
5.741343e-01
3.376972e+00
2.383618e+00
6.544453e-01
2.708132e+00
4.570702e-01
6.810882e-01
5.194224e-01
8.277233e-01
1.443374e+00
1.673084e-01
8.681243e-01
8.216427e-01
9.462787e-01
1.115985e+00
1.307751e+00
3.080045e-01
3.476654e+00
1.226855e+00
5.760569e-01
4.817485e+00
5.505121e-01
1.819868e+00
2.688756e+00
2.159035e+00
4.648250e-01
9.010907e-01
1.343389e+00
1.926483e+00
1.388907e+00
5.665955e-01
5.917395e-01
3.021409e-01
2.513021e-01
1.087928e+00
3.022424e+00
2.491184e+00
1.493816e+00
1.170061e+00
6.389489e-01
1.404611e+00
1.447693e-01
5.402544e-01
2.157225e+00
5.009823e+00
1.223137e+00
3.740509e-01
7.767422e-01
7.079501e-01
1.889653e+00
1.120446e+00
6.493396e-01
1.789527e+00
8.832529e-01
1.092077e+00
1.056399e+00
4.562669e-01
5.032242e-01
1.192504e+00
1.748871e+00
2.038485e-01
8.032647e+00
7.637861e-01
8.627266e-01
1.341839e+00
1.459845e+00
1.301688e+00
8.448855e-01
3.935857e+00
2.487089e+00
1.332959e+00
1.983405e+00
2.990872e-01
2.288727e+00
4.514177e+00
1.158146e+00
9.171241e-01
2.294638e+00
3.611657e+00
9.635861e-01
1.536439e+00
3.733958e-01
3.209563e-01
1.379767e+00
1.238902e-01
4.694449e-01
2.357792e+00
3.443225e-01
4.811143e-01
4.175718e+00
8.173648e-01
2.712367e+00
1.254764e+00
1.667494e+00
3.718857e+00
4.288544e-01
4.836081e-01
6.516237e-01
3.465596e-01
5.846059e-01
1.106294e+00
4.531349e-01
8.006524e-01
6.206507e+00
2.513734e-01
4.075079e-01
1.707441e+00
1.976332e+00
1.383178e-01
1.675570e+00
6.851104e-01
4.346459e-01
4.868933e-01
1.611685e-01
3.542981e-01
5.353703e-01
1.040959e+00
3.608399e-01
1.756068e+00
1.126205e+00
1.494781e+00
9.394101e-01
1.593397e+00
1.380803e+00
1.774889e+00
4.345080e-01
7.215203e+00
1.341173e+00
2.388585e+00
2.021910e+00
1.102930e+00
1.184872e+00
1.110578e+00
2.109107e+00
8.890075e-01
4.554315e-01
1.451512e+00
1.139326e+00
3.963934e-01
5.965217e-01
5.303271e+00
2.301901e+00
1.635828e+00
7.424857e+00
1.037188e+00
9.795367e-01
6.473614e-01
6.221454e-01
2.345019e-01
4.205661e-01
1.337588e+00
6.972310e-01
6.856677e-01
1.541005e-01
8.942907e+00
5.473609e+00
1.107142e+00
3.808871e-01
6.360317e+00
1.127895e+00
5.441882e-01
1.017836e+00
6.775906e-01
1.184099e+00
8.621998e-01
1.450037e+00
8.805544e-01
1.474507e-01
1.194581e+00
2.899745e+00
1.503713e+00
6.079123e-01
2.397692e-01
4.469036e-01
1.097276e+00
7.177967e-01
1.756457e+00
8.298923e-01
3.367193e-01
2.680414e-01
4.494697e-01
1.758064e+00
6.423020e+00
1.968610e+00
1.221945e+00
8.592995e-01
3.134448e-01
4.834520e-01
1.196652e+00
6.846353e-02
3.989978e-01
7.957211e+00
3.783084e+00
3.929086e+00
1.236247e+00
1.104093e+00
4.515164e+00
5.738413e-01
2.878152e+00
1.500230e+00
2.395460e+00
3.859819e-01
1.988180e+00
1.362769e+00
1.075879e+00
6.052198e-01
2.355477e+00
3.202404e+00
7.503105e-02
8.181874e-01
5.865946e+00
1.005931e+00
2.784779e-01
2.680564e-01
1.227145e+00
9.534077e-01
2.438057e-01
4.279945e+00
1.957938e+00
4.512627e+00
3.154759e+00
2.265567e+00
1.336114e+00
2.399081e+00
4.571622e-02
2.339912e+00
2.968898e+00
4.290073e-01
3.881228e-01
4.289348e+00
1.250600e+00
1.330032e+01
1.677572e+00
6.998134e-01
2.680080e+00
4.760871e-01
3.363310e-01
1.092692e+00
4.316962e-01
5.710940e-01
3.002117e+00
4.187830e-01
1.209281e+00
1.951927e+00
9.037280e-01
9.014835e-01
1.788967e+00
7.782262e-01
8.849598e-01
1.963144e-01
3.126809e+00
7.236606e-01
3.041550e-01
1.357733e+00
2.981664e-01
2.384042e-01
1.459351e+00
1.454052e+00
8.392201e-01
6.390301e+00
1.161252e+00
1.238756e+00
3.568888e-01
5.938763e-01
4.205118e+00
7.267401e-01
3.605568e+00
1.316415e+00
5.870006e-01
5.733200e-01
7.091571e-01
9.293069e-01
1.792640e-01
1.973315e-01
1.005630e+00
2.051464e+00
5.603980e-01
2.552378e+00
1.470066e+00
1.132379e+00
6.146087e-01
1.417791e+00
1.312327e+00
9.372279e-02
1.090186e+00
2.959497e+00
1.606128e+00
6.410369e-01
8.573945e-01
1.219964e+00
1.774300e-01
1.833888e+00
2.622779e+00
4.558304e+01
2.444855e-01
2.084432e+00
1.732608e+00
2.490648e+00
3.649236e-01
8.435373e-01
6.844049e-01
7.723616e-01
1.041938e+00
3.069800e-01
1.881551e-01
3.497042e+00
2.174649e-01
7.185664e-01
2.319373e+00
4.449254e+00
8.992796e-01
1.957183e+00
9.242939e-01
7.571186e-01
3.802446e-01
3.075368e-01
6.307374e-01
1.176914e+00
1.569874e+00
2.734323e-01
3.515765e-01
5.937346e-01
9.972091e-01
3.643330e+00
2.206316e+00
8.905675e-01
2.214078e-01
1.593200e-01
1.886481e-01
1.144107e+00
1.583262e+00
6.507296e-01
7.638499e-01
9.553166e-01
1.649317e+00
2.398859e+00
3.888359e-01
1.155815e+00
3.696578e-01
1.257963e+00
1.253315e+00
2.237527e-01
7.540930e-01
3.022947e+00
9.471349e-01
9.790646e-01
1.481757e+00
3.735637e-01
7.518389e-01
3.999880e-01
2.927584e+00
2.479388e-01
1.405980e-01
1.228493e+00
2.012303e+00
1.665706e+00
3.225059e-01
9.381848e-01
2.017940e+00
4.780918e+00
5.066931e-01
8.368365e-01
8.543938e-01
4.059948e+00
1.090456e+00
1.178118e+00
1.170231e+00
1.668502e+00
2.750925e+00
2.189557e+00
1.112583e+00
1.176733e+00
3.819712e-01
3.346012e-01
2.859848e+00
2.274906e-01
8.761476e-01
3.167655e-01
1.387658e+00
1.077955e+00
1.507869e-01
7.389295e-01
5.774744e-01
6.971753e-01
9.051469e-01
3.013969e+00
1.663418e+00
1.545549e+00
1.513262e+00
1.164973e+00
1.735881e+00
1.405778e+00
3.098830e+00
5.184241e+00
1.091528e+00
4.822481e-01
1.117058e+00
1.302702e+00
1.381061e+00
5.354310e-01
2.266164e+00
2.364313e+00
1.346245e+00
8.470520e-01
1.543622e+00
1.580742e+00
5.111906e-01
1.405818e+00
1.963497e+00
1.765585e+00
5.147539e+00
3.361761e-01
1.772375e+00
2.310832e-01
1.624594e+00
6.001935e-01
9.849184e-01
2.322742e+00
9.888587e-01
2.675619e+00
7.955471e+00
2.946708e-01
5.021136e-02
7.221750e-01
8.873566e-01
1.326379e+00
1.543991e+00
1.418060e+00
7.696144e-01
1.870407e+00
1.325509e+00
1.270130e+00
1.250549e+00
1.777472e+00
1.244569e+00
5.385030e-01
1.065945e+00
3.934869e+00
7.690933e-01
3.845039e-01
1.512295e+00
7.790110e-01
2.332183e+00
4.603484e-01
6.381024e+00
6.371021e-01
7.317736e-01
4.822163e-01
6.555392e-01
1.959232e+00
9.865373e-01
5.654151e+00
5.509158e-01
1.165841e+00
2.444300e-01
7.451166e+00
5.543645e-01
7.513669e+00
1.340391e+00
3.289420e-01
1.292583e-01
6.397959e-01
1.523266e+00
1.123724e+00
3.129183e-01
1.163593e+00
7.475300e-01
3.378036e-01
1.409808e-01
1.175559e+00
4.458171e-01
7.000647e-01
1.275075e+00
1.218278e-01
1.365855e+00
4.368262e-01
1.549862e+00
1.474411e+00
1.924479e+00
4.790169e-01
2.395247e-01
3.670823e+00
1.677398e+00
3.285196e+00
9.928026e-01
6.574577e-01
4.414077e+00
3.758246e+00
1.310167e+00
4.736087e-01
9.860212e-01
1.582849e+01
1.556801e+00
1.222812e+00
2.451539e+00
1.507755e+00
1.658814e+00
2.492054e+00
2.108612e+00
8.490220e-01
9.774247e-01
3.881027e-01
8.715906e-01
5.138392e-01
3.879448e-01
1.582674e+00
1.713811e+00
4.500603e-01
3.782060e+00
1.124791e-01
1.312078e-01
1.900995e+00
2.429577e+00
6.486535e-01
5.402708e-01
4.855885e-01
2.253436e+00
1.267347e+00
1.346750e+00
1.609773e-01
4.235730e+00
1.632032e+00
6.598346e-01
3.120509e-01
1.641893e+00
4.522267e+00
7.605678e-01
5.590722e-01
1.543180e+00
1.893239e+00
8.965480e+00
6.658796e-01
3.402597e-01
5.849791e-01
1.731825e+00
8.068202e+00
2.590289e-01
9.153831e-01
5.029315e-01
8.124426e+00
1.714901e-01
2.970029e+00
9.191289e-01
2.012364e+00
2.744388e+00
4.533045e+00
1.424277e+00
5.458310e-01
7.636233e+00
5.586941e-01
3.292354e+00
4.533644e-01
1.553243e+00
2.992158e+00
5.415394e-01
2.681626e+00
1.997511e+00
1.539239e-01
4.070246e-01
5.529458e-01
1.441026e+00
5.747816e-01
2.023661e-01
1.013405e+00
2.533152e-01
1.268929e+00
9.144505e-01
5.769840e-01
4.624104e+00
5.155484e-01
1.046890e+00
7.920466e-01
1.347184e+00
3.054323e-01
2.578420e-01
3.361058e+00
3.062513e+00
4.791626e+00
1.143131e+00
9.120473e+00
5.156872e-01
1.454215e+00
7.695717e-01
4.941402e-01
2.591749e+00
1.731028e+00
7.054090e-02
4.428645e-01
1.164186e+00
3.263571e+00
1.660586e+00
1.920234e+00
7.013035e-01
1.016521e+00
4.332524e+00
1.292312e+00
2.685189e-01
9.475197e-01
2.734546e+00
2.096060e+00
3.381189e+00
6.827674e-01
4.990644e+00
1.422164e+00
3.261276e+00
7.532171e-01
9.860133e-01
6.689791e-01
6.850318e-01
1.524781e+00
5.157336e-01
2.348440e-01
1.197785e+00
2.751725e-01
7.867462e-01
7.059235e-01
2.110396e+00
1.909036e+00
5.842234e+00
3.178403e-01
1.314894e+00
2.514041e+00
4.269517e-01
1.910469e-01
1.135388e-01
1.129179e+00
2.680721e+00
3.690626e+00
9.719825e-01
2.476549e-01
8.892350e-01
1.585197e+00
3.101700e+00
1.012081e+00
4.353593e-01
3.057952e+00
5.876174e+00
1.052715e+00
6.456455e-01
3.133411e+00
2.413232e+00
9.013535e-02
1.073101e+00
6.881459e+00
4.529415e-01
3.820067e-01
1.106270e+00
1.316308e+00
1.206607e+01
1.623343e+00
1.160758e+00
9.680449e+00
1.885314e+00
4.422959e+00
3.620067e-01
8.051435e-01
8.842070e-01
2.298250e+00
2.166557e+00
3.923511e+00
6.221225e-01
3.399547e-01
3.440114e+00
1.330137e+00
2.868911e-01
4.470241e+00
1.387764e+00
9.214767e-01
6.444771e-01
1.789822e+00
1.886813e+00
3.390136e+00
9.781706e-01
1.569569e+00
7.779860e-01
1.302675e+00
8.799969e-01
2.060584e-01
7.777819e-01
2.640762e+00
4.471781e+00
5.506368e+00
3.707222e+00
1.327020e-01
1.260646e+00
3.658770e-01
7.918884e-01
1.975649e+00
3.104653e-01
8.891284e-01
5.998297e-01
4.286578e-01
1.892620e+00
7.249210e-01
1.632449e+00
5.475000e+00
8.935826e-01
5.121437e+00
2.547239e-01
4.961141e-01
5.545720e-01
2.202409e+00
6.557665e-01
7.401686e-01
6.560173e-01
1.004320e+00
2.024092e+01
4.358921e+00
1.478185e-01
4.997580e-01
9.176719e-01
8.834023e-01
1.605186e+00
1.016800e+00
2.225790e+00
1.828515e+00
5.149634e-01
1.015381e+00
1.204982e+00
1.917383e+00
2.317742e-01
5.494895e-01
1.643157e+00
4.877113e-01
1.378701e-01
1.303517e+00
1.475854e+00
4.727856e-01
2.067334e+00
2.598492e-01
2.340630e-01
4.072047e-01
2.734655e+00
4.451225e-01
8.187671e-01
6.098085e-01
7.778477e-01
7.404987e-01
6.843088e-01
1.940791e+00
3.911587e-01
3.265868e+00
1.839584e+00
1.730720e+00
6.885536e-01
1.444973e-01
6.203393e-01
9.089704e-01
1.120193e+00
1.242773e+01
1.234791e+00
5.309263e+00
2.464373e-01
1.635173e+00
1.001527e+00
2.466450e+00
7.521830e-01
1.359381e+00
9.948287e-01
1.243432e+00
7.724008e-01
8.462139e-01
2.043020e-01
3.920775e-01
8.176421e-01
3.010171e-01
9.885193e-01
7.223318e-01
2.788005e+00
1.553296e+00
4.083139e-01
3.031798e+00
1.828721e+00
6.810482e-01
4.791408e-01
6.286285e-01
2.497471e-01
8.450468e-01
3.066672e-01
9.287270e-01
4.702191e-01
8.881239e-01
5.067377e-01
5.544844e-01
1.000051e+00
9.257207e-01
1.186692e+00
1.012573e+00
1.936848e-01
4.660697e+00
6.318448e+00
1.243094e+00
1.434001e+00
3.214350e+00
4.362269e-01
1.002781e+00
1.779450e+00
1.078661e-01
9.187228e-01
1.190981e+00
5.354921e-01
1.320842e+00
7.700101e+00
3.671431e-01
2.851699e+00
9.458007e-01
1.198972e+00
1.438673e-01
3.910413e-01
3.290300e-01
1.149867e+00
1.546183e+00
3.705985e+00
1.563627e+00
5.498164e-01
1.681619e+00
7.071419e-01
7.440743e+00
2.069084e+00
2.706173e+00
2.481153e-01
8.026895e-01
2.885624e+00
3.746570e-01
6.641612e-01
1.449960e+00
3.355772e-01
2.524740e-01
9.048085e-01
1.243003e+00
1.141143e+00
6.202386e-01
6.639423e-01
8.300309e-01
4.550820e-01
9.832217e-02
2.367256e-01
7.674744e-01
6.090826e-01
1.432123e+00
4.143977e-01
7.183488e-01
1.476244e+00
5.105363e-01
9.110505e-01
3.176470e+00
4.282074e-01
9.435027e+00
2.177352e+00
8.295466e-01
5.334903e-01
6.479881e-01
5.559574e+00
4.172363e-01
7.322670e-01
6.001843e-01
2.486937e-01
5.820476e-01
5.355819e-01
1.705638e+00
2.572191e+00
3.170775e-01
5.641229e-01
1.215246e+00
3.357997e-01
1.410900e+00
1.003946e+00
3.313699e+00
4.487040e-01
2.663853e+00
2.940521e+00
7.542615e-01
3.238851e+00
2.554338e+00
7.484500e-01
4.459067e-01
1.259280e+00
1.597692e-01
8.327676e-01
6.917772e-01
4.523934e+00
3.075009e-01
5.035081e-01
1.161217e+00
7.284775e-01
1.713314e+00
1.468488e+00
4.125582e+00
2.269359e+00
1.887600e+00
1.044185e+00
1.519429e+00
2.740541e+00
3.206895e-01
1.516353e+01
2.163220e+00
5.099583e-01
2.676116e-01
1.071878e+00
2.745522e-01
6.137721e+00
5.877699e+00
1.712390e+00
6.033339e+00
2.666357e+00
3.011557e-01
7.347260e+00
6.938475e-01
8.504748e-01
7.360508e+00
4.797215e-01
1.030534e+00
1.891552e+00
1.336567e+00
2.960350e+00
3.226104e+00
1.958040e-01
1.761573e+00
4.675493e-01
5.780092e-01
5.217023e-01
2.739319e-01
2.176773e+00
6.350051e-01
1.579640e+00
1.817117e-01
4.343538e-01
1.321185e-01
2.475745e-01
1.185994e+00
4.642975e+00
3.368163e-01
5.679907e-01
1.219473e-01
1.930031e+00
7.709073e-01
5.196047e+00
4.458895e+00
1.095183e+00
2.085298e+00
1.565031e-01
5.270583e-01
1.564983e+00
4.008732e-01
7.383103e-01
1.984157e-01
8.408087e-01
8.916868e-01
4.094632e+00
5.459895e-01
3.669533e-01
6.304584e-01
7.890324e+00
3.660023e-01
5.415520e-01
2.572566e-01
1.855798e+00
1.965475e+00
2.489306e-01
8.119060e-01
6.711323e-01
2.149663e+00
3.050524e+00
1.435978e+00
3.163206e+00
7.259266e-01
2.275021e-01
1.561958e+00
9.047640e-01
5.308515e-01
1.357780e+00
2.411326e-01
1.805000e+00
3.761539e-01
8.454207e-01
2.350480e+00
8.768440e-01
1.113743e+00
8.058185e-01
3.859148e-01
2.119074e+00
3.820758e+00
1.252609e+00
2.002843e-01
5.676896e-01
2.262324e-01
7.538962e-01
9.120568e-01
2.078100e+00
2.560174e+00
3.605666e-01
5.744189e-01
1.633596e+00
9.727757e-01
6.572143e-01
1.317900e+00
7.579162e-01
3.166384e-01
2.903491e+00
5.929711e-01
1.321609e+01
1.485849e+00
1.002271e+00
6.182481e-01
9.739783e-01
2.891275e+00
1.339905e+00
1.364136e+00
1.740783e-01
2.658557e+00
8.014608e-01
1.208316e+00
7.622715e-01
1.843112e+00
1.373041e+00
7.035280e-01
5.682269e-01
7.527689e-01
1.816037e+00
5.645926e+00
6.426526e-01
7.489474e-01
9.761327e-01
2.246705e-01
3.096582e-01
3.500118e-01
1.383358e+00
3.224162e-01
3.405908e+00
2.958783e-01
3.071762e+00
2.812079e+00
6.498240e-01
5.639484e-01
4.454602e+00
6.604624e-01
2.611652e+00
3.760908e-01
3.028396e+00
3.585739e-01
1.070366e+00
1.603117e-01
1.814043e+00
8.243188e-01
9.617715e-01
1.724640e+00
2.106027e-01
1.835930e-01
4.534481e+00
7.422477e-01
1.191723e+00
3.105130e+00
1.224077e-01
2.570720e+00
1.435862e+00
9.137567e-01
1.377537e+00
2.816832e-01
1.353462e+00
2.819898e+00
6.208757e-01
5.919931e-01
1.824723e+00
2.503576e+00
2.667652e-01
1.252076e+00
2.130401e+00
8.246353e-01
7.437403e-01
2.594280e+00
2.268891e+00
2.163167e-01
1.187586e+00
3.015577e-01
2.389378e-01
7.613772e-01
6.358547e-01
4.095356e-01
7.573167e-01
1.309301e+00
4.193827e+00
4.809008e-01
2.655036e+00
1.021298e+00
3.127609e-01
2.726865e+00
2.066833e+00
3.510981e+00
1.899945e+00
1.140177e+00
2.577758e+00
1.352813e+00
1.603942e+00
1.001489e+00
8.770036e-01
3.312131e+00
1.321710e+00
4.795608e+00
3.927743e-01
1.651322e+00
1.438708e+00
8.752103e-02
3.531853e+00
1.194419e+00
1.888011e+00
6.646413e-01
1.089178e+00
6.446652e-01
1.485847e+00
7.637948e-01
2.656096e+00
7.780516e-01
1.609597e+00
6.752384e-01
4.113648e+00
4.736877e+00
1.938037e+00
6.982123e-01
2.493387e+00
2.421664e-01
1.250224e+00
3.670867e-01
2.064167e+00
8.400753e-01
3.426613e-01
5.286498e-01
5.862406e-01
3.961164e+00
1.469919e+00
5.138903e-01
6.420335e-01
4.060831e+00
8.870948e-01
3.424857e+00
7.723450e+00
1.654603e-01
2.303438e+01
1.050577e+01
9.470376e-01
4.747838e+00
7.459583e-01
4.152921e-01
8.640871e-02
3.798562e-01
2.597068e+00
1.583432e+00
9.625956e-01
1.314125e+00
1.005798e+00
9.851092e-01
3.630835e+00
8.410230e-01
1.003941e+00
2.944101e-01
7.029003e-01
4.214802e-01
1.700915e+00
1.166021e+00
2.857090e+00
3.360874e-01
1.032328e+00
4.164300e-01
2.599250e+00
1.721571e+00
1.834442e-01
1.427125e+00
1.965888e+00
4.510942e+00
1.824062e+00
2.184026e-01
6.555483e+00
1.632791e+00
2.184022e-01
4.587886e-01
1.256105e+00
1.830825e+00
2.221831e+00
7.104750e-01
2.161766e+00
1.877269e+00
9.127048e-01
2.032998e+00
3.458466e+00
6.785648e-01
1.469954e+00
1.744772e+01
1.941199e+00
4.989361e-01
4.458577e-01
5.163355e+00
2.318031e+00
1.720750e+00
1.902702e+00
2.695642e+00
4.945831e-01
6.023696e-01
1.389769e+00
6.814418e-01
1.931408e+00
9.133027e-01
8.200709e+00
5.052689e-01
4.127164e+00
3.369363e-01
8.852487e-01
1.604025e+00
5.284291e-01
4.871826e-01
5.043275e-01
2.558207e-01
2.199158e+00
2.764970e+00
1.414482e+00
8.229125e-01
9.289284e-01
2.444648e+00
3.740498e-01
1.096844e+00
3.166192e-01
5.733715e+00
1.377473e-01
2.761340e+00
4.679566e+00
4.989205e-01
6.927135e-01
1.921625e+00
1.190008e+00
6.980405e-01
7.531672e-01
4.028398e+00
5.870888e-01
1.471402e+00
2.429332e-01
1.426566e+00
1.952699e+00
4.058749e-01
7.525414e-01
5.374615e-01
1.653737e-01
9.888458e-01
2.955757e-01
5.898745e-01
9.691558e-01
1.894934e+00
9.640703e-02
2.217868e+00
9.875698e-01
1.538786e-01
1.198505e+00
9.289333e-02
1.727464e+00
3.101270e+00
4.146375e-01
8.425378e-01
4.741391e+00
9.741026e-01
1.100964e+00
1.458630e+00
9.768337e+00
1.112081e+01
8.960940e-01
9.178196e-01
4.649004e-01
8.056972e+00
6.376793e-01
4.921266e-01
2.484472e-01
1.027197e+01
2.916058e+00
1.317231e+00
1.165893e+00
7.391468e-01
2.233281e-01
3.739317e-01
6.172793e-01
2.428826e-01
1.334304e+00
3.150212e-01
1.636502e+00
1.836766e+00
1.601958e+00
9.396825e-01
1.677509e+00
2.707590e+00
6.952228e-01
9.944919e-01
6.578273e-01
8.100855e-01
1.716016e+00
7.910549e-01
6.221805e-02
1.715944e+01
7.027502e+00
2.409092e+00
2.476127e+00
1.581921e+00
2.469828e+00
2.225913e-01
1.375555e-01
2.344132e+00
2.777523e+00
1.203819e+00
3.668426e-01
2.100002e+00
1.232089e+00
1.778103e+00
8.594458e-01
2.399866e-01
1.098179e+00
9.660013e-01
8.154709e+00
4.400950e+00
1.143613e-01
1.636593e+00
8.154565e+00
1.376231e+00
1.139783e+00
1.372533e+00
7.178204e+00
4.744493e-01
1.872795e+00
2.247672e+00
3.784112e+00
4.288707e+00
6.449076e-02
4.959799e-01
1.788476e-01
1.617963e+00
6.254044e-01
1.862458e+00
1.966865e+00
3.457881e+00
4.165144e+00
1.714440e+00
1.966371e+00
4.828418e+00
6.577496e-01
3.232885e+00
3.017815e-01
1.605814e+00
2.456708e-01
5.962547e+00
1.152830e+00
1.963767e+00
1.075830e+00
2.808865e+00
3.385983e+00
1.864267e-01
6.025446e-01
1.582212e+00
4.466654e+00
5.853494e+00
3.318423e-01
1.883769e+00
1.771601e+00
1.797709e+00
8.862004e-01
2.062668e+00
3.031575e+00
4.443468e-01
3.537057e+00
1.185185e+00
1.240752e+00
3.691442e+00
2.271587e+00
3.655406e-01
1.363882e+00
4.688696e+00
1.706838e+00
4.740064e-01
5.359421e-01
3.101060e+00
1.626067e+00
5.652666e-01
3.690293e-01
1.793039e+00
2.203389e-01
9.497035e-01
1.699331e+00
9.197714e-01
2.234029e-01
4.017276e-01
1.090539e+00
6.224561e-01
4.817279e-01
7.307769e-01
8.630229e+00
4.392198e+00
4.975523e-01
6.846483e-01
2.047389e+00
1.217623e+00
9.574920e-01
2.288990e-01
3.129579e-01
3.287119e+00
2.814586e+00
7.551602e-01
8.557496e-01
3.470838e-01
3.421652e-01
2.910430e-01
7.870172e+00
2.267992e-01
5.629691e-01
1.394117e+00
5.160653e-01
1.029077e+00
7.828022e+00
8.794057e-01
1.175096e+00
5.489912e-01
1.287310e+00
3.213251e-01
3.701825e-01
5.683404e-02
1.081723e+00
1.808952e+00
3.375886e-01
3.374985e-01
3.574087e-01
3.575110e-01
2.945312e+00
7.346369e+00
1.283935e+00
4.405302e+00
5.172599e+00
9.760049e-01
7.778450e-01
2.853946e+00
6.753037e+00
2.158420e+00
2.843330e+00
6.161437e-01
5.210599e-01
4.657841e-01
1.452689e+00
2.351640e+00
1.411843e+00
4.404750e-01
3.297726e+00
2.928293e+00
4.682695e+00
4.946438e-01
4.795533e+00
2.281585e+00
4.566897e-01
8.124832e-01
3.124507e-01
6.697045e-01
2.412475e+00
1.270525e+00
4.928383e-01
7.612340e-01
8.733726e-01
1.041175e+00
2.770772e+00
1.159155e+00
4.903746e-01
2.684994e+00
6.487538e-01
2.820982e-01
5.891825e-01
6.029961e-01
3.234958e+00
8.379810e-01
3.523917e-01
2.699853e-01
2.699103e-01
1.178335e-01
3.210449e-01
1.583407e+00
1.163128e+00
2.441640e+00
1.818135e+00
2.046636e+00
3.344504e-01
4.822987e+00
6.674849e-01
2.557954e+00
2.760726e+00
1.355347e+00
1.565821e+00
1.108962e+00
3.338643e-01
9.223335e-02
8.318497e-01
1.581453e+00
6.215993e-01
6.824141e-01
1.237234e-01
5.089689e-01
1.878310e-01
2.454925e+00
1.233983e+01
1.875904e+00
1.927069e+00
7.479396e-01
4.323232e-01
3.654215e+00
1.073774e+00
1.934667e+00
5.075355e+00
3.075515e+00
6.221821e-01
1.046650e+00
3.955621e+00
1.415986e+00
2.035320e-01
6.160350e-01
6.371176e-01
9.573526e-01
1.231958e+00
1.594153e+00
5.422615e-01
9.620163e-01
1.501578e+00
2.277406e+00
7.824262e-01
2.750190e+00
1.279030e+00
1.777746e+00
2.690546e-01
3.878666e-01
4.447015e+00
9.204382e-01
1.292949e-01
4.207607e-01
3.454182e+00
3.137913e-01
4.540922e-01
4.706833e-01
2.052173e+00
6.231848e-01
1.286612e+00
1.899749e-01
1.088322e-01
1.250453e-01
2.194321e+00
2.181262e-01
1.616766e+00
5.839546e-01
2.408992e+00
3.388394e-01
8.890561e-01
1.272297e+00
8.721602e-01
3.189495e-01
1.826005e+00
8.688209e-01
5.375963e-01
2.467609e-01
1.643203e+00
3.373576e-01
2.828429e+00
2.463484e+00
1.392141e+00
7.835543e-01
1.107260e+00
3.271169e-01
9.801012e-01
2.710480e-01
2.792005e+00
1.112023e+00
2.203377e+00
3.379806e-01
6.331486e-01
4.007746e+00
1.061482e-01
3.471312e-01
3.043228e+01
6.148749e-01
1.545414e+00
1.675099e+00
2.207809e+00
1.406610e+00
4.829633e-01
3.871300e+00
3.651169e-01
2.109314e-01
1.951215e+00
4.234641e+00
3.214634e-01
4.668129e+00
1.960975e-01
2.985622e+00
1.664322e+00
9.658402e-01
6.089860e-01
1.146668e+00
3.861271e-01
9.756880e-01
6.016572e-01
4.583697e-01
5.246851e-01
1.461237e+00
3.328930e+00
7.899566e-01
3.148547e-01
2.768335e+00
1.359720e+00
1.085175e-01
4.194441e-01
4.278443e+00
1.427150e+00
3.033539e+00
1.417687e+00
3.008250e-01
6.279891e+00
4.287205e-01
4.205468e-01
1.969892e+00
2.069472e-01
1.297975e+00
2.466478e+00
3.733741e-01
1.647181e+00
4.494560e-01
3.185039e-01
9.229033e-01
8.933603e-01
2.296230e+00
2.789790e-01
1.340592e+00
6.523515e-01
5.416952e-01
3.026322e-01
3.264905e-01
4.973247e-01
5.499326e-01
1.187645e+00
4.211358e+00
4.278400e-01
4.920625e-01
5.527041e-01
2.137130e-01
3.698887e-01
2.200852e+00
5.543171e-01
3.854688e-01
1.476633e+00
3.496185e+00
3.009199e-01
8.685073e-01
1.261373e+00
1.481486e-01
1.039704e+00
2.623228e-01
1.031014e+00
5.565041e+00
4.914859e-01
2.227464e+00
2.937907e+00
5.290062e-01
2.357521e-01
6.173471e-01
2.887173e-01
1.266425e+00
3.762255e-01
2.792963e+00
4.457332e-02
2.301501e+00
1.527435e+00
1.162098e+00
1.785504e+00
8.291112e+00
3.693752e+00
2.282136e-01
3.492126e-01
3.505782e-01
1.128696e+00
5.386756e-01
1.346762e+00
1.267667e+00
3.815958e-01
3.627417e+00
1.331193e+00
2.902634e+00
1.098491e+00
3.067133e+00
2.997035e+00
1.044490e+00
2.913954e-01
2.745369e+00
2.291948e+00
3.065035e-01
8.491502e-01
1.026653e-01
1.809525e+00
3.495419e-01
3.206450e+00
8.602081e-01
6.372460e-01
8.020134e-01
8.101117e-01
3.299392e+00
7.448416e-01
3.672265e-01
4.614637e-01
3.429182e+00
1.343287e+00
8.704300e-01
4.542316e-01
1.422483e+00
1.150417e+01
2.104925e+00
2.372074e-01
3.137457e+00
7.284588e-01
6.666258e+00
5.929534e-01
5.550666e-01
2.883153e+00
4.018620e-01
2.270945e+00
8.812802e-01
5.016139e-01
5.409505e-01
4.402979e-01
1.959336e-01
3.482777e+00
5.412348e-01
4.298439e-01
5.208581e+00
8.403723e-01
2.162318e+00
8.173193e-01
2.383943e+00
1.816315e-01
6.006367e-01
3.274555e-01
1.935958e+00
2.684982e-01
9.408626e-01
5.096591e-01
3.635875e+00
2.288922e+00
1.447583e+00
3.512002e-01
3.061659e+00
1.679763e-01
1.382310e+00
2.768400e+01
8.378514e-01
2.435068e+00
3.309208e-01
4.428158e+00
2.205403e+00
4.428544e+00
2.503178e+00
3.213622e-01
4.313614e-01
2.989230e-01
3.622597e-01
4.177183e-01
3.635998e+00
1.334224e+00
1.309098e+00
1.584465e+00
7.380253e+00
6.429591e-01
8.317444e-01
4.903764e-01
2.677305e-01
2.655638e-01
6.503141e-01
9.002271e-01
2.579571e+00
2.259184e+00
1.081641e+00
6.133511e+00
9.180011e+00
2.278363e-01
5.370628e-01
1.013766e+00
1.303716e+00
2.245083e-01
1.911491e+00
3.996816e-01
5.263075e-01
3.204850e-01
1.268712e+00
8.834219e-01
1.119287e+00
1.610134e-01
1.054767e-01
2.534331e-01
1.130413e+00
1.083065e+00
3.648482e-01
2.816760e+00
1.061639e+00
9.049087e-01
3.385792e-01
1.113623e+00
3.444928e-01
7.943487e-01
1.625123e+00
8.446749e-01
1.421671e+00
2.307966e-01
7.779586e-01
3.123328e-01
5.559852e-01
3.398159e+00
1.243448e-01
3.198933e-01
5.508431e+00
6.043839e-01
4.079204e-01
2.256100e+00
1.087189e+00
8.587518e-01
5.458293e-01
5.677123e+00
9.815850e-01
6.610781e-01
6.407238e-01
9.728123e-01
6.084059e+00
2.091389e+00
1.582501e+00
5.550962e-01
5.013696e-01
5.648770e-01
9.418251e-01
6.961387e-01
3.283501e-01
2.679287e-01
4.699991e+00
3.011836e+00
4.758108e-01
2.364668e-01
5.729546e+00
2.971066e+00
1.631560e+00
6.024017e-01
9.072668e-01
2.210459e+00
1.232175e+00
1.228555e+00
1.464506e+00
1.484942e+00
7.629353e-01
1.395947e-01
2.398966e+00
1.688686e+00
7.765268e+00
1.170441e+00
1.809481e+00
3.546114e-01
4.880557e-01
2.602081e+00
2.244389e-01
1.064379e+00
2.854666e-01
6.634804e-01
8.305539e-01
1.681601e+00
1.599070e+00
1.028089e+00
3.368897e-01
1.730524e+00
2.595672e-01
2.079363e-01
3.633710e-01
3.070512e-01
8.585251e-01
3.759043e-01
1.432981e+00
2.536639e+00
4.057632e-01
4.158503e-01
2.542469e+00
4.797386e-01
2.396648e+00
3.674307e+00
2.790111e+00
3.536395e+00
2.445645e+00
7.176900e-01
4.378039e-01
5.610971e-01
1.944758e+00
1.009592e+00
1.905531e+00
6.692445e-01
1.193883e+00
9.511488e-01
1.723930e+00
3.316561e+00
1.935249e+00
1.763446e-01
5.688779e+00
1.397267e+00
2.261091e+00
2.594112e-01
2.412444e+00
6.191502e-01
1.351767e+00
6.015918e-01
1.209664e+00
3.854572e+00
6.576662e-01
1.766674e+00
2.671878e-01
1.057099e+00
1.734159e-01
1.362700e+00
3.261735e+00
1.394066e+00
1.736633e-01
2.240177e+00
4.588436e-01
3.151126e-01
2.800160e+00
9.451513e-01
2.284451e-01
6.019317e+00
1.877775e+00
5.040552e+00
3.048046e+00
1.107677e+00
7.864514e-01
1.620337e-01
5.722636e-01
5.755078e-01
1.627755e+00
6.834214e+00
4.263905e-01
1.298854e+00
7.253627e-01
4.691741e-01
7.322374e-01
1.355731e-01
6.841192e-01
1.728813e+00
7.978609e-02
4.794346e+00
1.852393e+00
1.994443e+00
2.242440e+00
7.058351e-01
5.969639e+00
6.734492e-01
9.133517e-01
6.232772e+00
6.784539e-01
4.615165e-01
4.823634e-01
2.661191e-01
7.808826e-01
5.474748e+00
7.185922e-01
9.723121e-01
8.648312e-01
2.965039e-01
6.476648e-01
5.806837e-01
8.494885e+00
4.541726e-01
8.790536e-01
2.562076e+00
1.277539e+00
2.281329e-01
1.693382e-01
2.901431e-01
8.610607e+00
1.549613e-01
6.221155e-01
8.298988e-01
1.732239e+00
1.993189e+00
1.614191e+00
3.790748e-01
6.832887e-01
2.925138e+00
1.092300e+00
7.605730e-01
3.308274e-01
5.453341e-01
3.601743e-01
4.314656e+00
9.253700e-01
2.501732e+00
2.362931e+00
1.981120e+00
1.005097e+00
1.369303e+00
8.730197e-01
7.028995e-01
7.601756e+00
2.634259e+00
3.369216e-01
4.415438e-01
3.479866e+00
3.643147e-01
1.287730e+00
4.934873e-01
7.982289e-01
1.443341e+00
1.759584e+00
2.730981e+00
1.526377e+00
1.093259e+00
6.475901e+00
5.917356e+00
6.533011e-01
4.924670e+00
3.268756e+00
1.044325e+00
2.417997e-01
6.456667e-01
2.052484e-01
3.830295e-01
1.785678e-01
5.606361e-01
4.202150e+00
8.953458e-01
4.513789e+00
1.483303e+00
4.211736e-01
5.088584e-01
1.058362e-01
4.686158e+00
9.754157e-01
6.546929e-01
1.867649e+00
2.157032e+00
2.343397e+00
1.033880e+00
3.009443e+00
8.966815e-01
5.667022e-01
4.119495e-01
3.551523e+00
8.711982e-01
1.559516e+00
2.195421e-01
2.447180e+00
9.150688e-01
5.590919e-01
1.798658e+00
6.548868e+00
2.832448e+00
1.479075e+00
1.956849e+00
1.010966e+00
3.678234e-01
1.012915e+01
6.228844e-01
1.992583e+00
3.097366e-01
1.689545e+00
2.026805e-01
3.637388e-01
9.296129e-01
7.620140e-01
8.840358e-01
2.686670e+00
2.205356e+00
2.462034e+00
8.216698e-01
6.016839e-01
1.628994e+00
1.226624e+00
1.019349e+00
2.251629e+00
1.040078e+00
1.731959e-01
6.164268e-01
8.627995e-01
4.508469e-01
3.543999e-01
6.891941e-01
2.779927e+00
2.752060e+00
1.680596e+00
2.361306e+00
4.710234e-01
5.440477e-01
1.054036e+00
1.141426e+00
2.519732e+00
8.632082e-01
4.123422e+00
1.716063e+00
9.230866e+00
1.104287e+00
1.686779e+00
3.812764e+00
2.370162e+00
2.230661e+00
1.034075e+00
2.822627e+00
2.430166e-01
2.637266e+00
8.104331e-01
1.191870e+00
2.721180e+00
4.103552e-01
1.188862e+00
5.966623e-01
1.354487e+00
1.216518e+00
2.050863e+00
2.765167e-01
2.090067e-01
1.704177e+00
7.819622e-01
1.332364e+00
1.135685e+00
7.487428e-01
1.372947e+00
5.947161e-01
1.762663e+00
4.458589e+00
1.057633e+01
4.338728e-01
2.222226e+00
1.031657e+00
1.136894e+00
1.937412e+00
1.203640e+00
4.919054e-01
7.052502e+00
2.359446e+00
9.979486e-01
3.033618e+00
4.593763e+00
8.133738e-01
9.367572e-01
1.523138e+00
2.740921e+00
5.514615e-01
2.448008e+00
9.480652e-01
2.114221e-01
1.883009e-01
1.822982e+00
3.442492e+00
3.456687e+00
1.788443e+00
2.590375e-01
5.996842e-01
2.412911e+00
2.657867e-01
3.195323e-01
1.207185e+00
7.764111e-01
1.073085e+00
4.783327e+00
1.735127e+00
1.170073e+00
2.981116e-01
1.422634e+00
2.732591e-01
7.330932e-01
2.905252e-01
3.576153e-01
1.416702e+00
4.470442e+00
1.877143e-01
4.570307e-01
3.687020e+00
9.055161e-01
1.526861e-01
1.650196e+00
6.442491e-01
4.304601e-01
2.412699e+00
4.037143e+00
7.878645e-01
2.345436e+00
3.272175e+00
4.280374e+00
1.055241e+00
5.780354e+00
8.913728e-01
1.512863e+00
1.563690e+00
3.463428e-01
7.488458e-01
6.727044e-01
9.671813e-01
2.049649e+00
5.572398e-01
4.097832e+00
5.027303e+00
1.420556e+00
2.633764e-01
1.159725e+00
5.587970e-01
1.591448e+00
4.850998e-01
9.544654e+00
2.285620e+00
1.154128e+00
9.041347e-01
2.488415e+00
3.166002e-01
1.008577e+00
3.073810e+00
4.955835e-01
1.251982e-01
4.056748e-01
1.469135e-01
1.009463e+00
1.376340e+00
2.252942e-01
2.401339e+00
8.663722e-02
7.778242e-01
1.719302e+00
1.213400e+00
1.679797e+00
1.686317e+00
5.245029e-01
8.365174e-01
5.502275e-01
9.749262e-01
3.764182e-01
3.727700e+00
8.553359e-01
3.523121e-01
6.482555e-01
4.158384e-01
2.847259e-01
4.688260e+00
1.266779e+00
1.839541e+00
9.161665e-01
1.124353e+00
7.782733e-01
4.152668e+00
4.833145e+00
2.169022e-01
1.450835e+00
2.139180e+00
8.793090e-01
5.026699e-01
1.259501e+00
8.578495e-01
1.045954e+00
1.056222e+01
1.854717e+00
3.933473e-01
2.518672e+00
3.617800e-01
3.862545e+00
2.729824e-01
2.087585e+00
4.220135e-01
6.874264e-01
2.548122e+00
2.348752e+00
5.154453e-01
2.092511e+00
4.841183e-01
2.314583e-01
1.718205e+00
3.731533e+00
5.304838e-01
2.632858e-01
6.033623e-01
1.433560e+00
1.128488e+00
5.215924e-01
6.307711e-01
7.856704e-01
2.570325e-01
7.732710e-01
