2.659518e+00
6.736747e-01
1.210251e+00
1.212240e+00
5.860257e-01
1.238021e+00
9.941722e-02
6.099618e-01
4.721620e-01
1.328488e+00
2.467895e+00
5.471409e-01
3.923018e-01
6.304638e-01
4.789975e-01
1.275880e+00
1.410930e+00
3.328634e+00
2.849809e+00
1.233316e+00
7.333412e-01
7.863666e-01
9.566350e-01
4.497178e-01
2.065118e-01
2.428778e+00
9.250495e-01
2.795852e+00
3.233983e+00
5.119927e-01
3.525176e+00
8.953956e-01
2.713995e-01
1.412392e+00
2.216244e-01
3.632442e-01
7.943952e-01
3.425310e+00
1.327529e+00
1.564323e+00
2.305929e-01
5.787543e-01
8.316027e-01
3.686850e-01
4.169195e-01
1.448198e+00
5.546307e-01
6.708979e-01
4.521037e-01
8.021333e-01
1.121167e+00
1.053966e+00
3.183398e-01
1.720323e+00
1.565378e+00
1.306357e+00
2.831389e-01
2.669415e+00
6.514787e+00
1.741803e+00
4.582965e-01
3.982756e+00
3.470901e-01
2.789419e-01
1.399945e+00
5.372512e-01
1.343529e+00
1.823345e+00
4.450524e-01
1.381838e+00
1.868431e+00
1.150988e+00
1.808924e-01
4.320414e+00
7.074510e-01
2.677845e+00
3.481041e+00
2.713240e+00
8.832633e-01
3.602905e-01
4.393286e+00
9.799827e-01
7.003813e-01
1.016688e+00
6.133111e-01
8.338712e-01
2.037940e+00
2.944471e+00
8.331213e-01
1.014098e+00
2.423144e+00
6.782678e-01
2.060338e+00
3.397438e-01
2.636454e+00
1.728643e+00
4.100153e-01
7.713928e+00
2.120444e+00
6.398694e-01
4.275966e-01
2.956764e-01
7.147092e-01
1.389412e+00
3.094260e-01
7.004710e-01
2.787395e-01
4.975640e-01
6.577581e-01
3.813697e-01
3.924891e-01
3.446881e-01
1.069256e+00
7.468952e-01
1.450190e+00
1.099988e+00
5.441180e+00
6.436907e-01
2.179221e+00
1.053939e+00
1.759965e+00
3.241293e+00
7.568618e-01
2.474793e-01
2.783183e+00
2.225960e+00
6.928015e-01
9.020151e-01
1.387715e+00
6.587123e-01
2.135463e+00
2.053206e+00
5.479739e-01
1.707108e+00
8.716324e-01
4.320244e-01
6.915195e-01
7.417233e-01
3.408023e+00
1.374043e+00
1.664909e+00
8.996102e-01
5.002779e-01
6.775312e-01
4.679778e-01
5.349894e-01
3.629262e-01
9.232435e-01
1.546793e+00
8.619154e-01
6.410026e-01
1.530243e-01
9.959320e-01
1.655174e+00
1.824326e+00
1.583003e+00
2.737258e-01
3.160908e-01
1.073677e+00
1.092722e+00
6.699347e-01
3.700920e-01
1.171806e+01
4.737328e-01
1.969225e+00
1.174379e+00
2.748981e+00
3.377727e+00
1.892417e+00
6.811553e-02
2.758440e+00
5.551099e+00
1.372122e+00
4.667199e-01
2.225988e+00
1.021625e+00
1.947253e+00
6.846758e-01
1.268976e-01
8.143292e-01
9.169938e-01
9.188130e-01
8.375735e-02
3.898142e+00
1.046613e+00
6.365441e+00
6.304779e-01
1.410648e-01
1.397012e+00
3.006687e-01
4.568965e+00
4.236707e-01
1.831766e+00
4.219939e-01
3.790281e+00
4.716446e-01
4.543337e-01
2.418456e+00
1.089957e+00
3.881038e-01
4.586444e+00
1.697844e+00
8.543587e-02
6.223449e-01
3.837804e+00
1.902557e-01
7.839029e-01
5.101106e-01
1.062129e+00
2.493519e+00
4.197567e-01
2.791678e+00
6.222206e+00
5.112343e-01
2.036135e+00
3.918479e+00
1.037546e-01
7.869916e-01
9.922039e-01
8.121449e-02
2.837821e-01
8.084456e-02
5.683298e+00
1.163927e+00
1.397832e+00
1.129964e-01
3.586163e-01
2.060330e+00
4.847222e-01
7.894655e-01
6.591577e+00
6.716766e-01
3.103008e+00
1.682698e+00
9.399681e-01
1.668384e-01
2.488681e+00
1.559890e-01
3.226613e-01
2.297410e-01
1.151686e+00
4.351037e+00
2.519796e+00
6.000167e-01
7.160744e-01
4.511266e-01
8.796113e-01
7.976021e-01
5.011831e-01
7.863825e-01
3.701445e-01
7.667150e-01
7.341559e-01
1.976257e+00
1.377889e+00
1.982039e+00
4.242223e-01
1.906135e+00
1.810215e+00
3.906419e+00
3.877070e-01
1.653762e+00
1.694621e+00
1.493284e+00
1.243083e+00
1.918615e+00
6.501521e-01
5.208617e+00
8.551707e-01
2.158252e-01
3.195502e-01
7.609833e-01
2.300823e+00
6.721652e+00
9.964262e-01
8.323350e-01
1.178763e+00
4.426086e+00
1.076871e+00
4.255112e-01
2.322254e+00
3.975689e-01
4.144664e-01
1.335706e+00
1.295014e+00
5.134539e-01
3.281420e+00
3.319313e-01
4.071851e+00
6.362009e-01
1.736664e+00
5.025783e+00
1.069263e+00
1.196489e+00
1.681592e+00
2.830575e+00
3.983898e-01
1.699744e+00
1.113051e+00
2.311203e+00
5.673469e-01
1.144374e+00
8.287759e-01
3.014059e-01
1.391921e+00
1.280750e+00
4.906743e-01
3.058393e+00
6.995408e-01
1.622098e+00
6.735014e-01
1.109677e-01
1.414713e+00
8.052765e-01
1.103851e+01
2.705563e+00
2.115724e+00
2.134913e+00
3.905219e-01
1.375784e+00
3.862174e+00
1.791668e+00
1.255418e+00
7.168320e-01
3.460369e+00
8.447219e-01
1.868968e-01
1.435757e+00
2.471801e+00
7.832762e-01
2.966260e+00
1.490827e-01
8.781319e+00
2.331758e+00
3.760129e+00
1.567109e+00
1.956204e-01
3.694996e+00
5.214779e+00
3.750373e-01
1.517555e+00
1.202416e+00
8.624797e-01
6.850082e-01
5.418970e-01
1.727974e+00
1.688108e+00
5.581593e-01
6.266865e-01
6.331564e-01
1.123568e+00
1.225540e+00
1.001987e+00
2.207396e+00
8.131702e-01
3.034390e-01
1.986157e+00
1.443984e+00
5.042917e-01
1.070093e+00
1.630737e+00
3.181169e+00
2.841903e+00
1.029096e-01
5.095804e-01
3.211155e-01
5.694385e-01
5.335279e-01
3.299047e-01
3.560802e-01
8.268633e-01
2.665689e+00
1.019707e+00
4.273176e-01
2.852377e-01
4.088653e-01
9.988610e-01
5.647983e-01
1.640299e+00
1.264644e-01
4.768821e+00
1.357896e+00
5.953948e+00
2.668853e-01
7.346518e-01
2.174415e+00
4.347905e-01
1.426593e+00
4.883517e+00
1.578527e+00
7.887080e+00
2.076926e+00
1.548347e+00
1.427279e+00
1.232602e+00
5.694277e-01
6.925302e-01
2.158593e+00
1.761219e+00
3.787322e+00
4.863036e-01
1.060254e+00
2.654772e+00
9.179446e-01
3.545764e+00
3.920130e+00
2.690591e+00
1.478334e+01
7.836474e-02
2.365175e-01
7.883705e-01
1.960557e+00
7.269063e-01
4.382366e-01
1.137694e+00
7.459677e-01
4.889025e-01
1.197430e+00
5.864067e-01
3.531774e-01
1.709270e+00
7.579127e-01
2.653763e+00
1.674358e+01
3.671104e-01
8.011941e-01
4.879528e-01
2.081951e+00
1.546240e+00
2.888529e+00
2.406309e+00
2.532644e+00
3.680435e+00
2.095102e+00
4.654120e-01
8.622325e-01
4.451609e+00
1.689931e+00
1.708218e+00
2.605166e+00
7.891195e-02
1.320168e+00
1.075843e+00
1.834373e+00
8.018041e-01
1.120451e+00
1.339445e+00
8.864726e-01
9.400014e-01
8.963091e-01
3.384354e+00
1.164312e+00
4.349978e+00
1.421181e+00
9.721540e-01
1.862638e+00
1.064164e+00
1.696416e+00
1.605317e+00
1.820582e+00
5.202821e+00
1.784336e+01
6.779250e-01
1.111433e+00
1.501114e+00
1.124484e+00
2.261581e+00
1.395764e+00
2.035763e+00
3.560580e-01
2.555434e-01
4.429017e-01
7.427742e+00
9.114838e-01
6.949854e+00
5.723163e-01
8.447014e-01
4.155874e+00
3.978752e-01
6.053275e-01
6.246731e-01
1.597505e-01
8.429481e-01
2.006461e+00
2.671010e+00
9.512171e-02
3.219026e-01
5.364942e-01
4.720858e+00
3.576767e-01
2.377147e+00
4.601901e-01
6.950369e-01
4.513273e+00
3.692898e-01
1.705685e+00
1.139197e+00
1.686100e+00
8.568361e-01
1.449115e+00
7.786522e-01
5.128110e-01
1.423378e+00
3.471108e+00
3.726475e-01
1.712278e+00
3.817721e-01
2.306449e-01
1.978625e+00
2.843074e-01
2.982542e-01
9.512033e-01
1.860579e+00
3.450261e-01
7.367095e-01
1.117002e+00
2.715701e+00
5.178652e-01
6.403293e-01
6.589874e-01
4.771913e+00
2.531139e-01
2.266832e+00
7.221576e-01
8.907424e-02
3.647043e+00
1.586863e+00
4.691892e-01
1.118956e+00
2.573752e+00
7.748769e-01
5.932340e-01
3.977741e-01
5.974993e+00
3.806950e-01
3.488163e-01
8.778246e-01
6.565044e-01
1.475972e+00
6.134675e+00
4.445950e+00
6.669581e-01
5.152254e-01
6.136133e-01
4.138213e-01
1.783391e+00
5.237940e-01
2.681751e+00
3.618028e+00
2.146826e+00
1.317786e+00
1.170262e+00
1.044804e+00
2.120357e-01
5.762823e-01
5.818549e-01
3.743759e-01
4.328047e+00
6.693042e-01
1.540396e+00
7.403225e-01
2.131517e+00
3.789739e-01
4.721806e-01
2.260545e+00
1.489966e+00
1.844451e-01
4.089169e+00
3.116469e-01
1.096014e+00
1.407314e-01
1.402276e+00
7.157135e-01
8.542115e-01
1.607454e+00
8.338851e-01
1.691197e+00
8.763128e-01
1.453140e+00
1.168138e+00
1.618470e+00
1.736649e+00
6.949513e-01
7.644389e-01
4.915211e-01
6.023713e-01
1.226718e+00
2.823360e+00
7.539303e-01
7.313934e-01
4.929775e-01
1.877030e+00
2.158274e-01
1.155059e+00
1.218002e+00
4.015305e+00
3.919601e-01
1.061061e+00
5.316006e+00
8.782717e-01
2.154943e-01
6.370659e-01
3.401805e+00
1.529512e+00
9.458664e-01
1.518710e+00
5.377170e-01
1.657097e-01
4.515347e+00
4.677162e-01
3.620621e+00
3.171248e-01
2.399299e-01
1.839918e-01
2.053028e-01
2.603726e+00
6.253239e-01
1.111797e+00
1.685832e+00
1.052414e+00
2.283169e+00
2.226155e+00
5.189408e-01
1.201346e+00
3.335289e-01
3.990276e-01
4.662973e+00
1.260815e+00
9.764671e-01
1.136935e+00
1.139587e+00
2.142982e-01
2.380051e+00
3.447880e-01
2.001472e+00
2.300908e+00
2.406965e-01
3.816319e-01
5.462300e+00
5.375883e-01
4.062816e+00
2.659336e+00
6.630889e+00
6.689025e+00
4.833870e-01
2.849120e-01
1.494924e+00
1.581446e+00
2.902485e+00
1.423946e+00
1.820023e+00
1.781501e+00
1.171011e+00
3.140910e-01
1.539094e+00
4.751545e-01
2.672072e-01
1.404413e+00
6.002401e-01
1.183856e+00
8.891108e-01
4.340200e-01
8.446798e-01
1.470744e+00
1.028127e+00
1.763830e+00
1.740142e+00
2.754480e-01
5.256641e-01
2.542715e-01
7.281349e-01
1.771735e+00
5.623562e-02
5.507768e-01
3.962674e-01
4.537221e-01
1.071155e+00
3.985910e+00
6.379907e+00
2.405490e+00
7.120043e-01
1.176652e+00
4.314950e-01
1.976668e+00
2.672137e-01
3.697923e+00
1.374351e+00
3.283694e+00
5.408828e-01
2.431313e+00
3.596030e+00
9.723555e-01
1.016449e-01
1.122411e+00
2.805908e+00
2.276349e+00
6.712274e-01
6.550906e-01
1.745305e+00
2.344903e-01
1.160674e+00
3.750099e+00
7.745391e-01
1.295370e+00
1.210718e+00
2.750473e+00
1.496140e+00
4.289005e-01
2.779264e+00
6.934079e-02
1.579208e+01
1.171225e+00
4.902002e-01
6.289275e-01
5.840616e+00
2.022593e-01
7.469440e-01
1.098930e+01
4.291610e+00
9.864128e-01
8.800709e-01
3.597143e-01
4.530075e-01
1.389051e+00
9.205130e-01
3.111433e+00
3.143379e-01
1.480387e+00
2.670138e+00
1.033613e+00
3.796930e+00
1.102097e+00
8.643720e-01
1.309937e+00
5.659306e-01
4.784754e-01
6.991841e-01
1.383656e+00
2.632539e-01
7.577198e-02
1.259224e+00
7.623310e-01
3.359995e+00
3.030414e+00
1.998566e+00
5.241356e-01
9.445778e-01
1.507806e+00
2.052603e+00
6.123686e-01
9.541229e-01
1.736516e+01
6.374072e-01
6.845439e-01
1.055168e+00
1.404742e+00
2.637430e+00
1.325739e+00
2.127716e+00
4.124801e+00
2.142100e+00
2.141740e+00
4.940859e-01
5.282840e-01
1.552132e+00
1.945489e+00
1.257723e+00
1.708628e+00
8.161267e-01
2.194266e+00
9.073782e-01
7.280513e-01
8.506713e-01
5.139911e+00
1.456889e+01
7.370551e-02
3.487606e+00
4.866908e-01
5.968868e+00
4.046467e-01
1.346715e+00
6.131740e-01
1.460177e+00
4.735089e-01
2.037921e-01
1.477591e+00
3.286474e+00
6.609932e-01
1.615045e+00
1.143269e+00
7.297413e-01
2.376960e-01
4.075411e-01
7.673858e-01
3.199001e+00
4.286832e+00
1.979562e+00
1.361039e+00
1.704572e+00
5.713494e-01
3.064084e+00
2.485064e-01
1.435782e+00
2.737992e+00
3.357139e-01
1.379650e+00
1.869131e+00
6.241664e-01
3.569173e+00
1.529347e+00
1.185964e+00
4.104483e+00
3.203912e-01
1.352779e+00
1.147700e+00
2.706302e+00
6.058881e-01
1.078432e+00
3.721848e+00
3.134814e+00
1.907618e-01
3.664179e+00
5.173933e-01
3.752269e-01
2.674656e-01
1.228230e+00
1.970740e+00
2.375165e+00
6.862360e-01
2.817229e-01
1.038834e+00
1.916191e-01
1.389906e-01
1.889380e+00
1.680118e+00
9.748321e-01
1.727735e+00
1.180256e+00
1.484873e-01
2.317299e+00
3.003648e-01
1.117728e+00
1.566991e-01
2.343261e+00
2.220853e-01
7.309403e-02
1.195125e+00
3.701496e-01
8.087546e-01
1.305175e-01
2.286321e+00
7.841964e+00
9.264602e-01
2.603273e+00
3.331267e-01
4.096320e-01
8.926054e+00
4.173693e-01
7.109544e-01
2.390504e+00
8.188698e-01
2.891914e+00
6.851589e-01
4.235005e-01
3.001496e-01
2.397378e-01
4.208617e-01
1.300427e+00
1.671398e+00
1.080572e+00
9.370463e-01
1.638805e+00
1.079063e+00
2.544796e-01
6.434501e+00
1.158716e+00
3.477818e-01
7.329317e-01
1.536341e+00
3.333754e-01
5.180937e-01
2.467449e+00
2.976321e-01
7.017672e-01
4.495803e-01
3.230675e-01
1.555415e+00
1.263006e+00
3.403605e-01
1.704684e+00
7.210705e-01
1.164535e+00
1.254314e-01
5.885219e-01
7.780063e-01
1.025423e+00
1.682739e+00
3.381868e+00
1.275091e-01
4.221034e+00
1.961132e+00
4.649474e-01
9.699193e-01
1.309960e+00
2.935555e+00
1.041337e+00
8.659986e-02
1.226810e+00
5.425930e-01
1.751661e+00
3.812028e-01
4.131315e-01
1.723777e+00
2.553582e-01
4.369047e+00
8.873479e-02
3.083419e+00
4.293087e+00
2.190206e+00
5.509204e+00
5.183423e-01
2.746817e+00
4.927797e-01
2.384091e-01
2.120843e+00
5.784670e-01
3.653044e+00
4.449425e-01
1.106500e+00
1.147065e-01
2.958025e+00
1.318445e+00
5.977389e-01
4.397715e+00
3.112368e-01
3.060270e+00
2.981456e+00
3.164246e+00
8.838053e-01
1.751618e+00
1.588609e+00
2.066007e+00
3.014731e+00
2.861970e+00
6.478940e-01
1.637397e-01
1.354990e+00
1.074052e+00
1.636029e+00
6.244368e-01
1.759690e+00
9.423301e-01
1.675246e+00
1.263532e+00
7.403725e-01
1.804605e+00
2.059240e+00
1.031684e-01
3.328904e-01
1.327260e+00
3.264253e-01
1.441170e+00
4.281503e-01
1.005032e+00
9.483314e-01
4.246564e+00
2.392890e+00
3.946484e-01
6.227477e+00
1.999752e+00
1.049544e+00
6.895868e-01
1.898257e+00
6.408012e-01
6.641068e-01
3.247872e-01
3.938638e-01
2.176367e+00
5.997174e-01
1.063766e+00
1.658673e+00
4.293443e-01
7.568043e+00
5.233858e-01
5.232978e-01
7.478926e-01
1.536876e+00
1.696975e+00
4.600268e-01
8.915796e-02
3.488353e+00
3.105224e+00
4.902513e-01
1.510784e+00
3.165022e-01
1.123253e+00
1.162236e+00
4.583095e+00
1.364337e+00
9.031831e-01
2.856754e+00
2.851541e+00
5.994204e+00
1.199936e+00
7.361874e-01
6.649489e-01
2.518064e-01
2.217009e-01
6.246103e-01
3.302690e-01
2.251388e+00
7.954743e-01
2.053677e+00
1.233960e+00
1.049021e+00
3.940641e-01
9.461820e-01
1.101910e+01
1.881190e+00
2.911652e-01
1.803242e-01
9.217363e-01
4.587970e+00
1.858388e+00
1.294958e+00
8.844499e-01
1.502859e+00
1.637477e+00
5.482531e+00
2.056138e+00
1.506529e+00
6.615649e-01
1.158204e+00
2.528999e+00
1.372824e+00
8.129827e-01
1.695554e+00
4.460753e+00
2.501261e+00
4.355182e-01
5.527799e-01
3.458881e+00
5.861074e-01
2.428110e+00
2.704482e+00
5.875089e-01
8.196688e-01
4.138403e-01
2.169887e+00
6.159383e-01
5.426346e-01
9.870273e-01
3.701074e+00
8.322594e-01
2.687983e+00
1.161468e+00
9.714838e-01
3.304380e-01
1.051952e+00
9.143110e-01
4.657758e-01
3.755995e-01
1.015735e+00
1.345722e+00
2.112059e-01
3.606031e-01
1.898666e-01
1.807357e+00
1.713742e-01
4.461154e+00
4.374565e-01
8.872501e-01
2.448394e-01
5.268780e-01
8.223884e-01
2.142223e+00
3.948605e-01
1.149964e+00
5.097983e-01
2.051933e+00
7.459038e-01
2.953950e-01
1.164111e+00
8.651318e-01
1.301474e+00
2.029458e-01
1.099477e+00
1.106252e+00
9.358294e-01
4.172787e-01
8.053587e-01
5.082559e+00
4.560481e+00
6.887814e+00
1.258697e+00
3.049004e+00
2.890263e+00
5.545685e-01
2.533688e+00
2.800032e-01
9.713436e-01
2.785079e+00
1.040776e+00
8.584209e-01
6.651654e-01
7.418034e-01
1.923139e+00
5.429844e-01
1.178334e-01
3.691325e-01
2.072147e+00
9.920676e-01
3.189871e-01
1.457468e+00
9.998357e-01
7.104428e-01
2.150220e+00
5.892267e-01
1.654598e+00
1.969030e-01
1.229815e-01
3.073071e-01
2.620663e-01
1.432479e+01
1.447517e+00
3.911441e+00
2.030847e-01
1.751203e+00
2.249163e+00
5.282671e-01
1.122749e+00
6.775599e-01
4.311073e+00
3.200004e+00
1.411640e+00
1.173475e+01
4.514325e-01
8.363724e-01
1.345881e+00
7.899040e-01
6.233238e-01
2.013063e+00
1.072498e+00
1.074096e+00
1.631198e+00
4.472631e+00
1.476015e+00
1.886143e+01
4.461350e+00
7.661525e-01
3.205571e-01
7.703884e-01
5.186110e-01
3.006774e-01
1.023500e+00
6.229125e-01
1.523332e+00
1.049847e+00
2.073935e-01
3.793471e-01
2.946713e-01
1.778334e-01
5.041215e+00
2.024077e+00
7.862583e-01
6.317582e-01
1.748601e+00
7.013241e-01
5.008163e+00
3.215564e-01
2.565715e-01
1.114254e+00
1.397855e+00
3.510350e-01
3.292539e-01
4.369680e+00
8.473097e-01
7.328923e-01
4.620260e+00
4.982730e+00
3.604551e+00
6.214129e-01
3.486524e+00
3.547949e+00
1.016868e+00
7.724915e-01
5.761120e-01
3.003564e+00
1.200994e+00
1.047720e+00
1.292617e+00
3.881703e-01
1.517243e+00
4.800790e-01
4.493539e+00
1.260786e+00
2.782098e-01
7.845872e-01
3.816906e-01
2.214998e-01
1.391765e+00
1.317801e+00
4.493701e-01
2.299476e-01
2.067716e+00
6.791304e-01
2.031518e+00
3.767043e+00
7.698038e-01
1.151621e+00
2.599861e-01
8.455159e-01
7.117121e-01
1.597933e+00
1.162234e-01
2.146376e+00
2.985911e+00
8.920833e-01
1.484466e+00
3.598030e+00
2.306381e+00
1.382195e+00
3.178692e-01
5.043084e-01
6.410206e-01
4.302622e-01
5.924998e+00
1.270134e+00
1.991917e-01
2.016897e+00
1.473006e+00
3.591501e-01
4.199222e-01
8.710483e+00
9.488609e-01
3.000127e+00
1.342870e+00
6.533169e-01
1.189354e+00
9.663891e-01
2.256147e+00
1.605772e+00
1.688374e-01
3.837792e-01
3.589222e+00
1.125508e+00
2.621954e-01
5.227868e-01
8.256863e-01
4.294034e-01
8.650834e+00
2.301638e+00
5.288351e-01
2.148232e+00
1.211663e+00
5.682242e-02
7.690549e-01
7.369390e-01
5.953960e-01
1.474072e+00
1.152947e+00
1.947953e+00
2.257473e+00
8.262963e-01
5.379865e-02
7.537423e-01
1.652015e-01
3.321469e+00
1.175877e+00
5.046834e+00
3.731294e-01
8.824664e-01
4.346857e-01
1.514017e+00
4.160720e-01
1.678383e-01
3.202701e-01
5.280692e-01
3.535242e+00
5.578495e-01
2.276462e+00
5.833932e-01
2.776790e-01
4.188026e-01
2.229470e-01
2.314737e+00
9.583557e-01
5.576694e-01
4.626929e+00
1.108769e+00
5.866465e-01
6.276643e-01
2.016167e+00
2.235811e+00
4.143948e-01
3.862225e-01
1.142991e+00
1.964689e-01
1.042739e+00
5.617357e+00
2.229368e+00
1.749726e+00
1.202971e+00
1.890332e+00
7.746299e-02
9.129477e-02
1.761491e+00
5.860759e+00
2.319206e+00
4.964807e-01
1.071137e+00
7.368199e-01
5.408636e+00
2.352999e+00
8.072148e+00
2.286772e+00
6.172438e-01
9.005484e-02
5.736149e-01
8.922122e-01
3.420967e+00
3.721918e-01
1.323209e+01
1.232098e+00
4.452549e-01
7.782698e-01
4.102383e-01
1.270362e+00
4.390012e+00
1.083641e+00
1.939835e+00
7.551857e+00
4.260137e-01
2.244525e+00
2.118696e-01
1.722546e+00
1.433001e+00
5.781997e+00
3.694237e-01
2.627517e-01
3.470884e+00
2.760800e+00
1.767725e+00
4.745402e-01
5.232808e-01
5.207024e+00
6.723523e-01
8.060361e-01
1.504607e+00
2.886145e+00
1.211586e+00
1.134166e+00
7.331455e-01
2.605899e-01
3.472995e-01
1.106926e+00
2.799544e+00
1.132410e+00
9.443346e-02
2.898972e+00
3.021575e+00
2.120450e+00
8.173223e-01
1.665514e+00
3.481422e-01
5.616325e-01
8.334993e-01
1.088031e+00
8.791700e-01
2.819589e+00
5.291671e+00
1.745871e+00
7.555192e-02
2.259849e+00
3.445792e-01
4.009809e-01
3.708630e-01
3.688839e-01
2.698608e-01
1.190195e+00
7.550022e-01
4.701638e-01
1.123357e+00
1.046758e+01
3.277633e+00
6.231456e-01
2.471009e+00
2.831508e+00
8.025205e+00
2.273087e-01
3.122047e-01
1.597544e+00
5.241514e-01
4.672418e-01
1.948139e-01
1.770299e+00
1.647437e+00
1.287220e+00
1.008514e+00
1.026324e+00
3.111219e+00
7.479908e-01
4.713321e-01
1.390465e-01
2.424484e+00
3.198824e-01
4.217549e+00
7.981783e-01
1.785930e-01
9.871666e-01
6.778095e-01
1.018344e+00
1.344477e+00
8.126185e+00
8.019410e-01
7.823369e+00
1.125187e+00
1.880187e+00
6.941027e-02
1.547547e+00
6.477843e-01
2.381108e+00
1.483177e-01
7.636164e-01
7.099636e-01
1.063612e+00
4.724152e-01
3.211624e-01
2.576295e+00
4.652307e-01
8.230491e-02
3.290420e+00
1.916078e-01
8.223443e-01
3.030290e+00
1.914179e+00
3.328702e-01
1.284091e+00
2.209797e+00
4.421796e-01
7.268261e-01
7.354027e-01
1.407982e+00
3.333016e+00
2.748506e-01
1.268201e+00
1.069145e+00
2.113690e-01
7.324571e-01
3.007011e+00
2.386240e-01
1.903030e+00
2.316508e+00
2.648906e+00
1.018316e+00
7.253112e-01
6.155607e-01
2.713928e+00
5.766311e-01
2.551883e+00
1.976146e+00
1.754094e+00
1.942058e-01
8.927213e-01
5.559886e-01
6.680974e-01
3.910895e+00
7.875389e-01
1.734255e+00
1.832052e-01
8.756918e-02
1.483456e+00
5.981550e-01
2.137920e-01
5.598558e-01
3.333664e+00
1.106783e+00
4.639635e+00
2.632158e+00
3.195416e-01
6.605278e+00
1.237810e+00
1.524535e-01
4.223656e-01
1.587596e+00
5.036766e-01
7.713414e-01
3.507735e-01
9.637717e-02
1.632478e+00
7.899622e-01
4.875598e-01
1.339143e+00
6.490021e-01
3.253393e+00
7.054119e-01
4.045640e+00
2.421164e-01
4.583372e-01
8.843678e-01
2.602452e+00
3.107881e+00
2.228204e-01
6.721051e-01
1.722413e+00
6.475451e-01
3.687174e-01
5.177171e+00
3.245407e+00
2.809938e+00
4.933621e-01
3.644892e-01
9.763511e-01
8.632498e-01
1.310831e+00
1.524822e+00
3.998507e+00
8.604446e-01
2.850338e+00
5.094890e+00
2.101405e-01
3.323760e-01
9.601450e-01
1.148293e+00
2.175109e-01
3.281211e-01
3.305530e+00
7.192525e-01
8.987827e-01
1.266078e+00
3.035309e+00
4.348183e-01
9.387539e-01
1.996901e-01
2.240298e+00
3.080231e-01
3.972208e-01
2.808112e+00
2.624440e+00
9.471049e-01
6.951865e-02
2.418488e+00
1.909621e+01
8.114513e-01
1.555809e+00
1.033025e+00
5.788738e-01
1.408238e+00
6.292472e-01
3.664108e-01
4.997479e+00
1.373709e+00
6.770943e-01
5.249234e+00
1.204387e+00
3.027474e-01
4.897574e+00
4.894097e-01
1.677174e+00
1.665035e+00
1.514857e+00
1.603889e+00
1.018662e+00
2.396739e+00
4.721191e-01
2.241309e+00
4.453148e-01
1.888607e-01
3.473936e+00
1.151606e+00
4.420055e-01
1.855785e+00
4.015245e-01
8.711216e-01
1.111306e+00
2.029953e-01
4.525803e-01
8.601237e-01
5.009608e-01
1.990924e-01
1.749523e+00
1.096573e+00
4.380328e-01
2.446343e+00
1.028803e+01
1.815862e+00
2.434544e+00
1.505488e+00
7.520961e-01
7.442515e-01
9.283243e+00
4.215766e-01
1.383759e+00
1.978071e+00
1.459321e+00
5.442572e-01
6.219436e-01
2.299192e-01
1.247012e+00
4.934655e-01
9.904994e-01
9.222317e+00
1.311302e-01
1.135737e+00
8.159907e-01
2.701756e+00
5.817181e-01
3.519601e-01
1.321664e+00
3.066071e+00
1.125952e+00
1.699186e+00
1.228286e+00
8.140191e-01
1.370340e+00
1.187795e+00
5.426036e-01
1.270565e+00
3.344465e-01
3.218953e+00
1.092105e+00
1.495589e+00
3.437015e-01
2.527703e+00
4.192090e-01
8.137217e-01
1.898711e+00
1.719819e+00
2.415822e+00
1.841236e+00
1.654246e+00
2.147984e+00
2.986895e+00
4.995949e+00
3.138283e-01
6.706917e-01
9.044013e-01
4.191344e+00
4.348009e-01
5.270231e-01
1.042324e+00
9.044282e+00
1.414279e+00
3.459654e-01
6.470147e-01
2.454685e+00
4.906128e+00
4.663735e-01
2.865966e-01
5.185226e-01
3.385664e+00
1.654255e+00
7.296137e-01
8.695581e-01
3.377255e+00
1.379959e+00
2.348027e+00
1.080609e-01
1.568081e+00
1.230466e+00
7.111828e+00
8.930691e-01
1.497497e-01
5.751701e+00
7.118765e-01
1.266474e-01
7.999609e+00
8.337589e-01
1.476783e+00
1.719162e-01
5.552323e-01
1.188266e+00
1.230964e+00
2.037738e+00
7.465801e-01
1.669534e-01
1.020263e+00
2.807009e+00
8.090747e+00
1.271184e+00
1.109396e+00
1.482865e+00
9.688145e-02
1.559930e+00
1.879825e+00
1.201968e+00
4.728372e-01
1.229892e+00
1.705879e+00
9.293451e+00
7.062656e-01
1.438144e-01
1.805004e-01
7.653262e-01
3.508649e-01
1.225691e-01
7.562637e-01
4.283212e+00
1.281192e+00
8.314386e-01
2.680854e-01
5.760794e+00
5.271758e-01
5.357207e-01
5.109471e-01
1.005928e+00
1.666234e-01
4.054712e+00
3.064709e+00
1.045564e+00
1.417622e+00
1.635412e+00
2.969410e+00
5.498720e-01
1.913469e+00
7.983064e-01
1.149215e+00
4.732344e+00
5.381526e-01
1.038120e+00
9.766518e-01
1.935992e+00
7.457280e-01
1.365482e+00
1.030293e+00
1.353408e+00
1.971257e+00
2.623085e-01
2.208305e+00
3.172844e+00
3.286490e-01
2.607342e+00
6.945728e-01
4.108432e-01
1.729764e+00
6.628355e-01
1.197603e+00
9.711005e-01
2.445562e+00
1.350671e+00
2.051890e-01
1.244453e+00
6.436364e-01
7.545498e-01
5.220007e-01
8.743380e-01
2.473247e+00
1.210746e+01
1.021531e+00
1.132168e+00
2.425917e+00
1.789202e+00
1.697858e+00
5.478474e-01
1.242332e+00
3.365200e-01
4.469852e-01
1.129384e+00
9.819647e-01
1.427331e+00
8.508268e-01
6.565514e-01
2.444757e-01
8.153206e+00
6.675143e-01
1.984619e-01
5.632895e+00
9.321888e-01
2.684575e+00
8.115495e-01
1.305027e+00
2.728088e-01
1.710339e-02
8.277480e-01
1.029500e+00
3.537402e+00
8.247379e-01
7.619161e-01
3.452742e-01
7.060539e+00
1.634334e+00
3.685305e+00
1.071546e+00
7.777851e-01
3.957840e+00
9.326273e-01
6.313123e-01
3.835718e-01
4.803315e-01
7.460791e-01
5.258304e-01
1.028686e+00
1.065994e+00
1.521131e+00
6.334367e+00
4.151402e+00
7.907259e-01
4.715249e+00
3.483197e-01
1.078898e+00
1.278047e+00
5.631479e-01
2.972595e+00
1.456787e+00
1.838486e+00
9.737729e+00
2.750256e-01
4.483841e-01
5.611667e-01
4.897617e+00
1.575529e+00
2.899046e-01
2.320120e+00
2.262034e-01
5.497718e-01
8.762129e-01
1.271126e+01
6.170966e+00
5.571892e-01
2.040258e-01
1.802360e+00
5.020309e-01
1.983362e-01
2.591758e+00
5.539772e-01
1.299596e-01
3.125432e-01
9.281164e-01
1.458121e-01
1.330926e+00
5.507942e-01
1.984707e+00
5.189040e+00
4.115804e+00
5.610849e-01
3.741116e-01
1.550651e+00
2.531310e+00
7.118792e+00
7.280897e-01
6.476289e+00
2.528380e+00
9.430175e-01
4.156861e-01
1.499166e+00
1.528093e-01
1.245675e+00
4.411934e-01
2.548462e+00
2.830290e-01
6.212917e-01
3.804625e-01
2.209997e+00
1.861625e+00
8.639443e-01
6.313135e-01
1.461463e+00
9.782540e-01
8.471771e-01
2.268270e+00
8.844808e-01
7.259903e-01
5.550942e+00
4.005746e-01
2.086713e-01
2.526172e+00
9.466220e-01
1.248474e+00
2.540262e+00
1.659075e-01
3.701947e-01
7.276656e-01
2.393963e+00
1.059168e+00
2.331052e+00
3.070387e-01
2.808656e+00
2.265850e+00
3.475329e-01
4.448108e+00
1.653925e+00
1.691279e+00
1.973279e+00
3.816399e-01
1.598987e+00
2.689213e+00
2.086510e+00
4.263465e-01
4.478255e-01
4.341272e-01
6.379077e+00
2.754881e+00
7.445852e-01
2.870540e+00
5.397731e-01
1.515724e+00
2.236061e-01
8.283899e-01
5.956400e-01
2.632937e+00
1.482894e+00
1.402533e+00
2.113294e+00
6.308998e-01
1.755788e+00
6.091507e+00
6.314116e+00
2.078401e+00
2.127189e+00
1.291129e+00
1.168138e-01
2.690146e+00
4.665429e-02
6.887511e-01
2.786910e+00
1.117289e+00
5.890184e-02
4.754456e-01
1.781253e-01
3.004738e+00
5.208158e+00
3.209505e+00
5.799514e-01
1.614642e+01
2.223807e-01
4.546394e-01
3.232797e+00
3.591388e+00
1.356205e+00
3.863686e+00
4.911131e-01
1.144923e+00
2.979546e-01
5.651817e-01
1.290566e+00
1.068851e+00
1.641544e+00
2.666516e-01
3.389462e+00
3.217753e-01
4.983559e+00
1.713855e+00
7.689074e-01
4.664511e-01
3.832804e-01
5.778381e-01
8.724084e-01
5.379157e-01
9.929047e-02
1.902340e+00
3.449961e+00
2.182896e+00
4.690667e-01
3.245826e+00
3.162143e+00
7.803329e-01
7.522126e-01
1.205175e+00
8.714015e-01
9.632836e-01
3.690802e-01
4.346671e-01
1.919850e+00
1.015423e+00
3.067833e+00
3.140674e+00
1.578234e+00
8.716539e-01
8.666930e-01
6.641155e+00
4.471848e+00
4.472828e+00
1.414935e-01
7.343904e-01
3.140549e-01
1.002797e+00
1.125620e+00
9.105070e-01
2.023502e+00
1.005362e+00
2.048814e-01
1.632133e+00
8.463567e-01
1.758458e+00
3.191778e-01
5.687336e-01
1.814635e+00
1.712640e+00
3.473846e-01
1.877712e-01
3.134194e-01
9.505859e-01
3.971629e+00
2.218786e-01
2.980958e-01
2.430429e-01
7.696290e-01
2.613209e+00
1.017621e+00
1.362515e+00
8.780721e-01
5.204291e-01
9.855116e-02
2.405193e+00
3.257868e-01
5.041139e-01
2.729984e+00
2.012466e+00
1.208295e+00
2.239415e-01
4.092439e-01
5.943342e-01
2.200646e+00
1.885676e+00
5.161864e-01
2.307951e+00
5.757738e-01
1.661590e+01
4.421536e+00
2.801205e-01
6.563860e-01
5.383031e+00
1.692890e+00
8.534863e-01
2.103763e-01
5.941699e-01
6.137723e-01
4.369343e-01
2.406410e-01
2.136423e+00
1.104310e+00
3.472719e+00
2.980701e+00
5.234210e+00
1.316233e+00
5.743697e-01
1.964438e+00
2.865680e+00
9.646574e-01
5.690598e-01
4.393174e+00
1.056701e+00
2.504002e+00
1.979756e+01
1.503401e-01
3.414130e-01
1.497884e+00
9.971841e-01
2.618502e-01
2.596977e-01
5.774039e-01
4.408565e-01
7.044011e+00
1.001297e+01
1.711745e+00
5.201654e-01
1.386075e+00
8.272368e-01
4.044876e-01
3.499868e+00
5.822560e-01
1.217925e+00
1.425623e+00
3.328949e+00
1.467385e+00
2.489785e-01
2.732838e-01
8.849640e-01
2.618638e+00
6.423048e+00
5.271970e-01
1.172995e+00
6.203063e-01
6.099131e+00
3.418593e+00
3.363495e+00
3.091431e-01
6.824450e-01
6.406824e-01
3.322811e+00
2.390843e+00
1.172122e+00
1.576474e+00
7.948153e-01
4.041517e-01
8.721045e-01
4.259888e-01
4.945658e-01
8.429161e-01
1.697505e+00
8.755259e-01
6.419768e-01
8.628132e-01
1.008554e+00
5.550538e-01
1.373471e+00
1.722318e+00
8.503092e-01
1.315343e+00
4.541147e-01
4.476283e+00
6.091159e-01
1.265105e+00
9.409651e-01
9.361381e-01
3.009553e-01
6.715895e-01
2.923684e-01
8.135175e+00
1.415140e+00
3.279345e+00
8.915339e-01
3.248630e+00
3.761712e+00
8.610080e+00
1.500755e+00
1.422048e+01
2.189714e-01
4.129231e-01
1.237938e+00
1.682795e+00
2.035387e+00
2.282645e+00
5.316570e-01
1.418939e+00
5.134111e-01
9.583658e-01
1.807668e+00
1.092174e+00
5.575747e-01
4.535661e-01
1.184638e+00
1.980217e-01
3.986811e+00
4.026237e-01
3.115795e-01
1.640392e+00
1.083522e+00
1.510923e+00
7.581261e-01
2.543344e+00
2.057835e-01
2.589750e-01
4.280509e-01
1.360697e+00
1.137679e+00
6.423036e+00
6.210434e-01
1.519077e+00
3.419556e+00
5.501691e-01
5.921804e-01
3.038715e-01
5.063430e-01
1.807080e+00
1.131404e+00
7.720329e-01
5.919513e-01
5.258262e-01
1.246080e+00
3.052346e-01
3.424920e+00
9.936401e-01
5.802944e-01
3.992010e+00
4.973464e-01
4.883463e-01
1.250753e-01
7.523749e-01
2.424544e+00
2.027531e+00
2.786327e-01
1.184783e+00
1.286112e+00
3.495781e+00
5.306029e-01
1.686631e+00
2.108443e+00
2.453631e+00
8.831828e+00
8.877753e-01
2.134610e+00
1.045058e+00
2.804221e-01
4.463856e-01
3.469341e-01
1.486943e+00
7.474303e-01
4.962889e-01
2.751267e+00
5.732131e-01
1.343105e+00
3.083407e-01
1.883929e+00
2.076710e+00
5.250231e-01
2.714620e+00
1.055371e+00
1.536470e-01
1.132593e+00
8.809808e-01
1.298033e+00
1.668252e+00
1.916695e+00
5.443753e+00
6.321612e-01
2.523132e+00
1.113910e+00
7.514396e-01
3.107991e+00
3.210001e-01
1.523126e+00
2.675621e+00
1.106807e+00
1.217346e+00
6.125740e-01
3.447114e+00
3.047569e-01
2.934531e-01
3.563187e+00
4.448583e-01
1.952737e+01
2.559229e-01
5.823090e-01
2.685234e-01
4.663163e-01
3.507391e-01
1.166420e+01
4.884775e-01
6.859825e-01
4.138695e-01
6.643818e-01
9.130181e-01
5.454776e-01
5.251181e-01
4.676185e-01
1.479569e+00
2.474357e+00
4.030745e-01
1.002940e+01
5.117311e-01
1.048479e+00
2.557176e-01
4.133581e+00
1.206398e+00
2.459780e+00
4.194930e-01
1.161839e+00
8.337924e-01
1.710931e+00
1.948169e-01
1.004296e+00
3.417286e-01
1.655088e+00
1.337521e-01
3.177811e+00
9.411720e-01
1.452766e+00
9.176520e-01
5.453358e-01
3.155033e-01
2.416451e-01
2.592398e+00
4.092486e-01
6.928944e-01
2.420781e-01
3.041758e+00
8.189379e-01
3.220065e-01
6.343777e-01
1.146399e+00
1.541802e+00
1.110855e-01
1.003572e+00
4.988258e+00
1.521011e+00
2.177725e-01
8.036247e-01
1.767450e-01
6.719435e-01
1.633890e+00
1.714540e+00
1.603173e+00
6.662655e-01
9.721320e-01
8.157250e-01
8.102098e+00
2.571130e+00
2.341155e-01
9.627592e-01
1.151511e+00
1.747103e+00
2.358793e+00
1.205095e+00
4.143871e-01
5.326273e-01
1.026900e+00
2.445981e-01
2.889638e+00
1.122866e+00
9.042818e-01
5.851179e-01
2.915825e+00
8.068786e-01
1.327321e+00
8.009586e-01
1.075801e+00
4.080173e-01
1.070997e+00
6.578215e-01
8.618356e-01
4.928783e-01
1.196431e+00
1.824280e+00
3.731801e-01
4.199289e-01
1.006072e+00
2.105178e+00
6.770168e-01
5.260499e-01
7.141721e-01
2.285625e+00
4.652951e-01
2.823658e+00
8.111649e+00
5.906155e+00
9.945491e-01
1.182332e+00
1.523125e+00
4.747496e-01
9.398950e-01
2.650460e+00
1.405008e+00
5.692424e-01
6.941376e-01
2.328646e+01
1.982224e+00
3.204475e-01
5.233698e-01
1.804535e+00
2.167928e+00
1.104748e+00
2.825972e+00
1.121042e+00
1.509391e+00
4.159531e+00
1.267394e+00
4.353312e-01
1.795241e+00
1.946911e+00
5.766509e-01
2.237792e+00
6.850351e+00
2.588120e+00
4.486286e-01
1.458610e+00
1.105990e+00
1.046198e+00
2.188830e-01
4.992189e-01
1.573766e+00
5.196060e-01
2.442544e-01
7.079993e-01
2.740070e+00
1.183239e+00
9.805307e-01
1.467779e-01
6.097243e-01
8.462474e-01
4.814084e+00
5.727348e-01
4.634678e-01
3.048348e+00
7.064615e-01
3.130316e-01
1.944902e+00
4.191462e-02
4.998050e+00
2.705691e-01
7.294466e-01
1.924057e-01
2.122798e+00
1.341690e+00
1.138396e+00
7.537010e-01
1.049500e+00
1.446204e+00
2.887302e+00
9.244824e-01
5.321749e-01
7.058855e-01
1.852206e+00
2.785926e-01
5.757463e-01
1.757433e+00
7.583939e-01
7.855276e-01
2.305906e+00
3.736214e-01
4.207717e+00
6.423169e-01
1.267417e+00
7.076261e-01
2.081041e+00
1.818063e+00
3.548269e-01
4.805657e-01
1.936333e+00
5.595106e-01
2.940993e+00
9.481103e-01
1.581906e+00
4.927156e-01
2.447376e+00
9.747052e-01
1.086867e+01
1.440922e+01
1.431621e+00
1.445986e+00
5.165785e+00
1.626821e+00
8.822988e-01
3.779759e+00
7.559935e-01
3.057831e+00
1.016075e+00
5.446758e-01
1.147871e+00
2.220911e+00
8.804112e+00
1.568620e-01
4.944022e-01
2.439632e+00
4.085166e-01
2.030960e-01
6.446949e+00
1.540254e+00
2.822567e-01
4.657813e+00
4.877232e-01
1.284998e+00
4.502014e-01
2.906297e+00
2.087482e+00
4.457717e+00
2.857953e+00
2.283549e-01
2.859229e+00
1.877036e-01
6.689189e-01
1.178187e+00
7.159110e+00
1.441142e+00
5.716405e-01
9.811978e-01
5.250398e-01
6.968746e-01
2.555136e-01
1.757200e+00
2.038628e+00
6.937454e-01
9.820112e-01
1.943159e+00
3.039120e-01
1.300171e+00
4.332549e-01
2.266174e+00
8.008538e-01
3.415003e-01
1.557578e+00
3.445372e-01
1.012651e+00
2.010958e+00
2.717154e+00
1.285183e+00
2.527370e-01
7.541765e-01
6.189399e-01
2.887687e+00
4.062164e+00
4.487983e+00
2.108986e+00
5.032020e-02
1.451678e+00
3.759482e-01
3.267656e+00
3.210690e+00
3.205829e-01
9.645742e-01
1.956714e+00
3.776519e-01
4.132278e-01
1.578394e+00
1.121659e+00
1.251603e+00
5.430098e-01
3.813205e-01
1.078712e+00
5.045980e-01
4.421345e-01
3.820327e-01
4.102914e+00
1.053217e+00
8.424458e-01
1.137638e+00
5.423098e-01
8.582801e-01
7.399907e-01
4.139142e-01
5.843493e-01
2.301436e-01
1.211731e+01
5.077804e-01
1.429950e+00
5.337942e-01
2.910849e-01
5.789841e-01
6.908137e-01
3.905419e-01
7.047300e-01
3.770515e+00
4.122885e-01
2.816274e-01
1.924335e+00
6.534843e-01
1.342205e+00
2.931835e-01
3.116843e-01
1.176342e+00
3.740417e+00
4.364131e-01
6.297796e-01
3.600774e+00
6.000142e+00
6.566774e+00
8.905509e-01
1.341023e+00
1.812698e+00
1.420207e+00
1.606538e+00
1.400631e+00
1.234495e+00
1.394926e-01
2.081259e+00
4.759264e-01
5.813863e-01
5.756942e+00
1.036972e+00
4.878594e-01
1.685897e-01
1.304413e+00
1.704161e+00
4.822162e-01
9.930119e+00
1.934196e+00
7.273385e-01
3.923267e-01
2.343918e-01
3.656638e-01
3.845010e+00
5.234144e-01
2.509293e+00
6.641270e-01
1.283898e-01
5.078730e-01
1.791148e+00
8.761506e-01
9.159006e-01
5.364333e-01
7.304074e-01
4.988020e-01
4.584923e-01
3.906623e-01
6.063751e+00
3.381710e-01
5.837759e-01
3.410232e-01
1.200705e+01
5.521269e-01
4.360081e+00
2.567733e+00
1.385313e+00
6.935746e-01
7.350055e-01
1.232314e+00
1.650155e+01
1.260463e-01
1.394448e+00
2.122054e+00
1.436529e+00
2.010529e+00
9.612173e-01
3.409198e+00
2.876820e+00
1.706239e+00
1.270651e+00
2.043827e+00
2.071623e-01
2.161537e-01
1.121693e+00
2.827909e+00
9.193156e-01
2.819957e+00
3.270492e-01
2.844384e+00
4.712342e+00
4.744054e-01
9.122347e-01
3.152141e-01
3.750761e-01
1.254085e+00
1.021040e+00
4.296168e-01
1.926000e+00
4.611014e+00
5.841167e-01
2.950654e+00
5.735035e-01
3.409884e-01
1.293698e+00
3.065801e-01
3.084226e+00
8.937235e-01
5.668292e-01
6.685587e-01
3.701127e-01
3.119771e-01
5.674151e-01
2.604113e+00
4.498417e+00
1.245508e+00
2.547743e+00
4.590876e-01
1.084385e+00
4.968680e-01
2.914104e-01
2.661127e+00
1.614487e+00
1.391336e+00
3.176795e+00
4.373666e-01
7.148646e-01
6.644143e+00
4.340098e+00
1.288070e+00
1.147325e+00
6.021997e+00
1.480279e-01
8.883073e-01
5.407458e-01
3.381081e-01
7.355073e-01
5.628920e-02
9.558748e-01
5.568764e+00
5.985590e-01
1.964639e+00
2.830033e-01
1.447246e+00
5.031748e+00
3.349861e-01
6.759022e-01
3.917971e-01
2.495501e-01
1.388823e+00
2.036486e+00
1.130849e+00
2.567963e-01
7.367672e-01
1.804147e+00
5.542408e-01
3.654951e+00
5.375158e+00
5.838439e+00
4.729817e-01
1.041643e+00
2.367826e+00
2.974800e-01
3.458601e-01
6.578316e+00
6.083724e-01
7.826025e+00
1.242975e+00
1.702535e+00
2.634168e+00
9.854173e-01
3.043202e-01
3.598948e-02
2.266937e+00
1.109052e+00
3.708534e-01
5.524755e-01
7.214387e-01
2.915146e+00
9.527808e-01
1.265705e-01
3.292364e+00
9.886868e-01
3.942659e+00
9.888241e-01
1.776147e+00
6.801907e-01
3.356594e+00
4.575544e-01
5.164202e+00
3.825580e+00
7.300819e-01
5.965368e-01
1.168817e+00
8.407912e-01
3.231393e-01
3.602983e-01
2.694095e+00
9.700458e-01
2.853167e+00
3.517385e+00
6.115885e-01
9.706855e-01
2.964501e-01
7.101846e-01
1.671132e+00
1.767790e+00
3.560490e-01
5.944422e-01
2.340373e-01
1.632316e+00
1.014388e+00
3.405648e-01
3.574677e-01
3.278677e-01
6.985529e+00
2.706283e+00
5.043001e+00
7.124872e+00
1.382775e+00
1.490725e+00
2.334736e-01
9.523785e-01
4.211671e-01
5.885507e-01
5.555407e-01
1.576221e+00
5.190300e-01
7.145197e-01
7.178814e-01
3.893791e-01
4.017406e-01
3.312058e+00
1.256612e+00
6.505639e-01
1.374567e+00
6.526685e-01
4.269383e+00
7.343462e-01
2.916605e+00
5.673360e-01
3.166902e+00
6.012888e+00
3.227373e-01
4.620822e+00
1.456779e+00
6.413853e-01
1.918589e+00
1.087320e+00
7.022076e-01
3.065790e-01
1.832368e+00
5.215599e-01
1.175218e+00
1.277624e+00
2.800340e+00
1.509861e+00
3.571036e-01
6.795358e-01
1.517241e+00
1.157455e+00
5.079760e-01
7.247550e-01
1.354678e+00
1.406157e-01
6.828201e-01
9.753795e-01
5.520914e-02
1.567277e+00
3.867774e-01
1.540975e+00
8.914758e-02
3.416585e-01
4.085920e+00
8.421857e-01
1.093342e+00
5.970318e-01
2.855195e-01
2.472211e+00
1.982581e+00
1.065026e+00
3.079017e-01
3.735244e+00
3.413919e+00
1.397890e+00
2.334699e+00
1.056079e+00
1.417711e+00
9.418330e-01
6.448941e-01
1.629929e+00
5.812721e-01
5.101705e-01
1.222862e+00
1.481258e-01
4.483616e-01
1.849792e+00
9.316278e-01
4.543593e-01
8.595704e-01
1.154167e+00
2.538597e+00
1.713238e+00
9.644805e-02
8.137022e+00
1.249432e+00
6.232321e-01
3.143592e-01
9.478979e-01
1.750682e+00
8.478764e-01
9.769801e-01
9.333834e-01
3.349803e-01
3.938916e+00
5.254734e-01
1.964125e+00
2.073290e+00
8.241812e-01
1.940982e+00
7.036400e-01
3.272061e-01
2.726898e+00
2.135627e-01
2.025838e+00
4.837881e-01
4.542835e-01
9.338071e+00
2.126781e+00
4.287913e-01
1.949223e+00
1.858804e+00
4.003626e+00
1.602303e+00
1.072885e+00
5.307293e-02
3.196145e-01
1.169160e+00
8.366219e-01
9.998911e-01
1.629018e+00
9.868407e-02
9.988513e-01
1.415161e+00
8.702292e-01
5.155359e+00
1.644378e-01
5.110465e-01
1.124538e+00
7.340827e-01
1.344891e+00
3.770257e-01
1.799762e-01
9.538725e-01
6.907883e+00
3.692408e+00
1.676371e+00
5.744879e-01
1.684168e+00
2.679622e+00
2.742444e-01
1.510307e+00
8.191072e-01
6.729101e-01
2.430305e+00
9.566942e-01
2.784440e+00
2.487406e+00
3.371279e-01
3.870367e-01
9.095389e-01
1.905749e+00
8.096672e-01
3.192730e+00
1.361967e+00
4.951009e-01
3.159490e-01
3.598783e-01
3.641881e+00
2.520053e+00
1.493882e+00
5.617979e-01
8.455358e-01
7.719525e-01
3.476121e-01
3.909113e-01
2.224533e+00
7.171259e-01
6.248080e-01
1.046930e+00
2.938123e+00
8.469404e-01
2.223477e+00
3.211533e-01
1.876188e+00
2.176148e+00
6.343282e-01
7.828523e-01
1.810452e+00
1.475156e+00
7.519395e-01
6.858374e-01
2.841040e-01
3.624953e+00
5.376058e-01
1.385313e-01
2.489603e+00
3.805790e-01
3.626456e+00
3.652812e-01
4.803501e-01
2.564422e+00
1.549437e+00
3.566020e-01
3.791070e-01
9.490394e-02
1.339507e+00
4.300569e+00
4.156442e-01
3.817845e-01
6.446329e-01
6.263201e-01
4.885380e-01
1.071803e+00
6.150436e-01
7.581896e-01
8.310962e-01
4.366183e-01
4.279270e-01
4.915960e-01
4.427392e-01
7.121929e-01
4.915215e+00
1.001946e+00
9.844113e-01
1.719651e+00
3.241929e-01
9.090321e+00
1.257059e+00
2.564713e-01
4.751822e-01
7.859391e-01
3.353723e+00
3.934288e+00
4.631861e+00
2.729252e+00
2.830224e-01
2.701362e+00
1.828648e+00
1.090126e-01
1.985330e+00
7.476291e+00
8.077531e-02
3.147369e-01
1.675529e-01
2.280226e+00
2.210722e-01
2.403188e+00
1.311038e+00
1.219720e-01
4.211532e-01
1.034347e-01
1.039221e+00
1.010827e+00
5.953503e-01
7.859547e+00
5.666917e-01
1.470509e+00
1.154796e+00
3.607315e+00
7.069901e-01
1.188498e+00
5.400727e-01
8.559081e-01
1.959837e+00
1.004936e+00
3.395110e-01
1.914273e+00
7.321941e-01
3.236544e-01
6.869901e+00
9.678060e-02
4.092760e-01
4.556777e+00
5.284882e-01
1.739941e+00
2.038642e-01
7.239082e-01
1.423487e+00
1.433076e+00
1.792002e+00
2.633886e+00
2.147327e-01
2.131729e+00
1.687767e+00
2.234702e+00
3.936496e-01
5.473167e-01
1.451225e+00
2.326728e+00
1.267301e+00
5.322981e-01
2.632200e-01
5.456174e-01
5.445414e+00
3.493723e-01
2.355464e+00
2.180799e-01
1.071542e-01
2.559291e-01
4.226743e+00
1.373686e+00
1.300716e+00
8.567700e-01
1.843532e+01
6.079233e-01
2.010518e+00
4.533930e-01
4.982655e-01
4.699189e-01
3.906351e-01
5.817642e-01
8.032505e-01
1.430283e+00
3.796200e-01
5.330321e-01
3.095831e-01
8.151091e+00
7.055869e-01
3.474065e-01
1.407966e+00
1.621470e+00
3.100635e-01
3.850497e-01
1.238455e+00
1.454134e+00
2.576839e+00
9.754084e-01
5.642643e-01
9.665900e-01
1.752481e+00
8.467508e-01
2.484469e+00
5.969815e-01
1.564175e-01
6.617337e-01
3.963545e+00
3.056642e+00
1.600333e+00
1.990367e+00
1.479678e-01
8.329659e-01
2.590502e-01
3.494446e+00
1.374229e+00
2.668546e+00
2.656375e+00
2.672304e-01
5.068064e-01
8.588148e-01
9.431871e-01
1.899532e+00
1.243794e-01
2.729082e+00
6.984968e+00
5.774734e+00
9.015483e-01
3.556442e+00
6.682352e-01
7.668993e-01
6.022815e+00
2.858692e+00
3.435786e-01
3.670077e+00
1.471053e+00
2.101421e+00
4.800792e+00
2.024222e+00
4.280822e-01
1.315515e+00
1.185113e+00
1.882317e+00
6.303458e+00
1.929805e-01
9.295604e-01
1.606260e+00
2.352803e+00
1.798515e+00
1.622630e+00
3.363209e-01
8.627572e-01
1.148844e+00
8.361599e-01
7.883028e-01
6.882719e-01
2.102268e+00
1.691449e-01
2.494429e-01
2.445467e+00
3.693709e-01
2.450730e+00
3.382767e-01
1.660760e+00
1.837663e-01
2.173740e-01
1.343067e+01
4.091589e-01
7.121911e-01
4.182663e-01
9.316396e-01
2.656353e+00
2.917761e+00
6.424993e+00
9.224691e-01
5.744714e-01
2.337143e+00
6.535195e+00
2.688732e+00
2.983410e+00
3.091514e+00
2.706198e+00
1.315496e-01
5.006711e-01
1.799377e+00
1.957923e+00
2.150133e-01
9.723796e-01
1.528556e+00
2.318343e+00
4.001774e+00
5.322273e-01
1.630677e+00
1.468765e+00
3.136738e+00
1.016671e+00
2.545189e-01
3.313413e-01
1.709320e+00
1.424318e-01
5.009532e-01
1.637149e+00
2.799226e+00
1.044000e+00
6.563326e+00
1.477585e+00
1.549983e+01
9.058060e+00
4.184077e-01
4.118145e-01
7.419063e+00
1.760699e+00
1.871800e-01
1.535587e-01
1.395356e+00
1.225098e+00
5.133201e-01
4.479305e+00
6.746705e-01
2.302669e+00
1.169712e+00
5.127031e+00
1.756806e+00
1.670636e+00
2.744235e+00
4.426640e-01
1.543912e-01
3.910198e-01
6.722552e+00
2.150800e+00
6.245796e-01
1.552294e+00
2.113887e-01
6.661823e-01
1.502902e+00
8.744035e-01
5.144941e+00
6.415348e+00
1.462726e+00
4.966578e-01
1.894278e+00
1.155254e+00
5.035001e+00
2.365982e+00
3.579925e-01
2.993165e+00
3.371832e+00
1.748272e+00
1.028979e+01
3.777974e+00
1.052366e+00
7.107972e-01
1.096912e+00
1.774717e+00
1.297985e+00
4.257880e+00
8.638141e-01
1.277297e+00
4.015142e-01
4.750889e-01
1.128503e+00
4.661732e-01
1.315309e+00
6.376642e-01
1.988560e-01
4.895571e-01
4.081625e+00
9.350401e-01
1.890744e+00
1.668051e+00
6.427561e-01
8.080866e-01
2.830581e-01
9.494382e-01
1.434730e+00
1.091441e+01
8.559120e-01
1.412520e-01
4.692728e-01
3.087555e-01
1.459510e+00
9.917826e+00
6.739778e+00
3.545738e-01
2.310394e+00
1.527521e+00
3.215158e-01
1.060622e+00
1.852840e+00
4.800795e-01
6.463447e-01
7.511126e-01
5.075498e+00
4.819302e+00
4.025515e-01
3.504838e-01
1.405767e+01
1.982977e+00
2.244185e+00
2.818377e-01
9.811776e-01
9.576242e-01
4.555915e+00
5.876468e-01
2.287038e+00
7.428836e+00
7.629474e-01
6.567217e+00
3.528339e+00
1.693338e+00
2.620672e-01
1.480098e+00
1.032597e+00
5.382527e+00
2.392045e+00
1.130396e+01
1.421483e+00
5.037736e-01
4.784675e-01
7.202580e-01
1.485627e+00
1.313563e-01
9.690546e-01
2.220544e-01
4.642579e+00
5.012077e-01
6.127787e-01
5.513035e-01
4.640002e-01
1.118654e+00
1.239762e+00
3.634388e+00
7.580486e-01
4.203223e-01
1.277268e-01
8.383416e-01
1.030012e+00
3.733424e+00
8.580424e-01
3.687168e-01
1.056273e+00
2.720208e+00
6.030371e+00
5.200317e+00
4.745429e-01
2.874506e+00
4.206785e+00
1.873109e-01
1.633453e+00
1.345265e+00
1.150229e+00
5.034707e+00
7.220800e-01
3.410164e+00
5.508690e-01
7.702103e-01
5.583269e-01
1.482930e+00
2.720859e-01
1.116412e+00
1.129917e+00
1.076601e+00
1.775927e+00
9.781643e-01
8.410960e-01
1.220761e-01
3.746287e-01
4.946211e-01
6.717944e+00
1.531688e+00
1.634321e+00
4.784184e+00
1.215367e+00
6.171880e-01
5.031262e+00
4.062542e-01
3.404836e-01
6.224768e-01
4.094727e-01
4.932371e-01
2.273842e-01
5.610529e-01
6.097822e+00
2.727189e-01
6.801940e-01
1.563299e+00
9.684625e-01
3.756546e+00
3.852852e-01
6.339701e-01
6.144261e-01
1.122513e+00
5.453408e-01
8.070143e-01
2.319585e+00
2.791135e-01
3.247546e-01
4.752640e-01
2.690209e-01
1.742499e+00
8.381277e-01
1.138604e+00
4.167309e+00
3.393706e-01
3.780004e-01
1.001340e+01
4.812322e-01
2.607859e-01
5.197927e-01
1.716042e-01
4.535724e-01
8.630453e+00
1.016373e+00
8.350957e-01
4.899541e-01
2.862539e-01
5.850478e-01
4.310692e+00
1.779771e+00
3.778786e+00
2.500141e-01
1.386661e+00
3.754765e-01
9.966367e-01
1.277756e+00
1.395402e+00
4.321117e-01
2.124901e+00
1.081375e+00
1.166305e+00
2.245560e-01
9.116056e-01
6.917645e+00
2.317452e-01
9.510530e-01
6.416758e-01
2.128827e+00
5.934761e-01
1.275050e+00
1.737679e+00
1.803517e+00
1.092864e+00
1.246299e+00
8.854824e-01
4.621176e+00
5.021184e-01
1.823681e+00
4.702041e+00
1.440078e+00
1.050974e+00
5.670121e-01
4.293616e-01
3.941929e+00
1.050752e+00
9.898174e+00
6.693361e-01
3.883843e+00
1.645052e-01
3.209712e+00
1.569877e+00
5.843626e-01
1.854863e+00
1.454127e+00
1.858628e+00
2.657314e+00
4.744001e+00
8.873661e-01
1.873595e-01
6.974433e-01
1.319862e+00
2.025591e+00
6.005107e-01
3.227246e-01
2.090673e-01
1.247960e+00
3.835427e-01
1.650069e+00
1.125625e+01
4.248127e-01
1.916145e+00
2.504183e+00
7.332308e-02
1.572827e+00
3.415989e-01
4.664974e-01
4.180030e+00
3.189192e-01
3.668830e-01
5.051239e-01
3.591206e+00
1.504345e+00
4.953734e+00
2.827666e+00
3.496223e+00
4.178043e+00
2.428884e+00
1.260007e+00
6.700153e-01
4.447096e+00
4.796548e-01
9.208558e-01
7.910419e-01
1.693850e-01
1.742890e+00
1.776496e+00
5.449661e-01
6.559637e-01
2.593578e-01
2.285001e+00
4.835221e-02
3.886301e-01
1.428709e-01
6.307314e-01
3.312633e-01
1.161334e+00
3.927966e-01
8.336753e-02
5.398340e-01
2.324760e+00
9.904785e+00
1.704617e+00
3.251208e-01
1.760965e+00
1.161745e-01
1.774413e+00
2.804034e-01
1.539443e+00
1.074805e+00
5.851738e-01
2.018987e-01
1.264809e+00
1.899713e+00
5.130790e-01
4.346177e-01
9.130231e-01
4.279172e-01
7.159761e-01
2.106424e+00
1.844141e+00
5.750617e-01
1.406474e+00
1.519660e+00
3.528474e-01
3.705457e-01
5.350949e-01
5.337927e-01
4.015456e-01
6.544064e+00
3.398612e-01
1.163286e+00
3.872530e-01
7.657327e-01
4.186062e-01
7.087568e+00
7.316118e-02
9.206976e-01
8.982436e-02
3.079129e-01
1.805735e-01
4.192391e+00
1.240774e+00
1.561048e+00
1.583563e+00
1.066099e+00
1.261220e+01
5.537288e-01
2.236181e-01
1.024233e+00
4.964012e-01
1.732024e+00
1.540280e+00
1.022457e+00
3.191069e-01
2.458515e+00
5.779410e+00
1.645408e+00
7.628425e-01
3.068918e+00
2.089748e-01
1.621134e+00
1.041797e+00
6.404848e-01
6.532218e-01
1.039421e+00
1.021712e+00
7.200548e-01
1.367450e+00
1.076839e+00
1.630149e+00
3.166749e-01
1.543220e+01
5.916691e-01
2.285983e-01
8.440863e-01
1.669837e+00
2.519138e+00
7.014799e+00
1.873290e+00
3.196281e-01
1.122138e+00
4.495915e-01
3.134680e-01
1.582948e+00
1.348389e+00
3.109040e+00
1.245864e+00
7.980456e-01
1.661915e+00
3.077707e-01
1.223226e+00
6.225051e-01
1.272767e+00
1.584877e+00
4.184919e+00
1.064503e+00
5.833904e-01
5.190652e-01
5.323819e+00
