8.526667e-01
2.306110e+00
8.484057e+00
1.366194e+00
2.898764e-01
8.218558e-01
1.238825e+00
7.976705e-02
1.683604e+00
1.173182e+00
8.593814e-01
2.298374e+00
2.129698e+00
4.271227e+00
1.610669e+00
1.881141e-01
1.501446e+00
1.720677e-01
1.140966e+00
9.393740e-02
2.923682e-01
1.375355e+00
5.732994e+00
1.882074e+00
4.588842e-01
4.455908e-01
2.322931e+00
4.767746e-01
6.262391e-01
1.499079e+00
2.164326e+00
2.717022e+00
2.979930e-01
9.109714e-01
2.593660e+00
6.668142e-01
5.805699e-01
6.233514e-01
2.292694e+00
1.134256e+00
4.697110e+00
2.573862e+00
4.968639e+00
7.166543e-01
1.663732e+00
1.377629e+00
4.352511e-01
7.466534e-01
1.132694e+00
3.816824e-01
7.462755e-01
1.639106e+00
1.993425e-01
1.411737e+00
3.176064e+00
6.240645e+00
1.805547e+00
2.244165e+00
3.763550e+00
2.197723e+00
4.312126e+00
7.961762e-01
2.497142e-01
1.276115e+00
5.374645e-01
8.270928e-01
3.487503e+00
2.359244e+00
2.102200e+00
1.483514e+00
1.147076e+00
7.758178e+00
1.790008e+00
3.903473e-01
6.220709e-01
1.214399e+00
2.927419e-01
2.288886e-01
5.586846e+00
3.182238e+00
1.030634e+00
4.233808e+00
4.467841e-01
2.125423e+00
1.290044e+00
8.767536e-01
1.485943e+00
2.343354e+00
1.373411e+00
5.242848e-01
1.162948e+00
3.149949e-01
1.425260e+00
1.409308e+00
1.504791e+00
3.887101e-01
1.262071e+00
4.892207e-01
1.119669e+00
1.040231e+01
6.512306e-01
1.952773e-01
2.446977e+00
1.349892e+00
6.858889e-01
1.944618e+01
1.269237e-01
9.371902e-01
2.454430e+00
9.775921e-01
5.787974e-01
1.120233e+00
4.356752e-01
2.772366e-01
1.646553e+00
6.273718e-01
1.462033e-01
1.364306e+00
1.928991e+00
1.617425e+00
6.412611e-01
6.419150e-01
9.766716e-01
1.768516e+00
4.680038e-01
4.244465e-01
2.254154e-01
9.773619e-01
1.098300e+00
1.773275e+00
2.152619e+00
4.009577e-01
9.135969e-01
4.087996e-01
4.885387e-01
2.774319e+00
7.431725e-01
1.172189e+00
6.109169e-01
1.905131e+00
2.193607e+00
7.371043e-01
2.035592e+00
7.622082e-01
8.468383e-01
8.258874e-01
7.472581e-01
6.312516e-01
5.110776e-01
1.316833e+00
6.023636e+00
1.987952e-01
1.114209e+00
4.014312e-01
2.067630e+00
1.145090e+00
1.072490e+00
1.054803e+00
4.116877e-01
4.100630e+00
2.383564e-01
3.112029e-01
5.486471e-01
1.129991e+00
2.867023e+00
2.579592e+00
2.824125e-01
8.899361e-01
1.051358e+00
1.208527e-01
3.581022e-01
6.348605e-01
3.809219e-01
5.033678e-01
2.130481e+00
5.746310e-01
8.135315e-01
2.454178e-01
4.467005e-01
1.028405e+00
2.159134e+00
1.939322e+00
2.879415e-01
2.756847e-01
9.691996e-01
5.187386e-01
8.188905e-01
2.734139e-01
8.389092e-01
1.642497e-01
7.208139e-01
1.300077e+00
2.023605e-01
8.411093e-01
8.312325e-01
1.160853e+00
9.080521e+00
1.192910e+00
2.704547e+00
1.762590e+00
5.143054e-01
1.062399e-01
2.113868e+00
5.711801e+00
8.458220e-01
5.634826e-01
2.282060e+00
1.809757e+00
2.116814e+00
5.624737e-01
6.036529e-01
1.424271e-01
4.784289e-01
2.616290e-01
1.074905e+00
1.838436e+00
4.477743e-01
3.089033e+00
1.960398e+00
8.573380e-01
5.458369e+00
2.413643e-01
9.544025e-01
3.729237e+00
6.780766e+00
1.115312e+00
6.844398e-01
8.489336e-01
4.431290e-01
3.226820e+00
1.072241e+00
2.647406e-01
3.709018e+00
4.781070e-01
6.527825e-01
1.441127e+00
3.789348e-01
1.223106e+01
3.610123e-01
5.137451e+00
2.411828e+00
2.397341e-01
1.516536e+00
2.613821e-01
2.100319e+00
4.593478e+00
1.498964e-01
1.235068e+00
1.494464e+00
5.417662e-01
2.523362e+00
1.311753e+00
3.592787e-01
5.704826e-01
3.939648e+00
8.928427e-01
5.768827e-01
3.704151e-01
5.476580e-01
2.947377e+00
1.095595e+00
5.854077e-01
4.302173e-01
1.870984e+00
4.972847e-01
7.250632e-01
5.488451e-01
1.994289e+00
1.548300e+00
1.354610e+00
1.230100e+00
1.070419e-01
6.429384e-01
6.053377e-01
2.044863e-01
1.478914e+00
1.195755e+00
1.225738e+00
1.627902e+00
9.280020e-01
4.283283e-01
1.140720e+00
4.862510e+00
8.153323e-01
1.405967e+00
1.840580e+00
4.665607e+00
8.406811e-01
1.533993e+00
1.696710e-01
1.457600e+00
5.517767e-01
1.721676e+00
1.273676e+01
3.945224e-01
5.065495e-01
1.045844e+00
2.548541e+00
1.892020e+00
6.391053e-01
8.297839e-02
2.129162e+00
6.655138e-01
1.496449e+00
5.473255e-01
2.075914e+00
3.463019e-01
7.785487e-01
4.998257e-01
1.015730e+00
6.166296e-01
1.208090e+00
2.200407e-01
8.442074e+00
1.922141e-01
1.334081e-01
4.688615e+00
8.692649e-01
6.804646e+00
3.353748e+00
7.505520e-01
3.210529e-01
1.493367e+00
1.872716e+00
3.707485e+00
3.879059e-02
9.258361e-01
2.865646e-01
7.116902e-01
1.315384e+00
2.613725e-01
8.920182e-01
2.218197e-01
2.607900e-01
2.161276e+00
5.039730e-01
1.256217e+00
1.091304e+00
1.692982e+00
1.749451e+00
5.921213e-01
1.142971e+00
2.362914e+00
2.118783e-01
1.499979e+00
4.286963e-01
7.900686e-01
1.205659e+00
4.981535e-01
5.983826e-01
2.659065e+00
4.425301e+00
1.469603e+00
1.193035e+00
3.273373e+00
1.021333e+00
7.070453e+00
1.904214e+00
1.614854e+00
7.001189e-01
1.001284e+00
5.959964e-01
3.779411e+00
5.356722e-01
1.294506e+00
1.052153e+00
1.871277e-01
2.477605e-01
2.847044e+00
1.074535e+00
1.497093e+00
1.830835e+00
1.991043e-01
1.265802e-01
3.214179e+00
2.593201e+00
7.228922e-01
2.820107e+00
4.267219e-01
1.945941e+00
4.562110e+00
2.954745e-01
4.828031e+00
6.104310e-01
6.529321e-01
3.262814e-01
1.540832e+00
5.607403e-01
8.608564e-01
1.751004e+00
1.898690e-01
9.706525e-01
6.201536e-01
2.339419e-01
8.416502e-01
2.189734e+00
1.331535e+00
9.590125e-01
6.440543e-01
3.478049e-01
1.379075e+00
2.687167e+00
8.126643e-01
3.523494e-01
1.834249e+00
3.524643e+00
5.723157e-01
1.765128e-01
1.698192e+00
3.401120e-01
5.636936e-01
1.727992e+00
3.036438e-01
6.316210e-01
1.795797e+00
2.051931e+00
4.420484e-01
5.844092e-01
9.131963e-01
2.595481e+00
1.428364e+00
1.861597e-01
2.737083e+00
3.759466e-01
3.351696e+00
1.249996e+00
1.316367e+00
3.641785e-01
2.615553e+00
2.268983e-01
2.750073e-01
7.833345e-01
1.299216e+00
6.034971e+00
1.332898e-01
5.615215e+00
1.116783e+00
4.165464e-01
2.787336e+00
1.754065e+01
1.618066e-01
6.298788e-01
6.603940e-01
2.130510e+00
3.790921e-01
2.343360e+00
1.565699e-01
2.283612e-01
2.912560e-01
1.382853e+00
4.877743e-01
5.397528e-01
2.533501e+00
3.160075e+00
4.033675e-01
8.093256e-01
3.485305e-01
2.943513e-01
1.173352e-01
1.816018e+00
1.517579e+00
4.612817e-01
8.214738e-01
4.374865e+00
5.592923e-02
8.019727e-01
2.585886e-01
5.656751e-01
1.220268e+00
8.417917e-01
3.058978e+00
6.686720e-01
5.598938e-01
5.476160e-01
3.684775e-01
7.865771e-01
2.748634e-01
1.227618e+00
7.595483e-01
1.039623e+00
8.230686e-01
3.241449e+00
1.977915e+00
1.602073e+00
1.352906e+00
4.089156e+00
7.796676e-01
4.432570e-01
6.960279e-01
8.860056e-01
1.769217e+00
1.252796e-01
1.428889e+00
6.385875e-01
4.294288e+00
3.623790e+00
3.330194e+00
6.043998e-01
1.498452e+00
6.515219e-01
8.546456e-01
1.007753e+00
1.785262e+00
1.021568e+00
1.843393e+00
5.054096e+00
1.701065e+00
1.050496e+00
4.786380e-01
9.007611e-02
2.018889e-01
6.167373e-01
4.688782e+00
3.036139e-01
3.669572e-01
1.897941e-01
8.813331e-01
6.043328e+00
1.301923e+00
4.250300e-01
6.321529e-01
1.121141e+00
1.813530e+00
4.250493e-01
9.397609e-02
8.328157e-01
7.799492e-01
5.319997e+00
1.117270e+00
1.956470e+00
1.144320e+00
2.264676e-01
8.263270e-01
4.411298e+00
8.672997e-01
5.158173e+00
1.403916e+00
2.036899e+00
6.048102e-01
8.494077e-01
3.657456e+00
1.997737e+00
1.986500e-01
4.206489e-01
9.151553e-01
2.894689e+00
5.479780e-01
1.911785e+01
1.703013e-01
2.390749e-01
2.066985e+00
4.098611e+00
2.827714e+00
2.813111e+00
4.048518e+00
1.605461e+00
4.930826e-01
1.004056e+00
1.974983e-01
1.126008e+00
8.403255e-01
9.089253e-01
9.224683e-01
1.106194e+00
6.622456e-02
2.712166e-01
2.849235e+00
1.236026e-01
1.243210e+00
7.056751e+00
7.005227e-01
2.345584e-01
6.950663e-01
1.661068e+00
8.334261e+00
1.484383e+00
3.486650e-01
1.647208e+00
1.235718e+00
3.021260e+00
2.128626e+00
1.640899e-01
5.817855e-01
1.561076e+00
8.802664e-01
1.238953e+00
2.443657e-01
1.028520e+00
2.152570e+00
1.566001e+00
2.157330e-01
5.789057e+00
1.131911e+00
2.209056e+00
9.713313e-01
1.327378e+00
6.412050e-01
2.716263e-01
1.868884e-01
1.546571e+00
1.079287e+01
7.805003e-01
1.103414e+00
1.131111e+00
9.895378e-01
8.001116e-01
9.255052e-01
6.386718e-02
1.679558e+00
8.513679e-01
8.143101e-01
8.757502e-01
1.986797e+00
1.588211e+00
3.994426e-01
1.168412e+00
1.316896e+00
2.901284e-01
7.127213e-02
7.744509e-01
2.381061e-01
1.103381e+00
2.765346e-01
1.455759e+00
5.202769e-01
1.819471e+00
5.987495e-01
4.213779e+00
5.778058e+00
5.743258e-01
1.945336e+00
9.475308e-01
1.474607e+00
5.097907e-01
1.269520e+00
3.222457e+00
1.153416e+00
5.152632e+00
3.270510e-01
1.451539e+00
6.363739e-01
1.590095e+00
2.275316e+00
6.225383e-01
2.213661e+00
2.446639e-01
1.805394e+00
2.138362e+00
1.007264e+01
4.581297e+00
7.226040e+00
6.445526e-01
2.777128e-01
1.347875e+00
1.262191e+00
1.223412e-01
9.428131e-01
4.273994e-01
3.532680e-01
1.268888e+00
9.196826e-01
1.843172e+00
2.104808e+00
3.616668e-01
3.098630e+00
2.400790e-01
9.893843e+00
3.003869e+00
6.710255e-01
1.456781e+00
3.056483e-01
1.273693e+00
2.423237e+00
1.351525e-01
2.297070e-01
8.583823e-01
6.728676e-01
1.621859e+00
2.868235e+00
7.024631e-01
7.566017e-01
2.855002e+00
1.307975e+00
2.331982e-01
1.009625e+00
5.004429e-01
7.200833e-01
8.751766e-01
1.435099e+00
1.515561e-01
3.727090e-01
3.589164e+00
1.142536e+00
7.101328e-01
1.085014e+00
4.510555e-01
1.164828e+00
7.579007e+00
1.706768e+00
1.037662e+00
4.565340e-01
6.601131e-01
6.751921e+00
3.379461e+00
8.299709e-01
8.033800e-01
9.921320e-01
6.177730e-01
5.811309e-01
4.059794e+00
1.654646e+00
8.516353e-01
7.230756e-01
1.573847e+00
1.328200e+00
8.768754e-01
1.071592e+00
3.001465e+00
5.086257e-01
1.156690e+00
6.589646e-01
2.638160e+00
5.861570e-01
6.205434e+00
7.328751e-01
1.321124e+00
9.669402e-01
2.283502e+00
2.751991e+00
9.925981e-01
1.135761e+00
2.422153e+00
1.854006e+00
4.214642e-01
1.233779e+00
7.287668e-01
4.763557e+00
1.567690e+00
1.046730e+00
7.730410e-01
7.861701e-01
2.425301e+00
1.188038e+00
6.114597e+00
2.298512e+00
1.878373e+00
1.542133e+00
5.464998e-01
1.203688e+01
4.380736e+00
1.373078e+00
1.934077e+00
2.242250e-01
3.760858e-01
2.863421e+00
1.235468e+00
1.706255e+01
4.871394e-01
1.139946e+00
6.552978e-01
3.445868e-01
2.232247e+00
6.370949e-01
3.476350e-01
9.566941e-01
9.643118e+00
2.603407e-01
1.282650e+00
1.993757e-01
1.029266e+00
6.788685e-01
1.143069e+00
3.558364e-01
1.459921e+00
7.091260e+00
1.593500e+00
1.578503e+00
1.260132e+00
4.880423e+00
3.119470e-01
4.367242e+00
7.482562e-01
8.616993e-01
4.475270e-01
1.237905e-01
4.272555e-01
3.203159e-01
9.272043e-01
3.646344e-01
1.889079e+00
1.519871e-01
1.066773e+01
1.627376e+00
2.620385e+00
1.182217e+00
4.312651e+00
1.539331e+00
1.659204e-01
1.168903e+00
8.190410e-01
3.784850e-01
3.891199e-01
4.404801e-01
4.988027e-01
9.491964e-01
2.877563e-01
8.034975e-01
5.001070e-01
1.147648e+00
1.727824e+00
1.753160e-01
3.093938e-01
8.142602e-01
2.251091e-01
2.568050e+00
8.487415e+00
4.577691e+00
9.193847e-01
1.921633e+00
1.465095e+00
2.066845e+00
4.607366e+00
1.899526e+00
9.359599e-01
4.319665e-01
6.699824e-01
4.205145e+00
1.447900e+00
5.280171e-01
1.359028e-01
5.195636e-01
3.895541e-01
1.414460e+00
2.633685e+00
7.903841e-01
1.468453e-01
7.665247e-01
8.632355e-02
4.083328e+00
3.547897e-01
9.633804e-01
2.213286e+00
1.133148e+01
4.657363e-01
1.899743e+00
1.616246e+00
6.453403e-01
7.790428e-01
2.398648e-01
1.042038e+00
1.975328e-01
1.488391e+00
4.931997e-01
1.760192e+00
2.585887e-01
3.167758e-01
6.480308e-01
5.402482e-01
4.468962e-01
3.960729e-01
1.126692e+00
8.412039e-01
8.416682e-01
1.556907e+00
1.596784e+00
8.589766e-01
5.284724e-01
5.419220e+00
1.294910e+00
4.356399e-01
9.740830e-01
9.250592e-01
8.952595e-01
9.824591e-01
7.013228e-01
2.834889e+00
3.844110e-01
5.339313e-01
4.355244e-01
2.114325e+00
9.427928e-01
1.414301e+00
7.962756e-01
1.365968e+00
1.493895e-01
8.134911e-01
1.678170e+00
5.363897e-01
1.112296e+00
1.224605e+00
1.182567e+00
7.087632e-01
1.922061e+00
4.518005e-01
4.104244e+00
1.973983e+00
1.124673e-01
4.692017e+00
4.499959e-01
2.611020e+00
1.310428e+00
2.655960e-01
3.968760e-01
5.292956e-01
2.712769e-01
4.312867e+00
7.130161e-01
3.623450e+00
3.459863e+00
5.546428e-01
1.821555e-01
6.080728e-01
8.907955e-01
2.921808e+00
8.063418e-01
4.594511e+00
1.542053e+00
1.881562e+00
7.774251e-01
6.992803e-01
1.403284e-01
2.363575e-01
2.000336e-01
1.129708e+00
1.846060e+00
1.308015e+00
2.864035e+00
3.728416e+00
9.213031e-01
4.823326e-01
2.701187e+00
4.509478e-01
6.248344e-01
7.450921e-01
1.472342e-01
3.004125e+00
3.650541e-01
3.375148e+00
1.966701e-01
9.150045e-01
2.139695e+00
1.857416e+00
1.778288e+00
3.030615e+00
2.660763e+00
9.570046e-01
1.141095e+00
2.486570e-01
1.132750e+00
2.074967e+00
6.630817e-01
2.417464e-01
3.868285e-01
3.314174e-01
1.092685e+00
1.345306e+00
2.788440e+00
4.698299e-01
2.733949e-01
4.034303e-01
1.822684e+00
3.573197e+00
9.077991e-01
2.439350e+00
4.354273e-01
1.145911e+00
1.746976e+00
1.119916e+00
5.926351e-01
5.610372e-01
4.422073e-01
1.002114e+00
4.117344e+00
1.484140e+00
8.628652e-01
1.198674e+00
1.414275e+00
9.335084e-01
3.933191e+00
2.701293e-01
1.647327e+00
4.623478e+00
1.354304e-01
6.720659e-01
5.033025e-01
3.367364e-01
5.480434e+00
1.200414e+00
2.480127e+00
1.709255e+00
4.571755e+00
1.779643e+00
6.779264e+00
2.389588e+00
2.124388e+00
8.384345e-01
1.018883e+00
3.866948e-01
1.046736e+00
2.413744e+00
3.428043e+00
1.797010e+00
4.904634e-01
1.032654e+00
1.596250e-01
1.170895e+00
3.452287e-01
2.106800e+00
1.749765e-01
2.082207e+00
2.550514e-01
2.528638e+00
7.493992e-01
3.963141e-01
7.756251e+00
4.278724e-01
9.894198e-01
5.298108e-01
2.118095e+00
8.138715e-01
3.444913e-01
3.876306e-01
2.062322e+00
2.578525e-01
1.168540e+00
5.715726e-01
5.706229e-01
3.026489e+00
8.118730e-01
1.407029e+00
1.060545e+00
3.742141e-01
3.530642e-01
1.795977e-01
1.952637e-01
4.450104e-01
6.129398e-01
2.644526e-01
2.489600e+00
2.461397e-01
5.057301e+00
5.504622e-01
9.151972e+00
2.554204e-01
3.500227e-01
1.127065e+00
9.657566e-01
1.422853e+00
3.967938e-01
1.124894e-01
5.363031e-01
7.690113e-01
8.006231e+00
4.514040e-01
2.659281e-01
1.039093e+00
2.308518e+00
5.813964e-01
4.553195e-01
8.065855e-01
5.039978e-01
7.666855e-01
1.938233e-01
2.094068e-01
8.891028e-01
5.399320e-01
4.882567e-01
4.556736e+00
5.509265e-01
8.370381e-01
6.101004e+00
9.590464e-02
1.463506e+00
2.909778e-01
3.410183e-01
3.563786e+00
1.874526e+00
3.177538e+00
1.009458e+00
9.681411e-01
5.594987e+00
7.313752e-01
6.429899e-01
9.251900e-01
7.603131e+00
5.962165e+00
3.553386e+00
4.002919e-01
2.346646e-01
1.078492e+00
5.560963e-01
5.460274e-01
6.665936e-01
5.482911e-02
1.490886e+00
7.292093e-01
3.539097e-01
1.425536e+00
2.523514e+00
8.395894e-01
9.663919e-01
2.676254e+00
4.379129e+00
2.640328e+00
2.821829e+00
1.758046e+00
1.151808e+00
7.222706e-02
1.185736e+00
7.010613e-01
8.816683e-01
1.791525e+00
6.369690e-01
2.187360e+00
3.542776e-01
3.156083e-01
1.336859e+00
2.505229e+00
7.353795e-01
1.428558e+00
5.282801e-01
2.364408e+00
6.333189e-01
4.797660e-01
2.028239e+00
3.692405e-01
8.001571e+00
2.988393e+00
3.083340e+00
3.036308e-01
9.935946e-01
5.705378e-01
3.796951e-01
1.294559e-01
3.977117e+00
3.681143e+00
3.565668e-01
9.508137e-01
5.671183e-01
4.398457e-01
2.285061e+00
7.699087e-01
1.878477e-01
3.801685e-01
1.002916e+00
2.150579e+00
2.389670e+00
1.512984e+00
8.561905e-01
2.295855e+00
3.577290e-01
6.752110e-01
3.458379e-01
1.260526e+00
4.113499e+00
4.351850e+00
9.576041e-01
1.041073e+00
8.432851e-01
2.713124e-01
2.214946e+00
9.499085e-01
3.222031e+00
5.650225e-01
1.279555e+00
2.056197e+00
5.854952e-01
2.181444e+00
1.072311e+00
1.010151e+00
7.467668e-01
2.481192e-01
6.508955e-01
8.337465e-01
4.959711e-01
2.396486e+00
6.243829e-01
2.046226e+00
1.402779e+00
3.655630e-01
3.116970e+00
5.558265e-01
3.657734e-01
4.651976e+00
1.134710e+00
1.425068e+00
6.485819e-01
3.398812e-01
5.635911e-01
1.254625e+00
1.419270e+00
1.741929e+00
1.756368e+00
3.220978e-01
1.252283e-01
3.066990e+00
5.899137e+00
3.957156e-01
4.040856e-01
7.647086e-01
2.423418e+00
3.294711e-01
2.553299e+00
2.533000e+00
3.225748e-01
3.986146e-01
1.846390e+00
1.804061e-01
1.896058e-01
3.557253e+00
1.579745e-01
6.269959e-01
3.629627e-01
8.894370e+00
1.205434e+00
5.766985e+00
4.234769e-01
5.633986e+00
1.082164e+00
2.523298e+00
1.803114e-01
7.839074e-01
7.632082e-01
1.022250e+00
2.135732e+00
7.090415e-01
3.345423e-01
4.780508e+00
3.054518e+00
5.009960e+00
5.308314e-01
2.804095e+00
1.099236e+00
4.146837e-01
8.230793e-01
5.962660e-01
2.086498e+00
2.220453e+00
5.104615e-01
7.624046e-01
5.694606e-01
1.132940e+01
4.722791e-01
2.328151e-01
2.459414e+00
3.866740e-01
7.966430e-01
5.430427e+00
5.044008e-01
6.939683e-01
4.549121e-01
1.119476e+00
2.525111e+00
7.092269e-01
3.451953e-01
1.197899e+00
1.263585e+00
1.046021e+00
2.761022e-01
1.277436e+00
1.873282e+00
1.362642e+00
9.534115e-01
2.952476e-01
4.679067e-01
4.645500e+00
7.708535e-01
1.807058e+00
1.671430e+00
1.241166e+00
4.147241e-01
1.518972e+00
5.126039e+00
9.229930e-01
2.091388e+00
1.870401e-01
4.844908e+00
1.114544e+00
4.499171e+00
7.289290e-01
1.798430e-01
3.717029e-01
6.994542e-01
1.718485e+00
1.470568e+00
2.859754e+00
5.771560e-01
5.237259e-01
2.546456e+00
4.798445e-01
3.543442e-01
7.567992e-01
3.473678e+00
5.680763e-01
6.965448e-01
7.701838e+00
4.366689e-01
3.286675e+00
1.498016e+00
4.750881e-01
9.974067e-01
1.022187e+00
1.663928e+00
4.700561e-01
2.753020e-01
8.400531e-01
1.252954e+00
3.317886e-01
3.937563e-01
3.966919e+00
3.759204e+00
6.302732e-01
5.275749e-01
9.525946e-01
3.548370e+00
2.131724e-01
1.093195e+01
1.806783e+01
8.907265e-01
4.989829e-01
1.357401e+00
1.258384e+00
4.920896e-01
2.305432e+00
3.119664e-01
4.170595e-01
4.160969e+00
4.810529e-01
7.534916e-01
4.351258e+00
3.490431e+00
2.470132e+00
1.317334e-01
6.767683e-01
5.685167e-01
1.538691e+01
9.164652e-01
1.930442e-01
9.791332e-01
6.617764e+00
7.305933e-01
4.127275e-01
9.804920e-01
1.784579e+00
2.028993e+00
1.058163e+00
3.845562e+00
1.294460e+00
1.447445e-01
3.797153e-01
5.715803e-01
2.145510e+00
4.114329e-01
5.524975e-01
9.230831e-01
1.724948e+00
1.051340e+00
9.998445e-01
8.909806e-01
9.413169e-01
2.616284e-01
3.128658e+00
3.291922e-01
1.034369e+00
2.271776e+00
3.832823e-01
4.287134e-01
1.890261e+00
1.119626e+00
2.008505e+00
1.052089e+00
9.045461e-01
1.683850e+00
2.782641e+00
3.929041e-01
1.807654e+00
6.394226e-01
1.102629e+00
8.203766e-01
5.425862e-01
7.735669e-01
7.816914e-01
2.467138e+00
1.416309e+00
1.046220e+00
8.616263e-01
7.088341e-01
2.234346e-01
3.509283e-01
2.743449e-01
7.786644e-01
9.740361e-01
9.914349e-01
1.798775e-01
4.355142e+00
4.816721e-01
4.222758e-01
4.091280e-01
2.671188e-01
1.705759e+00
3.911697e+00
3.134747e+00
5.746253e-01
3.834555e+00
9.699665e-01
1.250762e-01
1.858678e-01
7.429395e-01
2.015481e-01
3.868057e-01
1.763037e+00
3.305553e+00
5.991463e-01
4.915027e-01
2.040230e+00
1.045810e-01
3.317469e+00
9.537165e+00
7.225072e-01
7.426047e-01
2.366050e+00
4.066977e-01
6.216843e-01
5.317036e-01
4.044718e-01
5.079887e+00
1.004937e+00
1.004274e+00
9.277947e-01
5.698415e-01
2.040827e+00
3.484099e-01
7.430420e-01
1.505618e+00
1.099032e+00
1.134714e-01
3.187326e+00
5.428794e-01
3.835219e-01
3.531489e-01
1.664593e+00
3.131647e-01
3.405852e+00
3.693046e-01
1.836042e+00
7.049762e-01
7.120763e-01
1.200372e+00
1.112298e-01
2.756307e-01
8.389937e-01
1.433975e+00
2.190275e-01
3.341640e-01
3.312986e+00
7.277465e-01
2.870845e+00
3.339683e-01
3.874143e-01
1.843238e+00
8.927725e-01
1.956099e+01
4.228837e+00
2.684885e+00
4.593060e-01
1.029938e+00
2.365574e+01
2.420668e-01
1.352118e+00
5.128916e+00
1.780432e+00
9.722523e-01
2.113420e+00
2.486796e+00
1.095594e+00
2.520297e-01
1.387174e+00
1.080288e+00
3.526545e-01
4.637382e-01
6.369479e-01
8.915175e-01
4.380053e-01
1.343235e+01
2.060255e+00
2.590181e-01
2.088858e-01
1.387718e+00
1.256812e+00
6.628277e-01
5.156784e+00
5.717191e-01
8.201990e-01
4.950546e+00
1.627126e+00
1.474290e+00
7.373943e-01
2.274149e+00
2.402118e+00
5.935273e-01
6.574273e-01
1.996947e-01
1.130519e+00
1.239339e+01
4.233956e-01
2.992603e-01
2.531372e+00
1.430718e+00
1.070787e-01
1.176689e+00
2.718857e-01
2.088522e+00
1.475938e+00
2.814544e-01
1.991948e+00
1.229305e+00
3.257645e-01
1.330453e+00
8.659926e-01
3.749852e+00
2.537285e-01
9.523408e-01
1.854890e+00
4.751430e-01
5.092373e+00
7.991959e-01
1.666860e+00
6.218392e-01
4.651071e-01
7.803656e-01
1.319514e-01
2.820151e-01
3.277793e+00
2.429723e-01
3.355767e-01
2.596057e-01
1.816927e+00
1.060245e+00
1.634294e+00
1.836259e+00
3.478675e+00
1.680608e+00
1.434478e+00
1.647089e-01
6.257320e-01
3.356985e+00
9.851510e-01
2.398335e+00
6.533938e-01
1.001753e+00
4.809930e+00
1.552146e-01
3.340064e-01
1.722875e+00
3.674324e-01
3.486784e+00
1.132968e+00
1.372108e+00
3.345903e+00
9.076302e-01
2.100187e+00
1.310326e+00
3.761143e-01
7.658496e-01
5.555482e-01
1.351607e+00
8.169508e-02
2.172232e+00
6.203667e-01
2.070374e+00
2.111560e+00
1.852004e-01
1.857066e+00
2.982802e-01
9.505953e-01
2.288824e+00
9.560052e-01
4.319407e-01
5.988565e+00
4.300401e+00
5.196785e+00
2.788327e+00
7.855498e-01
1.597047e+00
5.644249e-01
7.524721e-01
3.140703e+00
1.528917e+00
3.795277e+00
1.438586e+00
2.716926e+00
1.969738e+00
3.953311e-01
6.797475e-01
2.303631e+00
1.171352e+00
7.863709e-01
3.087161e+00
2.369803e+00
1.068909e+00
1.732934e-01
1.494434e+01
3.743728e-01
7.945211e-01
3.404945e+00
2.686328e+00
3.891529e-01
5.611224e+00
1.960323e+00
3.258911e-01
3.527030e-01
9.225081e-01
7.758146e-01
1.135522e+00
1.058815e+00
1.959818e+00
1.347078e-01
3.723753e-02
3.705481e-01
8.732302e-01
4.894048e-01
2.209077e+00
4.142378e-01
3.800273e+00
1.166903e+00
5.229799e-01
1.192326e+00
6.976748e-01
3.966804e-01
2.991023e+00
1.208062e+00
8.481020e-01
4.377372e-01
2.123337e-01
1.399172e+00
6.958665e-01
5.016914e-01
1.863207e-01
1.182013e+00
1.657468e-01
6.392230e-01
1.337011e+00
3.826278e-01
4.517828e+00
5.618013e-01
2.381651e+00
2.470051e+00
1.538512e+00
6.095830e+00
1.230828e+00
7.266835e-01
2.483976e+00
1.360058e+00
5.449685e+00
4.574285e+00
7.546160e-01
1.387169e+00
1.931025e+00
1.970283e+00
3.760245e-01
8.278057e-01
2.093342e+00
1.905383e+00
1.460686e+00
6.136411e-01
1.093301e+00
1.645420e+00
3.302282e-01
1.646414e-01
1.614757e+00
1.004430e+00
6.979907e-01
1.765296e-01
2.464871e+00
2.111219e+00
2.069931e+00
3.363947e+00
1.787396e+00
4.372865e-01
1.976662e-01
1.283052e+00
6.744664e-01
2.717306e+00
1.142297e+00
1.416652e+00
3.230210e-01
1.907196e+00
1.879059e+00
4.663086e-01
3.279862e+00
1.064912e+01
4.860350e-01
5.455976e-01
2.495415e-01
4.700553e-01
2.811605e-01
1.881631e+00
5.493206e-01
3.310751e-02
6.763006e-01
4.165668e-01
1.394144e+00
2.894834e-01
5.783872e+00
4.315191e-01
1.000836e+00
3.061897e+00
2.085881e+00
2.523202e+00
2.238559e+00
4.971751e-01
1.179376e+00
5.008157e+00
7.824185e-01
2.773176e+00
3.918776e-01
1.715321e+00
1.721166e+00
1.743615e+00
1.717832e+00
3.725910e-01
1.560031e+00
1.293791e-01
1.540918e+00
1.886547e+00
1.860227e+00
1.228017e-01
1.776544e+00
1.527268e+00
1.340346e+00
2.786835e-01
1.639943e+00
6.590059e-01
4.783181e-01
6.732644e-01
5.612799e-01
5.365512e-02
4.003292e-01
4.114333e-01
2.995871e-01
8.823060e-01
2.736841e+00
1.267996e+00
4.566068e+00
7.015878e-01
4.685121e-01
2.266655e+00
1.113928e+00
2.917104e+00
1.860148e-01
2.735825e-01
5.189158e-01
9.126687e-01
1.636522e+00
4.852071e-01
2.445222e+00
1.721987e-01
7.453464e-01
1.193622e+00
3.476903e+00
1.244996e+00
1.002257e+00
3.248450e+00
2.297278e+00
1.323253e+00
2.660390e+00
7.907051e-01
7.632873e-01
1.359946e+00
2.192506e-01
1.528983e+00
2.573699e-01
1.210435e+00
1.530807e+00
3.481012e-01
4.172052e+00
2.382353e+00
2.854872e+00
2.316140e+00
2.961269e+00
1.345547e+00
2.951503e+00
4.946895e-01
3.933598e-01
3.236516e+00
3.252098e+00
1.110131e+00
2.390695e+00
6.176175e-01
3.397812e+00
1.715714e+00
8.979629e-01
1.665568e+00
3.422828e+00
3.639934e-01
2.199655e+00
5.707418e-01
1.233342e+00
2.311499e+00
2.680522e+00
7.243115e-01
5.027802e-01
1.883491e-01
2.134600e+00
6.452893e-01
1.824045e+00
9.253998e-01
4.493096e+00
3.869542e+00
1.170880e+00
1.752935e+00
2.450036e+00
2.484976e+00
6.950171e-01
4.875211e+00
3.943300e-01
5.780666e-01
8.044593e-01
1.359262e+00
1.311029e+00
3.911029e+00
3.420242e+00
7.382167e-01
1.522964e+00
2.641843e+00
1.496356e-01
1.718107e+00
5.979503e+00
4.604237e-01
5.076379e-01
3.812331e-01
5.195840e+00
2.278418e-01
1.948104e+00
2.063806e+00
7.310450e-01
9.820611e-01
1.624266e+00
1.449514e-01
8.020606e-01
2.013669e-01
2.418138e-01
3.635232e+00
7.382766e-01
1.257544e+00
2.683342e-01
1.448972e+01
1.436153e+00
4.098749e-01
9.994335e-01
6.236185e-01
1.922259e-01
4.657636e+00
3.871280e+00
1.479259e+00
7.596179e-01
9.427609e-01
1.071369e+00
8.251546e+00
3.478990e+00
8.489955e-01
1.789167e+00
1.672901e+00
1.077057e+00
1.754197e+00
1.410202e+00
1.236591e-01
8.970655e-01
7.170026e-01
4.524528e-01
6.288067e-02
1.226680e+00
7.083250e-01
2.173622e-01
3.740793e-01
7.549611e-01
1.669204e-01
6.026820e-01
1.556216e+00
1.648155e+00
6.222272e-01
1.081055e+00
1.452856e+00
2.045141e-02
1.217854e+00
7.903891e-01
1.906307e+00
7.172066e-01
3.525522e+00
1.252262e-01
2.387346e+00
2.131796e-01
7.279440e-01
5.665856e-02
1.830978e+00
5.612018e-01
9.256674e-02
1.713248e+00
1.291128e+00
5.110733e-01
4.315693e+00
2.748584e-01
1.612796e+00
2.098523e-01
1.410096e-01
6.071728e+00
2.923283e-01
1.755867e+00
1.212235e-01
2.495981e-01
2.119954e-01
2.460699e+00
6.098749e-01
9.850934e-01
2.105601e+00
6.632411e-01
3.577564e-01
4.902336e+00
2.492574e+00
1.545860e-01
1.072702e-01
6.110495e-01
1.428231e+00
7.956543e-01
5.350733e-01
9.059367e-01
3.706202e-01
1.238796e+00
5.201890e-01
8.567062e-01
1.588538e+00
4.897439e+00
1.247598e+00
2.485365e+00
6.878720e-01
3.007245e-01
4.262191e-01
3.561326e-01
2.546210e-01
1.000855e+00
1.620200e+00
6.669482e-01
4.646264e-01
1.440238e+00
1.290278e-01
6.465270e-01
1.239639e+00
1.088210e+00
1.025344e+00
4.984679e-01
3.713451e+00
3.152415e+00
2.004128e-01
5.894592e-01
2.566926e-01
4.878961e-01
1.105414e+00
1.748530e+00
2.246365e-01
1.715504e+00
1.909537e+00
4.747489e+00
5.978155e-01
5.890803e-01
8.150540e-01
2.085877e+00
3.650862e-01
1.967427e-01
7.341746e-01
2.198155e+00
9.306473e-01
4.455944e-01
2.020854e+00
4.844563e-01
6.276869e-01
1.526555e+00
1.027094e+00
4.497101e-01
2.811044e-01
5.149794e-01
2.045292e+00
1.384039e+00
2.436311e+00
1.003033e+00
1.219183e+00
5.339479e+00
3.451244e-01
4.016732e-01
8.533952e-01
2.234425e-01
5.611613e-01
1.164402e+00
1.234991e+00
1.140019e+00
4.714216e-01
1.293981e+00
4.231549e-01
1.070923e+00
3.405689e-01
9.569845e-01
3.549710e+00
3.214568e-01
2.719146e+00
1.325983e+00
7.004323e-01
3.300375e-01
2.745864e+00
8.768851e-01
1.765774e+00
8.766872e-01
5.205924e-01
1.541674e+00
7.529094e-01
1.018525e+00
2.330771e+00
1.267456e+00
3.704646e-01
7.917635e+00
3.085987e-01
4.808489e-01
1.217699e+00
6.801672e-01
1.472843e+00
1.181355e+00
7.270272e-01
3.744258e-01
2.276401e+00
3.004110e+00
7.344261e-01
5.717164e-01
1.299236e+00
2.555012e-01
8.057087e-01
1.481643e+00
1.009574e+00
3.171064e-01
8.839786e-01
6.061519e-01
1.179021e+00
9.826713e-01
7.032705e-01
7.866731e-01
6.497020e-01
4.488217e-01
1.082259e+00
5.036309e-01
9.452966e-01
2.551561e-01
4.684457e-01
9.429195e-01
3.226628e-01
8.026614e-01
3.219040e-01
2.420565e+00
3.586581e-01
1.851185e+00
3.778117e+00
1.257456e+00
5.314032e-01
1.807120e-01
2.082425e-01
2.827810e+00
5.534727e-01
2.179012e-01
8.250755e-01
1.779071e+00
3.669315e+00
5.204995e+00
7.302633e-01
8.873470e-01
7.023991e-01
1.215899e+01
3.526907e-01
3.686609e-01
2.271409e+00
4.587815e+00
1.568135e+00
4.165349e+00
2.969958e+00
4.118024e+00
4.082602e-01
9.416266e-01
8.881259e-01
1.463239e+00
2.134776e+00
7.725935e-01
1.643834e+00
1.367144e+00
4.801523e-01
2.099996e-01
2.900505e+00
9.562501e-01
3.574888e-01
1.122115e+00
1.428723e+00
1.113118e+01
3.123253e-01
5.564641e+00
2.374640e+00
2.117353e+00
1.602462e+00
4.386859e+00
3.121588e+00
2.213820e-01
1.101172e+00
6.945129e-01
5.112520e-01
2.114482e+00
9.423068e-01
1.153958e+00
8.249493e-01
6.359653e-01
1.403532e-01
1.153332e+00
2.387924e-01
7.689146e-01
1.030363e+00
2.719054e+00
2.898981e+00
3.855640e-01
7.063821e-01
1.481736e+00
1.840121e+00
4.528045e+00
5.959981e+00
4.716246e+00
3.043907e-01
1.484435e+00
1.260350e+00
7.566234e-01
2.710791e-01
7.530946e-01
3.410707e-01
1.378324e+00
2.289450e-01
3.895818e-01
6.256639e-01
2.936781e-01
2.966127e+00
2.867147e+00
3.643351e+00
7.304744e-01
5.895910e-01
4.651688e-01
3.672691e-01
2.751253e+00
7.428548e-01
6.938920e-01
1.282073e+00
2.147386e+00
4.289296e-01
1.020247e+00
1.568495e+00
3.531584e+00
7.104004e+00
5.668977e-01
4.099497e-01
1.407137e+00
5.446948e-01
9.369729e-01
2.000084e+00
1.016849e+00
8.112435e-01
3.361705e+00
2.419686e+00
2.087054e+00
1.437673e+00
2.741338e-01
4.461040e+00
1.085006e+01
1.400222e+00
4.915029e-01
7.923626e-01
1.780671e+00
1.690563e+00
2.687443e-01
2.740112e+00
4.466613e-01
1.104810e+00
2.583648e+00
5.625368e-01
2.111732e+00
3.552731e+00
5.800128e+00
2.594122e-01
1.017100e+00
2.792106e+00
9.860575e-01
1.479135e+00
6.105732e+00
5.995065e-01
2.159347e+00
8.223769e-01
3.934896e-01
2.700277e+00
4.877640e-01
1.701348e+00
9.793821e-01
5.435150e+00
2.884390e+00
1.373692e+00
2.819729e-01
2.221721e+00
4.123531e+00
5.547101e-02
2.751424e+00
9.928781e-01
2.538852e-01
1.301604e+00
2.016639e-01
1.140234e-01
1.088208e+00
2.822365e+00
7.918514e-01
3.003664e+00
1.271725e+00
3.414307e+00
1.212151e+00
4.073056e+00
1.068736e+00
3.379373e-01
1.110532e+00
6.338411e+00
1.737558e+00
3.345860e+00
1.028472e+00
8.598062e-01
2.077519e-01
1.163518e+00
1.066493e+00
4.067317e-01
1.277798e+00
2.881379e-01
3.432070e+00
1.006291e+00
2.395319e-01
1.554984e-01
2.006429e+00
5.946122e-01
1.094131e+00
7.610781e-01
6.417030e+00
1.759854e+00
5.190839e-01
9.014775e-02
2.116877e+00
1.991454e+00
5.618122e-01
2.918210e-01
1.882814e+00
2.563026e-01
1.821504e+00
2.514862e-01
4.109010e-01
4.233289e-01
7.365307e+00
3.731747e-01
4.899789e-01
1.305139e+00
4.703123e-01
1.412798e+00
2.759157e+00
1.373259e+00
2.700038e+00
1.007169e+00
3.188871e+00
1.480852e+00
4.064682e+00
1.078073e+00
1.514829e+00
1.850564e+01
1.379791e+00
1.140023e+00
9.931997e-01
7.353846e-01
7.970305e-01
5.912653e-01
3.442602e+00
1.001456e+00
1.652302e+00
4.196898e+00
6.597276e-01
1.173898e+00
7.064555e+00
4.361466e-01
7.283569e+00
9.780136e-01
1.081571e+00
4.287629e-01
4.563835e-01
6.565713e-01
5.969704e-01
7.825185e-01
1.251164e+00
9.512557e-01
9.158736e-01
3.913324e-01
9.223573e-01
1.233055e+00
1.775496e+00
4.188263e-01
5.481395e-01
9.943606e-01
5.701287e+00
2.478656e+00
1.572552e+00
6.893867e-01
2.115104e+00
1.045816e+00
1.649204e+00
8.028782e+00
5.367466e-01
1.421952e+00
8.257769e-01
2.449773e+00
1.651363e+00
1.453925e+00
9.177563e-01
7.632935e-01
4.529674e-01
1.001337e+00
2.840411e+00
3.892423e+00
1.288194e-01
8.081815e-01
2.164779e+00
2.131449e+00
1.199550e+00
1.695437e+00
6.255310e-01
2.667748e+00
1.877603e+00
2.341610e+00
3.744894e-01
4.944573e-01
7.461827e-01
9.970863e-02
8.964030e-01
5.460680e-01
5.122696e+00
1.187019e+00
9.932371e-01
3.783267e-01
1.163538e+00
1.527720e+00
1.122872e+00
3.404922e-01
3.186218e-01
8.934649e-01
2.920987e-01
1.390631e-01
8.608833e-01
3.116437e-01
7.228968e-01
3.586744e-01
2.130197e-01
6.978140e-01
1.193037e+00
9.122066e-01
1.428923e-01
2.965052e+00
1.145120e+00
5.119979e-01
2.320160e-01
6.466260e-01
3.696288e+00
8.462986e-01
9.596735e-01
6.774223e-01
3.253786e-02
2.114929e+00
1.837387e+00
3.217829e+00
1.668218e+00
6.665932e-01
5.794973e-01
1.052199e+01
2.159235e-01
2.160162e-01
9.770911e-01
6.719187e+00
1.871607e+00
1.239230e+00
2.340318e+00
2.005391e-01
1.990731e+00
4.566216e+00
1.628744e+00
2.077435e+00
1.300465e+00
2.217002e+00
1.018183e+00
1.599417e+00
7.957190e-01
4.944553e-01
3.223502e+00
4.395193e-01
8.403284e-01
1.843872e+00
3.815986e-01
5.935392e-01
1.307803e-01
2.441949e+00
1.089740e-01
1.179097e+00
2.698190e+00
2.747961e+00
3.231444e-01
8.288965e-01
9.248970e+00
1.810728e+00
3.638314e+00
5.318456e-01
5.963716e-01
3.592148e+00
5.016220e-01
7.686730e-01
3.956752e+01
1.118524e+00
5.753571e-01
1.388603e-01
2.642656e-01
1.670739e+00
7.381978e-01
2.399008e+00
5.171002e-01
3.609654e+00
1.192534e+00
4.930818e+00
8.408274e-01
5.437373e-01
7.355675e-01
6.714239e-01
1.540957e-01
5.913140e-01
5.501938e-01
3.922599e+00
1.557887e+00
6.134083e+00
2.533685e+00
1.632938e+00
4.646363e+00
7.771118e-01
3.898573e-01
1.831468e-01
2.248914e+00
1.724235e+00
4.614943e-01
3.316524e-01
2.736079e-01
1.865169e-01
3.267219e-01
1.142244e+00
4.236844e-01
1.128003e+00
9.071352e+00
1.443089e+00
3.255481e+00
5.313362e-01
4.640062e-01
1.898882e+00
2.601955e-01
5.094754e-01
9.664436e-01
1.201832e+00
1.489268e+00
5.823394e-01
1.017949e+00
2.493999e+00
2.047532e+00
4.832827e-01
6.368448e-01
1.579894e+00
1.067322e+00
1.509217e+00
1.497629e+00
2.286889e+00
2.939720e+00
6.064784e-01
2.799182e+00
8.800758e-01
5.160890e-01
1.820512e+00
3.059721e-01
5.498355e-01
4.395702e-01
1.304430e+00
3.384393e-01
8.057167e-01
1.198010e+00
6.872008e-01
5.003909e-01
1.043446e+00
2.707995e-01
5.708660e-01
5.983807e-01
8.801017e-01
4.040309e-01
1.789205e-01
1.027393e+00
5.188272e-01
2.315663e+00
5.909271e-01
6.641586e+00
4.912585e-01
2.523652e+00
3.640068e+00
5.833634e-01
9.870918e-01
1.076840e+00
3.014401e+00
1.442700e+00
6.599231e-01
1.051604e+01
6.845891e-01
6.992127e-01
8.429283e-01
7.869377e-01
1.169532e+00
6.084732e-01
2.668834e-01
7.856782e-01
5.685532e+00
2.868576e-01
4.043808e-01
4.395071e-01
6.277527e-01
1.700552e+00
2.161324e+00
6.020178e-01
6.283843e+00
6.226526e-01
1.239698e+00
1.614668e+00
2.197245e-01
3.181731e-01
1.530713e+00
1.313592e+00
4.465963e+00
1.733686e+00
2.217712e+00
5.157136e-01
6.068483e+00
6.222822e-01
1.194794e+00
1.286767e+00
1.452081e+00
1.117548e+00
7.695242e-01
2.190781e-01
4.786495e+00
6.330822e-01
4.511451e-01
2.549100e+00
7.508501e-01
1.256010e+00
4.334356e-01
1.419626e+00
6.222219e-01
2.846470e+00
2.933309e+00
4.504833e+00
6.200229e-01
4.064251e-01
2.356731e-01
6.020055e+00
1.809415e-01
1.860883e+00
4.464099e-01
3.138651e+00
1.176746e+00
2.766826e+00
4.349908e-01
1.443678e+00
6.583236e-01
3.420035e+00
1.583780e-01
1.537805e-01
3.485943e+00
7.837560e-02
1.018749e+01
1.307203e+00
1.006718e+01
7.486153e-01
5.030276e-01
4.417656e-01
2.838874e-01
6.304342e+00
9.295967e-01
5.931067e-02
2.099480e-01
3.605317e+00
3.960547e-01
2.946351e+00
6.606962e-01
1.744749e-01
2.472601e+00
3.215895e-01
4.154871e-01
3.297214e-01
3.376141e+00
2.345406e+00
4.753020e+00
9.690540e-01
6.219471e-01
7.478873e-01
2.370295e-01
4.364857e+00
3.359763e+00
4.662797e-01
2.476108e+00
5.147358e-01
1.112584e+00
3.533756e-01
2.830862e-01
6.943304e-01
1.704601e+00
6.833412e+00
1.418112e-01
4.919945e+00
1.660917e+00
3.567695e+00
3.218317e+00
3.342576e-01
2.532107e+01
1.501695e-01
3.530048e-01
2.843957e-01
1.198537e+01
2.938354e+00
5.708166e-01
5.408980e-01
1.672839e+00
7.343919e-01
9.984837e-01
2.173997e+00
2.336880e+00
1.336839e+00
2.523808e-01
2.032399e+00
4.846581e-01
7.912132e-01
1.563755e+00
9.075965e-01
2.118828e+00
1.042633e+00
3.067409e+00
1.155693e+00
2.823118e+00
3.001749e-01
4.481836e-01
1.758412e+00
4.961635e+00
1.448314e-01
2.848799e-01
1.147361e-01
2.002056e-01
6.160646e-01
2.720371e+00
4.751464e-01
5.258217e+00
3.781197e+00
1.118902e+00
1.522032e-01
9.960700e-01
4.808999e-01
1.856358e-01
1.383201e+00
6.661403e-01
5.818372e-01
1.713825e+00
7.998015e-01
3.920381e-01
3.259424e-01
4.911021e-01
5.784248e-02
8.750876e-01
5.635041e-01
1.150935e+00
4.166095e-01
3.514816e-01
1.373870e+00
2.700432e+00
1.780727e+00
4.369670e-01
5.607214e-01
8.658095e-01
1.451243e+00
2.253794e+00
7.781974e-01
2.662095e+00
4.380688e-01
8.583506e-02
7.204202e-01
3.584334e-01
5.927786e+00
3.969528e+00
3.327643e-01
3.116495e+00
6.354101e-01
1.121328e-01
3.929110e+00
7.839972e-01
1.993585e+00
1.186135e+00
1.576058e+00
2.160556e+00
1.585911e+00
7.044886e-01
6.119202e+00
1.657103e-01
8.939537e-01
1.974445e-01
1.528277e+00
1.126799e-01
3.870025e-01
1.695982e+00
9.559339e-01
1.948269e+00
4.428449e-01
5.455078e-01
5.961753e-01
9.631463e+00
1.747900e+00
2.040299e+00
2.428582e-01
3.264053e+00
6.073070e-01
2.249043e+00
9.935873e-01
1.177844e+00
8.931244e+00
4.781521e-01
6.352070e+00
1.996874e-01
6.569762e-01
9.359187e-01
8.805846e-01
1.229538e+00
1.550365e-01
1.194229e+00
7.353442e-01
5.063586e-01
5.916906e-01
2.671007e+00
3.508901e+00
1.575569e-01
4.021588e-01
4.691725e-01
2.649342e+00
2.384642e+00
1.834767e+00
1.704054e+00
1.109263e+00
1.717206e+00
5.978168e+00
8.239253e-01
1.411721e+00
4.496820e-01
1.423201e+00
1.576738e+00
4.585163e+00
5.320519e-01
4.231254e+00
3.507170e-01
7.860342e-01
4.927288e+00
2.745911e+00
2.574075e-01
1.538802e+00
2.272886e-01
6.791988e-01
5.207662e-01
5.145104e+00
5.587850e+00
1.822360e+00
1.055272e-01
1.640923e+00
1.509943e+00
1.418810e+01
2.905657e-01
1.153822e+00
1.060387e+00
1.019789e+00
1.377223e+00
6.252318e-01
3.574902e+00
4.192783e-01
1.267824e+00
1.461556e+00
1.228947e+01
5.207728e-01
1.035593e+00
3.333513e-01
9.995988e-01
2.754868e-01
4.634997e-01
4.545298e+00
5.603063e-01
6.184512e-01
1.177603e+00
5.164845e-01
1.770806e+00
5.246374e-01
4.359212e-01
4.808411e+00
2.495704e-01
1.730151e+00
5.530040e+00
5.969911e-01
8.715916e-01
1.360989e+00
1.598068e+00
1.866181e+00
7.522846e-01
3.806564e-01
4.382778e-01
4.301307e-01
9.065635e-01
1.609339e+00
3.142333e-01
4.555473e+00
5.050485e-01
4.679752e+00
7.536673e-01
1.204375e-01
3.397846e+00
4.164371e-01
1.788831e+00
2.463901e+00
5.167879e-01
1.743441e+00
6.976122e-01
1.257270e+00
1.193409e+00
2.654402e-01
9.021008e-01
6.583573e-01
7.162887e+00
7.473573e-01
3.620981e+00
8.317488e-01
3.370087e+00
8.545465e-01
3.803111e+00
9.217965e-01
5.722641e-01
3.112175e+00
1.805475e+00
2.525319e+00
1.806240e+00
2.304032e+00
3.527118e-01
2.744736e-01
2.345924e-01
1.112687e+00
2.176475e+00
2.460689e-01
2.192854e+00
6.973053e-01
4.733139e+00
3.070665e+00
5.072927e+00
1.115530e-01
1.211611e+00
4.654219e-01
6.414513e-01
9.836389e+00
1.103830e+01
8.621931e-01
4.312456e-01
2.109218e+00
1.176452e+00
3.753804e-01
3.310393e-01
5.183574e-01
8.216912e-01
7.330445e+00
4.745642e-01
1.046689e+00
7.245689e-01
2.264519e+00
3.203538e-01
3.673436e-01
1.380313e-01
2.700568e-01
9.860385e-01
1.750419e+00
6.774893e-01
1.169753e+00
1.768506e-01
8.767611e-01
3.644017e-01
8.652275e-01
2.478294e+00
1.042707e-01
5.457929e-01
6.969905e+00
2.326296e+00
1.661025e+01
8.096794e+00
1.907909e+00
2.909144e+00
4.216664e+00
9.403138e-01
4.651308e-01
2.347101e+00
8.771532e-01
9.632302e-01
2.567272e+00
3.788511e+00
1.754488e+00
5.526722e+00
2.890532e-01
5.658341e-01
2.661217e+00
2.051449e+00
7.155119e-01
4.535710e-01
8.729353e-01
1.098800e+00
1.883416e-01
2.818162e-01
1.150350e+01
2.520019e-01
1.978454e+00
2.171312e-01
1.907021e+00
1.067097e+00
1.480056e+00
1.647472e+00
5.553981e-01
5.980321e-01
5.908150e-01
6.920656e-01
6.553514e-01
2.738627e+00
8.174922e-01
1.373231e+00
5.595451e-01
8.981805e-01
9.975630e-01
6.260331e-01
3.148490e+00
8.719157e-01
3.360400e+00
1.691349e-01
1.259958e+00
5.772775e-01
1.549349e+00
1.148026e+00
5.298767e-01
2.818375e-01
1.007750e+00
4.887498e-01
1.433453e+00
5.158072e-01
3.453035e-01
3.128255e+00
2.157048e+00
3.754451e-01
3.606298e+00
3.987318e-01
1.348702e+00
5.976642e-01
6.096249e+00
9.299356e-02
3.114944e-01
4.190055e-01
1.684219e+00
1.332183e+00
2.624880e-01
1.965423e+00
7.380461e-01
1.564839e+00
3.106956e-01
1.824408e+00
2.657899e+00
3.455423e+00
7.895052e-01
3.966810e+00
1.750816e+00
2.842184e+00
4.119539e-01
2.245321e+00
2.290530e+00
3.037581e+00
2.295212e+00
1.064106e+00
2.948289e+00
3.486003e-01
6.884420e-01
5.117391e+00
2.378407e+00
2.005920e+00
3.259521e-01
1.049067e-01
1.988058e+00
2.089713e-01
1.789999e+00
2.550394e+00
1.404721e+00
1.610222e+00
1.261909e+00
4.424329e-01
6.982655e-01
9.021825e-01
1.319648e+00
2.790855e+00
1.610426e+00
1.089970e+00
1.194646e+00
5.521211e+00
2.960053e+00
3.812364e+00
9.197230e-01
6.048438e-01
1.128810e+00
3.352698e-01
2.766037e+00
4.352347e-01
8.026962e-01
4.046390e-01
7.355018e-01
6.049921e-02
9.537560e-01
3.234627e-01
2.020900e-01
2.255570e+00
2.156924e+00
1.688106e+00
4.523952e-02
1.390735e+00
1.609485e+00
1.187767e-01
1.283098e+00
4.242869e-01
3.403041e-01
2.381877e+00
1.895190e+00
6.133297e-01
2.325914e+00
1.566994e+00
3.584943e-01
2.773491e+00
3.313065e+00
1.861576e+00
1.232962e+00
5.201621e-01
4.091099e-01
5.060328e-02
2.266674e+00
1.420625e+00
2.158396e-01
1.078904e+00
1.338925e+00
7.570096e-01
1.621793e+00
1.762244e+00
2.803954e-01
1.597177e+00
2.204629e+00
1.161472e+00
3.690676e-01
3.041297e-01
6.531540e-01
4.855377e+00
1.539797e+00
1.830889e+00
1.227663e+00
6.905964e-01
2.099696e+00
9.448165e-01
1.206632e+00
1.397444e+00
9.418339e-01
2.904403e-01
1.216721e+00
9.955308e-01
2.752946e+00
7.431912e-01
7.293652e+00
1.021986e-01
4.452638e-01
1.795700e-01
7.912709e-01
3.527688e+00
2.863045e+00
1.177864e+00
4.608802e-01
4.231338e+00
5.147919e-01
1.830060e+00
6.536827e-01
4.659537e-01
9.994906e-01
4.681390e-01
1.543333e+00
2.976775e+00
4.393000e+00
4.227093e-01
3.194617e-01
2.061574e-01
1.463342e+00
7.833288e-01
3.280023e+00
4.753553e-01
1.507672e+00
3.497786e+00
1.806037e+00
5.719497e-01
3.173844e-01
2.608944e-01
6.450130e-01
1.635713e+00
1.536383e+00
2.641594e+00
1.350286e+00
9.256691e-01
2.063095e+00
1.235295e+00
8.125409e+00
9.173734e-01
1.110895e+01
4.008699e-01
3.139678e+00
8.635191e-01
4.770654e+00
6.799090e-01
2.032527e+00
8.672715e-01
1.433496e+00
2.531839e+00
4.608471e-01
1.128220e+00
6.417593e-01
6.801785e-01
5.908671e-01
6.686207e-01
4.114596e-01
3.507701e+00
6.536663e-01
7.557762e-01
9.258204e-01
1.436509e+00
3.094505e+00
5.452884e-01
7.260613e-01
6.775058e-01
4.381074e-01
4.714528e-01
5.410583e-01
8.611371e+00
2.119756e+00
1.131225e+00
3.866295e-01
2.374237e-01
1.537708e+00
1.826288e+00
3.579264e+00
3.657466e-01
1.251237e+00
1.703529e-01
2.188803e+00
7.064762e-01
2.635697e+00
4.658820e+00
7.007102e-01
6.275985e+00
4.912437e-01
5.319706e-01
5.304238e-01
8.060472e-01
8.344442e-01
6.438663e-01
4.268765e-01
1.840148e-01
1.498297e+00
7.976713e-01
7.277372e-01
1.311576e+00
6.212858e-01
9.295666e-01
9.018358e-01
1.902988e+00
4.949986e-01
8.446190e+00
6.250608e-01
2.700137e+00
3.175212e+00
8.440926e-01
9.174276e-01
1.138947e+00
6.423332e-01
9.880264e-02
8.129457e-01
3.798242e-01
3.703343e-01
4.845817e+00
6.263368e-01
9.465835e-01
3.910828e+00
7.894818e-01
1.483805e+00
5.324768e-01
4.911896e-01
8.663030e-02
5.392013e-01
2.142661e+00
3.901427e-01
8.143957e-01
1.406508e-01
1.169128e+00
5.033771e-01
6.437253e-01
1.563395e+00
1.626911e-01
2.653433e-01
1.443892e+00
1.010377e+00
1.040950e+00
9.979629e-01
6.463393e-01
2.036688e+00
9.582820e-01
1.759774e+00
6.001148e-01
2.098053e+00
2.746550e+00
1.942552e+00
1.423257e+00
5.035067e+00
1.580942e+00
1.920429e-01
6.245886e-01
5.508971e-01
8.581787e-01
1.284009e+00
1.921955e+00
1.528092e+00
1.394275e-01
1.005631e+00
1.087016e+00
1.222889e+00
6.354493e-01
2.259384e+00
4.706165e+00
3.741747e+00
2.723988e-01
2.162617e-01
2.188947e-01
7.122161e-01
4.762749e+00
1.393977e+00
7.170682e-01
2.482279e+00
2.393747e+00
6.893368e-01
1.756413e+00
1.445658e+00
2.244598e+00
2.219634e+00
3.364020e+00
6.757495e-01
3.530927e-01
4.024508e-01
1.012248e+00
2.103764e+00
3.698610e+00
3.032821e+00
8.784012e-01
2.394522e-01
1.436537e+00
5.745748e-01
4.712868e-01
2.160684e+00
1.051160e+00
2.965306e-01
1.621103e+00
1.619561e+00
1.235133e+01
4.508624e-01
2.720630e+00
1.387293e+01
2.689297e+00
2.678628e+00
3.024946e+00
7.863594e-01
1.189255e+00
5.187658e-01
1.154383e-01
1.225826e+00
2.151792e+00
3.912060e-01
2.203784e-01
2.821162e+00
2.857198e-01
3.202769e+00
2.003301e+00
5.151888e-01
1.339158e+00
6.933108e-01
3.201648e+00
1.125942e+00
8.491325e-01
2.848733e+00
2.491205e-01
2.967089e+00
2.298413e+00
3.347790e-01
1.775491e-01
7.422033e-02
5.936183e+00
1.238889e+00
5.537539e-01
2.586595e-01
1.098237e+00
1.550115e+00
8.614130e+00
4.347777e-01
6.656001e-01
1.897083e-01
1.027514e+00
3.601266e-01
6.164866e+00
6.185320e+00
7.827498e-01
4.289146e-01
3.378860e+00
2.119191e+00
1.004047e+00
7.743032e-01
3.854628e-01
3.098515e+00
9.718621e-01
6.350880e-01
9.201135e-01
9.248951e-01
5.659632e-01
7.105377e-01
5.223960e-01
1.176037e+01
1.244111e+00
2.312693e+00
1.797901e+00
8.846496e+00
3.917690e-01
1.257902e+00
1.019761e+01
4.579406e-01
1.557864e+00
1.352047e+00
2.159879e+00
1.090687e+00
1.535816e+00
7.873655e-01
1.326891e+00
4.231591e-01
2.399853e-01
2.035786e+00
6.833160e-01
6.200453e-01
8.267225e-01
3.559286e-01
2.390625e+00
1.535933e+00
1.525979e+00
9.203074e-01
7.416068e-01
3.439956e+00
5.817528e-01
6.042783e-01
3.484153e+00
8.984902e-01
1.655084e+00
2.081801e+00
6.272357e-01
3.929704e+00
3.411025e+00
5.771442e-01
4.845855e+00
4.064488e-01
2.276950e+00
8.207136e-01
1.122741e+00
2.729939e-01
2.762617e-01
7.679614e-01
6.444811e-01
1.761666e-01
3.516578e+00
4.429842e-01
3.231455e-01
7.404901e-01
3.886652e-01
5.204252e-01
2.931991e-01
2.814723e-01
2.940699e-01
1.241796e+00
2.442778e+00
1.617452e-01
3.627921e-01
3.546039e-01
1.695070e-01
6.462793e-01
7.971785e+00
2.154175e+00
3.605887e+00
6.232688e-01
1.003588e+00
9.870638e-01
5.285999e-01
7.923190e+00
9.600788e-01
3.169138e+00
1.738839e+00
5.526107e-01
2.339747e+00
2.113176e+00
7.946803e-01
2.230411e+00
5.105060e-01
1.058782e+01
8.733999e-01
3.253332e-01
3.816675e-01
7.817226e+00
3.326466e-01
5.584905e-01
1.102173e+00
8.066016e-01
6.213050e+00
5.008978e-01
2.201087e+00
6.465161e-01
3.629377e-01
5.022595e-01
6.123334e-01
6.301950e-01
1.091228e-01
3.619658e+00
9.231498e-01
2.751361e+00
4.007478e+00
1.772072e+00
5.900991e-01
3.307585e-01
6.461266e+00
4.032818e-01
1.991191e+00
3.466280e+00
7.861813e-01
3.580432e-01
6.267327e-01
2.847744e+00
3.903607e-01
5.018752e-01
9.277927e-01
9.237907e+00
8.564953e-01
3.599138e+00
2.045666e+00
8.288064e-01
1.675627e+00
1.507211e+00
1.006248e+01
1.873894e+00
6.139733e-01
4.952422e-01
2.822861e+00
4.400051e-01
6.087904e+00
9.308574e+00
2.709955e+00
9.051986e-01
2.152305e+00
4.901688e-01
1.006452e-01
1.157536e+00
6.657282e-01
6.016809e+00
7.472861e-01
2.991342e+00
5.677340e-01
7.639035e-01
4.904182e-01
2.789034e+00
1.107863e+00
2.516631e-01
7.656760e+00
1.557519e+00
3.698038e-01
2.780985e-01
1.020748e+00
1.275449e+00
4.019424e-01
2.030550e+00
2.671243e+00
3.551773e-01
2.539287e-01
2.871855e+00
1.838449e+00
1.802407e+00
3.149898e+01
9.950648e-01
1.428387e+00
8.672571e-01
9.590472e-01
1.070429e+00
1.526533e+00
5.715136e-01
