4.769482e-01
2.393000e+00
5.253980e-01
4.865900e-01
3.367629e+00
1.359354e+00
9.952304e-01
1.096026e+00
8.343012e-01
8.351905e-01
1.059721e-01
5.019928e-01
9.915160e-01
4.398402e-01
4.610765e-01
2.572799e-01
5.509245e+00
4.686955e-01
1.814626e-01
4.150192e-01
2.113359e+00
3.224529e-01
2.251107e+01
5.005007e-01
1.375097e+00
4.140753e-01
2.534141e+00
5.485299e-01
7.973005e-01
1.132980e+00
3.560901e+00
5.117859e+00
5.951593e-01
1.759381e+00
6.828384e-01
5.871561e-02
9.524418e-01
1.262901e+00
1.673858e+00
2.252277e-01
2.358039e-01
6.764690e-01
1.436547e-01
4.584495e-01
2.039145e-01
1.423567e+00
2.856332e-01
5.647574e-01
7.013014e-01
3.354046e+00
1.126205e+00
4.215581e+00
1.204465e+00
4.452381e-01
3.174998e-01
4.832562e-01
2.805159e-01
1.025211e+01
1.344010e+00
1.128819e+00
4.106197e+00
2.015373e+00
1.551664e-01
1.889118e-01
9.910368e-01
2.199508e-01
2.580989e+00
9.567247e-01
1.005456e-01
6.667625e-01
2.164800e+00
1.513635e+00
1.372581e-01
2.014066e-01
5.579956e-01
3.691577e+00
3.107828e-01
4.641012e-01
1.616971e+00
6.635087e-01
3.226532e+00
1.376592e+00
1.073752e+01
5.435013e+00
3.110431e-01
1.039321e+00
5.125340e-01
8.877177e-01
5.430873e-01
5.557785e-01
2.591249e-01
1.670052e-01
9.828645e-01
2.669708e-01
8.050107e-01
3.050486e-01
2.105625e-01
5.581783e-01
3.985533e-01
1.323011e-01
4.657427e-01
7.187310e+00
3.674364e+00
5.930814e-01
1.072900e+00
2.067624e-01
6.487258e-01
3.272073e-01
6.470506e+00
2.296682e+00
6.332423e-01
2.290635e+00
1.307702e+00
2.330552e+00
1.378897e+00
1.776954e+00
2.215383e+00
1.905445e+00
2.204011e+00
4.323483e-01
1.166899e+00
5.273735e+00
5.435415e-01
9.367101e-01
2.213440e+00
2.563324e+00
1.123483e+00
5.466107e-01
1.659138e+00
4.008411e-01
2.970244e+00
3.935553e+00
1.149292e+00
1.648502e-01
2.073629e-01
7.992197e-01
9.581048e-01
1.080476e+00
2.440693e+00
1.687071e-01
6.679182e-01
3.114288e-01
1.222582e+00
5.456130e-01
2.157322e+00
1.153601e+00
3.389575e+00
4.350348e+00
1.228834e+00
6.339844e-01
6.227971e+00
1.161627e+00
1.302115e+00
8.772940e+00
1.187801e-01
1.190302e+00
2.638850e+00
3.747331e-01
2.208407e+00
4.182456e-01
5.515515e-01
1.086137e+00
1.193833e+00
7.706963e-01
3.159086e+00
2.320269e+00
6.440424e+00
8.928855e-01
5.991413e-01
1.872898e+00
3.932669e+00
7.579526e+00
8.144012e-01
8.473946e-01
2.214616e+00
3.238553e-01
2.404212e+00
4.535496e-01
1.796683e+00
1.638899e+00
2.373601e+00
8.312506e-01
1.418977e-01
1.080919e+00
7.026555e-01
4.002396e+00
7.633193e-01
1.449407e+00
2.003243e-01
5.200702e-01
1.053992e+00
5.091652e-01
3.111285e+00
3.998594e+00
2.652394e+00
3.342059e+00
8.123412e-01
4.751977e-01
2.240002e-01
3.125950e+00
3.339945e-01
3.008209e-01
1.564881e+00
3.018128e-01
2.214772e+00
6.383091e-01
3.010916e-01
1.386798e+00
5.570366e+00
2.394783e+00
3.848090e-01
7.900367e-01
1.794128e+00
1.357242e+00
6.801562e+00
3.371924e-01
1.624833e+00
1.847002e+00
1.075103e+00
6.266057e-01
3.895934e-01
1.803686e-01
7.422415e-01
4.300655e-01
1.455659e+00
6.942108e-01
3.809031e-01
1.035223e+00
2.219264e-01
8.470859e-01
2.419961e-01
6.966274e+00
6.370165e-01
1.922798e+00
4.350381e+00
2.041292e+00
2.069916e+00
8.456321e-01
1.340325e+00
5.436463e-01
8.431684e-01
3.958340e+00
9.441615e-01
2.806589e+00
6.286488e-02
7.077469e-01
3.197986e+00
7.707905e-01
2.130681e+00
2.145006e+00
8.464809e+00
3.852524e-01
1.381638e+00
4.908336e-01
5.381885e-01
1.318284e+00
2.470060e-01
2.781957e-01
1.735908e+00
1.483496e+00
3.150673e+00
4.472136e+00
1.248694e+00
3.683995e+00
2.492721e+00
4.003480e-01
5.367558e-01
2.363791e+00
5.566337e-01
2.568601e+00
6.870755e-01
3.773906e-01
4.792615e-01
7.042684e-01
4.413537e-01
2.977479e+00
4.458425e-01
1.776852e+00
4.501848e-01
2.221286e+00
1.512136e-01
6.872610e-01
2.986328e-01
6.196281e-01
1.170226e+00
2.500514e+00
9.282979e-01
4.579216e-01
6.936418e-01
1.390258e+00
1.582809e+00
2.647089e+00
2.515640e+00
1.111440e+00
4.015745e-01
8.052495e+00
1.182405e+00
2.453878e+00
1.925312e-01
1.369875e+00
2.191595e+00
1.535787e+00
2.535717e+00
2.772574e+00
1.330612e+00
1.761035e+00
2.050175e+00
6.507133e-01
1.141571e+01
8.494580e-01
2.906638e-01
1.212489e+01
1.306976e+00
7.855214e-01
9.398454e-01
8.557850e-01
1.888469e+00
5.869140e+00
1.535519e+00
1.097658e+00
4.048972e+00
6.184630e-01
7.053809e-01
3.836426e-01
5.806119e-01
2.577486e-01
1.852407e-01
3.282968e+00
5.626091e-01
1.217164e+00
3.304835e-01
1.472776e-01
3.950028e+00
1.437719e+00
1.625289e+00
4.172513e-01
1.173183e+00
3.925221e-01
1.735039e+01
1.933927e+00
1.084775e+00
6.449100e-01
5.862117e-01
3.941436e-01
1.040394e+00
3.023038e+00
9.432825e-01
3.218738e+00
1.691242e+00
2.327406e-01
5.324643e-01
1.831692e+00
3.753683e-01
2.015836e+00
1.194920e+00
3.997245e+00
1.452802e+00
1.305785e+00
1.633419e+00
3.041633e+00
1.209739e+00
4.987459e+00
6.184681e-01
7.157007e-01
2.908129e-01
6.620723e-01
4.360454e-01
1.711414e+00
8.641597e-01
1.169364e+00
4.671018e+00
8.559874e-01
5.061553e-01
4.090697e+00
2.642094e+00
1.682966e-01
1.487201e+00
6.359888e-01
8.654342e+00
1.331532e-01
4.933865e-01
9.985703e-01
2.253205e-01
3.900600e-01
7.578712e-01
1.524759e+00
5.028444e-01
2.148473e+00
8.890867e-01
1.661202e+00
9.234787e-02
2.063765e+00
1.349862e+00
3.586092e-01
1.412807e+00
6.823245e-02
1.284823e+00
5.314670e-01
1.304975e+00
2.324705e+00
1.830484e+00
2.643686e+00
4.616248e+00
2.589987e+00
1.581086e+00
8.399627e-01
2.393650e-01
3.273490e-01
1.853486e+00
3.995696e-01
5.173232e-01
1.709550e+00
1.129519e+00
1.079230e+00
7.625269e-01
9.423382e-01
9.346594e-01
4.661014e-01
6.386815e-01
9.816122e-02
1.557108e-01
1.724419e-01
1.302171e+00
1.542800e+00
8.054370e-01
1.312957e+00
2.375649e+00
1.624184e-01
1.207115e+00
1.872139e+00
6.432884e+00
1.678379e+00
2.125535e-01
1.332974e+00
1.131807e+01
4.492534e+00
3.986564e-01
7.637915e-01
3.751074e-01
4.721859e+00
1.600056e+00
6.305224e-01
1.309097e+00
8.305411e-01
1.409644e+00
4.956183e-01
2.240836e+00
8.851890e-01
6.857512e-01
2.602926e+00
8.815577e-01
1.188535e+00
2.674413e-01
1.246893e+00
2.437550e+00
1.386655e-01
8.668875e+00
1.892385e-01
4.352293e-01
1.321110e+00
1.200786e+00
6.944157e-01
2.502932e+00
1.220713e+00
6.233976e-01
8.375492e+00
1.458026e+00
2.900859e-01
1.079920e+00
6.992298e-01
4.638066e-01
1.247094e+00
4.251714e-01
1.363315e+00
2.038766e+00
5.473249e-01
1.279921e+00
8.077125e-01
2.273061e+00
3.574528e-01
2.272510e+00
6.811162e-01
8.031086e-01
1.202656e+00
1.807586e-01
5.615869e-01
7.548839e-01
2.505022e+00
4.725719e-01
2.662400e+00
1.568203e+00
2.083290e-01
1.070981e+00
6.702495e-01
4.895134e-01
9.872359e-01
7.463866e-01
6.228300e-01
2.371421e-01
4.625371e-01
2.651284e-01
9.879245e-01
1.895378e+00
4.538959e-01
1.171073e+00
9.187948e-01
4.945074e-01
6.810172e-01
2.324747e-01
4.787882e-01
7.627190e-01
3.944023e-01
4.617489e+00
3.932355e-01
7.143696e+00
2.467972e+00
6.618737e-01
5.267862e+00
1.191104e+01
7.569281e-01
6.846494e-01
5.348467e+00
7.402227e-01
5.016560e-01
4.128416e-01
3.103221e+00
1.929856e+00
4.401429e-01
4.476151e-01
2.451907e-01
1.080974e+00
1.243700e+00
4.369351e+00
2.010578e+00
2.215919e+00
7.946602e-01
6.894252e-01
5.274268e-01
3.091477e+00
2.397439e+00
1.978898e+00
2.868342e+00
1.599351e+00
2.661838e-01
6.152914e-01
6.961211e-01
2.147472e+00
4.068629e-01
3.427680e-01
1.592435e-01
6.466814e-01
2.943077e+00
2.174223e+00
2.570668e-01
3.722076e-01
1.438631e+00
3.661930e-01
7.283163e+00
1.801591e+00
2.439254e+00
3.791476e+00
2.995292e+00
6.839580e-01
1.914989e+00
9.621141e-01
2.379137e-01
3.401637e-01
3.523129e-01
8.167278e-01
3.077170e+00
1.277700e+00
1.088128e+00
4.028298e-01
1.826954e+00
1.150500e+00
7.136703e-01
1.642942e+00
2.580385e-01
5.812368e+00
2.940243e+00
5.768568e-01
8.146993e+00
5.652391e-01
7.228887e-01
9.728323e-01
1.542377e+00
6.200136e-01
1.629662e+00
4.127931e+00
2.388810e+00
2.077550e+00
1.021694e+00
5.077849e-01
6.589562e+00
5.308469e-01
5.624105e-01
4.316468e+00
2.364934e+00
2.932441e-01
7.343787e-01
7.697985e-01
4.865933e-01
5.516587e+00
1.477841e+00
2.276189e+00
9.583658e-01
5.448438e-01
6.354506e+00
3.404060e+00
9.030864e-01
2.086433e+01
8.975046e-01
1.038266e+00
3.055704e+00
8.038403e-01
2.601673e-01
2.303418e+00
8.077133e-01
2.383820e-01
5.899331e-01
1.228451e+00
4.724092e-01
4.586668e-01
3.097685e+00
7.195280e-01
1.343682e+00
7.735315e-01
9.730952e-01
2.955123e+00
4.057421e-01
3.063145e-01
4.344593e-02
3.029230e+00
4.567564e-01
4.128201e-01
1.759236e+00
3.482654e-01
1.993901e+00
8.230992e-01
1.115376e+00
2.861239e+00
5.369923e-01
2.313995e+00
1.164834e+00
6.533009e-01
6.155671e+00
1.618793e+00
1.772439e+00
2.923170e+00
7.503938e-01
1.497606e-01
2.923794e-01
6.889153e-01
4.978903e-01
1.250873e+00
2.331405e+00
1.951955e-01
4.229255e-01
2.204269e-01
1.181498e-01
9.571936e-01
8.939657e-01
8.017553e-01
2.675491e-01
1.398479e+00
3.514514e+00
1.738773e+00
2.011252e-01
3.238470e+00
1.449150e+00
9.910807e-01
1.915716e+00
5.094677e-01
5.535704e+00
1.580394e+00
2.521155e-01
2.712462e+00
1.220403e+00
2.460805e-01
2.200205e+00
7.991739e-01
7.361421e-01
1.921406e-01
1.254404e+00
5.452067e-01
3.216743e+00
2.697877e-01
3.464291e-01
2.934583e+00
9.178186e-01
3.933822e-01
3.774262e+00
1.397344e-01
2.635595e+00
6.248337e-01
1.694895e+00
1.225455e+00
3.062889e-01
3.488761e+00
4.724532e-01
2.158992e-01
8.944206e-01
1.253326e+00
2.319095e+00
2.981237e+00
1.993235e-01
2.784971e-01
4.562381e+00
3.389866e+00
3.641752e-01
2.863497e+00
2.271645e-01
6.048870e-01
4.872076e-01
2.569964e+00
3.886150e-01
1.362539e+00
8.746796e-01
2.697913e+00
2.409238e+00
6.578805e-01
2.087129e-01
2.111732e+00
6.681404e-01
8.214038e-01
4.169674e-01
2.385942e-01
7.236985e-01
3.848840e+00
3.803694e+00
4.978282e-01
5.036716e-01
2.622625e-01
6.214464e+00
3.216680e-01
1.953904e+00
4.087304e+00
4.026151e-01
2.776030e+00
1.191908e+00
2.701387e+00
1.143596e+00
9.882095e-01
9.882517e-01
1.291624e+00
1.027953e+01
5.214975e+00
1.042553e+00
2.641674e+00
6.555132e-01
3.407319e-01
6.493124e-01
2.043778e-01
7.189649e+00
8.933257e-01
4.090630e-01
2.061364e-01
7.025584e-01
6.932195e-01
1.484606e+00
7.182894e-01
1.903036e+00
4.847952e-01
3.609241e+00
1.412855e+00
4.430931e+00
5.686190e-01
9.811486e-01
4.452132e+00
1.327413e-01
4.452383e-01
5.922576e-01
1.085328e+00
9.148705e-01
7.638245e+00
4.902584e+00
5.728486e-01
8.593391e-01
2.181928e-01
2.693019e-01
1.851156e+00
7.617013e-01
2.209044e+00
2.752816e+00
9.631758e-02
1.046593e+00
5.413035e-01
2.140218e-01
2.314673e-01
8.823130e-01
6.590421e-01
1.565142e+00
2.425571e-01
3.450986e-01
2.865400e-01
5.449787e-01
1.780819e+00
1.392792e+00
1.124340e+00
1.088209e+00
3.980451e-01
8.321064e-01
3.456030e+00
1.582453e+00
4.584139e+00
6.821772e-02
3.477917e-01
2.631219e-01
7.478913e+00
1.465355e+00
3.177325e-01
1.257766e+00
5.163424e+00
2.798912e-01
3.005159e-01
3.615632e-01
4.218127e-01
2.050010e+00
5.717905e-01
6.532187e-01
4.686482e+00
1.017745e+00
9.569485e-01
4.725727e-01
8.600348e-01
3.596355e-01
4.886892e-01
6.735585e-01
1.561044e+00
9.105517e+00
1.527976e+00
1.360571e+00
4.716233e-01
2.571682e-01
1.510489e+00
2.634272e+00
1.286628e+00
8.514371e-01
1.133159e+00
7.532693e-01
8.531738e-01
2.399066e+00
1.276885e-01
1.468157e+00
9.108306e-01
6.894552e-01
1.369895e+00
9.515498e+00
3.245449e+00
6.924879e-01
2.573130e+00
4.298485e+00
1.402444e-01
1.491484e+00
3.402647e+00
1.338567e-01
4.335195e+00
2.944974e-01
8.856744e-02
3.260549e-01
1.955165e-01
7.560575e-01
5.058808e-01
5.719485e-01
4.163669e+00
1.359021e+01
7.711822e-01
1.644429e+00
3.228438e+00
1.377715e+00
1.209061e+00
7.425214e-01
2.707751e+00
1.375139e+01
3.970658e+00
4.197297e-01
1.991838e+00
2.535049e+00
9.712378e-01
3.851244e-01
4.646179e-01
1.186830e+00
8.224236e-01
9.391570e-01
3.106849e-01
1.253301e+00
1.543881e+00
2.850301e-01
1.707815e+00
1.137006e+00
1.653372e+00
1.115164e+00
5.393852e-01
1.518275e+00
1.082189e+00
1.317573e-01
7.813535e+00
1.027841e+00
4.435687e-01
3.754845e+00
9.294835e-01
1.581787e+00
4.782675e-01
5.028752e+00
1.543720e+00
4.019140e-01
5.369413e-01
2.695339e-01
1.291905e+00
2.232662e+00
6.889325e-01
2.885447e+00
7.858016e-01
2.748644e-01
2.415770e+00
4.410965e-01
2.322895e+00
3.905178e+00
1.364382e+00
2.864343e+00
1.081157e+01
2.475661e-01
6.093727e+00
1.311617e+00
2.933758e-01
1.180233e+00
1.557059e+00
1.402207e+00
9.420448e-01
1.270647e+00
3.129332e-01
5.486315e+00
8.901492e-01
5.686245e-01
2.210514e-01
5.586656e-01
4.368248e-01
2.864428e+00
4.948244e-01
3.306357e+00
1.666230e+00
3.987845e-01
3.441177e+00
4.860852e+00
1.420836e+00
1.290419e+00
7.326823e-01
8.876938e-01
7.793168e-01
3.525105e+00
1.034451e+00
1.331295e+00
2.311291e+00
1.593616e+00
4.543288e-01
4.264289e+00
3.844832e+00
8.621215e-01
3.344004e-01
4.487695e-01
7.851177e+00
2.857738e-01
5.305056e-01
7.314712e-01
1.163988e+00
1.736616e-01
6.380531e-01
3.702209e-01
3.198802e-01
1.441786e+00
3.286829e-01
4.600491e-01
1.687719e+00
2.227616e+00
5.172992e+00
1.544407e+00
7.542021e+00
1.855821e+00
9.493441e+00
2.228581e+00
2.828012e+00
2.676907e+00
8.884597e-01
1.500575e-01
2.700769e+00
3.386180e-01
9.562624e-01
1.138316e+00
1.060595e+00
9.081726e-01
9.969163e-01
2.824105e+00
1.472097e+00
1.792240e-01
1.869905e+00
2.441644e-01
5.135048e-01
1.141772e+00
1.585844e+00
2.369334e+00
1.264243e+00
4.390092e-01
4.146770e-01
2.696407e-01
4.151366e+00
1.433158e-01
1.737471e+00
3.313164e-01
6.102038e-01
1.234628e+00
1.395223e+00
2.094479e+00
1.217459e+00
3.012509e-01
5.682802e-01
2.060771e+00
5.060568e+00
2.039461e+00
2.384994e-01
3.557271e+00
3.077059e+00
2.691461e-01
6.600490e-01
3.231326e-01
2.248532e-01
1.470417e+00
2.657559e+00
2.350569e-01
1.058350e+00
3.711649e+00
3.209380e+00
1.583777e+00
4.421776e-01
1.259199e+00
9.129340e-01
8.041566e-01
7.097461e-01
5.363591e-01
4.040626e+00
1.527540e-01
2.228501e+00
2.215004e-01
3.895330e-01
1.493493e+00
1.534459e+00
1.427671e+00
2.840003e-01
4.468911e+00
7.320586e-01
4.523784e-01
2.178644e+01
3.697881e-01
6.026436e-01
1.285402e+00
7.434112e-01
3.203980e-01
5.493531e-01
2.566419e-01
2.349270e+00
1.044094e+00
6.628648e-01
2.736754e-01
1.410628e+00
8.708532e-01
3.614909e+00
1.108771e+00
2.566511e-01
4.306948e-01
1.090996e+00
1.617695e+00
4.069568e-01
4.571611e+00
1.582441e+00
3.930636e-01
8.796306e-01
5.561415e+00
2.754303e+00
1.455932e+01
1.256110e+00
1.520511e+00
4.399034e-01
1.065126e+00
1.252044e+00
1.217620e+00
3.504690e+00
9.077900e+00
5.655811e+00
4.233984e-01
6.290697e-01
8.505637e-01
1.006721e+00
1.797696e+00
1.611676e+00
7.343770e-01
1.775786e+00
5.277117e-01
4.690091e-01
2.470907e-01
8.142230e-01
1.638141e+00
2.464746e+00
1.551040e+00
1.660594e-01
1.883985e+00
6.475483e-01
2.506902e+00
7.091180e-01
9.264302e-01
5.912142e+00
4.231273e-01
4.483428e-01
7.837630e-01
5.622874e-01
4.009984e-01
2.626943e+00
2.048491e+00
3.405741e-01
6.631116e-01
5.125554e-01
2.439220e-01
6.558720e-01
2.478798e-01
1.445225e+00
2.721049e-01
1.858634e+00
5.803668e-01
8.898797e-01
2.900656e-01
1.452030e+00
1.013622e+00
1.788985e+00
5.792820e+00
1.823176e+00
6.304033e-01
2.925968e+00
1.664408e+00
7.531885e-01
7.308349e-01
1.798412e+00
2.409296e-01
7.416167e+00
3.254169e+00
2.312299e+00
1.608663e+00
2.265170e-01
6.544687e-01
1.272040e+00
7.905667e-01
1.828810e+00
8.121178e-01
6.061889e-01
1.780829e+00
1.918843e+00
2.318842e+00
1.538044e+00
5.180834e+00
2.278809e+00
9.757202e-01
4.357816e-01
3.285273e-01
9.405061e-01
3.459055e-01
4.482283e-01
7.220411e-01
1.602845e+00
9.784634e+00
3.597494e-01
3.291422e-01
3.604934e-01
1.082841e+00
7.713415e-01
2.561989e+00
5.727637e-01
1.146672e+00
3.580377e-01
2.975716e-01
4.351115e+00
5.649175e-01
1.579198e-01
1.008913e+00
1.431730e+00
4.090456e-01
2.856366e-01
3.214661e+00
4.813484e-01
2.314086e+00
1.156797e+00
1.455315e+00
1.362462e+00
2.255313e+00
3.186378e-01
2.093417e-01
9.193985e-01
6.960668e-01
2.236996e+00
1.148061e+00
7.954378e-01
1.632851e+00
1.411049e+00
1.393611e+00
2.384053e+00
3.712992e-01
5.221915e+00
6.226187e-01
5.203937e+00
3.909267e-01
3.697737e-01
6.117546e-01
1.310018e+00
7.768453e-01
4.698042e-01
5.098972e+00
4.794232e-01
1.384152e+00
4.575346e-01
2.141932e+00
3.513017e+00
3.098543e+00
7.388367e-01
1.073910e+00
1.735183e-01
3.417337e-01
2.838580e+00
1.089940e+00
3.912209e-01
9.684366e-01
6.184718e-01
4.260115e-01
1.726902e+00
2.903934e+00
1.795257e+00
1.081396e+00
1.322441e+00
4.817568e-01
2.112495e-01
6.912216e-01
7.043504e-01
3.121972e+00
4.830687e+00
2.294411e-01
1.477143e+00
1.102850e-01
4.741481e-01
1.318729e+00
1.892506e+00
1.098589e+00
3.561519e-01
3.716858e-01
8.538556e-01
2.700999e+00
1.570256e+00
1.154435e+00
4.798350e-01
1.953204e-01
9.598597e-02
1.085718e+00
7.131775e-01
8.255072e-01
1.140243e+00
1.592083e-01
4.579309e+00
5.003528e-01
3.995979e-01
1.356463e+00
2.719418e+00
2.343278e-01
1.121767e+00
1.947379e+00
2.627407e+00
1.081043e+00
3.647455e-01
1.758638e+00
1.486122e+00
2.414803e+00
3.186660e-01
5.449680e-01
2.535400e-01
7.766402e-01
1.157574e+00
7.671053e-01
2.390214e+00
2.625918e-01
6.362964e-01
1.754178e+00
1.766531e+00
6.673207e+00
2.051076e+00
7.567514e-02
2.883874e-01
5.154384e-01
1.598039e+00
3.503625e+00
4.063130e+00
9.308129e-01
6.179386e-01
2.003819e+00
4.343276e-01
2.032161e+00
4.539342e-01
2.309642e-01
2.629184e-01
2.227171e+00
9.917301e-01
3.821055e-01
2.518238e+00
4.901348e-01
2.533187e+00
9.356143e-01
1.577406e+00
2.008844e+00
2.106209e-01
7.743261e-01
5.994309e-01
7.176841e-01
3.992179e+00
5.779052e-01
3.932139e+00
2.351594e-01
7.261453e-01
3.298723e-01
3.051650e+00
1.829221e+00
4.236954e-01
8.734152e-01
4.254726e-01
4.044449e-01
7.597169e-01
5.955723e-01
2.801726e-01
2.676588e+00
5.494765e-01
1.021140e+00
2.124407e+00
5.029340e-01
5.776106e-01
7.352633e+00
1.784523e+00
3.605856e+00
6.179162e-01
9.611475e-01
8.750182e+00
2.859737e+00
9.608361e-01
4.525799e+00
1.773738e+00
4.570248e+00
5.603706e-01
9.107302e-01
1.796133e+00
3.280177e-01
3.931546e-01
3.921950e-01
2.272076e+00
5.387417e-01
3.005899e+00
1.871574e-01
6.370237e-01
4.933886e-01
3.370039e-01
9.778582e-01
8.634045e-01
1.000039e+00
1.773826e+00
4.310571e-01
6.721417e-01
1.778761e+00
7.793297e-01
2.018112e-01
1.309269e+00
2.667989e+00
1.174189e+00
3.197690e-01
4.383140e-01
3.735176e+00
2.869439e+00
3.476896e+00
7.469442e-01
1.845498e-01
6.063040e-01
1.084191e+00
3.468194e+00
1.458096e+00
1.124057e+00
1.107325e+00
8.315381e-01
1.258258e-01
5.180118e-01
2.518793e-01
1.707170e+00
5.933173e-01
1.712438e+00
4.883307e-01
1.847489e+00
5.141377e+00
6.569285e-01
7.699593e-01
2.310158e+00
1.371700e+00
4.298349e-01
9.332734e-01
1.167932e+00
2.108227e+00
2.414287e+00
1.719309e+00
3.979607e+00
2.506844e-01
6.743639e-01
2.531589e-01
9.974949e-01
1.007748e+01
1.489042e+00
3.591234e-01
5.652636e+00
6.639728e-01
1.641329e+00
9.133966e-01
1.644837e+00
1.280852e-01
1.088872e+00
3.826049e+00
9.081968e-02
3.401411e+00
1.504125e+00
3.053284e-01
4.378229e-01
3.170534e-01
2.322731e-01
2.381431e+00
8.671181e-01
1.633324e+00
1.306535e+01
9.127947e-01
4.670474e-01
7.900721e-01
2.591654e+00
4.689491e-01
3.024728e+00
1.134545e+00
2.017962e+00
1.175008e+00
9.894224e-01
1.135485e+00
2.363617e+00
7.016855e-01
6.068838e-01
1.917393e-01
8.930672e-01
8.812576e+00
2.039076e-01
6.985146e-01
1.200556e-01
1.700128e+00
1.133275e-01
1.362620e+00
1.155029e-01
2.186720e+00
4.429736e-01
6.868173e-01
3.689742e-01
8.035834e-01
5.493864e+00
2.148556e-01
3.403512e+00
1.092150e+00
1.564429e+00
3.925287e-01
6.827219e-01
9.889822e-01
9.367704e-01
2.799464e+00
4.347902e+00
1.172863e+00
1.108265e+01
8.717551e-01
4.135576e-01
4.289665e-01
7.513802e-01
1.551661e+00
4.724208e+00
8.596202e-01
4.011420e-01
7.280284e-01
7.785776e-01
1.706909e+00
4.014248e-01
3.991726e-01
7.026205e-01
2.460629e+00
2.641141e+00
8.374397e-01
1.264740e+00
1.462003e+00
1.532772e+00
2.543658e-01
4.481401e-01
1.017428e+00
3.119321e-01
2.324659e-01
8.689970e-01
3.899128e-01
3.947688e-01
1.135455e+00
4.937757e-01
1.790002e+00
7.093275e-01
8.774832e-01
1.606231e+00
6.734442e+00
1.116081e+00
5.591179e+00
4.518985e-01
1.368258e+00
1.414200e+00
2.874440e-01
9.890466e-01
4.971100e-01
1.830168e-01
1.144687e+00
9.196171e-02
7.866368e-01
1.584446e+00
1.123731e+00
1.897245e+01
4.413325e-01
1.203745e+00
1.630740e+00
2.324883e-01
1.615483e+00
2.160389e+00
5.421052e+00
2.965936e-01
4.039483e+00
1.622091e+00
1.051059e+00
1.656294e+00
6.783696e-01
6.193239e-01
6.409734e-01
1.953437e-01
8.498726e+00
4.572043e-01
1.904850e+00
2.174090e+00
1.433979e+00
1.009958e+00
2.196981e+00
8.300994e-01
5.744164e-01
5.841541e-01
3.566201e-01
2.928477e-01
2.392338e+00
5.190289e-01
1.207237e+00
7.649038e-01
2.627035e+00
6.804609e-01
4.795721e-01
2.241185e+00
1.311828e+00
5.730353e-01
1.709469e+00
2.956046e+00
5.125263e+00
2.690218e+00
2.343267e+00
4.258743e-01
9.525661e-01
2.848365e-01
3.329684e+00
7.622682e-01
1.433657e-01
3.117752e+00
2.104693e-01
2.391213e+00
3.847845e-01
1.886925e-01
3.515981e-01
1.676663e+00
1.154286e+00
3.294375e-01
2.234277e-01
1.775575e+00
5.085889e-01
5.182367e-01
5.252452e-01
1.235747e+00
1.386084e+00
2.511396e-01
1.415228e+00
3.392203e+00
2.330626e-01
7.925594e-01
2.437461e+00
1.118265e-01
3.761180e-01
4.043090e-01
9.235521e-01
3.029733e-01
1.286890e+00
1.205873e+00
1.713021e+00
9.587672e-01
9.111042e-02
2.983968e-01
1.643354e+00
1.222927e+00
6.759984e-01
6.177825e-01
2.195583e+00
1.176396e+00
1.038225e-01
1.159369e+00
3.079973e+00
8.995966e-02
1.367685e+00
1.630151e+00
1.922397e-01
7.278895e-01
4.181005e-01
2.297054e+00
1.433762e+00
1.206453e-01
1.163310e+00
1.009278e+00
3.180098e-01
4.867160e-01
9.531265e-01
7.715092e+00
9.905987e-02
5.249013e-01
1.901490e-01
3.661729e+00
4.080223e-01
1.820194e+00
9.072501e-01
1.557204e+00
3.100787e+00
4.897154e-01
2.872883e+00
1.133594e+00
2.708532e+00
4.819009e-01
3.941866e-01
4.061781e+00
3.789904e+00
5.010046e-01
2.594536e+00
1.918470e+00
1.255852e+00
7.778050e-01
3.580184e-01
3.143636e+00
6.734047e-02
5.651256e-01
1.030796e+00
1.639198e+00
8.390466e-01
2.031854e+00
6.856164e-01
7.143179e-01
9.699354e-01
6.609256e-01
1.229933e-01
9.122530e-01
5.793351e-01
8.510364e-01
9.285369e+00
1.818591e-01
2.754544e-01
7.346516e-01
1.604997e+00
3.915791e-01
1.422481e+00
4.680341e-01
6.620951e-01
1.004515e+00
1.971179e+01
4.350349e-01
5.795395e-01
7.443745e-01
1.505739e+00
1.975897e+00
6.912306e-01
1.861755e-01
4.431084e+00
7.831033e-01
9.321378e-01
2.968116e-01
1.319787e+00
9.644709e-01
1.168783e+00
2.953417e+00
2.240728e-01
8.254570e-01
1.844931e-01
2.303109e-01
1.943912e+00
2.171123e-01
2.568894e+00
1.686844e+00
4.766484e+00
1.932519e+00
6.237196e-01
2.867282e-01
2.940950e+00
1.118361e+00
6.683863e-01
1.193826e+00
4.208871e-01
2.295802e+00
3.185510e+00
3.085266e-01
1.420384e+01
3.609309e-01
4.468742e+00
9.414108e-01
3.582611e+00
1.428241e+00
2.739773e+00
1.000781e+00
7.134819e-01
2.412065e-01
6.723725e-01
2.245586e+00
7.355944e-01
1.538816e+00
2.399746e+00
5.719182e+00
3.347432e+00
9.789958e-01
7.993360e-01
4.631722e-01
4.131915e-01
9.886023e-01
4.098913e+00
1.133057e+00
7.147619e+00
6.130639e-01
1.429482e+00
1.340929e+01
4.465212e-01
1.793664e+00
4.389179e-01
1.718003e+00
2.061406e-01
3.904387e-01
6.464066e-01
3.427361e+00
1.023231e+01
2.013545e-01
2.922402e-01
3.430352e-01
4.967444e-01
4.814031e+00
8.029847e-01
2.681155e+00
2.522905e+00
6.785120e+00
6.194426e-01
9.117716e-01
2.238091e-01
2.391092e+00
2.131503e-01
3.354478e+00
1.075152e+00
4.155245e+00
1.498029e+00
5.560896e-01
3.576381e-01
3.454539e-01
8.536619e-01
8.736701e-01
2.451153e+00
2.929873e+00
2.107574e+00
2.770815e-01
3.782450e+00
9.950895e-01
3.297328e-01
1.892234e+00
5.349785e-01
1.530286e+00
1.768338e+00
1.349566e+00
2.383141e+00
2.602778e+00
1.263767e-01
6.094180e-01
1.836057e+00
8.347756e-01
3.526185e+00
1.061809e-01
4.977377e+00
9.650110e-01
4.659699e-01
2.107267e-01
3.634829e+00
2.138460e+00
1.274369e+00
1.057982e+00
4.933003e-01
3.238779e-01
7.518434e-01
1.975368e+00
8.899710e-01
2.909631e+00
8.970748e-01
3.064455e+00
5.494281e-01
1.698358e+00
1.563666e+00
4.829113e-01
6.185520e-01
4.417438e-01
7.993067e-01
3.389021e-01
5.282042e+00
8.272382e-01
6.932130e-01
2.430238e-01
4.113183e+00
5.191906e+00
5.050099e+00
7.775519e-01
5.741900e-01
6.919444e-01
8.202414e+00
4.225379e-01
4.837376e-01
4.222777e-01
3.530542e-01
3.753450e-01
1.621131e+00
7.845728e-01
8.670991e-01
3.219147e-01
2.523622e+00
3.109107e+00
3.248064e+00
1.171030e+00
4.693589e-01
2.265002e-01
9.981982e-01
9.584547e-01
2.589567e+00
9.005100e-01
1.824115e+00
4.771877e-01
9.964897e+00
8.429513e+00
7.170056e-01
2.151289e-01
5.939479e-01
5.764598e+00
6.434519e-01
1.291700e+00
4.682203e-01
2.267894e+00
6.963291e-01
6.629081e-01
7.220299e-01
4.870439e-01
6.567444e-01
1.022691e+00
5.690951e-01
3.112577e+00
2.392415e-01
2.408248e+00
1.021764e+00
9.451806e-02
1.189328e+00
9.968300e-01
9.200394e-01
4.224231e-01
8.226846e+00
4.479045e+00
7.408854e-01
1.396869e+00
1.433973e+00
1.093891e+00
2.726572e-01
1.029286e+00
5.622211e-01
2.823389e+00
9.470006e-01
2.362664e+00
1.171653e-01
2.602374e+00
9.244940e-01
3.448622e-01
6.248736e-01
1.003677e+00
4.669534e-01
2.502897e+00
2.321346e+00
2.176337e+00
2.908297e+00
1.530883e+00
1.813068e+00
6.844467e-01
1.573984e+00
3.441038e+00
2.011800e-01
2.079391e+00
1.063930e+00
5.637649e-01
1.779192e+00
4.291700e+00
4.391724e-01
4.236479e-01
7.514028e-01
4.889660e-01
6.465398e-01
1.106582e+00
3.367213e-01
2.436214e-01
1.562661e-01
1.321128e-01
7.809999e+00
1.113593e+00
7.692662e-01
2.038889e+00
7.322364e-02
2.812214e+00
9.276063e+00
2.070748e+00
1.583847e+00
3.317866e+00
8.105955e-01
3.595905e-01
1.179126e+00
6.115247e-01
8.389617e-01
4.587074e+00
1.746173e-01
1.414046e+01
1.111697e+00
1.523339e+00
4.719820e-01
3.401944e-01
7.042063e-01
7.531962e-01
6.489081e-01
2.315333e-01
4.937913e-01
8.958099e-01
5.930374e-01
1.987895e-01
1.874223e+00
1.211206e+00
7.681704e-01
1.584728e+00
4.588721e-01
8.242024e+00
9.044344e+00
5.582767e-01
1.788666e+00
1.605572e+00
4.342867e-01
3.656883e-01
8.332228e-01
1.931766e+00
1.271242e+01
2.876375e-01
8.699980e-01
1.844387e+00
2.306783e+00
2.469760e-01
7.911309e-01
3.308618e-01
2.070712e+00
1.403372e+00
2.798639e+00
4.850254e-01
7.213371e-01
6.735632e-02
4.365490e-01
1.142557e+00
4.086291e+00
3.715809e+00
8.279589e-01
1.102255e+00
3.609358e-01
1.416612e+00
1.593337e+00
2.796074e-01
3.782235e-01
1.101670e+00
1.206011e+00
3.593535e+00
2.838879e+00
1.807455e+00
4.120791e-01
1.206430e+00
1.657530e+00
1.001096e+00
1.099547e+00
7.897185e-01
1.024859e+00
1.834879e-01
3.361881e+00
2.052364e-01
1.346937e+00
8.808389e-01
2.174895e-01
3.185600e-01
3.308668e-01
1.199807e+00
2.133923e-01
6.368420e-01
3.895606e-01
6.298652e+00
2.534594e+00
1.037007e+00
7.645500e-01
1.066513e+00
8.212978e-01
7.213570e-01
1.477866e+00
1.645102e+01
8.036981e-01
3.984561e+00
1.249830e+00
2.861766e+00
1.432949e+00
1.185287e+00
1.019839e-01
7.333986e+00
2.481961e+00
2.019725e+00
9.311104e-01
8.208830e-01
2.834951e-01
2.727884e+00
3.466329e-01
4.374830e-01
3.673184e-01
6.871152e-01
2.915370e+00
9.660308e-01
6.985404e-01
1.313762e-01
4.824367e-01
1.815897e-01
1.321251e+00
2.340635e-01
1.741269e-01
8.045249e-01
7.223887e+00
1.312284e-01
3.025717e+00
1.000873e+00
1.594511e+00
6.899726e-01
5.972538e+00
2.823325e-01
2.323972e+00
2.313661e+00
2.638562e+00
7.392992e-01
2.401182e+00
3.103706e+00
2.975100e-01
4.979938e-01
3.888743e-01
2.248242e+00
5.218110e+00
2.158913e+00
8.096186e-01
9.266230e-01
4.066141e+00
1.152976e+00
4.945407e-01
5.636202e-01
3.465523e+00
1.282567e-01
5.876276e+00
4.792637e-01
2.311411e+00
2.817456e+00
5.229859e-01
1.443478e+00
1.119135e+00
1.296518e+00
2.515627e+00
2.031968e-01
9.364118e-01
6.654411e-01
2.192085e+00
6.228796e-01
1.718704e+00
1.313502e+00
2.015607e-01
2.726719e+00
1.550714e+01
5.037000e-01
3.372807e-01
4.049094e+00
2.857892e+00
8.526819e-01
4.994030e-01
2.841603e-01
6.338055e-01
8.441046e-01
2.172963e+00
7.469381e-01
1.174462e+00
4.625869e+00
1.899511e+00
8.992343e-01
6.820292e-01
2.156655e+00
8.132386e-01
3.984510e-01
1.032588e+00
1.702795e+00
5.556252e-01
7.340642e-01
4.898057e+00
5.767362e-01
2.829008e-01
4.628649e+00
9.225623e-01
1.094572e+00
2.478300e-01
7.871639e-01
1.451693e+00
6.615183e+00
7.901909e-01
7.670572e-01
7.865170e-01
1.368826e-01
1.679666e+00
8.128881e-01
2.879294e+00
1.180643e+00
6.459070e-01
4.234058e-01
1.540794e+00
8.390819e-01
7.484811e-01
4.220029e-01
2.966017e-01
8.982367e-01
5.884129e-01
9.433303e-02
4.333295e-01
2.395457e+00
2.754472e+00
1.717060e+00
3.772272e+00
1.741281e+00
5.055275e+00
3.998794e-01
5.696334e+00
2.548925e+00
1.794026e+00
3.946424e-01
5.018118e-01
2.240334e-01
2.074640e+00
2.972205e+00
3.272166e-01
1.607832e+00
9.917834e-01
3.731039e-01
2.921192e+00
6.100723e-01
4.307579e-01
5.529865e-01
2.526783e+00
4.291797e-01
3.048692e+00
1.101588e+00
1.686628e+00
8.825254e-02
2.203213e+00
4.000429e-01
7.867566e-01
1.653307e+00
6.310570e-01
7.227821e-01
2.337047e+00
1.184783e+00
5.880416e-01
5.873711e-01
5.150165e-01
1.074088e+00
1.175078e+00
2.370712e+00
9.095907e-01
2.633516e+00
1.441718e+00
9.066494e-01
2.365591e-01
1.216447e+00
4.079183e+00
5.789720e-01
7.864972e-01
6.438130e-01
4.350699e-01
3.926190e+00
1.195214e+00
4.672021e-01
2.313097e-01
1.560585e+00
8.029620e-01
6.920391e-01
1.464082e+00
2.259215e-01
6.078512e-01
2.022604e-01
7.641575e-01
8.373751e-01
3.335245e+00
1.513484e+00
2.077263e+00
1.854561e+00
8.638430e-01
4.265045e-01
4.619350e-01
5.267681e-01
2.175712e+00
3.791862e-01
2.827006e+00
3.946335e-01
2.157074e+00
1.480212e+00
1.376717e+00
2.156838e+00
1.650671e+00
7.624941e+00
5.915836e-01
3.627790e-01
9.991172e-02
1.341244e+00
6.137048e+00
6.316108e-01
7.711496e-01
1.100172e+00
6.380632e-01
6.324624e+00
1.561469e+00
7.950650e-01
3.647472e-01
6.568080e-01
8.479799e-01
3.277789e+00
4.411823e+00
3.776955e+00
5.944451e+00
4.232066e+00
2.389288e+00
5.027942e-01
2.750904e+00
7.610657e-01
1.017250e+00
3.808876e-01
1.751893e-01
8.510731e-01
2.380192e+00
2.564577e-01
1.570310e+00
5.055969e-01
4.080796e+00
9.420660e-01
6.476259e+00
1.137843e-01
6.350360e-01
1.396031e+00
3.932521e-01
1.711897e+00
5.791045e-01
4.129877e+00
7.941890e-01
2.540358e-01
3.249316e-01
1.539159e+00
5.581751e+00
2.527473e+00
5.194041e+00
5.444120e-01
8.349769e-01
2.689031e+00
8.631588e-01
5.305092e-01
1.707920e+00
6.930291e-01
7.101971e-01
8.006821e-01
1.516321e+00
2.581035e-01
5.678424e-01
1.055413e+00
9.088591e-01
2.351016e-01
2.829306e-01
7.553203e-01
1.820760e+00
1.587549e+00
1.026136e+00
4.361246e-01
2.994087e-01
2.214874e-01
2.876811e+00
5.415572e+00
7.779565e-01
1.777535e+00
1.270054e+00
1.062426e+00
3.266505e-01
4.358986e-01
1.196362e+00
2.068632e+00
1.116105e+00
1.183673e+00
4.252224e+00
4.334565e-01
2.921547e+00
8.439499e-01
2.236736e-01
1.329669e+00
3.867267e+00
5.465830e+00
1.943989e+00
5.352664e+00
1.203261e+00
2.726549e-01
2.594846e-01
2.541874e-01
6.943703e+00
5.726921e-01
1.754330e+00
6.897441e-01
1.672032e+00
3.042987e-01
2.794521e-01
1.667081e-01
2.533006e+00
1.935924e+00
4.181747e-01
6.585807e-01
6.767711e-01
4.378977e-01
9.528374e-01
4.259823e-01
3.025193e+00
1.521457e+00
3.859142e+00
4.351761e-01
3.455553e+00
3.868448e-01
8.812569e+00
1.537262e+00
8.780680e-01
1.228247e+00
4.536982e-01
9.721611e-01
3.069780e+00
1.943681e+00
1.269963e+00
4.889956e-01
1.462883e+00
2.268221e+00
2.550744e+00
1.844095e+00
1.514348e+00
5.013909e-01
6.442263e-01
6.567854e-01
7.081391e-01
1.824803e-01
1.051562e+01
2.349870e+00
2.532746e-01
5.972121e+00
1.820672e+00
5.621002e-01
1.244551e+00
1.943962e+00
1.390347e+00
8.463600e-01
1.117747e+00
2.420594e+00
6.061223e-01
2.190296e-01
1.153749e+00
4.586812e-01
1.130700e+00
1.558481e+00
7.069352e-01
2.109369e+00
6.028679e-01
4.275260e+00
4.366967e+00
2.096934e+00
1.253981e+00
5.899179e+00
3.148595e+00
1.518777e+00
5.093568e-01
2.424881e-01
1.045631e+00
2.756484e-01
1.521681e+00
6.646292e-01
3.179753e+00
8.310079e-01
6.371581e-01
3.945605e+00
1.712950e+00
9.607865e-01
2.024178e+00
1.508008e+00
4.588314e-01
6.640182e-01
1.388058e+00
2.880712e-01
1.152786e+00
1.058888e+00
1.022817e+00
3.440944e-01
1.976142e+00
6.940888e-01
7.105505e-01
2.407156e+00
7.500860e-01
1.700716e+00
2.177311e+00
8.148201e-01
3.069511e+00
1.776633e+00
4.237797e+00
4.224654e-01
7.738363e-01
4.110185e+00
1.141605e+00
1.269409e+00
1.820925e+00
3.078804e-01
7.331974e-01
5.112077e-01
1.457825e+00
7.237165e-01
5.930670e-01
1.746476e+00
5.364551e-01
1.173492e+00
4.249142e+00
4.900079e-01
6.623718e-01
3.355943e-01
1.011203e+00
1.684001e+00
2.902092e+00
5.848886e-01
8.443258e-01
2.160754e+00
5.199476e-01
2.319383e-01
1.588971e+00
5.244035e-01
1.033597e+00
3.424312e+00
2.016763e-01
1.613323e-01
1.103765e+00
1.829459e+00
8.149760e-01
7.959255e-01
1.666853e+00
2.078667e+00
1.107494e+00
1.140520e+00
5.267853e-01
3.148017e-01
5.573843e-01
1.312982e+00
3.217848e+01
7.075365e+00
6.319075e-01
2.250264e-01
3.738206e-01
4.421860e-01
2.446620e+00
6.216399e-01
1.096716e+00
2.931970e-01
6.873199e-01
7.546222e-01
6.846781e-01
2.285316e+00
9.596321e-01
4.426168e-01
2.886044e-01
1.784862e+00
1.331152e+00
1.565860e+00
1.250706e+00
7.439545e-01
1.969734e+01
8.926589e-01
3.330016e-01
5.416472e-01
4.550002e-01
1.151989e+00
1.735039e-01
1.105576e+00
2.878596e-01
8.680373e-01
1.007474e+00
1.280579e+00
1.517614e+00
1.379877e-01
2.223123e-01
3.839799e-01
8.596073e-02
2.758700e+00
5.855242e-01
5.092821e+00
2.632640e+00
1.522143e+00
1.307075e+00
1.522577e-01
4.016497e-01
4.132196e+00
7.770758e-01
2.575369e+00
9.804596e-01
2.543974e+00
5.989665e-01
9.440771e-01
2.914887e-01
9.234609e-01
9.349011e-01
1.198156e+00
1.388686e+01
3.763823e-01
4.679171e-01
1.974642e+00
2.642454e+00
4.542101e-01
4.016668e+00
2.912668e-01
1.162668e+00
6.016422e-01
3.168152e-01
9.168803e-01
5.807366e-01
7.528451e-01
7.610262e-01
2.884388e-01
1.032156e+00
4.671058e-01
2.081476e+00
1.300491e+00
1.135764e+00
4.361028e-01
8.746480e-01
4.508527e-01
7.480407e-01
1.839964e+00
2.949254e-01
5.197515e-01
3.978100e+00
1.083267e+00
2.614680e-01
2.687153e+00
1.784190e-01
1.065065e+00
1.947612e-01
6.266549e-01
8.136076e-02
3.956500e-01
9.323145e-01
5.641366e-01
1.042548e+00
1.096011e+00
6.876797e-01
1.659706e+00
7.504292e-01
3.444405e-01
1.700335e-01
3.168199e-01
4.390331e-01
5.567540e-01
9.562881e-01
7.413395e-01
1.055343e+00
3.315238e-01
9.255565e-01
3.883186e-01
7.035295e+00
1.001692e-01
7.320017e-01
4.932675e-01
8.782283e-01
2.806478e+00
6.482422e-01
2.957545e+00
7.377773e+00
2.157148e+00
1.730078e+00
4.417690e-01
3.532716e+00
3.936931e+00
4.300241e-01
1.453014e+00
1.799588e+00
3.036088e+00
1.005119e+00
9.317555e-01
1.579849e+00
1.675530e+00
1.001991e+00
1.109897e+00
7.010442e-01
1.027251e+00
1.159992e+00
1.891521e+00
4.624482e-01
2.190179e+00
1.512206e+00
3.820062e+00
8.941840e-01
4.530406e-01
3.612415e-01
1.565293e-01
5.995174e+00
1.717828e+00
2.644366e+00
4.274223e-01
7.484830e+00
2.419583e+00
2.677370e-01
1.894723e+00
8.384674e-01
1.021094e+00
1.035082e+00
2.044031e-01
4.665517e-01
6.307835e-01
9.242911e-01
1.320416e+00
5.122582e-01
5.884620e-01
2.034318e-01
2.273641e-01
1.728849e+00
9.231349e-01
2.260028e+00
1.233661e+00
3.225418e-01
1.196114e+00
1.338266e+00
2.957092e-01
2.483490e-01
3.036315e+00
8.445601e-02
1.045444e+00
8.271641e-01
6.884198e-01
4.228219e-01
5.127399e-01
2.157721e-01
1.780216e+00
2.072585e+00
3.178963e+00
3.822626e-01
9.228203e-01
1.612646e-01
6.771455e-01
5.593687e-01
8.052856e-01
1.714967e+00
1.879723e-01
5.922905e-01
3.490960e+00
2.379301e-01
4.665493e+00
6.408982e-01
8.854416e-01
5.315176e-01
1.877913e+00
9.359663e+00
3.891146e-01
3.079195e-01
1.863635e+00
1.969262e+00
1.505863e+00
4.872073e-01
2.009541e+00
2.386082e-01
8.969087e-01
2.237368e-01
9.933215e-01
1.234884e-01
5.602288e+00
4.994660e-01
3.728328e-01
2.642194e-01
6.830977e-01
1.640528e+00
4.112214e-01
5.055473e-01
1.209443e-01
1.306012e+00
6.967908e-01
8.993289e-01
3.489773e+00
7.661562e-01
8.799104e-01
6.724842e-01
4.244515e-01
1.301375e+00
7.712728e-01
1.797152e+00
6.402722e-01
6.581687e-01
3.197058e-01
3.480121e-01
9.084934e-01
2.738482e-01
1.884000e-01
4.817163e-01
1.695296e+00
5.907283e-01
2.749323e-01
4.390941e+00
5.252662e-01
1.283995e+00
2.490661e-01
8.708053e-01
1.448700e+00
5.988826e-01
2.351850e+00
2.299134e+00
6.607503e-01
6.699462e-01
7.629129e+00
1.667959e+00
5.833501e-01
3.019170e+00
1.827863e-01
5.063425e-01
2.265251e-01
1.579723e+00
1.440260e+00
8.253065e-01
1.195390e+00
5.870205e-01
1.727577e+00
1.379188e+00
4.616808e+00
8.626526e-01
4.457412e-01
1.188700e+00
2.002055e-01
3.066499e-01
7.438547e-01
9.344976e-01
5.044255e+00
2.685458e-01
2.342223e-01
2.542824e+00
3.071733e+00
8.390771e-01
7.951388e-01
1.005038e-01
4.499677e-01
1.053992e+00
2.559502e+00
2.348630e-01
3.369042e+00
1.699506e-01
3.027751e+00
1.175278e+00
1.238406e+00
2.883890e-01
1.090728e+00
2.013440e+00
1.434306e+00
1.416645e+00
1.012001e+00
2.203336e-01
1.021514e+00
1.020788e-01
3.433605e-01
2.369550e+00
1.605954e+00
5.948103e-01
1.979985e-01
2.483925e-01
6.263965e-01
8.282840e-02
1.109318e+00
2.723691e+00
3.786532e+00
3.185891e+00
2.666752e-01
8.415062e-01
5.102580e-01
2.210420e+00
5.375935e-01
1.151254e+00
1.833152e-01
3.413328e-01
2.473668e-01
1.031246e+00
8.783949e-01
2.904208e-01
9.603439e-02
4.938504e-01
1.575616e+00
6.048865e-01
1.276523e+00
4.865532e-01
1.464100e-01
3.751961e+00
5.008427e+00
8.887412e-01
3.854904e-01
1.698016e+00
1.315405e+00
2.406903e-01
1.137822e+00
1.538668e-01
4.467880e-01
7.655097e-01
1.650619e+00
5.923928e-01
8.150667e-01
9.849598e-01
3.939825e-01
1.304918e+00
2.527401e-01
1.673709e+00
1.737061e+00
4.424507e-01
4.140984e+00
2.396095e+00
1.203715e+00
3.869866e+00
6.226238e+00
4.215831e-01
8.500457e-01
5.291631e+00
9.998428e-01
1.763139e-01
2.306833e+00
1.106966e+00
3.567513e+00
3.816713e-01
3.085044e+00
2.549054e+00
6.463045e-02
5.186168e-01
3.607282e-01
9.473153e-01
1.791563e+00
1.209850e+00
4.771505e-01
2.214562e+00
4.269658e-01
1.324326e+00
3.160966e+00
1.413061e+00
1.344136e+00
3.913660e-01
9.194117e-01
8.183178e-01
1.646307e+00
3.013799e+00
8.094805e-02
5.958109e-01
4.715514e-01
2.732267e+00
5.965147e-01
7.887731e-02
1.917456e+00
3.142012e+00
8.283809e-01
3.051632e+00
6.759046e-01
1.140749e+00
2.458832e+00
1.525810e-01
1.864090e+00
1.728597e+00
9.536213e-01
5.816408e-01
3.547350e-01
1.121644e+00
1.366731e+00
1.640017e+00
1.863217e-01
6.906662e-01
9.749860e-01
9.331818e-01
6.951678e-01
2.271767e+00
9.103510e-01
3.103909e+00
3.081771e+00
9.301235e-01
3.441524e+00
3.711342e-01
1.585674e+00
1.351834e+00
1.190126e+00
9.091668e-01
4.392699e+00
8.622857e-01
4.085257e-01
1.558439e+00
1.588982e-01
6.335972e-01
2.055665e+00
2.793351e-01
8.645610e-01
1.297224e+00
1.691011e-01
2.608584e+00
4.485174e-01
3.936677e-01
1.810991e-01
4.867929e-01
1.711761e+00
1.444231e+00
3.180406e-01
5.040015e-01
4.144777e-01
1.880623e+00
6.465174e-01
5.174663e+00
7.654782e-01
2.459045e-01
7.189476e-01
2.534002e-01
2.295783e-01
1.478194e-01
2.618019e+00
4.634553e-01
2.098826e+00
2.402372e+00
6.688529e-01
2.044085e+00
2.258279e+00
7.386391e-01
7.227653e-01
1.344668e+00
2.376990e-01
4.107612e+00
9.535015e-01
3.696229e-01
4.612157e+00
1.026785e+00
8.620695e+00
1.358185e+00
5.037212e-01
2.079063e-01
1.175146e-01
3.315625e+00
3.013753e+00
6.468475e-01
2.104883e-01
5.043691e-01
4.619891e-01
5.591611e-01
2.754051e-01
4.402851e-01
3.626130e-01
1.217712e+00
2.674491e-01
9.136132e-01
6.366596e-01
1.522110e+00
7.132218e-01
1.684522e+00
4.076021e+00
2.932737e+00
3.472519e+00
1.047185e+00
1.412326e+00
2.191234e+00
5.468715e-01
4.972479e-01
8.834091e-01
4.855489e-01
1.508409e+00
2.949131e-01
6.953847e-01
3.552967e-01
6.513627e-01
2.495106e+00
3.496228e-01
1.336729e+00
2.164903e+00
1.166461e+00
2.544225e-01
9.757655e-01
6.002986e-01
7.013616e-01
4.094854e+00
1.113527e+00
4.178517e-01
1.605089e-01
1.054990e+00
2.142437e+00
6.114031e-01
9.626207e-01
5.640301e-01
7.288581e-01
1.065400e+00
2.216996e+00
5.245084e-01
8.429821e-02
1.580113e+00
1.166886e-01
4.402095e-01
1.083824e+00
7.612013e-01
1.423672e+01
1.147399e+00
5.539028e-01
4.055570e+00
2.708731e+00
7.055218e-01
4.387502e-01
4.180231e-01
2.246570e+00
8.648686e-01
2.768070e-01
4.296258e+00
5.514953e-01
3.423793e+00
1.344489e+00
5.428890e+00
4.895208e-01
8.106592e-01
2.560754e-01
2.849638e-01
8.970462e+00
3.169853e-01
4.855179e-01
1.484712e-01
1.587339e+00
1.653264e+00
7.006693e-01
1.016831e+00
5.050398e-01
1.246776e+00
3.135130e-01
7.415796e-01
4.933105e-01
7.841386e-01
2.074557e+00
5.099846e+00
2.644168e-02
8.843856e-01
4.450657e-01
1.591048e+00
1.407944e+00
5.067043e+00
2.020054e-01
2.160797e+00
4.701379e+00
3.291686e+00
4.091027e-01
3.707115e-01
8.989978e+00
4.762065e-01
1.696045e+00
3.698708e-01
4.570004e-01
2.006822e-01
1.231371e+00
1.811334e+00
5.323275e-01
2.745759e+00
4.322559e-01
1.288832e+00
2.336209e+00
5.567190e-01
1.649158e-01
2.713173e+00
5.141268e-01
1.410419e+00
1.400570e+00
1.117963e+00
6.108517e-01
2.642337e-01
2.612387e+00
2.740918e-01
5.556954e+00
1.607731e+00
1.321283e+00
3.749019e+00
1.793855e-01
2.295186e-01
2.631730e+00
7.884100e-01
1.701064e+00
6.976038e-01
8.362494e-01
1.482324e+00
2.374375e+00
1.398789e+00
1.098649e+00
2.411404e+00
2.672407e+00
1.122443e+00
8.846410e-01
1.446068e-01
1.982811e+00
9.400592e-01
1.380196e+00
1.152870e+00
1.049600e+00
1.514669e+00
1.702421e-01
8.307056e-01
6.792628e-02
3.404770e+00
7.087961e-01
4.794348e-01
5.650723e-01
6.224381e-01
4.388593e-01
7.624918e-01
6.140724e-01
1.460472e-01
4.976513e+00
7.159900e-01
1.689823e+00
2.160918e+00
2.931721e-01
4.753787e+00
6.356166e+00
3.536711e-01
1.038196e+00
4.462977e+00
1.275344e+00
1.536544e-01
8.218161e+00
3.690319e+00
1.900242e+00
4.669806e-01
2.926438e-01
3.313130e+00
7.675325e-01
3.857217e-01
3.716189e-01
8.152788e+00
3.449894e+00
5.395305e-01
2.970687e-01
9.870584e-01
8.689627e-01
4.834813e+00
2.245698e-01
4.497670e+00
9.566145e-01
1.617999e+00
2.265268e+00
1.800326e+00
4.417377e-01
8.614185e-01
1.616660e+00
1.005672e+00
1.596486e+00
6.346749e-01
4.956515e+00
1.175960e-01
6.119479e+00
6.411419e-01
1.028720e+00
7.581870e-01
7.331360e-01
7.618485e-01
3.111587e-01
1.019387e+00
1.955123e-01
9.263724e-01
7.050593e-01
8.156084e-01
7.325341e-01
8.872488e-02
2.884470e-01
5.803048e+00
1.088213e+00
2.863139e-01
1.288344e+00
1.097614e+00
2.974416e-01
1.374202e+00
2.747610e+00
5.322620e-01
1.859716e+00
8.710029e-01
1.293222e+00
3.379555e+00
4.810874e-01
7.025429e+00
3.467037e-01
3.370313e-01
1.132247e-01
6.891572e-01
1.579908e+00
7.187259e+00
4.859350e-01
6.716291e-01
3.208427e-01
1.212415e+01
7.950535e+00
2.562331e-01
8.708792e-01
3.693973e-02
2.347735e+00
5.503809e-01
5.497447e-01
3.994640e-01
4.957748e-01
1.481972e-01
7.410344e-01
2.409180e+00
9.040196e-01
9.231252e-01
8.127043e-01
3.075774e-01
3.607134e-01
3.791464e+00
1.156401e+00
1.442068e+00
8.466602e-01
1.642875e-01
1.978625e+00
3.577763e-01
1.342628e-01
2.373509e-01
1.085045e+00
1.115786e+00
6.303134e+00
8.183485e-01
3.564667e-01
7.021753e-01
1.398828e+00
4.562323e+00
1.392341e+00
4.909824e-01
2.901589e-01
5.331175e+00
1.419547e+00
2.090517e+00
4.499403e-01
7.955510e-01
5.551392e-01
2.621090e+00
1.677834e-01
7.238913e-01
4.316964e+00
7.608030e-01
2.578783e-01
1.127053e+00
1.483900e+00
2.544167e-01
4.003458e+00
1.595915e+00
4.804188e-01
9.121414e-01
6.799983e-01
2.050326e+00
6.256816e-01
4.320671e-01
6.966048e-01
2.639170e+00
6.497707e-01
4.869147e-01
4.101985e-01
1.285063e+00
1.214781e+00
8.375370e-01
7.793118e-01
1.880805e-01
1.137071e+00
3.017547e-01
8.823663e+00
5.587020e-01
1.241165e+00
5.944583e-01
5.514297e+00
1.802510e+00
4.711817e-01
9.287590e-01
7.270794e-01
1.739674e+00
9.026844e-01
1.103638e+00
7.112912e-01
1.092709e+00
4.254288e-01
1.407810e+00
9.436171e-01
2.668312e+00
2.017090e-01
1.000872e+00
1.208125e+00
1.033348e+00
4.323930e-01
1.940680e-01
1.132869e+00
6.863478e-01
1.823959e-01
6.734686e-01
5.127977e-01
1.369012e-01
3.623319e-01
8.465476e-01
2.863173e+00
5.326361e-01
2.520794e-01
1.091194e-01
5.619012e+00
2.602150e-01
2.678839e+00
1.215944e+00
1.370737e+00
8.200282e-01
8.168802e-01
3.876494e+00
2.300312e+00
9.961573e-01
2.579264e-01
3.835215e+00
5.394777e+00
4.440954e-01
1.391413e+00
2.886235e+00
4.412425e-01
6.828594e-01
4.041070e-01
5.510502e-01
1.644561e+00
1.454554e+00
1.037342e+00
6.098720e-01
1.495353e+00
1.717211e+00
3.189359e+00
9.366447e+00
8.706680e-01
1.346867e+00
2.345156e+00
9.007159e-01
4.503832e-01
7.331020e+00
5.698534e+00
1.429697e+00
6.775126e-01
1.568559e+00
4.328212e+00
9.419276e-01
3.890894e-01
2.979435e-01
3.592398e-01
5.504824e+00
4.672266e+00
1.142991e+00
7.004520e-01
2.350613e+00
3.393159e-01
5.415641e-01
4.155020e-01
6.794179e+00
4.215090e-01
2.301182e+00
8.182443e-01
3.173427e+00
4.006858e-01
1.234297e+00
4.034954e-01
2.438483e-01
1.660427e+00
1.909224e-01
2.715779e+00
1.855510e+00
6.573504e-01
3.811582e-01
4.206673e+00
6.023247e+00
6.167553e-01
1.818114e+00
1.405749e+00
5.636813e-01
4.389770e+00
1.738934e+00
1.209983e+00
1.305403e+00
2.701922e+00
5.266327e-01
5.268035e-01
1.858171e+00
1.078910e+00
1.316200e+00
2.097038e-01
4.137914e-01
2.322280e+00
5.340698e-01
5.188913e+00
3.827401e-01
5.136325e-01
1.708517e-01
1.508943e+00
5.164409e-01
1.023477e+00
3.049252e-01
6.495883e+00
5.686295e-01
9.526898e-01
3.349159e-01
2.025041e+00
1.475353e+00
1.678641e+01
2.676704e-01
4.884487e+00
9.957924e-01
1.645690e+00
3.359411e+00
4.821131e+00
5.287163e-02
7.505337e-01
4.316764e-01
8.576647e-01
2.287320e-01
6.508399e-01
9.104400e-01
1.071914e+00
6.639860e-01
4.419954e+00
1.049193e+00
3.167213e-01
8.994386e-01
1.590686e+00
1.022956e+00
1.356156e+00
1.146510e+00
2.009313e+00
1.085954e+00
1.691272e-01
6.483377e-01
3.111523e+00
6.816903e-01
8.725962e-01
1.060661e+00
7.597458e-01
4.721983e+00
3.398397e-01
7.662956e-01
1.161587e+00
1.239324e+01
3.375777e+00
6.409047e-01
4.340999e-02
5.112707e+00
1.112439e-01
1.288797e+00
1.854064e-01
2.898706e+00
1.966049e+00
1.738331e+00
1.054357e+01
1.216218e+00
1.808614e+00
2.190729e+00
1.323370e+00
7.623391e-01
1.615544e+00
4.065576e+00
1.938179e+00
7.101200e-01
5.271214e+00
9.775961e-01
3.049592e+00
1.238381e+00
1.112218e+00
5.936033e-01
5.067432e+00
1.459802e+00
1.180126e+00
1.217392e+00
9.284443e-01
2.338670e+00
6.257327e-01
9.522598e-01
5.146801e-01
3.592677e-01
1.129229e+00
9.757930e-01
2.246075e-01
2.559018e+00
2.057916e+00
2.498810e+00
4.867750e+00
1.013082e+00
2.239163e+00
6.132114e+00
5.171224e+00
1.389415e+00
3.380243e+00
6.877592e-01
6.938487e-01
2.237094e+00
9.617749e+00
2.192612e+00
1.049111e+00
2.669488e+00
2.695633e+00
8.455489e-01
1.615029e-01
1.097735e+00
2.465980e-01
2.760459e-01
1.988610e+00
5.687301e-01
6.913869e-01
1.295643e+00
5.890609e-01
2.530151e+00
4.617412e-01
3.792111e+00
4.941406e-01
6.083804e+00
2.225230e+00
1.120026e+00
2.238145e+00
5.040260e-01
4.368457e+00
7.105298e-01
1.233339e+00
2.531359e+00
3.818439e-01
2.617756e+00
7.209794e-01
2.978936e+00
3.613445e-01
9.562238e-01
6.910976e+00
6.254218e+00
1.116004e+00
1.821424e+00
7.009978e-01
2.597686e+00
5.775815e-01
7.675683e-01
1.942093e+00
2.820956e-01
1.774435e+00
5.575233e-01
7.539124e+00
2.943540e+00
1.047174e+00
6.590186e-01
2.911771e+00
