7.354898e-01
4.980957e+00
1.755298e+00
8.818379e-01
2.015410e+00
6.934346e-01
5.674347e-01
3.278146e-01
1.748205e-01
8.664550e-01
1.383568e+00
5.269171e-01
4.977656e-01
2.047434e+00
6.057653e-01
7.006418e-01
4.482246e-01
2.967616e+00
3.684898e-01
6.793939e+00
2.436505e+00
5.877912e-01
5.784663e-01
8.407648e-01
3.861503e-01
1.574144e+00
4.499006e-01
7.519272e-01
8.708489e-01
2.930968e+00
9.256953e-01
1.718825e+00
1.461695e+00
3.846875e+00
4.084791e+00
7.473020e-01
1.762530e+00
5.023826e+00
3.047429e-01
3.926644e-01
1.989659e+00
7.908846e-01
7.492519e-01
7.935169e-01
1.870688e+00
2.321702e+00
8.310733e-01
2.972046e+00
1.517255e+00
5.708104e+00
2.532763e-01
2.781265e-01
5.642309e-01
1.010729e+00
1.401447e+00
1.609373e+00
3.863647e+00
1.197154e+00
4.227765e-01
1.137537e+00
3.370719e+00
4.397266e-01
7.240505e-01
7.023544e-01
6.681458e-01
7.405588e-01
1.666465e-01
3.719500e-01
7.964568e-01
2.205431e-01
5.009940e+00
8.049864e-01
1.207731e+00
9.073829e-01
8.319371e-01
5.776954e-01
6.642581e-01
1.460129e+00
1.218487e+00
2.715208e+00
1.902667e+00
2.306020e+00
1.281373e+01
5.731111e-01
5.751544e-01
6.980967e-01
1.093433e+00
1.121484e+00
4.245955e+00
8.500541e-01
7.210661e+00
3.725815e+00
6.827948e-01
6.970706e-01
3.555793e+00
2.009240e+00
1.982129e+00
4.202712e-01
1.847951e+00
2.523161e+00
1.144413e+00
1.466750e+00
1.828480e-01
1.769020e+00
5.884259e-01
2.018877e+01
7.148803e+00
1.195296e+00
1.383076e+00
3.157078e+00
1.815306e+00
2.686566e-01
8.161024e+00
9.835516e-01
2.596061e+00
1.088482e+01
2.494840e-01
8.335416e-01
1.448935e+00
7.101736e-01
1.784391e+00
2.629988e-01
5.801264e-01
1.592068e+00
8.188475e-01
3.595348e+00
1.508895e+00
3.217968e+00
7.776638e-01
2.982133e-01
5.283474e+00
6.439208e-01
3.790105e-01
6.434144e-01
3.353785e-01
1.009198e+00
1.492832e+00
3.986562e+00
1.962100e+00
1.135452e+00
1.351592e+00
2.054207e+00
4.469714e-01
7.266062e-01
2.423101e+00
3.281232e-01
5.476631e-01
3.440996e+00
1.440719e+00
3.086631e-01
5.553353e-01
6.592921e-01
5.198977e-01
1.752196e+00
1.062447e+00
2.660776e+00
5.702955e-01
3.446229e+00
1.155726e+00
2.527592e-01
1.146288e+00
7.932205e-01
3.074162e-01
2.908361e-01
2.230741e+00
4.493674e-01
2.134850e+00
4.340978e+00
6.631823e-01
2.980403e-01
1.637039e+00
8.418329e-01
1.227835e+00
1.002650e+00
7.986237e+00
8.617448e-01
1.228578e+00
1.278365e+00
5.050722e-01
1.998771e+00
8.025803e-01
1.354818e+00
1.459916e+00
4.566767e+00
7.677728e-01
1.538568e+00
6.891780e-01
3.355857e-01
1.831039e-01
3.006398e+00
6.199464e+00
7.072418e-01
2.693881e-01
8.510797e-01
8.752343e-01
1.748329e+00
1.262834e-01
4.764100e-01
4.292453e+00
5.361218e-01
4.475941e-01
8.223816e-01
4.661346e+00
5.288785e-01
9.603461e-01
4.705957e-01
3.858788e-01
4.443967e+00
2.905131e+00
9.493542e-01
1.414120e+00
1.260911e+00
5.424089e-01
2.099444e+00
1.071378e+00
1.462710e-01
3.770241e+00
2.615632e-01
6.555909e-01
1.929071e+00
3.740993e-01
4.465714e-01
6.969315e-01
3.713762e-01
2.311529e-01
1.874220e-01
3.161285e+00
5.094620e-01
3.170121e+00
1.866185e+00
1.225853e+00
7.099365e-01
2.850790e-01
4.341276e-01
3.907389e-01
2.858706e+01
2.536299e+00
8.013452e-01
9.075232e-01
3.906609e-01
1.420163e+00
1.942966e+00
1.531526e+00
4.337640e-01
5.973955e-01
3.406330e-01
2.610408e-01
6.285118e-01
1.002992e+00
5.210946e-01
7.597131e-01
3.389739e-01
9.024263e-02
1.108754e+00
1.407902e+00
1.293241e+00
1.462259e+00
5.490880e-01
3.815197e-01
1.072926e+01
1.164228e-01
3.372000e-01
5.206492e-01
1.877768e+00
5.450925e+00
2.174377e+00
8.959873e-01
1.177144e+00
6.893741e+00
1.669662e+00
1.913254e+00
5.293555e-01
7.886100e-01
5.063337e-01
3.578075e-01
5.805848e+00
4.744006e-01
4.073618e-01
9.617933e+00
2.526313e+00
6.726859e-01
1.929956e+00
3.348280e+00
1.129708e+00
2.509594e+00
2.034125e+00
2.123974e+00
5.308922e-01
9.301767e-01
3.831289e-01
8.416179e-01
1.547381e-01
1.586453e+00
1.270787e+00
1.784582e+00
2.894263e+01
1.235681e-01
6.060277e-01
6.805586e-01
4.597728e+00
1.142475e+00
2.169373e+00
5.854036e-01
3.138525e-01
1.003547e+00
2.159691e-01
7.461461e-01
8.007035e-01
1.790271e+00
1.700991e+00
2.448915e+00
3.109356e+00
4.668146e-01
7.956335e+00
2.081019e+00
9.231611e-01
4.844103e-01
1.318358e+00
1.278670e+00
6.392413e+00
6.880076e-01
1.815789e+00
1.490892e+00
2.533761e-01
3.211673e+01
8.396474e-01
3.229450e-01
5.441112e-01
1.084900e+00
2.060173e-01
3.170676e-01
3.408978e-01
4.739008e-01
1.942957e-01
5.964987e+00
1.225559e+01
2.765772e+00
1.604728e+00
2.830427e-01
7.806162e-01
4.164489e-01
1.178474e+00
1.287323e+00
2.504057e-01
7.045135e-01
1.659201e+00
3.631781e+00
8.678798e-01
5.023997e-01
2.399215e+00
8.925786e-01
2.621605e-01
6.692493e-01
2.749303e+00
4.245159e-01
1.446730e+00
4.749167e-01
1.315695e+01
1.014726e+00
1.092481e+00
2.613206e-01
3.577956e-01
4.443644e+00
3.326552e-01
7.808818e-01
7.332709e-01
1.207818e-01
1.444277e+00
1.816118e+00
6.924362e-01
2.592799e+00
2.423778e+00
1.479562e+00
3.064818e+00
7.419962e-01
7.975339e-01
6.034845e-01
1.086848e+00
1.794779e+00
1.059887e+00
2.450477e-01
1.284039e+00
1.049706e+00
1.534109e-01
5.101796e-01
2.678713e+00
4.510703e-01
4.912763e+00
1.696935e+00
5.041516e+00
5.873210e-01
1.202443e+00
1.423644e-01
1.358042e+00
2.810707e+00
7.945797e-01
3.014378e+00
2.788639e-01
1.461318e+00
1.038522e+00
1.147018e+00
7.393944e-01
1.807098e+00
2.387905e-01
9.086463e-01
1.904996e+00
2.228564e+00
2.048610e-01
2.584850e-01
1.503903e+00
7.419716e-01
1.728351e+00
2.997423e-01
6.059123e-02
1.949153e+00
9.214925e-01
4.917663e-01
2.135785e+00
8.802533e-01
1.142217e+00
1.013616e+00
7.116144e-01
8.221871e-01
5.656759e-01
1.913035e+00
2.651667e-01
2.864804e+00
8.895073e-01
3.687258e+00
8.093000e-01
1.509846e+01
8.694728e-01
4.656656e-01
4.910069e-01
3.331196e+00
1.300869e+00
2.089578e-01
1.081378e+00
1.112148e+01
3.019662e+00
1.068807e+00
6.387426e-01
5.034675e-01
4.259624e-01
5.255726e-01
3.629769e+00
1.648214e+00
5.704811e-01
8.640369e-01
7.996344e-01
9.307357e-01
4.853812e-01
8.843692e-01
3.449590e+00
4.894462e-01
9.479199e-01
2.674356e+00
2.216080e-01
5.168569e-01
1.641298e+00
1.067294e+00
1.295637e+00
3.610672e+00
6.998696e-01
1.925197e+00
4.605168e+00
1.232385e+00
2.162412e-01
3.112876e+00
2.881720e-01
6.121557e-01
5.982939e-01
2.702756e-01
2.234993e+00
2.254244e+00
6.791982e-01
9.773560e-01
6.871344e-01
3.884059e-01
1.285738e+00
2.173172e+00
7.446889e-01
3.416331e+00
1.608350e+00
1.776314e+00
1.210747e+00
3.518423e-01
2.696750e-01
1.387532e+00
4.013665e-01
2.403233e-01
7.486045e-01
4.395811e-01
5.223477e-01
3.133925e+00
3.299912e+00
1.302212e+00
4.337852e-01
3.204293e-01
1.004505e-01
1.924465e+00
4.887242e-01
1.377522e+00
1.268415e+00
3.823610e-01
1.151542e+00
6.095624e-01
6.744655e-01
6.217408e-01
7.890858e-01
8.170980e-01
3.078125e+00
3.406348e-01
4.782334e+00
2.080759e+00
2.520994e+00
1.043182e+01
8.344514e+00
1.336782e+00
7.214991e-01
5.701576e+00
6.313982e-01
4.079023e-01
2.844589e+00
3.257163e+00
4.926211e-01
7.301987e-01
6.528937e-01
7.954058e-02
7.400498e-01
2.575626e-01
2.315553e-01
2.474918e+00
1.807196e+00
1.163710e+00
4.159582e-01
9.827999e-01
1.141244e+00
2.927324e+00
5.333504e+00
5.467501e-01
7.500243e-01
1.197782e+00
1.128644e-01
4.355667e+00
1.452498e+00
1.898421e+00
1.028795e+00
2.734394e+00
1.198508e+00
6.320483e-01
2.013601e+00
3.331162e-01
4.079080e+00
7.518674e-01
4.948568e-01
2.443768e+00
8.918038e-01
1.308706e+00
4.252321e-01
2.458813e+00
5.302946e+00
9.391291e-01
6.322799e-01
7.494029e-01
3.185723e+00
6.335758e-01
4.638898e-01
6.605560e-01
3.594285e-01
1.576219e+00
8.967359e-01
5.220225e-01
3.110940e-01
2.733700e+00
7.147899e-01
1.614587e+00
3.736646e+00
9.098146e-02
1.167713e+00
1.055015e+00
2.049608e-01
5.854168e-01
1.884097e-01
2.246471e+00
3.766839e-01
1.335558e+00
1.442101e+00
1.216249e+00
4.067129e-01
1.613087e-01
5.701694e-01
1.648323e+00
1.110170e+00
2.889265e+00
4.680109e-01
4.772222e-01
5.782720e-01
1.737528e+00
2.059787e-01
9.777616e-01
2.082071e+00
1.412515e+00
9.073498e-01
1.735648e+00
3.825507e-01
1.614133e+00
6.853776e-01
8.250530e-01
1.293497e+00
4.012134e-01
2.411447e+00
1.522708e-01
1.987039e-01
1.026586e+00
5.049026e-01
1.105266e+00
1.208253e+00
7.264686e-01
2.277657e+00
1.339487e+00
3.414197e-01
3.337514e-01
9.881281e-01
4.881115e-01
1.012148e+00
2.397686e-01
3.038165e+00
1.008096e+01
3.119491e-01
2.580585e+00
5.747566e+00
5.523865e-01
1.329661e-01
3.831530e-01
9.706120e-01
1.616140e-01
1.248129e+00
3.424993e-01
6.141281e-01
3.223819e-01
4.496591e-01
1.565896e+00
1.142857e+00
6.793231e+00
7.360352e-01
2.208225e-01
1.354180e+00
1.037864e+00
4.921043e-01
5.447420e-01
8.317909e-01
5.058852e-01
1.498335e+00
8.819764e-01
1.281482e-01
1.545090e+00
5.832383e-01
1.780999e+00
6.676327e-02
4.138641e-01
2.265709e+00
6.677349e-01
2.183103e+00
7.756989e-01
5.809003e-01
9.910512e-01
1.542351e+00
4.979424e-01
4.074129e+00
4.215451e-01
8.931022e-01
3.322968e+00
1.269308e+00
1.158455e+00
7.418951e-01
9.996401e-01
8.836607e-01
1.989699e-01
5.994629e-01
1.004030e+00
1.947111e+00
7.304900e-01
1.780350e-01
6.329632e-01
3.634819e-01
1.044180e+00
2.608113e+00
1.990732e+00
2.122298e+00
1.253836e+00
5.481023e-01
4.348060e-01
6.901417e+00
1.149517e+00
1.541983e+00
1.081807e+00
2.338999e+00
8.138277e-01
3.602072e-01
2.696241e-01
1.710766e-01
1.282980e+00
2.066940e+00
3.427687e+00
1.140087e+00
1.243705e+00
6.388182e-01
5.255630e-01
2.045604e+00
9.880394e-01
4.081735e-01
1.759719e+00
2.198029e+00
7.368743e-01
2.372795e-01
2.451477e-01
2.694895e-01
2.950983e+00
5.846865e+00
6.523136e-01
2.460344e+00
7.541392e+00
4.212364e-01
3.649111e-01
3.509350e-01
2.969827e+00
6.471734e-02
1.220387e+00
6.077734e-01
1.835764e-01
8.320567e-01
1.744732e-01
4.489303e-01
6.513435e-01
4.898632e-01
3.133357e+00
2.745805e+00
5.032147e-01
2.129414e+00
1.344413e+00
6.780267e+00
1.089885e+00
2.868958e-01
2.708186e-01
2.513267e+00
1.283166e+00
1.093815e+00
3.079856e+00
8.844752e-01
3.654299e+00
1.993129e+00
1.026502e+01
4.755540e-01
3.196996e+00
6.780800e-01
7.466496e-01
3.514613e-01
9.603642e-01
5.210907e-01
3.806579e-01
5.528309e-01
5.695455e-01
8.521127e-01
1.029410e+01
8.884157e-01
9.383392e-01
4.610959e+00
1.974677e-01
1.049695e+00
2.489009e+00
1.124748e+00
5.596582e-01
7.635924e-01
6.788861e-01
2.135500e-01
5.135182e-01
3.403850e-01
2.296477e+00
8.648597e-01
1.173039e-01
9.957129e-01
2.818361e+00
1.097046e+00
2.591508e+00
5.990813e-01
1.136957e+00
1.110653e+00
8.855775e-01
1.247024e-01
1.201643e+00
1.020694e+00
2.910604e+00
2.559808e+00
1.012201e+01
6.018274e+00
1.039362e+00
6.900048e-01
9.950584e-01
1.580468e+00
2.971295e+00
6.815240e+00
1.730937e+00
6.251916e-01
2.463037e-01
6.321262e+00
2.134937e+00
5.016026e-01
2.011166e+00
5.401442e-01
1.353697e+00
6.574777e-01
5.181406e-01
5.958403e-01
2.724280e+00
1.665450e+00
2.328007e-01
1.088306e+00
3.122568e+00
4.277067e-01
9.768490e-01
3.729418e+00
7.853714e+00
8.791220e-01
2.969164e+00
9.543320e-01
7.690836e-01
3.712134e+00
2.490123e-01
6.433794e-01
2.362476e+00
2.825958e+00
1.298620e+00
2.434995e+00
5.308549e-01
2.527657e+00
9.053261e-01
6.876637e-01
7.090676e-01
1.172696e+00
1.714028e-01
5.620183e-01
1.595937e+00
1.080879e+00
2.358103e+00
5.589580e-01
8.158284e-01
3.921140e-01
1.020836e+00
1.221010e+00
5.265323e-01
5.334815e-01
1.426563e+00
1.702719e+00
3.068240e-01
1.485182e+00
1.052953e+00
1.156532e+00
1.029913e+00
1.333102e+00
1.215864e+00
2.547519e-01
1.167571e+00
1.000772e+00
4.147464e-01
2.262096e+00
5.799799e-01
6.177795e-01
3.359088e+00
2.701906e+00
1.824282e+00
6.336889e+00
2.772143e-01
3.545681e+00
5.025478e-01
1.745511e+00
8.411750e-01
1.078832e+00
2.576301e+00
1.531359e+00
1.445522e+00
1.889871e+00
3.324951e-01
3.106496e-01
1.343973e+00
1.212255e+00
4.645722e+00
1.435858e+00
1.468916e+00
1.634662e+00
2.029838e+00
1.697444e+00
6.578893e+00
4.088564e-01
2.328187e-01
2.867269e+00
7.023197e-01
9.364119e-01
1.492109e-01
8.851365e-01
3.239612e-01
2.606564e-01
2.073523e-01
1.276048e+00
2.194542e+00
6.525859e-01
3.613013e+00
1.876464e+00
1.437628e+00
5.169980e-01
1.143685e+00
1.444140e-01
3.492700e-01
5.332145e-01
9.721712e-01
7.700529e-01
1.163226e+00
9.426946e-01
1.945040e+00
1.686914e-01
1.221418e+00
1.118864e+00
6.860786e-01
4.375240e-01
9.155960e-01
1.225345e+00
2.477213e+00
7.369158e-01
2.372443e-01
3.560001e-01
1.993835e+00
3.374384e-01
1.399842e+00
3.600445e+00
2.114143e-01
4.895494e-01
1.803922e+00
2.484846e-01
1.284163e+00
2.839760e+00
1.551591e+00
2.917930e+00
1.018388e+00
3.274878e+00
1.957550e+00
1.831264e+00
6.204497e+00
3.426187e-01
5.123352e-01
1.809803e+00
2.203336e+00
1.884106e-01
4.379529e-01
1.031384e+00
1.562585e+00
9.833491e-01
2.215715e+00
4.224408e-01
2.034120e+00
6.199948e-01
1.630023e+00
2.261176e+00
3.103758e-01
9.519550e-01
1.529972e+00
6.093828e-01
6.524418e-01
9.616636e-01
2.455165e+00
1.936297e-01
9.013820e-02
5.450194e-01
8.002505e-01
1.208228e+00
3.476511e+00
5.734924e-01
4.170656e-01
5.280616e+00
3.352164e-01
2.756325e+00
2.416982e+00
2.076747e+00
6.853500e-01
4.571670e-01
2.208863e+00
2.958536e+00
7.276780e-01
5.294259e-01
1.656449e+00
2.012211e+01
5.525278e-01
3.003004e-01
1.902816e-01
9.425052e-01
4.478515e-01
1.078745e+00
1.031240e+00
1.874291e+00
1.174532e+00
6.821082e+00
2.148304e-01
2.957130e+00
6.475681e-02
4.727981e+00
8.207507e-01
6.002419e+00
5.074280e-01
6.059255e+00
9.070820e-01
1.689234e-01
1.466732e+00
1.404497e-01
4.219121e-01
6.014434e-01
2.677568e-01
1.043139e+00
6.128597e-01
2.011828e-01
3.208374e-01
8.394575e-01
9.629018e+00
2.005298e+00
1.773856e-01
1.497167e+00
3.601367e-01
2.643061e+00
3.693307e-01
5.420697e+00
1.543947e-01
2.827576e-01
4.359572e+00
1.654086e-01
9.672549e-01
1.635670e-01
8.177289e-01
1.595088e+00
1.316885e+00
3.959512e+00
1.257908e+00
1.681951e-01
5.984767e-01
1.108951e-01
7.158327e-01
5.797199e-01
1.105179e+00
1.432470e+00
1.111987e+00
1.270034e+00
1.701176e-01
1.232757e+00
1.059507e+00
1.055671e+00
1.700451e+00
8.097279e-01
1.227777e+00
5.720118e+00
2.998769e-01
1.540245e+00
1.365687e+00
1.704767e+00
1.212868e+00
6.219699e-01
1.839253e+00
3.142813e+00
1.785921e+00
5.781550e-01
1.290145e+00
1.004114e+00
8.967334e-01
6.808797e+00
1.247835e-01
9.410605e-01
3.341437e-01
1.048047e+01
5.566874e-01
8.762401e+00
8.087098e-01
6.969014e-01
6.086338e+00
1.598156e+00
8.272288e-01
1.088611e+00
6.794711e-01
1.080560e+00
3.500174e+00
1.836638e+00
1.329979e+00
1.260670e+00
1.753436e+00
1.115900e+00
1.612667e+00
3.223798e+00
1.752218e+00
5.425454e+00
3.124535e-01
4.635918e-01
6.424779e-01
2.267571e+00
2.814066e+00
2.660423e-01
7.915007e-01
5.127606e-01
2.400443e+00
1.556241e+00
1.154536e+00
3.235413e-01
4.768136e-01
2.100538e+00
7.442487e-01
6.635633e+00
5.687763e-01
1.186717e+00
1.913626e+00
6.236299e-01
6.555863e-01
6.007346e-01
4.528422e+00
7.991234e-01
1.424030e-01
2.970262e+00
1.317111e+00
3.239238e-01
2.862050e-01
6.403065e-01
2.346970e+00
3.866054e-01
8.791919e-01
1.220093e+00
4.763465e+00
1.741215e+00
1.420167e+00
8.290730e-01
5.451676e-01
1.848516e+00
1.975752e+00
4.027066e-01
6.725525e-01
3.812343e-01
1.407361e+00
6.519652e-01
3.222933e+00
8.262468e-01
1.413335e+00
2.066194e+00
1.606278e+00
5.864895e-01
9.659946e-01
2.755046e-01
1.805755e+00
9.964572e-01
2.177896e+00
1.249299e+00
1.066422e+00
1.239165e+00
1.189813e+00
1.141936e+00
3.174761e-01
3.465655e+00
3.947653e-01
1.913219e+00
2.038415e+00
4.619358e+00
1.082424e+00
1.672203e+00
1.729936e+00
7.928587e-01
3.375173e-01
4.726029e-01
2.689142e-01
2.162601e+00
3.394972e+00
5.467722e+00
1.361848e+00
4.754403e+00
1.616987e+00
2.037744e+00
1.048457e+00
2.015476e+00
2.278504e+00
1.920879e+00
1.318679e+00
6.238421e-01
2.456643e+00
4.240120e-01
5.815804e-01
2.159760e-01
9.521758e-01
1.628326e+00
1.812694e+00
3.507708e-01
2.269758e+00
6.407198e-01
2.122487e+00
8.203956e-01
7.406566e-01
8.415478e+00
9.402643e-01
3.935865e-01
5.509018e-01
1.179415e+00
8.735322e-01
5.486642e-01
7.814553e-01
5.047079e+00
1.084782e+00
1.553553e+00
1.176692e-01
1.950870e-01
2.934849e+00
1.883815e+00
4.224619e+00
1.748022e-01
1.611070e+00
8.096981e+00
1.632542e-01
3.157711e+00
1.746915e+00
1.927263e+00
6.869837e-01
8.642963e-01
6.886424e-01
1.002150e+00
4.324774e+00
4.090738e-01
1.967098e+00
1.043198e+00
7.016887e-01
2.357417e+00
1.144808e-01
5.888084e-01
4.525857e+00
9.778498e+00
3.363740e+00
2.448161e-01
3.074715e+00
2.884848e-01
2.703551e-01
1.822003e+00
5.860784e-01
2.089767e-01
1.193256e+00
7.094058e-01
1.230321e+00
4.559157e-01
1.864590e+00
3.788348e+00
2.066249e+00
2.313761e+00
1.695668e+00
6.973204e+00
9.667882e+00
2.222752e+00
6.391714e+00
1.155025e-01
1.124955e+00
4.091487e-01
1.850755e+00
6.458469e-01
5.840979e-01
3.430766e-01
2.164863e-01
5.334952e+00
1.418058e+00
3.287839e-01
2.098042e+00
1.842577e+00
3.570534e+00
6.205655e-01
3.995169e-01
2.356284e+00
1.133158e+00
4.785653e-01
4.717304e+00
1.282087e+00
2.742622e+00
2.978178e-01
6.681604e-02
8.410990e-01
3.052223e-01
3.439203e+00
1.567313e+00
4.677935e+00
1.854318e+00
3.459138e-01
1.538201e+00
5.263001e-01
5.523329e-01
8.901302e-01
1.411212e+00
7.773223e-01
4.868840e+00
1.544853e+00
2.113006e-01
2.653661e+00
1.595366e+00
2.530250e-01
1.835827e+00
2.037789e+00
6.214587e-01
1.172469e+00
1.879985e+00
4.294506e+00
2.218490e+00
4.989558e-01
7.803713e-01
4.218160e-02
8.961509e-01
8.888515e-01
5.789059e-01
1.553602e+00
2.500351e+00
4.035668e-01
4.286379e-01
1.039313e+00
1.092191e+00
3.067475e+00
2.538919e-01
1.430272e+00
4.870949e+00
1.213251e+00
5.349089e+00
8.628466e-01
1.373713e+00
2.844837e-01
1.782271e+00
4.849897e-01
2.046319e+00
2.728075e-01
6.200946e-01
6.124490e-01
8.313435e-01
2.241239e+00
8.494856e-01
6.880799e-01
5.340836e-01
4.435141e-01
9.039014e-01
4.132532e-01
2.351628e+00
4.541217e-01
1.068307e+00
1.145895e+00
2.351101e+00
7.947091e-01
6.607026e-01
2.195868e+01
2.075914e+00
4.369386e-01
1.979598e+00
1.388198e+00
2.287935e+00
1.965893e-01
7.840604e+00
1.493569e+00
3.157911e-01
2.922010e+00
7.019626e-01
9.067844e-01
9.535730e-01
3.558428e-01
2.627516e-01
2.046414e-01
2.052899e+00
1.243460e+00
2.625170e+00
1.295238e+00
3.109551e-01
4.610826e+00
5.108368e+00
1.314062e+00
1.590557e-01
3.774480e+00
2.132467e+00
4.813474e-01
2.920591e+00
3.634742e+00
1.555236e-01
3.039675e-01
4.240337e-01
3.565694e-01
1.434471e+00
1.701078e+01
3.719198e-01
1.223677e-01
5.377246e-01
1.518667e+00
3.465443e-01
2.877233e+00
1.909717e-01
4.081154e-01
1.937214e-01
2.555163e+00
1.575574e+00
1.368687e+00
3.124284e-01
2.812350e+00
4.137606e-01
1.548864e+00
1.339926e+00
3.299307e-01
6.759008e-01
1.877488e+00
2.652326e-01
2.853769e-01
2.261521e+00
8.365488e+00
3.897711e-01
4.694498e+00
4.535378e-01
1.112935e+00
1.229599e+00
9.445182e-01
1.932057e+00
2.166250e+00
7.442405e-01
1.775702e+00
5.107320e-01
9.385929e-01
2.005536e+00
6.763932e-01
1.001545e+00
2.377238e+00
1.356679e+00
2.117076e+01
4.192429e+00
5.458299e-01
1.161830e-01
2.664523e-01
1.132600e+00
1.916301e+00
8.514883e-01
2.268849e-01
6.587628e-01
1.490662e+00
9.261855e-01
4.626174e-01
2.412695e-01
2.795521e+00
4.761519e+00
9.419026e-01
9.895665e-01
4.586409e+00
1.408250e+00
1.303111e+00
3.645585e+00
3.815479e-01
3.371405e-01
6.892202e-01
1.511280e-01
1.208538e+00
3.516402e-01
7.154153e-01
4.225299e-01
1.351832e+00
2.151010e+00
1.487192e+00
2.549337e+00
1.600196e+00
4.529481e-01
6.832735e-01
1.164660e+00
1.010539e+00
1.970307e+00
1.747517e-01
1.232510e+00
7.204088e-01
8.711162e-01
1.864562e+00
1.610757e+00
2.811494e-01
1.293801e+01
1.543675e+00
2.461526e+00
6.063351e+00
9.457096e-01
1.140463e+00
1.181880e+00
4.493032e-01
1.740821e+00
2.805657e+00
3.897489e-01
1.025315e+00
5.781443e-01
4.114796e+00
1.814040e+00
2.658508e-01
4.566292e+00
2.647836e-01
1.970474e+00
2.117914e-01
5.537613e-01
7.880448e-01
4.369686e+00
9.075364e-01
1.722361e+00
1.474163e+00
1.183029e+00
1.892584e+00
3.720937e-01
1.301981e+00
1.496280e+00
2.929953e+00
2.685821e+00
1.057731e+00
1.751382e+00
2.608056e+00
2.509088e+00
2.421552e+00
2.235370e+00
1.753072e-01
1.294037e+00
3.590435e-01
7.995959e-01
5.375566e-01
3.608678e-01
1.054574e+00
1.115279e+00
4.719591e-02
2.674106e-01
5.986688e+00
4.283752e+00
2.669734e-01
1.786903e+00
5.415419e-01
1.421587e+00
5.083390e-01
5.514478e-01
7.058651e+00
2.242358e+00
4.749559e-01
2.887621e-01
2.704444e+00
9.376029e-01
3.206204e+00
3.246155e-01
1.519016e+00
7.450485e-02
4.947135e+00
4.236700e-01
9.095739e-01
1.858202e+00
1.061897e-01
1.601214e+00
7.818415e-01
7.023806e-01
8.999008e-01
6.974988e-01
7.948070e-01
1.268640e+00
2.145963e-01
2.466551e+00
1.447676e+00
2.985253e+00
5.727704e-01
9.201693e-01
2.956969e+00
1.895260e+00
1.112103e-01
4.052706e-01
2.510444e+00
3.561356e-01
1.399426e+00
1.409676e-01
4.412710e+00
9.335361e-01
7.839943e-01
1.376504e-01
4.051679e+00
1.543941e-01
4.722243e-01
1.287621e-01
8.748936e-01
9.710282e-02
1.339528e-01
4.816701e-01
2.886171e+00
3.133797e-01
8.386917e-01
1.746364e+00
5.250405e-01
2.205583e+00
8.650958e-01
1.223217e+00
5.713869e+00
2.907068e+00
8.109276e-01
9.719997e-01
6.704752e-01
3.956530e+00
5.170919e+00
2.341042e+00
2.900919e-01
4.212190e+00
5.935001e-01
2.598597e+00
4.563031e-01
1.423687e+00
4.600551e+00
1.181643e+00
9.236872e-01
2.130318e+00
8.480206e-01
8.096992e-01
3.235238e-01
1.332544e+00
4.906542e-01
5.973884e-01
1.062213e+01
4.358105e+00
1.605411e+00
2.005844e-01
5.012564e-01
1.227794e+00
1.835010e+00
1.493962e+00
1.181607e+00
1.156050e+00
4.348427e+00
1.396012e+00
4.435611e+00
4.111857e-01
1.067501e+00
1.876900e+00
6.504351e-01
3.722682e-01
1.086844e+00
2.311877e-01
3.078527e-01
8.475517e-01
2.658495e+00
2.564557e+00
2.766985e+00
3.549017e+00
4.529492e-01
1.876630e+00
8.075307e-01
5.189453e-01
8.758371e-02
2.484621e+00
3.638971e+00
8.206476e-01
4.858067e-01
1.651966e+00
4.358604e+00
3.180221e-01
1.562414e+00
3.206536e-01
1.201452e-01
4.905187e-01
1.205252e+00
1.042294e+00
1.763532e+00
6.895074e-01
1.274654e+00
9.451654e-02
2.446210e-01
6.053314e-01
2.866244e+00
6.483488e-01
2.967539e+00
8.521453e-01
1.651090e+00
2.489359e-01
4.975943e-01
1.938411e+00
4.397351e-01
1.954413e+00
2.093990e-01
2.982772e+00
5.011790e-02
7.174148e-01
2.545900e+00
1.276241e+00
1.378839e+00
1.455346e+00
1.520038e+00
2.133930e-01
2.211324e+00
6.964510e-01
2.590446e-01
7.344479e+00
4.859116e-01
7.554442e-01
1.305189e+00
1.187201e+00
1.610315e+00
6.957859e+00
1.375930e+00
1.496808e+00
8.337901e-01
5.039413e-01
1.579858e+00
5.986899e-01
4.562100e-01
1.700827e+00
5.750685e-02
1.748614e+00
3.050179e-01
3.297551e+00
1.321858e-01
1.007156e+00
1.140474e+00
2.580490e-01
2.111819e+00
3.889908e-01
2.446535e-01
1.062350e+00
7.480646e-01
3.514191e+00
3.414568e+00
1.250343e-01
3.228959e-01
2.463200e+00
4.889285e-01
2.808721e+00
1.158767e+00
5.268436e-01
4.364170e-01
7.953023e-01
2.918559e+00
3.743327e+00
7.913854e-01
6.841247e-01
2.251153e+00
1.772161e-01
7.519580e+00
4.891969e-01
2.545190e-01
1.405991e+00
1.183079e+00
1.807244e+01
8.593516e-01
2.362071e+00
1.030675e+00
2.139020e+00
3.227985e-01
7.304898e-01
9.155413e-01
1.484731e+00
9.241435e-01
4.620013e-01
1.520689e+00
6.570477e-01
4.526516e+00
9.568390e-01
6.129350e-01
2.370144e-01
1.247520e+00
4.709258e+00
1.955853e+00
2.562980e+00
3.705343e-01
1.309482e+00
8.952295e-01
2.153463e-01
5.075986e-01
2.501794e+00
1.194716e+00
7.275153e-01
1.946755e+00
4.694241e-01
3.223205e-01
2.457056e+00
4.007758e-01
6.042668e-01
3.422036e-01
6.840544e-01
2.240190e+00
2.110974e+00
7.464742e-01
1.172885e+00
1.558505e+00
6.329550e-01
2.009265e-01
4.153965e-01
4.430998e-01
1.229826e-01
6.061035e-01
9.636674e-01
1.301943e+00
1.285037e+00
9.257280e-01
8.949202e-01
1.428009e+00
1.096708e+00
6.036606e+00
1.251075e+00
2.684298e+00
7.567538e+00
2.937312e-01
1.165772e+00
2.231687e+00
4.655882e+00
6.345476e-01
4.176654e-01
8.303194e-01
2.763971e-01
6.606341e-01
1.036184e+00
9.246282e-01
7.494584e-01
3.978415e+00
1.902158e+00
1.079789e+00
9.264279e-01
5.372051e+00
7.707455e-01
5.656452e+00
4.931601e-01
2.223381e+00
8.887070e-01
1.325807e+00
3.514569e-01
8.658364e-01
8.712644e-01
2.717241e+00
5.719359e+00
2.476878e-01
3.599988e+00
2.214367e+00
1.092016e-01
8.132013e-01
1.301779e+00
1.514822e+00
4.813179e-01
5.537406e-01
6.122254e-01
1.871536e+00
2.454875e-01
1.063245e+00
6.534232e+00
2.220994e+00
2.133926e-01
8.122775e-01
3.207139e+00
9.850584e-01
1.195773e+00
2.146229e+00
3.041542e+00
5.277407e-01
1.101880e+00
1.664394e-01
2.279423e+00
3.216198e-01
4.954739e-01
2.345248e-01
8.864986e-01
1.848489e-01
1.250568e+00
1.427880e+00
2.491914e+00
5.881159e-01
4.681086e-01
2.205942e-01
3.226790e-01
2.034288e+00
1.289645e+00
4.940266e+00
3.036354e+00
2.198129e+00
2.610509e-01
2.852625e+00
6.887019e-01
1.517276e+00
2.903185e-01
1.643372e-01
1.143605e+00
4.858806e-01
2.996211e+00
4.408237e-01
1.755555e-01
6.891811e-01
8.258077e-01
2.036876e+00
1.823188e+00
3.542881e-01
1.887618e+00
1.586796e-01
7.498841e-01
7.066487e-01
9.642711e-01
8.498141e-01
2.747858e+00
5.322357e-01
6.712899e-01
1.887100e+00
1.533566e-01
7.668428e-01
1.101820e+00
1.729308e+00
3.673122e-01
3.126013e+00
1.473331e+00
2.467251e-01
8.395071e-01
6.786986e+00
9.991095e-01
7.973286e-01
5.861776e-01
8.240232e-01
1.568826e+00
5.680541e-01
6.530420e-01
4.258741e-02
2.992370e+00
7.823928e-01
3.587237e-01
5.506938e+00
2.508441e+00
3.734052e+00
2.768614e+00
3.338187e+00
5.109536e+00
2.007450e+00
2.240545e+00
1.438724e+00
1.188009e+00
1.264175e-01
5.300409e-01
1.014850e+01
1.899880e-01
4.380836e-01
5.364126e-01
1.721818e+00
1.681958e+00
2.508524e+00
1.896031e-01
4.636541e-01
9.736441e-01
1.125580e+00
1.335681e-01
6.152360e-01
1.555766e+00
3.707899e-01
1.127027e+00
9.393497e-01
2.089042e+00
4.765340e+00
4.001738e-01
2.178694e+00
2.671375e-01
3.631666e-01
5.758090e-01
7.463726e-01
2.942561e-01
6.237089e-01
1.143967e+00
1.106797e-01
8.005792e-01
6.525190e-01
8.754523e-01
2.038806e+00
3.926039e+00
1.211421e+00
8.672517e-01
1.724793e+00
1.520834e+00
4.495845e-01
1.263466e+00
9.027743e-01
1.474138e+00
1.081331e+00
2.965089e-01
9.005819e-01
4.270288e-01
5.363478e-01
1.235764e+00
2.263406e+00
1.968245e+00
1.249003e+00
1.111471e+00
2.786979e-01
4.183706e-01
4.234307e+00
1.016958e+00
1.191913e+00
5.534719e+00
2.929494e-01
1.036860e+00
1.841793e+00
1.301923e+00
3.698321e-01
1.177227e+00
6.205806e-01
1.426387e+00
9.250004e-01
1.064261e+00
2.753173e-01
8.760462e-01
2.074472e+00
3.461767e-01
2.852106e+00
1.789655e+00
9.487125e-02
1.629737e-01
1.944197e+00
1.462712e+00
5.066771e-01
3.510758e-01
7.559516e-01
1.121459e+00
2.866823e-01
4.761657e+00
1.414554e+00
1.334063e-01
2.169806e-01
4.748017e-01
3.285142e+00
1.424890e+00
7.421821e-01
3.892843e-01
8.831042e-01
6.769962e-01
8.618393e-01
2.287829e+00
3.062625e+00
2.510470e+00
4.601426e-01
9.830554e-01
8.890877e-02
9.930971e-01
1.301363e+00
2.011769e-01
3.691656e+00
1.450011e-01
1.048366e+00
1.392531e+00
4.508115e+00
3.773689e-01
1.621219e+00
8.445341e-01
3.580107e-01
8.644387e-01
2.073069e+00
5.579306e+00
8.129622e+00
9.525152e-01
2.314227e+00
1.772922e+00
2.289823e+00
7.453003e-01
1.568706e+00
1.042105e+00
7.754545e-01
3.348867e-01
1.096963e+00
2.887883e-01
1.546712e+00
1.260540e+00
1.757825e+00
2.338069e-01
3.407629e-01
2.066765e+00
1.925343e+00
2.433258e+00
3.362110e+00
2.102105e+00
1.122530e+00
5.811443e+00
4.380467e-01
7.717670e-01
2.884551e-01
2.910366e-01
3.763755e+00
1.562637e+00
7.846914e-01
4.923470e-01
7.160177e-01
1.459235e-01
4.532215e+00
2.034445e+00
5.182961e-01
2.936842e-01
1.306962e-01
1.846936e+00
3.681562e+00
3.428719e+00
1.138719e+00
6.192562e-01
2.856803e+00
4.548313e+00
4.338624e-01
3.830865e+00
2.264887e-01
4.169526e-01
1.549716e-01
1.884988e+00
7.504981e-01
1.079159e-01
5.770389e-01
6.056316e-01
4.734610e+00
1.437081e+00
2.467508e+00
2.561191e+00
9.851771e-01
1.014512e+00
6.141008e-01
6.424756e-01
1.384663e+00
3.896864e-01
1.710121e+00
4.503894e-01
1.118266e+00
1.858175e+00
4.677538e+01
6.616677e-01
1.566850e+00
1.729525e+00
2.368721e+00
3.482972e-01
1.267597e+00
3.573664e+00
2.760562e-01
5.013199e-01
8.833504e-02
1.970119e+00
7.229523e+00
3.603261e+00
9.724966e-01
8.478852e-01
2.274745e-01
3.486845e+00
7.662101e-02
7.728886e-01
1.406898e+00
7.871586e-01
4.501202e+00
2.267426e+00
1.381504e+00
1.178604e+00
4.531070e-01
3.970279e+00
9.597232e-01
6.220532e-01
7.822358e-01
5.045441e-01
3.333105e-01
2.248383e-01
1.057017e+00
1.650652e+00
2.153532e+00
2.457357e+01
4.647656e-01
3.218827e+00
2.789579e-01
1.149267e+00
6.365736e-01
4.105272e-01
2.370277e-01
9.212693e-01
6.659197e-01
1.019262e+00
6.410051e-01
1.058378e+00
5.908483e-01
7.429183e-01
1.992773e+00
1.147009e+00
4.994298e-01
6.255392e-01
6.504812e-01
3.431799e+00
1.145660e+00
8.712226e-01
8.410514e-01
1.816383e-01
2.911635e+00
3.214877e-01
3.750510e+00
8.105386e-01
8.199297e-01
4.542177e+00
3.921578e-01
3.990982e+00
9.657382e-01
6.082806e-01
6.319910e-01
3.067140e-01
7.434932e-01
6.884262e-01
4.191439e+00
2.068720e-01
3.773373e+00
1.810495e+00
7.259741e-01
4.573696e-01
3.672653e-01
1.872570e+00
1.654872e-01
1.074874e-01
3.687900e-01
5.647487e+00
2.175780e+01
3.294612e+00
7.688477e-01
7.677493e-01
1.538382e+00
4.105214e+00
8.102610e-01
3.216913e-01
3.210942e-01
3.544674e-01
1.381336e+00
8.681751e-02
1.297402e+00
3.736189e+00
2.295330e-01
1.184377e+00
3.874074e-01
3.307133e-01
5.107949e-01
2.780422e-01
1.173206e+01
2.293302e-01
8.363843e-01
4.403361e-01
4.578615e-01
5.204048e+00
1.935026e+00
2.716307e-01
2.063438e-01
1.154744e+00
9.947964e-01
1.113397e-01
1.121323e+00
1.370173e+00
1.507719e+00
4.120159e-01
3.479239e-01
6.251552e-01
3.890796e-01
2.483987e+00
7.229578e+00
2.413559e+00
3.323399e-01
1.264465e+00
2.976066e+00
2.675537e+00
6.425023e-01
1.166550e+00
5.584412e-01
1.412636e+00
2.782805e-01
1.224042e+00
1.760710e+00
2.699543e+00
2.285195e+00
1.879869e+00
8.248172e-01
3.149624e-01
3.339286e+00
7.896416e-01
1.758105e+00
3.989165e-01
3.162772e+00
2.813741e+00
2.320020e-01
3.027500e+00
1.369365e+00
2.191104e-01
1.093978e+00
4.145476e-01
8.728403e-01
6.014107e-01
1.677841e+00
3.031355e+00
3.119107e+00
9.019708e-01
1.189852e+00
5.347892e-01
2.021493e+00
2.875883e-01
6.176753e-01
1.536436e+00
4.585721e-01
4.754326e-01
5.182452e-01
3.870269e+00
5.720503e-01
8.248993e-01
7.886096e-01
7.580076e-01
1.798512e+00
3.250196e+00
2.343344e+00
8.676259e-02
1.985344e-01
1.142755e+00
1.789874e-01
6.653035e-01
1.566201e+00
6.495449e+00
4.828350e+00
1.048804e-01
8.567245e+00
3.477425e+00
4.242345e-01
9.277268e-01
2.791617e-01
3.748323e-01
1.959535e-01
4.675977e-01
2.209257e+00
8.008536e-01
3.263762e-01
1.868607e+00
1.450218e+00
1.489006e+00
1.916178e+00
2.565090e-01
2.908888e-01
7.912938e-01
3.673287e-01
9.481739e-01
4.399207e-01
5.134002e-01
2.217546e+00
4.245184e-01
2.174292e+00
7.487867e-01
6.458338e-01
5.616162e-01
7.642969e-01
2.316134e+00
3.819784e+00
5.806882e-01
1.077587e+00
6.799006e-01
6.919969e-01
1.983747e+00
2.335333e+00
1.268784e+00
3.397454e-01
1.117906e+00
2.116856e-01
2.479072e-01
1.399551e+00
1.844119e+00
3.970473e+00
1.225408e+00
3.857743e-01
1.378460e+00
9.803513e-01
2.407720e-01
7.875522e-01
1.102289e+00
1.901182e+00
3.600513e+00
2.074244e-01
1.677641e+00
3.926331e+00
8.264558e-02
1.097632e+00
1.981688e+00
2.828165e+00
2.241668e-01
1.878006e-01
1.513439e+00
1.090595e+00
6.668790e-01
1.964112e+00
3.035820e+00
3.966943e+00
6.147972e-01
8.978251e-01
3.684205e+00
7.873956e-01
1.565588e+00
2.376696e-01
1.143028e+00
1.241863e+00
4.647049e-01
5.465394e+00
3.583552e-01
2.359507e+00
9.863173e-01
3.588372e-01
4.855470e-01
8.298676e-01
1.793776e+00
1.917742e+00
5.437512e-02
3.113907e-01
6.848241e-01
8.350733e+00
1.283649e+00
3.797320e+00
4.199550e+00
2.385446e+00
2.081146e-01
2.544948e+00
9.728856e-01
2.347663e+00
1.832109e+00
1.778192e+00
5.776203e+00
5.248504e-01
4.206800e-01
1.489716e+00
3.257881e+00
3.203732e-01
4.971080e-01
1.692444e+00
4.623423e-01
5.668810e-01
1.855082e+00
1.314942e-01
1.686495e+00
2.232328e+00
1.060338e+00
5.353161e-01
1.268427e+00
2.096527e-01
6.089685e-01
1.268226e+00
3.863016e+00
1.003828e+00
1.611190e+00
1.362009e+00
1.249521e+00
1.926327e-01
4.161211e-01
7.333965e-01
7.082057e+00
1.466807e+00
1.438086e+00
1.083055e+00
7.862713e-01
1.467210e+00
5.215937e-01
8.867187e-01
2.111734e+00
2.243990e-01
1.409859e+00
3.454162e-01
3.507697e+00
4.997259e+00
4.671731e-01
5.166819e+00
2.546296e-01
7.417317e-01
3.159737e-01
1.327076e+01
6.442258e-01
1.218074e+00
8.916249e-01
9.165462e-01
1.687389e+00
4.432468e-02
3.320997e-01
7.760111e-01
2.669494e+00
7.394444e-01
1.270650e+00
2.610007e-01
9.567841e-01
2.933729e+00
1.557244e+00
1.551615e+00
1.701538e+00
7.527467e-01
7.727332e-01
1.902713e-01
7.892845e-01
3.124775e-01
1.700669e+00
2.214215e+00
1.313147e+00
2.157894e+00
1.968802e+00
1.733476e+00
1.592745e-01
3.208332e+00
1.323888e-01
4.451260e-01
4.142159e-01
6.434155e-01
5.414124e-01
2.616981e+00
9.537262e+00
5.837439e+00
8.649181e-01
6.851114e-01
1.514644e+00
1.069944e+00
1.586072e-01
1.086531e+00
4.962298e-01
3.254917e+00
2.300330e+00
2.215416e+00
2.493085e+00
3.909827e-01
1.335711e-01
5.635292e-01
1.689275e-01
7.735785e-01
3.182051e+00
1.255645e+00
2.116128e-01
3.651046e+00
5.433416e-01
2.269014e+00
3.601063e-01
2.742885e+00
1.712724e-01
4.401637e+00
4.597586e+00
1.341130e+00
1.385551e+00
7.536704e-01
9.944923e-01
3.363694e+00
1.372310e+00
3.505664e+00
3.907504e-01
2.325886e+00
3.067491e-01
1.495699e+00
3.081487e-01
4.226572e-01
6.088215e-01
3.482687e+00
2.967464e+00
1.658691e+00
1.351666e-01
3.094123e+00
1.331941e+00
2.033781e-01
3.738993e+00
6.792375e-01
2.482182e+00
4.010787e-01
9.684869e-01
4.228061e-01
2.618872e+00
9.099228e-01
3.455283e-01
2.276758e+00
8.754289e-01
2.477535e-01
1.018635e+00
4.448609e-01
1.397264e+00
1.504553e+00
9.815232e-01
5.311206e-01
5.601246e-01
2.437332e-01
1.604697e+00
1.615461e+01
6.133305e-01
4.674479e-01
8.774801e-01
8.566474e-01
7.159789e-01
2.861911e+00
5.090547e-01
6.156976e-01
4.218585e+00
9.571288e-01
8.337157e-01
3.346309e-01
1.613586e+00
4.669616e-01
8.694287e-01
1.750434e+00
4.663696e-01
7.952777e-01
2.785128e+00
4.712008e-01
3.005000e+00
1.134670e+00
1.758603e+00
1.924529e-01
8.088901e-01
4.172664e-01
1.079346e+00
3.244823e-01
9.863917e-01
9.517419e-01
1.254324e+00
1.792881e-01
3.136983e-01
4.048967e+00
4.299228e-01
9.986380e+00
5.271908e-01
6.694981e-01
1.271464e+00
6.545403e-01
2.983967e+00
7.731610e-01
1.165427e+00
2.547335e+00
7.386625e-01
2.009309e+00
5.719171e-01
6.190417e-01
3.977944e+00
2.902314e+00
4.270915e+00
2.133160e+00
5.273146e-01
2.332151e+00
8.114066e-02
6.057779e-01
4.341094e+00
2.649024e-01
1.385394e-01
1.236995e+00
3.689979e-01
6.344588e-01
5.569046e+00
4.817005e-01
1.206419e-01
7.611066e-02
5.073792e+00
9.304874e-01
3.581995e-01
1.169291e+00
3.955045e-01
9.484739e+00
3.138512e-01
3.058319e+00
3.564704e+00
5.226722e-01
6.582953e-01
6.072903e-01
4.884550e+00
3.058280e+00
7.027300e-02
3.780206e+00
2.403871e+00
1.077106e-01
6.322253e-01
6.125461e-01
6.895628e-01
2.186917e+00
1.946430e+00
1.436973e+00
5.993678e-01
3.134401e-01
9.184536e-01
5.328091e-01
1.171826e+00
5.708748e-01
2.273264e-01
1.268409e+00
1.054214e+00
3.057678e-01
1.282234e+00
1.844497e+00
1.212615e+00
4.558029e+00
9.475671e-01
8.591893e-01
2.331196e+00
1.003612e-01
1.351817e+00
9.674722e-01
1.046584e+00
4.146413e-01
2.111930e+00
3.588569e-01
5.967612e-01
7.335645e-01
1.313010e+00
8.505373e-01
1.938878e-01
5.426149e-01
7.364600e+00
2.965586e+00
3.167553e-01
6.246033e-01
1.763846e-01
1.714466e+00
4.475724e+00
7.921796e-02
2.906820e-01
1.079765e+00
1.790146e-01
1.806610e+00
2.034984e+00
1.185915e+00
5.327431e+00
1.614752e+00
1.409865e+00
7.814116e+00
4.830737e-01
6.475201e-01
1.575510e-01
1.426805e+00
3.187598e-01
7.763538e+00
6.836874e-01
2.799918e-01
7.802382e-01
3.061932e-01
5.840390e-01
3.381134e-01
5.521992e+00
2.222665e+00
4.999550e-01
1.381972e+00
6.115622e+00
1.980305e+00
8.072449e-01
1.666364e+00
1.349716e+01
9.222140e-01
6.794816e+00
1.219751e+00
1.603972e+00
1.183421e+00
4.067356e+00
1.174324e+00
1.050659e-01
7.645717e-01
4.193260e-01
1.986312e+00
5.362542e-01
8.135113e-01
5.655146e-01
1.186781e+00
1.506376e+00
3.251034e-01
1.488114e+00
1.195292e+00
6.781772e+00
3.750580e+00
1.146793e+00
4.510996e-01
1.042103e+00
8.718558e-01
2.410463e+00
5.199850e+00
8.204616e-01
1.296518e+00
5.799925e-01
5.773198e+00
1.195210e+00
2.106994e+00
7.199596e-01
3.059899e+00
2.837774e-01
9.969650e-01
6.810919e-01
7.531823e-01
5.666743e+00
1.356972e+00
6.166142e+00
2.980338e-01
1.574464e+00
3.945869e-01
1.268150e+00
8.335130e-01
6.828448e-01
7.137358e-01
1.046416e+00
7.562881e-01
2.731272e+00
1.520576e+00
1.163782e+00
2.640060e+00
1.057394e+00
1.246915e+00
3.854871e+00
2.306646e+00
4.667250e-01
2.885509e-01
3.506016e+00
9.748987e-01
4.807131e-01
1.772107e+00
1.538724e-01
1.389898e+00
2.510082e-01
1.146891e+00
4.833804e-01
3.404263e-01
3.197965e-01
1.993979e-01
8.028892e-01
3.507494e-01
7.029491e-02
3.478734e-01
1.651651e+00
3.126504e-01
9.920743e-01
2.170710e+00
1.253456e+00
1.004023e+00
4.992103e-01
4.293464e-01
2.633023e+01
2.832504e+00
1.113364e+00
5.880007e-01
2.006451e-01
2.924302e+00
3.044527e-01
1.438836e+00
3.012072e-01
4.660297e+00
4.169385e+00
9.015199e-01
2.481027e-01
6.379993e-01
5.200984e-01
6.819811e-01
1.529893e+00
4.787743e+00
5.227485e-01
4.401793e-01
2.133003e-01
2.067189e+00
6.260854e+00
1.505229e+00
1.599401e+00
2.235838e+00
3.134815e-01
3.188568e+00
3.202550e-01
2.011397e-01
1.334935e-01
1.167608e+01
1.107592e-01
1.158417e+00
2.833920e-01
3.610302e-01
3.952079e-01
7.514449e-01
3.950154e-01
1.344541e-01
6.906308e-01
9.125316e-01
1.139725e+00
3.105340e+00
2.387060e+00
8.236256e-01
3.546838e+00
8.793534e-01
6.649024e-01
7.766286e-01
6.279144e-01
3.196498e-01
5.002457e-01
2.585249e+00
3.427636e+00
9.957088e-01
2.689726e+00
2.542379e+00
2.873671e-01
3.404087e-01
6.497482e-02
2.460106e-01
1.191534e+00
1.657830e+00
7.638246e-01
4.217486e-01
4.446999e-01
2.084247e-01
2.737453e+00
3.514969e-01
5.536353e-01
2.431301e+00
4.840741e-01
2.485882e+00
3.115268e-01
3.505487e+00
1.063961e+00
8.471442e-01
7.658044e-01
2.284881e+00
1.596654e+00
2.019116e+00
2.415330e+00
1.874982e+00
1.325924e+00
1.702686e-01
4.563324e-01
9.314252e+00
2.015750e-01
2.481620e+00
4.048724e-01
1.263028e+00
2.044604e-01
2.040457e+00
1.142136e+00
7.067625e-01
8.998704e-01
5.762741e-01
6.160417e-02
1.252549e+00
5.382183e+00
2.589435e+00
1.356559e-01
7.455097e-01
8.662420e-01
1.667500e-01
2.653716e-01
4.836461e+00
3.468639e-01
5.134501e-01
4.030048e+00
5.995687e-01
4.406538e+00
1.175172e+00
9.170063e-01
1.066932e-01
5.408339e+00
7.032408e-02
8.350673e-01
3.982527e+00
3.146379e-01
5.234561e-02
5.177607e-01
9.869768e-01
4.858090e-01
1.909523e-01
7.363435e+00
1.096766e+00
5.213259e-01
2.450290e+00
1.899218e+00
1.524171e+00
1.098303e-01
6.743290e-01
1.861125e+00
1.910417e+00
2.774953e+00
2.674495e+00
2.933617e-01
2.643618e-01
1.137855e+00
1.205005e+00
2.530222e+00
1.760641e+00
9.689349e-01
7.374375e-01
9.819658e-01
1.263134e+00
1.680903e-01
1.271549e+00
1.149440e+00
2.761715e-01
1.056755e+00
4.606748e-01
1.068669e+00
3.974343e-01
4.929393e+00
1.105320e+00
1.292644e+00
2.679013e-01
9.277164e-01
7.906487e-01
8.785086e-01
3.304035e-01
4.559866e-01
1.490128e+00
4.475533e-01
2.704920e+00
1.954604e+00
2.327318e+00
1.308983e+00
4.725242e+00
7.219976e-01
3.262646e+00
5.312560e+00
6.420989e-01
9.696603e-01
7.165475e-01
2.645128e-01
4.961029e+00
1.184731e+00
9.902551e-01
2.414937e-01
3.012064e-01
4.876170e-01
5.841665e-01
4.384136e-01
2.726682e+00
1.983380e+00
1.328203e+00
2.935221e+00
2.235631e+00
5.298550e-01
1.928136e+00
2.930714e+00
6.401152e-01
1.885095e+00
2.611329e+00
7.552011e-01
5.124953e+00
1.391855e+00
1.698165e+00
3.211648e-01
4.884861e-01
5.050434e+00
1.333315e+00
2.486333e-01
2.607445e+00
1.877616e+00
4.223595e-01
9.496069e-01
1.002354e+00
4.888598e-01
1.231063e+00
6.389686e-01
9.752078e-01
8.957774e-01
5.665421e-01
2.362150e-01
5.211158e+00
5.813364e-01
1.224998e+00
9.146867e-01
3.214947e+00
8.633752e-01
1.348231e+00
1.912144e+00
2.121954e-01
1.854741e+00
2.440510e-01
6.805241e+00
3.409704e+00
5.562175e-01
2.134444e+00
2.578776e+00
5.827817e-01
4.254277e-01
2.385301e-01
2.434702e+00
1.094448e+00
6.910994e-01
1.694488e+00
3.625801e-01
3.330477e+00
2.957170e+00
1.730593e+00
3.173424e-01
3.675493e-01
3.108717e+00
3.783997e+00
9.921951e-01
3.679802e+00
2.602116e+00
6.843800e-01
1.686625e+00
3.368022e-01
4.154557e-01
8.875175e-01
8.447825e-02
4.195248e-01
5.789477e+00
7.245971e-01
7.291979e-01
2.604975e+00
8.836342e-02
1.512692e+00
4.462289e+00
2.339647e+00
8.997740e-02
6.087342e-01
7.904534e-01
6.079795e-01
5.997903e+00
3.878338e+00
2.404957e+00
9.539139e+00
1.933474e-01
5.713529e-01
8.116733e-01
1.837558e+00
2.409585e+00
7.703608e-01
1.000330e+00
4.782159e+00
1.565328e+01
2.628273e+00
9.931471e-01
1.129662e+01
6.313454e-01
8.970631e-01
2.227135e+00
6.819153e-01
1.894960e+00
2.108337e+00
1.129759e+00
1.267200e+00
1.977402e-01
2.079455e+00
1.932483e-01
6.646868e-01
7.181823e-01
4.027054e+00
7.129084e-01
1.124141e+00
1.028196e+00
6.823812e-01
1.682211e-01
8.047084e-01
9.737475e-01
6.290113e-01
1.113110e+00
2.907152e-01
1.252286e+00
2.052976e+00
5.689525e-01
2.369475e+00
3.876138e-01
1.294066e-01
6.102948e-01
1.053107e+00
6.373217e-01
2.826223e+00
4.009552e-01
5.441630e-01
4.447964e-01
1.546951e+00
1.601535e+00
1.014802e+00
1.432528e+00
7.688510e-01
2.807804e-01
6.974626e-01
1.187291e+01
1.545168e+00
2.337566e+00
5.097960e+00
6.539665e-01
1.011037e+00
6.414039e-01
9.039037e-01
2.429608e+00
4.744062e-01
9.667776e+00
1.176575e+00
2.004628e+00
3.998437e+00
1.475890e+00
2.290255e+00
3.660718e-01
8.269766e-01
8.976305e-01
2.295447e+00
2.495262e+00
5.468645e-01
6.689289e-01
4.832029e-01
1.224982e-01
4.889793e-01
3.231978e-01
5.583834e-01
2.080328e+00
2.053536e+00
7.032264e-01
1.554129e+00
5.151377e+00
9.703442e-01
3.558687e-01
1.838674e+00
3.443883e-01
3.793149e+00
1.483249e-01
2.954335e+00
7.363582e-01
1.002281e+00
8.963993e-01
7.600117e-01
4.766821e-01
3.775201e+00
4.893269e-01
6.738525e-01
9.426277e-02
3.127046e-01
9.313585e+00
5.097056e-01
1.880083e+00
8.394192e-01
3.762588e-01
3.588629e-01
6.760384e-01
2.027442e+00
1.286266e+00
2.848393e+00
4.456406e-01
2.014873e+00
2.879771e+00
9.598458e-01
1.735258e+00
1.995389e-01
4.841674e-02
2.127450e-01
2.373005e+00
6.173303e-01
7.706295e-01
1.608645e+00
3.716425e-01
4.067754e-01
1.264587e+01
1.573320e+01
1.394267e+00
7.743299e-01
7.670426e-02
6.223806e-01
1.462904e+00
2.917678e+00
9.586833e-01
4.213479e-01
1.117364e+00
5.350629e-01
2.376100e-01
2.122111e+00
2.199161e-01
2.183197e-01
4.327739e-01
6.163716e-01
2.191624e+00
1.288594e+00
5.016587e-01
1.104153e+00
4.708513e-01
3.215512e-01
1.810361e+00
1.010796e+00
1.106495e+00
7.987130e-02
1.712406e-01
2.346286e+00
2.464493e+00
1.269752e+00
1.526597e+00
1.652742e-01
1.265368e+01
2.330470e+00
5.970650e-01
3.603119e-01
3.393112e-01
3.084016e-01
6.157019e+00
5.337052e+00
1.403066e+00
1.260590e+01
3.052481e+00
2.336355e-01
4.749846e-01
4.695714e+00
2.509564e-01
1.291764e+00
7.856008e-01
7.683350e-01
3.468647e-01
5.672037e+00
1.385320e+00
6.895085e+00
2.636464e+00
2.369079e-01
2.715602e-01
2.011291e+00
6.763618e-01
1.582060e+00
3.210134e+00
1.119335e-01
7.585616e-01
1.002847e+00
5.006656e-01
7.438158e-01
2.035746e+00
4.376938e-01
1.093575e+00
4.139707e-01
3.041947e-01
1.532802e+00
2.045702e+00
1.593761e+00
3.183888e-01
2.503433e+00
1.221281e+01
6.959740e-01
1.240818e+00
1.484375e-01
1.819359e+00
1.374295e+00
2.296492e+00
2.465833e+00
2.828584e-01
5.313844e+00
1.506189e-01
1.266433e-01
3.762619e-01
1.368314e+00
6.784588e-01
5.929653e-01
3.967265e-01
4.587385e+00
3.706599e+00
5.962082e-01
3.850189e-01
4.883586e-01
4.199185e-01
2.211417e+00
3.423623e-01
3.638133e-01
6.285482e+00
7.626841e-01
1.432505e+00
5.305059e-01
4.777824e-01
7.062284e-01
5.780819e-01
6.219850e+00
3.493946e-01
1.941409e+00
2.098480e+00
2.112614e+00
9.603611e-01
3.194039e-01
2.491920e+00
4.126384e-01
1.473364e-01
3.050233e-01
1.944025e-01
2.958024e+00
9.200108e-01
1.036721e-01
1.737127e+00
4.443570e-01
1.196823e+00
1.046820e+00
4.032084e+00
1.007143e+00
1.433224e+00
5.119416e+00
5.510902e-01
1.712681e+00
3.809993e+00
4.436830e-01
4.603142e-01
4.854139e+00
8.480414e-01
1.520763e+00
5.991616e+00
4.069443e-01
1.144761e+00
7.003731e-01
5.248568e-01
1.405354e+00
4.283365e-01
4.831238e-01
7.701886e-01
3.602240e-01
3.826499e+00
7.654546e-01
1.722041e+00
3.271674e-01
2.320141e+00
2.474660e+00
4.413313e+00
6.395791e-01
2.637487e-01
7.920599e-01
2.495502e+00
6.830262e-01
7.557422e+00
5.098359e+00
4.121524e+00
1.223205e+00
1.207170e+00
2.783159e-01
1.997159e+00
5.780740e-01
8.104960e-01
2.576571e+00
3.192494e+00
1.147854e+00
2.911651e+00
7.805531e-01
6.361774e-01
9.073889e-01
9.799578e-01
2.268584e+00
2.019675e-01
1.034495e+00
4.771611e-01
1.778043e-01
3.266058e-01
2.320681e+00
2.265849e+00
8.602540e+00
1.197778e-01
1.640642e+00
1.872284e+00
6.506429e-01
3.933482e+00
1.783635e+00
2.239409e+00
1.652368e+00
9.127958e-01
9.596104e-01
6.509782e-01
4.463287e-01
7.199860e-01
2.567424e+00
5.477901e+00
2.987819e+00
1.584565e+00
1.665562e+00
1.066742e+00
3.003961e-01
4.145589e-01
7.947502e+00
2.221826e+00
1.646658e+00
2.878870e-01
2.020432e-01
1.509805e+00
8.260141e-01
1.580838e-01
1.323989e+00
2.400715e-01
3.338121e-01
2.867651e+01
1.335812e+00
4.040918e-01
5.958608e-01
1.194995e+00
1.125257e-01
5.376648e-01
8.033973e-01
1.264456e+00
1.045781e+00
5.301773e+00
1.199745e+00
2.391317e-01
5.213251e-01
2.082057e+00
1.111084e+00
2.620301e+00
2.278555e+00
7.157224e-01
1.176183e-01
1.457720e+00
7.928146e-01
2.301117e+00
8.101241e+00
3.881657e+00
1.249173e+00
8.827021e-01
4.128500e-01
2.246622e+00
3.053910e-01
3.204593e+00
5.883683e-01
6.464483e+00
3.635856e+00
2.166302e+00
9.412207e-01
8.038785e-01
5.981848e-01
4.396990e+00
2.142045e+00
4.315028e-01
1.606681e+00
9.742265e-01
1.897114e+00
9.889287e-01
8.415250e+00
4.370715e-01
8.376888e-01
2.141818e-01
5.477913e+00
2.997112e+00
5.770039e-01
5.364430e+00
1.002655e+00
3.826845e+00
1.185504e+00
4.821181e-01
9.068349e-01
3.709021e-01
4.623198e-01
3.040230e+00
3.274803e+00
7.809965e-01
1.115177e+01
5.959559e-01
1.211848e+00
1.328602e+00
7.443915e-01
3.721944e-01
1.008570e+00
3.646813e-01
1.099900e+00
6.593869e-02
4.254239e-01
4.193356e+00
1.184238e+00
8.811382e-01
2.679782e-01
9.065612e-01
2.415363e-01
1.560537e-01
9.649203e-02
4.836622e-01
2.648247e-01
4.315703e-01
3.725431e-01
5.499756e+00
8.787912e-01
1.290104e-01
4.475318e-01
1.369620e+00
5.972685e+00
7.909592e-01
5.154606e+00
7.485424e-01
5.203988e-01
2.122080e+00
1.377806e+00
5.863076e-01
1.185952e-01
1.299047e+00
6.154035e-01
7.250326e-01
1.302441e+00
6.302143e-02
3.928056e-01
4.209507e+00
3.170004e+00
1.970819e+00
9.420028e+00
4.307214e+00
1.144715e+00
4.882434e+00
5.649994e-01
1.287550e+00
1.645449e+00
7.568145e-01
9.836569e-01
3.149647e+00
4.735949e-01
7.607542e-01
1.059873e-01
1.039467e+00
3.894390e-01
1.274816e+00
1.239167e+00
4.697042e-01
1.346790e+00
7.017264e-01
1.609225e+00
8.728486e-01
1.032629e+00
6.057922e+00
2.737917e+00
7.346556e+00
1.582504e+01
5.325051e+00
2.608444e+00
7.288582e+00
2.995336e-01
2.256952e-01
1.953835e+01
1.925995e+00
1.742679e+00
7.668322e-01
1.306850e+00
8.744693e-01
6.238043e-01
1.472915e+00
4.970206e-01
1.241868e+00
1.005964e+00
3.675815e+00
4.553620e-01
9.595891e-02
1.069966e+00
1.609025e+00
2.336785e+00
2.228391e+00
9.534311e-02
