1.244911e+00
1.929037e-01
9.427815e-01
1.516029e+00
5.544486e+00
5.159505e-01
1.830020e-01
2.359751e+00
8.983447e-01
4.909229e-01
6.909588e-01
7.749286e-01
7.519837e-01
2.287348e+00
5.717629e-01
7.471564e-01
1.438596e+01
6.805304e-01
2.312682e+00
8.082510e-01
6.962296e-01
6.147886e+00
9.433591e-01
1.532974e+00
8.183175e-01
1.574592e-01
4.749175e-01
1.036639e+00
4.437420e-01
1.650144e+00
2.144139e-01
6.567263e+00
8.090805e-01
8.196018e-01
4.624115e+00
4.075123e+00
8.143867e-01
1.482724e+00
1.008510e-01
5.847629e-01
3.889235e-01
1.020140e+00
2.671876e+00
3.035663e-01
5.200124e+00
2.286603e+00
3.163078e+00
1.673049e+00
2.793233e+00
3.735269e-01
1.514168e+00
1.705142e-01
4.719469e+00
1.776079e+00
3.943516e+00
2.757354e+00
1.745808e+00
4.999470e+00
6.091022e-01
7.757009e-01
6.106536e-01
2.144641e-01
1.310632e+00
1.650703e+00
7.371897e-01
4.521716e-01
9.331635e-01
3.852905e+00
6.709565e-01
1.050259e+00
3.965592e+00
1.664927e+00
5.121312e-01
3.139550e-01
2.583126e+00
1.086157e+00
5.386985e-01
2.952601e-01
9.237705e-01
2.409611e-01
1.612762e+00
6.521347e-01
2.808202e-01
4.111785e+00
3.408633e+00
1.714068e+00
1.210470e-01
2.106979e-01
1.433194e+00
2.346373e+00
6.751050e-01
1.214381e+00
5.447730e-01
6.053966e-01
6.178889e-01
7.445508e+00
9.310630e+00
9.838355e-01
2.539370e+00
9.619722e-01
5.084662e-01
3.671836e+00
2.894047e+00
2.022126e-01
6.541449e-01
1.133792e+00
1.988113e+00
8.774911e-01
4.247297e-01
3.369721e-01
5.248525e+00
1.425060e+00
1.548156e+00
7.639556e-01
5.758431e-01
1.730079e+00
7.739911e-01
8.069521e-01
8.598497e+00
7.648226e-01
1.021422e+00
1.692895e-01
4.448398e+00
1.501320e+00
9.734421e-01
8.549185e-02
1.601920e+00
1.415562e+00
1.330335e+00
9.132621e-01
3.683081e-01
2.320571e-01
1.151416e+00
1.346760e+00
3.943219e-01
5.148401e-01
1.117292e+00
1.412113e+00
2.588262e+00
1.213540e+00
1.492278e+00
1.981460e+00
6.530693e-01
1.177115e+00
7.281197e-01
7.039987e-01
3.308085e-01
1.587396e+00
4.763037e-02
7.943215e-01
1.491959e+00
8.722949e-01
1.302482e-01
4.022510e-01
2.538844e+00
1.151476e-01
1.139512e-01
8.797948e-01
4.190296e-01
1.001793e+00
1.450614e+00
9.841275e-01
4.874314e-01
1.060025e+00
9.144131e-01
5.247476e-01
4.485319e-01
1.775917e-01
7.791869e-02
2.025261e+00
2.044188e+00
3.072468e+00
1.771153e+00
2.624199e+00
4.169625e+00
1.075083e+00
8.239950e-01
9.512918e-01
1.147054e+00
2.026690e-01
3.124823e-01
1.177196e-01
8.309172e-01
4.321846e-01
1.256062e+00
1.674007e+00
2.721178e-01
5.014990e-01
4.192511e+00
9.030577e-01
7.653897e-01
1.795095e+01
1.328751e+00
2.650861e+00
2.398320e-01
1.196886e+00
2.099243e+00
6.643514e+00
3.205369e+00
3.836594e-01
5.886481e-01
1.366360e+00
7.683285e-01
3.714275e-01
4.846210e-01
1.104696e+00
4.267054e-01
5.871378e+00
1.086323e+00
4.331596e+00
5.156930e+00
1.582172e+00
4.179280e-01
2.369309e+00
1.533305e+00
6.707362e-01
2.155388e+00
3.710598e+00
1.011987e+00
2.090976e+00
2.666334e+00
3.379478e+00
7.447473e-01
1.418403e+00
3.331108e-01
9.435009e-01
8.057914e-01
3.510142e+00
1.541767e-01
1.806970e-01
2.146185e+00
1.216479e+00
7.605242e-01
9.151922e-01
2.728440e+00
2.742219e+00
2.034389e+00
3.729388e+00
2.555000e+00
2.205946e+00
5.514817e-01
3.345368e-01
3.139688e+00
2.868637e-01
2.155520e+00
1.708234e+00
9.204714e-01
3.403497e-01
9.709096e-01
1.073244e+00
2.478311e+00
9.283939e-01
1.417137e+00
3.235878e+00
6.950068e-01
7.342375e-02
5.350039e-01
5.463676e-01
2.434441e+00
1.264856e+00
1.913140e+00
4.260727e-01
7.662771e-01
2.046818e-01
2.193970e-01
8.307788e-01
2.687108e+00
1.412369e+00
3.634889e-01
7.280279e-01
1.517834e+00
1.105510e-01
2.317168e-01
8.411510e-01
2.391403e+00
7.575214e-01
7.426291e-01
6.817191e+00
1.290263e+00
3.425900e+00
1.878299e+00
3.494320e-01
1.634110e-01
5.058515e-01
1.178962e-01
5.224260e-01
3.013492e-01
1.709317e+00
2.705514e+00
2.741646e-01
6.163027e-01
2.984448e+00
1.714783e+00
1.602434e+00
2.414970e+00
4.705537e-01
5.439736e-01
7.832882e-01
1.183440e-01
1.007717e+00
3.092828e-01
2.369666e+00
1.637028e+00
4.614507e+00
7.933052e-01
5.698877e-01
8.381448e-01
8.050281e-01
7.039702e-01
1.480072e-01
1.015344e+00
3.011536e+00
3.969547e-01
6.022527e-01
1.384074e+00
2.940828e+00
4.396878e-01
1.457028e-01
2.002292e+00
2.516182e+00
6.051255e-01
7.444792e-01
1.973071e+00
2.712840e+00
1.914856e+00
8.577966e+00
2.991305e+00
7.344999e-02
1.055423e+00
2.696242e+00
3.934426e+00
8.730731e+00
1.187352e+00
1.665358e+00
1.206454e+00
3.351078e+00
3.194920e+00
4.920131e+00
4.269513e-01
4.334878e-01
1.143831e+00
2.647257e-01
1.233231e+01
4.303897e+00
1.354985e+00
2.807305e-01
2.452431e+00
1.164041e+00
8.865285e-01
7.987136e-02
2.779295e+00
2.071699e-01
3.384132e+00
5.413731e-01
1.651036e+00
1.190506e+00
5.714383e-01
8.451743e-01
2.706880e+00
1.241587e+00
4.736414e-01
6.542905e-01
8.635587e-01
2.055722e-01
4.680872e-01
3.499138e+00
2.174124e+00
2.895837e+00
1.490889e-01
4.228667e+00
3.556575e+00
1.398181e+00
3.648470e+00
1.907608e+00
3.386173e-01
3.958211e+00
7.100227e+00
4.870596e-01
4.398580e-01
3.583066e-01
2.148520e+00
2.233469e+00
2.123948e+00
4.138470e-01
1.300396e+00
7.815615e-01
3.289863e-01
3.168578e-01
1.750386e+00
1.064579e+00
5.898799e-01
6.257916e-01
2.433659e+00
1.335936e+01
1.610151e+00
5.984375e-01
6.098402e-01
7.088374e-01
2.016572e+00
1.443112e+00
1.050833e+00
6.042908e-01
2.659681e-01
9.269014e-01
6.827019e-01
1.170648e+00
1.327547e+00
2.147947e+00
2.593479e-01
4.153213e+00
5.562608e-01
2.146284e+00
1.389797e+00
1.637219e+00
8.996132e-01
2.142974e+00
1.922472e+00
2.145468e-01
1.110502e+00
3.422750e-01
6.661894e-01
8.053977e-01
6.536571e-01
2.265804e+00
2.874017e-01
1.042259e+00
1.911966e+00
1.697394e+00
2.141668e-01
1.382993e+00
2.294924e+00
6.102132e-01
9.340753e-01
1.041027e+00
1.148524e+00
1.418794e+00
4.855834e-01
1.684103e+00
5.711424e-01
9.046011e-01
2.180031e-01
2.062195e+00
1.950380e+00
1.508358e+00
2.387292e-01
3.432151e-01
1.104627e+01
9.594560e-01
1.318782e+00
1.697828e+00
8.281058e-01
6.696433e-01
8.790232e-01
1.150210e+00
7.510706e-01
1.957847e+00
4.304562e-01
1.036104e+00
8.310301e-01
3.648851e-01
3.985799e-01
1.375045e+00
1.097915e+00
5.127014e-01
2.287360e-01
6.040747e+00
8.985069e-01
1.970863e+00
9.503018e-01
1.086746e+00
1.422617e+00
1.218988e+00
2.038917e-01
1.852897e-01
8.699281e-01
6.797695e-01
5.670390e-01
3.598492e-01
1.583716e+00
2.213501e+00
2.039610e+00
2.131770e+00
3.516684e+00
5.289464e-01
4.487637e+00
8.705919e-01
8.652907e-01
4.425718e+00
1.238615e+00
4.453053e-01
9.268743e-01
3.930594e-01
1.288202e+00
9.192449e-01
1.781801e+00
5.778316e-01
1.087504e+00
4.410449e-01
7.980386e-01
1.072621e+00
1.608124e+00
5.615528e-01
2.125888e+00
1.456295e+00
8.049905e-01
2.418917e-01
3.396248e-01
4.463383e-01
3.630869e-01
4.000513e-01
8.459222e-01
4.048119e-01
2.595442e+00
2.175789e+00
2.209045e+00
1.735524e-01
1.381068e+00
9.447040e-01
2.141845e-01
1.684329e+00
7.395751e-01
4.074929e-01
1.842046e+00
8.036660e-01
5.917574e-01
6.410516e-01
6.585642e-01
1.768478e-01
7.864073e-01
1.371436e+00
9.272204e-01
3.170160e-01
1.674187e-01
1.119070e+00
6.112028e-01
3.237935e+00
2.320786e+00
2.437143e-01
7.809509e-01
4.178197e-01
5.252260e-01
3.099671e+00
1.716067e+00
1.281784e+00
8.503219e-01
1.726264e+00
1.715741e-01
7.683393e-01
4.775351e-01
1.396762e+00
1.379699e-01
6.442273e-01
3.674537e+00
2.996811e+00
2.882632e-01
5.755807e-01
4.914516e-01
6.485028e-01
7.990408e-01
1.145123e+00
6.753769e-01
1.759563e+00
9.506696e-01
4.350909e-01
6.865552e-02
9.016278e-01
1.120054e+00
6.527312e-01
8.131728e+00
7.424926e-01
4.357448e-01
1.061374e+00
1.439796e+00
2.190045e-01
1.626103e+00
1.118364e+01
4.189663e-01
1.705745e+00
1.789602e+00
3.135401e-01
1.234600e+00
3.336991e-01
1.759931e+00
1.671566e+00
4.316612e-01
4.689197e-01
5.941678e+00
3.879888e-01
7.483495e-01
7.108396e-01
7.685363e-01
6.787011e-01
1.236895e+00
2.913435e+00
4.869518e-01
8.989180e-01
1.449044e+00
9.881454e-01
4.213389e-01
3.640457e-01
1.072769e+00
4.728169e+00
1.786065e+00
5.486906e+00
1.800441e+00
2.017361e+00
2.211504e+00
2.108506e+00
3.937095e+00
7.749738e-01
7.589305e-01
8.346629e-01
2.203007e-01
6.992113e+00
1.926272e+00
4.616137e-01
4.333829e-01
6.244322e+00
1.032344e+00
5.767227e-01
1.062609e+00
1.093842e+00
2.499619e-01
1.101395e+00
4.059524e-01
6.288493e-01
5.770527e-01
1.297189e+00
1.213946e+00
6.513113e+00
4.022332e-01
1.365558e+00
1.844496e+00
1.017800e+00
4.466550e-01
1.737442e-01
1.833753e+00
1.190048e+00
1.143924e+00
1.647361e-01
5.736126e-01
3.820217e-01
1.287034e+00
2.073312e+00
4.282838e-01
3.294450e+00
6.337165e-01
1.305153e+00
7.993610e-01
2.113973e+00
5.308305e-01
9.206368e-01
6.714359e-01
8.017742e-01
5.609074e-01
7.785359e-01
2.720466e-01
1.344986e+00
1.731567e+00
1.278964e+00
7.519758e-01
2.113678e+00
1.783661e+00
3.130681e-01
8.383961e-01
1.671956e+00
1.670691e+00
4.283155e+00
5.615240e-01
5.324138e+00
1.221293e+00
1.021537e+00
3.932785e+00
2.264237e-01
1.090730e+00
9.527451e-01
2.263795e-01
1.001653e+00
2.390795e+00
3.111182e+00
1.858033e-01
1.563560e+00
2.833740e+00
1.126870e+00
4.993270e-01
5.042930e-01
1.299124e+00
1.634726e+00
3.403011e-01
3.812563e-01
7.813607e-01
1.595270e-01
2.721313e-01
1.438144e-01
2.119834e-01
8.490870e-01
6.036758e-02
4.817242e-01
1.864262e+00
1.180263e+00
1.431753e+00
4.093711e-01
2.410886e+00
1.145675e-01
2.399844e+00
3.766320e-01
2.324145e-01
5.196007e-01
2.431903e+00
1.066355e+00
1.943987e+00
9.976393e-02
1.096565e+00
1.953633e+00
9.904712e-01
1.241510e+00
5.509281e-01
1.113008e+00
5.031030e-01
2.340505e+00
4.119187e-01
2.184693e+00
3.175536e+00
1.417844e+00
3.655348e-01
4.941179e-01
1.936364e+00
1.521011e+00
4.071042e-01
1.622433e+00
1.233305e+00
6.967955e-01
2.926531e+00
3.402243e+00
6.792882e-01
1.686047e+00
3.474422e+00
1.913066e+00
8.132805e-01
9.235827e-01
2.371632e+00
7.094620e+00
3.947172e+00
2.590122e+00
2.243463e+00
5.660450e-01
4.839160e-01
2.577732e+00
9.002672e-01
9.736458e-01
3.028762e-01
1.939969e+00
4.557468e-01
2.617263e+00
7.681602e-01
2.661624e+00
1.679574e+00
2.509468e-01
8.672133e-01
9.361998e-01
4.311428e-01
1.446065e+00
2.230610e+00
5.581642e-01
4.783475e-01
1.645876e+00
4.858877e-01
8.239071e-01
1.119494e+00
2.751066e+00
1.513447e+00
7.302530e-01
3.604113e-01
8.342781e-01
1.607125e+00
4.945054e-01
3.408185e+00
1.177405e+00
8.148314e-01
3.966622e-01
1.902767e+00
1.034353e+00
4.310435e-01
4.613983e-01
1.515334e-01
5.966488e-01
4.034917e-01
1.236435e+00
2.430441e-01
1.569669e+00
7.578310e-01
4.426924e+00
6.218478e+00
1.031207e-01
3.226814e-01
9.806355e-01
5.611756e-01
1.550420e+00
5.908201e-01
4.629726e+00
1.574397e+00
7.981860e-01
1.015884e+00
2.378529e+00
1.063191e+00
6.400482e+00
2.721876e+00
2.972261e-01
1.017744e-01
5.542280e-01
2.255126e+00
1.145629e+00
2.155973e+00
6.111316e-01
2.515658e-01
1.581743e+00
2.917838e-01
1.969785e+00
4.836328e+00
1.590522e+00
2.097306e-01
4.742274e-01
1.200748e-01
4.161884e-01
3.230632e-01
5.532185e-01
8.800796e-01
4.347915e-01
4.452439e-01
6.591718e+00
3.944692e+00
1.365338e+00
2.543781e+00
1.331999e+00
5.444821e-01
2.728893e+00
5.825106e+00
2.803887e+00
6.774486e+00
1.553476e+00
3.647138e-01
2.385862e+00
7.073683e-01
1.043204e+00
6.227423e-01
2.734437e+00
1.802012e+00
2.081899e+00
5.609405e-01
3.306826e+00
1.560132e+00
2.090155e+00
5.562253e+00
2.824336e+00
1.566118e-01
1.066340e-01
3.228350e+01
1.256307e+00
2.995579e-01
1.362454e+00
4.076938e-01
9.959874e-01
8.557907e-01
5.631020e-01
5.469697e-01
2.250039e-01
4.780572e-01
5.625791e-01
1.039680e+00
2.618366e-01
2.412152e-01
5.797958e-01
4.279568e+00
4.498728e-01
1.464283e+00
1.625498e+00
6.133680e-01
8.573770e+00
9.427406e-01
7.140704e+00
8.036424e-01
5.019812e-01
4.124093e-01
1.100983e+01
5.200011e-01
6.709375e-01
2.278582e+00
4.697142e-01
1.092767e+00
5.199562e-01
3.036122e+00
2.019513e+00
6.781202e-01
1.610164e+00
8.596405e-01
4.807783e+00
4.028126e-01
6.448042e-01
2.574801e-01
7.610701e+00
8.761140e-01
4.214443e-01
6.993132e-01
3.723979e-01
1.277965e+00
4.335439e+00
8.708039e-01
2.508023e+00
1.214201e+00
1.634800e+00
1.371564e-01
4.738580e+00
2.950024e+00
1.228667e+00
1.396915e+00
1.705604e-01
1.437270e+00
5.702500e-01
9.038782e+00
3.234487e-01
2.663514e-01
3.032735e-01
7.285160e-01
1.017387e+00
8.394037e-01
1.376381e+00
2.273680e-01
2.587991e+00
7.494835e-01
3.897631e-01
2.051633e+00
2.828067e+00
5.641921e-01
5.221090e-01
2.621360e+00
7.611990e-01
5.845348e+00
5.029628e-01
5.057291e+00
1.320409e-01
1.019601e+00
3.425719e-01
2.498539e-01
5.418523e-01
9.053265e-01
7.536371e-01
1.155439e+00
1.072239e+00
5.695774e-01
1.001782e+00
3.185867e+00
2.191556e-01
1.471690e+00
2.004234e+00
1.202487e+00
1.138613e+01
1.136369e+00
2.745635e+00
1.940771e+00
3.184977e-01
4.487967e+00
1.890258e+00
6.179493e-01
4.523992e-01
5.951534e-01
7.118978e-01
3.451125e-01
1.186827e+00
7.776657e-01
1.424549e+00
2.761789e-01
2.775610e+00
2.977483e+00
5.353375e+00
8.489803e-01
5.397221e-01
7.599975e-01
1.057094e+00
4.415421e-01
1.182794e+00
6.707782e-01
3.402723e-01
3.185626e-01
7.768712e-01
1.603765e+00
1.517780e-01
5.925580e-01
8.702801e-01
1.472687e+00
1.455374e+00
2.019268e+00
2.256964e+00
5.243983e-01
3.707377e+00
1.319247e+00
2.148756e-01
5.934640e-01
3.111808e-01
3.244156e+00
1.366239e+00
6.010838e-01
4.105786e-01
5.637527e-01
6.734050e-01
8.242335e-01
6.078192e-01
6.215453e-02
1.405927e+00
3.403416e+00
2.924661e+00
2.290080e+00
2.462843e+00
4.843126e+00
9.824433e-01
9.968406e-01
2.867645e+00
2.479206e+00
1.826049e-01
5.027134e-01
1.101895e+00
1.586461e+00
7.980725e-01
7.357395e-02
1.547667e+00
1.033834e+00
1.542046e+00
1.630370e+00
2.004311e+00
1.070797e+00
1.307629e+00
9.742175e-01
2.620363e-01
1.515574e+00
1.974017e-01
1.236480e+00
3.715375e+00
5.535430e-01
2.754247e+00
9.108920e-01
2.906070e+00
4.422243e-01
5.645575e+00
7.288404e-01
4.095309e+00
7.335219e-01
4.516799e-01
5.388511e-01
1.040100e+00
6.800701e-01
1.017271e+00
1.916082e+00
1.952078e+00
7.320111e-01
5.077086e+00
1.335209e+00
2.064608e+00
3.580690e+00
6.862649e-01
4.734355e+00
1.323712e+00
7.363411e-01
5.779356e-01
6.091409e-01
1.177233e+00
8.322307e-01
9.401838e-01
3.492717e+00
1.834830e+00
3.876175e-01
3.728809e+00
2.330619e+00
4.882991e-01
1.278619e+00
4.786166e-01
2.101439e+00
5.988841e-01
7.159331e-01
1.003769e+01
1.126338e+00
1.738610e-01
1.626111e+00
1.400624e+00
1.114716e+00
1.036485e-01
2.571468e-01
3.958983e-01
1.450951e+00
4.356489e+00
6.226773e-01
1.184661e+00
5.814916e-01
4.057098e-01
7.246245e-01
1.308274e+00
7.215644e-01
4.655937e-01
1.527208e+00
4.504649e-01
6.138095e-01
1.671161e+00
8.172126e-01
5.626157e-01
1.204134e+00
1.122518e+00
3.027434e+00
1.838331e+00
4.967098e-01
1.145216e+00
3.479264e-01
6.780859e+00
4.120374e+00
2.661247e+00
1.445633e+01
4.801278e-01
6.690597e-01
9.705500e-01
5.235015e-01
1.568082e-01
2.802390e+00
1.174265e+00
1.137688e+00
1.391968e+00
3.045855e+00
1.546054e+00
4.954000e+00
1.350561e+00
1.603492e+00
2.103359e+00
3.672497e-01
7.921703e+00
6.847304e-01
1.503138e+00
2.281897e+00
6.481025e-01
3.529906e+00
4.794437e-01
1.884062e+00
2.524839e+00
7.295664e+00
1.982093e+00
9.004848e+00
9.185978e-01
9.502543e-01
1.150620e+00
6.202420e-01
1.446859e+00
4.423430e+00
2.625360e+00
1.397887e+00
7.604509e-01
5.936614e-01
4.655019e+00
5.502886e-01
5.119725e-01
2.863488e+00
1.483571e+00
9.961432e-01
1.334667e+00
1.021793e+00
1.755288e+00
3.858358e-01
8.132581e+00
2.668112e-01
2.370695e+00
1.278290e+00
1.408637e-01
1.313708e+00
1.988650e+00
1.401871e+00
1.162369e+00
2.136439e+00
4.985590e-01
3.433345e-01
1.347736e+00
1.150985e+00
1.446702e+00
1.145876e+00
2.647173e-01
3.591964e+00
1.990785e-01
6.189453e-01
1.889670e+00
3.268320e+00
2.856084e+00
8.602032e-01
2.620670e+00
1.623605e+00
3.261303e+00
4.512296e+00
1.038502e+01
2.550695e+00
1.455752e+00
4.452087e-01
3.592074e+00
3.353206e+00
1.137883e-01
1.455928e+01
3.671414e-01
3.511737e-01
7.848698e-01
2.438255e+00
3.287542e-01
5.084633e-01
2.616371e+00
1.713801e-01
7.559512e-01
5.178186e-01
8.268840e-01
5.923884e+00
1.217179e+00
2.684192e-01
4.792085e+00
2.494728e-01
2.813290e-01
5.467417e-01
3.178228e-01
1.533680e+00
2.568173e+00
5.843172e-01
6.089444e-01
5.202715e-01
2.357073e+00
3.135577e-01
8.602417e-01
1.178930e+00
3.613082e-01
2.665457e+00
1.619336e+00
1.023622e+00
1.170015e+00
3.104119e+00
2.677224e+00
1.893414e-01
3.820426e-01
2.828998e-01
1.190785e+00
6.879872e-01
7.955244e-01
2.308569e+00
3.759513e-01
3.950502e-01
2.207681e+00
9.127323e-01
2.209121e+00
8.955844e-01
1.521973e-01
1.413501e+00
1.211892e+00
5.019693e-01
1.931164e+00
1.908194e-01
8.908622e-01
3.992421e-01
2.072673e+00
8.937257e-01
2.512473e+00
1.663132e+00
2.397701e+00
1.998793e-01
8.498057e-01
3.780373e+00
2.220404e-01
8.029844e-01
8.328394e-01
1.160580e+00
4.112738e-01
1.197229e+00
1.179401e+00
5.599205e-01
2.857002e-01
3.165350e+00
2.806378e+00
2.184788e+00
9.744130e+00
6.483803e-01
1.626319e+00
3.170920e-01
9.509035e-01
7.095406e-01
2.291590e+00
2.810480e-01
3.226400e+00
2.198047e-01
3.353244e+00
2.738967e+00
1.429122e-01
3.908773e+00
3.254362e+00
1.461341e+00
3.179329e-01
9.304346e-01
2.631755e+00
8.702228e-01
6.225526e-01
2.383123e-01
1.691373e+00
1.253082e+00
5.028247e+00
5.708563e+00
1.043284e+00
5.171312e+00
1.016814e+00
5.916775e-01
5.310179e+00
3.124703e+00
3.365943e-01
1.056488e+00
2.838741e+00
5.556815e+00
1.087040e+00
1.107209e+00
2.054565e+00
1.138264e+00
1.045977e+00
1.431406e-01
2.340877e+00
5.384977e-01
3.336904e+01
3.154002e-01
1.754737e+00
1.547199e+00
1.457377e+00
8.406365e-01
3.118329e+00
3.232960e+00
7.232389e-01
4.120238e+00
9.751499e-01
1.647601e+00
3.080699e-01
6.240003e-01
1.852155e+00
5.212876e-01
3.155155e-01
2.046956e-01
3.400151e+00
1.128465e+00
2.266126e+00
4.023932e+00
1.398486e+00
1.163028e+00
1.187303e+00
1.646753e+00
2.914905e-01
2.709748e+00
4.550882e+00
7.806297e-01
1.383896e+00
8.361495e+00
1.767758e-01
1.244825e-01
1.743228e+00
1.922056e+00
8.089465e-01
2.999857e+00
7.731891e-01
2.716134e-01
1.972485e+00
9.578630e-01
2.382156e-01
3.272819e-01
1.089618e+00
5.867395e-01
3.393434e+00
2.256986e+00
1.477267e+00
2.951748e+00
1.544722e-01
4.788742e-01
6.269491e-01
6.368162e-01
3.137627e+00
1.220410e+00
1.010546e-01
2.624258e+00
1.873429e+00
5.062093e+00
7.856441e-01
4.695244e+00
5.095362e-01
3.468064e+00
4.583689e-01
1.301795e+00
1.816155e+00
4.771496e+00
4.671789e+00
5.462625e+00
9.338926e-02
1.550996e+00
3.564063e-01
1.897632e+00
4.274220e+00
1.260495e+00
1.040715e+00
2.129253e+00
5.218328e-01
3.122398e+00
7.546858e-01
6.078833e-01
2.153545e+00
5.125681e-01
1.515548e+00
5.885713e-01
4.217955e-01
1.049826e+00
1.499284e+00
1.806159e+00
8.270222e-01
6.163929e-01
1.201369e-01
4.610913e+00
1.878862e+00
2.110161e-01
2.125277e+00
2.754295e+00
2.236906e-01
4.263183e-01
2.752515e-01
1.092813e-01
3.801566e-01
1.637345e+01
1.104422e+00
2.457520e+00
9.584261e+00
1.771263e-01
4.115106e-01
3.519121e+00
6.862726e-01
6.739650e-01
2.921262e+00
3.463811e+00
3.107766e-01
6.021816e-01
2.730180e+00
1.254302e+00
2.485264e+00
1.350894e+01
3.559192e-01
5.059087e-01
1.331702e+00
6.242467e-01
8.510187e-01
7.498088e-01
1.122760e+00
2.709534e+01
9.465111e-01
9.605158e-01
3.253423e+00
6.855015e-01
5.561055e-01
7.692748e-01
2.272969e+00
3.102930e+00
5.156575e-01
4.738201e-01
7.112866e-01
1.771357e+00
6.785067e-01
6.479802e-01
1.906777e+00
1.610843e+00
1.041048e+00
1.928568e+00
3.764039e+00
7.991340e-01
7.407714e-01
1.092658e+00
1.550739e+00
8.441205e-01
2.827465e-01
3.479115e-01
3.297744e+00
2.776176e+00
1.524149e+00
3.040041e+00
6.774825e-01
3.130717e+00
9.058589e+00
2.492784e+00
2.045521e-01
5.758489e-01
6.186468e-01
1.944707e+00
1.958387e+00
4.094238e-01
1.525450e+00
4.696845e-01
2.636283e-01
1.699743e+00
3.536057e+00
3.373565e+00
3.754741e+00
1.590685e+00
2.525031e+00
4.608777e+00
8.144610e-01
2.620687e+00
6.888132e-01
1.236423e-01
9.795527e-01
6.531343e-01
2.493470e+00
6.901376e-01
5.158988e+00
4.420167e-01
1.092900e+00
5.406391e-01
1.027899e+00
1.414417e+00
1.044930e+00
2.613825e+00
1.669196e-01
5.636485e+00
2.711309e-01
4.812987e-01
3.164025e+00
1.155139e+00
1.190485e+00
2.201208e-01
3.454601e-01
3.858298e+00
3.871865e+00
4.094486e+00
6.407860e-01
2.430863e+00
7.358336e-01
6.744567e-01
8.638265e-01
7.853217e-01
2.418095e+00
1.481817e+00
4.483382e+00
3.178222e+01
1.727352e+00
1.767627e+00
3.756980e-01
7.792298e-01
3.500971e+00
3.476431e+00
2.528069e+00
8.167853e-01
2.965650e-01
2.272159e+00
1.063628e+00
1.214170e-01
1.600121e-01
2.880369e+00
1.789647e+00
7.613564e-01
9.164130e-01
2.092220e+00
5.908210e+00
2.197567e+00
6.621939e-01
4.037513e+00
2.848880e-01
1.292019e+00
1.642721e+00
6.518798e-01
1.012096e+00
9.026857e+00
2.912418e+00
8.911927e-01
8.627300e-01
1.667215e+00
9.105301e-01
7.329645e-01
2.853707e-01
7.345451e-01
2.546228e-01
2.863031e+00
2.918320e-01
6.235933e-01
4.537256e-01
3.821609e-01
1.035544e+00
1.146050e+00
2.492646e-01
9.044362e-01
5.046917e+00
1.103936e+00
6.421928e-01
1.268082e+00
2.290300e+00
6.235059e-01
1.481075e-01
6.457721e-01
2.720658e+00
2.492095e+00
1.821320e+00
3.661326e-01
4.205534e-01
9.678843e-02
8.829997e-01
1.912798e-01
2.678708e+00
1.275750e+00
1.925980e+00
4.539983e-01
6.177472e-01
3.519689e-01
1.604950e+00
2.069025e+00
2.981810e-01
3.923008e+00
6.227670e-01
5.558248e-01
6.364208e+00
3.150334e+00
5.380085e-01
4.330606e-01
4.379266e-01
8.204184e-01
1.798397e+00
3.140083e+00
3.456019e+00
7.980320e-01
3.194768e-01
1.508982e+00
5.445643e-01
3.037118e+00
1.865658e+00
7.963586e-01
1.351958e-01
1.274525e+00
2.289570e-01
1.024883e+00
3.152227e-01
5.347897e+00
8.907469e+00
3.238403e+00
4.030461e+00
1.871243e-01
3.101545e+00
1.492387e+00
1.414514e+00
4.406047e-01
4.522527e+00
8.969200e-01
6.560675e-01
4.849393e-01
4.323671e-01
1.450039e+00
2.302280e-01
2.464539e+01
3.514623e-01
3.600165e+00
2.571233e+00
2.052489e+00
1.214790e+00
3.117464e+00
4.922975e-01
2.177624e+00
1.815698e+00
7.973811e-01
1.468126e+00
1.031798e-01
5.076053e-01
2.454630e+00
1.963456e+00
1.028798e+01
2.598020e-01
1.050093e+00
4.194548e+00
3.563950e-01
9.610903e-01
3.006811e+00
1.137134e+00
2.008531e-01
1.153729e+00
5.057542e-01
4.998604e+00
1.555837e+00
8.259716e-01
7.329101e-01
6.845636e-01
3.930101e-01
1.302771e+00
1.315659e+00
8.481219e-01
1.344749e+00
4.228107e-01
9.363783e-01
2.761920e+00
5.305099e-01
3.458967e+00
3.294405e+00
8.323270e-01
1.422600e+00
6.601837e-01
1.809887e+00
6.036683e-01
6.013414e+00
1.780539e+00
5.944969e+00
3.160770e-01
1.230473e+00
9.032924e-02
9.480463e-01
6.423412e+00
5.265889e-01
1.151224e+00
1.021087e+00
3.264639e+00
3.134382e+00
1.423432e+00
9.507528e-01
1.510225e+00
1.334911e+00
9.125987e-01
2.059842e+00
4.062191e-01
1.829196e+00
8.863679e-01
1.407938e+00
4.982048e-01
1.071150e+00
2.345703e+00
6.059734e-01
7.039437e-01
1.193756e+00
4.602496e+00
3.275054e+00
1.373007e+00
1.480818e+00
5.667316e-01
6.659881e+00
2.323039e-01
1.270057e+00
2.956041e-01
2.020598e+00
3.611752e+00
3.287451e+00
8.536710e-01
1.013669e+00
5.909512e-01
3.809306e-01
3.408487e+00
9.571794e-01
1.652642e+00
1.838703e+00
5.300150e-01
1.063189e+00
8.110575e-01
4.165599e+00
1.964676e+00
4.712376e-01
1.094369e+00
7.086091e-01
4.285297e-01
6.010932e-01
4.451529e+00
2.091561e+00
3.284597e-01
7.351235e-01
4.274166e-01
2.612830e+00
7.914801e+00
1.063740e+00
1.675949e+00
1.522987e+00
7.201369e+00
3.373517e+00
1.495860e-01
6.280335e-01
7.135624e-01
1.170417e+00
4.588706e+00
2.830099e-01
1.356093e+00
9.203365e-01
6.422801e-01
1.180056e+00
4.677230e+00
2.092134e-01
3.472238e-01
2.579381e-01
5.300528e+00
4.906135e-01
6.552780e-01
4.943598e+00
1.391034e+00
1.244499e+00
2.830923e-01
2.024106e+00
2.313695e+00
5.624678e-01
8.577856e-01
1.902847e+00
4.874733e-01
8.851046e-01
1.085883e+00
8.047872e-01
2.836960e+00
4.415598e-01
4.387505e+00
1.345841e+00
3.042531e-01
1.091556e+00
4.224857e-01
1.393312e+00
1.535381e+00
6.173993e-01
2.915325e-01
1.384720e+00
1.620961e-01
7.640704e-01
1.228190e-01
8.862790e-01
8.779038e-01
1.407633e+01
2.027892e+00
1.769025e+00
6.992642e-01
8.808628e-02
7.715103e-01
5.225622e-01
1.865448e+00
2.477387e-01
1.665031e+00
3.286164e+00
3.718835e-01
4.215189e+00
1.331098e+00
5.116053e+00
1.081734e+00
4.013505e+00
1.036903e+00
1.972171e+00
9.790982e-02
2.248841e+00
3.618650e+00
1.153164e+00
1.289236e+00
7.999363e-01
1.925633e-01
4.508060e+00
1.336087e+00
5.272181e-01
4.269912e-01
1.262046e+00
2.665434e+00
2.210481e+00
2.123850e+00
3.941291e-01
2.176139e+00
3.161188e+00
3.999059e-01
2.306957e+00
1.375271e+00
1.265020e+00
7.763496e-01
7.354620e-01
1.471605e+00
7.411366e-01
3.493954e+00
1.166056e+00
2.112560e+00
9.762711e-01
3.363596e+00
1.229608e+00
7.978482e+00
1.851674e-01
9.877148e-02
6.704934e+00
5.767085e-01
2.965552e+00
2.455448e+00
1.023799e+00
1.164465e+00
1.393810e+00
1.004417e+00
1.809856e+00
5.636124e-01
2.375029e-01
5.727038e-01
8.630104e-01
2.702635e-01
1.580171e+01
1.768747e+00
6.528615e+00
4.253509e-01
2.102615e-01
5.285696e+00
1.693933e-01
7.531215e-01
5.134977e-01
3.712428e-01
1.486384e+00
1.781901e+00
5.605586e-01
3.186042e+00
8.665293e-01
1.696686e-01
5.895966e-01
5.094853e+00
1.348080e+00
1.612036e+00
5.619117e-01
1.258531e+00
2.521151e-01
1.183226e+00
3.299960e-01
2.114639e-01
5.646014e-01
1.127041e+00
1.970115e+00
4.098494e+00
7.726688e-01
5.157175e+00
6.454333e-01
1.520862e+00
2.754541e-01
4.808636e-01
9.598612e-01
2.797391e+00
2.694342e+00
8.711050e-01
1.215287e-01
1.885785e+00
2.082533e+00
1.395365e+00
1.737937e+00
1.694228e+00
2.596171e-01
1.861612e-01
1.193533e+00
1.406337e+00
9.879412e-01
2.055557e-01
4.291466e-01
1.600079e-01
2.905040e-01
2.308780e+00
1.440363e-01
2.099229e-01
3.868547e+00
9.507604e-01
1.124133e+01
2.755285e+00
5.639792e-01
1.339354e+00
4.275061e-01
7.093262e-01
6.382210e+00
1.384010e+00
3.785390e+00
1.093533e+00
1.608850e-01
1.692094e+00
7.288760e-01
1.503336e+00
7.973900e-01
3.449411e+00
2.958560e-01
6.020702e-01
5.941662e-01
1.027581e+00
7.067335e-01
2.102624e+00
7.250093e-01
1.225230e+00
3.103300e-01
4.509041e-01
3.469198e-01
2.449714e+00
2.959501e+00
3.969026e-01
7.608497e-01
4.738134e+00
4.952408e-01
2.446432e+00
1.319355e+00
2.737859e+00
5.630716e+00
3.793889e+00
2.188920e-01
1.185751e+00
3.571195e-01
1.769687e+00
6.779405e-01
5.297534e-01
2.256170e-01
7.797465e-01
4.429288e-01
3.784319e-01
4.394836e-01
7.705378e-01
2.375724e-01
1.417473e+00
4.168811e-01
3.156270e+00
1.065799e+00
9.553432e-02
2.780622e+00
2.923902e+00
1.994634e+00
2.394272e-01
3.309552e-01
1.464631e+00
1.595259e+00
1.456143e+01
3.410851e+00
7.647930e-01
5.159151e-01
4.906362e-01
1.398049e+00
6.276101e-01
1.430193e+00
2.030461e+00
4.582235e-01
2.894000e+00
1.716270e+00
1.291677e+00
1.088717e+00
2.526208e+00
7.234245e-01
5.225446e-01
1.807644e-01
1.909529e+00
1.048498e+00
1.849897e+00
3.230403e-01
4.445117e-01
1.629550e+00
1.434851e-01
3.100228e+00
1.484209e+00
3.150621e-01
6.942066e-01
5.035260e-01
7.927425e-01
1.353541e-01
3.874699e-01
1.295918e-01
8.877824e-01
4.008979e-01
5.750509e-01
5.914774e-01
3.297762e-01
8.279577e-01
7.597144e-01
4.848102e-01
6.476174e-01
1.112140e+00
1.986975e+00
2.935610e+00
2.211807e-01
2.982460e+00
2.531200e+00
4.851885e-01
7.100039e-01
4.619439e+00
3.699718e-01
3.442303e+00
2.691785e+00
2.741840e-01
5.426915e-01
4.459379e-01
1.301893e-01
7.160334e-01
1.144071e+00
3.464141e+00
8.451669e-01
2.236003e+00
3.667039e+00
1.781374e+00
1.341424e+00
1.346609e+01
1.687602e-01
3.656651e-01
2.574339e-01
2.416157e-01
1.258205e+00
4.045708e+00
1.172251e+00
2.064454e-01
3.209650e+00
2.312301e-01
5.645572e-01
1.517327e+00
1.644770e-01
1.965189e-01
2.555120e+00
1.137596e+00
7.861221e-01
5.530767e-01
1.001124e-01
8.238305e+00
2.726786e+01
1.083014e+00
3.118354e-01
1.783872e+00
2.025104e-01
9.349666e-01
1.558150e+00
1.000316e+00
9.947331e-01
1.438212e-01
2.527744e+00
1.782833e+00
7.188607e-01
1.141831e+00
1.180304e+00
1.632003e+00
1.584032e-01
1.433430e+00
2.716934e-01
7.942527e-01
9.964425e-01
2.058222e+00
2.692928e+00
1.766395e+00
3.090160e+00
2.106147e+00
3.787441e+00
4.762200e+00
1.972348e-01
1.137734e-01
2.899107e+00
2.218441e+00
6.937274e-01
5.494407e-01
1.368168e+00
6.902348e+00
2.835286e+00
2.704425e+00
8.879942e-01
1.834056e-01
4.656471e-01
6.251044e+00
4.763795e-01
3.658926e-01
3.337769e-01
7.091291e-01
1.052129e-01
1.057271e-01
6.471366e-01
1.952155e+00
8.494243e-01
4.844040e-01
9.142163e-01
1.236332e+00
1.740170e+00
1.056894e+00
2.475327e+00
2.088708e-01
5.998500e-01
8.256841e+00
6.402136e+00
4.310681e+00
3.774969e-01
4.673987e-01
4.248433e+00
1.056802e+00
6.285427e-01
1.358402e+00
5.652742e+00
2.576618e-01
5.357866e-01
2.108813e-01
8.925888e-01
1.067084e+00
9.755835e-02
4.021157e-01
1.766318e+00
7.020932e-01
9.055002e-01
3.726941e+00
7.327170e-01
3.731866e-01
4.689690e-01
4.556818e+01
2.965827e-01
9.104812e-01
4.238476e-01
9.502403e-01
4.657565e-01
2.831127e+00
6.603172e-01
1.112129e+00
8.774158e-01
2.987414e+00
5.997295e-01
5.603122e-01
1.542040e+00
5.400510e-01
9.204780e-01
9.080384e-01
5.278605e-01
2.995581e+00
1.514516e+00
1.629723e+00
5.964831e-01
1.667614e-01
2.320800e+00
1.551323e-01
5.024135e-01
1.287686e+00
1.389103e+00
3.068156e+00
2.238309e-01
3.623905e+00
4.072904e-01
1.471185e+00
3.070030e-01
1.085228e+00
1.407545e+00
4.643847e-01
5.084143e-01
4.089153e-01
1.009040e+00
3.208914e-01
1.046626e+00
5.564469e-01
3.667446e-01
7.746441e-01
6.267309e-01
6.077681e-01
9.923241e-01
3.129865e-01
1.794452e-01
9.296751e-01
1.115630e+00
9.084538e-01
3.613707e-01
2.936466e+00
7.833805e-02
1.365183e+01
1.025895e-01
1.784873e-01
3.341833e-01
2.320960e+00
3.810185e-01
1.970589e-01
8.793054e-02
9.760728e-01
6.398011e-01
1.183884e+00
3.505075e-01
2.542155e-01
1.261872e+00
9.889432e-01
1.927045e-01
1.559565e+00
6.474257e+00
5.054843e-01
3.850353e+00
1.181137e+00
9.885592e-02
6.072023e-01
4.329794e-01
1.031850e+00
4.122436e+00
9.414101e-01
6.694216e-01
2.666520e+00
5.194534e+00
3.592453e-01
6.316942e-01
8.853901e-01
3.219309e-01
8.788666e-01
2.607180e+00
1.526497e+00
6.053171e+00
3.000462e+00
5.808595e-01
1.169391e+00
4.557168e-01
3.264765e-01
1.591996e+00
1.355700e+00
3.905607e-01
1.010928e+00
3.566664e-01
2.853260e+00
9.136943e-01
9.846636e-01
6.047394e-01
9.304006e-01
2.706993e+00
5.129892e-01
1.443514e-01
1.472650e+00
2.629537e+00
1.129201e+00
1.077977e-01
1.256714e+00
1.654593e+00
1.587364e+00
6.972457e-01
4.299759e-01
1.322988e-01
2.316769e-01
1.531862e+00
2.367644e+00
8.826095e-01
1.456284e+00
1.514872e+00
3.468815e+00
2.001226e+00
1.655886e+00
2.065308e-01
2.322606e+00
8.726579e-01
1.052033e+00
1.024303e-01
1.765239e+00
1.059820e+00
5.122473e+00
3.563326e-01
1.484283e+00
5.307361e+00
2.109900e-01
2.063705e+00
6.930305e-01
1.007757e+00
1.791141e+00
1.085865e+00
5.040191e-01
2.289318e+00
1.731225e+00
1.954906e-01
3.861672e+00
1.244549e+00
7.946646e-02
9.788432e-01
3.848247e-01
1.556696e+00
1.186619e+00
9.649958e-01
7.855904e+00
8.602775e-01
1.567283e+00
9.120128e-01
1.874416e+00
1.286145e+00
1.142692e+00
2.045563e+00
1.836235e+00
3.665108e+00
3.379313e+00
1.360441e+00
1.573543e+00
4.315899e+00
2.415761e+00
2.043769e-01
1.735854e+00
1.672570e+00
2.949858e+00
2.159942e-01
1.039417e+00
1.572958e-01
4.164321e-01
5.293261e+00
2.873792e-01
9.643576e-01
1.191439e+00
6.330475e-01
8.742143e-01
1.364005e+00
1.162680e+00
6.207483e-01
6.884703e-01
2.537034e+00
7.417562e-01
3.229030e+00
1.463710e+00
1.327916e+00
3.125414e+00
4.775578e+00
4.296783e-01
1.153707e+01
1.282131e+00
7.148965e+00
4.816396e-01
2.738011e+00
4.309122e-01
4.884524e-01
1.466471e+00
1.548825e-01
1.488152e-01
3.969490e-01
9.584334e-01
2.730201e+00
5.822295e-01
6.548618e-01
3.099062e-01
8.074492e-01
2.882622e-01
4.966929e-01
6.713139e-01
2.286898e-01
2.295271e+00
3.333937e-01
9.621053e-01
3.714387e+00
8.654359e-01
8.063915e+00
1.359532e+00
2.195327e+00
1.341990e+00
8.139520e-01
2.032549e+00
3.363093e-01
7.623537e-01
4.224909e-01
1.159018e+00
7.709272e-01
3.214012e-01
1.609154e+00
1.887308e+00
4.821177e-01
7.232056e-01
1.859176e+00
3.866044e+00
1.515672e+00
3.047965e-01
7.777444e-01
5.310115e-01
1.429990e+00
1.424674e-01
2.728323e+00
7.057403e+00
2.582043e-01
2.028518e+00
2.659476e+00
6.516636e-01
1.886964e+00
2.810277e-01
2.909654e-01
3.241395e+00
2.558059e-01
4.278763e-01
5.938690e-01
7.346314e-01
8.675806e-01
4.265133e+00
8.295964e-01
2.024895e+00
2.408024e+00
3.694844e+00
3.812981e+00
5.313747e-01
1.431101e+00
1.890121e+00
8.316047e-01
1.556266e+00
4.590234e+00
8.319082e-01
1.883128e+00
4.902353e+00
6.633121e-01
1.598415e+00
7.734155e-01
1.435161e+00
3.589115e+00
8.870803e+00
4.601739e-01
8.510312e-01
1.359920e+00
1.682516e-01
5.069827e-01
3.928244e-01
1.526649e+00
1.185075e+00
4.015602e-01
4.030183e-02
2.259732e+00
2.980869e-01
1.076686e+00
3.033289e+00
5.346683e-01
6.749330e-01
3.369847e-01
6.121074e-01
2.198561e-01
2.185923e+00
8.363517e-01
8.260776e+00
7.585684e-01
3.101330e+00
4.686337e+00
2.643961e+00
3.527719e+00
2.862260e+00
4.624455e+00
3.586548e-01
2.060653e+00
7.964932e-01
7.409251e-01
1.050312e+00
1.056157e+00
3.009588e+00
1.504470e+00
2.733804e+00
1.247712e+00
1.504962e+00
9.421615e-01
2.783668e+00
4.116093e-01
1.998896e+00
1.583585e+00
2.223999e+00
2.585216e+00
5.651253e+00
9.085222e-01
2.659975e+01
8.559744e+00
3.864824e-01
3.575325e+00
2.148532e-01
7.898371e-01
2.717116e+00
5.232998e+00
9.921048e-01
2.184722e+00
1.380241e+00
4.445794e-01
2.484561e+00
1.208350e+00
2.132591e+00
2.220329e+00
3.437246e+00
2.886606e+00
3.981096e-01
1.149192e+00
1.861416e+00
3.637878e-01
1.503018e+00
2.070142e+00
1.002790e+00
3.895147e-01
4.127594e-01
3.388771e-01
5.177045e-01
7.937068e+00
1.066385e+00
9.857424e+00
8.097725e-01
1.753195e+00
5.065781e-01
7.002069e-01
1.196320e+00
1.254252e+00
1.028875e+00
1.912899e+00
1.612024e+00
4.264376e-01
2.506926e+00
2.999171e+00
1.307052e+00
2.505805e+00
6.054767e-01
1.794006e-01
1.852180e+00
5.793040e-01
2.038167e-01
1.155741e+00
1.312876e-01
6.328701e-01
7.056444e-01
2.551464e+00
6.352902e-01
9.389831e-01
7.860497e-01
1.894031e-01
2.307687e-01
5.717204e+00
1.840199e+00
2.371010e+00
1.347999e+00
8.740099e-01
6.322127e-01
2.303859e+00
9.838849e-01
2.466626e+00
1.393867e+00
1.108502e+00
5.006911e+00
3.410962e+01
1.389340e+00
5.145513e+00
6.032202e-01
2.000311e-01
9.932563e-01
1.208872e+00
1.522321e+00
1.362221e+00
1.553879e-01
1.167900e+00
1.047108e+00
5.455595e-01
1.241384e+00
2.997494e+00
9.644250e-01
1.551558e+00
6.430625e-01
4.569287e-01
9.164857e-01
3.664112e-01
2.648671e+00
5.176737e+00
1.224604e+00
7.615446e-01
6.734280e-01
4.515445e+00
1.292049e-01
2.241847e-01
4.264864e-01
3.423226e-01
1.154921e+00
6.194961e-01
6.511925e+00
2.180836e+00
8.628425e-01
2.998278e-01
6.183820e-01
1.164348e-01
2.580301e-01
7.689569e-01
1.220998e+00
8.509574e-01
1.072035e+00
2.789455e+00
5.095507e-01
7.802235e-01
1.228188e-01
8.830846e-02
1.079155e+00
9.321514e-02
8.909211e-01
9.319278e-01
2.538946e+00
7.037632e-01
2.807310e-01
5.418383e-01
4.395070e-01
1.127046e+00
5.974250e-01
9.712506e-02
2.281459e+00
4.253035e-01
2.318323e+00
8.088964e-01
9.884660e-01
4.058277e+00
2.538875e-01
6.098197e-01
7.860592e-01
1.959390e+00
8.311490e-02
6.701514e-01
4.574330e-01
1.089699e+00
6.482435e-01
7.717819e-01
8.241308e-01
1.257536e+00
3.388368e-01
3.731290e-01
1.329583e+00
4.564376e+00
1.634049e+00
2.357631e+00
4.890617e+00
3.586124e-01
3.757847e+00
1.874016e-01
1.963321e+00
7.554354e-01
3.633931e-01
1.374441e+00
2.720492e+00
1.436803e+00
6.019172e-01
1.537812e+00
2.997916e-01
1.757083e+00
5.833857e-01
5.578715e-01
3.968530e-01
2.629365e+00
8.997585e-01
3.066842e-01
9.156810e-01
9.052747e-01
1.005551e+00
1.473312e-01
1.004482e+00
3.966867e+00
1.073026e+00
3.669768e+00
6.030420e-01
2.011845e+00
6.323470e-01
1.228281e+00
1.305823e+00
3.817953e+00
2.079615e+00
3.400881e-01
1.323066e+00
2.814625e+00
2.412400e-01
6.916159e-01
5.630323e+00
1.992856e+00
4.544635e-01
2.053101e-01
2.812623e+00
1.146071e+00
1.295737e+00
4.239822e-01
1.203806e+00
5.336230e-01
1.813413e+00
7.018131e-01
1.986524e-01
5.451890e-01
1.127812e+00
2.168472e+00
1.200152e+00
5.909735e+00
9.101412e-01
3.018834e-01
1.447870e+00
3.763638e+00
1.021289e+00
9.374751e-01
5.253012e-01
2.777434e-01
2.977192e-01
1.214569e+00
1.863222e+00
4.796448e+00
1.647908e+00
7.099801e-01
2.148293e+00
2.557901e+00
2.060034e+00
1.611546e-01
1.293137e+00
3.374967e-01
1.101975e+00
4.246131e-01
1.119827e+00
4.772391e-01
3.730895e+00
2.617333e-01
9.781254e-01
1.843651e+00
3.158676e+00
1.268685e+00
2.107091e-01
6.530791e-01
5.714249e-01
7.074208e+00
4.849715e-01
9.875201e-01
9.704870e-01
1.287202e+00
5.401402e-01
1.168121e+00
8.543936e-01
1.169073e+00
6.741825e-01
1.086222e+00
1.687383e+00
7.355552e-01
6.486412e-01
1.047827e+00
1.157770e+00
5.766732e+00
9.784782e-01
4.632790e-01
9.143637e-01
1.407809e+00
1.608899e-01
6.631939e-01
9.523365e-01
4.322260e+00
4.231324e-02
8.478407e-01
1.877297e+00
5.655477e-01
4.379664e-01
4.460687e-01
5.111573e+00
5.245974e-01
1.015599e+00
6.923701e-01
1.106251e-01
4.262664e-01
6.914311e+00
7.782334e-01
5.049850e-01
6.475182e-01
1.662015e+00
1.039677e+00
2.829915e+00
5.783344e+00
1.681636e+00
8.953361e-01
2.032930e+00
4.581246e-01
4.388135e-01
1.249849e+00
2.632186e-01
4.166044e-01
8.098989e-01
3.988791e-01
1.105898e+00
8.585931e-01
1.528481e-01
2.164365e-01
2.607855e+00
1.109501e+00
1.533214e+00
4.916347e-01
3.586688e+00
3.127131e+00
4.701726e-01
9.635691e-01
9.685228e-01
1.153489e+00
8.361401e-01
2.297160e-01
3.098451e+00
4.741157e-01
1.707094e+00
1.349952e+00
6.624316e-01
3.799022e-01
1.190293e+00
4.093591e+00
1.303779e+00
8.746208e-01
9.544964e-01
1.574702e+00
1.216335e-01
8.481957e-01
2.815434e+00
1.174770e+00
3.183343e+00
2.828124e+00
2.287606e+00
5.315366e+00
1.024680e+00
1.638004e+00
1.789262e+01
5.629388e+00
1.805373e-01
6.996568e-01
9.796895e-01
8.924104e-01
8.386865e-01
7.877317e-01
3.164389e-01
6.763944e-01
2.705505e+00
2.041654e+00
5.753988e+00
5.712916e-02
5.447039e-01
1.040013e+00
3.307954e-01
3.977008e-01
1.088864e+00
2.336470e+00
6.667507e-01
1.089329e+00
1.630592e+00
2.773552e-01
3.303561e-01
1.482786e+00
1.281081e+01
3.140285e-01
1.769422e+00
1.895043e-01
2.642618e+00
5.105420e-01
1.797804e-01
1.909577e+00
1.432178e+00
8.144756e-01
2.279649e+00
5.036062e-01
1.258975e+00
4.638454e-01
4.346412e-01
1.032292e+00
8.978914e-01
7.794502e-01
1.771580e+00
2.401869e+00
2.043875e+00
5.708872e-01
7.058920e+00
8.011976e-02
2.039678e+00
1.560263e+00
4.858353e-01
9.991824e-01
1.697649e-01
1.587394e+00
1.938130e+00
2.623957e-01
7.439922e-02
4.525958e-01
3.643411e-01
1.063348e+00
2.445821e-01
8.278367e-01
2.899052e-01
2.788563e-01
5.085334e-01
9.426133e-01
8.672053e+00
2.761030e+00
9.078340e-01
2.228377e+00
1.879670e+00
1.341947e-01
4.849029e-01
3.754484e-01
1.536452e+00
1.144671e+00
1.361836e+00
5.663619e-01
2.023876e+00
3.233116e-01
6.213671e-01
3.125973e-01
9.952183e-01
1.702578e-01
1.526843e+00
3.019397e-01
2.988025e+00
3.431238e-01
6.291176e-01
1.075124e+00
1.198891e+00
7.360111e-02
1.850135e-01
4.634792e+00
2.548864e+00
1.574275e+00
4.243293e-01
4.433382e-01
2.546344e+00
2.468809e+00
3.438169e-01
1.859172e+00
8.623104e-01
2.238684e+00
7.587792e-01
1.569035e+00
2.927295e-01
4.680517e-01
4.169726e-01
3.295497e-01
2.557686e-01
1.503679e+00
1.022392e+00
1.980806e+00
3.401112e-01
1.635266e+00
1.689060e+00
6.429936e-01
1.918006e+00
5.757364e-01
2.844095e+00
9.028474e-01
2.821357e+00
2.904564e-01
7.113560e+00
5.811070e-01
1.150178e+00
1.145759e+00
7.290713e-01
3.105510e+00
1.109541e+00
2.153492e+00
2.444920e-01
1.596992e+00
2.386316e-01
2.708674e+00
7.717023e-01
1.146521e+00
1.636847e+00
2.462223e+00
7.117785e-01
3.960366e-01
3.188615e-01
5.055984e+00
1.212760e+00
4.836667e-01
1.176675e+00
9.610763e-01
1.054716e+00
1.471563e+00
3.329374e+00
8.521221e-01
1.000916e+00
4.193874e-01
7.636614e-01
2.467993e+00
5.773635e-01
8.820008e-01
1.455647e-01
6.104386e-01
4.232915e+00
1.954606e+00
4.862609e-01
5.596547e+00
2.743568e-01
1.038197e+00
2.440817e-01
1.676084e-01
1.164781e+00
9.270929e-02
1.467698e+00
2.009187e+00
5.706721e-01
3.941431e-01
4.513814e+00
2.787963e-01
9.126502e-01
6.015567e-01
2.379268e+00
3.306950e+00
1.475195e+00
1.353996e+00
7.349988e-01
1.035597e+01
2.020876e+00
6.937551e-01
2.384333e-01
7.676235e-01
2.658460e+00
3.414235e-01
1.859302e+00
1.771661e+00
7.580000e+00
1.063854e+00
8.936514e-01
4.239310e-01
1.611769e+00
3.663970e-01
3.857819e-01
2.257623e+00
3.309322e-01
1.853532e+01
1.410340e+00
8.462743e-02
4.929354e-01
1.604698e+00
5.843361e+00
9.484681e-02
3.694696e-01
1.332992e+00
9.134933e-02
7.704612e-02
7.579484e-01
1.568619e+00
2.500389e+00
3.583907e-01
1.296194e+00
1.329588e+00
1.213639e+00
1.709798e+00
7.174365e-01
1.250005e+00
1.952265e+00
5.767433e-01
8.500509e-01
1.460230e+00
1.110316e+00
2.361309e-01
1.080625e+00
2.702318e+00
1.315367e+00
1.326174e+00
2.085850e-01
4.466377e+00
1.032928e-01
6.177742e-01
2.902990e+00
3.066281e-01
2.542406e+00
1.795758e+00
9.059042e-01
2.999347e-01
1.527952e+00
2.734198e+00
4.361774e-01
8.238209e-01
1.346109e+00
4.195828e+00
2.469171e+00
2.745288e-01
9.128871e-01
6.772096e-01
1.038587e-01
2.100045e+00
1.953190e+00
4.915865e-01
9.774033e-02
1.202688e+00
8.254735e-01
3.407196e+00
6.558869e-01
1.983083e+00
3.118788e+00
1.827795e+00
7.511231e-01
4.863173e-01
1.189044e+00
1.466840e+00
1.419167e+00
6.441033e-01
9.272724e-01
2.960845e-01
3.186306e-01
5.373922e-01
2.655906e+00
2.643016e-01
4.546476e-01
3.755643e-01
6.618119e-01
4.387085e-01
2.179517e+00
4.190256e+00
1.052264e+00
6.653722e-01
2.783713e-01
2.194598e+00
3.357175e-01
5.951748e-01
9.461736e-01
1.136206e+00
9.821686e-01
1.404149e+00
9.204630e-02
4.805061e+00
2.116512e-01
8.858856e-01
3.685555e-02
3.255217e-01
8.538019e-01
3.139328e+00
1.294918e+00
3.089388e+00
3.804245e-01
3.243132e+00
3.231641e-01
2.723626e+00
1.638186e+00
1.111257e+00
3.802473e-01
6.931927e+00
7.562997e-01
9.259413e+00
3.942723e-01
7.821488e-01
5.914254e-01
5.639421e-01
4.803149e+00
3.580118e-01
7.297477e+00
3.761356e+00
9.343117e-02
3.750638e-01
3.044500e+00
1.574961e+00
1.593355e+00
1.355577e+00
3.962855e-01
1.877025e+01
1.426072e+00
1.738547e+00
6.452815e-01
8.358221e-01
2.766618e-01
1.293625e+01
1.558628e+00
1.371636e-01
2.870892e-01
1.225640e+00
4.476533e+00
7.516410e-01
3.005542e-01
5.436130e-01
6.667435e-01
2.837025e-01
2.169718e+00
6.449423e-01
2.348171e-01
2.307765e-01
1.084644e+00
8.489549e-01
4.310436e+00
6.809897e-01
1.209374e+01
3.289688e+00
2.999206e+00
2.406221e-01
9.585159e-01
5.054380e-01
1.235608e+00
1.192994e+00
1.663756e+00
1.105699e+00
1.577997e+00
1.183414e+00
2.023727e+00
1.508558e+00
1.521456e+00
6.391081e-01
4.401581e+00
1.838673e+00
1.130840e+00
6.399501e-01
4.216848e-01
2.840808e+00
6.733463e-01
9.309922e-01
2.316642e+00
2.708143e-01
4.068949e-01
2.904260e-01
1.977741e+00
3.553418e-01
8.086598e-01
4.319204e-01
1.102945e+00
1.134973e+00
4.323127e+00
3.423826e-01
2.417910e+00
7.017801e-01
1.174534e+00
1.075123e+00
2.552204e+00
2.033282e+00
1.123646e+00
3.453646e-01
7.441879e-01
1.766933e+00
4.268837e-01
7.494783e-01
1.392146e+00
2.658105e+00
1.715517e-01
1.471078e-01
6.140360e-01
1.061175e+00
1.544286e+00
8.489301e-01
2.542817e-01
3.085514e+00
7.724002e-01
8.707842e-01
5.048213e+00
1.288377e+00
6.473851e-01
2.192938e+00
1.121907e+00
1.046497e+00
9.225638e-01
5.310594e-01
3.295162e-01
1.509733e+00
2.511366e-01
3.085367e-01
3.622044e-01
2.294258e+00
5.981720e-01
2.567623e+00
9.059677e-01
1.182454e-01
7.951965e-01
3.176979e+00
1.915634e+00
1.410501e+00
5.176058e+00
8.162010e-01
3.650733e-01
6.513332e-01
1.666902e+00
4.510814e-01
2.646969e+00
1.105979e+00
3.178857e-01
9.655001e-01
7.779008e-02
2.296741e-01
2.359265e-01
1.707966e+00
7.414603e-01
1.015419e-01
5.462243e-01
1.475220e+01
1.089053e+00
1.228776e+00
1.098792e+00
2.295789e+00
1.607173e+00
1.893810e-01
1.452742e+01
4.541626e-01
1.201756e+00
1.163226e+00
5.221015e+00
2.331155e-01
1.073628e+00
4.516486e-01
1.293449e+00
1.623693e+00
3.043608e+00
4.128514e-01
5.557811e-01
4.796981e-01
3.070357e+00
9.595826e-01
2.815184e+00
3.635535e-02
1.728367e+00
3.317725e-01
1.631236e+00
5.669798e-01
8.361819e-01
8.532579e-01
4.530310e+00
1.337604e+00
1.227775e+00
7.568358e-01
2.153263e-01
5.846935e-01
4.058027e-01
2.386163e+00
4.295522e+00
2.487149e-01
1.237571e+00
4.916542e-01
2.471496e-01
8.435532e-01
1.765049e+00
2.334825e+00
3.396244e+00
5.903471e-01
5.234561e+00
7.516081e-01
1.383758e-01
2.626661e+00
7.840012e-01
1.218804e+00
5.608755e+00
5.515254e-01
4.028169e+00
1.236286e+00
1.196047e+00
7.008569e-01
1.050018e+00
3.888967e+00
1.417922e+00
8.917541e-02
2.427343e+00
2.619263e+00
5.770156e-01
8.643381e-01
3.368917e+01
1.271037e+00
4.775311e+00
2.023756e+00
1.988513e-01
7.906614e-01
1.423098e+00
1.087186e+00
1.082265e+00
1.528072e+00
7.058044e-01
8.108410e-01
7.642873e-01
2.142055e+00
2.316655e+00
1.060335e+00
2.989721e-01
9.676639e-01
1.369823e+00
9.695034e-01
2.550363e+00
1.975361e+00
4.828520e-01
9.176209e-02
1.472393e+00
2.054871e-01
2.480835e+00
5.693941e-01
4.165020e-01
1.164248e-01
1.454888e+00
4.835305e-01
5.498380e-01
4.951606e-01
3.196821e-01
2.085534e-01
6.732421e-01
8.773451e-01
1.188827e+00
9.351369e-01
6.826553e+00
3.812738e-01
1.203973e+00
2.873093e-01
4.905575e-01
6.428036e-01
1.842805e+00
5.223325e+00
1.288529e+00
1.540612e-01
7.465126e-01
1.553301e-01
2.365249e-01
8.665387e-01
9.758250e-01
4.269675e+00
3.769515e-01
3.437586e+00
1.865945e+00
4.148257e+00
4.201918e-01
1.074909e+00
3.167430e+00
1.200347e+00
2.468360e+00
3.560729e-01
3.469254e-01
9.398494e-02
1.075120e+00
7.065721e-01
8.088790e-02
4.706404e-01
7.311177e-01
1.886646e+00
2.611429e-01
1.723696e+00
3.899876e-01
3.197090e-01
3.508272e-01
1.491771e+00
7.326033e+00
1.785689e-01
7.599507e-01
3.278611e-01
6.035888e-01
8.386465e-01
2.214151e+00
7.770621e-01
4.094609e+00
8.922952e-01
2.399549e+00
9.227950e-01
2.384965e+00
2.197386e+00
5.984405e-01
2.966441e+00
2.284633e-01
1.319860e+00
2.059337e-01
1.555509e+00
4.604246e-01
1.932012e-01
2.704375e+00
2.793715e-01
6.752687e-01
2.286217e-01
3.001587e+00
4.047490e+00
5.457590e+00
1.585447e+00
1.572370e-01
6.366989e-01
1.164252e-01
1.271760e+00
4.978822e-01
7.512274e-01
1.766062e+00
3.303653e-01
3.617088e-01
2.352881e+00
4.645766e-01
2.136886e-01
6.560984e+00
1.591092e+00
1.305430e+00
5.849855e-01
4.711471e-01
5.970832e-01
9.199530e-01
1.802370e+00
1.571357e+00
1.100571e+00
9.815904e+00
1.308294e+00
4.768983e-01
2.721407e+00
2.248622e+00
3.963865e-01
6.973954e-01
1.831669e+00
2.847730e-01
4.147566e-01
4.673960e-01
7.937011e-01
3.159678e-01
9.299026e-01
3.402753e-01
3.758085e-01
1.386488e-01
5.168754e+00
7.790305e-01
9.671547e-01
8.880968e-01
2.509838e+00
3.512857e-01
1.102988e+00
2.850281e+00
7.410763e-01
9.738433e-01
8.709887e-01
8.121892e-01
9.630041e-01
6.589389e-01
3.910036e-01
1.636782e+00
1.368895e+00
4.456157e-01
4.883076e-01
1.294566e+00
3.237486e+00
5.298126e+00
7.401062e-01
1.755498e+00
6.428221e-01
7.994555e-01
