1.028187e+00
1.094500e+00
2.927688e+00
2.197300e+00
9.662805e+00
7.712292e-01
2.317896e+00
5.897279e-01
1.646121e+00
1.761108e+00
2.275322e+00
1.251251e+00
1.321425e+00
4.071707e-01
2.226004e-01
1.222597e-01
1.286742e+00
1.136373e+00
3.109412e+00
2.056873e-01
2.493968e-01
1.099543e+00
2.084336e-01
3.778807e+00
3.518949e+00
4.529651e+00
5.463926e-01
7.361484e-01
1.453045e+00
3.217908e-01
8.519846e-01
1.292141e+00
4.933563e+00
8.180264e-01
1.523312e+00
7.382372e-01
4.344618e-01
6.279105e-01
1.934696e+00
4.596816e-01
4.280418e+00
1.671445e-01
1.330631e+00
6.686187e-01
1.872825e-01
1.599846e+00
1.189390e-01
4.368070e+00
1.983252e+00
2.602036e+00
9.090238e-01
7.478541e-01
8.046165e-01
1.300307e+00
3.527460e-01
2.947909e-01
3.637590e+00
6.937254e-01
2.410502e+00
1.686354e+00
5.032540e-01
1.333992e+00
5.731877e+00
2.342021e+00
5.780184e-01
5.102495e+00
2.367174e-01
1.200284e+00
4.485701e-01
5.724515e+00
1.928241e+00
7.773765e-01
6.945261e+00
4.562914e+00
9.531303e-01
2.812229e-01
7.384500e-01
1.346946e+00
2.624472e+00
8.741886e-01
2.780715e+00
5.724344e-01
8.650103e-01
3.304503e+00
3.941905e+00
2.987792e+00
6.157779e-01
2.473301e+00
6.534361e+00
2.243269e+00
7.282714e-01
7.011582e-01
1.736750e+00
9.486636e-01
1.050463e+00
7.405075e-01
1.181378e+00
4.590047e+00
2.224222e+00
1.227049e+00
3.972044e+00
6.481017e-01
1.921595e+00
2.174095e+00
1.260709e+00
7.648590e+00
3.068512e+00
6.655562e-01
6.660718e-01
4.698929e-01
1.345771e+00
1.154391e+00
1.434870e+00
3.263210e-01
3.590016e+00
1.392665e+00
1.963227e+00
1.724802e+00
4.271102e-01
1.671112e+00
1.078445e+00
1.546722e+00
3.522690e-01
7.738316e+00
2.784264e+00
2.969827e+00
6.457954e+00
3.806871e-01
1.115334e+00
5.594280e-01
5.193067e-01
6.044730e-01
2.070444e+00
2.285455e+00
3.742022e+00
5.363567e+00
1.792255e+00
1.042809e+00
1.055323e+00
3.293677e-01
2.782865e+00
4.235380e-01
1.018305e+00
5.179916e-01
1.702142e+00
1.770756e-01
3.280017e-01
1.126148e+00
4.699063e-02
5.115111e+00
9.760378e-01
9.849952e-01
1.903208e+00
2.595879e+00
8.992658e-01
2.731856e+00
2.904475e-01
1.937751e+00
8.068750e-01
4.202482e-01
1.395428e+00
1.613285e+00
2.725981e-01
1.953666e+00
1.233500e+00
2.299908e+00
3.284607e+00
7.574625e+00
9.120166e+00
1.484697e+00
6.624588e-01
3.094324e-01
8.549776e-01
3.195242e-01
1.757645e+00
1.349278e+00
4.095197e+00
6.200971e-01
4.064284e-01
2.775022e-01
2.009716e-01
3.540083e+00
1.309240e+00
9.961268e-01
2.071801e+00
5.779546e-01
1.294325e+01
1.206751e+00
5.276580e-01
1.076479e+00
6.397428e-01
3.402643e+00
1.851505e+00
1.159552e+00
1.543769e+00
5.825452e+00
3.728709e+00
2.531136e+00
7.690142e-01
1.394408e+00
1.180908e+00
1.654714e+00
4.766521e-01
7.267715e-01
2.387280e+00
3.602690e-01
8.013149e-01
5.431910e-01
7.334655e-01
6.805122e-01
1.001212e+00
4.132965e+00
1.954231e+00
2.056223e+00
9.469912e-01
1.604908e-01
1.111799e+00
1.051252e+00
3.896868e-01
7.649961e-01
1.510550e-01
5.562746e-01
8.130698e-01
6.153895e-01
1.126661e+00
1.322517e+00
3.303011e-01
2.591197e+00
1.034957e+00
3.189625e+00
1.260995e+00
3.109308e-01
1.877170e+00
1.961445e+00
7.255644e-01
2.174484e+00
3.544177e+00
1.910806e+00
1.560190e-01
2.599674e+00
1.191250e+00
1.447652e+00
4.961101e+00
5.912356e-01
1.834168e+00
3.911936e-01
6.830762e-01
2.638180e-01
2.170640e+00
2.323947e+00
8.981135e-01
6.002438e-01
1.587410e+00
1.521475e+00
8.730700e-01
6.503199e-01
2.543416e-01
1.828118e+00
2.591618e+00
2.605389e-01
2.001177e+00
6.045865e-01
3.944352e-01
1.798192e+00
5.728783e+00
2.567440e+00
1.019388e+00
1.509937e+00
1.175986e-01
2.280150e+00
1.073474e+00
8.263461e-01
2.020590e+00
3.158394e+00
6.448574e-01
3.038697e+00
6.112645e-01
8.764144e-01
6.079940e+00
1.450216e+00
1.054636e+01
7.874441e-01
1.097498e+00
9.836300e-01
1.556965e+00
7.180153e+00
1.138147e+00
4.734259e-01
5.635959e-01
2.200362e+00
1.614854e-01
2.347266e+00
4.791279e-01
2.367036e+00
1.202198e+00
3.001173e-01
1.259779e+00
6.916836e-01
2.267608e-01
7.737479e-01
9.739268e-01
7.286659e-01
1.036986e+00
3.504385e-01
9.852492e-01
1.238490e+01
4.561166e+00
1.104429e+00
4.518034e-01
8.221439e-01
5.838457e-01
5.857965e-01
9.056698e-01
3.704703e+00
2.442207e-01
3.819789e-01
4.066321e+00
1.293294e+00
3.783120e-01
1.552778e+00
1.096392e-01
3.715044e-01
1.781113e+00
3.053552e+00
4.005163e-01
4.848047e-01
5.729397e-01
2.273964e-01
8.201070e-01
1.112923e+00
1.124866e+00
2.763041e-01
3.370649e-01
1.105221e+00
1.800092e+00
1.003735e+00
1.726307e+00
8.463815e-01
2.718311e-01
2.474693e+00
7.103305e-01
2.413565e+00
9.954924e-01
8.327366e-01
2.236652e+00
8.797671e-01
1.598863e+00
5.852734e-01
1.068487e+00
1.871595e+00
1.316235e+00
4.069414e-01
2.010213e-01
2.779042e+00
2.971363e+00
6.578508e-01
2.113524e-01
2.019940e-01
1.504163e+00
1.202167e-01
2.863832e-01
5.590496e-01
9.491593e-01
2.111603e-01
2.565219e+00
8.476052e-01
2.935196e-01
5.338677e-01
1.339230e+00
5.860023e-01
9.931115e-01
6.456479e-01
4.833006e-01
6.323251e-01
1.083108e+00
1.512007e-01
1.212737e+00
1.424608e+00
1.512970e+00
1.786200e+00
4.339552e-01
1.772635e+00
4.973313e-01
6.814501e-01
4.729931e-01
2.272773e+01
4.051623e+00
3.981817e-01
2.248618e+00
6.124325e-01
1.793872e+00
1.553211e+00
1.950771e+00
5.253887e-01
1.595696e+00
3.972698e-01
4.673885e-01
8.141205e-01
4.344095e+00
7.199793e-01
2.226043e+00
1.041796e+00
1.880856e+00
9.561002e-01
6.886650e-01
2.488120e+00
1.138555e+00
5.207184e-01
1.172894e+00
6.489484e+00
2.053468e+00
1.495118e+00
1.817036e+00
2.454555e-01
7.882850e-01
1.946106e+00
2.215085e+00
8.930758e-01
7.988281e-01
9.157746e-01
3.171153e-01
2.193125e-01
1.182197e+00
6.971681e-01
9.318110e-02
4.912037e-01
6.558753e+00
7.193888e-01
8.302415e-01
3.817614e-01
1.943053e+00
1.495362e+00
5.887572e-01
1.106625e+00
2.973383e+00
5.581830e+00
6.762840e-01
1.770536e+00
1.328012e+00
1.041903e+00
9.876474e-01
3.076310e+00
5.735843e+00
6.739674e-01
3.545813e-01
4.017981e-01
7.983609e-01
5.220544e-01
1.215834e+00
1.731370e+00
1.014666e+00
2.453111e+00
1.243989e+00
6.479257e-01
1.000239e+00
4.398777e-01
2.051226e+00
1.665516e+00
1.506695e+00
1.919801e+00
4.651239e-01
5.469091e-01
3.414232e+00
9.062293e-01
8.098306e-01
8.787035e-01
2.086540e-01
8.698597e-01
2.123196e-01
4.649947e-01
2.606093e+00
3.143037e+00
2.928791e-01
1.891290e-01
2.176251e+00
2.494728e+00
1.121597e+00
4.171981e+00
2.951168e-01
1.044401e+00
5.897881e-01
2.444652e+00
8.803692e+00
1.686210e+00
2.562095e+00
1.327102e+00
2.725421e+00
2.570197e+00
1.106747e+00
3.762543e-01
1.236348e-01
1.391093e-01
1.011641e+00
7.576120e-01
1.275560e+00
1.854416e+00
3.880595e-01
9.084088e+00
7.842464e-01
1.940140e+00
6.463747e-01
1.690152e+00
8.542513e-01
7.215177e-01
2.407441e+00
1.786810e+00
8.123115e-01
3.212149e+00
5.151448e-01
5.449425e-01
2.427267e+00
2.152403e+00
1.170940e+00
8.612831e-01
6.908649e-01
1.647273e+00
5.953867e-01
8.214081e-01
6.544735e-01
6.065109e-01
1.640272e+00
3.920269e-01
6.011646e-01
2.398996e-01
4.444919e-01
3.876209e+00
9.137730e-02
4.836173e-01
4.552411e-01
1.545661e+00
2.309015e+00
3.202314e-01
4.021586e-01
9.742720e-01
1.662308e+00
5.899536e-01
3.184107e+00
2.317447e-01
5.267370e-01
1.054478e+00
1.599945e+00
3.826263e-01
1.954867e+00
2.241399e+00
6.761912e-01
3.198281e+00
6.949732e-01
5.697761e+00
4.633548e-01
3.081175e-01
1.484620e+00
1.530782e+00
4.779379e-01
1.048741e-01
1.669458e-01
5.223442e-01
3.858834e-01
1.369489e-01
7.261136e-02
1.993556e-01
1.528151e+00
2.866262e-01
1.047951e+00
1.096765e+00
1.176582e+00
4.141445e-01
5.668532e-01
8.688746e-01
6.843811e+00
5.934223e+00
1.044541e+01
1.695212e+00
2.769538e+00
2.507583e-01
1.991516e+00
4.995290e-01
3.696652e-01
8.320674e-01
4.962352e-01
1.769498e+00
2.001641e+00
2.173334e-01
2.417581e+00
9.571012e-01
1.015042e+00
3.439300e+00
1.729423e+00
9.653702e-01
5.390775e-01
1.536249e+00
4.477674e-01
7.952822e-01
3.469355e-01
1.062273e+00
1.731006e-01
1.310799e+00
4.768234e+00
7.002187e-02
2.387700e+00
7.343950e-01
2.656147e-01
8.675402e-01
7.111107e-01
1.315326e+00
5.366912e-01
2.253265e+00
6.254813e-01
4.727287e-01
8.654333e+00
4.293035e-01
1.934957e+00
8.937137e-01
2.170421e+00
8.626925e-01
9.591549e-01
1.646568e+00
6.827532e-01
1.481307e+00
1.498277e-01
8.555438e-01
4.505404e-01
1.959159e-01
9.949080e-01
2.211375e-01
9.005982e-01
3.544682e-01
5.031970e-01
1.379068e+00
8.493393e-01
9.468615e-01
8.538663e-01
2.107013e+00
2.959730e-01
4.218109e-01
1.254504e+00
1.768552e+00
3.375600e-01
4.297395e+00
1.818958e-01
6.163464e-01
8.384187e-01
1.603639e+00
5.155591e+00
1.228603e+00
2.507602e+00
2.700438e-01
2.338507e-01
2.226682e+00
3.728470e-01
7.155119e-01
2.098944e-01
6.835949e-01
3.599537e-01
2.692921e-01
7.986658e-01
2.359340e-01
3.815947e-01
1.436815e+00
1.283512e+00
3.151797e+00
5.177946e-01
1.086844e+00
3.115050e-01
2.532587e-01
2.317383e+00
1.409554e-01
4.501117e-01
7.630687e-01
1.505895e+00
1.175324e+00
6.953914e-01
3.975227e-01
2.341929e+00
1.609270e+00
1.343402e-01
7.221317e-01
2.924701e+00
2.181510e+00
2.444959e+00
2.519713e-01
5.010552e-01
9.756692e+00
1.827902e+00
8.455083e-01
1.313449e+00
6.500091e-01
2.346436e+00
1.268575e+00
2.233153e+00
3.655225e-01
8.531330e-01
7.078311e-01
6.739114e-01
6.409923e-01
3.672411e+00
2.944605e+00
4.699906e+00
3.695596e+00
1.054884e+00
1.621639e+00
1.807290e+00
1.927185e+00
3.224975e-01
6.093317e+00
3.147741e-01
9.020046e-01
3.254328e+00
4.876939e-01
3.843253e-01
4.268658e+00
7.875470e-02
4.188278e+00
1.279120e+00
4.980539e-01
1.201946e+00
4.368488e-01
2.635703e+00
2.228932e+00
2.385274e+00
1.605341e+00
1.398017e+00
1.807256e+00
7.440958e-01
1.027523e+00
5.825742e-01
1.629417e-01
3.071891e+00
5.351472e+00
2.075557e+00
2.384956e+00
1.032006e+00
9.046308e-01
8.830294e-01
1.133644e+00
1.626319e+00
2.001210e+00
1.143265e+01
6.162685e-01
2.588275e+00
7.488604e+00
2.204493e+00
1.724139e+00
1.413183e+00
1.316583e+00
7.490361e-01
1.372113e+00
8.183127e-01
8.065338e-01
1.970640e-01
3.072693e+00
1.338004e+00
3.306197e+00
4.805901e-01
1.669450e+00
2.294399e+00
1.370988e+00
3.526532e-01
4.633203e-01
2.527465e+00
9.566691e-01
3.221150e-01
1.196310e+00
4.626977e+00
1.523625e+00
2.951944e+00
1.305318e+00
3.152110e+00
3.199047e-01
1.955074e+00
3.487503e-01
4.228120e+00
1.677588e+00
1.896522e+00
5.672976e-01
2.714671e+00
3.829497e-01
1.790132e+00
1.576888e+00
5.969717e-01
1.487728e+00
1.747217e+00
2.119677e-01
3.560273e-01
4.450461e-01
9.644151e-01
1.966137e+00
4.270434e+00
3.408732e-01
4.645506e-01
1.434807e+00
2.416278e-01
4.757637e-01
4.027308e+00
7.861274e-01
3.478778e-01
2.579838e+00
2.647456e+00
1.445835e+00
6.167181e-01
1.504492e+00
9.601600e-01
1.082386e+00
3.353562e+00
3.964931e-01
2.086808e+00
4.572279e-01
6.030521e-01
3.692687e-01
3.632563e-01
4.852962e-01
1.617269e+00
1.120984e+00
5.859378e+00
1.343678e+00
3.493300e+00
2.292995e-01
2.776209e+00
4.559885e+00
2.379045e-01
8.807699e-01
9.282858e-01
9.983678e-01
1.247201e+00
6.811408e-01
3.566340e+00
1.929059e+00
1.672866e+00
1.697841e+00
4.615262e-01
4.516765e-01
3.993419e-01
3.724520e+00
1.433587e+00
3.753639e-01
1.326249e+00
1.844681e+00
3.634505e+00
4.318097e-01
4.907596e-01
4.644303e+00
7.317003e-01
2.412691e+00
1.556260e+00
1.083907e+00
5.923175e+00
7.956636e-01
1.118393e+00
2.825345e-01
1.140663e+00
1.634520e+00
6.783580e-01
8.855879e-01
7.579276e-01
1.942976e+00
2.378074e-01
2.972712e-01
1.194275e+00
2.815243e-01
5.160554e-01
2.656573e+00
1.407952e-01
5.315043e-01
2.377857e+00
1.364867e+00
2.439464e+00
4.196952e-01
2.774213e+00
1.204587e+00
3.062849e-01
6.529565e-01
3.497035e+00
6.359122e-01
5.521420e-01
9.419262e-01
3.532228e-01
5.210899e-01
1.101131e+00
8.734288e+00
2.996192e+00
3.986362e-01
9.344002e-01
4.191383e+00
2.124226e+00
1.405061e+00
2.716686e+00
1.553830e+00
6.222474e+00
3.289908e-01
1.356084e+00
2.697736e+00
4.461275e+00
2.056369e-01
4.568085e-01
1.688409e-01
1.044490e+00
5.422032e-01
9.908205e-01
1.307432e+00
2.048612e+00
6.534838e-01
1.229896e+00
3.378268e-02
7.083208e-01
1.204601e+00
5.808879e-01
1.000560e+00
8.663151e-01
1.141301e+00
2.650427e+00
1.326623e+00
9.381974e-01
1.115518e+00
6.596608e-02
8.017604e+00
3.373950e-01
2.167808e-01
6.996596e-01
6.180079e-01
3.985603e+00
7.721294e-01
2.975308e-01
1.940527e+00
8.930898e-01
2.891099e-01
7.495322e-01
2.253367e-01
6.069580e+00
7.019106e-01
1.111645e+00
7.291818e-01
1.138254e+00
5.723196e-01
8.647000e-01
1.361979e+00
1.374483e+00
5.394939e-01
8.509383e-01
1.523372e-01
3.553342e-01
3.552668e-01
1.454036e+00
8.356328e-01
1.108466e+00
6.847322e-01
5.921330e-01
9.217296e+00
2.632574e-01
1.349208e+00
1.983332e+00
2.482849e-01
1.944733e+00
1.010074e+01
3.276163e-01
1.624113e+00
1.042086e+00
3.358816e-01
4.525087e-01
1.676595e+00
7.841709e-01
2.445627e+00
5.575702e-01
1.718031e+00
2.264546e+00
2.263082e+00
1.783845e+00
3.420701e+00
6.923455e-01
1.414492e+00
1.271912e+00
6.614251e-01
1.025230e+00
6.312826e-01
1.055667e+00
4.874654e-01
2.091805e+00
8.588967e+00
8.607198e-01
6.969003e-01
2.738367e+00
2.627822e+00
8.357304e-01
1.106816e+00
5.788070e-01
1.127470e-01
4.325786e+00
2.567537e+00
4.855001e-01
1.123374e+00
1.735704e+00
1.027726e+00
1.942196e+00
9.813828e-01
3.443630e+00
1.325175e-01
9.430646e-01
2.685147e+00
8.268941e+00
1.170525e+00
1.071542e+00
2.303174e+00
1.371089e+00
1.443282e+00
8.818405e-01
1.153315e+00
1.473567e+00
1.397354e+00
4.143461e-01
7.601207e-01
5.325738e-01
1.054979e+00
1.332163e+00
5.528163e+00
9.777771e-01
1.316059e+00
1.742829e+00
3.762885e-01
9.155753e-01
3.443607e-01
2.290593e+00
1.585381e+00
3.171315e+00
3.323344e+00
3.195334e+00
7.036362e-01
9.418816e-01
1.044780e+00
3.540100e-01
3.821233e-01
5.186960e+00
1.395702e+00
4.529919e-01
1.639069e+00
2.821315e+00
1.321114e+00
9.443241e-01
1.175287e+00
1.310239e+00
5.259415e-01
1.309944e+00
2.879877e-01
5.883826e+00
1.625355e+00
8.186640e-01
3.705553e-01
3.164205e+00
1.100581e+01
1.944770e-01
1.932727e-01
2.243295e+00
1.038158e-01
2.668182e-01
6.225248e-01
1.454407e-01
4.068265e-01
1.954269e+00
3.489418e-01
1.987604e+00
8.466868e-01
2.188715e-01
7.057373e-01
6.913540e+00
1.162419e+00
4.059143e-01
4.051406e-01
3.884252e-01
1.888249e+00
2.552812e-01
9.891524e+00
1.044930e+00
8.300293e-01
4.390358e+00
1.074204e+00
1.188828e+00
1.843577e-01
3.600976e+00
7.867419e-01
6.456260e-01
1.415795e+00
6.707183e-01
4.749681e-01
8.635917e-01
6.223333e-01
6.628932e-01
9.958195e-02
5.593614e-01
1.306130e+00
5.608069e+00
1.887004e-01
8.731834e-01
1.957641e-01
2.424730e-01
1.770289e+00
1.053816e+00
9.158221e-01
6.518540e-01
8.855649e+00
7.634171e-01
4.005612e-01
9.904221e-01
1.559241e+00
1.228509e+00
1.656756e-01
1.463094e+00
1.232118e+01
1.086546e+00
6.116528e-01
5.941110e-01
2.104198e-01
2.773127e+00
6.337986e+00
7.681284e-01
1.906909e-01
3.497625e-01
7.933307e-01
1.381802e+00
8.731176e-01
9.858771e-01
5.210618e-01
7.139301e-01
1.052105e+00
6.562119e+00
6.651785e-01
1.007873e-01
3.761509e-01
6.225140e-01
1.568389e-01
1.934006e-01
2.885620e+00
3.769948e-01
5.800714e+00
3.956673e+00
3.767482e+00
1.173955e+00
1.218690e+00
9.043519e-02
7.244934e-01
1.055534e+00
1.669695e-01
2.802037e-01
1.113031e+00
4.316746e-01
1.185409e+00
2.973819e+00
1.868788e+00
9.882134e-01
8.931975e-01
2.718602e-01
1.259973e+00
8.379802e-01
1.603305e+00
5.353020e-01
6.873228e+00
2.381788e+00
2.597497e+00
1.334646e-01
3.102661e+00
2.246691e+00
1.856536e+01
1.077649e+00
1.001425e+00
5.822078e-01
1.836852e+00
1.583019e+00
3.400723e-01
2.210119e+00
1.347062e+00
4.104816e+00
4.952909e-01
2.936758e+00
2.805631e-01
1.392242e+00
2.887577e-01
4.018250e-01
7.137046e-01
1.332221e+00
9.278823e-01
5.098903e+00
4.830676e+00
4.163549e+00
1.365863e+00
5.916007e-01
7.240990e-01
2.213367e-01
2.560261e-01
1.010039e+00
2.903126e-01
1.278712e+00
1.660098e-01
1.477852e+00
3.762686e-01
1.006856e+01
4.881155e-01
1.583702e+00
7.814058e-01
1.096473e+00
9.480710e-02
7.805658e-01
5.712345e-01
1.056995e+00
1.176893e-01
9.490550e-01
9.251604e-01
1.394386e-01
4.957110e-01
1.229590e-01
6.833108e-01
8.559500e-01
3.885806e+00
5.642048e-01
3.335822e+00
1.162711e-01
1.083898e-01
1.205758e+00
2.597344e+00
2.979318e-01
4.109893e-01
1.424197e+00
1.574632e+00
4.079354e-01
5.653810e-01
5.929636e-01
2.671471e+00
4.170342e-01
4.329091e-01
1.024400e+00
1.688042e+00
2.671443e+00
6.854448e-01
1.212642e+00
1.251482e-01
6.307423e-01
1.395201e+00
1.142970e+00
8.217307e-01
1.272968e+00
6.084981e-01
7.600131e-01
2.204643e-01
1.229944e-01
4.975750e-01
2.106574e+00
4.389800e-01
1.188033e+00
1.388795e+00
4.115986e+00
7.051740e-01
7.800179e+00
1.042493e+00
3.228059e+00
5.540884e-01
1.029488e+00
1.037990e+00
5.427394e-01
2.697496e+00
2.814788e-01
4.568293e-01
1.208080e+00
2.403978e+00
1.391090e+00
5.034831e-01
1.097949e+00
2.853827e+00
1.760212e-01
6.541673e-01
1.005972e+00
2.397403e-01
5.947065e-01
1.902400e-01
3.249639e+00
3.456779e-01
2.354088e+00
6.448771e-01
2.642500e+00
4.403749e-01
3.577872e-01
1.420637e+00
3.277863e-01
5.763592e-01
1.652509e+00
1.701733e+00
2.856511e-01
1.468623e+00
2.195120e-01
3.425351e+00
1.407977e+00
3.838508e+00
1.743176e+00
4.994585e-01
6.205360e+00
6.650372e-01
1.535227e-01
1.192166e+00
6.049681e+00
1.043717e+00
9.928456e-01
1.180487e+00
1.182093e+00
3.493964e+00
2.091917e+00
4.662826e-01
1.025590e+01
2.344821e-01
3.072166e+00
1.377266e+00
5.805104e-01
2.657676e-01
1.565967e+00
2.152166e-01
6.949973e-01
1.770051e+00
2.625542e-01
2.899386e+00
3.051979e+00
6.919735e-01
3.692594e+00
1.774296e+00
2.745173e+00
3.922058e-01
8.656968e-01
2.341106e+00
3.276081e-01
3.697011e-01
2.043240e+00
3.513776e-01
3.188101e-01
4.603520e-01
9.022997e-01
3.014886e-01
4.381725e-01
4.155902e-01
4.518747e-01
4.081859e+00
8.551327e-01
1.529278e-01
1.896624e+00
1.679755e+00
1.571853e+00
2.661926e+00
5.734045e-01
7.559623e+00
1.252935e+00
5.397685e+00
1.524295e+00
2.512441e+00
2.499089e+00
3.859199e+00
5.175499e-01
8.525844e-01
6.716592e-01
3.312162e-01
2.302855e-01
8.704856e-01
1.024947e+00
9.094348e-01
1.927831e+00
2.836366e-01
2.052054e+00
2.881143e-01
5.548297e-01
2.118412e+00
5.364145e+00
1.959001e+00
2.262506e+00
2.762563e-01
1.594337e+00
1.216365e+00
1.678408e+00
1.164963e+00
7.031359e-01
1.676327e+00
3.053571e-01
2.341598e+00
7.554510e+00
9.508191e-01
7.421143e-01
3.099136e-01
2.329506e-01
1.890588e-01
1.894931e+00
1.079168e+00
3.438099e-01
1.898974e+00
2.808703e-01
7.891976e-01
2.013552e+00
2.544438e+00
3.426612e-01
2.276809e+00
1.093702e+00
3.680054e-01
1.173042e+00
2.233549e+00
1.210069e+00
8.540709e-01
4.938746e-01
2.953189e-01
2.934459e-01
1.455737e+00
5.088646e-01
7.508736e-01
8.657135e-01
3.669122e-01
1.714949e+00
3.137024e-01
2.391432e+00
1.470369e-01
2.225480e+00
6.985374e-01
2.846369e+00
1.537738e+00
5.546386e-01
2.982228e+00
6.315089e-01
2.350367e+00
2.059353e+00
1.985851e-01
8.642969e-02
1.267030e-01
6.082616e-01
1.718827e+00
2.916688e+00
1.171216e+01
4.372850e-01
8.338975e-01
2.278555e-01
1.735054e+00
1.460253e+00
9.514906e-01
9.891888e-01
2.291267e-01
2.820112e+00
2.391630e-01
6.018871e-01
6.667714e-01
3.533306e+00
1.475797e+00
1.199393e+00
9.226542e-01
2.110541e+00
1.516396e+00
4.360169e-01
9.189720e-01
2.184020e-01
1.669907e+00
8.253910e-01
1.468760e+01
6.095976e-01
1.090826e+00
1.700958e-01
4.325764e-01
1.169974e-01
1.205120e+01
2.359658e+00
7.761026e-01
5.379781e+00
7.440872e-01
9.565225e-01
1.037509e+00
3.074388e-01
8.453371e-01
3.486126e-01
1.608255e+00
6.188673e-01
9.928125e-01
1.052093e+00
1.061380e+01
1.344279e-01
3.228385e-01
1.014563e+00
4.535267e-01
7.639044e-01
9.125155e+00
1.424158e+00
7.853228e-01
6.391159e-01
1.943179e+00
2.246212e+00
1.260158e-01
2.784616e+00
4.824485e-01
9.028159e-01
8.507931e-01
1.099422e+01
8.801407e-01
1.965418e+00
7.609651e-02
1.234130e+00
9.171421e-01
7.200463e-01
1.000579e+00
6.507457e+00
2.580566e-01
1.436885e+00
3.420197e-01
2.566410e-01
1.532956e+00
5.337732e-01
4.492503e-01
5.585837e-01
3.235788e+00
4.640096e-01
3.794588e-01
6.244733e-01
1.933178e+00
3.478797e+00
3.410757e-01
4.206050e-01
5.830944e-01
1.075778e-01
1.880104e+00
8.126080e+00
7.363673e-01
1.578995e+00
5.716017e-01
3.694582e-01
2.043449e+00
2.273709e-01
9.487830e-01
3.675260e+00
4.489756e-01
2.911225e+00
9.202648e-01
5.402901e-01
5.359586e+00
1.569651e-01
3.798925e+00
2.727485e-01
9.628975e-01
4.980421e-01
1.787979e+00
8.670807e-01
6.147781e-01
6.083932e-01
3.926152e-02
1.444407e-01
5.070072e-01
2.256436e+00
2.444796e-01
6.591652e+00
2.252135e+00
2.118947e-01
3.167405e+00
9.136379e-01
3.655946e-01
6.657765e-01
5.818236e-01
1.807211e+00
1.630262e+00
3.981444e+00
1.332312e+00
4.592906e-01
1.777092e+00
4.768204e-01
1.523179e+00
7.043777e-01
2.793539e+00
8.742879e-01
1.466568e+00
3.194328e+00
1.798410e+00
6.124014e+00
1.852376e+00
6.446502e-01
1.729397e+00
6.870845e-01
4.740402e-01
2.194087e-01
5.470163e-01
1.218153e-01
1.031882e+00
7.254897e-01
1.065491e+00
2.600655e-01
4.038975e-01
2.178765e-01
4.345395e-01
6.734581e-01
1.718801e+00
5.242876e-02
2.757671e+00
7.061867e-01
6.005564e-01
7.019265e-01
2.165791e+00
1.292909e+00
2.645748e+00
9.076510e-02
8.246710e-01
3.928929e-01
5.763437e-01
2.259229e-01
1.925583e+00
1.531402e+00
6.280802e-01
1.705645e+00
7.435149e-01
1.038622e+00
8.282826e-01
1.984250e-01
1.395186e+01
5.095243e-01
1.704443e+00
1.830129e+00
1.092281e+00
7.180186e-02
1.390155e+00
6.530940e-01
5.021801e-01
1.068367e+00
1.498479e-01
1.524252e+00
4.198856e-01
2.101868e+00
1.063570e+00
3.330887e+00
1.077944e+00
3.207124e-01
1.590004e-01
1.046899e+00
3.594280e-01
1.916402e+00
1.778560e+00
4.414977e+00
1.019244e+00
7.018443e-02
4.026010e+00
4.358320e+00
2.482853e-01
3.009584e-01
6.355477e-01
2.570498e-01
8.913096e-01
1.153383e+00
1.546494e+00
2.164214e-01
2.086453e-01
1.180988e+00
5.097484e+00
1.575464e+00
5.789138e-01
3.937196e+00
3.032834e+00
4.301881e+00
1.848231e+00
3.943192e-01
7.370628e-01
5.930232e+00
2.132469e+00
1.390822e+00
3.399436e-01
1.895509e+00
6.705355e-01
4.289612e+00
2.126067e+00
1.166120e+00
3.847021e+00
2.636189e+00
4.014955e-01
6.632086e-01
2.892201e+00
1.020398e+00
1.789287e-01
8.615466e-01
5.540612e-01
9.371244e-01
7.634383e-01
2.439496e+00
3.826852e+00
2.681533e-01
6.911142e-01
3.775473e+00
2.483269e-01
8.062676e-01
1.174363e-01
3.864197e+00
2.603958e-01
1.343843e-01
4.022753e+00
1.425944e+00
1.519286e+00
1.328568e-01
7.337841e-01
1.194696e+00
6.259007e-01
2.719016e-01
3.031760e-01
1.846414e+00
2.184241e-01
2.175000e+00
1.051423e+00
3.349328e+00
3.702755e-01
9.307719e-01
1.032914e+00
1.959681e+00
2.110142e+00
1.062857e+00
1.124637e+00
2.681932e+00
6.354757e+00
5.165268e+00
1.606362e+00
1.421686e+00
2.965535e-01
3.617869e-01
5.923637e-01
2.561642e+00
3.953628e-01
2.103158e-01
2.936837e+00
1.973788e+00
3.588216e+00
1.751826e-01
9.899375e-01
2.667310e+00
5.787500e-01
3.227909e-01
2.322070e+00
1.163104e+00
1.216245e+00
2.245807e-01
2.260810e+00
1.724456e+00
1.344082e+00
1.479528e+00
7.198803e-01
9.298681e-01
2.166556e-01
7.479566e-01
6.646240e+00
2.074839e+00
1.153379e+00
1.840495e+00
1.761100e+00
7.732206e-01
2.012852e-01
2.701913e-01
2.080631e+00
1.052116e-01
6.904874e-01
1.874105e+00
1.460611e+00
1.730518e-01
6.686670e-01
1.404859e-01
1.699970e+00
1.269933e+00
4.061560e-01
1.375601e+00
3.389763e+00
2.832589e+00
2.293462e+00
1.097606e+00
1.841107e+00
5.800794e-01
3.391309e-01
5.066227e-01
5.458749e-01
5.939939e-01
1.037265e+00
1.607163e+00
1.213287e+00
7.855675e-01
1.629211e+00
1.448813e+00
9.996829e-01
5.185411e+00
7.447822e-01
7.183211e-01
1.430315e+00
7.977836e-01
1.646028e+00
1.422924e+00
9.092502e-01
1.599704e+00
1.097016e+00
3.861002e-01
9.283630e-01
1.994344e+00
1.878376e+00
8.714437e-01
4.235354e-01
1.232039e+00
8.583667e-01
8.803137e-01
3.714264e-01
1.633858e+00
1.063759e+01
1.915356e-01
5.973426e-01
3.113921e+00
1.450071e+00
1.019794e+00
1.955492e+00
1.695779e+00
7.432292e-02
4.884860e-01
1.309429e+00
3.983578e+00
2.597535e+00
4.663652e-01
1.465870e+00
4.195914e+00
1.329508e+00
9.446062e-02
4.760424e-01
5.491210e-01
2.141909e-01
5.748940e-01
4.266753e-01
4.385207e+00
1.836014e-01
2.205955e-01
9.706350e-01
5.113757e+00
1.215955e-01
4.170497e-01
3.583939e-01
2.611730e+00
5.566273e-01
7.132758e-01
8.357810e-01
2.439862e-01
3.051035e+00
8.332786e-01
7.023882e-01
5.752989e+00
2.506626e+00
7.512213e-01
3.557927e-01
3.703316e-01
2.969385e+00
6.396582e-01
9.263185e-01
5.776015e-01
7.547168e-01
3.293562e-01
5.005576e-01
1.181789e+00
1.043519e+00
1.393590e+01
4.666716e-01
1.056313e-01
1.479018e-01
3.202318e-01
1.981927e+00
3.661778e-01
6.213369e+00
4.974005e+00
1.277842e+00
2.512048e+00
3.221863e+00
5.011972e-01
2.070856e+00
6.051113e+00
2.387718e+00
5.189754e-01
5.443655e-01
1.021700e+00
4.110606e+00
2.465785e+00
6.083927e-01
1.788859e+00
5.617474e-01
5.774936e-01
2.590820e-01
1.342700e+00
6.390215e-01
6.584378e-01
1.099970e+00
4.835524e-01
1.049193e+00
1.289862e-01
1.622204e+00
4.308102e-01
5.839098e-01
6.751055e-01
2.570365e+00
1.213985e+00
5.072271e-01
2.440290e-01
8.173318e-01
2.691320e+00
8.382576e-01
7.884951e-01
2.059948e+00
2.462243e+00
1.240385e+00
5.968606e-01
5.418222e+00
4.270633e+00
8.901457e-02
2.438429e+00
3.842239e+00
1.803761e+00
4.484759e+00
1.924208e+00
7.928874e-01
4.662833e+00
1.354481e+00
1.384227e+00
8.459679e+00
9.853492e-01
4.021023e-01
1.995016e+00
2.480471e+00
1.196974e+00
8.584831e-01
8.887817e-01
1.517401e-01
9.475315e+00
2.965927e+00
4.601649e+00
2.309676e+00
2.354161e+00
5.905513e-01
6.203179e-01
1.656774e+00
2.444100e-01
5.916570e+00
2.179182e+00
5.390335e-01
6.033886e-01
7.197880e-01
1.007206e+00
2.571379e+00
8.662399e-01
1.942626e-01
7.564272e-01
1.327328e+00
2.639493e+00
3.362764e+00
1.253546e+00
2.895872e-01
3.096146e-01
6.303578e-01
6.120851e-01
2.621321e-01
1.019273e+00
1.248139e+00
4.824026e-01
9.888330e-01
1.416517e+00
2.058373e+00
6.537730e-01
5.672879e-01
5.929719e-01
9.460046e-01
6.154317e-01
3.715745e+00
2.591302e+00
2.210746e+00
2.164340e+00
1.983089e+00
1.049723e-01
5.559488e-01
1.740899e+00
1.503874e+00
8.641754e-01
1.335779e+00
4.761218e-01
1.691316e+00
1.912109e+00
2.297489e+00
3.050623e+00
9.794731e+00
7.212282e-01
8.432460e+00
7.782883e+00
3.323832e+00
2.067891e+00
2.353567e+00
6.659574e+00
9.235036e-01
3.794806e-01
2.278958e-01
1.906793e-01
5.633464e+00
2.407017e+00
1.698741e+00
3.366768e-01
1.982007e+00
6.613609e-01
4.507965e-01
6.964695e-01
1.278605e+00
1.910784e+00
5.747275e-01
3.167167e-01
2.797803e-01
1.642718e+00
7.259329e-01
8.556168e-01
2.539821e+00
3.457243e+00
6.055552e-01
2.203366e-01
7.948350e-01
2.811599e+00
1.301830e+00
7.503957e-01
3.894581e+00
9.495403e-01
2.621642e-01
3.683958e+00
8.698965e-01
1.507514e+00
3.212706e-01
2.312876e+00
9.045237e-01
9.829101e-01
4.183090e-01
8.621388e-01
7.129439e-01
7.963332e-01
5.927957e-01
5.414682e+00
2.805415e+00
8.254622e-01
6.489924e-01
6.935689e+00
1.920551e-01
3.167217e+00
2.783489e-01
5.871409e-01
1.122659e-01
1.316046e+00
8.938819e-01
3.099429e-01
1.489113e+00
3.677318e+00
3.741587e-01
5.787894e-01
5.624505e-01
1.492393e+00
2.788875e-01
1.549001e+00
1.245752e+00
1.832653e+00
1.136509e+00
3.476484e-01
5.219720e-01
6.586728e+00
3.327205e-01
6.161403e-01
1.047554e-01
9.734992e-01
1.538456e+00
1.456178e+00
7.806945e-01
4.985562e+00
1.589520e+00
6.249517e-01
2.185209e+00
1.549125e-01
1.832333e+00
3.041190e+00
6.948889e-01
5.510701e+00
4.001949e-01
8.340440e-01
5.066120e-01
3.803663e-01
2.611125e+00
5.352669e-01
3.935791e-01
1.182608e+00
5.544259e-01
1.095980e+00
1.202696e+00
7.291207e+00
2.259360e+00
8.244359e+00
8.115809e-02
1.291811e+00
5.364016e-01
2.879080e+00
7.854583e-01
1.001355e+00
6.773898e+00
9.071849e-01
4.520367e-01
2.698186e+00
1.786777e+00
2.217200e-01
2.621792e-01
5.890645e-01
2.233978e-01
1.840782e+00
1.037959e+00
7.161501e-01
3.469457e-01
2.312797e+00
5.977660e-01
3.188083e-01
5.154171e-01
1.188646e+00
1.132903e+01
1.001740e+00
2.230927e+00
3.983282e-01
2.327442e+00
4.170471e-01
9.551715e-01
2.438251e+00
1.674437e-01
1.416394e+00
8.853560e-01
4.159516e-01
7.692722e-01
4.554337e+00
2.690539e+00
3.568719e-01
1.560154e+00
3.337352e-01
5.550783e-01
3.614354e+00
9.378662e-01
5.253774e+00
1.494503e+00
8.215378e-01
6.965730e+00
3.945751e+00
4.323176e-01
1.646588e+00
1.388768e+00
1.701203e+00
1.298079e+00
1.998656e+00
1.983086e-01
1.670168e+00
3.171725e+00
2.790746e+00
1.649882e+00
1.622528e+01
1.408291e+00
9.645761e-01
1.327763e+00
1.316577e+00
8.076577e-01
2.129519e+00
5.056689e-01
8.842040e-01
3.912662e-01
2.328402e+00
2.523740e+00
1.721737e+00
9.027944e-01
2.510617e+00
5.781772e-01
1.635710e+00
6.502703e-01
3.374626e-01
5.125434e-01
2.570698e+00
1.260251e+00
9.586861e-01
6.401205e-01
1.570031e+00
1.044980e+00
1.544034e+00
7.673279e-01
9.684494e-01
2.754778e-01
1.965179e-01
1.242416e+00
8.248625e-02
5.571403e-01
4.209976e-01
9.205424e-01
1.664429e+00
5.766708e-01
6.640210e+00
1.360043e+00
2.786895e+00
5.565435e-01
3.277919e-01
2.659147e+00
9.613106e-01
6.591321e-01
7.749125e-01
1.115535e-01
1.198600e+00
8.048251e-01
5.661681e+00
5.743320e-01
1.353452e+00
4.448599e+00
1.266694e+00
1.052186e+00
1.408963e-01
7.199731e-01
2.957380e+00
3.747913e-01
2.094469e-01
1.165261e+00
5.346052e-01
4.528419e+00
5.472317e-01
1.595315e+00
2.264811e+00
1.386916e+00
3.258109e+00
1.561247e+00
4.726540e-01
1.970754e-01
2.387467e+00
6.153076e-01
1.183648e+00
6.806477e-01
2.930912e-01
9.213190e-01
4.507373e+00
2.372918e+00
4.998801e+00
3.834427e-01
2.945681e+00
1.009535e+00
2.603147e+00
2.433292e+00
5.398946e-01
6.153354e+00
2.847131e-01
1.397646e-01
1.026583e+01
9.335943e-01
9.814590e-01
4.584479e+00
2.328768e+00
1.974699e+00
3.202106e-01
1.981265e+00
8.494299e-01
1.332211e+00
2.398293e+00
2.067345e+00
9.042099e-01
8.106011e-01
6.352154e-01
5.093890e-01
1.598351e+00
7.041140e+00
1.462280e+00
5.728055e-01
1.842856e+00
6.066949e-01
3.015635e+00
1.509721e+00
8.221078e-01
3.080775e-01
8.036877e-01
5.086879e-01
4.255176e-01
8.464905e-02
1.070545e+00
2.054913e-01
1.199087e+00
3.371000e+00
6.804751e+00
1.573317e+00
1.139803e+00
4.776335e+00
9.361580e-01
3.947115e-01
2.544876e-01
1.061108e+00
4.195404e-02
1.534689e+00
3.184572e+00
2.004837e+00
1.560951e+00
1.415237e+01
6.468523e-01
4.803258e-01
3.278282e+00
9.890752e-01
1.344393e+00
6.450656e+00
2.646019e+00
1.211493e-01
8.159364e-01
5.201521e-01
1.192755e+00
1.384885e+00
1.667418e+00
2.441657e+00
6.289021e-02
1.729597e+00
1.168365e+00
1.330678e+00
1.079005e+00
1.667641e+00
7.898032e-01
1.119589e+00
2.031972e+00
8.796750e-01
7.664708e-01
3.899989e-01
1.641413e+00
1.814319e+00
1.522725e+00
8.677726e-01
1.138929e+00
1.468828e+00
2.267552e+00
8.598695e-01
1.045167e+00
2.498929e+00
1.033988e-01
1.179759e+00
1.414423e+00
1.587039e+00
2.059708e+00
1.109511e+01
6.283428e-01
2.882824e+00
4.604783e-01
7.582841e-01
5.673598e-01
8.776240e-01
6.135315e+00
1.222276e+00
1.151892e-01
9.046356e-01
9.370646e-01
5.086902e-01
1.207292e+00
9.905127e-01
8.318988e-01
7.924057e-01
4.243317e-01
3.098581e-01
5.226136e-01
8.781843e-01
2.450583e+00
4.745682e+00
2.900767e+00
6.790784e-01
4.926921e-01
1.126742e+00
1.911554e-01
1.376015e+00
3.080106e-01
2.855199e-01
9.907037e-01
6.967477e-01
4.691324e-01
8.117738e-01
5.832808e-01
4.510191e-01
2.439464e-01
8.077863e-01
9.755356e+00
4.347774e-01
1.684436e+00
4.161289e-01
2.719458e-01
1.546669e+00
2.288360e-01
4.189369e+00
6.542178e-01
1.347540e+00
2.343910e+00
5.911899e+00
1.300400e+00
6.635650e-01
3.664679e-02
1.370100e-01
1.015037e+00
3.847910e-01
3.976786e+00
3.345304e-01
3.122056e+00
4.029097e-01
3.561233e-01
2.681189e-01
4.691121e-01
1.281079e+00
7.508950e-01
5.576952e-01
3.027606e-01
1.030403e+00
7.248896e-01
4.900192e+00
1.756274e-01
1.228960e+01
2.249421e+00
1.456926e+00
1.015830e+01
6.493510e-01
4.704532e+00
4.381320e-01
8.208293e-01
1.421562e+00
7.324136e-01
9.223874e-01
1.885911e+00
7.580013e-01
8.868825e-01
7.812359e+00
1.291130e+00
1.409640e+00
1.049380e+00
1.225552e+00
4.186250e+00
4.027200e+00
2.420079e-01
7.914344e-01
8.399628e-01
7.018473e-01
7.281944e-01
1.521620e+00
3.287788e+00
4.527329e-01
1.188847e+00
8.027960e-01
2.861563e-01
1.820750e+00
6.034565e+00
1.025889e+00
5.948257e-01
5.771271e-01
8.958318e-01
3.908562e+00
4.547050e+00
5.743932e-01
2.594334e-01
9.375871e+00
4.851474e-01
5.766774e-02
1.365266e-01
5.460246e-01
7.033924e-01
3.751385e-01
3.936852e-01
1.822078e+00
3.513652e+00
5.027417e-01
3.407948e-01
3.270217e+00
1.549658e+00
1.443791e+00
1.825014e+00
5.747236e-01
1.969708e+00
2.453318e+00
7.959385e-01
4.275500e+00
1.345941e+00
2.121799e+00
5.716729e-01
7.929306e-01
2.212667e+00
6.124934e-01
2.834344e+00
1.045388e+00
1.560703e+00
2.034017e-01
9.764498e-01
1.357888e+00
8.575888e-01
5.897319e-01
2.083030e+00
1.111892e+00
1.003986e+00
2.447713e-01
9.322692e-01
6.490567e-01
5.659792e-01
3.973104e+00
4.417090e-01
1.354649e-01
3.555747e-02
7.018004e-02
5.396797e-01
1.008810e+00
2.484801e+00
9.957902e-01
2.970907e-01
9.374031e-02
7.071284e-01
1.796954e-01
1.220061e+00
3.741642e-01
4.311981e-01
9.195389e-01
1.425363e+00
5.406252e-01
1.416278e+00
4.568823e+00
1.191161e-01
5.603339e-01
4.186709e-01
9.159594e-01
4.415754e+00
4.057631e-01
1.180590e-01
2.825144e-01
5.079387e-01
2.507601e-01
3.986173e+00
2.094885e+00
2.245071e+00
1.455488e+00
1.303036e+00
8.508936e-01
7.323672e-01
6.067539e-01
5.322238e-01
3.628791e+00
2.393724e+00
1.506723e+00
1.254809e+00
1.781755e+00
6.872515e+00
4.920892e-01
1.141676e+00
9.220596e-01
1.517048e+00
1.445683e+00
3.400012e-01
9.914213e-01
9.021397e-01
3.951075e+00
3.494609e+00
8.713226e-01
1.690805e+00
4.901056e-01
8.067872e-02
1.001309e+00
9.603387e-01
5.003013e-01
1.014009e+00
3.595822e+00
8.194346e-01
2.966352e+00
1.501325e+00
5.808367e-01
3.182546e+00
3.300663e-01
9.478434e-01
1.255141e-01
8.882040e-01
5.132301e+00
4.499177e+00
2.068218e+00
4.415198e-01
9.185470e-01
3.291469e+00
3.539604e+00
3.198478e-01
1.242911e+00
5.889646e-01
6.088549e-01
1.330431e+00
8.979025e+00
5.223228e-01
2.459452e+00
5.452195e-01
1.070406e+00
1.233734e+00
2.042830e-01
5.739456e-02
8.451710e-01
1.250120e+00
3.023757e+00
3.661036e-01
1.431341e+00
4.111333e+00
3.524808e-01
9.640476e-01
1.724733e+00
3.071144e+00
9.566199e-01
1.653994e+00
4.229984e-01
4.658359e-01
4.608669e-01
3.848572e+00
1.235379e+00
1.656924e+00
1.947491e+01
2.111831e+00
1.191803e+01
1.706161e+00
1.971710e-01
5.744329e-01
2.154291e+00
1.130006e-01
2.688283e+00
2.657044e-01
1.429353e+00
2.932657e-01
3.312907e+00
3.385294e+00
1.353932e+00
1.249489e+00
1.125913e+00
6.888476e-01
8.869401e-01
6.001245e+00
2.423616e+00
7.704952e-01
9.170059e-01
1.578916e+00
1.293530e+00
7.271013e-01
4.678185e-01
2.692766e+00
2.136956e+00
4.710908e-01
5.000352e-01
2.153632e+00
4.741435e+00
8.144212e-01
3.380705e-01
2.281149e+00
5.997913e-01
1.525136e+00
3.513050e-01
1.284543e+00
3.636267e-01
2.092730e-01
3.106174e-01
1.488534e+00
1.630030e+00
1.121823e+00
9.320122e-01
1.955186e-01
1.067506e+00
4.285380e+00
1.788839e-01
1.361507e+00
3.822549e+00
4.368829e-01
5.285855e-01
2.343712e+00
2.405708e-01
3.685305e-01
2.008605e+00
2.079121e-01
3.920825e-01
7.062548e-01
5.589995e-01
1.244704e+00
4.056290e-01
5.059085e-01
3.960208e-01
9.170850e-01
2.848130e+00
9.497957e-01
1.452464e+00
9.241704e-01
4.529589e-01
5.780873e-01
8.270788e-01
9.048104e-01
1.752604e+00
1.291335e+00
1.231454e+00
1.169096e+00
2.414582e-01
8.566820e-01
1.057850e+00
2.603601e+00
1.103669e+00
5.192229e-01
8.544186e-01
1.974621e+00
8.705187e+00
5.117524e-01
1.527600e+01
9.064291e-01
2.045356e-01
4.924026e+00
2.917923e-01
8.338413e-01
5.202471e+00
1.033815e+00
6.804268e-01
9.519521e-01
1.004360e+00
1.212858e+00
8.261433e-01
6.209707e-01
7.492611e-01
1.222544e+00
1.232087e+00
3.483078e+00
1.020013e+00
1.253497e+00
1.519219e+00
2.184112e+00
2.262334e+00
1.935323e+00
3.069241e+00
1.430260e+00
1.481470e+00
9.912101e+00
1.131291e+00
8.227740e-01
2.275674e-01
3.144777e-01
8.503419e-01
1.718527e+00
1.563984e+00
1.378179e+00
3.666688e-01
1.116288e+00
3.239698e-01
7.411415e+00
2.933348e+00
4.915194e+00
1.305594e+00
1.013761e+00
2.756104e+00
9.495614e-02
1.981376e-01
6.215145e-01
2.368785e+00
5.600924e-01
1.644732e+00
5.742251e-01
2.686886e+00
1.441765e+00
2.698533e+00
3.639585e+00
6.313913e-01
4.530194e-01
2.918703e-01
6.601915e-01
2.834473e-01
9.079472e-01
3.923683e-01
6.157252e-01
4.605330e+00
1.082329e+00
1.033342e+00
1.691169e+00
3.232835e+00
1.429726e+00
5.298999e-01
6.613726e+00
3.467287e+00
2.136001e+00
5.452473e+00
2.455522e-01
6.381417e-01
2.256202e+00
4.976475e-01
2.041819e+00
3.599066e-01
1.873102e+00
3.652180e-01
3.305070e-01
4.430380e+00
1.504655e+00
3.305442e-01
1.690409e+00
8.403910e-01
1.682852e-01
5.994325e-01
7.054230e-01
2.907099e-01
4.130605e-01
6.798389e-01
1.506416e-01
1.197727e+00
7.932268e-01
4.471398e-01
9.797461e-02
9.082057e-01
1.069742e+00
2.215131e+00
2.869773e+00
2.207179e-01
1.718577e+00
7.549354e-01
1.710987e+00
2.481689e+00
1.708216e+00
5.179023e-01
2.284259e-01
4.584035e+00
6.721055e-01
1.299799e+00
7.976298e-01
5.761346e+00
2.776605e-01
4.141297e-01
4.226850e-01
1.006516e+00
7.762945e-01
3.960874e+00
2.043779e-01
1.164368e-01
8.324249e-01
3.547660e-01
3.644937e-01
2.428497e-01
1.212662e+00
1.999828e+00
7.495968e-01
1.223200e+00
1.037139e+00
1.215752e+00
1.518283e-01
1.236338e+00
1.579772e+00
3.124578e+00
3.492859e+00
9.544286e-01
5.387602e-01
4.919840e-01
1.281175e-01
1.294664e+00
7.031760e-01
5.951025e-01
8.994605e-01
9.368454e-01
3.381340e+00
9.768793e-02
2.468712e-01
2.481166e+00
2.914316e-01
8.624675e-01
5.440848e-01
1.791628e+00
1.154600e+00
7.021064e-01
3.052330e+00
5.858150e-01
2.096539e+00
1.588012e+00
1.355251e+00
3.602891e-01
4.692815e-01
7.525477e-01
1.801056e+00
1.440163e+00
1.326485e+00
6.748739e-01
4.407167e-01
2.472192e+00
1.053172e+00
1.173358e+00
2.161637e-01
1.206085e+00
9.006428e-01
7.801491e-01
1.163403e+00
8.926361e-01
2.042241e-01
6.002172e-01
1.020314e+00
4.797852e-01
5.745527e-01
1.140401e+00
6.482449e-01
3.530367e+00
1.036073e+00
3.223088e+00
1.313033e+00
3.053602e+00
1.108010e+00
2.777830e-01
4.032033e-01
1.338172e+00
4.775024e-01
7.905981e-01
5.683097e-01
7.354184e-01
3.842257e-01
2.651415e+00
6.463939e-01
1.089534e+00
2.513688e+00
1.465935e+00
1.428462e+00
2.841402e-01
2.268931e+00
2.050036e-01
5.487776e+00
6.196865e-01
1.129327e+00
1.429865e+00
1.100695e+00
9.701297e-01
6.665235e-01
4.405776e-01
2.151409e-01
3.171445e+00
3.673792e-01
1.658960e+00
2.465203e+00
1.713074e+00
3.231566e-01
8.062383e-01
2.439885e-01
1.960478e-01
1.552319e+00
1.081286e+00
2.194933e-01
5.943816e-01
1.113225e+00
1.552570e-01
3.654594e-01
1.311417e+00
2.134077e+00
2.533877e+00
6.001737e-01
1.793712e-01
4.284620e-01
2.217158e+00
1.159842e+00
2.192631e-01
2.382501e+00
2.747966e+00
1.797416e+00
7.390430e-01
1.241130e+00
2.039971e+00
2.283031e+00
2.320777e+00
1.282740e+00
5.060364e-01
5.458411e-01
6.921143e-01
1.074290e+00
4.274272e+00
8.478438e-01
1.428821e+00
1.007045e+00
5.902015e+00
6.766715e-01
5.109644e-01
1.104511e-01
2.869202e-01
5.490341e+00
1.325184e+00
1.545632e-01
1.467325e+00
8.535774e-01
7.062966e-01
4.636186e-01
1.734008e-01
2.709263e+00
1.580127e+00
9.303084e-01
1.819256e-01
1.448758e-01
1.087517e+00
2.672533e-01
1.414929e+00
1.833613e+00
9.970187e-01
2.753498e-01
9.217018e-01
5.148705e-01
1.307692e-01
3.675816e-01
4.182762e-01
1.769731e-01
3.374846e-01
6.263093e+00
3.316878e+00
1.181161e+00
1.532523e+00
2.478642e+00
6.864054e-01
4.229154e+00
2.738995e+00
1.584179e+00
1.040601e+00
1.903838e+00
1.723630e+00
4.206301e-01
2.528611e-01
7.795512e-01
1.213858e+00
3.986830e-01
1.655767e+00
9.239674e-02
9.778510e-01
5.844102e+00
5.690686e-01
6.869687e-01
1.025585e-01
3.671042e+00
3.114460e+00
1.032315e+01
2.055399e+00
1.706392e+00
6.772896e-01
2.692937e+00
1.520027e+00
1.008506e+01
3.023344e-01
3.090986e-01
3.260426e-01
1.280585e+01
2.063478e+00
8.034570e-01
2.030405e-01
1.215505e+00
3.341514e-01
4.412400e+00
3.609930e-01
8.832489e-01
2.731461e+00
6.530820e-01
1.237351e+00
8.964828e-01
1.139015e-01
3.411818e-01
3.015184e-01
1.105698e-01
8.173649e+00
7.773218e+00
6.716411e-01
1.554803e+00
2.452878e+00
2.214358e+00
9.974532e-01
2.927125e-01
6.271222e-01
1.867299e+00
1.113401e+00
6.313673e+00
2.059846e+00
3.406659e-01
5.235981e+00
6.856167e+00
1.578873e+00
4.070933e-01
1.361225e+00
5.714122e-01
1.685250e+00
3.010674e+00
2.383823e+00
1.045724e+00
3.693197e-01
1.140061e+00
3.229980e+00
1.179600e+00
8.428055e-01
6.942896e-01
9.903711e-01
1.483294e+00
1.911955e+00
1.705568e+00
8.302353e+00
3.563105e+00
3.544123e+00
5.310724e-01
2.842214e-01
4.760895e+00
5.174867e-01
3.982990e+00
2.094034e-01
4.845395e-01
1.317521e-01
1.462740e+00
1.617370e-01
1.303500e+00
9.706545e-01
2.529999e+00
7.838493e+00
1.168260e+00
1.655518e+00
1.082325e+00
1.847455e+00
1.071683e+00
1.513507e+00
1.973927e+00
1.463069e+00
2.141159e+00
4.415094e-01
1.283582e+00
8.446868e-01
1.420254e+00
7.340796e+00
1.934830e+00
7.669271e-01
1.343651e+00
2.020819e+00
3.609810e-01
4.738729e-01
2.723255e+00
4.251720e-01
8.186210e-01
1.916608e+00
1.843375e+00
1.296779e-01
2.198038e+00
2.278560e+00
3.332290e-01
2.671235e-01
5.654780e-02
3.698147e+00
2.641683e+00
2.123177e+00
6.934765e-01
3.602382e+00
2.370502e+00
2.328856e+00
6.564385e-01
1.338698e-01
7.109151e-01
7.473024e-01
3.109649e+00
5.546659e-01
3.867491e+00
4.158507e+00
2.076321e+00
5.173779e+00
3.516803e-01
1.912642e-01
1.420933e+00
2.648847e+00
3.521051e+00
4.099632e+00
5.104090e-01
4.904509e-02
3.411022e+00
1.257106e+00
6.397452e-01
4.036045e-01
9.304076e-01
3.090853e+00
1.445075e+00
4.318491e-01
5.959019e+00
9.450715e-01
1.649456e+00
2.851646e-01
1.467164e+00
2.811423e+00
1.120723e+01
6.449361e-02
5.987458e-01
2.343023e+00
3.694741e-01
5.688808e-01
8.735245e-01
5.373442e+00
6.504853e-01
1.506279e+00
5.407548e-01
1.847522e+00
1.330719e+00
8.897619e-01
6.354727e-01
4.633613e-01
3.352434e+00
7.751921e-01
1.728679e+00
1.672854e+00
2.543630e+00
2.948328e+00
1.695130e+00
2.137206e-01
1.358758e+00
3.222750e-01
3.655285e-01
3.071156e-01
8.779195e+00
2.955401e-01
8.997043e-01
2.377158e-01
1.729479e+00
5.929092e-01
1.793535e-01
5.367707e-01
2.865948e-01
2.982885e+00
1.087441e+00
1.389075e+00
1.472930e-01
6.617628e-01
1.597322e+00
2.338084e+00
4.566423e+00
8.897369e-01
3.293299e+00
3.999952e+00
5.057357e+00
7.816287e-01
3.168646e+00
2.093780e-01
9.426088e-01
9.590525e-01
1.252997e+00
2.743995e+00
1.088256e+00
8.406335e-01
2.932592e+00
1.408672e+00
1.448850e+00
6.695123e-01
3.544304e+00
1.912903e+00
9.237509e-01
3.668330e-01
1.279148e+00
3.294002e-01
6.892459e-01
1.627258e+00
2.537778e+00
3.462550e+00
1.086990e+00
1.411250e+00
2.398274e-01
4.935325e-01
9.695410e-01
9.472751e-01
9.042259e-01
2.590450e+00
2.134867e+00
9.382364e-01
5.506457e-01
1.705283e+00
2.363011e+00
1.182370e+00
1.363448e+00
5.741713e-01
1.305225e+00
3.077840e+00
1.157185e+00
2.603918e+00
1.886140e+00
1.515504e+00
7.982919e-01
1.122171e+00
2.850874e+00
1.835772e+00
2.479263e+00
1.201269e+00
4.095944e+00
4.408655e-01
8.401301e-01
1.129317e+00
2.131718e+00
1.982147e+00
4.783856e-01
3.882520e-01
6.227420e+00
1.907791e+00
4.806857e-01
4.044663e-01
1.287553e+00
3.037813e-01
2.453860e-01
2.820048e+00
5.063933e-01
2.870249e+00
6.267002e-01
7.740132e-01
5.189363e+00
5.369053e+00
7.675522e-01
2.800024e+00
9.084915e-01
6.370256e-01
3.308308e-01
1.254367e+00
7.674600e-01
6.289043e-01
7.724640e+00
1.372449e-01
1.643670e+00
6.798407e-01
3.291386e-01
1.322325e+00
5.472993e-01
5.870233e-01
1.194260e+00
1.353188e+00
2.199394e+00
1.604286e+00
2.159139e+00
6.919739e-01
9.417627e-01
9.925185e-02
8.033263e-01
1.462096e+00
6.119193e-01
7.521867e-01
1.487265e+00
4.740074e+00
9.057946e-02
8.034781e-01
8.314798e-01
3.881711e+00
1.033995e+00
7.433021e+00
4.730910e-01
1.896729e+00
2.722261e+00
5.614802e-01
2.376546e+00
3.211081e-01
2.436969e-01
7.201359e-01
2.422021e+00
2.297143e+00
3.955196e-01
1.397636e+00
5.073605e-01
1.484238e+00
3.457566e-01
1.004616e+00
3.815920e+00
5.064719e-01
2.588556e+00
2.189784e+00
2.757148e-01
3.888853e+00
1.150015e+00
4.375935e-01
1.108208e+00
3.169183e-01
1.243070e+00
1.563627e+00
9.096465e-01
4.044130e+00
1.165413e-01
2.328407e+00
6.227297e-01
1.090097e+00
2.685825e+00
6.405107e-01
2.608259e+00
4.173115e+00
8.251870e-01
7.355025e-01
1.553741e+00
1.244072e+00
3.198948e-01
3.461230e-01
2.345205e+00
8.192857e-01
7.796812e-02
4.537125e-01
2.772577e+00
9.508573e-01
1.650805e-01
1.166544e+00
1.805647e+00
1.105283e+01
1.720433e+00
1.024562e+00
4.399541e-01
2.441944e+00
5.372058e-01
8.120613e-01
5.237964e-01
1.260800e-01
2.813553e+00
8.799889e-01
1.365475e-01
2.433868e+00
2.449845e-01
1.449006e+00
3.762716e-01
6.363221e-01
3.887372e-01
1.304667e+00
9.443453e-01
7.450600e-01
1.584687e+00
5.267000e+00
1.454241e+00
1.457512e+00
7.534189e-01
3.264909e-01
3.843336e-01
1.368436e+00
2.814408e-01
4.351863e+00
3.393261e+00
8.820692e-01
8.945834e+00
9.056353e-01
5.953786e-01
1.669470e+00
3.885900e-01
1.689507e+00
9.347782e-01
5.022823e-01
1.605134e+00
8.749096e-01
3.449736e+00
1.393893e+00
8.875646e-01
4.544698e+00
9.442686e-01
1.219158e+00
3.787744e-01
1.493031e+00
7.279828e-01
2.103196e+00
2.071118e+00
4.808828e-01
3.393087e+00
1.951952e+00
1.863630e+00
3.812759e+00
3.524221e-01
1.301748e+00
2.561269e+00
3.797516e-01
1.741125e-01
2.132987e+00
6.687018e-01
5.712168e+00
5.287874e-01
3.551530e-01
7.733814e-01
1.642373e+00
7.109632e-01
7.460054e-01
1.209676e+00
2.353290e-01
1.398920e+00
5.541596e+00
5.852628e+00
7.169250e-01
9.363553e-01
4.939497e-01
1.414062e+00
1.191625e+00
1.889874e+00
7.532431e-01
1.824038e+00
2.499087e-01
1.002954e+00
2.259779e-01
1.285581e+00
2.928494e+00
6.466351e+00
3.208005e-01
1.001144e+00
1.540959e+00
2.920149e+00
6.709506e-01
1.825709e+00
7.892494e-01
8.683267e-01
3.230937e+00
9.210636e-01
1.192338e+00
5.633471e-02
2.840622e-01
1.423844e+00
8.417633e-01
2.317882e+00
1.550408e+00
1.302876e+00
3.805301e+00
1.048424e+00
3.455926e+00
8.410496e-01
5.672842e-01
1.642704e+01
1.901302e+00
1.262385e+00
1.397912e+00
1.555425e+00
2.304054e-01
1.960642e+00
3.476151e-01
5.186529e-01
2.669628e+00
7.481515e+00
5.524418e-01
7.292961e-01
6.967700e-01
2.511050e-01
2.700904e+00
1.732377e+00
6.355650e-02
1.490841e+00
5.963738e-01
9.020188e-01
1.001123e+00
1.148652e+00
8.812116e-01
6.929424e-01
5.601894e-01
7.643078e-01
8.706547e-01
2.873520e-01
8.098561e-01
5.358866e+00
5.966236e-01
1.738115e+00
7.035626e-01
2.519989e+00
1.278580e+00
4.652333e-01
1.512222e+00
8.847136e-01
3.208246e+00
2.284383e+00
1.296741e+00
1.820181e+00
1.237266e+00
2.086394e-01
7.949274e-01
4.584632e+00
5.999811e-01
7.969306e-01
4.205460e-01
9.319045e-01
1.905668e-01
9.858994e-01
3.766018e-01
4.154450e+00
3.459965e+00
5.182169e-01
2.825253e+00
1.878091e+00
1.700683e-01
5.244747e-01
2.077178e-01
2.816912e+00
2.237627e-01
6.091654e-01
5.613930e-01
4.409252e-01
1.182594e+00
4.691985e-01
3.150810e+00
5.044954e+00
9.090690e-01
7.507582e-01
6.953863e+00
7.887127e-01
3.300464e+00
3.655189e+00
5.905290e+00
4.576370e-01
2.518238e+00
3.311116e+00
1.214056e+00
9.967208e-01
8.139613e+00
1.975189e-01
6.275921e+00
1.428718e+00
7.498455e-01
7.803331e-01
