1.933453e+00
4.040424e+00
4.950982e+00
1.340022e+00
3.030939e-01
2.502373e+01
4.123538e-01
3.515697e-01
9.622866e-01
4.208269e-01
4.896421e+00
2.986851e-01
5.426478e-01
2.613570e+01
1.344228e+00
1.383246e+00
5.570233e-01
5.014674e+00
1.024209e+00
2.063565e+00
4.172483e-01
3.849955e-01
8.052598e-01
8.406643e-01
1.285563e+00
5.169022e-01
1.317781e+00
4.773979e-01
9.474581e-01
2.303767e-01
2.979343e-01
5.119485e-01
3.327381e+00
1.769536e+00
1.888365e+00
3.264244e+00
2.679628e+00
1.667885e+00
3.364189e-01
4.056030e+00
5.510754e+00
1.387478e+00
4.454681e-01
1.329344e+00
8.636934e-01
1.708328e+00
6.315243e-01
2.902679e-01
1.495366e-01
1.318102e+00
2.582716e-01
3.381982e+00
2.871819e-01
8.736190e-01
6.062015e-01
1.016037e+00
1.031269e+00
7.304948e-01
3.966745e+00
3.297850e-01
2.259998e+00
1.407274e+00
3.140981e+00
2.510837e+00
3.523984e+00
4.925136e-02
2.397591e+00
1.732467e+00
6.837868e-01
9.991671e-01
1.476013e+00
6.608216e-01
7.484523e+00
1.740539e+00
1.310234e+00
4.406922e+00
5.784471e+00
9.917957e-02
4.335463e+00
4.093863e-01
2.168081e+00
1.569732e+00
3.219270e-01
1.794016e+00
6.079406e-01
2.289213e+00
3.829328e-01
7.951084e-01
1.061901e+00
1.242962e+00
1.923266e-01
2.774349e-01
2.004553e+00
1.158548e+00
6.528883e-01
7.146712e-01
1.039932e+00
1.041711e+00
8.908385e-01
5.955534e-01
3.426342e+00
4.741378e+00
1.410910e+00
3.398721e-01
2.790223e+00
6.805918e-01
5.410386e-01
7.473346e-01
6.649182e-01
5.096939e-01
1.826082e+00
7.799242e-01
3.916022e-01
1.296306e+00
1.127651e+00
3.306312e+00
6.219331e-01
3.115622e+00
2.444912e-01
7.820082e-01
9.321423e-01
3.065746e+00
1.436035e+00
1.447229e+00
3.042910e-01
6.583779e-01
5.225541e-01
1.803917e+00
4.565332e+00
1.030911e+00
1.253393e+00
1.542646e+00
1.248526e+00
1.522089e+00
5.060612e-01
3.232486e-01
3.195704e+00
2.815724e-01
5.607770e+00
1.424227e+00
3.378791e+00
6.080176e-01
8.633757e-02
2.680875e+00
7.807468e-01
1.366864e+00
7.127059e-01
6.482579e-01
1.136640e+00
4.826056e-01
1.007294e+01
1.881865e+00
5.091511e-01
5.357021e+00
2.364507e-01
2.989810e+00
5.744384e+00
3.786615e-01
7.214246e-01
2.231670e-01
1.565900e+00
6.531486e-01
3.898945e-01
1.174021e+00
1.244980e+00
4.805797e+00
3.183229e-01
7.673473e-01
1.462802e+00
1.189645e+00
3.706991e-01
2.209333e+00
7.324130e-01
1.652698e+00
1.104294e-01
3.988352e-01
6.900679e-01
1.610503e+00
7.318657e-01
1.504248e+00
7.397107e-01
1.166315e+00
5.304285e+00
1.624019e+00
5.064447e-01
3.504597e+00
1.492687e+00
1.268663e+00
3.534893e+00
5.834198e+00
6.716447e-01
9.980469e-01
5.358461e-01
1.878305e+00
7.028198e-01
1.572610e+00
1.466866e+00
1.158649e+01
1.159758e+00
1.265377e+00
5.977000e+00
1.379938e+00
1.213723e+00
2.357167e-01
1.804931e-01
3.450265e-01
1.212651e+00
9.068860e+00
3.804307e-01
1.546399e+00
5.803984e-01
1.464832e+00
2.908428e-01
5.573420e+00
8.743673e-01
1.689962e+00
5.978481e-01
2.450298e+00
3.308235e-01
8.338237e-01
6.616737e-01
3.454584e-01
2.308214e+00
2.119310e-01
5.756863e-01
4.381474e+00
2.956334e+00
1.174701e+00
2.310250e-01
6.922291e+00
2.308920e+00
3.255088e-01
7.248490e-01
3.571626e-01
2.813848e+00
2.665911e-01
2.146372e+00
9.929326e-01
1.172568e+00
1.979062e+00
9.928575e-01
8.491167e-01
7.879678e-01
4.722753e+00
1.770498e-01
1.569518e+00
4.310856e-01
1.067547e+00
7.823782e+00
5.185529e-02
1.228083e+00
3.805533e-01
5.382487e-01
1.029010e+01
1.503356e-01
2.619953e+00
3.410102e-01
1.164441e+00
2.282278e+00
6.164540e-01
2.614242e-01
5.251839e-01
5.304330e-01
8.459960e-01
1.313221e+00
4.986102e-01
2.998905e-02
1.874970e-01
9.324561e-01
1.654486e+00
1.166208e+00
1.854384e+00
1.413750e+00
2.672249e-01
9.277430e-01
4.367914e+00
7.656737e-01
4.457880e-01
3.513508e+00
8.219915e-01
9.385622e-01
3.046453e+00
2.599362e+00
4.319513e-01
1.385787e+00
1.134292e+00
2.082231e+00
9.681208e-01
1.991717e+00
2.144995e-01
2.378983e+00
3.042909e-01
1.561620e+00
2.695019e+00
3.274503e+00
2.737727e+00
4.808902e-01
1.890951e+00
5.106400e-01
1.518939e+00
6.355611e-01
1.983247e+00
1.206838e+00
9.364293e-01
1.068417e+00
2.238396e+00
3.501606e-01
1.569486e+00
1.710242e+00
2.955632e+00
1.879938e-01
1.011922e+01
1.079857e+00
8.028082e-01
3.187352e-01
1.012711e+00
1.869905e-01
2.177023e+00
1.442538e+00
1.608182e+00
2.078256e-01
1.168312e+00
9.506728e-01
3.439423e-01
2.418918e-01
3.878001e-01
1.097841e-01
3.056573e-01
9.898309e-01
1.792504e+00
6.086880e-01
2.439324e+00
8.596084e+00
6.127699e-01
1.408973e+00
6.670702e-01
2.499217e+00
8.606946e-01
2.292313e+00
3.168346e+00
3.633313e-01
1.511602e+00
9.741706e-02
1.541440e-01
5.094958e+00
2.975256e+00
1.555295e-01
5.210481e-02
1.515967e+00
8.979418e-01
1.902549e-01
1.268604e+00
3.599854e-01
1.949407e+00
2.716775e+00
3.559780e+00
1.024060e+00
4.616200e-01
3.586792e+00
8.574533e-01
3.030964e+00
7.601305e-01
7.449217e-01
9.876881e-01
1.910943e+00
1.720274e+00
1.298657e+00
1.298781e+00
3.636195e+00
1.964007e+00
2.283614e+00
4.309734e-01
3.271230e-01
5.646471e+00
4.019338e+00
2.046090e+00
1.180141e+00
7.732312e-01
7.463987e-01
7.883990e-01
2.371174e-01
4.062751e+00
6.962764e-01
2.606311e-01
5.570881e-01
1.756088e+00
1.303170e+00
2.212612e+00
6.655893e-01
3.118917e+00
3.787194e+00
6.546031e-01
1.964400e+00
1.036903e+00
4.040712e+00
3.107143e+00
6.334753e-01
2.067094e-01
3.093380e+00
5.617038e-01
4.444664e+00
8.668129e-01
1.516675e+00
2.326423e+00
6.323605e-01
1.457089e-01
4.751749e-01
1.259323e+00
1.040535e+00
1.309931e+00
2.265730e+00
3.967964e-01
1.460031e+00
2.573823e+00
1.160211e+00
1.134316e+01
6.274967e+00
1.433834e+00
1.023767e+00
1.047063e+00
6.307726e-01
9.746238e-01
1.409327e+00
2.446881e+00
2.077022e+00
1.285827e+00
1.095700e+00
1.484969e+00
2.000848e+00
8.677580e-01
1.360656e+00
6.967229e-01
4.308518e-01
7.300055e-01
1.494633e-01
1.141749e+00
2.754001e+00
1.492921e+00
2.007721e+00
8.427513e-01
1.656383e+00
1.988610e+00
2.734402e+00
1.492382e+00
1.931939e+00
6.431849e+00
6.695266e-01
9.109195e-01
1.211892e+00
2.772942e-01
3.536124e-01
3.199092e+00
3.632035e-01
3.010782e-01
2.727326e+00
2.070837e+00
1.202526e+00
1.462052e+00
1.064772e+00
1.975785e+00
1.244572e+00
1.010059e+00
1.876605e+00
3.359551e+00
2.432298e+00
5.139561e-01
1.540234e+00
3.153583e-01
9.738214e-01
3.250228e-01
9.682904e-01
1.445200e+00
7.126799e-01
1.080395e+00
2.733555e+00
8.369548e-01
1.608768e+00
8.945732e-01
1.132597e+00
2.725166e-01
1.719047e+00
9.394840e-01
2.403881e-01
4.856425e-01
1.089707e+00
2.971714e-01
2.973055e+00
1.947866e-01
6.965321e-01
1.808953e+00
1.221105e+00
5.498920e+00
3.164328e-01
4.289935e-01
1.200459e+01
1.440075e+00
1.058244e-01
5.817533e-01
5.836136e-01
9.022054e-01
1.416654e+00
2.139307e+00
4.632923e-01
1.360871e+00
3.046400e-01
9.072203e-01
2.796978e-01
3.746225e+00
3.208547e+00
7.321571e-01
2.334874e-01
9.144142e-01
2.447450e-01
3.065200e-01
6.724243e-01
9.924632e-01
3.882175e-01
3.373017e-01
1.112935e+00
3.377425e-01
6.830427e-01
5.505950e+00
1.147449e+00
2.508361e+00
5.835799e-01
1.638911e-01
3.770697e-01
2.189719e+00
1.359471e+00
3.573658e-01
8.672760e+00
2.478663e+00
9.045777e-01
5.348868e-01
2.798149e+00
3.512569e-01
3.226456e-01
8.402100e-01
3.163153e+00
1.257378e+00
4.370363e+00
9.630137e-01
9.702976e-01
1.838712e+00
5.226699e+00
1.992054e+00
9.445155e-01
7.372569e-01
3.241784e-01
3.364131e-01
6.013656e+00
1.759005e+00
5.935124e-01
7.807934e-01
4.943904e-01
5.778158e-01
9.060846e-01
9.501721e+00
1.332728e+00
1.002947e+00
1.438588e-01
8.914716e-01
4.023953e-01
4.583860e-01
6.156703e-01
1.717268e-01
4.274513e+00
6.121436e-01
1.642784e+00
1.748509e+00
3.866641e-01
5.681588e-01
9.826330e-01
9.200698e-01
7.331777e-01
6.615087e-01
3.306760e+00
9.481154e-01
3.063396e-01
2.300556e+00
3.472018e-01
1.256693e+00
1.236774e+00
3.073683e-01
2.758123e+00
2.472820e-01
2.586156e+00
3.904859e-01
5.976789e-01
5.506693e-01
1.346089e+00
9.094915e-01
1.641213e+00
2.177149e+00
1.941748e+00
2.243347e+00
1.855914e+00
4.531052e+00
1.039785e+00
4.849983e+00
8.932157e-01
1.765136e+00
1.020649e+00
1.786913e+00
9.683553e+00
3.796386e-01
2.284461e+00
1.749050e-01
3.109649e-01
3.876689e+00
1.290473e+00
2.103930e+00
3.744772e-01
1.410222e+00
1.326053e+00
1.795700e+01
4.032164e-01
2.010206e-01
2.440840e-01
4.846276e-01
4.342932e-01
8.308579e-01
6.523307e-01
3.423705e-01
8.153455e-01
1.446865e+00
9.014732e-01
7.204803e-01
1.428424e+00
7.197148e-01
3.031751e-01
2.601308e-01
6.710009e-01
6.574681e-01
5.720974e-01
5.686423e-01
1.277148e+00
9.228550e-01
3.340830e+00
4.116996e+00
5.589924e-01
1.069586e+00
3.947541e+00
2.272862e-01
6.294274e-01
2.730903e+00
2.102156e-01
5.159446e+00
3.872389e-01
1.459949e+00
2.031399e-01
4.978730e+00
5.434874e-01
2.684420e-01
7.693161e-01
8.195839e+00
1.490164e+00
1.440391e+00
2.310057e-01
1.137763e+00
7.350507e-01
2.149814e-01
3.504086e-01
3.496595e+00
7.232648e-01
9.252219e-01
2.804575e-01
3.379799e-01
8.910990e-01
1.671255e+00
5.920316e-01
3.227092e-01
1.362694e+00
5.615692e-01
2.346489e+00
1.750393e-01
6.068866e-01
4.613483e-01
9.122359e-01
2.810717e+00
5.462100e+00
4.659925e+00
5.118580e-01
8.569447e-01
1.118063e+00
2.441150e-01
5.655836e+00
1.162489e+00
3.636391e-01
5.577801e-01
3.622826e-01
2.180448e-01
9.417319e-02
1.368124e+00
5.928078e-01
2.822602e-01
3.505927e-01
2.899547e+00
1.169670e+00
9.896116e-01
3.308327e-01
2.783534e-01
3.137954e+00
4.446055e-01
1.427839e+00
1.648140e+00
4.301231e-01
3.650839e+00
3.570928e+00
3.837496e+00
1.942254e+00
1.663373e-01
3.415768e-01
3.106344e+00
4.866124e-01
1.866465e+00
2.619773e-01
8.091497e-02
3.253541e-01
9.633193e-01
8.526733e-01
1.173140e+00
4.885197e+00
2.297749e-01
4.622907e-01
7.700186e-01
1.124010e+00
2.212452e+00
1.011063e+00
6.486616e-01
8.193201e-01
4.811643e+00
1.873322e+01
3.468439e+00
1.123608e+00
6.256665e-01
2.188730e+00
3.966480e+00
1.263824e+00
1.183312e+00
7.654801e-01
1.475733e-01
6.020786e-01
3.149377e+00
1.571489e+00
1.513319e-01
9.506240e-01
3.905021e-01
8.568217e-01
1.857708e+00
5.779745e-01
3.605984e-01
1.069159e+00
2.211555e-01
1.017246e+00
5.977715e-01
2.264234e+00
6.354955e-01
6.686543e-01
3.760138e+00
1.604447e+00
1.722932e+00
7.923585e-01
2.730120e-01
9.055045e-01
1.336444e+00
4.157005e+00
1.300997e+00
9.988732e-01
8.238636e-01
1.833796e+00
1.062238e+00
1.266064e-01
4.879604e-01
3.343419e-01
6.244735e-01
3.218783e+00
1.664020e-01
7.718504e-01
6.626686e+00
1.091924e+00
1.040935e+00
3.536135e+00
5.735980e-01
7.024203e-01
1.845374e+01
1.567806e+00
9.197722e-01
3.078481e-01
1.399346e-01
1.305068e+01
9.912444e-01
6.918864e-01
4.174512e-01
5.275779e-01
9.441808e-01
3.554835e-01
1.118876e+00
9.429173e-01
1.977752e+01
3.725466e+00
2.207810e-01
3.636259e-01
2.242137e-01
6.531069e-01
1.359848e+00
3.209348e+00
1.263276e+00
6.335860e-01
3.077526e+00
9.360338e-01
4.995188e-01
1.870332e+00
4.895699e-01
1.441454e-01
4.832352e-01
1.683758e+00
2.083768e+00
2.393900e-01
8.988046e-01
1.734310e-01
2.917467e+00
4.904351e-01
4.187135e-01
2.001927e+00
3.294465e+00
7.390106e-01
4.686520e-01
1.914166e+00
3.374092e+00
1.156225e-01
6.836930e-01
9.848128e-01
1.981387e-01
1.198251e+00
7.431958e-01
3.414679e-01
1.432832e+00
1.700579e+00
1.899385e+00
1.489423e+00
1.102599e+00
4.526542e-01
2.567179e+00
4.011183e+00
1.026008e+00
6.909932e+00
2.151333e+00
4.306842e-01
1.207659e+00
7.846964e-01
3.804753e-01
1.416921e+00
5.312405e-01
1.764568e+00
1.805654e+01
3.039496e+00
7.814175e-01
3.040282e+00
2.463512e+00
5.626683e-01
1.095042e+00
5.216513e-01
5.901151e-01
8.473247e-01
1.123862e+00
4.686813e-01
2.550060e-01
4.214667e+00
1.769020e+00
1.777350e+00
1.105981e+00
1.403822e-01
1.157590e+00
2.848490e+00
1.860252e+00
1.237328e+00
1.355770e+01
2.208207e+00
3.248052e-01
2.273107e+00
5.530039e-01
2.452003e-01
2.070154e-01
3.508591e+00
3.281044e-01
2.350362e-01
5.840079e-01
1.928120e-01
2.615838e-01
2.343230e+00
2.775027e-01
1.585884e+00
3.647791e+00
6.773552e-01
4.248755e-01
4.309343e+00
5.339270e-01
6.332274e-01
1.966865e-01
1.848846e+00
4.691197e-01
1.150455e+00
1.048009e+00
7.957236e-01
9.967188e-01
3.824905e-01
3.127686e-01
3.293797e-01
1.392021e+00
2.013066e+00
4.453850e-01
6.401458e+00
1.041180e+00
1.004446e+00
1.219126e+00
6.476196e-01
1.201790e+00
5.926654e-01
1.965117e+00
3.718474e+00
4.893032e-01
1.805964e-01
3.186996e-01
3.884017e-01
2.462753e-01
5.197510e-01
3.176161e-01
3.752348e-01
6.511271e-01
5.601041e-01
7.860841e-01
3.065321e+00
1.057488e-01
1.442543e+00
2.974116e+00
2.304726e+00
3.235803e-01
1.313924e-01
1.742850e-01
1.825745e+00
1.454375e+00
1.133615e+00
3.606711e+00
5.062299e-01
3.790056e+00
1.203099e+00
2.276512e+00
1.130113e+00
2.944053e+00
2.919228e+00
3.605066e+00
2.319374e-01
8.360133e-01
1.789552e+00
1.746762e+00
2.362878e+00
5.856255e+00
2.152264e+00
3.252465e+00
9.500575e-01
2.051773e+00
1.308948e-01
2.105690e+00
7.488933e-01
4.367344e-01
9.018330e-01
1.908902e+00
9.975888e-01
6.928777e-02
4.915637e-01
3.760084e-01
8.639359e-01
6.900772e-01
4.038628e-01
7.065577e-01
1.456314e+00
1.378971e+00
2.738055e+00
8.231228e+00
2.347732e+00
1.910175e+00
5.954759e-01
1.599481e+00
3.833343e+00
5.159670e-01
2.225494e-01
2.389704e+00
3.341824e-01
2.323331e+00
1.977600e+00
7.979526e-01
5.350630e-01
4.728082e-01
7.441910e-01
3.758708e-01
4.068336e-01
2.146714e-01
8.742250e-01
1.305797e+00
8.799352e-01
8.586177e-01
1.041891e+00
9.815492e-01
1.385237e+00
6.768034e-01
9.904761e-01
5.668196e-01
6.733829e-01
2.047496e+00
1.410681e+00
5.682552e+00
2.277824e-01
4.961467e-01
1.043099e+00
4.011660e-01
2.473565e+00
1.941178e+00
9.244709e-01
1.997144e-01
9.891894e-01
4.890862e-01
4.973201e+00
5.724310e+00
4.157930e-01
1.211203e+00
2.617911e-01
1.208544e+00
3.258802e-01
4.439704e-01
1.949459e+00
5.470718e-01
3.587817e+00
3.688681e+00
8.416945e-01
1.163944e-01
2.283524e+00
8.120414e-01
1.177591e+00
2.896279e+00
2.546800e+00
5.892878e-01
1.123191e+00
3.098637e+00
1.721230e-01
1.088846e+00
7.747626e-01
8.404663e-01
7.836242e-01
1.499520e+00
1.042645e+00
1.976674e+00
1.140677e+00
5.297285e-01
1.439600e+00
2.381321e+00
1.785467e+00
4.552528e+00
9.863738e-01
8.893575e-01
5.074958e-01
2.792787e+00
3.235198e-01
4.435066e-01
4.861795e-01
1.605453e+00
4.863847e-01
1.241141e+00
3.284405e-01
2.267165e+00
2.203457e+00
5.286212e-01
9.609733e-01
1.330159e+01
7.686155e+00
1.627340e-01
4.645551e-01
1.834180e-01
7.974853e-01
3.903522e-01
1.526010e-01
2.467801e-01
5.975166e-01
1.299998e+00
4.404673e-01
4.439117e-01
9.222098e-01
1.877784e+00
5.739375e-01
7.872886e+00
1.020646e+00
3.792566e-01
1.677616e-01
1.744091e+00
5.108798e-01
5.553736e-01
9.481892e-01
7.962571e-01
3.366109e+00
2.100625e+00
8.957505e-01
8.089996e-01
8.928861e-01
1.942370e+00
8.060646e+00
5.817898e-01
1.376210e+00
3.786492e-01
3.968189e-01
3.361512e-01
2.139292e+00
1.022617e+00
1.465772e-01
6.355453e-01
2.247981e+00
5.780236e+00
1.104379e+00
3.068341e+00
1.000833e+00
3.689500e-01
1.252573e+00
2.072845e+00
1.841563e-01
3.120993e-01
1.769890e+00
3.832034e-01
1.932794e+00
2.537203e-01
8.017645e-01
7.512561e-01
3.524581e-01
2.851500e+00
3.571062e+00
1.616584e+00
1.847538e+00
2.653895e+00
9.957730e-01
2.180173e+00
3.298375e-01
2.637105e+00
4.258250e+00
8.974351e-01
2.362780e+00
1.562284e+00
4.164152e-01
1.806094e+00
4.543728e-01
4.847445e+00
4.105693e+00
5.168330e-01
6.916705e-01
9.617434e-01
6.908827e-01
5.812420e+00
8.642288e+00
1.784321e-01
2.927359e-01
8.464664e+00
3.745059e+00
9.630907e-01
2.283256e+00
1.074403e+00
2.396059e-01
1.574665e+00
1.020316e+01
3.201477e-01
2.085655e+00
1.439139e+00
2.907207e-01
4.594667e+00
3.287317e-01
8.135625e-01
4.737037e+00
4.251049e-01
4.312692e-01
9.334143e-01
1.845735e-01
7.933153e-01
2.724679e-01
1.681278e+00
4.132829e+00
3.625169e-01
1.913929e-01
2.269667e+00
2.109636e+00
3.257455e+00
4.851846e-01
1.784279e+00
3.907074e-01
7.348578e-01
1.764026e+00
9.021473e-01
3.266533e+00
1.555418e+00
4.372466e-01
2.893121e+00
5.902938e-01
7.356364e-01
2.098828e-01
1.076670e+00
3.199068e-01
1.514950e-01
8.964659e-01
1.448878e+00
1.566721e+00
3.333410e-01
4.421454e-01
7.598334e-01
5.010225e+00
5.021004e-01
3.795177e-01
6.784296e-01
5.992794e-01
5.634997e-01
1.948668e+00
4.214379e-01
9.168600e-01
9.875917e-01
1.093776e+00
9.945003e-01
4.152182e-01
1.900486e+00
2.497975e-01
2.254950e+00
3.160408e-01
2.509751e+00
6.604646e-01
4.839842e+00
1.059560e+00
1.278778e+00
2.294830e+00
5.305130e-01
4.063698e-01
1.415730e+00
9.607862e-01
1.644177e+00
1.781606e-01
2.826798e-01
1.497080e+00
1.387375e+01
2.518436e-01
4.947848e-01
7.530025e+00
6.787726e-01
2.258043e+00
1.752630e+00
3.955425e+00
1.206676e+00
5.529717e-01
1.461944e+00
4.157471e-01
3.738674e-01
4.825831e-01
4.212531e+00
6.127749e+00
1.145964e+00
9.103732e-01
4.808922e-01
5.495063e-01
7.095945e-01
2.418548e+00
3.129685e+00
8.133002e-01
1.329892e+00
1.246405e-01
2.538096e+00
4.161910e-01
4.881842e+00
1.217992e+00
1.025218e+00
7.182680e-01
3.163194e-01
1.254116e+00
1.678039e+00
4.173596e+00
7.898882e-01
1.543572e-01
4.563514e-01
6.835018e-01
2.963175e-01
1.098219e+00
1.736239e-01
1.083959e+00
4.191485e+00
7.282065e-01
4.862706e+00
1.070833e+00
1.797890e+00
1.370196e+00
1.232484e+00
3.216283e+00
2.420871e+00
7.748729e-01
4.619499e-01
4.526836e-01
1.799249e+00
1.368941e+00
3.063595e-01
2.259508e+00
1.499446e+00
2.867912e+00
6.875061e-01
1.243978e+00
1.047344e-01
5.987322e+00
3.314863e-01
4.360231e-01
3.708714e-01
9.346548e-01
9.390321e-02
1.906641e-01
9.689300e-01
1.052744e+00
2.737787e+00
1.372675e+00
1.115677e+00
8.088536e-01
1.081566e+00
1.435000e+00
4.522539e-01
3.692046e+00
1.084247e+00
9.672814e-01
3.418398e+00
4.590136e-01
3.701184e-01
3.539501e-01
5.153665e-01
3.937593e+00
4.718088e-01
2.798350e-01
9.160769e-01
4.452548e+00
4.796946e-01
1.254106e+00
1.028712e+00
2.044798e+00
4.119835e+00
4.005371e-01
5.319636e-01
1.048197e+00
4.001415e-01
8.212442e-01
2.944414e-01
3.603682e-01
7.010472e+00
3.893145e-01
1.008508e+00
7.419603e-01
3.706476e-01
8.688738e-01
4.346540e-01
3.071512e-01
8.330680e-01
4.903188e-01
1.421028e+00
8.499045e-01
3.150029e+00
6.747096e+00
6.241468e-01
2.281524e-01
3.909668e+00
5.879825e-01
6.205519e+00
2.400882e-01
3.202684e+00
8.008965e-01
6.029654e-01
6.238592e-01
3.190712e+00
4.069807e-01
6.304863e-01
7.143142e-01
2.363262e-01
3.355547e-01
1.234607e+00
3.040743e+00
2.600635e-01
1.407157e+00
1.263505e+00
6.087858e-01
6.696360e+00
1.031129e+01
4.780856e-01
2.135658e+00
1.320956e+00
1.166904e+00
1.835907e+00
1.229436e+00
2.490737e+00
5.776062e-01
1.503698e+00
2.677636e-01
3.619457e-01
1.979957e+00
2.354484e-01
2.069114e-01
1.520167e+00
2.344280e+00
1.216027e-01
3.958138e+00
7.679732e-01
1.375692e+00
2.743924e-01
1.653699e+00
6.107835e-01
7.900904e-01
5.707201e+00
3.655009e-01
4.983102e-01
2.683473e-01
9.158325e-01
5.467678e+00
1.920931e+00
2.864371e+00
1.437644e+00
3.083451e-01
4.369641e-01
8.033057e-02
2.843542e+00
6.212513e-01
1.273371e+00
2.037706e+00
2.649232e+00
1.093275e+00
1.269821e+00
9.843671e-01
1.135940e+00
3.352712e-01
1.330670e+00
7.995727e+00
8.016298e-01
1.370262e+00
1.657191e+00
3.260933e-01
2.011672e-01
4.329090e+00
6.428880e+00
3.830504e-01
5.364170e+00
1.578148e+00
1.247672e+00
4.969440e-01
1.114652e-01
5.141434e-01
5.068403e-01
7.695595e-02
8.299632e-01
4.129663e-01
1.257532e+00
1.309690e+00
5.300631e+00
1.276316e+00
1.559169e-01
1.320807e+00
5.732771e-01
2.718845e-01
2.416951e+00
3.092313e+00
2.221732e+00
9.984629e-01
7.776850e-01
9.992832e-01
7.720866e-01
4.435336e-01
7.189496e-01
1.436874e+00
1.761860e+00
2.804328e-01
5.773032e-01
1.331663e-01
1.408984e+00
1.366440e+00
9.460780e-01
1.772505e+01
4.747329e-01
1.118690e+00
1.328757e+00
1.093570e+00
2.214773e+00
6.697131e-01
6.517441e-01
2.182593e-01
1.417057e+00
4.363337e-01
2.307283e+00
5.038719e+00
4.315450e+00
4.782882e+00
2.075177e-01
3.305018e-01
1.169987e+00
3.328385e+00
8.264051e-01
6.505038e-02
6.229809e-01
3.391724e-01
5.481186e-01
7.274295e-01
3.534777e-01
2.377696e+00
2.865991e-01
1.938311e+00
7.053188e-01
1.666659e-01
5.694534e-01
1.586990e-01
1.130449e+00
6.218529e-01
8.690991e-02
1.115472e+00
4.986434e-01
9.031529e-01
1.621692e+00
2.629223e+00
1.522170e-01
2.000961e-01
1.553256e+00
3.637638e+00
1.265607e+00
2.630751e-01
2.821642e+00
1.965802e-01
2.397372e+00
8.196389e-01
5.570452e-01
1.318504e+00
1.714251e+00
2.221103e-01
1.508485e+00
2.178833e+00
1.904215e+00
2.724838e+00
4.490304e-01
1.338627e+00
1.651969e+00
3.224986e-01
5.323310e-01
1.270226e+00
1.455609e+00
9.061569e-01
1.230499e+00
8.698470e-01
5.627533e-01
5.013932e-01
1.665751e+00
1.925651e+00
5.968154e-01
3.658964e-01
5.118408e-01
3.534005e-01
4.308763e+00
1.270923e+00
1.687987e-01
4.749491e+00
1.418198e-01
6.938875e-01
1.765578e+00
7.510449e+00
6.879558e-01
1.132515e+01
7.011925e-01
5.751678e-01
4.738618e-01
1.551475e+00
5.468804e-01
3.095284e+00
1.479096e+00
9.473448e+00
6.497934e-01
2.274571e-01
9.170984e-01
1.750597e-01
8.373081e-01
2.525580e+00
2.808955e-01
1.305100e+00
2.445266e+00
1.370448e+00
9.643770e-01
1.808732e-01
3.642976e+00
3.058323e+00
3.219098e-01
3.183057e+00
2.438380e-01
9.750123e-01
6.552027e-01
1.049381e+00
1.732274e+00
1.110945e+00
3.718022e+00
1.409403e+00
2.275122e+00
3.454693e-01
1.694662e+00
1.413458e+00
8.089010e-01
1.663690e+00
3.063785e+00
8.739111e-01
3.418411e+00
6.402210e+00
3.265395e-01
6.061567e-01
3.026527e-01
3.283831e+00
8.328386e-01
5.015473e-01
6.123971e-01
8.611076e+00
2.555807e-01
1.862497e+00
5.656606e-01
8.118229e+00
4.866534e-01
5.715037e+00
6.484365e+00
1.525571e+00
5.193911e-01
4.138901e+00
6.559501e-01
1.206467e+00
2.523871e-01
2.940023e-01
9.930907e-01
2.402163e+00
3.514698e+00
4.214384e+00
1.854698e+00
1.204616e-01
6.384856e+00
3.226961e+00
1.753033e+00
7.471614e-01
4.190959e+00
1.562422e+00
2.091494e+00
1.014839e+00
7.563940e-01
4.669554e+00
1.769481e+00
1.502209e+00
6.654169e-01
4.484316e+00
4.639485e-01
1.968062e+00
4.710958e-01
7.573118e-01
1.022251e+00
1.155089e+00
5.944120e+00
2.124287e+01
2.059737e+00
1.677669e+00
1.021204e+00
3.803495e-01
9.317064e-01
3.213237e-01
5.472142e-01
2.659563e-01
3.316137e+00
9.093415e-01
4.506525e-01
7.710716e-01
1.764817e+00
2.211820e-01
1.617126e-01
5.461985e+00
4.344411e-01
1.114365e-01
1.797765e+00
6.363917e-01
4.197358e+00
5.982637e-01
1.992780e+00
1.120811e+00
1.289317e+00
6.854253e-01
1.158765e+00
2.171863e+00
1.318943e+00
3.812681e-01
2.669892e-01
2.101534e-01
3.671361e+00
1.034314e+00
7.973983e+00
9.344154e-02
1.852102e+00
4.032497e+00
7.216636e-01
5.147558e-01
2.052777e+00
7.237879e-01
4.295713e-01
9.884650e-01
1.048284e+01
2.152903e+00
6.474513e+00
9.714149e-02
1.768621e+00
2.093283e+00
2.343391e+00
2.377001e+00
1.137566e+00
4.022167e-01
1.475049e+00
2.647449e+00
3.695506e+00
8.627875e-01
8.450465e-01
1.171111e+00
6.535200e-01
1.843647e+00
1.840250e+00
2.575228e-01
4.529469e-02
4.651518e-01
3.353071e-01
1.056822e+00
5.804008e-01
3.902726e-01
1.654406e+00
4.650745e+00
4.660279e-01
6.406948e-01
3.127834e+00
3.807257e+00
3.067954e+00
1.991277e+00
3.173186e+00
3.714717e-01
6.970243e-02
2.430911e+00
3.321869e-01
2.670388e-01
1.778067e+00
2.437039e-01
6.449047e+00
2.656291e-01
2.383534e+00
2.438131e-01
2.409492e+00
1.645358e+00
4.958802e-01
1.496904e+00
4.124720e-01
7.896415e-01
5.039930e+00
6.686100e-01
1.936541e+00
3.651251e+00
3.510701e-02
1.269565e+00
1.446246e+00
7.052585e+00
1.254954e+00
2.332761e+00
1.703791e+00
7.244264e-01
9.979209e-01
5.792113e+00
9.236594e-01
4.916948e-01
6.621082e-01
1.077973e+00
3.581647e+00
9.450798e+00
1.055075e+00
2.272838e+00
7.840659e-01
2.777840e+00
7.673785e-01
5.843191e+00
9.005352e-01
2.335175e+00
1.170581e+00
3.158752e-01
6.266158e-01
2.302080e+00
9.106658e-01
2.369478e+00
1.376350e+00
4.949902e-01
8.029627e-01
3.963618e-01
4.625656e-01
5.923188e+00
1.805808e+00
1.295499e+00
4.761594e-01
1.090143e+00
3.831932e+00
4.423801e+00
4.448586e-01
1.649214e+00
1.044788e+00
1.563208e-01
1.818961e+00
3.446203e-01
5.188714e+00
2.580268e-01
5.466006e-01
3.110076e-01
4.286927e+00
7.324185e-01
8.203930e-01
2.620134e+00
1.811253e+00
3.546034e-01
1.065528e+00
1.229394e+00
9.351889e-01
5.982192e-01
3.833016e-01
2.105736e-01
5.481208e-01
2.379859e+00
6.083823e-01
1.296223e+00
2.516175e+00
2.609164e+00
1.222514e+00
2.068930e+00
4.128452e-01
7.489650e-01
8.841111e-01
9.409945e-01
4.116727e-01
2.103266e+00
2.833223e-01
5.301938e-01
2.401330e+00
9.716559e-01
4.895149e-01
1.223490e+00
4.003043e-01
2.131874e-01
1.368945e+00
1.354439e-01
3.323713e-01
2.657517e+00
2.743475e-01
1.250094e+00
7.229166e-01
2.031664e-01
9.326515e-01
6.039208e+00
8.520335e-01
6.943068e-01
1.767825e+00
3.759330e+00
2.641845e+00
2.206821e+00
1.555480e+00
1.127082e+00
1.878947e+00
2.957345e-01
3.792501e-01
1.889367e-01
1.703767e+00
2.264030e+00
8.165295e-01
1.525286e+00
5.463170e+00
1.153138e+00
2.744418e+00
4.740248e-01
3.683469e+00
4.650576e-01
1.584812e-01
1.584335e+00
3.260110e-01
4.116127e-01
2.651962e+00
5.471026e-01
5.522110e-01
2.341740e-01
1.515275e+00
1.786795e+00
6.495720e-01
6.108942e-01
5.303140e-01
5.948787e-01
2.026381e+00
4.534361e-01
2.028938e+00
9.447060e-01
4.962300e+00
5.228925e-01
1.486581e+00
1.016693e+00
3.727017e+00
1.770623e+00
7.830466e-02
6.559692e-01
1.089360e+01
5.666862e-01
2.282908e+00
1.546014e+00
2.079762e-01
1.941653e+00
7.783845e-01
2.548567e+00
1.900633e+00
1.677017e+00
1.970220e-01
3.605172e+00
2.656350e+01
1.951854e+00
9.901529e-01
2.769896e-01
5.356447e-01
2.553457e+00
6.186104e-01
3.944476e-01
1.288992e+00
4.436240e+00
7.892219e-01
1.517979e+00
8.064883e-01
1.560004e+00
4.339961e-01
8.932978e-01
3.746990e+00
1.230696e+00
1.553838e+00
1.506038e+00
5.939685e-01
6.387724e+00
5.143793e-01
2.640942e+00
2.460434e+00
2.461404e+00
8.132696e-01
1.110040e+00
8.119899e-01
4.347120e-01
1.986771e-01
1.276829e+00
4.839279e+00
9.073336e-01
5.581257e-01
4.157373e-01
9.763836e-01
1.489943e+00
5.712998e+00
6.471764e-01
7.905337e+00
3.566064e-01
3.066222e+00
2.142653e-01
9.045216e-01
6.865263e-01
6.046014e+00
3.135941e+00
1.965217e-01
5.393518e-01
4.045964e+00
2.405891e-01
1.015960e+00
4.199983e-01
6.467285e-01
7.180168e-01
2.938563e-01
5.582547e-01
2.677945e+00
2.034245e+00
6.504687e-01
2.260342e+00
1.143338e+00
2.254935e+00
5.296937e+00
3.498552e-01
6.389537e-01
6.099966e-01
7.461510e-01
1.262800e+00
6.772172e-01
1.609753e-01
1.558447e+00
5.052846e+00
2.095514e+00
2.642881e+00
2.895792e-01
2.955599e-01
2.585389e-01
2.813731e-01
1.245552e+00
3.928923e-01
1.002230e+00
6.932774e-01
9.879815e-01
1.249938e+00
2.933534e+00
3.593089e+00
2.227360e+00
3.717375e+00
5.820652e-01
8.586356e-01
1.200078e+00
9.151794e-01
2.542007e+00
9.923101e-01
2.450027e-01
6.605775e-01
2.772791e+00
2.264768e+00
3.926272e-01
8.039368e-01
5.670493e-01
7.211503e-01
9.052266e-01
8.345738e-01
1.876444e+00
4.473668e-01
3.183877e+00
1.591653e+00
4.338806e+00
1.898517e+00
1.408783e+01
5.464489e-01
1.071855e+01
1.662290e+00
2.945099e+00
3.129910e+00
2.079426e+00
7.494663e-01
9.816190e-01
1.133325e+00
1.725330e-01
5.742993e-01
2.001157e+00
9.761712e-01
1.025861e+00
5.647644e+00
7.370123e-01
1.490380e+00
2.392351e-01
1.543396e+00
9.133091e-02
4.247388e-01
4.216529e+00
9.849630e-01
1.445204e+00
3.613259e-01
1.221373e+00
8.494286e-01
1.784022e-01
2.927673e+00
4.245814e-01
8.483745e-01
1.208962e+00
1.737151e+00
1.575974e+00
7.994651e-01
2.234077e+00
7.540310e-01
7.504986e-01
1.189826e+00
1.016474e+00
1.505123e-01
6.373957e-01
1.139619e+00
1.300758e+00
4.840902e+00
8.274704e-01
1.674926e-01
2.752105e+00
7.951416e-01
2.951760e+00
2.558479e+00
9.027236e-01
1.789770e+00
4.404178e-01
1.553520e+00
2.982092e+00
1.186784e+00
1.216441e+00
1.008691e-01
2.714627e+00
8.406364e-01
6.762549e-01
1.114330e+01
1.588809e+00
1.110117e+00
3.135416e+00
2.967694e+00
1.709170e+00
4.248996e+00
7.935355e-01
7.649647e-01
2.376474e-01
2.867391e-01
3.150925e-01
1.832305e+00
9.133938e-01
1.472997e-01
1.125947e+00
8.743070e-01
4.363212e-01
7.067004e-01
1.483008e+00
9.082138e-01
4.782623e-01
2.552915e+00
1.020561e+00
9.839851e+00
4.543420e-01
1.116244e+00
2.756853e-01
4.170307e-01
1.694702e+00
2.175863e+00
3.017573e+00
3.699963e+00
6.108971e-01
1.176790e+00
2.747802e-01
1.254568e+00
5.992421e-01
1.198221e+00
2.379206e+00
7.896225e-01
2.325621e+00
4.032013e-01
1.617682e+00
1.186381e+00
3.362600e+00
1.660208e-01
6.770766e-01
2.158446e+00
2.286532e+00
6.317723e-01
1.089997e+00
4.227802e+00
7.499545e-01
6.200103e-01
1.707635e-01
1.941264e+00
6.064928e-01
1.310407e-01
7.750445e-01
7.109570e-01
2.139689e+00
1.624780e+00
1.857533e+00
2.902501e-01
5.600785e-01
1.483440e-01
1.163551e+00
3.384909e-01
1.536950e+00
4.074858e-01
1.461835e+01
5.204516e-01
3.995254e-01
7.504512e-01
3.852607e-01
1.132580e-01
1.208879e+00
3.829903e+00
1.670609e+00
8.442727e-01
1.208358e+00
1.104112e+00
5.972251e-01
1.189900e-01
5.028955e-01
2.621826e+00
4.240706e+00
5.234832e+00
2.037514e+00
3.643377e-01
3.896424e+00
1.444605e+00
2.723848e+00
2.166452e+00
1.563517e+00
4.584267e+00
5.081671e-01
2.135203e+00
4.722699e+00
6.343216e+00
3.446443e-01
5.943493e-01
7.684341e+00
9.823748e-01
2.426249e-01
8.052084e-02
1.512197e+00
8.067920e-01
1.753644e+00
2.630478e-01
1.167273e+00
4.587072e+00
3.910123e-01
7.335019e-01
4.951430e+00
9.663031e-01
3.726524e+00
4.339296e+00
1.653322e+00
1.590056e+00
7.170264e-01
7.304692e-01
8.643395e+00
7.446857e-01
2.133006e+00
3.727126e-01
3.439127e-01
6.744266e+00
9.661745e-01
4.587813e-01
1.450721e+00
1.111144e+00
2.696520e+00
1.160146e+00
5.426543e+00
1.650976e+00
3.025004e+00
9.324047e-01
6.043697e-01
3.328980e+00
8.156780e-01
4.972137e-01
3.807435e-01
7.658857e+00
3.812991e+00
3.094725e+00
1.999854e-01
1.229963e+00
1.187646e+00
2.838769e-01
1.417863e+00
1.625771e+00
1.194591e-01
3.272289e+00
3.035099e+00
1.830927e+00
9.420433e-01
1.943297e+00
1.107831e+00
6.403220e-01
1.364732e+00
2.028003e-01
7.743495e-01
1.961491e+00
6.521077e-01
1.269847e+00
1.028265e-01
1.700202e+00
5.223076e+00
5.295803e-01
2.206318e-01
1.783859e+00
1.948991e+00
9.806956e-01
1.341171e+00
2.353596e+00
5.925624e+00
1.801336e-01
1.407712e+00
6.218541e-01
6.156278e-01
2.674124e+00
2.523131e+00
4.341980e-01
6.962173e+00
1.158653e+00
3.266750e+00
1.646860e-01
1.834509e-01
5.506819e-01
8.559192e-01
1.276820e+00
7.887871e-01
5.657335e+00
2.385039e-01
2.576789e-01
1.271567e+00
1.784737e+00
4.046708e-01
6.135568e-01
1.045766e+00
6.872289e-01
8.326597e-01
1.254882e+00
7.437599e-01
4.183806e-01
1.127469e+00
2.998833e+00
2.163153e-01
1.597151e+00
4.186065e-01
7.036063e-01
9.895403e-01
1.735978e+00
5.449941e-01
2.013642e+00
1.628475e-01
1.189304e+00
7.667506e-01
6.207763e-01
3.649136e-01
2.201383e+00
4.763994e+00
6.756217e-01
5.907233e-02
3.289050e+00
2.678815e+00
3.189623e+00
7.597912e-01
1.811987e+00
4.238685e-01
5.771173e+00
9.030289e+00
1.833509e-01
8.807866e-01
2.794204e-01
6.028373e-01
2.523812e+00
4.921317e-01
9.126629e-01
2.886031e-01
2.117723e+00
1.234550e-01
1.313154e-01
1.020875e+00
1.331486e+00
6.502291e-01
1.755795e+00
7.884729e-01
1.218057e+00
3.737427e+00
6.262535e+00
1.375213e+00
8.873658e-01
1.734245e+00
3.934484e-01
3.286703e+00
1.699953e+00
1.566898e-01
1.080855e+00
1.023343e+00
9.218383e-01
4.977084e+00
4.855107e-01
4.457983e+00
3.325781e+00
2.649400e-01
3.090375e-01
2.498515e+00
3.276519e+00
2.904876e-01
7.972003e-01
1.078766e+00
4.607500e-01
3.157533e+00
1.250047e+00
3.709391e-01
1.996666e+00
6.930353e-01
2.912814e-01
4.018151e-01
9.141990e-01
2.894939e+00
5.941038e-01
3.311158e-01
2.178636e+00
9.599757e-01
7.010673e-01
5.113732e+00
2.110289e+00
1.983382e+00
1.735697e+00
1.891547e+00
5.348392e-01
2.250277e+01
1.723707e-01
4.365021e+00
9.481917e-02
1.832376e+00
2.256984e+00
1.515299e+00
4.531855e-01
3.502119e-01
4.206283e-01
1.548160e-01
1.088617e+00
1.926597e+01
3.685519e+00
1.185405e+00
1.207470e+00
9.249279e-01
7.922800e-01
2.592985e+00
1.064948e+00
3.916093e+00
5.088652e+00
1.903716e-01
5.097717e-01
2.304758e+00
3.553251e-01
4.137396e-01
3.006017e+00
4.614875e-01
2.150383e+00
3.930269e+00
1.388585e+00
1.728315e-01
2.416745e-01
1.796365e+00
2.710886e-01
1.408107e+00
6.270950e+00
4.801896e+00
1.220480e+00
3.684758e+00
3.026035e-01
1.728998e+00
1.577784e-01
9.563646e-01
1.101492e+00
6.927101e-01
6.322899e-01
4.111898e+00
8.276164e-01
5.449242e-01
2.371891e+00
4.109567e+00
1.525096e+00
2.695795e-01
2.170994e+00
2.643891e+00
4.273782e-01
1.939579e-01
5.471252e+00
8.067738e+00
8.704719e-01
6.917500e-01
5.015389e+00
1.180779e+00
1.117153e+00
1.312792e+00
1.291308e+00
2.077163e-01
9.001540e-01
1.299408e+00
2.849060e-01
2.760200e+00
2.369063e+00
9.623654e-02
3.628257e-01
1.132061e+00
3.864639e+00
7.010171e-01
4.565478e-01
7.992925e-01
1.582285e+00
4.454270e-01
1.875745e+00
1.221701e+00
9.144524e-01
1.208609e+00
2.641490e+00
3.503027e+00
4.527836e+00
2.693421e+00
1.043629e+00
1.085983e+00
6.086888e-01
3.306570e+00
4.200808e+00
1.393973e-01
1.277644e+00
3.784412e+00
6.079773e-01
1.192919e+00
9.880871e-01
5.286950e+00
1.284223e+00
4.307150e-01
6.830580e-01
8.024269e-01
1.807028e+00
5.722463e+00
1.346389e+00
1.072493e+00
1.725455e+00
7.928650e-01
5.026019e+00
3.862910e-01
1.886871e+00
9.578175e-01
6.660897e-01
3.859628e+00
1.122236e+00
2.000519e+00
4.190349e-01
4.823974e-01
8.680485e-01
1.234877e+00
6.770669e-01
3.635183e+00
4.022518e-01
1.521969e+00
1.737575e+00
1.987787e+00
4.228457e+00
8.674240e-01
1.021746e+00
7.344788e-01
1.740140e+00
1.499759e+00
3.827154e-01
1.383114e-01
3.877464e-01
7.343506e+00
2.776331e-01
7.776911e-01
5.025326e-01
2.030177e+00
1.889000e+00
3.886683e+00
1.524249e+00
1.098448e+00
8.822797e-01
9.376088e-01
1.262629e+00
4.559725e-01
9.817574e-01
1.318002e+00
6.487362e-01
5.088137e+00
9.627473e+00
3.927261e+00
5.231068e-01
2.039405e+00
1.256931e+00
3.205364e-01
2.012954e+00
3.644944e-01
4.534750e-01
1.535441e-01
7.943090e-01
7.230091e+00
2.634194e+00
6.351139e-01
3.277743e-01
5.807678e+00
6.269251e+00
1.245543e+00
1.246766e+00
1.113383e+00
8.579719e+00
1.076076e+00
8.239083e-01
5.961297e-01
7.113711e-01
6.723599e-01
2.643868e-01
4.278840e-01
3.114510e+00
1.952511e+00
2.814627e-01
5.445670e-01
4.493487e+00
3.462589e-01
4.808985e-01
1.729888e+00
6.291712e+00
2.099762e+00
2.406861e+00
1.334039e+01
1.045000e+00
8.804167e-01
9.445819e-01
6.093132e-01
1.022210e+00
1.545181e+00
3.185893e+00
1.027008e+00
2.467302e+00
9.647450e-01
1.877506e+00
1.042225e+00
7.590264e-01
8.151764e-01
1.404440e+00
2.425406e-01
2.121339e+00
5.946536e-01
3.458903e-01
5.505378e-01
8.327193e-01
3.311329e+00
5.749124e-01
2.462249e+00
5.869057e-01
2.497289e+00
2.574248e-01
2.860694e-01
3.248286e-01
1.503893e+00
4.713487e-01
1.895796e+00
1.365266e+00
6.293909e-01
3.088414e+00
1.882966e-01
3.740396e-01
5.930274e+00
1.530938e-01
1.974679e+00
8.582293e-01
9.917575e-01
1.799127e+00
7.525891e+00
1.809230e+00
1.789384e+00
1.287494e+00
6.905245e-01
1.889905e+00
1.219565e+00
9.307218e-01
4.279871e-01
2.219524e-01
2.312487e+00
1.192624e+00
3.498190e-01
2.406583e+00
1.190583e+00
1.706525e+00
2.103042e+00
2.180952e+00
1.635074e+00
3.146642e-01
9.219294e-01
1.613506e+00
1.244996e+00
5.136521e-01
1.426392e+00
5.318647e-01
1.310684e+00
3.631762e-01
1.870781e+00
1.296401e+00
2.702656e+00
6.495345e-01
6.432204e-01
4.079035e+00
2.268159e+00
5.787537e-01
4.255060e-01
2.058488e+00
1.213736e+00
5.594195e-01
5.758431e+00
2.883023e+00
1.720544e+00
4.648809e-01
5.194837e-01
4.085548e-01
1.303545e+00
2.156075e-01
1.638202e+00
2.140355e-01
7.779345e+00
7.451803e-01
2.188693e-01
6.924544e-01
1.630740e+01
3.356118e+00
2.062955e+00
5.490711e-01
1.170290e+00
3.689669e-01
1.742245e+00
4.732822e-01
6.186139e-01
1.370311e-01
1.202746e-01
1.203049e+00
7.909222e-01
6.144030e-01
3.174196e-01
1.455383e+00
3.367037e-01
3.232251e-01
8.325809e-01
1.315259e+00
7.971100e+00
2.147997e-01
1.641596e+00
1.420619e+00
3.296963e+00
1.013885e+00
1.822080e+00
3.443126e+00
5.789522e-01
8.681430e-01
1.033265e+00
1.578695e+00
1.218922e+00
2.438766e-01
4.335889e-01
3.966207e-01
6.366455e-01
9.347267e-01
1.330145e+01
2.010873e+00
3.028514e-01
4.327153e+00
2.156508e+00
6.164644e-01
1.257512e-01
1.770761e+00
1.640367e+00
3.340826e-01
4.957660e+00
1.239789e+00
7.800424e-01
2.643324e+00
2.031030e+00
2.326548e+01
8.205938e-01
4.597051e-01
5.120455e-01
8.224394e-01
9.814957e-01
4.417555e-01
5.501584e-01
7.079411e+00
2.218518e+00
8.669681e-01
2.299357e+00
5.097693e-01
7.332630e-01
1.578949e+00
3.161951e-01
2.290377e-01
3.317599e-01
8.928053e-01
1.691180e-01
7.957076e-01
6.775402e-01
2.400226e+00
1.025527e+00
1.259631e+00
7.285488e-01
5.426829e-01
7.869061e+00
1.514120e+00
5.403747e-01
3.978314e-01
4.155171e+00
1.083522e+00
9.019193e-01
4.918829e-01
4.580247e+00
1.219022e+00
1.878065e+00
4.924012e-01
7.853852e-01
8.212767e-01
6.133194e-01
2.982841e-01
4.819722e-01
2.180811e-01
9.548520e-01
4.197341e-01
5.921600e-01
3.033565e+00
4.522853e-01
4.108499e-01
6.774000e-01
6.069793e-01
6.043287e-01
4.406032e-01
2.604096e+00
3.188090e-01
1.124599e+00
2.395233e-01
6.299405e-01
5.834216e+00
2.862655e-01
6.095893e-01
4.554111e-01
2.910693e+00
2.373278e+00
1.424281e+00
9.076001e-01
5.521093e-01
1.312186e+00
5.673486e-01
2.931124e+00
3.430707e+00
4.028002e-01
2.258841e+00
1.619294e+00
1.434577e+00
2.371077e-01
2.175207e+00
3.261960e+00
3.112389e+00
1.704423e-01
1.591615e+00
5.496757e-01
7.053716e-01
5.044991e+00
7.095897e-01
7.046210e-01
3.250706e+00
4.747384e+00
5.761576e+00
2.171237e-01
6.529775e-01
5.202432e-02
7.016674e+00
2.855198e-01
1.061652e+00
4.389494e+00
2.194029e+00
4.399967e-01
1.577531e+00
1.912550e+00
5.155844e-01
5.290266e-01
1.275101e-01
1.027574e+00
2.607766e+00
7.169049e-01
5.509358e+00
5.041162e-01
1.008500e+00
4.478643e-01
1.103005e+00
2.254108e+00
2.018967e+00
3.494327e-01
1.143223e+00
2.761442e+00
1.368977e+00
4.922923e-01
6.345319e-02
1.437054e+00
1.262111e+00
4.390832e+00
4.710552e-01
8.491226e-01
8.825537e-01
6.783706e-02
2.534063e+00
5.500823e-01
3.229887e-01
7.919561e-01
2.490727e-01
9.196954e-01
1.238439e+00
3.987901e-01
1.776147e+00
2.679295e-01
7.780978e-01
8.892366e+00
2.526719e-01
1.168851e+00
5.198009e-01
6.270537e-01
2.003377e+00
3.041702e+00
1.619699e+00
3.710212e-01
1.259946e-01
1.014155e+00
4.270004e+00
4.055831e+00
1.229932e+00
4.814362e-01
2.220739e+00
1.048325e+00
1.206774e+00
1.442573e+00
1.854425e+00
8.227580e-01
6.078285e+00
2.195862e-01
1.243492e+00
1.671112e-01
1.978022e+00
6.001449e-01
5.487170e-01
8.583200e-02
1.513500e+00
6.809068e+00
5.859807e-01
5.420839e-01
3.469186e-01
5.645214e-01
3.944004e-01
7.220852e-01
1.336207e+00
3.953819e+00
2.067046e+00
3.755923e-01
1.659481e+00
4.892721e-01
1.139562e+00
7.575482e-01
2.344500e+00
1.306333e+00
1.120529e+00
4.512618e-01
1.805448e-01
6.064564e+00
2.330747e+00
5.364523e-01
3.156154e-01
1.814798e-01
4.593998e+00
4.368107e+00
5.589860e-01
6.260910e-01
1.952642e+00
2.590255e-01
3.930546e-01
4.144644e+00
3.731188e-01
6.096510e-01
5.789972e-01
1.728499e-01
3.848464e+00
4.877228e-01
3.531031e+00
4.973097e-01
1.424761e+00
3.859285e-01
3.078731e-01
4.347560e-01
1.753666e-01
8.283124e-01
4.380163e-01
8.591686e+00
3.692824e+00
2.360977e+00
5.928610e-01
8.960184e-01
5.605740e-01
4.773682e-01
1.037562e+00
4.519445e+00
3.157571e-01
1.944403e+00
1.397986e+00
1.070954e+00
8.522238e-01
3.810919e+00
3.847857e-01
3.947933e-01
1.935504e+00
8.053994e-01
4.314140e-01
6.264772e-01
2.235371e+00
5.946057e-01
2.318701e+00
8.802244e-01
7.875385e-01
1.524895e+00
1.011569e+00
2.683635e+00
1.792304e+00
1.123509e+00
9.262150e-01
7.189523e-01
2.839369e+00
6.291399e-01
1.007319e+00
4.175996e+00
1.809146e+00
5.089674e-01
6.320887e-01
3.087115e+00
2.859544e+00
4.064194e+00
4.620339e-01
6.631215e-01
4.153166e-01
6.233547e-01
3.152493e-01
2.008851e+00
7.232167e-01
1.222430e+00
2.688381e+00
1.373968e+00
5.439702e-01
4.367074e-01
2.463853e-01
7.267613e-01
1.341135e+00
1.234521e+00
2.277631e+00
7.650742e-01
6.337385e-01
6.555803e+00
5.763394e-01
7.932555e-01
2.060759e+00
9.614080e+00
5.409754e-01
1.580812e+00
7.572582e-01
7.060247e+00
8.618443e-01
2.680176e+00
8.087550e-01
2.844655e-01
4.282548e-01
7.124306e-01
3.818706e-01
3.995085e+00
1.025981e+00
1.747171e+00
1.546767e+00
1.067111e+00
1.684689e-01
1.216293e-01
7.979752e-01
2.389778e-01
2.953733e+00
3.782564e-01
5.708879e-01
3.287841e-01
2.929116e-01
1.682573e-01
3.378720e-01
4.465403e-01
1.663853e+00
3.274307e-01
4.680173e-01
3.505002e+00
7.272011e-01
7.668864e-01
2.317096e+00
7.572327e-01
6.500305e-01
5.201709e-01
3.460752e-01
1.733612e-01
7.754973e-02
6.716696e+00
5.833081e-01
8.296662e-01
4.853361e+00
1.522029e+00
3.488760e+00
8.784230e-01
3.022215e-01
3.124473e-01
4.941210e-01
1.369581e+00
1.264047e+00
8.855461e-01
1.990385e+00
1.692112e-01
2.162384e+00
5.780999e-01
3.011896e-01
4.120761e-01
2.622982e+00
1.178438e-01
5.006041e-01
9.006647e-01
1.205089e+00
7.322602e-01
1.225817e+00
1.372963e+00
5.788909e-02
3.065173e+00
3.687679e-01
4.743410e+00
1.446005e+00
4.062359e-01
2.041719e+00
1.769842e+00
5.406903e-01
3.650472e+00
5.187002e+00
6.532093e-01
7.357476e-01
9.280858e-02
1.188438e+00
6.407835e+00
1.690766e-01
5.203790e-01
2.715279e+00
2.250424e+00
2.873787e+00
1.102446e+00
3.936711e+00
4.458677e-01
2.843919e-01
4.589367e+00
4.025243e+00
2.540060e-01
7.532767e-01
3.172052e+00
3.399162e+00
2.094285e+00
5.699363e+00
7.625464e+00
5.161286e-01
2.751896e-01
1.003134e+00
6.332787e-01
1.351547e+00
4.717773e+00
1.636348e+00
1.745811e+00
4.154736e-01
5.956925e-01
1.329580e+00
7.513196e-01
2.821638e-01
4.244266e-01
7.670335e-01
8.174606e-01
1.427024e+00
1.498069e-01
2.839089e+00
1.015214e+00
3.966869e-01
7.640746e-01
1.293557e+00
7.958609e-01
1.019229e+00
7.193070e+00
6.035114e+00
4.681379e-01
5.800184e-01
1.137096e+00
3.136645e-01
4.693715e-01
1.586365e+00
9.178669e-01
1.552833e-01
2.144124e-01
1.668918e+00
7.410165e-01
6.861924e-01
8.991399e-01
1.192580e+00
2.779253e+00
9.503589e-01
1.117620e+00
1.147677e+00
3.639208e-01
5.227950e-01
2.439683e+00
1.513613e+00
3.685542e+01
3.990022e-01
3.326114e+00
1.383627e+00
1.910656e+00
2.156153e+00
2.062588e+00
8.696924e+00
3.137369e-01
1.854734e-01
1.048554e+00
2.568247e+01
2.083474e+00
2.311665e+00
2.918268e-01
1.216378e+01
1.356267e-01
1.722780e-01
4.154764e+00
6.388356e-01
3.843230e-01
4.196602e-01
5.073619e-01
2.507298e-01
1.440184e+00
2.377336e+00
2.034105e+00
4.341143e+00
8.655288e-01
4.825599e-01
1.684271e+00
2.375631e+00
6.659364e-01
3.537440e+00
1.790716e+00
4.036254e-01
3.305077e-01
5.943952e+00
2.014153e+00
9.029820e-01
2.020499e-01
2.968153e+00
4.246567e-01
5.117733e-01
1.779791e+00
4.248463e+00
1.523796e+00
9.624300e-01
1.066626e+00
1.174923e+00
1.575439e+00
1.387279e+00
7.306833e-01
4.466726e-01
1.457365e-01
1.104364e+00
1.426569e+00
1.824596e+00
1.164982e+00
2.449253e+00
2.253227e-01
3.114827e-01
2.043100e+00
2.248394e+00
2.376285e-01
1.124940e+00
2.442554e+00
1.090824e-01
1.471755e+00
3.002477e-01
9.272879e+00
1.074728e+01
8.159848e-01
9.164810e-02
1.912594e+00
9.907609e-01
1.467530e+00
8.200245e-01
6.999818e-01
2.390305e+00
2.366730e+00
6.812996e-01
2.384892e-01
4.474556e-01
2.079743e+00
1.472537e+00
5.115466e-01
3.926810e+00
9.244013e-01
5.769361e-01
1.129972e+00
3.192752e+00
3.115491e+00
8.107888e-01
5.418304e-01
1.754342e+00
2.635113e+00
3.959276e+00
3.397768e-01
2.465368e+00
2.448499e-01
5.465288e+00
1.572793e+00
3.948816e-01
3.153085e-01
1.262467e+00
7.104217e-01
1.805587e+00
4.719975e-01
7.968143e-01
4.936718e+00
6.146746e-01
2.129403e-01
3.170264e+00
2.672812e-01
1.278397e+00
5.116690e-01
2.128020e+00
4.162538e+00
3.593896e-01
1.339816e+00
7.531358e+00
2.490901e+00
1.366152e+00
3.840734e+00
1.731753e+00
7.440512e-01
5.888684e-01
6.696399e+00
2.514554e+00
1.344170e+00
2.995769e+00
1.725916e-01
3.717876e+00
7.486815e-01
1.071839e+00
5.790282e-01
1.063780e-01
3.970067e-01
1.561142e+00
1.072131e+00
1.468593e+00
7.690908e-01
1.277879e-01
7.338696e-01
2.144783e+00
1.398974e-01
1.176595e+00
5.151042e-01
2.442849e-01
6.181155e-01
9.986398e-01
1.505747e+00
1.164559e+00
3.280634e-01
3.195687e-01
5.783011e-01
1.480385e+00
1.458337e+00
1.949978e+00
6.018613e-01
3.792722e-01
9.620440e-01
8.067486e-01
3.302964e-01
1.709970e+00
1.009974e+00
1.009319e+00
3.907518e-01
3.162052e+00
8.189795e-01
1.471426e+00
1.117244e+00
3.323666e-01
2.157870e+00
6.748513e-01
1.351373e+00
2.374693e+00
1.392826e+00
1.793257e+00
2.829245e-01
7.657704e-01
5.490889e-01
7.081050e-01
1.545500e+00
4.465435e-01
1.314218e-01
1.185874e+00
4.802439e-01
2.652462e-01
1.602756e+00
2.476431e+00
1.993847e+00
3.715305e+00
1.137488e+00
1.502569e+00
6.274406e+00
1.513577e+00
4.593041e-01
3.254648e-01
5.256727e+00
1.640055e-01
2.222541e+00
7.555831e-01
1.379512e+00
5.133584e-01
2.122902e+00
7.081487e-01
1.868388e+00
2.765071e+00
1.390463e+00
1.407586e+00
1.615556e+00
2.287639e+00
2.361803e+00
1.048454e+01
5.759620e-01
4.588885e+00
4.043416e-01
5.570106e-01
3.198331e-01
9.086924e-01
1.509653e+00
1.577866e+00
8.391422e-01
1.445474e-01
1.321729e-01
4.336603e-01
1.257154e+00
1.129876e+00
4.928493e-01
1.055351e+01
4.193615e+00
2.176635e-01
2.867339e+00
4.489937e-01
1.937430e-01
7.941940e+00
2.147596e-01
7.152301e-01
1.414715e+00
1.077015e+00
3.100760e-01
7.695759e-01
1.863452e+00
9.398104e-01
5.760310e-01
5.058827e+00
2.950329e+00
2.484162e+00
1.497965e-01
1.853730e+00
1.175834e+00
5.122405e-01
2.426872e+00
2.140570e+00
1.492070e+00
3.539898e+00
1.119973e+00
6.006322e-01
2.935136e-01
2.063854e+00
2.829666e-01
7.465510e-01
9.608155e-01
1.678848e+00
2.218285e+00
3.663184e+00
2.490503e+00
2.020345e-01
1.732760e+00
1.543711e+00
2.766145e-01
3.107439e-01
5.793236e-01
2.744058e+00
3.346333e+00
2.125621e-01
1.563118e+00
1.013874e-01
2.688986e-01
2.718833e+00
1.585530e+00
1.158835e+00
2.556056e+00
9.865800e-01
1.816073e+00
2.548912e-01
4.831609e-01
1.858789e-01
2.500656e+00
8.809112e-01
3.560797e-01
1.220138e+00
1.804968e+00
8.046573e-01
1.210502e+00
4.306169e-01
6.999418e-01
1.298556e+00
3.039354e-01
1.702944e+00
7.344734e-01
5.863318e-01
4.685694e+00
9.276263e-01
1.767711e+00
7.382871e-01
9.415411e-01
7.906317e+00
1.036261e-01
9.023482e+00
2.848145e+00
2.363009e-01
1.669252e+00
5.391197e-01
9.296357e-01
5.802022e+00
3.919712e+00
4.227230e-01
1.076839e-01
6.166826e-01
1.074355e+00
8.595593e-01
3.603051e-01
1.484846e-01
1.040439e+00
9.418179e-01
2.695381e+00
1.762321e+00
1.032168e+00
5.981463e-01
5.716013e-01
1.087353e-01
6.283106e-01
4.513761e-01
6.320202e+00
1.057618e+00
8.862274e-01
1.177030e-01
1.886451e+00
1.963272e+00
9.123386e-01
5.337248e+00
1.370792e+00
2.068312e-01
2.635602e+00
3.955047e-01
8.823904e-01
6.915081e-01
8.070940e+00
1.652591e-01
7.527059e-01
6.435473e-01
4.451863e-01
2.669616e-01
8.030361e-01
5.085900e+00
3.616736e-01
8.752497e-01
4.412770e+00
9.060871e-01
