3.077216e-01
1.755189e+00
1.380134e+00
5.015072e-01
1.380668e+00
1.658193e-01
3.165858e+00
5.002153e-01
1.031853e+00
3.605195e+00
8.794064e-01
2.456822e-01
1.115758e+00
8.866913e-02
2.955889e-01
2.644481e-01
1.690254e+00
4.160346e+00
4.496055e-01
1.546914e+00
3.948637e-01
1.446972e+00
4.355421e-01
2.492248e+00
4.667116e-01
9.621287e-01
6.237522e-01
7.676941e-01
2.598660e-01
1.422320e-01
1.668992e+00
6.029504e-01
9.276364e-01
3.813513e-01
1.319746e+00
3.394747e+00
1.287343e-01
1.142014e+00
4.494215e-01
7.826230e-01
1.525926e+00
1.073947e-01
1.158488e+00
6.287902e-01
3.201937e-01
7.957294e-01
1.464733e-01
2.482764e-01
2.331450e-01
2.070654e+00
2.620721e+00
3.914468e+00
1.274762e-01
1.524025e+00
9.849784e-01
2.118567e+00
4.115824e-01
6.656344e+00
9.171818e-01
5.813250e-01
4.232056e-01
1.150301e+00
2.791186e-01
2.459545e+00
2.348580e+00
1.163005e+01
1.028453e+00
5.500135e+00
1.584570e-01
5.719946e-01
3.566664e+00
3.212692e-01
1.693149e+00
3.343315e+00
4.780844e-01
1.391180e+00
1.244147e+00
3.059008e+00
1.197727e-01
8.579301e+00
1.348867e-01
2.708970e-01
6.702170e-01
1.215913e+00
5.257916e+00
4.062140e-01
1.058058e+00
1.720982e+00
1.555234e-01
1.100554e+00
8.879615e-02
1.322866e+00
2.460531e+00
2.580674e-01
2.774894e+00
4.242275e-01
1.449206e+00
5.134116e-01
3.997354e-01
2.864756e-01
1.659840e+00
1.947296e-01
8.851160e-01
7.188918e+00
4.115192e-01
3.471473e-01
8.399095e-01
4.203308e-01
1.406558e+00
4.636563e+00
1.021203e+00
4.709079e-01
1.733344e+00
1.544784e-01
1.244410e+00
2.546286e-01
2.360321e-01
2.649370e-01
3.607737e+00
2.560210e-01
5.326371e-01
8.806686e-01
4.554922e-01
9.117661e-01
2.829800e-01
2.636061e+00
3.774318e-01
3.113948e-01
1.154266e+00
5.892819e-01
4.571774e-01
2.460217e+00
5.735745e-01
6.821716e+00
1.120363e+00
5.833845e-01
4.612489e+00
1.853479e+00
1.740458e-01
3.688145e-01
1.357715e+00
1.291261e+00
5.226663e-01
2.461047e+00
3.070787e-01
2.636492e+00
4.578719e-01
4.001749e-01
8.693699e-01
5.049473e-01
1.013257e+00
7.963009e-01
5.579856e-01
2.547910e-01
1.529865e+00
8.877080e-01
9.878851e-02
1.103932e+00
1.776939e-01
2.476167e+00
3.194993e+00
8.325489e-02
2.720810e-01
7.163823e-01
1.930933e-01
5.383860e-01
3.131738e+00
1.715840e+00
7.289980e-01
8.474300e-01
6.648742e-01
2.009369e+00
3.897470e+00
5.646019e-01
2.138714e+00
2.712060e+00
7.334724e-01
6.623147e-01
2.001966e-01
1.129278e+00
1.635515e+00
1.991987e+00
7.393142e-01
4.296791e+00
1.935660e+00
1.302673e+00
2.339781e+00
9.031813e-01
1.717625e+00
6.201429e-01
1.682741e+00
3.463586e+00
1.211981e+00
2.808549e-01
1.858301e+00
3.932450e+00
4.167702e-01
2.142039e-01
3.100235e-01
4.114162e-01
6.564670e-01
1.963864e+00
3.078853e-01
1.039157e-01
1.085124e-01
4.397978e-01
3.756268e+00
7.458850e-01
1.053669e+00
8.649437e-01
5.897683e-01
5.670284e-01
6.347843e-01
1.095021e+00
8.256181e-01
2.114023e+00
2.076514e-01
5.287956e-01
1.624312e+00
5.524502e-01
1.002861e+00
3.676925e+00
4.371997e-01
8.972451e-01
1.166957e-01
1.144522e+00
1.674149e+00
1.428006e+00
3.967836e+00
7.672737e-01
1.586356e+00
4.400005e-02
2.579434e+00
4.783433e+00
9.030014e-01
1.006711e+00
6.412024e+00
3.329080e-01
2.635913e+00
1.483846e+00
1.063534e+00
5.007919e+00
4.646774e-01
7.911016e-01
1.883521e+00
3.010181e+00
1.344691e+00
5.733976e-01
2.097235e+00
3.244357e+00
1.280561e+00
1.433188e+00
1.991775e+00
2.757836e+00
1.905761e+00
8.227510e-01
4.965442e+00
1.586275e+00
1.784637e+00
2.770413e+00
4.495046e-01
2.096418e+00
8.843952e-01
1.143010e+00
3.055960e+00
5.906078e-01
5.627782e-01
2.000431e+00
5.917828e-01
1.501827e+00
1.455909e-01
9.004534e-01
1.165979e+00
8.811008e-01
2.150764e+00
2.187721e-01
5.265208e-01
1.839896e+01
6.408217e+00
2.227214e-01
2.498721e+00
2.293638e+00
2.436682e+00
1.586477e+00
7.274351e-01
9.866464e-01
2.211278e-01
3.192820e+00
2.254651e+00
1.832959e+00
2.792701e+00
1.207990e+00
7.803186e-01
1.495615e+01
1.421727e+00
2.908710e-01
2.695308e+00
3.688636e-01
6.737975e-01
1.377134e-01
1.170576e+00
2.750086e-01
1.902060e-01
1.145830e+00
2.802009e-01
4.440965e-01
1.745981e+00
8.899206e-01
8.360140e+00
8.891292e-01
3.459509e-01
3.115037e-01
4.873681e-01
1.014261e+00
6.017744e-01
1.805220e+00
8.861544e-01
7.929635e-01
3.242782e+00
2.722077e-01
2.517557e+00
1.327336e+00
3.564979e+00
2.347879e+00
1.384318e-01
1.805647e+00
1.181585e+00
6.509224e-01
1.652032e+00
1.317277e+00
4.452106e+00
4.785674e+00
1.232988e-01
1.706008e-01
1.840081e+00
4.237682e+00
6.574634e-01
1.804726e-01
2.161870e+00
2.131250e+00
1.466434e+00
8.782025e-01
2.303479e+00
2.428656e+00
5.661353e-01
2.029096e-01
1.044835e+00
5.387736e-01
5.435283e-01
4.776297e-01
2.266183e+00
3.694567e-01
1.004567e+00
1.177853e+00
4.702590e-01
4.661768e+00
8.556500e-01
5.872990e-01
6.505139e-01
1.575979e+00
4.686996e-01
4.628971e-01
6.430582e-01
1.747897e-01
6.956495e-01
8.759525e-01
3.095837e+00
4.010923e-01
1.538060e+00
8.730648e-01
1.804579e+00
2.442910e+00
1.729062e-01
1.867029e-01
9.715647e-01
1.075322e+00
3.219633e+00
1.245256e-01
2.086922e-01
2.783137e+00
2.516627e+00
2.623134e-01
1.931117e+00
3.366267e-01
2.434481e-01
9.343806e-01
6.926390e-01
4.015257e+00
3.510430e+00
8.769139e-01
2.628220e+00
3.130319e+00
1.170451e+00
2.914060e+00
6.825246e-01
4.323690e-01
2.012262e-01
8.063832e-01
4.866764e-01
1.063971e+00
1.654717e+00
3.696892e+00
9.700965e-02
8.984324e-01
1.037319e+00
9.153894e-01
1.151757e+00
1.552164e+00
2.688629e+00
1.555038e+00
1.469242e+00
1.425769e+00
4.845723e-01
7.545973e+00
1.081818e+00
9.672277e+00
2.800526e+00
1.174212e+00
4.718205e-01
9.081078e-01
3.907530e-01
3.469424e-01
7.095456e-01
5.122908e-01
6.561515e-01
1.119983e+00
1.051103e+00
8.335528e-01
4.283265e-01
2.093922e+00
1.685994e+00
5.709817e+00
2.910210e+00
7.539605e-01
4.783362e-01
3.790225e+00
3.617308e+00
9.852018e-01
6.628496e-01
4.236141e-01
1.139301e+00
2.596632e-01
3.897751e-01
1.200772e+00
2.675623e+00
7.941249e-01
1.826156e+00
7.982667e-01
1.864779e+00
6.018342e-01
2.806227e+00
6.799164e+00
1.049603e+00
1.623514e+00
1.433982e+00
1.482439e+00
2.031269e+00
1.146123e+00
1.000676e+00
3.260034e-01
7.701970e-01
5.157345e+00
1.769448e+00
7.759415e-01
7.623669e-01
1.214150e+00
1.230333e+00
8.266873e-02
2.394043e+00
3.412275e-01
9.989293e-01
1.329681e+00
3.996094e-01
9.882693e-01
1.049381e+00
4.674902e-01
1.779672e+00
8.214514e-01
4.645297e+00
7.089463e-01
6.323263e-01
8.996336e-01
1.816555e+00
1.601520e+00
7.582856e-01
2.652923e-01
1.914228e+00
2.135085e+00
3.845635e+00
1.537294e+00
7.542308e-01
2.235687e-01
1.782829e-01
5.161824e-01
1.081591e+00
2.252317e+00
1.536396e-01
1.343607e+00
1.113097e-01
1.760432e+00
1.638053e-01
1.242362e+00
6.364512e-01
1.371900e-01
3.967379e+00
1.256953e-01
5.967861e+00
9.192959e-01
2.282552e-01
5.471726e-01
7.252641e-01
2.578825e-01
2.938471e-01
8.624198e-01
3.147362e+00
9.460113e-01
8.740227e-01
1.257576e+00
7.596359e-01
1.937399e+00
4.555210e+00
1.925754e-01
5.684223e-01
4.846940e-01
1.364011e+00
4.114989e-01
6.879093e-01
1.137573e+00
1.742495e+00
8.323215e-01
7.453784e-01
5.279391e-01
9.629769e-01
2.359103e+00
4.960260e-01
2.812017e-01
2.416133e+00
9.089915e-02
9.470008e-01
6.799933e-01
1.988386e+00
1.494078e+00
2.147364e+00
1.204070e+00
1.188946e+00
1.648819e+00
3.407889e+00
1.816179e-01
1.260166e+00
1.801902e+00
4.359330e+00
2.326905e+00
1.548846e+00
6.215295e-01
9.566529e-01
5.502815e-01
4.845612e-01
2.861084e-01
3.910702e+00
6.439735e+00
1.064880e+00
1.532908e-01
6.794057e-01
8.029465e-01
4.905741e-01
8.639240e-01
2.422343e+00
1.268208e+00
1.118262e+00
5.174803e-01
2.890924e+00
5.277435e-01
5.776907e+00
1.547256e+00
9.551176e-01
1.452348e-01
1.661043e-01
5.453431e-01
4.784551e-01
3.012868e-01
8.458112e-01
9.253948e-01
2.241919e+00
1.233666e+00
8.109021e-01
2.598254e+00
1.417378e+00
4.307949e+00
8.131256e-02
4.257202e-01
7.247544e-02
1.135602e+00
9.055521e-01
1.310586e+00
7.708144e-01
2.282716e+00
1.283040e+00
5.705223e-01
3.399388e+00
4.714171e-01
3.599416e+00
1.241331e+00
5.272406e-01
1.538579e+00
3.605913e+00
5.347145e-01
9.992681e-01
2.222541e+00
6.064279e+00
1.245577e+00
2.983609e+00
1.068323e+00
2.038127e+00
5.621597e+00
4.087962e-01
2.336119e+00
2.563715e+00
4.564093e-01
2.766392e+00
3.734525e+00
1.270025e-01
1.318545e+00
8.730543e-01
7.543391e-01
5.473263e-01
1.469650e+00
2.414025e-01
7.291158e-01
1.090876e+00
4.161783e-01
1.070227e+00
2.022743e+00
6.114816e-01
6.553154e-01
1.345518e+00
7.294554e-01
1.061173e+00
9.243012e-01
1.713730e+00
4.633079e-01
3.602355e-01
3.433031e-01
2.291108e-01
4.845774e-01
2.354612e+00
8.541321e-01
1.080324e+00
1.262020e+01
6.561027e-01
4.187114e-01
2.476118e+00
1.213594e-01
6.491542e-01
2.175510e+00
5.569754e-01
4.267970e-01
1.010002e+00
1.687008e-01
7.917671e-01
3.799510e+00
4.306963e-01
1.229281e-01
4.262312e+00
3.418644e-01
1.620792e+00
9.561225e-01
1.783827e+00
2.244347e-01
5.370452e-01
7.851088e-01
2.343444e+00
6.796946e-01
4.606946e-01
5.407182e-01
3.334026e-01
1.292049e+00
7.344264e-01
4.187758e+00
1.116937e+00
1.230639e+00
2.393387e+00
1.650991e-01
2.014753e-01
9.689591e-01
3.838422e+00
1.142948e+00
1.354151e+00
5.645252e+00
2.827633e+00
4.793455e-01
7.120394e-01
4.564656e-01
1.604629e+00
1.874415e+00
1.839296e-01
7.778326e-02
4.678822e-01
1.266820e+00
2.920653e+00
5.977967e-01
1.460577e+00
1.253054e+00
4.475550e-01
6.027696e-01
2.575084e-01
2.153127e-01
1.055320e+00
2.224947e-01
1.408434e+00
9.442090e-01
9.693740e-01
2.068100e-01
3.747490e+00
8.749986e-01
5.407496e-01
1.011406e+00
2.605914e+00
4.439776e+00
3.018825e-01
5.264326e-01
2.059296e+00
8.496119e+00
2.022781e-01
8.989745e-01
6.505067e-01
2.341264e+00
3.075154e+00
1.845638e+00
9.999672e-01
6.592280e-01
1.363278e+00
1.292401e+00
1.089781e-01
1.292070e+00
2.500367e+00
1.626986e+00
1.198485e+00
6.089847e+00
2.408785e+00
5.446847e-01
1.030901e+00
4.957434e+00
6.938976e-01
6.876725e-01
2.860986e+00
5.988742e+00
9.113293e-01
3.342595e-01
2.466417e-01
2.122463e+00
1.039311e-01
2.650879e+00
1.672278e+00
6.926774e-02
9.742626e-01
1.866318e-01
5.674291e-01
9.532460e-01
9.384046e-01
1.007721e+00
1.311969e-02
2.114354e+00
5.307269e+00
4.102427e-01
4.851153e+00
1.372326e+00
2.430559e+00
7.580529e-01
1.154145e+00
1.007210e+00
4.584976e-01
2.574195e+00
1.685690e+00
8.703686e-01
3.744154e-01
1.199169e+00
3.878714e-01
2.615296e+00
6.242577e-01
4.218961e-01
1.683792e+00
5.328566e+00
1.537523e+00
7.630050e-01
6.053044e-01
1.362710e+00
6.800691e-02
2.297339e+00
3.000212e-01
8.748697e-01
3.329044e-01
2.949263e+00
9.841974e-01
2.738465e+00
1.986368e+00
6.633456e+00
4.873102e+00
5.759099e-01
2.059335e+00
2.677214e-01
1.112638e+00
6.260932e-01
3.592264e+00
7.852859e-01
7.223931e-01
6.896214e-01
1.921715e+00
1.873978e+00
1.162092e+00
6.211436e-01
1.341156e+00
1.762244e+00
4.722588e-01
7.873863e-01
2.459552e+00
1.432273e-01
8.454193e+00
1.546218e+00
9.233941e-01
4.815657e-01
2.377199e-01
1.081116e+00
2.512399e+00
3.117129e+00
4.587507e-01
3.035292e+00
3.025839e-01
1.411003e+00
3.630284e-01
3.802516e+00
1.413034e+00
5.614265e-01
5.572587e+00
1.119754e+00
7.055548e-01
6.330043e-01
3.037661e+00
1.224096e+00
1.395238e+00
6.643419e-01
3.748377e-01
1.039059e+01
1.883610e+00
2.570995e+00
2.519070e-01
5.220198e-01
3.037333e-01
7.631471e-01
1.666846e+00
1.237462e+00
2.868995e-01
1.203109e+00
2.596791e+00
7.613344e-01
1.194585e+00
2.017835e+00
9.014738e-01
4.374306e+00
1.086382e+00
3.350192e+00
6.864596e-01
1.412705e+00
1.901771e+00
1.547495e-01
2.342925e+00
9.027424e-01
8.224131e-01
7.926826e-01
2.289628e+00
3.643684e-01
1.102543e+00
3.885394e+00
8.127227e-01
4.186868e-01
1.383761e+00
7.353318e-01
8.887730e-01
8.367282e-01
6.954870e-01
1.850170e+00
1.005476e+00
2.210565e+00
9.717639e-02
4.184509e+00
5.116281e-01
7.544235e-01
9.181223e-01
3.454278e+00
1.891184e+00
2.913713e-01
7.303626e-01
1.776936e-01
9.735159e-01
2.421937e+00
1.463121e+01
5.336418e-01
4.440869e-01
5.972891e-01
8.041575e-01
7.355885e-01
2.492805e-01
6.963828e-01
3.992727e+00
7.817234e-01
1.859255e-01
1.436148e+00
3.326137e-01
1.104312e+01
1.670595e+00
2.550721e+00
8.984201e-01
1.208042e+00
4.112946e-01
5.002108e+00
1.709078e-01
3.777477e+00
2.773080e+00
4.459485e-01
9.907868e-01
4.191063e+00
2.999689e-01
2.354166e-01
2.803721e-01
5.414812e-01
3.599189e+00
1.667235e+00
8.406001e-01
1.459454e+00
5.377131e-01
8.968137e-01
2.220692e+00
1.062967e+00
1.202729e+00
1.625423e-01
1.094685e+00
2.813442e+00
7.572267e-01
3.306405e-01
6.053551e-01
7.722088e-01
1.501628e+00
2.181140e+00
1.900413e+01
4.706040e-01
9.637235e-01
9.803530e-01
1.508531e+00
1.398645e+00
3.235485e-01
1.585886e+00
9.560006e-01
2.684284e-01
7.057780e-01
2.279025e+00
1.847467e+00
2.692821e+00
5.529676e+00
5.253260e-01
1.060268e+00
2.289497e-01
3.612584e-01
2.844829e+00
6.774584e-01
1.444645e-01
2.091400e-01
5.897174e-01
1.070577e+00
5.172926e-01
5.330045e-01
2.007638e+00
6.079184e-01
1.320926e+00
3.623312e-01
1.232495e+00
8.038986e-01
8.169163e-01
1.797188e+00
1.153197e+00
3.681910e-01
6.605943e-01
4.634862e+00
1.029543e+00
3.292162e+00
6.655287e-01
3.474827e+00
9.834591e-01
7.413827e-02
3.111138e-01
8.033888e-01
3.891451e-01
2.111668e+00
3.644512e-01
2.458216e+00
1.257951e+00
1.559746e+00
2.246961e+00
5.201143e+00
1.329203e+00
2.771159e+00
3.585596e-01
2.309576e+00
9.698045e-01
7.094888e-01
1.314242e+00
2.158551e+00
4.174599e-01
3.979760e-01
1.435139e+00
9.387322e-01
1.191832e-01
2.311434e+00
3.567702e-01
9.067441e-01
1.494911e-01
6.440697e-01
6.743177e+00
4.809630e-01
5.407061e-01
4.119705e-01
2.370448e-01
3.058574e-01
1.791787e-01
9.200508e-01
1.069938e+00
9.407600e-01
3.006822e+00
1.709798e-01
1.949230e+00
1.080328e+01
1.175087e+00
3.179540e-01
1.405394e-01
3.601044e-01
6.461145e+00
3.473117e-01
1.488927e+00
5.698464e-01
2.527014e-01
5.419541e-01
1.957470e+00
1.306006e+00
3.172543e-01
1.708406e+00
1.352228e+00
3.264142e+00
1.350630e+00
3.283354e-01
3.102278e+00
6.134411e-01
2.479389e+00
2.822751e+00
2.090206e-01
1.042949e+00
1.623323e-01
2.594575e+00
1.992173e+00
3.903666e-02
2.176779e+00
7.151840e-01
4.421797e+00
8.182172e-01
9.028305e-01
3.438816e+00
1.365126e+00
4.632576e+00
5.679234e+00
1.253650e+00
1.983344e+00
1.270449e+00
6.940399e-01
5.029820e-01
5.642220e+00
1.443640e+00
2.098939e+00
5.681237e-01
8.655615e-02
1.091992e+00
1.020124e+00
6.404556e-01
2.354491e-01
6.387994e-01
7.973600e-01
7.681822e-01
2.169469e-01
3.434507e+00
4.272820e+00
2.945811e-01
1.620534e+00
4.108513e+00
7.733796e-01
3.448907e-01
3.070008e-01
6.228176e-01
2.023735e+01
4.274834e-01
4.279173e-01
7.291524e-01
7.953449e-01
1.175864e+00
7.705341e-01
3.079188e-01
1.822220e+00
1.465359e+00
7.888842e-01
6.422699e-01
3.964633e-01
1.312248e+00
2.891751e+00
3.844301e-01
1.223813e+00
3.383127e-01
3.196666e+00
6.948347e-01
1.574514e+00
1.663772e+00
5.667049e-01
9.370803e-01
2.056405e-01
1.140923e+00
3.475528e-01
7.905143e-01
1.396252e+00
5.919653e-01
5.859922e+00
4.422573e+00
1.632991e+00
3.077291e-01
1.631129e+00
4.603669e+00
3.851007e-01
8.221659e-01
4.202665e-01
8.909664e-01
7.263833e-01
4.067284e+00
2.558475e-01
9.697918e-01
1.068695e+00
6.518416e-01
3.975895e+00
5.964318e-01
1.058416e+00
4.085744e+00
2.339919e+00
6.940527e-01
1.538892e+01
6.043519e-01
6.493253e-01
2.925400e+00
4.576485e+00
2.002662e+00
3.434012e+00
2.401702e+00
8.585801e-01
3.104582e-01
1.191496e+00
3.385198e+00
1.002080e+00
1.121948e+00
1.522778e+00
2.068550e+00
4.821649e-01
5.199631e+00
3.041380e-01
1.444213e+00
2.135250e-01
4.599005e+00
3.975292e+00
2.124956e-01
1.539082e-01
1.287908e+00
3.886395e-01
3.131825e+00
2.959034e+00
5.649458e-01
2.891847e+00
5.385715e-01
4.326717e-01
2.128399e+00
1.051027e+00
2.467981e+00
4.647570e-02
2.168466e-01
6.315697e-01
1.388075e+00
1.840587e+00
1.883713e+00
6.104221e-01
1.063414e+00
4.154559e+00
2.922631e+00
6.235621e-01
6.917193e-01
4.005754e+00
6.114403e-02
1.028619e+00
8.168508e-01
1.892177e+00
1.593236e+00
4.881187e-01
3.695944e-01
1.262503e-01
2.678060e+00
6.830699e-01
2.731744e+00
1.104227e+00
4.397898e-01
1.495094e+00
4.610315e-01
3.421629e+00
2.914731e+00
2.726137e-01
3.575013e-01
4.727186e-01
8.100702e-01
3.673827e-01
4.145213e-01
1.055645e+00
6.380481e-01
1.092959e+00
3.397448e+00
3.985940e+00
2.162350e+00
1.143619e+00
1.360716e+00
1.375559e+00
8.390556e-01
4.118256e+00
7.361707e-01
4.036872e-01
1.969320e+00
6.213496e-01
4.089341e-01
6.398052e-01
4.641452e+00
3.147954e-01
2.988923e-01
9.257055e-01
9.274375e-01
4.435395e+00
3.920746e+00
1.236194e+00
3.475003e-01
2.793180e-01
1.221386e+00
1.549277e+00
9.543672e-01
1.310043e+00
1.490843e+00
1.429862e+00
8.015789e-01
5.637070e-01
1.565726e+00
5.978832e-01
2.540759e-01
6.221111e-02
1.528818e+00
1.314658e+00
1.523462e+00
4.770007e-01
2.002330e+00
5.403394e+00
5.439169e-01
8.459361e-01
1.360243e+00
8.418999e-01
4.682158e-01
2.740818e+00
3.111654e+01
1.386189e-01
3.899865e-01
6.259342e-01
1.392830e+00
9.186306e-01
6.178634e+00
4.925930e+00
2.516725e+00
5.039388e-01
8.985071e-02
2.506368e+00
1.495445e+00
1.531595e+00
2.275164e+00
3.610075e+00
6.770009e-01
1.154151e+00
1.078647e+00
3.549312e+00
3.627865e-01
1.206617e+00
2.296957e+00
1.724358e+00
5.526910e-01
1.059031e-01
2.955242e+00
3.206833e+00
2.625470e+00
8.752382e-01
2.476206e+00
3.144564e-01
9.425419e-01
2.108361e+00
1.821963e+00
3.812235e+00
1.176292e+00
8.443092e-01
3.148567e+00
1.425672e-01
3.347252e-01
2.097214e+00
9.397879e-01
2.833790e+00
1.786413e+00
1.531706e-01
5.447858e-01
4.090680e-01
1.423725e+00
1.137051e+00
6.663393e-01
2.137072e+00
2.819416e-01
1.152515e-01
8.192507e-01
3.901380e+00
2.321476e+00
7.913771e-01
6.377935e+00
1.408652e+00
1.354541e+00
5.074734e-01
4.613245e-01
3.575114e+00
1.578583e-01
2.914524e+00
1.297699e+00
9.335708e-01
4.450556e+00
1.569567e+00
6.602553e-01
4.534002e-01
2.605196e-01
3.877367e-01
5.202399e-01
2.831392e+00
5.133914e-01
1.861323e+00
9.375049e-01
4.116048e-01
8.148097e-01
4.719021e-01
6.877326e-01
3.783418e+00
1.090841e+00
1.875163e+00
6.273797e-01
1.610115e+00
2.502955e-01
1.523367e+00
3.504308e+00
7.955142e+00
8.138844e-01
7.562705e-01
5.526762e+00
2.179154e+00
3.686450e-01
2.842928e+00
2.159377e+00
1.016782e+00
9.304108e+00
3.236858e-01
2.035404e+01
1.138080e+00
1.014432e+00
3.933791e-01
9.693861e-01
1.023650e+01
4.571220e-01
6.865838e-01
8.330914e-01
5.650926e+00
9.563539e-01
1.897914e+00
7.774111e-01
1.496317e+00
3.312433e-01
9.903395e-01
6.703503e-01
1.488548e+00
7.128911e-01
2.930134e-01
3.029363e+00
1.343720e+00
2.917614e+00
1.336223e+00
2.353851e+00
5.231155e-01
2.067073e+00
4.330906e-01
1.160902e+00
2.203596e-01
1.288910e+00
1.525968e+00
7.947394e+00
2.365678e+00
3.311035e+00
3.178658e-01
7.102206e-01
1.539564e+00
3.093821e-01
5.048676e-01
8.952554e+00
1.256002e+00
2.310461e-01
2.894384e-01
1.160384e+00
5.571735e-01
2.038363e+00
1.341070e+00
7.089998e-01
6.159739e-01
1.634964e+00
9.408689e-01
2.432728e+00
8.908307e-01
3.152180e-01
4.442048e-01
1.677786e+00
1.067545e+00
1.319509e+00
3.357910e-01
1.306764e+00
1.035560e+00
2.836808e-01
1.396230e+00
1.536602e+00
1.888321e-01
9.992391e-01
1.040305e+00
2.953832e+00
7.925878e-01
2.010546e-01
2.662136e-01
1.834541e+00
3.327971e-01
2.437634e-01
9.718405e-01
1.737917e+00
6.842001e-01
1.279452e+01
1.814436e-01
2.382567e+00
8.272799e-01
4.270154e+00
1.118228e-01
1.891897e+00
2.702007e+00
2.419552e+00
4.482445e-01
2.027168e+00
9.287239e-01
8.231838e-02
3.997565e+00
1.137879e-01
7.790998e-01
8.456848e-01
1.412763e-01
1.899584e+00
5.156834e-01
9.383003e-01
7.249414e-01
9.811090e-01
1.061489e+00
1.815778e-01
1.788185e+00
1.173266e+00
2.733782e-01
5.426146e-01
5.861703e-01
6.448824e-01
1.590223e+00
5.595540e+00
2.833698e-01
1.952790e+00
7.009219e+00
8.040186e-01
4.381436e+00
4.163619e+00
2.123245e+00
2.881410e-01
8.324855e+00
5.117845e-01
1.353030e+00
6.325256e-01
7.432654e+00
1.129399e+00
4.720617e-01
3.195396e+00
2.838130e-01
1.005800e+00
9.263619e-01
1.263875e+00
1.407175e-01
1.398524e+00
6.078229e-01
8.717681e-01
1.053731e+00
1.806939e+00
1.273473e+00
6.245448e-01
1.808374e+00
8.166624e-01
1.898425e-01
3.515801e+00
1.166260e+00
5.968415e-01
4.922701e-01
5.585706e-01
1.541076e+00
1.441340e+00
1.127768e+00
4.774947e-01
2.344195e+00
4.333258e+00
8.202315e-01
3.081507e-01
4.604477e+00
4.819761e-01
1.259109e+00
5.789851e+00
1.373156e+00
3.480578e-01
2.685930e-01
1.472366e+00
1.687858e-01
1.838785e+00
9.563921e-01
2.216327e+00
8.517178e-01
1.135844e+00
1.794753e+00
8.946992e-01
4.122099e-01
1.903997e+00
2.617669e-01
2.888028e-01
1.869109e+00
3.984512e+00
7.422941e-01
5.504630e-01
3.785377e-01
3.666884e-01
1.035509e+00
6.750591e+00
5.591104e-01
8.981371e-01
6.696131e-01
3.286459e-01
2.679463e-01
1.104901e+00
1.052370e+00
2.315293e+00
8.529790e-01
7.021077e-01
7.812774e-01
5.185907e+00
1.580170e+00
5.342740e+00
3.791833e-01
8.617813e+00
1.018086e+00
1.603707e-01
1.743591e+00
2.425261e+00
2.288087e-01
5.369430e-01
1.236892e+00
6.969833e-01
1.397081e+00
1.985490e+00
3.634537e+00
1.198914e+00
4.386262e+00
1.325537e+00
1.638235e+00
7.465617e-01
1.241382e+00
1.238742e-01
8.706682e+00
1.452976e-01
7.920178e-01
1.300137e+00
1.588975e+00
4.419832e+00
1.566808e-01
2.263537e+00
2.208081e+00
8.430437e+00
3.149752e-01
3.017803e-01
1.215603e+00
3.648419e-01
1.092156e+00
5.748724e+00
6.283826e-01
6.802661e-01
7.817466e-01
5.654208e+00
9.880696e-01
4.595856e-01
2.007502e+00
1.729677e-01
1.791942e-01
9.132682e-01
2.186832e+00
2.995284e+00
5.041591e-01
6.245333e-01
3.329493e+00
2.619583e-01
7.623247e-01
2.765366e-01
3.922870e+00
8.104283e-01
1.347499e+00
2.483130e-01
1.388034e+00
1.610911e+00
5.862684e-01
2.586249e-01
2.425491e+00
6.139673e-01
1.563750e+00
2.998489e+00
3.946000e-01
8.999175e-01
7.452943e-02
1.541792e+00
3.481622e-01
5.976054e-01
4.640866e-02
3.464597e-01
1.288268e+00
6.900837e+00
1.954051e+01
1.945714e+00
2.729240e+00
1.831703e+00
5.327420e+00
2.093596e+00
3.041561e-01
4.830332e-01
4.837731e-01
1.123402e+00
8.974023e-01
1.626609e+00
3.208318e+00
3.884907e-01
3.710329e+00
2.419813e+00
1.634892e+00
1.555019e+00
1.102110e+00
6.359964e-01
4.507129e-01
1.237545e+00
7.591152e-01
1.151095e+00
7.359797e-01
2.078735e-01
1.945684e-01
4.677001e+00
1.935403e+00
5.473137e-01
5.999037e+00
3.402075e-01
3.918523e+00
1.270853e+00
1.065091e+00
6.104272e-01
1.730983e+00
2.880078e-01
2.603062e-01
3.567580e-01
3.129907e-01
2.141140e+00
5.887828e+00
6.183397e-01
1.918402e-01
1.257777e+00
2.183522e+00
5.060558e-01
1.579544e+00
1.731031e+00
2.410600e-01
9.957978e-01
4.199965e-01
1.671103e+00
3.535760e+00
1.500788e+00
9.538540e-01
9.757437e-01
1.015972e+00
5.969831e-01
1.036833e+00
7.950603e-01
4.109936e+00
1.577303e+00
3.367985e-01
6.836370e-01
8.675324e-01
3.777882e+00
3.631463e+00
2.923181e-01
2.959358e-01
2.965238e+00
1.315165e+00
2.582130e-01
1.348660e+01
3.323947e+00
1.548638e+00
6.578266e-01
5.209153e-01
3.347361e-01
1.882559e+00
1.334515e+00
4.695208e-01
6.947995e-01
2.653421e+00
5.557441e-01
4.749971e-01
4.246702e-01
1.773968e-01
1.150693e-01
1.076471e+00
1.798796e+00
7.419567e-01
1.123254e-01
9.785715e-01
6.901671e-01
4.270169e+00
9.176805e-01
3.049814e-01
8.413011e-01
3.417259e+00
2.044574e+00
4.763273e-01
1.044988e+00
6.891165e-01
5.354849e+00
3.614400e-01
1.297240e-01
1.636811e+00
4.837192e-01
1.628699e+00
1.130614e+00
6.051762e-01
9.687612e-01
1.325971e+00
5.409105e+00
2.443282e+00
4.544022e-01
2.206876e+00
6.319026e-01
3.098322e+00
1.897602e-01
3.856209e+00
9.821182e-01
3.226989e-01
2.049589e+00
6.612580e-01
2.910160e+00
1.347760e+00
1.040072e+00
2.009947e+00
1.025514e+00
9.793691e-01
7.579153e-01
1.703748e+00
1.955200e+00
1.350750e+00
2.477100e+00
1.624762e+00
2.213317e+00
6.629401e-01
3.905947e-01
1.066402e+00
3.697919e-01
1.109771e+00
2.492069e+00
5.424889e-01
1.495122e-01
3.966603e-01
2.118331e+00
2.701555e-01
5.110833e-01
1.556677e+00
1.042837e+00
2.533116e+00
1.351886e+00
2.058332e+00
3.887007e-01
1.230241e+00
6.052205e-01
2.665676e+00
2.736161e+00
7.425437e-02
2.683429e+00
5.464488e+00
1.350743e+00
6.758018e-01
9.166175e-01
1.133956e+00
1.669800e+00
5.646757e-01
2.341508e+00
4.889677e+00
6.976632e-01
5.252128e-01
4.964413e-01
5.043822e-01
1.453132e+00
1.967451e+00
2.278206e-01
3.018634e+00
7.276481e-01
1.002212e+00
1.995064e+00
2.093983e+00
3.167062e+00
1.157225e+00
3.864331e-01
1.748952e+00
1.945452e-01
5.611162e-01
1.909468e+00
6.437954e+00
7.686936e-02
2.327670e+00
3.865462e-01
2.967143e-01
2.475592e-01
2.060931e+00
1.589008e+00
8.787938e-01
4.207253e+00
2.663985e+00
8.456626e-01
1.430723e+00
2.915194e-01
5.461704e-01
4.705050e-01
9.234495e-01
6.583314e-01
8.819822e-01
1.144907e+00
1.570646e+00
1.599019e+00
5.073807e-01
5.106993e+00
7.047583e+00
9.805096e-01
1.388956e+00
7.503772e+00
7.754509e-01
6.824217e-01
4.356769e-01
3.150550e-01
2.121734e+00
3.056787e-01
6.281713e-01
2.931034e-01
9.797482e-01
9.604373e+00
5.742059e+00
3.212664e+00
1.665411e+00
2.775617e-01
6.438070e-01
2.299961e+00
3.588855e-01
1.479963e+00
2.088795e+00
7.466872e-01
4.009960e+00
1.920548e+00
4.435333e-01
5.782094e-01
3.280249e-01
6.039450e-02
1.338609e+00
1.286892e+00
3.105477e+00
1.009782e+00
1.362322e+00
1.315643e+00
1.912868e-01
4.476081e-01
6.172654e-01
3.078668e-01
1.099538e+00
2.866360e-01
2.024107e+00
7.134842e+00
1.111027e+00
3.383403e+00
3.240237e+00
3.364232e-01
1.722592e+00
9.382381e-01
3.202310e-01
7.106450e-01
7.138103e-01
2.916153e+00
1.722001e-01
4.217272e-01
4.244982e-01
2.099640e-01
5.423577e+00
2.351563e+00
4.474420e-01
5.880760e-01
1.229660e+00
4.940028e-01
2.310080e-01
9.834514e-01
6.570250e-01
6.379963e-01
1.957320e+00
8.411684e-01
1.275152e+00
1.575433e+00
1.532457e+00
2.178253e-01
3.073788e+00
3.441451e-01
4.537546e+00
1.036663e+00
5.290322e-01
4.642670e-01
7.910161e-01
1.188810e+00
1.167697e+00
5.675549e-01
8.493700e-01
1.991975e+00
1.046726e+00
4.714855e-01
1.786717e+00
1.107747e+00
9.681018e-01
2.169688e+00
8.112100e-01
1.536493e+00
8.734604e-01
1.038838e+00
4.832958e-01
7.815136e-01
4.014530e+00
1.032102e+00
9.522745e-01
1.385634e+00
1.447191e+00
4.023854e-01
9.111024e-01
1.298681e+00
1.526842e+00
9.026504e-01
3.775972e+00
2.172623e+00
2.849344e-01
1.961875e-01
3.123773e+00
1.362597e+00
1.485699e+00
1.690968e+00
5.062603e+00
1.197418e+00
7.154687e-01
1.019982e+00
5.968584e-01
9.773611e-01
5.933970e+00
2.828034e+00
5.317441e-01
2.774007e-01
1.053214e+00
9.658768e-01
8.723512e-01
1.714773e+00
7.488998e-01
1.172319e+00
6.299760e-01
7.300419e-01
1.149734e+00
3.579369e+00
8.213195e+00
2.488886e+00
8.298125e-02
2.831662e-01
6.219178e-01
2.840291e+00
8.204654e-01
1.236049e-01
7.190212e-01
1.206703e+00
4.424421e-01
1.188088e+00
3.941156e-01
1.604268e+00
6.375768e-01
3.995786e-01
7.351616e-01
3.376265e-01
3.184379e+00
1.665223e+00
8.099682e-01
1.524401e+00
3.377668e-01
8.166011e-01
3.992669e+00
2.658577e+00
2.006009e+00
3.217591e+00
1.252180e+01
1.797649e+00
2.698646e-01
1.823489e+00
8.345228e-01
3.613124e-01
4.967995e-01
8.402251e+00
4.400832e-01
3.661130e+00
8.989800e+00
5.542441e+00
2.773210e-01
1.670744e+00
5.794468e-01
3.894909e-01
1.553334e-01
1.695014e+01
7.191300e-01
2.171856e+00
1.574892e+00
2.592529e+00
3.147069e-01
2.022765e-01
1.549370e+00
4.683773e-01
6.924486e-01
2.992658e-01
6.588384e-01
1.443859e+00
6.751111e-01
3.026410e-01
1.605663e-01
2.639527e-01
1.708531e+00
3.189605e+00
3.952674e+00
2.168905e-01
6.008085e-01
3.036395e-01
1.324942e+00
1.050219e+00
8.882403e-01
5.261807e+00
1.390288e+00
9.929436e-01
7.469482e-01
2.216055e+00
1.725331e+00
1.261030e+00
2.933940e-01
1.677582e-01
4.596179e+00
1.648299e+00
5.013278e+00
4.643474e-01
2.521065e+00
3.616762e-01
5.891593e-01
3.641090e+00
3.061131e+00
1.535868e+00
8.942989e-01
1.052358e+00
1.408441e+00
1.672075e+00
2.479603e-01
1.587241e+00
2.320732e-01
6.397528e-01
5.765694e+00
2.082989e+00
3.997339e-01
8.374475e-01
2.472815e-01
1.172205e+00
6.232194e-01
1.435427e+00
3.880992e-01
1.781763e+00
3.408140e+00
1.516692e-01
2.541302e-01
1.203394e+00
1.668215e+00
8.989611e-01
3.254864e+00
2.409277e+00
1.979333e+00
7.024888e+00
1.627580e+00
8.283384e-01
6.218725e-01
3.775418e-01
1.275622e+00
1.541810e-01
9.277614e-01
1.539752e-01
6.518824e-01
3.736828e-01
5.631122e-01
2.592861e+00
1.461226e+00
4.711501e-01
6.348382e-01
4.385310e-01
7.965823e-01
2.929207e+00
2.290056e-01
1.286592e+00
8.674887e-01
3.782580e+00
2.665276e-01
1.394740e-01
3.924172e+00
5.242617e+00
9.499599e-01
4.650691e+00
2.798589e+00
1.417354e+00
1.418286e+00
3.347869e-01
3.037717e+00
2.117011e+00
5.650010e-01
1.327607e+00
4.962964e-01
6.841813e-01
4.647453e-01
6.361645e-01
4.412288e-01
4.115755e-01
4.248338e-01
3.019222e-01
3.608446e+00
1.385796e+00
6.190103e-01
1.565158e+00
1.344750e+00
4.967347e+00
3.935620e-01
1.453736e+00
5.535675e+00
1.683129e+00
9.674113e-01
1.051546e+00
1.227192e+00
3.997706e-01
1.501103e+00
1.859513e+00
4.009632e+00
1.480569e+00
1.931700e+00
2.790344e+00
3.132155e+00
4.390505e-01
4.092304e-01
1.591996e-01
5.538362e+00
2.100645e-01
5.529963e-01
5.686053e+00
2.480208e+00
2.105897e+00
4.269182e-01
4.595538e-01
7.207402e-01
2.378825e+00
1.578594e+01
1.504716e+00
1.219928e+00
1.554762e+00
4.972035e-01
2.488255e-01
3.258438e+00
8.442279e-01
2.815860e+00
2.691193e-01
6.362530e-01
3.823198e-01
2.848402e+00
7.137084e-01
5.263430e+00
1.181081e+00
2.006389e+00
1.883449e+00
3.401068e-01
1.747257e-01
2.173186e+00
9.599007e-01
1.661645e+00
7.145746e-01
1.171267e+00
1.286110e+00
4.503543e-01
4.838060e-01
3.575923e-01
2.586923e-01
1.339672e+00
3.830285e+00
2.955395e-01
5.104945e-01
2.169925e+00
1.250736e+00
1.803059e-01
4.275003e+00
9.920705e-01
2.548962e+00
3.332990e-01
1.377410e+00
4.975085e-01
3.561167e+00
2.266670e-01
3.011689e+00
1.177468e+00
3.578377e+00
1.504312e-01
1.378505e+00
1.081315e+00
3.423854e-01
3.344022e-01
1.511770e+00
1.666683e+00
1.794820e+00
2.570625e-01
5.469667e-01
4.291081e+00
3.714354e+00
1.021907e+00
7.135413e-01
1.149243e+00
3.930683e-01
7.968967e-01
4.797253e-01
1.988679e+00
1.933705e+00
2.430073e+00
2.159191e+00
1.406605e+00
1.332777e+00
8.685196e-02
4.713284e+00
2.951224e+00
7.333355e-01
6.375540e-01
1.785404e+00
4.111792e-01
2.174586e+01
1.035498e+00
1.631849e+00
2.375267e+00
1.829200e+00
1.149383e+00
1.569093e+00
1.225267e+00
2.450645e+00
5.655672e-01
6.808377e-01
2.103020e-01
2.419045e+00
4.283453e+00
4.335318e+00
5.176587e-01
3.902921e+00
1.768686e+00
2.476827e+00
3.725980e+00
9.029463e-01
4.872688e-01
8.738697e-01
4.596762e-01
2.211508e+00
1.480066e+00
1.221100e+00
1.214283e+00
1.147432e+00
1.624957e-01
2.066172e+00
5.558961e-01
1.207751e+00
2.420432e+00
4.962402e+00
7.947475e-01
1.429866e-01
4.520439e+00
1.084040e+00
2.827658e-01
3.437426e-01
1.226245e+00
4.725237e-01
4.621550e+00
8.255550e-01
2.334493e+00
3.413277e-01
1.628859e+00
1.092304e+00
1.381630e+00
2.185770e-01
1.384692e-01
1.301609e+00
4.975110e+00
1.450221e-01
6.727700e-01
1.105295e+00
2.351625e+00
1.739257e+00
8.436301e-01
1.228473e+00
3.515922e+00
9.308611e-01
3.081703e+00
1.332356e+00
6.526334e+00
4.274430e+00
6.375551e-01
4.857483e-01
1.336603e+00
4.358127e-01
2.259557e+00
1.151880e+00
1.430999e-01
5.452048e-01
1.748979e-01
5.858079e-01
1.492023e+00
1.407234e+00
4.778810e-01
1.911698e+00
4.617521e+00
1.182857e+00
9.662758e-01
1.862512e-01
6.991592e-01
1.454398e+00
1.288603e+00
1.062019e+00
1.193203e-01
1.861346e+00
5.514349e-01
1.476253e+00
7.822654e-01
1.901652e+00
1.077413e+00
3.591388e-01
4.639046e-01
1.685295e+00
1.293846e+00
2.641917e+00
1.839840e-01
1.627385e+00
1.602678e+00
3.848051e-01
1.320082e+00
2.356207e+00
3.605144e-01
5.008695e-02
1.420736e+00
1.217892e+00
2.809653e+00
4.975676e-01
2.344875e+00
1.403508e+00
2.363320e-01
2.097693e+00
4.002855e-01
2.513856e+00
1.713014e+00
1.928970e+00
8.015721e-01
1.480540e+00
1.727400e+00
1.449408e+00
2.435843e+00
3.638956e+00
1.906833e+00
3.681778e-01
1.029017e+00
5.209649e-01
5.845486e-01
1.896564e-01
7.939770e-01
2.103745e+00
1.578246e+00
1.542060e+00
1.393011e+00
2.666190e-01
4.772151e-01
1.039610e+00
1.667913e+00
4.202350e+00
9.872313e-01
1.763875e+00
3.098196e+00
6.475200e+00
9.013522e-01
1.050495e+00
6.181843e-01
1.328051e+00
9.123736e-01
6.955529e-01
6.697690e-01
8.282247e-01
9.534532e-01
5.056769e-01
1.904857e+00
9.999757e-02
1.418782e-01
3.808721e-01
1.347600e+00
1.790978e-01
3.245642e-01
9.785924e-02
1.284723e+00
1.351015e+00
4.695297e-01
3.925422e-01
7.285123e-01
9.361091e-01
5.482350e-01
4.748198e-02
2.696776e+00
1.444826e+00
6.680878e+00
1.379345e+00
1.238841e+00
3.357444e+00
6.086339e-01
9.555623e-01
3.300314e+00
9.330879e-01
3.579228e+00
7.012069e-01
7.184911e-01
1.350069e+00
1.037676e+00
2.322915e+00
9.731045e-01
2.027984e+01
1.391771e+00
1.210911e+00
3.165785e+00
8.764972e+00
6.719176e-01
2.642224e+00
3.568909e-01
3.900864e-01
1.418113e+00
1.398581e+00
4.613709e-01
2.021742e-01
6.030759e-01
3.200502e-01
7.140335e+00
1.657356e+00
7.390474e-01
5.256933e-01
4.634997e-01
2.093988e+00
2.160151e-01
1.093819e+00
2.232040e+00
1.308957e+00
1.282491e+00
2.904980e+00
2.911306e-01
1.684642e-01
9.864309e-01
1.052490e+00
1.799983e-01
1.460330e+00
4.888360e-01
1.527111e+00
8.807388e+00
1.071765e+00
2.466523e-01
4.628648e-01
1.003637e+00
2.266310e+00
9.301645e-01
6.478274e+00
1.595445e+00
2.747296e+00
1.847724e+00
1.275788e+00
2.170552e+00
4.160544e-01
5.649628e-01
5.448786e-01
1.457187e+00
3.160079e-01
1.971372e+00
4.799613e-01
4.523586e-01
2.570405e+00
3.910455e+00
2.700974e+00
1.266233e+00
5.430074e-01
1.028501e+00
8.404565e-01
1.990258e+00
5.243130e-01
1.037421e+00
1.095715e+00
7.625875e-01
2.635583e-01
9.552104e-01
4.582987e-01
4.752225e-01
3.984766e-01
7.554731e-01
5.845832e-01
4.167036e-01
4.308768e+00
1.290146e+00
1.716199e+00
7.514558e-01
1.960190e-01
2.976920e-01
6.380412e-01
1.547525e+00
2.638638e-01
1.385631e-01
4.891913e-02
4.840288e-01
2.809122e-01
9.523587e-01
3.503881e-01
4.676474e-01
2.462325e-01
6.624041e-01
2.812282e-01
9.958509e-01
3.668482e-01
1.373048e+00
6.167717e+00
1.039612e+00
1.573359e+00
2.175976e+00
2.093174e+00
3.873071e-01
2.966538e+00
2.684218e+00
5.953893e-01
1.845094e-01
1.973544e+00
1.158724e+00
3.699965e-01
1.265547e+00
4.439391e-01
4.311473e-01
2.446720e+00
2.718655e-01
6.224698e-01
2.934043e-01
1.517785e+00
1.074812e+00
4.039399e+00
1.148696e+00
5.293428e-01
2.297811e+00
1.032579e+00
2.550454e-01
8.855880e-01
2.891181e-01
3.601962e+00
1.974649e+00
6.721900e-01
2.879093e+00
4.788822e+00
7.134441e-01
3.276351e-01
1.451121e+00
5.725575e-01
9.810656e-01
8.403621e-01
2.405967e+00
1.141265e+00
1.320707e-01
2.198042e+00
3.158131e+00
6.211581e-01
3.172429e+00
8.363364e+00
3.882466e-01
6.334081e+00
9.845753e-01
7.215194e-01
7.320566e-01
1.462620e+01
1.482847e+00
7.312611e-01
1.113670e+00
2.061239e+00
4.437532e-01
1.160579e+00
1.136134e+00
1.079384e+00
3.547456e-01
1.330062e-01
2.245328e+00
2.246480e-01
1.773208e+00
9.751101e-01
1.144957e+00
2.650866e+00
6.018083e+00
6.600879e+00
4.601153e-01
2.149394e+00
1.209100e+00
3.684700e-01
6.411305e-01
1.085141e+00
1.460527e+00
1.298275e+00
3.043147e+00
7.010184e+00
3.863055e-01
2.520217e-01
4.561722e-01
3.442774e-01
2.966947e+00
1.628059e+00
1.162894e+00
2.265872e-01
3.050003e-01
7.655460e-01
1.941181e+00
3.062322e-01
4.652322e-01
6.120334e-01
9.738285e-01
4.235494e-01
2.767088e+00
3.973653e-01
3.747956e-01
7.699440e-01
4.099396e-01
8.615964e-01
5.174535e+00
8.067880e-01
1.557629e-01
3.559898e-01
1.641030e+00
6.762164e-01
2.415112e-01
2.331425e+00
1.312472e+00
8.220495e-01
2.448312e+00
7.125593e-01
1.213550e+00
2.611905e+00
7.790382e-01
2.873426e+00
2.224207e-01
6.033908e-01
2.085346e-01
1.064116e+00
7.989583e-01
2.592717e+00
6.636180e-02
6.672744e-01
9.651772e-01
9.823731e-01
4.033264e-01
2.531176e+00
3.067077e-01
1.205705e+00
7.228370e+00
5.404389e-01
1.289321e+00
2.019149e-01
1.936824e+00
1.241185e+00
1.567285e+00
1.045311e+00
1.977732e-01
2.769358e-01
2.166342e-01
6.047924e-01
2.252535e+00
3.550295e+00
1.646267e+00
9.196322e-01
1.540903e+00
2.162384e+00
1.078156e+00
1.282283e+00
2.950344e-01
5.730049e-01
2.839065e+00
1.194216e+00
7.742504e-01
3.905272e+00
1.271329e+00
1.089028e+00
1.120863e-01
4.914726e-01
1.689612e-01
1.867393e+00
2.492681e+00
2.999485e+00
8.025961e-01
3.669652e+00
2.678930e+00
3.089287e+00
8.405522e-01
9.518484e-01
3.632687e+00
1.023073e+00
5.800359e-01
2.584327e-01
3.738540e+01
2.266165e+00
8.985907e-01
1.754388e+00
1.512506e+00
5.140089e-01
4.520639e+00
1.094299e+00
5.807643e+00
5.608229e-01
2.062522e+00
1.667626e+00
7.003169e-01
2.191027e+00
3.704942e+00
4.608147e+00
1.378433e+00
1.577993e+00
2.153878e+00
1.097110e-01
2.531330e-01
2.323605e-01
5.292065e-01
1.466098e+00
4.392043e+00
6.045211e-01
1.763418e-01
4.293134e-01
3.333439e-01
8.855663e-01
2.391077e+00
1.367492e+00
4.052783e-01
1.651010e-01
2.829344e+00
5.968835e+00
1.797184e+00
1.539338e+00
2.798015e+00
5.188436e-01
4.983954e+00
7.346665e-01
2.496268e+00
3.084001e-01
5.327963e+00
3.549783e-01
6.180696e-01
2.334503e+00
3.255730e-01
3.397732e-01
7.130572e+00
1.688638e+00
6.715399e-01
3.746123e+00
4.003031e+00
5.536339e-01
1.699789e+00
1.939099e-01
8.521300e-01
6.543035e-01
5.184949e-01
4.151212e+00
1.735419e+00
3.841213e+00
5.536122e-01
3.568631e-01
4.059268e+00
6.969364e-01
5.030621e-01
8.237416e-01
1.683453e-01
2.584325e+00
1.021160e+00
7.022446e-01
2.601179e-01
1.730698e+00
3.480955e+00
4.365946e+00
2.705498e-01
2.086692e-01
1.072743e+00
7.941085e-02
2.553865e+00
1.333925e+00
1.865762e+00
4.254656e-01
8.433691e-01
6.404153e-01
1.296025e-01
3.172159e-01
4.523372e-01
1.100674e+00
1.634060e+00
1.182379e+00
7.264461e-01
1.177776e+00
9.025014e-01
6.505290e-01
1.574321e+00
1.337010e+00
6.479241e-01
3.655416e-01
1.280572e-01
6.190747e-01
9.413639e-01
5.618695e-01
5.091559e-01
5.473451e-01
1.736325e-01
2.526176e+00
2.911824e+00
1.022887e+01
7.117045e-01
7.445984e-01
8.341765e-01
3.953617e-01
1.925556e-01
1.280650e+00
4.156336e+00
8.987322e-01
4.372960e-01
1.042170e+01
6.788712e+00
5.849548e-01
3.851868e-01
7.628331e-01
3.808843e-01
5.617908e-01
1.493192e+00
5.026981e-01
5.597848e-01
7.190546e-01
2.573032e+00
6.337843e-01
8.216618e-01
5.026522e-01
3.134207e+00
2.269659e-01
2.584530e-01
8.763038e-02
5.653347e-01
3.710471e-01
1.890552e-01
4.457167e-01
2.138768e-01
3.544667e+00
2.027035e+00
3.190126e-01
2.159990e-01
2.506306e+00
1.130849e+00
3.755555e-01
2.585910e+00
8.174658e-01
1.098190e+00
5.968922e-01
7.696162e-01
1.919499e+00
1.830508e+00
1.858038e+00
2.722354e+00
4.203351e+00
2.935396e-01
1.585020e+00
2.194971e+00
2.094131e+00
1.385669e+00
3.437319e-01
3.121831e-01
1.498498e+00
1.920274e+00
4.247880e-01
1.319579e-01
4.924031e-01
1.039369e+00
5.398514e+00
1.536772e+00
2.198016e-01
2.266988e+00
4.061388e-01
1.978308e+00
5.242237e-01
1.128652e+00
3.388212e+00
1.337583e+00
1.455862e-01
2.228374e+00
6.565059e+00
8.628220e-02
2.420869e-01
5.259710e-01
8.971179e-01
1.088569e+00
7.470070e-01
4.613188e+00
1.525344e+00
9.434585e-01
4.097409e-01
5.277338e-01
5.193241e-01
1.334155e+00
4.724002e+00
1.150848e+00
9.113953e-01
1.752148e+00
1.225526e+00
8.872697e-01
9.211557e-01
6.205148e-01
7.852974e-01
3.265975e-01
1.359097e+00
2.124685e+00
7.391171e-01
2.590332e+00
5.514408e-01
4.686542e-01
9.711869e-01
1.258451e+01
1.039784e-01
7.297184e-01
1.019867e+00
3.460099e+00
7.289953e-01
2.964092e+00
1.009617e+00
2.097286e+00
1.378834e+00
9.465773e-01
2.268844e+00
8.489164e-01
6.688365e-01
2.264781e-01
2.960575e+00
1.907344e-01
3.527462e+00
1.487665e+00
9.696611e+00
1.137326e+00
6.058873e+00
4.806065e+00
1.788577e-01
3.429219e-01
1.637901e+00
3.367199e+00
1.447989e+00
7.945567e-01
1.332102e+00
2.640095e+00
4.908773e-01
1.202685e+00
2.969275e+00
8.397890e-01
1.462057e+00
2.506667e+00
1.986196e+00
2.067793e+00
1.019768e+00
2.513322e+00
2.368945e+00
6.885790e-01
4.908087e-01
3.983881e-01
1.805232e-01
4.543291e-01
1.215798e+00
1.062326e+00
8.349918e+00
6.415732e-01
5.815387e-01
5.335919e-01
3.894974e-01
1.250300e+00
4.007533e-01
1.482722e+00
4.777027e+00
1.133480e+00
2.051232e+00
1.298710e+00
3.047411e-01
4.753656e+00
3.254593e-01
6.629201e-01
2.335963e+00
3.499733e-01
1.993488e+00
1.114331e+00
2.571327e+00
7.300494e+00
2.273874e+00
3.172776e+00
1.651143e-01
1.996448e+00
3.197650e-01
1.881420e+00
6.983422e-01
5.590836e-01
2.651590e+00
1.116359e-01
1.242389e+00
6.986087e-01
3.963819e-01
1.196917e+00
6.199300e-01
5.872959e-01
1.230631e+00
6.627949e-01
3.908109e-01
1.208312e+00
1.427689e+00
6.297606e+00
2.617039e-01
1.719301e+00
8.519353e-01
1.417227e+00
8.710654e-01
8.901249e-01
1.608507e-01
1.352881e+00
7.447644e-01
4.426533e-01
9.221996e-01
4.233308e-01
9.232130e-01
1.125121e+00
3.002977e+00
2.545890e-01
7.407011e-01
2.749769e+00
2.537791e-01
9.910841e-01
1.198430e-01
4.103742e+00
1.224270e+00
7.743184e-01
3.498262e-01
1.263172e+00
5.937056e-01
1.998310e+00
4.263229e+00
6.795790e-01
1.229593e+00
3.358786e+00
1.753819e+00
1.907125e+00
1.826755e-01
2.774630e+00
3.216256e+00
1.396968e-01
1.153797e+00
2.650965e-01
4.552872e-01
1.680194e+00
1.240833e+00
4.534645e-01
2.150388e-01
5.252844e+00
1.016397e+00
3.492998e-01
5.152217e+00
1.823970e+00
1.143144e+00
1.820215e+00
4.600295e+00
1.891282e+00
2.492915e-01
1.006512e+00
4.380128e-01
3.579822e-01
3.412452e-01
2.756248e+00
7.936445e-01
3.986072e+00
9.332133e-01
3.153129e-01
4.379137e+00
7.595877e-01
2.439555e+00
6.394404e-01
1.127966e+00
7.507874e+00
2.213013e+00
3.106777e+00
1.220911e+00
2.194174e+00
1.641704e+00
1.488013e+00
2.741875e-01
5.479802e-01
4.864666e-01
1.932788e-01
2.474362e+00
1.340073e+00
1.371190e+00
8.881325e-01
3.112083e-01
8.274760e-01
2.778057e-01
6.694182e-01
8.655842e-01
1.168099e+00
1.365855e+00
1.994184e+00
9.685375e-01
1.315784e+00
5.806051e-01
1.275462e+00
4.618181e-01
5.137531e-01
7.053337e-01
1.870224e+00
1.551099e+00
1.097489e+00
2.172977e+00
7.963654e-01
2.303542e-01
6.374635e-01
2.138367e+00
3.815086e-01
7.382198e-01
8.932945e-01
7.397483e-01
1.952207e+00
2.049632e+00
1.643717e-01
3.590220e-01
7.487151e+00
3.240484e-01
2.405870e-01
1.254392e+00
4.778984e-01
8.236326e-01
4.089914e+00
2.252325e+00
2.621275e+00
2.012402e+00
6.873778e-01
1.264486e+00
2.830696e+00
5.572033e-01
5.847800e-01
3.142738e-01
1.433723e+00
2.053412e-01
6.424474e+00
8.852301e-01
1.947268e-01
3.795403e-01
2.081326e+00
4.639897e+00
4.129580e+00
3.849332e+00
1.088507e+00
4.273026e+00
4.777880e-01
1.378968e+00
2.319285e+00
8.796359e-01
1.579810e+00
1.310206e+00
1.121027e+00
4.286221e-01
9.516210e-01
4.841006e+00
1.550087e+00
3.512631e+00
4.801985e-01
4.353154e-01
1.678614e+00
2.702363e+00
3.368476e-01
8.223644e-01
2.540738e-01
1.087579e+00
4.743813e+00
3.161886e+00
9.438949e-01
1.958818e-01
9.197208e-01
8.236811e-01
3.404312e+00
1.881837e-01
4.126618e-01
5.329766e-01
8.914620e-01
4.758623e+00
4.996870e-01
6.815663e-01
5.207765e-01
4.396108e+00
1.266215e+00
7.968488e-01
1.679379e+00
2.165608e+00
2.445195e-01
8.735397e-01
4.439956e+00
3.022188e-01
7.713067e-02
5.002386e-01
4.225238e-01
1.834195e+00
1.658095e+00
1.756631e+00
1.974831e+00
5.626720e+00
1.927072e-01
3.812632e-01
4.204006e+00
3.342620e+00
7.275735e-01
5.369222e-01
1.138984e+00
9.829879e-01
1.748721e-01
2.184291e+00
2.791153e-01
1.819626e+00
1.564658e+00
3.287553e-01
4.549035e-01
9.832537e-01
3.798394e-01
4.957130e+00
4.644244e-01
8.389361e-01
1.344938e+00
7.330648e-01
1.462870e+00
2.640493e+00
2.806417e+00
5.634395e+00
2.172266e-01
1.892351e+00
6.571592e-01
1.014151e+00
4.551061e-01
3.907006e-01
5.741141e-01
8.510934e-01
1.287007e+00
1.707422e+00
1.439016e+00
5.820064e-01
2.361847e+00
1.765571e+00
6.012424e-01
6.616116e-01
3.317486e-01
6.778297e+00
1.703608e+00
1.961070e+00
6.339340e-01
1.820269e-01
4.985412e-01
9.633827e-01
2.885907e-01
1.335120e+01
1.820755e+00
2.965984e+00
1.224256e+00
7.483608e-01
1.203401e-01
1.860491e-01
2.706370e+00
2.611363e+00
4.824371e-01
4.302048e-01
1.101293e+00
2.150998e-01
9.621199e-01
7.448843e-01
4.189333e-01
1.108431e+00
4.852974e+00
1.255652e+00
1.009279e+01
2.269384e+00
3.489994e-01
2.798106e+00
5.468756e+00
2.538068e+00
2.303944e-01
1.196784e+00
1.095786e+00
1.915157e-01
3.255176e+00
1.499144e+00
1.843211e+00
3.028798e+00
3.281342e-01
3.056807e+00
9.480399e-01
1.053230e+00
1.453515e+00
3.744369e-01
2.174759e+00
5.694430e-01
2.212397e+00
2.778027e+00
1.384620e+00
1.104769e+00
1.054630e+00
1.017166e+00
8.384772e-02
4.102435e+00
2.667443e+00
9.800021e-01
1.935572e-01
1.312656e+00
6.838036e-01
1.059481e+00
5.243872e-01
3.509416e-01
1.963762e+00
3.432974e+00
1.693584e+00
1.178327e+00
7.776541e-01
3.988135e-01
2.758912e+00
8.851220e-01
1.534674e+00
4.743605e+00
1.217056e+00
1.122262e+01
6.196128e+00
4.565481e-01
3.586998e+00
9.360869e-01
8.843387e-01
1.388211e+00
8.025156e-01
1.001309e+00
8.881534e-01
5.298653e-01
1.414151e+00
4.045336e-01
5.248408e-01
6.523961e-01
1.543905e+00
4.334880e-01
1.191455e+00
8.659250e-01
1.527391e+00
5.934387e-01
8.827384e-01
9.090436e-01
2.331485e-01
7.854800e-01
1.018072e+00
5.867419e+00
1.077342e-01
7.009544e-02
9.955022e-01
5.157636e-01
1.389653e+00
1.109106e+00
1.831016e+00
3.689255e-01
4.645783e-01
3.692404e-01
1.187107e+00
1.308871e+00
3.117753e+00
6.317830e-01
2.161989e+00
7.391530e-01
1.807513e+00
1.170884e+00
2.337929e+00
8.569452e-01
2.099995e-01
9.177787e-01
7.911556e-01
4.451238e-01
7.383724e-01
9.307259e-01
2.107860e+00
1.729873e+00
5.827783e-01
9.668312e-01
1.192022e+00
9.599499e-01
1.470997e+00
5.164441e+00
3.619358e-01
1.714656e-01
1.996999e+00
9.328391e+00
1.531781e+00
6.278342e-01
1.597196e+00
2.490048e-01
4.917143e-01
1.085886e+00
2.723451e-01
5.837055e+00
5.451823e-01
1.717256e+00
1.912737e-01
1.169586e+00
1.674478e-01
2.106544e-01
3.332074e+00
6.970004e-01
6.343547e-02
6.258269e-01
3.815758e-01
