1.385456e+00
3.114954e-01
1.991196e+00
8.379774e-01
1.211861e+00
5.434856e-01
1.447035e+00
1.936010e+00
7.847595e+00
2.870588e+00
2.331406e+00
4.415224e-01
1.117716e+00
2.672131e-01
1.358629e-01
2.464480e+00
9.563565e-01
4.934507e-01
1.289647e+00
8.778220e-01
2.049550e-01
2.629245e-01
2.128675e+00
6.007663e+00
4.941488e-01
2.399379e-01
1.740353e+00
3.608207e-01
5.306438e+00
5.725865e-01
6.229132e-01
5.965440e+00
1.583155e-01
3.028565e-01
2.537960e+00
7.945945e-02
1.070087e+00
7.479131e+00
1.632363e+00
1.103841e+00
4.241105e-01
3.416440e-01
3.888484e+00
1.085024e-01
2.071331e+00
4.534054e-01
5.067525e-01
1.938411e-01
1.558639e+00
8.954009e-01
1.428304e-01
4.933964e-01
3.663320e-01
1.845643e+00
2.665976e+00
1.585247e-01
7.849172e-01
3.327874e+00
5.232743e-01
2.088615e+00
5.984283e-01
2.590058e+00
1.103752e+00
1.294006e-01
1.644925e+00
2.848456e-01
2.697413e+00
1.471073e+00
2.981023e-01
7.921385e+00
6.139794e+00
4.593961e+00
2.218299e+00
1.913743e+00
4.648541e-01
4.235402e+00
4.979548e+00
3.404121e-01
8.484317e-01
9.724303e-01
9.769364e-01
4.443503e+00
1.392991e+00
7.900695e-01
5.205518e-01
1.017164e+00
6.920188e-01
8.979936e-01
1.965151e+00
5.329433e-01
2.435033e-01
2.021980e+00
7.415854e-01
1.257388e+00
7.012482e+00
9.904830e-01
4.448976e-01
4.427157e+00
5.470962e-01
1.167292e+00
1.029342e+00
1.629275e+00
3.791620e-01
1.186547e+00
1.829696e+00
3.793929e-01
1.052329e+00
5.413081e+00
2.862491e-01
6.052517e-01
8.136983e-02
7.007022e-01
7.759867e-01
2.811024e-01
4.867883e-01
7.494713e-01
4.541774e-01
2.350327e+00
1.020844e-01
1.051845e+00
1.704329e-01
9.466256e-01
1.993494e+00
2.833711e-01
4.759911e+00
1.201273e+00
9.204129e-01
1.064776e+00
6.321262e+00
2.602153e+00
9.037644e-01
6.298062e+00
5.373200e+00
1.784033e+00
4.225463e-01
3.634714e-01
6.310228e-01
5.231525e-01
8.713630e-01
6.134525e-02
2.269019e+00
4.412466e+00
1.126174e+01
1.029524e+00
4.054215e-01
1.764482e+00
1.223639e+00
7.412888e-01
6.395070e+00
4.144728e+00
1.446688e-01
5.835555e-01
2.067851e+00
1.710468e+00
2.340315e-01
1.272233e+00
2.567542e+00
9.865354e-01
8.623161e-01
5.876343e+00
1.671873e-01
1.626429e+00
1.041668e+00
4.717635e-01
5.441044e-01
2.873728e+00
1.001349e+00
2.080951e+00
1.365139e+00
6.679961e-01
4.245177e-01
8.273435e-01
1.773426e-01
3.761121e-01
5.503145e-01
4.088680e+00
1.653638e+00
1.884161e+00
1.018163e-01
6.244906e-01
6.355483e-01
2.233121e+00
2.191849e+00
1.763806e+00
1.886083e-01
4.579181e-01
1.926752e+00
2.732809e-01
2.706472e-01
8.451475e+00
2.785866e+00
7.735691e-01
7.543452e-01
2.300495e-01
6.013774e-01
4.073879e-01
1.210492e+00
6.194910e-01
1.098960e+00
1.364334e+00
5.235298e-01
8.862496e-01
2.838061e-01
2.074180e+00
8.270948e-01
1.197379e+00
2.510883e-01
1.260584e+00
1.063706e+00
2.112323e+00
4.231628e-01
4.266227e-01
5.716584e-01
8.003967e-02
2.386795e+00
2.281529e+00
1.311122e+00
4.676662e-01
5.053453e-01
1.317472e+00
4.854335e+00
1.607112e+00
1.090221e-01
4.701241e+00
3.922359e+00
1.992683e+00
1.297758e+00
1.388063e+00
1.069801e+00
4.602382e-01
6.123935e-01
5.809952e+00
2.018134e+00
1.317758e+00
2.796182e+00
7.648717e-01
2.946471e-01
1.111576e+00
1.728108e-01
2.333842e+00
8.905439e-01
3.123231e-01
8.471992e-01
7.857730e-01
1.255963e+00
1.245611e+00
1.912282e+00
1.194109e+00
6.544220e+00
1.580954e+00
6.473940e-01
2.559116e-01
3.966419e-01
2.815797e-01
1.281914e-01
2.207043e+00
3.558009e+00
1.000903e+00
3.558902e-01
1.925087e+00
1.187883e+00
4.247714e-01
7.985696e-01
1.972840e+00
2.665076e+00
1.046188e+01
1.403066e+00
3.752974e+00
2.424697e-01
2.504866e+00
1.016877e-01
6.492421e-01
2.000931e-01
1.156619e+00
1.126920e+00
1.568556e+00
1.517324e+00
9.555042e-01
3.451874e+00
2.369056e-01
1.534995e+00
2.484069e+00
1.636223e+00
5.493875e-01
9.684906e+00
3.724522e-01
3.864522e-01
7.369574e+00
3.450288e+00
8.686821e-01
4.298566e-01
1.324704e+00
1.901407e-01
3.768776e-01
3.453770e+00
2.783113e+00
4.711561e-01
1.141974e+00
7.390768e-01
1.012039e-01
1.128547e+00
1.339360e-01
1.422219e+00
1.305338e+00
2.648761e-01
2.249606e-01
1.854464e+00
1.848727e+00
3.229187e+00
1.534554e+00
2.542352e+00
1.302004e+00
1.214181e+00
2.539072e-01
1.253467e+00
1.143631e+00
4.766591e-01
1.202951e-01
6.216774e+00
1.403735e+00
3.614465e-01
5.670925e-01
1.373934e+00
5.818258e-01
5.458786e-01
1.840383e+00
1.755151e-01
1.018830e+01
3.276397e+00
6.078362e-01
2.583045e+00
2.316741e-01
3.715084e+00
1.799396e+00
2.300704e+00
2.809746e+00
1.015811e+00
3.165653e-01
1.278742e+00
2.789200e+00
5.276135e-01
1.023428e+00
6.762731e+00
1.413333e+00
8.123238e-01
2.183683e-01
3.845299e-02
1.536797e+00
9.106258e-01
5.703753e-01
3.880283e+00
8.447001e-01
1.029992e+00
3.387346e+00
2.448345e+00
5.432095e-01
3.705088e+00
6.976278e-01
2.126081e+00
4.468102e-01
3.836437e+00
4.074069e-01
8.206266e-01
5.440644e-01
3.296386e-01
9.973679e+00
8.570788e-01
8.454035e+00
4.761540e-01
8.636337e-01
1.337417e+00
3.261422e+00
1.807925e-01
1.466767e+00
1.618060e+00
4.302720e-01
4.801984e-01
2.184505e+00
5.500845e-01
7.387413e-01
1.856167e+00
3.681019e-01
9.594566e-01
2.623364e+00
9.120202e-01
7.308171e-01
1.256731e+00
1.230785e-01
3.387777e-01
2.171608e+00
5.881931e-01
5.809103e-01
1.207246e+00
1.196777e+01
1.298790e+01
6.487684e-01
4.735953e+00
3.426316e-01
1.041920e+00
7.064519e-01
2.594925e-01
4.133974e-01
1.349789e+00
1.010498e+00
9.054112e-01
2.178137e-01
2.054116e+00
7.056216e-01
4.959134e-01
1.194971e+00
7.853238e-02
7.103457e-01
5.665598e-01
9.432504e-01
7.960881e-01
1.450864e-01
3.562282e+00
6.919114e-01
1.762071e+00
1.406084e-01
1.571194e-01
2.511433e+00
1.877381e+00
6.614985e+00
9.267530e-01
6.710496e-01
1.270354e+00
2.246692e+00
1.422812e+00
8.845031e-01
1.356449e+00
2.137901e-01
5.721179e-01
3.231193e+00
5.823738e-01
1.346734e+00
1.653614e+01
4.244110e-01
4.353702e+00
1.618929e+00
1.339049e+00
1.021556e+00
3.023163e+00
1.123838e+01
1.863129e+00
6.354475e+00
1.960711e-01
1.590991e+00
1.034113e+00
1.116720e+00
1.733773e+00
2.264849e-01
8.289083e-01
9.021148e-01
2.099119e+00
5.708189e-01
5.908712e-01
3.098529e+00
9.665673e-01
6.637909e+00
1.395793e+00
4.613303e+00
4.405371e-01
6.494592e-01
1.327408e+00
1.482159e+00
9.515295e-01
1.093451e+00
6.960666e-01
4.905420e+00
4.094279e-01
2.562449e-01
2.197698e-01
9.941790e-01
1.432261e+00
4.992457e-01
2.033073e+00
2.262112e+00
1.671313e+00
1.025450e-01
1.207253e-01
1.998134e+00
9.376938e-01
1.457750e+00
1.371681e+00
1.186038e+00
1.076123e+00
7.680658e-01
5.589429e-01
8.768327e-01
1.618026e-01
6.433353e-01
2.206848e-01
1.021002e+00
4.494466e-01
2.199633e+00
2.616688e+00
1.963685e+00
3.170201e-01
8.827191e-01
8.184781e-01
4.415580e-01
8.562803e-01
1.012418e+00
2.945115e+00
9.921110e-01
1.375941e+00
6.087902e+00
1.875296e+00
8.409468e-01
4.844460e+00
1.491028e+00
4.786790e-01
3.651488e+00
2.298827e+00
1.956897e+00
1.149786e+00
3.721253e-01
1.964496e+00
3.001048e+00
1.603710e+01
1.437109e+00
1.357466e-01
2.613482e-01
2.898108e+00
9.485691e-01
7.550129e-01
6.556000e-01
1.075358e-01
6.198174e-01
1.001048e+00
5.227462e-01
1.056212e+00
4.035262e-01
3.703469e+00
1.948301e+00
2.110179e+00
3.551396e-01
9.552869e-01
5.292851e+00
1.416678e+01
1.033313e+00
5.232701e-01
1.075814e+00
1.861721e+00
4.001552e-01
1.198353e+00
7.582826e-01
9.731243e-01
6.720118e-01
1.789921e+00
1.401590e+00
2.636733e-01
2.966075e-01
1.162116e+00
7.482819e+00
3.957389e-01
3.835747e-01
2.584451e-01
8.984587e-01
8.711388e-01
4.345380e+00
7.668539e-01
3.509737e+00
5.762105e-01
9.301650e-01
3.087435e+00
2.120504e+00
3.428982e-01
2.486337e+00
3.603538e+00
1.111213e+00
7.052501e-01
2.950445e+00
1.540040e+00
1.529528e+00
7.916866e-01
4.049724e-01
4.045062e-01
1.266616e+00
4.577394e+00
3.591517e-01
1.970042e+00
2.322979e-01
1.214088e-01
6.835380e-01
7.768725e-01
1.103194e+00
5.433575e-01
4.892716e+00
3.948581e-01
8.413090e-01
4.128466e-01
1.882171e-01
1.271370e+00
3.707646e-01
9.950039e-01
5.725674e-01
2.992866e-01
6.079442e-01
4.031895e-01
2.865029e-01
1.201964e+00
1.293055e-01
2.401486e+00
4.713798e+00
1.765829e-01
6.775694e-01
2.728395e+00
1.265418e+00
2.979390e-01
1.292543e+00
1.532593e+00
1.030462e+00
6.809784e+00
4.496647e-01
5.213375e-01
1.712991e+00
4.286433e-01
4.980503e-01
1.651532e+00
2.590834e-01
4.834724e-01
4.463957e-01
2.676590e-01
1.210584e+00
3.268298e+00
1.282690e+00
6.547791e-01
1.114557e+00
3.059145e+00
2.973841e+00
3.006532e+00
1.305288e+00
3.172158e-01
1.537899e+00
7.451730e-01
5.687655e-01
3.130775e+00
1.884076e+00
4.367345e-01
2.740431e+00
5.227291e-01
7.775171e-01
6.238821e-01
3.336860e-01
9.688833e-01
7.799489e-01
5.247039e-01
8.336689e-01
1.202368e+00
9.100370e-01
5.816476e-01
6.771077e-01
1.046516e+01
7.095667e+00
8.860544e-01
1.523661e+00
1.583639e+00
9.534258e-01
1.266098e+00
4.104346e-01
3.815038e-01
6.408936e-01
3.883054e-01
9.701669e-01
1.054479e-01
5.319094e-01
1.558569e+00
1.009863e+01
8.849154e-01
5.810093e+00
5.757973e-01
4.668088e-01
7.035204e-01
9.688579e-02
1.071008e+00
9.149745e-01
1.112946e+00
1.141215e+00
1.504273e+00
2.481634e-01
3.124316e-01
6.888597e-01
7.712448e+00
6.708938e-01
7.623674e-01
9.923454e-01
5.053702e+00
7.785298e-01
7.353785e-01
2.166377e+00
1.479686e+00
4.257398e-01
1.092333e+00
8.046538e-01
1.337998e+01
1.630696e+00
1.004793e+00
1.085277e+00
1.397423e+00
1.119429e+00
3.035765e+00
2.177331e-01
2.175960e+00
1.433760e+00
1.172576e+00
1.854439e-01
1.467534e+00
7.798465e-01
1.172960e+00
1.986780e+00
4.883066e-01
6.779752e-01
3.120249e-01
3.529291e-01
1.448900e-01
1.203455e+00
7.949493e-01
3.154905e-01
7.146717e-01
4.963716e-01
1.347579e+00
1.806837e+00
1.618400e+01
9.663086e-01
4.200464e+00
4.071263e-01
1.040833e-01
1.031938e+00
1.077844e+00
3.737028e+00
3.096049e+00
1.073200e+00
1.929314e+00
4.569529e+00
8.351239e+00
2.456722e+00
1.938398e+00
1.652995e+00
4.916058e-01
1.359576e+00
4.681757e-01
7.354747e+00
1.240048e+00
1.279291e+00
2.864160e-01
6.000927e+00
4.491422e+00
6.856419e-01
2.294546e-01
9.913650e-01
6.866439e-01
7.742161e-01
5.109549e-01
1.496757e+00
5.406938e-01
2.905254e-01
2.591114e-01
7.881731e-01
2.539096e-01
1.752646e-01
1.074889e+00
2.650413e+00
1.426188e+00
6.733781e-01
7.343738e-01
1.299836e+00
2.884432e-01
5.720206e-01
1.152727e+00
3.867792e-01
5.063129e-01
3.512823e-01
3.167239e-01
1.775303e+00
3.200388e+00
1.157717e+00
1.616066e+00
1.562183e+00
1.011255e+00
1.491838e-01
1.385733e+00
2.404520e+00
3.056728e+00
2.905982e+00
1.410543e+00
3.777079e-01
9.177169e-01
4.058336e-01
4.584117e-01
1.328150e+00
6.865571e-01
2.132719e-01
1.848226e+00
4.229344e+00
1.936378e+00
1.205816e+00
8.512788e-01
2.735410e+00
7.293356e-01
7.530525e-01
3.571745e-01
8.673851e-01
7.594768e-01
1.272598e+00
2.426864e+00
5.267006e-01
1.600542e+00
8.200057e-02
2.105661e+00
8.366713e-01
1.500627e+00
1.077013e+00
9.021064e-01
4.338370e+00
3.090460e-01
5.809006e-02
3.034959e-01
4.306911e-01
1.869968e+00
8.716814e-01
8.860119e-01
6.046924e-01
6.636440e-01
3.359204e+00
1.645568e+00
3.426929e+00
7.217300e-02
3.243041e+00
1.607428e+00
2.937755e+00
1.773266e+00
2.064169e+00
1.174602e+01
3.629687e-01
8.839563e-01
1.648917e+00
9.753122e-01
7.554020e+00
1.319807e+00
4.913948e+00
1.071218e+00
1.737978e+00
1.955207e+00
6.831212e-02
1.737956e+00
1.513602e+00
4.767922e-01
1.527874e+01
3.927863e-01
2.470550e+00
2.208413e+00
6.453475e-01
1.049300e+00
3.238048e-01
3.884022e-01
1.283718e+00
4.117597e-01
7.065316e-01
1.510613e+00
1.472961e+00
5.473422e-01
4.879258e+00
1.838879e+00
7.981443e-01
4.910127e-01
2.391755e-01
7.225601e-01
7.319055e-01
1.127298e+00
9.647079e-01
2.018541e-01
8.508613e-01
6.307679e-01
1.064842e+00
1.963868e+00
3.295308e-01
1.605159e+00
8.177971e-01
1.468864e+00
3.811114e-01
6.250763e-01
1.962859e+00
6.323452e-01
4.097546e-01
1.347837e+00
5.725603e-01
3.117010e+00
3.293282e+00
2.535131e+00
1.918816e+00
1.527242e+00
1.913249e+00
3.186939e-01
8.928959e-01
3.571699e-01
5.444314e+00
6.706774e-01
1.745162e-01
3.689524e+00
2.390552e+00
2.016446e-01
1.099047e+00
2.912768e-01
1.757957e+00
1.211659e+00
4.452177e-01
4.372572e-01
2.379625e+00
2.492288e+00
2.167086e+00
2.226517e+00
1.630805e+00
1.158986e+00
1.405927e+00
4.216176e+00
4.263791e-01
8.961560e+00
1.334940e+00
1.701767e+00
7.195636e-01
6.697810e-01
1.366492e+00
2.305565e-01
1.279834e+00
3.627409e-01
2.455186e-01
1.122886e+00
5.346254e-01
7.554206e-01
3.425502e+00
4.876179e+00
1.343150e+00
2.796216e+00
6.080295e-01
3.475992e+00
5.009037e+00
1.875791e+00
1.354625e+00
3.766387e+00
5.758499e-01
5.588113e-01
4.664523e+00
2.410199e-01
1.305080e+00
1.681051e+00
1.443025e-01
6.142621e+00
2.635449e+00
1.446143e+00
2.190042e+00
8.030355e-01
7.628802e-01
6.281015e+00
6.217954e-01
6.198690e-01
9.635711e-01
7.806445e-01
1.250755e-01
9.549440e-01
1.528258e+00
4.632686e-01
3.239951e+00
1.180085e+00
2.574278e+00
3.353138e+00
5.698250e+00
1.975559e-01
1.073638e+00
7.512837e-01
8.073472e-01
7.638456e+00
3.065756e-01
1.389562e+00
3.650396e-01
3.356504e+00
2.967728e-01
2.912565e+00
1.755542e-01
2.430772e+00
1.924285e+00
2.984088e+00
9.686602e-01
1.368850e+00
2.510712e-01
1.978245e+00
1.068267e+00
8.160185e+00
1.549086e-01
8.206879e-01
8.138425e-01
6.204693e+00
5.883614e-01
9.511256e-01
6.546965e-01
7.267735e-01
2.680451e-01
6.301923e-01
1.868379e+00
6.658558e+00
2.860269e+00
1.075108e+00
1.165617e-01
7.112624e-01
5.817945e-01
1.657507e+00
5.383846e-01
6.699317e+00
2.131457e+00
6.474183e+00
7.965766e-01
7.291872e+00
7.856700e-01
4.289363e+00
3.055182e-01
1.181298e+00
3.187695e-01
9.688356e-01
1.132072e+00
1.996833e-01
2.339589e-01
7.164987e-01
5.689835e-01
3.791168e+00
1.472242e-01
3.274123e+00
3.383853e-01
1.670107e+00
3.641354e-01
9.568732e-01
4.537149e-01
1.855594e+00
3.765671e+00
7.136033e-01
2.847379e+00
3.279332e-01
6.002829e+00
3.264520e+00
3.926117e-01
1.871332e+00
3.016361e-01
2.758423e+00
2.805940e-01
6.816016e-01
8.309057e-01
1.699424e+00
1.818702e+00
7.852730e-01
1.932331e-01
5.357133e-01
7.442087e-01
5.227648e+00
4.003265e-01
8.803391e-01
1.353803e+00
1.337247e+00
5.186219e-01
3.290249e+00
1.626708e-01
5.533555e+00
1.149694e+00
1.082685e+00
4.047744e+00
5.522759e-01
1.056995e+00
8.426995e-01
1.040900e+00
5.093341e+00
5.348679e-01
4.251679e+00
1.060219e+00
1.264063e+00
3.209507e-01
5.173927e-01
6.764079e-01
4.941087e-01
1.411305e+00
4.576185e+00
2.772529e-01
6.346002e-01
2.457079e+00
1.957854e+00
4.442413e-01
5.519799e-01
1.630745e+00
3.184826e+00
5.624254e+00
5.395140e-02
1.495964e+00
2.188712e+00
8.366269e-01
8.483723e-01
7.457974e-01
1.950636e+00
3.644552e+00
9.007898e-01
8.141786e-01
2.570467e+00
4.602096e+00
9.166675e-01
3.621419e+00
4.963780e+00
1.025098e+00
1.076426e+00
7.972333e-01
3.757436e+00
5.277411e-01
1.356240e+00
5.494756e+00
3.109996e-01
9.903226e+00
7.931267e-01
1.424597e+00
8.243753e-01
3.123340e-01
6.277421e+00
4.767821e-01
1.743262e+00
2.174924e-01
6.062904e-01
4.347877e-01
1.112134e+00
2.106919e+00
8.256128e-01
5.863783e-01
3.909106e-01
4.066472e-01
1.413155e+00
1.686943e+00
1.454801e+00
2.411840e+00
2.837037e-01
1.173908e+00
3.652245e-01
2.967859e+00
2.675605e+00
7.948452e-02
6.879722e-01
1.125937e+00
1.608932e+00
5.557822e+00
9.054414e-01
5.462570e+00
6.177221e-01
3.487997e+00
7.765511e-01
4.562147e-01
2.377320e+00
1.547206e-01
6.916008e-01
2.335664e-01
2.041007e+00
3.240668e-01
2.046184e+01
3.065325e+00
9.677168e+00
3.884038e+00
1.760382e+00
1.208896e+00
1.198056e+00
1.019272e+00
3.691460e+00
6.275869e-01
3.400658e+00
1.498013e+00
2.907300e+00
1.432049e+00
1.044559e+00
1.843189e-01
3.884489e+00
3.522462e+00
1.284735e+00
1.327760e+00
1.850110e+00
1.571536e+00
2.656662e-01
6.396950e-01
8.390404e-01
8.615774e+00
7.705717e-01
8.391821e+00
3.853809e+00
1.505455e+00
2.259577e-01
6.013612e-01
6.512113e+00
1.314725e+00
9.596621e-01
3.824977e+00
5.873633e-01
1.419678e+00
1.663400e+00
7.914141e+00
4.253002e+00
3.268353e-01
4.527505e-01
2.595539e+00
2.906538e-01
1.052378e+00
1.057628e+00
2.166714e+00
4.652930e-01
5.382015e-01
1.203257e+00
2.420108e+00
8.251129e-01
2.491151e-01
2.144274e+00
5.779896e-01
1.022098e+01
1.521778e+00
3.412662e+00
3.335446e-01
9.953589e-01
9.993685e-01
2.078312e+00
1.588580e+00
7.465821e-01
1.074737e+00
1.625438e+00
1.762846e+00
1.496229e+00
3.693273e-01
3.652969e+00
1.964662e+00
4.365958e-01
7.123713e-01
1.718614e-01
1.049071e+00
6.279150e+00
2.521790e+00
7.675948e-01
2.091948e+00
2.086154e+00
1.006716e+00
1.141145e+01
2.986392e-01
3.270283e-01
9.058710e-01
2.557361e+00
8.422534e-01
9.237219e-01
1.362759e+00
7.914025e-01
1.492712e+00
4.570644e-01
1.864932e+00
8.928731e-01
1.536790e+00
1.020446e+00
7.902537e-01
8.722303e-01
2.170886e+00
1.854028e+00
1.202057e-01
3.095497e-01
2.120668e+00
1.507942e+00
1.315845e+00
7.839241e-01
1.585928e+00
4.534739e-01
5.498305e-01
3.853141e-01
5.991059e-01
1.599918e-01
1.928193e+00
7.411022e-01
3.123274e+00
3.740416e-01
1.675752e+00
2.193754e+00
1.515523e+00
3.805641e-01
5.612491e-01
5.789469e-01
2.546580e-01
1.303300e+00
5.495004e-01
3.796864e-01
7.273521e-01
1.719584e-01
4.997112e+00
1.203015e+00
1.697146e+00
1.125077e+00
1.643819e+00
6.967601e-01
4.935338e-01
3.132270e-01
3.256780e-01
4.178968e+00
1.016230e+00
8.890908e-01
5.408231e-01
2.042919e+00
1.991741e+00
2.370378e-01
1.792813e-01
2.069994e+00
1.185679e+00
2.826132e-01
3.930133e-01
3.213171e+00
7.182112e-01
4.110942e-01
5.672091e-01
1.179283e+00
2.288520e+00
1.194043e+00
1.760898e-01
2.098118e+00
9.535495e-01
1.046938e+00
8.353767e-01
1.246252e+00
4.257384e-01
2.808449e+00
1.609546e+00
5.803648e-01
1.050222e+00
1.646302e+00
9.937983e-01
2.951730e-01
6.339322e-01
1.861638e-01
2.456028e+00
3.752569e-01
3.351137e-01
1.728080e-01
4.422476e-01
1.574365e+00
9.440384e-01
3.909277e+00
2.251121e-01
5.456939e-01
1.165283e+00
7.278739e-01
1.041846e+01
1.928817e+00
4.605601e-01
4.411546e-01
9.218321e-01
1.274747e+00
1.532851e+00
9.253205e-01
5.916034e-01
2.866646e+00
6.917585e-01
2.155731e+00
7.069277e-01
1.988281e-01
5.575395e-01
4.591108e-01
2.608859e+00
5.543612e-01
7.448553e+00
1.456257e+00
7.092259e-02
5.093418e-01
1.889983e+00
7.567487e+00
2.048454e+00
6.452259e-01
1.054937e+00
4.373714e-02
2.775129e-01
2.784533e+00
7.696501e-01
7.331851e-01
4.405564e-01
5.488756e-01
7.296375e-01
7.794448e-01
1.275783e+00
3.260303e+00
3.626975e+00
5.340588e+00
2.297351e-01
2.123776e-01
4.601726e-01
6.048428e-01
1.382324e+00
5.056096e-01
2.954495e+00
9.130021e-01
2.886451e+00
5.226955e-01
2.488002e-01
1.407006e+00
4.162037e+00
1.067973e+00
3.311754e-01
1.142667e+00
1.504077e-01
1.549717e+00
9.663970e-01
2.554483e-01
3.007161e-01
1.123212e+00
5.055352e+00
2.851986e+00
3.011034e-01
9.944007e-01
7.935781e-01
4.228613e-01
4.820083e-01
7.469798e+00
7.652046e-01
5.190594e-01
9.405992e+00
1.607632e+00
8.196742e-01
3.414287e+00
5.855072e-01
1.521031e+00
7.882538e-01
2.394161e-01
2.213473e-01
6.376319e-01
1.014085e+00
4.230369e-01
8.025501e-01
1.635933e+00
2.682820e+00
5.236501e+00
1.415515e+00
9.476484e+00
4.437110e-01
4.553179e-01
5.959203e-01
7.695782e-01
3.728690e+00
3.079909e+00
1.516642e-01
1.992939e+00
7.012834e-01
1.204665e+00
2.973758e-01
1.534594e+00
2.846732e+00
8.276804e-01
8.403053e-01
1.083992e+00
3.497296e+00
4.595714e-01
3.847611e-01
1.663768e+00
2.668036e-01
7.701611e-01
7.572480e-01
1.568341e+00
1.633463e+01
5.851873e+00
1.461804e+00
6.969987e-01
1.797301e+00
2.505957e-01
2.185524e+00
1.239758e+00
1.527589e-01
6.164344e-01
2.097492e-01
6.160735e-01
1.292294e+00
2.725345e+00
9.967537e-01
1.277986e+00
2.947081e+00
4.979179e+00
2.472240e+00
1.330500e+00
1.600173e+00
1.521958e+00
1.733586e+00
3.953668e+00
2.722079e+00
7.657907e-01
3.011477e-01
2.569104e+00
3.731133e+00
1.911324e+00
1.537819e+00
1.264035e+00
1.354606e+00
7.275752e-01
2.776606e-01
2.645153e-01
1.627641e-01
2.732411e-01
6.138132e-01
2.855076e-01
4.740673e-01
4.791874e+00
9.412374e-01
5.078351e-01
4.296220e-01
4.433119e-01
4.237437e-01
4.757199e-01
1.572572e+00
2.260850e-01
8.375610e-01
2.131209e+00
5.040982e-01
6.989110e-01
2.077575e+00
4.742749e-01
1.598534e+00
8.679402e+00
4.103601e-01
7.340202e-01
2.561190e-01
3.160290e+00
1.292316e+00
3.529663e-01
1.024291e-01
7.206149e-01
1.609041e+00
1.031319e+00
4.901457e-01
6.653204e-01
1.798213e+00
5.938556e-01
7.933880e-01
3.129977e-01
1.450296e-01
1.260398e-01
5.901099e-01
4.664810e-01
3.404643e-01
6.965869e-01
1.687852e+00
2.313258e+00
7.319366e-01
9.892013e-02
2.820776e+00
9.898406e-01
2.135897e-01
1.598787e+00
1.753775e+00
5.524970e-01
5.232229e-01
3.436943e+00
8.718056e-01
5.880737e-01
1.155513e+00
1.779287e+00
1.490674e+00
1.575716e+00
2.037118e+00
1.129035e+00
1.009371e+00
7.333353e-01
1.187286e+00
9.933183e-01
4.535948e-01
1.714565e-01
4.980561e-02
2.677608e+00
2.025339e+00
5.515833e-01
1.155335e+00
4.447294e-01
2.104895e+00
9.935886e-01
9.651217e-01
6.041200e-01
5.602227e-01
2.491305e+00
1.867589e+00
3.215941e-01
5.348707e+00
1.740635e-01
2.249272e-01
7.574980e-01
1.055482e+00
1.480662e+00
5.625119e-01
7.529263e-01
2.053260e+00
1.373997e+00
7.844166e-02
2.465494e+00
1.509012e+00
5.482608e-01
8.716592e-01
2.670107e-01
5.459210e-01
3.865638e-01
9.193594e-01
1.967968e+00
6.522987e-01
1.095563e+00
3.342716e-01
2.329812e-01
6.002649e-01
2.840114e-01
8.517168e-01
3.578487e-01
9.332692e-01
8.502373e-01
7.693536e-02
2.326954e-01
2.658603e-01
1.681353e+00
2.175383e+00
5.152702e+00
1.162529e+00
3.520005e-01
3.270992e-01
4.963806e-01
3.368854e-01
2.093132e+00
1.002884e+01
5.241104e-01
3.690069e-01
7.953378e-01
5.912216e+00
5.996963e-01
9.392735e-01
2.490475e-01
5.801310e-01
2.802018e-01
7.212948e-01
6.941908e-01
6.846547e-01
9.730673e-01
8.264049e-01
9.881065e-01
8.764236e+00
1.264134e+00
4.254984e-01
1.160923e+00
1.663949e+00
8.293802e-01
2.000433e+00
1.532718e+00
2.602983e+00
2.833364e-01
6.812813e-01
2.980022e-01
4.451005e-01
1.392569e+00
5.106047e-01
2.023513e+00
1.191339e+00
3.016097e-01
7.601689e+00
8.655101e-01
4.953335e-01
5.492635e+00
1.456287e+00
7.555014e-01
1.604814e+00
1.532667e+00
2.663910e+00
1.011891e+00
2.836799e+00
1.491498e+00
1.156232e+01
6.766806e-01
8.286993e-01
2.223394e+00
5.998541e-01
7.461515e-01
9.096335e-01
2.671609e+00
4.927678e-01
3.575110e-01
5.541639e+00
1.634410e+00
6.932641e-01
1.996668e-01
8.439976e-01
3.016438e-01
9.593491e-01
4.293193e-01
8.732368e-01
2.236006e-01
3.980766e-01
6.015975e-01
7.001799e-02
1.037106e+00
1.937242e-01
6.567125e-01
2.902502e-01
1.134012e+00
6.147572e-01
3.097152e+00
6.049536e-01
1.167172e+00
7.025984e-01
7.243271e-01
2.019676e+00
6.409297e-01
1.567025e+00
1.525221e+00
4.203851e-01
9.125668e-01
3.209888e+00
1.781037e-01
1.408714e+00
6.098966e-01
1.176258e+00
1.179549e+00
3.553376e+00
1.044684e+00
1.170213e+00
2.579255e-02
4.583993e-01
1.000230e+00
1.712111e-01
5.528344e+00
4.521275e-01
1.137519e+00
2.951520e-01
1.998187e+00
1.488215e+00
1.547532e+00
5.199729e-01
7.362207e-01
2.817097e+00
4.172369e-01
6.591592e-01
2.193345e+00
1.682383e+00
1.755407e+00
1.773407e+00
1.618623e-01
1.998609e+00
2.345530e+00
9.656711e-01
2.572811e+00
4.160773e-01
7.103456e-01
5.258057e+00
1.283509e+00
6.459580e+00
2.498338e-01
8.795472e-01
5.103819e-01
2.577810e-01
6.383634e+00
6.453789e-01
7.045678e-01
7.119959e-01
1.018367e+00
1.318440e+00
6.370500e-01
4.762015e-01
6.035272e-01
4.133392e-01
7.302574e-01
9.904232e-01
2.318317e+00
2.401811e+00
4.047285e-01
2.511868e+01
2.360186e-01
3.793165e+00
2.043519e-01
7.992765e-01
3.431489e+00
1.128328e+00
2.024725e+00
4.608242e-01
1.175139e+00
3.084593e-01
6.998840e-01
6.073603e+00
1.043975e+00
9.539991e+00
7.721921e-01
6.761047e-01
7.503162e-01
9.945507e-01
6.300560e-01
1.199246e+00
2.329148e+00
9.804822e-01
8.211515e-01
7.221688e-01
3.887060e-01
1.361385e+00
7.547996e-01
7.079602e-01
1.871019e+00
3.087398e-01
1.634249e+00
1.845580e-01
7.136217e-01
1.151938e+00
1.448163e+00
2.398869e+00
1.856821e+00
1.471782e+00
1.263539e+00
1.044342e+00
1.205625e+00
6.827754e-01
3.166967e-01
2.816078e+00
9.023905e-01
4.015810e+00
8.066511e-01
6.272570e+00
4.975627e-01
5.405326e-01
9.838871e-01
2.506637e+00
9.327333e-01
2.723949e+00
3.908115e-01
2.161856e-01
4.614530e-01
2.577537e+00
4.515228e-01
5.349579e-01
1.311851e+00
2.031967e+00
1.206937e-01
7.616180e-01
5.474598e-01
8.705062e-01
2.983114e-01
2.511106e-01
1.495000e+00
2.491470e-01
2.238849e-01
2.308063e+00
3.138336e+00
3.150611e-01
3.309260e-01
6.559086e-01
2.784256e+00
1.281650e+00
2.217922e+00
5.817851e-01
1.048402e+00
3.573902e-01
1.212161e+01
2.565412e-01
1.611093e+00
1.488450e-01
6.968244e-01
2.353565e+00
1.850058e+00
3.333896e-01
2.180504e+00
5.254875e+00
1.294756e+00
1.104309e+00
5.907475e-01
3.964970e+00
1.467121e+00
1.069873e+00
9.026114e-01
1.654752e+00
3.904775e+00
4.815677e-01
2.020328e+00
3.200463e-01
1.668930e+00
6.483386e-01
6.911496e-01
6.906173e-01
3.169567e+00
2.428516e+00
3.160467e+00
8.036794e-01
2.185130e+00
1.038499e+00
3.194860e-01
8.531384e-01
2.684806e-01
1.199635e+00
7.450472e-01
8.216919e-01
2.167566e+00
7.920242e-01
3.600993e-01
3.594188e-01
8.306793e-01
1.271425e+00
2.129679e+00
7.965459e-01
3.281760e+00
1.372283e+00
1.980515e+00
1.914283e+00
2.509983e+00
2.667157e+00
1.367031e-01
1.565822e+00
8.538953e-01
1.700923e+00
9.585270e+00
1.138938e+00
1.107017e+01
6.320859e+00
1.987957e-01
2.081197e+00
3.478328e+00
1.146145e+00
1.298260e-01
8.468118e-01
9.532445e-01
1.206296e+00
1.636571e+00
3.836167e-01
1.790098e+00
5.014166e-01
3.594487e-01
9.340812e-01
9.435994e-01
7.181485e-01
1.537518e+00
8.299669e-01
2.906007e-01
1.947589e+00
6.229167e-01
1.461372e+00
1.489222e+00
2.114929e-01
1.858330e+00
2.532859e+00
2.572514e+00
2.877928e-01
1.000673e+00
3.054959e-01
1.684175e+00
5.606041e+00
4.080404e+00
3.504563e+00
5.067577e-01
6.183407e-01
1.331365e-01
3.302713e+00
4.976413e-01
2.285466e+00
7.199234e-01
6.518336e-01
1.689464e-01
6.492208e-01
1.551137e-01
5.786543e-01
5.042654e-01
7.174389e-01
2.916253e+00
1.954269e+00
7.803312e-01
2.439498e-01
5.751584e-01
8.551659e-02
1.727038e+00
4.289574e+00
9.739046e-01
4.463885e+00
1.118554e+00
1.066418e+00
1.128654e+00
4.745885e-01
3.065496e+00
1.600524e+00
4.932954e-01
3.487987e-01
6.209797e-01
4.210651e-01
2.783802e-01
3.444367e+00
1.470776e+00
2.311757e+00
8.665824e-01
2.949166e+00
3.703296e-01
3.218370e-01
5.079209e-01
7.417297e-01
2.824137e-01
2.256378e+00
2.784525e+00
1.204277e+00
1.105508e+00
1.246591e+00
3.976045e-01
5.388023e-01
1.769450e+00
3.639498e-01
2.714227e-01
4.955359e-01
6.530491e-01
8.397603e+00
7.086352e+00
2.145750e-01
1.055196e+00
2.840696e-01
1.445859e+00
2.103150e+00
5.556020e-01
1.278332e-01
9.143339e-01
1.521813e+00
1.090836e+00
5.598924e-01
2.196658e+00
4.449358e+00
2.568165e+00
2.853087e-01
3.242966e-01
1.038029e+00
7.566853e-01
1.114110e+00
1.941636e+00
1.318014e+00
3.680388e+00
2.183078e+00
8.799102e-01
2.161633e-01
6.357582e+00
1.202878e-01
2.638271e+00
3.332814e+00
1.589926e+00
6.842402e-01
4.139464e+00
6.392254e+00
9.178881e-02
1.233947e+00
1.131340e+00
2.286575e+00
7.727856e-01
3.980625e-01
4.646312e-01
2.556077e+00
1.538985e-01
2.824659e-01
6.564016e-01
1.366247e-01
7.832395e-01
2.736049e-01
3.171544e+00
6.904537e-02
1.600439e-01
3.395209e-01
1.463918e+00
3.662121e+00
3.250963e+00
1.562898e+00
8.828899e+00
2.656710e-01
7.386168e-02
1.653780e+00
1.939002e+00
2.310564e+00
6.095421e-01
7.469212e-01
3.544437e-01
7.437321e+00
1.256526e+00
4.310898e-01
1.802287e+00
5.718813e+00
1.103569e+00
7.230874e+00
3.704899e-01
5.781296e-01
6.058619e-01
9.488078e-01
2.205415e-01
2.891548e+00
8.645565e-01
3.714382e-01
4.634071e-01
4.287226e+00
8.531201e-01
1.455078e+01
3.349547e+00
1.804108e+00
1.970259e-01
1.547641e+01
7.905030e-01
2.985927e-01
1.046341e+00
1.369209e+00
1.873937e+00
1.527831e+00
2.248529e+00
1.973821e+00
2.410300e+00
1.295929e+00
2.870737e-01
2.072007e-01
3.239778e+00
1.485798e-01
2.587804e+00
7.399603e-01
3.332263e-01
8.366821e-01
3.142472e+00
1.556678e+00
2.719194e+00
7.487547e-01
2.848239e-01
5.617353e-01
4.932324e-01
1.118823e+00
1.887850e+00
2.889343e-01
4.961091e-01
2.387918e-01
1.406482e-02
6.013690e-01
2.254687e+00
7.439736e-01
1.059748e+00
2.823850e+00
4.292106e-01
9.714706e-01
8.315137e+00
9.092439e-01
7.626959e-01
3.390730e+00
3.178252e-01
3.016235e-01
3.881511e-01
7.165563e-01
2.102956e+00
8.263833e-01
6.718038e-01
2.797968e+00
4.166750e-01
2.459931e-01
3.727324e+00
1.803039e+00
7.422397e-01
2.750073e+00
5.563417e-01
3.386677e+00
8.404943e-01
7.875286e-01
4.325545e+00
1.739398e+00
9.538431e-01
5.512052e-01
2.264625e+00
6.396843e-01
1.790092e+00
1.482364e+00
1.241428e+00
2.918546e+00
4.603215e+00
7.971554e-01
2.974718e-01
2.308841e-01
5.186846e-01
1.091272e+00
2.150432e+00
2.732873e+00
7.218277e-01
1.067822e+00
1.576442e+00
4.639250e-01
1.592151e+00
2.746759e+00
4.343568e+00
1.073047e+00
3.085531e-01
3.580404e-01
2.297696e-01
1.421198e-01
1.513942e+00
1.285604e+00
1.237400e+00
3.773592e-01
1.437166e+00
1.190592e+00
3.771645e+00
6.044947e-01
5.481441e+00
6.213861e-01
9.709493e-01
2.516066e-01
5.982571e-01
8.154687e-01
5.072837e-01
9.163464e-01
1.226462e+00
6.481495e-01
9.199906e-01
1.240088e+00
4.031686e-01
8.520205e-01
8.979312e+00
1.678494e+00
7.735047e-01
4.630686e+00
8.109596e-01
7.625448e-01
6.927112e-01
5.352932e-01
2.812799e+00
1.038442e+00
4.608403e+00
2.766462e+00
4.000079e-01
6.969885e-01
9.096586e-01
4.839939e-01
1.090501e+00
3.100602e-01
5.381632e-01
2.664216e+00
2.920109e-01
2.505578e-01
3.150940e-01
2.990688e-01
1.831327e+00
1.743031e+00
2.454807e+00
1.479411e-01
1.148225e+00
4.714975e+00
7.467952e-01
4.663122e+00
7.423225e-01
9.642483e-01
4.152133e-01
1.125177e+00
1.664612e-01
6.198801e+00
2.389236e+00
1.537347e+00
2.879880e+00
4.505143e+00
4.392596e-01
2.521822e+00
8.586990e-01
2.713511e+00
3.575842e-01
7.980834e-01
4.622846e+00
7.747090e-01
2.177179e-01
1.319270e+00
4.830868e-01
1.031011e+00
1.761348e-01
5.526441e-01
8.169624e-01
8.632818e-01
4.380021e-01
1.079319e+00
4.671035e-01
2.039733e+00
1.318669e+01
5.711493e-01
2.630898e+00
2.305873e+00
3.418025e+00
1.203180e+00
5.722314e-01
1.632450e+00
1.285101e+00
1.237359e-01
3.902356e+00
2.480015e-01
9.021368e-01
8.706226e+00
2.310253e+00
8.728106e-01
7.195934e-01
2.530776e-01
3.312114e-01
2.466278e+00
1.102839e+00
2.670038e+00
2.607733e+00
2.271763e-01
3.313788e+00
7.569898e-01
1.498281e+00
1.094425e-01
5.455604e+00
2.776395e-01
8.263095e-02
8.714150e-01
4.933799e-01
1.785410e+00
5.355622e-01
3.389993e-01
4.585904e-01
4.862022e+00
7.593251e-01
7.209083e-01
1.911596e+00
5.561601e-01
3.098383e-01
8.736066e-01
6.372952e-01
2.932222e+00
1.979078e+00
2.874819e+00
1.624790e+00
1.023395e+00
1.161306e+00
3.549499e+00
3.626447e+00
1.142552e+00
5.056433e-01
3.504536e+00
1.915557e+00
2.202273e+00
1.266083e+00
8.664140e-01
1.856047e+00
3.320603e-01
2.420008e-01
4.404054e+00
7.678665e-01
5.635330e-01
1.491159e-01
1.785358e+00
1.301245e-01
1.332834e+00
1.028385e+00
2.122418e+00
5.724075e-01
1.035127e+00
4.924429e-01
2.483388e+00
4.969458e-01
2.542811e+00
2.492462e+00
3.344410e-01
1.048491e+00
2.038226e+00
6.125012e-01
1.848631e+00
1.837079e+00
1.872461e+00
6.139323e-01
5.445647e-01
3.037324e+00
1.036260e+00
1.358135e+00
1.095605e+00
8.818378e-01
1.390131e-01
6.575963e-01
8.865365e-01
3.049396e+00
1.815271e-01
1.274243e+00
6.841115e-01
4.564511e-01
6.996998e-01
9.312867e-01
1.647232e+00
6.002965e+00
1.420414e+00
1.098493e+00
3.725895e-01
6.390446e+00
6.016327e-01
9.209184e-01
1.008809e+01
8.161899e-01
3.947993e-01
1.721672e-01
4.219501e-01
1.059057e+00
1.087674e+00
1.466041e-01
2.058953e+00
1.548239e+00
6.333151e+00
2.061387e+00
6.254705e-01
4.226482e-01
6.931950e-01
6.973237e-01
1.715020e+00
2.022770e+00
2.566599e+00
5.335752e+00
1.507342e+00
1.749085e+00
8.301886e+00
2.852591e-01
2.018241e-01
5.008503e-01
5.347423e-01
2.804640e+00
1.172002e+00
3.057162e-01
3.516301e+00
1.911591e+00
9.626305e-01
8.781278e-01
1.135975e+00
6.760089e-01
2.340363e-01
1.736679e-01
4.922574e-01
7.473161e+00
2.024340e+00
4.240007e-01
6.121615e-01
4.945281e+00
3.062104e-01
3.835624e+00
6.738872e-01
5.171210e-01
4.981540e-01
3.797825e-01
3.205418e-01
7.175835e-01
9.953088e-02
9.363901e-01
3.891772e+00
2.611313e+00
1.923137e+00
4.743269e+00
2.356331e-01
3.598724e-01
5.555101e-01
1.001194e+00
9.586358e-01
3.754550e-01
1.228148e+00
7.501159e-01
2.902688e+00
2.736673e+00
4.132334e+00
4.096981e-01
1.561524e+00
6.765689e+00
1.206111e+00
1.061290e+00
7.811969e-01
4.583974e-01
1.317181e+00
2.683190e-01
2.922960e+00
7.363221e-01
4.998606e-01
8.388506e-01
1.617451e+00
7.653327e-01
2.048283e-01
7.017418e-01
1.506697e+00
9.043404e-02
2.761829e+00
1.458249e+00
4.744589e-01
1.889947e+00
4.127353e+00
1.615664e+00
1.775430e+00
2.123951e+00
1.947701e+00
2.483208e+00
8.573103e-01
4.036824e+00
4.262310e+00
2.472356e+00
3.502662e+00
4.451794e+00
1.587138e+00
2.036292e-01
1.370044e+00
1.957280e-01
5.022846e-01
7.294307e+00
6.661086e-01
8.958598e-01
2.223501e+00
3.706984e-01
1.400764e+00
1.198494e+00
2.930145e-01
5.884345e-01
5.116918e-01
1.316903e+00
1.399872e+00
1.338065e+00
6.029057e-01
1.068181e+00
1.728879e+00
5.989818e-01
1.713549e+00
6.181222e-01
1.725217e+00
2.192408e-01
1.424360e+00
2.523235e-01
1.714642e+00
1.181165e+00
1.084157e+00
4.555962e-01
1.988517e+00
8.052385e-01
8.348726e-01
1.843720e+00
5.056892e-01
2.352930e+00
1.429187e-01
2.745817e-01
1.130777e+00
8.571629e-01
7.017699e-01
1.155994e-01
6.605456e-01
4.570773e-01
6.766725e-01
4.286871e-01
1.083009e+00
1.961950e+00
1.229899e+00
2.166259e+00
6.758964e-01
6.422059e-01
1.856356e+00
2.663831e-01
5.732363e-01
9.675412e-01
1.166008e-01
1.071866e+00
4.493332e-01
1.431054e-01
1.149753e+00
5.866106e-01
3.615759e-01
2.745978e+00
1.542664e+00
7.889927e-01
8.549793e-01
5.803792e-01
8.375479e-01
1.442432e-01
4.233607e+00
3.796298e+00
5.851251e-01
2.568723e+00
6.829052e-01
1.235100e+00
1.092799e+01
1.749615e-01
2.073767e+00
3.683658e+00
8.165080e+00
3.099641e-01
2.077013e+00
1.147485e+00
8.869518e-01
3.154722e-01
5.881098e-01
2.912600e+00
7.093011e-01
1.226966e+00
1.031769e+00
1.048342e+00
1.711130e-01
2.041413e+00
2.989717e+00
1.232040e+00
4.418891e-01
1.874810e-01
1.191970e+00
9.700856e-01
1.665642e+00
3.067100e-02
1.155906e+00
7.819677e-01
7.351318e-01
2.368023e+00
7.322219e-01
2.989700e-01
2.051392e+00
4.038692e-01
1.099292e+00
4.397098e-01
8.413641e-01
2.520821e+00
1.893768e+00
8.675990e-01
2.947992e-01
4.236652e-01
4.562900e+00
7.802980e-01
2.625321e-01
2.734644e-01
3.983634e-01
2.336730e-01
1.041172e+00
7.223373e+00
7.260173e-01
2.166881e+00
3.215314e-01
6.935324e-01
2.294839e+00
8.799158e-01
9.239553e+00
2.662847e-01
6.346584e-01
1.045339e+00
1.213992e+00
5.160869e+00
9.953109e-01
1.110881e+00
3.326868e-01
3.714327e-01
3.513589e-01
2.016105e-01
8.357957e-01
2.755338e+00
6.442730e-01
9.246554e-01
1.015093e+00
2.154461e-01
2.551527e+00
3.438138e+00
1.124729e+00
8.466454e+00
3.045872e-01
1.706198e-01
3.794487e-01
9.830583e-01
5.604998e-01
5.264730e-01
1.749017e+00
3.317624e-01
7.850959e-02
5.129479e-01
3.573377e+00
9.918285e-01
1.149747e+00
2.645983e+00
1.903408e+00
2.540414e+00
1.087901e+00
1.303197e+00
2.466173e+00
7.067162e-01
5.877570e+00
1.289873e+00
1.913439e+00
2.327655e-01
9.496698e-01
1.270386e+00
2.186522e+00
6.404467e+00
9.412657e-01
5.103962e-01
1.141579e+00
1.986907e-01
5.716293e-01
2.326713e+00
6.934338e-01
5.065955e-01
3.834996e-01
5.603685e+00
2.651837e+00
1.364316e+00
5.873076e-01
7.284361e+00
2.283441e+00
2.271546e-01
2.076315e+00
7.450064e-01
2.470934e+00
2.415231e-01
5.615751e-01
1.013558e+01
2.844324e-01
5.799163e-01
1.791378e+00
1.107209e+00
1.152113e+00
4.754901e+00
1.458753e+00
2.424976e+00
3.914669e-01
3.938434e+00
4.963804e-01
1.433806e+00
1.864084e-01
3.520727e-01
4.630638e+00
1.768579e+00
1.051453e+00
4.909897e-01
2.516226e+00
3.237141e+00
3.130144e+00
1.060323e+00
1.392545e+00
5.536114e-01
2.063356e-01
2.568495e+00
3.946204e+00
4.194108e-01
1.679729e-01
6.149568e-01
4.160097e-01
7.091168e-01
2.106684e-01
3.899310e-01
9.064845e-01
5.152172e-01
1.244098e-01
1.079663e+00
3.731758e+00
3.903947e-01
2.271965e-01
6.261747e-01
5.543887e-01
1.818455e+00
5.786135e-01
1.174568e+00
3.509943e-01
3.718273e-01
4.296485e-01
3.799510e+00
5.927270e-01
4.068622e-01
6.442790e-01
5.255483e-01
2.776207e-01
6.772751e-01
8.635319e-01
2.604741e+00
1.051288e+00
6.666774e-01
9.374904e-01
5.919191e-01
1.015163e+00
2.091010e+00
1.800193e+00
1.569684e+00
1.221366e+00
4.452253e-01
7.802365e-01
5.726243e-01
2.394983e-01
9.311459e-01
6.454509e-01
1.392730e+00
6.501141e-01
5.324464e-01
9.369462e-01
3.023890e-01
7.102940e-01
5.108976e-01
5.501827e-01
5.631743e+00
4.098754e+00
5.739839e-01
9.404707e-01
3.219524e-01
2.085466e-01
1.816304e+00
1.591491e+00
2.562763e-01
3.237618e-01
1.200043e+00
2.048176e+00
3.160871e+00
2.019926e+00
1.719313e+00
1.078343e+00
4.326689e+00
8.756580e-01
1.022776e+00
7.745238e+00
3.724883e-01
6.640188e-01
1.494171e+00
2.485868e+00
8.647874e-01
8.074417e-01
4.936510e+00
3.021928e+00
5.990716e-01
4.911541e-01
3.611774e-01
5.323799e-01
8.753985e-01
7.278794e-01
1.704912e+00
3.484373e+00
7.619795e-01
1.635877e+00
1.503591e+00
6.840334e-01
2.193955e-01
1.820191e+00
1.473422e+00
3.682860e+00
3.035894e-01
2.437863e-01
3.961519e-01
2.620038e-01
1.418136e-01
2.458458e+00
1.156032e+00
3.394852e+00
2.918552e+00
5.992841e-01
3.865948e-01
2.001930e-01
8.781104e-01
9.454702e-01
1.238113e-01
3.024024e-01
1.373849e+00
1.515165e+00
2.445641e+00
1.039399e+00
7.399717e-01
2.589697e-01
1.935229e-01
4.450831e-01
5.319980e+00
3.147978e-01
2.259267e+00
6.639392e-01
2.586852e+00
1.712434e+00
1.980368e+00
1.597718e+00
2.016950e+00
1.488552e+00
2.843404e-01
1.548160e+00
3.539634e+00
1.482329e+00
4.253609e+00
4.417805e-01
4.155772e+00
1.243613e+00
1.604519e+00
1.361458e+00
3.081093e+00
3.835467e-01
6.751194e-01
1.956811e-01
7.051928e-01
1.597254e+00
1.205386e+00
2.138613e-01
3.024257e-01
6.356231e-01
6.754685e-01
4.599912e-01
4.226280e-01
6.056161e-01
1.201418e+00
2.029890e+00
8.372084e-01
3.546464e-01
2.019587e+00
2.378913e+00
9.252512e-01
2.098606e+00
1.456108e+00
1.739021e+00
2.088215e-01
7.282779e-01
1.725752e+00
2.604726e+00
8.171287e+00
2.935187e+00
2.843992e+00
3.515230e-01
6.387382e-01
2.941482e-01
2.860656e-01
3.602878e+00
2.885324e-01
2.609922e+00
9.243931e-01
8.061010e-01
3.575079e-01
2.670815e+00
2.058592e+00
4.343861e+00
3.080461e+00
5.107529e+00
5.840385e-01
1.506836e+00
4.056717e+00
3.616467e+00
2.499801e+00
7.083398e-01
1.895415e+00
1.929677e-01
2.942522e-01
1.585287e+00
2.962649e-01
4.260200e-01
4.648861e-01
4.666533e-01
4.150546e-01
2.155899e+00
3.696659e-01
2.928222e+00
6.552350e-01
3.760812e+00
8.919303e-01
1.498635e+00
3.487832e-01
4.849955e-01
4.505191e-01
1.645328e+00
4.707301e-01
1.143535e+01
4.079663e+00
9.704570e-01
1.393927e+00
6.729339e-01
1.290945e+00
7.687338e-01
7.007826e-01
4.306112e+00
2.715527e+00
8.848859e-01
4.272185e-01
6.226974e+00
4.034783e+00
1.189550e+00
4.159320e+00
1.941704e+00
6.638175e-01
3.413631e-01
7.614570e+00
2.918971e+00
3.407877e+00
1.464558e-01
1.189257e+00
7.044904e-01
3.703138e+00
2.165750e+00
8.934377e-01
1.347636e+00
1.803274e-01
2.069569e+00
8.202444e-01
1.290130e+00
3.193924e+00
4.987137e-01
4.235673e-01
8.015336e-01
8.310629e-01
1.089303e+00
1.297126e+00
1.677255e+00
5.196880e-01
1.574585e+00
1.023334e+00
3.648145e-01
2.562160e-01
9.241779e-01
9.308980e+00
8.164826e-01
1.381383e+00
1.371007e+00
7.916079e-01
1.318169e+00
4.738115e+00
1.010060e+00
7.312016e-01
3.008360e+00
1.462324e+01
2.568001e+00
3.024111e-01
2.513337e-01
2.280471e-01
2.476098e+00
3.288873e+00
4.726565e-01
4.297900e-01
1.467290e+00
1.052971e+00
1.437081e+00
4.524717e-01
8.629198e-01
3.107428e+00
4.008440e-01
1.308625e+00
1.213542e+00
1.781456e+00
2.354472e+00
6.987591e-01
2.868597e-01
1.266738e+00
2.268318e+00
1.448992e+00
2.281178e+00
1.429459e+00
3.823555e-01
2.981636e-01
2.065785e-01
8.594813e-01
3.878216e-01
3.290229e-01
1.252253e-01
1.573944e+00
8.898914e-01
2.380798e+00
4.486295e-01
3.134917e+00
1.064421e+00
3.368631e+00
1.950981e+00
2.729717e+00
4.846048e+00
2.149692e+00
1.698867e+00
6.715570e-01
1.221857e+00
1.774622e+00
3.722837e-01
2.580719e+00
9.829178e-01
1.638154e+00
1.109395e-01
4.158851e-01
5.255445e-01
1.413854e+00
2.377959e-01
4.763994e+00
4.713717e-01
5.783958e-01
6.756539e-01
7.451147e-01
5.366724e-01
1.016081e+00
1.262044e+00
7.510740e-01
1.084631e-01
9.216950e-01
9.708449e-02
5.410963e-01
3.938839e-01
4.567104e+00
5.282492e-01
1.011745e+00
4.215576e+00
2.411319e-01
2.174476e+00
1.380623e+00
3.400331e+00
8.701247e-01
2.754513e-01
1.016891e+00
3.823110e-01
8.523289e-01
1.536000e+00
1.790217e-01
4.249059e+00
7.613342e-01
4.818040e-01
3.754391e+00
6.360757e-01
4.985322e-01
1.506302e+00
5.501535e-01
4.757460e-01
1.158128e+00
1.627341e+00
8.617821e-01
4.075953e+00
4.595467e-01
1.077217e+00
2.978022e-01
9.358540e-01
4.192495e-01
6.881075e-01
3.290160e+00
1.717058e+00
3.481566e-01
4.104319e+00
4.169569e-01
4.368134e+00
3.357401e+00
8.991087e-01
6.814134e-01
2.886871e+00
2.840226e+00
3.960112e-01
1.005517e+00
6.348291e-01
5.774779e-01
1.455623e+00
1.112194e+00
6.669865e-01
1.042102e+00
4.597864e-01
1.037313e+01
5.821113e-01
1.397366e-01
9.084850e-01
8.799380e-01
1.836422e+00
1.595469e+00
6.243280e+00
6.174163e-01
1.447406e+00
7.028195e-01
3.747299e+00
3.459417e-01
8.657717e-01
1.494708e+00
7.919592e-02
8.700775e-01
8.989127e-01
4.480229e-01
8.756300e-02
8.242438e-01
3.102449e+00
1.188885e+00
4.514829e-01
2.844893e+00
9.892051e-01
1.748930e+00
5.918720e-02
5.289409e-01
1.366797e+00
1.616471e-01
3.133381e+00
9.707808e-01
1.461957e+01
1.140277e+00
8.348944e-01
3.898618e+00
2.259371e+00
1.262423e+00
4.289173e-01
4.401528e-01
8.463627e-01
1.035816e+00
2.454520e-01
1.583175e+00
3.743805e-01
1.412807e+00
7.055643e-01
6.816167e-01
6.585939e-01
2.318105e+00
2.265189e+00
5.374125e+00
1.722772e+00
1.707853e+00
1.263808e+00
2.450617e+00
7.431562e-01
1.787608e+00
2.245643e-01
3.817729e-01
2.719831e-02
3.632268e-01
8.347884e-01
2.116651e-01
1.958419e+00
3.507625e-01
1.190144e+00
5.776536e+00
2.997104e+00
4.929063e-01
9.983238e-02
1.171596e+00
5.378571e-01
8.616629e-01
2.659392e-01
1.891667e+00
5.540636e-01
8.449947e+00
3.116845e-01
2.631753e+00
4.259743e+00
1.118640e+00
1.966176e-01
3.955403e-01
1.499361e+00
5.542804e-01
4.125103e-01
1.394220e+00
1.099362e+00
2.352615e-01
4.307250e-01
2.963238e+00
2.898648e+00
2.847169e+00
5.888403e-01
2.790808e-01
1.333554e-01
7.707186e+00
9.215129e-01
1.397726e+00
2.252715e-01
3.464895e-01
2.982967e-01
1.923493e+00
6.005634e-01
7.563342e-01
7.834583e-01
6.980228e-01
5.450570e+00
3.561773e-01
1.748455e-01
4.102136e-01
2.037109e+00
2.656447e+00
2.998178e-01
1.237813e-01
1.941851e-01
1.524643e+00
4.703505e-01
1.922990e+00
8.430136e-01
7.209629e-01
5.565585e-01
7.710383e-01
1.889796e+00
7.427482e-01
2.636379e+00
2.041664e+00
5.026380e-01
9.084037e+00
3.560477e-01
3.392373e-01
1.394127e+00
3.684211e-01
2.335737e-01
2.615939e+00
7.267989e-01
8.681968e-01
1.789635e+00
3.291127e-01
3.268447e+00
2.993463e+00
6.836847e-01
2.392123e+00
1.757084e+00
3.630677e-01
3.175612e-01
3.211740e-01
2.275267e+00
6.485237e+00
1.407449e+00
6.186280e-01
1.120828e+00
4.470685e-01
1.231435e+00
1.335356e+00
7.310245e-01
5.066132e-01
3.493021e-01
5.780728e-01
8.488159e-01
3.297730e-01
6.708242e-01
3.739372e-01
3.314322e-01
2.715274e-01
2.224487e+00
8.775890e-01
2.887848e+00
1.621221e+00
1.414819e+00
1.858627e+00
1.715566e-01
2.373705e+00
3.941766e-01
2.569745e+00
5.239737e+00
4.644714e+00
1.997736e-01
7.916030e-01
5.813455e-01
1.082889e+00
1.449736e+00
1.553062e+01
1.302592e+00
6.498044e-01
2.838322e-01
5.170536e-01
7.122364e-01
2.233479e+00
1.539632e+00
1.263041e+00
1.844187e+00
6.334408e+00
3.297444e+00
1.497700e+00
1.952467e+00
5.795200e-01
1.037213e+00
3.380895e-01
4.012260e-01
2.778696e+00
2.469932e+00
7.549301e-01
2.161714e+00
2.937108e-01
4.642027e+00
4.814738e-01
2.578158e-01
2.341297e+00
1.365589e+00
2.182819e+00
1.632617e+00
1.071909e+00
4.040354e+00
3.733496e-01
3.796521e-01
6.721662e+00
5.193742e+00
4.432564e-01
6.930841e-01
4.788112e-01
1.420068e+00
4.637472e-01
1.305292e+00
1.239724e+00
9.745085e+00
1.198938e+00
2.459527e+00
1.903396e-01
2.934059e-01
5.907927e+00
1.547906e-01
2.559726e+00
3.323059e+00
4.165718e+00
1.702938e+00
1.120426e+00
3.516851e-01
3.956442e-01
6.358407e-01
8.524531e-01
2.242231e-01
2.157916e+00
2.493970e+00
2.946985e-01
7.659351e-01
6.551183e-01
8.749582e-01
1.075272e+00
8.095685e-01
5.297692e+00
2.413518e-01
1.079435e+00
4.287292e+00
1.475414e+00
1.217516e+00
7.068938e-01
2.148089e+00
2.140630e+00
2.346372e+00
5.559100e-01
1.776439e+00
1.714711e+00
1.291608e-01
4.384924e-01
3.507129e+00
4.897393e-01
2.349161e-01
4.062308e+00
7.136984e-01
1.811893e+00
6.919005e-01
1.166999e+00
1.529724e+00
7.370361e+00
8.827402e-01
2.380237e+00
3.489193e-01
2.953738e+00
4.825373e-01
1.119621e-01
1.613346e-01
1.591139e+00
1.005903e+00
3.287758e-01
5.176846e-01
5.760947e+00
4.107636e+00
2.515837e+00
1.929217e+00
7.542865e+00
8.226696e-01
7.144944e-01
6.630644e-01
2.851234e-01
2.017479e+00
4.871021e-01
1.141705e+00
1.382251e+00
2.355268e-01
7.486289e+00
2.431629e+00
1.739234e-01
4.632240e+00
4.853482e+00
1.499904e+00
3.187034e-01
1.215941e-01
8.248980e-01
6.870941e-01
4.957004e-01
1.025965e+00
4.696081e-01
8.849153e-01
2.088133e+00
6.351373e-01
5.677627e-01
2.168392e-01
2.346355e-01
2.552260e+00
1.491045e-01
2.071179e+00
2.952570e-01
2.080248e+00
8.115843e-01
2.020389e+00
5.426253e-01
3.158995e-01
9.609533e-01
2.543600e+00
1.058087e+00
1.350018e+00
2.502882e-01
3.886167e-01
1.751837e-01
4.677017e-01
5.802811e+00
2.008263e-01
1.890548e+00
3.677619e+00
6.991331e-01
1.038359e+00
8.153381e-01
1.842863e-01
1.051067e+00
3.851964e+00
2.999778e+00
1.735179e+00
2.465127e+00
6.858848e-01
2.134809e+00
1.027500e+00
2.214544e-01
9.676848e-01
1.084541e+00
6.998337e+00
6.597137e-01
2.790542e+00
8.349380e-01
8.150285e-01
1.100598e+00
7.425092e+00
1.600232e+00
2.731143e-01
6.529356e-01
2.509156e-01
6.310350e+00
1.352177e+00
7.335245e-01
9.897094e+00
2.079698e+00
1.837167e+00
1.434865e+00
1.189032e+00
3.702363e-01
3.910590e+00
8.680854e+00
1.218804e+00
5.490020e+00
9.439161e-01
5.298089e-01
9.282180e-01
3.608666e-01
1.612338e+01
1.407393e-01
1.024504e+00
3.385903e-01
6.266693e-01
6.498538e+00
1.094170e+00
1.394099e+00
1.713759e-01
2.211688e+00
8.605301e-01
3.124416e+00
6.043322e-01
3.274257e+00
7.850614e-01
1.207698e+01
3.286731e+00
1.085867e+00
6.733517e-01
9.118188e-01
2.150185e+00
6.031453e-01
6.215561e-01
1.270759e+00
7.781580e-01
5.420964e+00
1.916135e-01
8.666987e-02
5.055768e+00
6.896660e-01
6.559050e-01
7.171217e-01
3.764217e-01
6.733060e-01
8.465395e-01
2.429800e+00
1.042245e+00
2.549020e-01
9.558991e-01
1.946316e+00
8.186845e-01
1.324614e+00
2.385205e-01
2.958278e+00
2.020319e-01
3.575000e-01
1.953245e+00
1.735916e-01
4.368106e-01
2.332622e+00
2.127714e-01
3.760057e-01
2.207963e+00
1.324657e+00
3.280678e+00
6.158990e-01
4.702712e+00
8.379403e-01
4.001413e-01
1.678187e+00
4.130274e+00
1.107406e+00
1.896229e+00
1.929169e+00
3.370564e-01
4.524152e-01
5.987674e-01
4.673231e-01
1.047355e+00
4.553170e+00
5.485382e-01
5.434983e+00
5.384463e-01
6.589330e-01
1.118044e+00
2.518522e-01
7.369729e-01
1.203803e+00
1.074955e+01
7.000650e-01
6.396431e-02
2.895789e+00
7.198624e-01
8.555550e+00
2.386408e+00
2.327664e+00
2.771486e+00
7.935160e-01
3.926314e-01
4.219225e-01
1.787288e+00
4.629438e+00
2.955237e+00
1.177141e+00
3.218455e-01
1.059506e+00
1.683615e+00
9.758030e-01
3.044162e-01
3.351306e-01
1.535508e+00
2.541677e+00
4.811849e-01
1.451167e-01
6.298591e-01
1.950336e-01
5.424349e+00
7.977452e-01
2.763232e-01
2.642318e-01
1.304404e+00
1.816307e-01
1.451263e+00
7.564555e-01
1.582242e+00
8.329753e-01
1.749099e+00
2.059273e+00
2.303239e+00
2.008037e+00
5.499672e-01
1.765569e+00
5.179838e-01
2.984192e+00
6.297255e+00
5.931749e-01
2.154832e+00
2.501915e-01
1.549449e+00
6.156055e-01
2.667607e+00
3.965405e-01
1.180760e+00
4.558529e+00
5.658045e-01
4.781497e+00
8.203949e-01
6.080971e-01
1.834017e+00
1.499968e-01
1.027608e-01
8.063704e-01
6.287352e-01
1.058230e+00
3.186892e-01
5.709203e-01
