3.168691e-01
2.696876e+00
1.390031e-01
9.628336e-01
1.189624e+00
2.647369e-01
1.192691e+00
2.589983e-01
7.292520e-01
1.320816e+00
9.848367e-01
5.309321e-01
7.000293e-01
5.661513e-01
4.469538e-01
1.949840e+00
3.225858e+00
2.426677e+00
2.075817e+00
2.383284e-01
2.138157e+00
5.343417e-01
1.621624e-01
4.556084e+00
1.894141e+00
3.987741e-01
1.218003e+00
8.880441e-01
4.167987e-01
1.672048e+00
1.592621e+00
1.083837e+00
3.942497e+00
1.417237e-01
9.953655e-01
3.490332e+00
5.408766e-01
9.576075e-01
1.215005e+00
5.332904e-01
1.089911e+00
3.899303e-01
6.777697e-01
8.163281e+00
4.443161e-01
4.796940e+00
1.619879e+00
2.913187e-01
6.412580e-01
1.025684e+00
3.008653e-01
2.181889e-01
1.608479e-01
4.121255e-01
2.736906e+00
1.387339e+01
1.819727e+00
1.855212e+00
7.221666e-01
5.041686e-01
1.056928e+00
6.698591e-01
9.128615e-02
6.287267e-01
7.599323e-01
2.487594e-01
2.197889e-01
7.735897e-01
1.203988e+00
2.749134e+00
1.540743e+00
1.833664e+00
4.737242e-01
1.544576e+00
1.613987e+00
1.371914e+00
1.294052e+00
7.347026e-01
2.202827e-01
1.149152e+00
2.573934e+00
2.952152e+00
2.911448e-01
1.113217e+00
2.350376e+00
1.034776e+00
7.942748e-01
3.027818e+00
2.904580e+00
1.677958e+01
4.331560e+00
3.236136e-01
5.592714e-01
1.925949e+00
1.226901e+00
5.916882e-01
4.483866e-01
1.986541e+00
8.549799e-01
3.167204e-01
1.439273e+00
8.065076e-01
9.432968e-01
1.445270e+00
1.132143e+00
5.835550e-01
1.860589e+00
7.722221e-01
1.889256e-01
1.514623e+00
1.273669e+00
7.846068e-01
1.821104e-01
1.676851e+00
5.822298e-01
5.831598e+00
1.396635e-01
1.549340e+00
4.301659e+00
9.225639e-01
1.703511e+00
1.722515e+00
1.995313e+00
5.409190e-01
8.284615e-01
2.746583e-01
1.171880e+00
2.320597e+00
1.135329e+00
3.421865e-01
2.339539e-01
2.217636e+00
3.334747e-01
8.952503e+00
4.011606e+00
4.966520e-01
5.119404e+00
1.049976e+00
4.053659e-01
1.595763e+00
3.986209e-01
2.334027e+00
3.583290e-01
2.972500e+00
1.855109e+00
6.885782e-01
4.513491e-01
5.324942e-01
7.693253e-02
2.377551e+00
5.103510e-01
3.469950e+00
1.260887e-01
1.218366e+00
4.909077e+00
1.190415e+00
5.265403e-01
2.010583e+00
1.267748e-01
9.087731e-01
1.809766e+00
4.936225e+00
9.037226e-01
3.452732e-01
4.700010e-01
6.236574e-01
3.380927e+00
4.848159e+00
1.200392e+00
6.494070e+00
1.473042e+00
1.123968e+00
2.637337e-01
1.480888e+00
1.080315e+00
4.818759e-01
3.151238e-01
1.188299e+00
3.194275e+00
7.582307e-01
9.513530e-01
1.654660e-01
5.689025e-01
7.802578e-01
1.450238e+00
5.873998e-01
6.774356e-01
7.506423e-01
2.996511e-01
1.037020e+00
2.558086e+00
6.881082e-01
1.046754e-01
6.490037e-01
2.071073e+00
3.264027e-01
1.891035e+00
4.529473e-01
3.613875e+00
1.336594e+00
2.041985e+00
7.197316e-01
5.185072e-01
4.139956e-01
4.219283e-01
5.418194e-01
1.131025e+00
3.205297e-01
7.971940e-01
1.343919e+00
6.703845e-01
6.462765e-01
5.131485e+00
4.845773e+00
9.714542e-02
5.233092e-01
2.311349e+00
2.912017e-01
1.140035e+01
7.292094e-01
3.727480e-01
5.151445e-01
1.055692e+00
9.839236e-02
8.928159e-01
1.269724e+00
4.341570e-01
8.879123e-01
1.081041e-01
9.798383e-02
9.457847e-01
1.594745e+00
9.543266e+00
6.738986e-01
1.783991e-01
7.007719e-01
1.864892e+00
2.988876e-01
7.545798e-01
6.603203e-01
4.360021e+00
1.262235e+00
4.771787e-01
6.441467e-02
1.159177e+00
3.129040e-01
2.418460e+00
1.405359e+00
6.078483e-01
1.119640e+00
3.181066e+00
1.674231e+00
1.974534e-01
2.549627e-01
2.525821e-01
5.742766e-01
5.146537e-01
1.108876e+00
1.197336e+00
5.221524e-01
5.242015e-01
6.603500e-01
2.863906e-01
2.404497e-01
7.769904e-01
3.456746e+00
3.520916e+00
1.238454e+00
1.577629e+00
1.422185e+00
1.994004e+00
3.520759e-01
1.346718e+00
5.476512e-01
1.691043e+00
3.527532e-01
4.100163e-01
9.189486e-01
1.837377e+00
3.830147e-01
3.961774e-01
1.141195e+00
1.013787e+00
2.171218e-01
2.773981e+00
2.273790e+00
1.985854e-01
1.621533e-01
4.603186e-01
2.150071e+00
1.410310e+00
3.859211e-01
3.721058e-01
2.174093e+00
1.362825e+00
1.897204e+00
1.137767e+00
1.634644e+00
6.982321e-01
5.846928e-01
2.616611e+00
6.235295e-01
2.416533e+00
9.607342e-01
6.011052e-01
1.774384e+00
6.260313e+00
2.322440e-01
8.721565e-01
6.418580e-01
1.907813e+01
4.753859e+00
3.183899e-01
1.253507e-01
3.613604e+00
1.480598e+00
6.093739e-01
1.681482e+00
2.074430e+00
3.924692e-01
5.195410e-01
1.293024e+00
1.466201e+00
6.715443e-01
2.587516e+00
2.576369e-01
2.558448e+00
6.370414e+00
2.967086e+00
1.630964e+00
2.330467e+00
1.750067e+00
1.830554e-01
2.333990e-01
8.911362e-01
2.379758e-01
4.363006e-01
4.207415e-01
3.187562e+00
6.365869e-01
7.534266e-01
8.455723e-01
1.427498e+00
1.538083e-01
1.917830e+00
1.073826e+00
2.275965e+00
2.117849e+00
4.584209e-01
1.283039e+00
1.349810e+00
5.295550e+00
2.415602e-01
4.378984e-01
2.237724e+00
1.083677e+00
9.880829e-01
2.732484e+00
1.196993e+00
3.560640e-01
8.776193e-01
4.197922e+00
1.158833e+00
2.614652e+00
6.219250e+00
3.363995e-01
6.698802e-01
1.942079e+00
4.908310e+00
1.871452e+00
5.276771e-01
2.499544e-01
1.329566e+00
1.267334e+00
3.618738e+00
7.164996e-01
5.936082e-01
2.966213e-01
1.632095e+00
1.515397e+00
7.717098e-01
4.118210e+00
2.135549e+00
1.337569e+00
1.648314e+00
1.076898e+00
2.742772e+00
6.668147e-01
2.613348e+00
6.876124e-01
1.928806e+00
4.963313e-01
4.796579e-01
9.426645e-01
7.703210e+00
5.198968e-01
7.279710e-01
5.587707e+00
1.256450e+00
5.840861e-01
3.195463e+00
1.542782e+00
2.201753e+00
1.514143e+00
2.059122e+00
1.938308e+00
7.200710e-01
2.699511e+00
6.696144e-01
3.878105e+00
1.830557e+00
5.387416e-02
5.947936e-01
1.324731e+00
3.181435e+00
1.643746e+00
5.630838e-01
3.461584e-01
1.516128e+00
6.271864e+00
2.905065e-01
1.412642e+00
4.259514e-01
3.257888e+00
1.448429e+00
4.570974e+00
2.114163e+00
6.747334e-01
7.084599e-01
1.298283e+00
5.986673e+00
3.693688e-01
7.194871e-01
5.897377e-01
1.821523e-01
8.304735e-01
5.756701e-01
1.059975e+00
2.524337e+00
1.424997e+00
5.785924e-01
2.598174e+00
1.156762e+00
3.824722e+00
3.804035e-01
1.513581e+00
1.270544e-01
4.713532e+00
6.605289e-01
3.193421e-01
5.655049e-01
6.193712e-01
2.737808e-01
1.069929e+00
1.960199e+00
2.210989e-01
1.595939e+00
3.160043e-01
2.100775e+00
3.363281e+00
3.990170e-01
1.305732e-01
3.075335e+00
3.309871e+00
1.851323e+00
6.751220e+00
1.378637e+00
4.745205e-01
8.117420e-01
1.316165e+00
1.225048e+00
1.281343e+00
1.220231e+00
6.572879e+00
7.725278e-01
1.695069e+00
6.045104e-01
3.534357e-01
7.353002e-01
1.123736e+00
2.125084e-01
8.603182e+00
2.524994e-01
4.693684e-01
2.398560e+01
1.709878e-01
5.100337e+00
7.738177e-01
7.982170e-01
2.687019e-01
1.559192e+00
1.431940e+00
6.004878e-01
1.492000e+00
2.279476e+00
2.575153e+00
1.680135e+00
1.741301e+00
3.101084e+00
2.455745e+00
1.158819e+00
1.504459e+00
7.329324e-01
8.785574e-01
9.418965e-01
9.687291e-01
1.585067e+00
2.264253e+00
2.063357e-01
1.814103e+00
1.028598e+00
4.969462e+00
5.913824e-01
5.718638e-01
2.033224e+00
1.409116e+00
2.145165e+00
1.757946e+00
7.189001e-01
5.074334e-01
2.653633e-01
1.751562e+00
2.445631e-01
5.817333e-01
8.846787e-01
7.977402e+00
4.876318e-01
1.090473e+00
1.503152e-01
7.325649e-01
1.273225e+00
5.166374e-01
8.114701e+00
6.172859e-01
5.731940e-01
3.517637e+00
9.357001e-01
1.799621e+00
6.337968e+00
1.451210e+00
1.220334e+00
1.555526e+00
2.601007e+00
4.294301e-01
1.246496e+00
1.386421e+00
2.423453e+00
1.377886e-01
2.326068e+00
2.140033e+00
2.626520e+00
2.570383e-01
2.151914e-01
8.969239e-01
4.838285e-01
1.377687e+00
5.051075e+00
5.404031e-01
5.927906e-01
1.525276e+00
3.731444e-01
2.305500e+00
4.406314e+00
1.910343e+00
9.487133e-01
2.989855e+00
2.703543e+00
4.303476e-01
9.407958e+00
2.094093e+00
1.519385e+00
3.979573e-01
1.084174e-01
9.204407e-01
1.750999e+00
8.090433e-01
2.018117e+00
1.178409e+00
1.008099e+00
2.472212e+00
2.697746e+00
1.602773e+00
2.129213e-01
5.604017e-01
2.696538e-01
1.376982e+00
8.951461e-01
2.800353e-01
1.690021e-01
7.065232e-01
3.128773e-01
2.218941e-01
7.237114e-01
1.699018e-01
1.873465e+00
1.730069e+00
6.508053e-01
2.621140e+00
9.043274e-01
1.180205e+00
8.195736e-01
4.190822e-01
5.582790e-01
2.398894e-01
8.717592e-01
1.869657e+00
3.405114e+00
8.148714e-01
2.127556e-01
7.769082e+00
2.515945e-01
1.143929e+00
2.417868e+00
8.385376e-01
1.084933e-01
7.258443e-01
1.790056e+00
3.166829e-01
9.513280e-01
1.503217e+00
6.797524e-01
4.580324e+00
2.982167e-01
5.714781e-01
2.473688e+00
1.647855e-01
6.043897e-01
5.629263e-01
1.081683e+00
6.786030e-01
6.942116e-01
5.965148e-01
3.058151e+00
3.984546e+00
7.858403e+00
1.466756e+00
2.313097e+00
3.429421e+00
1.061367e+00
8.891547e-01
1.231989e+00
1.454002e+01
9.074706e-01
4.828529e-01
1.058654e+00
6.216771e-01
4.641639e-01
1.086841e+00
4.431892e+00
2.153081e+00
5.120220e-01
2.896331e+00
1.017108e+00
1.911704e+00
6.910657e-01
1.599215e+00
4.274406e+00
1.332098e+00
1.991562e+00
1.690228e+00
1.492377e+00
1.044711e+00
3.288576e-01
6.078097e-01
2.664721e-01
6.928728e-01
4.909487e-01
1.904217e+00
1.436739e+00
1.535411e+00
9.449907e-01
3.528250e+00
1.956788e+00
1.500380e+00
8.514017e+00
2.317221e+00
4.258465e+01
4.556024e-01
1.130012e+01
8.769902e-01
1.127413e+00
1.435062e+00
2.534631e+00
3.939342e-01
8.020803e-01
3.780519e-01
6.800284e-02
1.880820e+00
1.800956e+00
1.359853e+00
9.613664e-01
1.102152e+00
8.144729e-01
3.224727e-01
1.338734e+00
8.779641e-01
2.349151e+00
4.225963e-01
4.976761e-01
9.508048e-01
2.685239e-01
2.913399e+00
4.158882e-01
3.081626e+00
1.162374e+00
1.121665e+00
8.802124e-01
8.470645e-01
1.147324e+00
1.499080e+00
1.930637e-01
6.251394e-01
1.059337e-01
4.473549e+00
9.518576e-01
3.449102e-01
2.216778e+00
8.012665e-01
1.926796e+00
1.598444e-01
1.079165e+00
1.503208e-01
1.918773e+00
2.625617e+00
2.192092e+00
1.126797e+00
6.087554e-01
7.695875e-01
1.109292e+00
9.955525e-01
1.151237e+00
1.310543e+00
6.859341e+00
6.755338e-01
6.656160e-01
3.259739e+00
2.096007e+00
2.122087e+00
6.861278e+00
3.890496e-01
4.313069e-01
1.584964e+00
6.651482e+00
7.641618e-01
2.075414e+00
3.303364e+00
5.417610e-01
1.756924e-01
3.183257e-01
4.054693e-01
2.309229e+00
1.161837e+00
5.347301e-01
7.213128e-01
8.767754e-01
1.189547e+00
1.209464e+00
2.991174e+00
5.927886e-01
2.013203e+00
2.086664e+00
3.086158e-01
7.412709e-01
1.666900e-01
1.021439e+00
5.300561e+00
2.065731e+00
9.020640e-01
7.161678e+00
1.303362e+00
3.545753e-01
1.419826e+00
3.334541e-01
1.336602e+00
1.397793e-01
4.459411e-01
9.926461e-01
4.258222e-01
3.198442e-01
1.585307e+00
4.858060e-01
3.723571e-01
2.756119e+00
1.251314e+00
8.546794e-01
6.527984e-01
1.847281e+00
5.216106e-01
3.840538e-01
5.075382e+00
2.130080e+00
9.101970e-01
4.442501e-01
3.240212e+00
2.334578e+00
3.286081e-01
4.668582e-01
2.407639e-01
8.763320e-01
8.186074e-01
2.550930e+00
1.233707e+00
8.388299e+00
2.074229e+00
8.609545e-02
3.498514e-01
2.337792e+00
1.197348e+00
5.792681e-01
1.904207e+00
1.794582e+00
5.475008e-01
2.750791e-01
1.322308e+00
8.466489e-01
1.152237e-01
8.809010e-02
9.357408e-01
2.402615e-01
1.164348e+00
7.639818e-01
5.552694e-01
1.148817e+00
1.213901e+00
3.218409e+00
5.485796e+00
1.455365e+00
6.725891e+00
2.907181e-01
2.749080e-01
3.821493e-01
2.388623e+00
3.241618e-01
1.878667e-01
1.883394e-01
5.451160e-01
3.190923e+00
1.610190e+00
2.711017e+00
1.030390e+00
5.152512e-01
9.661867e-01
9.899926e-01
3.595613e-01
4.339511e-01
2.182342e+00
3.772482e+00
7.140004e-01
2.298399e+00
1.080794e+00
2.278374e+00
3.833429e+00
8.456788e-01
3.319104e-01
1.175889e+00
2.459252e+00
5.318148e-01
5.325625e-01
1.015967e+00
1.488756e-01
3.054792e-01
2.632654e-01
1.619798e+00
5.495742e-01
1.387515e+00
9.044973e-01
5.854877e-01
2.034507e-01
4.065678e-01
2.382764e-01
1.186317e+00
9.736166e-01
3.428970e-01
8.005792e-01
7.924664e+00
7.641939e-01
1.819805e+00
4.478606e+00
3.023012e+00
2.630950e+00
2.476245e+00
1.908667e+00
1.071749e+00
7.146206e-01
3.488066e+00
1.048273e-01
8.057448e-01
1.355369e+00
1.122572e+00
1.036599e+00
8.036103e-01
1.590571e-01
3.086172e+00
1.617259e+00
6.316504e-01
1.182428e+00
2.532453e-01
1.175894e+00
2.952825e-01
1.347024e+00
9.328357e-01
2.697783e+00
2.049900e+00
2.878066e-01
1.646146e-01
1.122249e+00
3.071890e-01
3.888174e+00
7.109841e-01
4.377277e-01
3.547775e-01
1.922816e+00
1.542771e+00
6.502724e-01
1.513691e-01
2.348959e+00
6.439580e-01
4.010731e+00
1.015463e+00
7.489309e+00
1.521232e+00
3.350881e+00
2.979695e-01
3.166010e+00
8.633221e-01
2.169064e+00
8.742024e-01
3.178371e-01
3.087718e-01
2.530529e-01
1.507491e-01
9.982471e-01
2.820927e+00
1.140068e+00
2.836199e-01
1.568370e+00
7.817760e-01
9.138794e-01
1.347046e+00
1.941934e+00
4.808996e-01
7.395198e-01
2.347594e+00
1.378021e+00
1.335198e+00
1.166593e-01
2.934363e-01
3.789193e+00
8.278025e-01
1.996681e+00
9.260918e+00
1.855322e-01
6.223455e-01
1.580414e-01
1.593982e-01
6.965560e-01
3.367623e-01
1.411575e+00
2.614998e+00
5.164702e-01
1.837816e+00
2.291112e+00
5.943689e+00
6.016206e-01
3.975062e+00
8.380300e-01
7.001638e-01
7.286887e-01
4.646556e-01
4.128741e-01
2.062916e+00
4.010438e+00
1.799466e+00
2.005063e+00
4.985227e+00
3.939061e+00
1.685229e+00
2.732091e-01
3.421579e-01
6.744986e-01
1.337158e+00
5.398183e-01
1.856346e+00
4.929142e-01
4.515085e+00
8.749161e-02
3.340675e+00
2.455715e+00
4.921306e-01
2.471302e+00
5.981180e-01
6.393614e-01
1.485978e+00
2.642235e-01
9.982318e-01
2.806872e+00
9.414833e-01
7.459589e-01
6.598922e-01
1.221331e+00
2.733974e-01
1.488565e-01
1.170626e+00
1.269954e+00
2.206819e-01
4.325744e-01
1.834149e+00
1.078687e+00
1.074649e+00
4.916883e+00
8.528201e-01
3.883849e+00
3.526564e+00
3.433624e+00
1.092163e+00
9.350530e-01
1.383356e+00
3.436704e+00
3.613861e-01
3.437216e-01
9.799213e-01
3.806584e+00
1.892866e+00
1.896226e+00
1.110341e+00
8.562019e-01
4.185678e-01
1.191500e+00
1.119687e+00
2.603017e-01
1.952918e+00
5.976337e-01
2.240930e+00
3.506641e-01
1.973443e+00
2.673440e-01
3.193670e+00
5.774776e-01
2.044543e+00
3.558390e-01
4.840453e-01
7.324150e-01
6.044814e-01
4.478703e-01
1.045734e+00
4.499713e-01
5.388897e+00
4.185040e+00
8.182041e-01
2.420159e+00
6.987953e+00
6.793716e-01
2.195096e+00
2.164064e+00
4.198610e-01
1.677181e+00
1.924004e+00
1.262768e+00
1.060271e+00
1.301827e+00
3.476781e-01
8.886650e-01
2.505104e+00
3.911332e+00
2.231113e-01
1.091582e+01
2.126892e+00
2.208840e-01
5.819365e-01
4.432140e-01
4.214027e+00
3.072816e+00
4.649687e+00
1.018251e+00
4.400546e-01
3.391810e-01
2.393790e+00
1.360981e+00
7.618298e-01
3.503120e-01
1.098189e+00
2.470555e-01
2.496024e+00
1.463411e+00
2.293111e+00
7.674493e-01
9.482730e+00
2.818939e+00
2.323488e-01
6.137126e+00
1.066697e+00
3.675902e-01
7.575102e-01
2.378248e+00
1.802742e+00
1.611784e+00
1.327252e+00
1.079128e+00
1.104961e+00
9.755543e-01
7.057816e-01
2.467935e-01
3.327713e+00
1.731846e+00
1.348056e+00
2.336823e-01
8.218383e-01
6.663563e-01
1.515988e+00
2.240292e+00
9.815442e-01
2.359464e+00
1.433577e+00
6.230912e-01
7.716199e-01
2.914974e+00
9.980189e-01
6.400483e-02
3.231112e+00
1.653369e+00
9.234052e-01
7.339556e-01
2.377265e-01
6.111386e-01
4.315656e+00
7.399416e-01
5.260389e-01
4.213806e-01
3.521025e+00
1.006536e+00
8.348342e-01
4.565528e-01
1.926727e-01
3.921663e-01
9.375860e-01
3.141918e+00
9.533282e-01
1.015118e+00
5.930031e-01
4.228561e-01
3.142320e+00
2.588737e-01
6.780104e-01
5.364990e+00
1.146762e+00
1.098034e-01
2.522496e+00
4.755795e-01
5.108513e-01
1.648162e-01
1.948159e+00
9.139258e-01
2.893845e+00
1.430803e-01
7.999054e-01
3.589938e-01
2.353089e+00
3.816994e-01
3.062667e-01
1.582482e+00
7.035197e-01
1.063096e+00
1.408235e-01
7.525873e+00
5.793908e-01
5.657928e-01
1.303209e+00
1.743608e+00
1.258156e+00
7.994695e-01
3.476734e-01
4.263660e+00
2.478074e+00
8.251553e+00
4.757388e-01
1.827478e-01
1.797996e+00
1.278805e+00
1.802284e-01
6.732728e-01
1.912899e+00
5.846568e-01
9.095805e-01
1.105559e+00
1.077892e+00
3.956639e+00
2.835625e-01
7.030031e-01
5.041009e-01
8.077363e-01
1.430098e+00
2.544356e+00
5.700951e-01
5.513186e-01
1.291068e+00
1.388635e-01
6.735953e-01
2.116762e+00
9.320577e-01
4.553813e-01
1.520671e+00
1.798213e-01
2.076537e-01
3.170983e-01
5.056546e-01
6.061155e-01
4.710924e+00
7.302485e+00
6.317232e-01
5.573823e-01
4.724340e-01
4.912844e+00
3.879099e-01
1.446848e+00
3.150087e+00
9.820031e-01
5.003176e-01
3.274343e-01
6.110811e-01
4.860384e-01
1.582569e+00
3.780805e-01
2.454540e+00
4.114603e+00
2.618449e+00
3.053110e-01
2.790573e-01
6.998622e-01
3.025469e+00
4.003622e-01
4.808895e-01
3.713873e+00
7.927117e-01
1.782691e-01
2.696354e-01
1.069191e-01
1.364467e+00
4.042459e+00
1.183997e+01
4.549955e+00
8.284818e-01
2.149716e+00
1.663493e+00
1.565379e-01
2.254075e+00
1.628930e+00
1.541243e+00
1.193351e+00
1.020791e+00
2.158835e+00
1.448243e+00
9.610747e-01
1.601241e+00
3.353956e+00
4.492404e-01
1.044483e+00
2.136770e+00
1.788275e-01
1.338073e+00
1.766097e+00
1.525538e+00
6.256871e-01
2.621545e-01
3.279420e-01
1.057273e+00
1.956740e-01
5.489121e-01
6.427986e-01
3.355207e+00
8.041770e-01
2.268195e+00
1.728396e+00
1.701181e+00
9.017941e+00
1.828517e-01
2.728897e-01
7.288968e-01
5.998708e-01
5.171896e-01
8.038719e+00
1.276247e+00
1.481264e+00
6.220999e-01
8.985818e-01
6.421234e-01
5.089858e-01
4.533260e-01
2.314171e+00
4.025520e-01
4.713635e-01
4.549574e-01
1.888213e-01
3.229520e-01
6.471891e-01
3.734602e+00
1.367882e+00
6.534554e-01
6.630255e-01
1.350827e+00
3.292731e-01
9.481397e-01
5.765230e-01
3.321909e-01
7.548737e+00
4.303004e-01
2.345833e+00
4.468105e+00
3.101168e+00
1.804869e+00
1.266126e-01
1.842344e+00
7.207732e-01
9.605840e-01
1.971132e+00
1.349577e+01
8.497089e-01
7.295346e-01
6.145587e-01
5.531484e-01
4.431726e-01
5.484571e-01
9.373286e-01
1.763390e+00
1.311119e+00
3.023095e-01
3.307063e+00
2.759722e-01
3.168361e+00
6.790595e-01
2.619858e+00
1.240460e+00
2.112914e+00
5.416018e-01
8.049530e-01
1.144414e+00
5.785574e+00
5.444519e-01
2.443855e+00
1.045792e-01
1.723748e+00
1.485425e+00
2.743799e-01
1.771633e+00
1.782680e+00
3.431406e+00
3.291814e+00
2.383171e-01
1.903690e+00
2.979140e+00
1.484246e+00
5.179124e-01
1.039118e+01
1.157275e+00
9.257605e-01
6.153683e-01
1.001573e+00
3.671244e+00
3.711331e-01
8.628319e-01
8.851739e-01
3.247754e-01
1.310034e+00
2.366836e-01
3.322875e+00
2.239206e+00
4.289038e+00
1.735747e+00
4.964743e-01
2.694465e+00
2.031252e+00
2.432839e-01
3.489080e-01
4.469586e+00
6.238781e-01
4.621284e+00
2.765806e+00
3.735423e-01
4.341981e+00
9.455419e-01
9.844192e-01
5.916079e-01
4.174477e-01
2.086992e+00
1.595445e+00
5.880244e+00
1.847380e+00
6.114200e-01
2.283889e+00
1.681362e+00
9.182371e-01
2.174328e-01
2.847300e+00
2.264101e+00
1.725941e-01
2.847214e+00
1.571311e+00
3.006028e+00
5.962361e-01
5.973836e-01
4.384265e-01
2.632162e-01
7.808663e-01
3.870955e-01
7.872471e-01
1.713707e+00
9.619104e-01
4.797708e-01
1.085951e+00
9.196899e-01
3.284934e-01
4.627927e-01
1.660932e-01
1.937105e+00
6.143697e+00
7.457538e-01
1.118820e+01
1.722283e+00
1.913563e+00
6.199835e-01
5.572653e-01
6.754500e-01
5.247696e-01
1.364419e+00
2.702373e-01
3.246230e+00
5.097697e-01
8.787656e-01
4.266791e+00
3.065669e-01
4.421401e-01
1.748527e-01
1.699940e+00
1.783058e+00
1.285256e+00
1.017028e+00
3.102030e+00
1.049353e+00
1.269074e+00
1.853330e+00
4.051393e+00
7.020344e-01
9.696830e-01
1.297626e+00
5.042244e-01
4.964485e+00
4.946897e-01
4.609008e-01
5.666376e-01
4.560458e+00
6.606586e-01
1.370793e-01
1.604739e+00
1.322353e+00
8.854210e-01
1.159346e+00
5.505473e+00
2.245155e+00
1.294924e+00
5.642008e-01
2.673730e+00
5.120811e-01
5.700333e+00
2.700571e+00
4.463238e-01
1.471093e+00
3.305686e-01
1.853301e+00
2.444489e+00
1.444785e+00
3.775593e+00
5.319214e-01
4.240656e+00
2.592077e+00
3.517757e-01
7.988545e-01
1.757233e+01
2.474608e+00
4.561667e-01
7.941925e-01
2.112075e+00
6.982864e+00
2.115154e-01
3.701710e+00
1.497556e+00
4.639806e-01
7.377514e+00
9.399443e-01
6.921597e-01
2.960887e-01
2.221998e-01
2.556381e-01
8.458649e-01
5.334541e-01
7.449244e-01
2.402970e-01
1.209488e+00
1.221550e+00
2.807450e-01
9.818121e-01
2.183716e+00
1.146519e+01
2.967356e-01
9.249834e-01
2.079380e+00
6.098171e-01
6.161025e-01
7.036313e-01
4.571382e-01
2.353143e+00
8.681574e-01
2.197962e-01
5.878384e+00
3.303439e+00
3.696519e-01
3.661858e+00
1.667700e-01
6.222047e-01
3.355332e+00
6.700207e-01
7.047873e+00
4.742688e-01
1.049293e+00
1.132920e+00
1.580654e-01
4.081543e-01
2.862418e-01
6.049557e-01
8.093596e-01
2.169153e-01
2.185205e+00
3.595915e-01
5.413767e-02
2.167960e+00
3.358606e-01
3.769605e-01
1.045599e+00
1.979195e+00
3.609226e+00
3.689846e+00
1.209376e+00
1.000613e+00
2.766838e+00
4.104993e-01
5.553520e-01
6.870463e-01
2.058900e-01
3.163818e+00
1.489334e+00
3.991756e-01
1.444280e+00
1.344081e+00
2.222889e+00
1.017871e+01
4.379922e-01
8.943542e-01
2.350315e-01
8.038800e-01
1.430246e+00
1.018428e+00
2.683855e+00
1.320564e+00
1.636995e+00
8.131585e+00
1.218304e+00
1.232580e-01
5.439537e-01
2.210952e+00
2.307636e+00
4.374878e-01
9.046846e-01
4.999130e-01
1.527693e+00
1.539264e+00
7.059723e-01
2.459073e+00
6.836350e-01
6.889523e-01
2.396205e-01
2.142179e+00
1.079108e+00
1.051988e+00
6.862382e+00
4.168997e-01
1.408970e+00
4.567428e+00
1.323999e+00
4.052811e-01
1.742494e-01
6.833220e-01
3.026357e-01
5.520661e-01
4.098798e-01
1.303459e-01
1.005382e+00
1.578056e+00
3.781114e-01
7.531739e+00
1.368610e+00
1.226402e+00
1.126431e+00
1.121001e+00
9.368075e-01
1.320184e+00
1.952931e+00
4.611558e-01
2.254277e+00
9.862960e-01
6.653966e-01
1.118289e+00
1.806373e+00
2.991492e+00
2.083677e+00
7.185057e-01
1.433139e+00
4.431824e+00
5.940210e-01
3.840221e+00
2.632443e-01
8.286525e+00
6.713021e-01
2.032387e+00
2.571561e-01
1.138474e+00
1.474016e+00
8.703391e-01
9.434915e-01
1.381723e-01
2.258909e+00
8.818795e-02
3.417289e+00
8.115985e-01
3.751821e+00
1.520691e+00
3.811613e-01
2.093816e-01
6.286922e-01
3.428469e-01
1.042295e+00
6.183014e+00
1.849793e+00
3.864025e-01
2.890981e+00
2.558266e+00
1.017582e+00
4.195471e-01
4.838641e-01
4.347860e+00
3.398075e+00
2.170681e+00
9.069935e-02
1.249472e+00
3.282714e+00
1.057024e+00
2.150613e-01
3.746751e-01
3.865525e-01
3.424519e-01
1.125356e+00
4.909707e+00
2.959192e+00
3.917750e-01
2.181175e+00
1.486421e+00
6.601266e-01
1.470934e+00
1.916078e+00
4.091139e-01
3.943211e-01
7.505577e-01
7.801688e-01
4.758331e+00
2.274536e+00
1.626172e-01
1.825391e+00
2.972508e+00
9.554884e+00
1.870330e+00
6.070046e-01
1.412410e+00
6.953385e-02
1.312773e+00
1.873103e+00
1.773598e+00
1.221518e+00
1.808760e-01
3.574869e-01
1.210757e+00
1.798717e+00
4.552932e+00
2.745613e-01
9.968386e-01
2.737821e+00
6.921043e-01
1.750020e+00
3.537694e-01
9.988219e-01
1.646448e-01
3.200235e-01
4.465067e-01
3.515752e+00
1.046798e+00
4.991494e-01
8.295802e-01
1.633864e+00
3.308735e+00
1.982187e+00
1.990271e+00
7.396614e-01
3.635735e-01
2.604344e+00
2.889101e-01
6.390685e-01
1.787114e+00
2.083466e-01
5.621134e-01
2.370037e+00
2.339744e+00
1.759502e+00
3.829474e-01
2.244142e+00
4.635912e-01
5.563785e-01
1.100118e+00
3.784055e-01
1.114475e-01
1.026982e+00
3.605705e+00
5.977161e-01
1.418314e+00
2.493229e+00
1.366874e+00
1.819331e-01
1.466831e+00
4.216191e-01
2.658912e+00
5.456420e+00
5.687971e-01
1.038590e-01
5.933845e-01
1.137906e+00
8.253012e-01
6.871546e+00
4.220147e+00
2.343307e+00
1.197422e+00
1.302020e+00
1.555574e+00
6.575382e-01
5.224935e-01
2.577088e-01
2.376550e+00
1.563053e-01
2.034900e-01
1.959111e+00
3.073252e+00
4.351486e+00
6.384349e-01
1.066410e+00
6.204260e-01
2.111582e+00
1.021088e-01
8.912890e-01
1.266959e+00
1.970130e-01
7.549737e-01
1.525797e+00
1.901199e+00
2.468447e-01
4.541054e-01
6.299073e+00
3.163312e+00
1.805717e+00
7.697957e-01
1.035490e+00
2.282186e+00
1.515626e-01
1.712156e+00
1.493627e+00
1.565806e+00
6.184108e-01
1.069031e+00
9.680000e-01
2.297949e+00
3.713757e-01
8.706302e-01
2.363547e+00
2.103138e+00
8.130768e-02
1.300573e+01
2.653859e+00
6.493589e-01
1.075567e+00
1.505724e-01
2.378826e+00
6.661893e+00
2.307833e+00
2.543316e-01
9.068485e-01
2.011489e-01
1.100757e-01
2.224385e-01
8.089381e+00
3.673355e+00
3.706186e+00
4.939320e-01
3.801815e+00
8.221820e-01
3.198360e-01
2.715733e-01
4.090833e-01
1.405806e+00
3.444663e-01
4.735818e-01
1.083441e+00
1.930781e+00
2.215668e-01
2.096028e-01
2.269161e-01
3.023491e-01
4.097181e+00
3.408027e-01
1.474650e+00
5.508319e-01
2.722118e+00
2.102385e-01
1.351156e-01
2.078987e+00
4.894426e+00
1.009633e+00
1.057970e+00
5.792850e-01
2.054798e+00
1.212812e+00
1.476068e-01
2.221207e-01
6.919495e-01
8.668386e-01
5.931064e+00
6.251987e+00
2.939080e-01
1.772775e-01
2.673170e-01
5.917765e-01
4.102371e-01
1.123481e+00
1.018707e+00
5.880887e-01
1.141719e+01
3.468904e-01
9.182049e-02
4.826270e-01
8.399650e-01
3.445673e-01
2.241961e+00
1.274534e+00
1.534827e+00
9.747668e-01
2.658928e-01
1.759137e+00
8.138074e+00
7.077578e-01
1.242390e+01
2.211629e+00
6.978439e+00
6.671006e-02
7.303601e-01
5.371195e-01
1.353962e+00
8.944480e-01
1.206730e+00
4.686154e-01
6.601551e-01
4.415912e-01
2.066635e-01
7.882813e+00
7.318415e-01
5.407306e-01
4.706394e+00
5.589139e-01
9.081127e-01
1.764870e-01
5.026980e+00
2.242119e+00
1.507550e+00
1.442053e-01
3.121102e+00
9.664944e-01
2.341040e+00
8.413565e-01
6.392844e+00
4.352010e+00
5.815255e-01
2.707150e-01
2.288164e+00
3.011354e-01
3.909292e-01
2.677409e+00
9.971632e-01
5.420686e-01
1.332410e+00
8.403142e-01
1.537574e+00
1.137078e+00
8.015078e-01
3.722378e+00
2.738008e-01
2.670703e+00
8.920855e-01
6.990945e-02
4.950213e-01
2.668035e+00
1.470065e+00
5.840753e-01
1.369670e+00
1.162083e+00
1.747588e+00
1.622353e+00
6.283029e-01
1.536837e+00
2.442294e+00
5.661349e-01
1.226088e+00
4.896691e+00
4.812263e-01
3.430694e-01
1.087246e+00
1.011692e+00
5.139523e-01
3.579080e-01
2.139700e-01
8.655535e-01
8.814673e-01
6.369881e-01
5.730686e+00
5.344334e-01
2.055150e+00
7.221944e-01
4.514527e+00
2.125199e-01
1.013857e+00
2.889815e+00
8.612264e-01
1.562474e+00
2.037169e+00
1.009277e+00
9.892349e-01
1.503958e+00
2.373381e-01
1.091719e+00
4.889975e+00
8.540538e-01
2.060551e+00
2.545867e+00
2.804802e-01
8.406746e-01
9.796926e-01
6.528453e-01
2.332736e-01
2.343737e+00
6.510976e-01
8.004794e-02
6.522442e+00
3.684771e-01
3.336641e+00
4.059986e-01
1.450477e+00
1.304040e+00
5.013150e-01
2.202066e-01
2.533256e-01
5.872922e-01
1.708257e-01
2.193963e-01
5.334158e-01
8.104219e-01
3.715423e+00
7.882645e+00
2.768068e+00
2.865536e+00
1.671600e-01
1.677805e-01
1.846853e+00
8.442070e-01
6.603572e-01
5.667183e-01
8.287462e-01
3.268126e+00
9.845145e-01
3.836159e-01
3.735049e+00
5.663887e-01
1.878467e+00
1.198201e+00
5.046869e-01
2.842300e+00
8.613507e-01
6.960708e-01
3.512098e-01
7.840630e-01
2.769559e+00
6.116375e-01
3.417165e-01
2.541193e+00
8.094295e-01
2.199545e+00
2.470143e-01
1.637439e+00
3.432303e-01
4.981078e+00
7.705547e+00
3.063215e-01
2.224404e+00
7.722913e-01
7.382182e-01
8.820649e-01
4.630854e+00
2.446149e-01
4.220085e-01
4.001448e-01
2.151885e+00
2.580364e+00
1.389851e+00
1.137367e+00
1.565787e+00
1.107244e+00
7.688614e-01
1.695696e+00
5.241770e-01
3.760478e-01
1.793325e+00
4.078774e+00
1.619955e+00
1.849132e+00
1.928360e+00
6.991677e-01
1.127461e+00
7.329556e-01
1.758387e+00
8.290476e+00
3.213897e+00
4.303819e-01
2.397656e+00
1.288973e+00
6.615267e-01
3.161543e-01
5.775275e+00
2.665763e+00
4.174631e-01
3.759239e-01
1.304929e+00
8.889450e-01
3.065156e+00
2.346113e+00
1.172172e+00
1.010059e+00
2.288796e+00
7.756560e-01
5.884645e+00
2.415721e+00
7.664123e-01
5.797947e-01
3.378633e+00
8.709094e-01
5.373185e-01
7.808604e-01
1.198342e+00
3.706365e+00
1.056470e+00
9.801486e-01
4.127896e-01
2.081045e+00
3.774851e+00
2.050455e+00
1.919313e+00
3.958632e-01
1.000306e+00
2.810358e-01
5.470769e+00
7.061112e-01
6.118965e-01
1.189675e+00
4.172702e+00
5.474291e-01
1.383469e+00
1.925758e+00
1.331333e-01
9.823522e-01
5.712905e-01
5.885346e+00
1.729457e-01
1.171701e+00
9.596850e-01
1.680854e-01
1.678905e+00
8.028353e-01
6.330328e+00
9.004322e-01
2.803475e+00
7.032754e-01
1.406964e+00
1.544820e+00
3.500383e-01
5.239209e-01
2.559143e+00
2.329237e+00
9.937677e-01
7.740984e-02
2.527349e+00
2.243051e+00
6.246366e-01
4.874838e-01
7.835291e-01
2.675658e+00
1.061240e+01
6.437554e-01
1.112405e+00
6.780798e-01
2.286193e+01
6.591045e-01
1.630965e+00
1.258308e+00
3.704077e-01
2.469839e+00
1.409175e+00
3.898757e-01
4.951652e-01
4.608626e-01
5.091751e-01
1.870537e+00
1.171750e-01
1.752042e+00
4.494749e-01
4.447680e-01
3.255553e-01
1.627498e+00
6.766068e-01
4.973995e-01
1.752553e-01
8.461129e-01
3.802980e-01
2.510956e-01
3.395702e+00
1.752064e+00
2.142558e+00
8.991839e-01
2.437231e+00
4.316946e-02
1.701252e+00
2.722207e+00
2.191365e-01
6.122885e-01
1.882323e-01
1.715211e+00
3.574650e-01
5.412642e-01
9.052771e-01
1.181464e+00
2.143273e-01
8.848992e-01
5.420116e-01
2.795648e-01
3.051789e+00
1.514166e+00
1.008885e+00
5.012854e-01
1.767422e+00
2.751256e+00
4.594261e-01
3.495422e+00
5.184635e+00
8.395574e-02
5.188039e-01
1.332369e+00
5.437677e-01
9.517614e-01
1.373231e+00
3.600006e-01
1.046630e+00
2.457663e-01
9.287352e-01
2.811638e+00
1.473506e+00
2.377546e+00
4.858900e-01
1.845613e+00
4.124693e+00
2.222053e+00
6.724522e-01
9.468848e-01
4.854167e-01
3.540563e-01
7.140751e-01
2.660845e+00
2.747729e+00
8.417664e+00
4.405678e-01
7.972647e-01
1.382489e+00
4.552057e-01
5.911838e-01
2.398630e+00
1.959085e+00
1.247218e+00
1.182101e+00
5.124306e-01
2.743084e-01
3.638163e-01
7.448015e-01
1.282292e+00
1.182888e+00
4.291001e-01
4.695731e-01
7.291558e-01
4.078140e+00
1.185823e+00
4.747532e+00
1.763239e+00
1.061972e+00
3.998982e-01
2.398753e+00
9.079039e-01
1.507450e-01
7.824930e+00
1.632595e+00
1.818260e+00
7.961253e-01
4.720740e+00
9.686195e-01
1.484080e+00
2.951474e+00
1.776968e+00
6.944908e-01
1.220665e+01
7.503687e+00
3.509279e+00
3.626672e-01
1.413587e+00
1.337683e+00
3.111079e-01
1.854602e+00
2.290213e-01
1.095086e-01
2.568502e+00
1.232399e+00
2.057076e-01
1.481042e+00
1.930301e+00
4.207021e-01
4.544994e+00
1.052488e+00
9.788885e-01
1.101772e+00
2.621290e+00
5.631515e+00
2.712825e-01
8.798839e-01
3.842336e+00
1.111594e+00
1.240585e+00
8.038478e-01
2.243452e-01
9.714636e-01
3.253385e+00
3.179833e-01
5.148325e-01
5.207825e-01
2.086661e-01
1.122374e+00
2.016759e+00
1.809691e+01
3.465314e+00
2.411554e-01
1.920667e+00
2.398889e+00
1.461241e+00
3.165409e+00
6.202036e-01
1.453822e+00
2.144793e-01
8.707009e+00
1.374829e+00
1.315481e+00
5.773991e-02
3.157854e-01
6.892095e-01
1.881805e+00
1.815912e+00
4.994632e-01
2.934743e-01
7.939997e-01
3.281957e+00
5.723393e-01
1.962790e-01
1.177033e+00
2.572785e+00
1.867349e+00
7.152875e-01
1.626814e+00
9.856486e-01
8.706317e-01
2.478442e+00
8.271145e-01
1.272344e+00
1.925331e+00
5.023161e-01
2.220444e+00
5.940070e-01
1.508928e+00
9.298263e-02
8.433270e-01
1.425783e+00
3.971379e-01
2.736732e-01
2.789671e+00
1.218462e+00
1.636300e+00
2.662759e+00
5.820229e-01
1.541543e+00
5.260621e-01
2.601429e+00
3.577387e-01
5.328656e+00
3.316786e-01
2.368011e-01
5.074356e+00
7.366906e-01
1.166410e+00
2.174416e-01
8.120920e-01
3.087188e-01
1.165350e+01
3.729437e-01
1.534653e+00
3.167362e-01
5.985874e-01
2.439729e+00
5.757467e-01
7.514970e-01
2.337893e+00
1.157085e+00
2.118210e-01
1.063399e+00
4.207393e+00
6.503754e-01
1.530487e+00
7.569548e-01
4.166850e-01
2.293020e+00
1.398837e+00
9.701724e-01
2.812426e+00
1.069522e+00
3.658588e-01
1.801019e+00
5.162458e-01
2.663014e-01
1.179424e+00
3.240535e+00
4.453660e+00
1.119128e-01
7.911624e-01
2.405845e-01
6.206969e-01
5.497173e+00
1.662455e+00
6.106544e-01
2.705623e+00
1.904505e-01
1.658762e-01
1.187784e+00
1.135988e+00
1.005828e+01
1.487930e+00
1.714780e+00
6.698165e-01
1.354617e+00
3.351993e+00
4.907753e+00
8.332100e-01
9.181846e-01
1.019195e+00
5.379352e+00
1.247441e+00
1.793187e-01
4.165240e-01
2.226170e+00
7.850940e-01
2.493783e+00
1.550811e-01
7.570308e-01
4.469180e+00
9.925203e-01
1.362297e+00
7.581889e-01
2.826514e+00
3.141175e-01
6.867691e-01
2.067530e+00
1.452271e+00
1.993713e+00
2.441401e-01
1.928166e+00
5.617963e-01
3.052082e+00
3.774840e-01
4.059799e-01
1.135962e+00
6.634038e-01
1.165440e-01
1.218131e+00
5.669079e-01
6.345314e-01
9.162009e-01
1.384035e+00
4.805232e-01
3.010184e-01
1.105828e+00
7.538376e-01
7.025837e-01
2.871113e+00
4.666501e-01
6.879595e+00
3.102307e-01
2.138142e+00
5.734585e-01
1.085055e+00
7.223556e-01
5.790228e-01
1.656601e+00
2.544254e-01
4.966014e+00
4.844638e+00
7.540934e-01
3.819298e+00
5.632348e-01
5.159500e-01
5.718778e-01
1.171303e+00
4.209544e+00
4.387288e-01
5.346136e+00
6.825601e-01
1.600897e+00
2.540280e+00
2.101893e+00
8.081903e-01
3.079204e-01
3.872775e+00
1.938413e+00
1.214791e+00
3.503011e+00
4.142031e-01
4.219324e-01
1.840554e+00
5.418264e-01
2.696132e-01
4.393945e-01
1.233374e+00
1.032056e+00
1.184585e+00
1.554215e+00
4.653719e-01
1.238101e+00
1.603701e+00
7.645399e+00
8.161773e-01
4.110345e+00
6.646802e-01
1.086817e+00
1.557937e+00
9.136824e-01
1.121219e+00
1.108005e+01
1.030348e+00
2.854308e+00
5.281448e-01
1.850930e+00
2.960513e+00
1.779824e+00
6.538905e+00
6.303292e-02
1.125973e+00
2.959559e+00
2.080627e+00
1.557984e+00
7.636045e-01
1.657601e-01
1.183799e+00
4.464566e-01
7.410893e-01
2.085798e-01
7.004160e-01
8.307971e-01
4.340294e+00
8.146520e+00
1.094511e+00
2.315531e+00
4.984121e-01
2.216583e+00
7.107874e-01
1.117946e+00
2.224298e+00
1.807954e+00
1.139131e+00
2.639953e-01
3.965365e-01
5.916439e-01
6.373136e-01
8.448687e-01
1.210320e+00
2.087353e-01
9.627217e-02
8.178409e-01
2.505296e-01
2.111486e+00
1.277112e+00
2.533775e+00
3.311193e-01
2.295983e+00
4.164670e+00
1.438055e+00
2.519740e-01
1.167778e+00
1.619897e+00
3.917170e+00
1.066381e+00
6.824306e-01
1.993826e+00
6.131912e-01
3.997109e+00
9.614319e-01
2.633473e+00
7.314973e-01
4.749004e-01
1.659493e+00
1.120387e+00
2.526320e-01
1.651613e-01
1.944440e-01
6.203002e-01
4.322618e-01
8.739379e-01
2.251328e-01
3.984948e-01
7.803156e-01
4.419155e-01
6.715659e-01
6.988666e-01
9.043419e-01
5.211965e-01
1.100159e+00
4.903969e-01
2.432115e-01
2.077801e-01
8.463655e-01
4.753671e-01
9.523693e-01
6.191057e-01
5.481398e-01
4.702887e-01
2.307912e-01
1.066661e+00
4.519764e-01
2.142657e-01
6.591646e+00
8.221885e-01
6.146554e-01
1.236406e+00
3.442031e-01
5.745777e-01
4.888827e-01
2.081026e+00
2.855747e+00
4.788160e-01
2.208131e-01
3.577695e-01
8.684381e-01
1.017590e+00
4.755788e-01
4.568930e+00
5.720643e+00
6.478470e+00
2.756941e-01
2.323900e-01
4.110261e+00
8.913243e-02
1.081341e+00
1.738764e+00
9.313944e-01
2.795364e+00
2.656064e-01
2.031638e+00
6.070661e-01
2.809030e+00
2.093447e+00
1.887075e+00
8.025242e-02
3.268596e+00
3.983749e-01
4.014098e+00
1.876041e-01
4.223670e+00
1.431873e+00
2.072775e+00
1.392684e+00
7.317128e+00
2.648406e-01
2.282390e-01
1.759927e+00
2.478098e-01
5.293039e-01
5.571872e-01
3.824849e-01
3.856482e-01
5.321536e-01
2.202017e+00
1.028807e+00
1.735889e+00
3.443872e+00
1.914872e+00
1.537183e+00
1.301591e+00
7.449332e-01
2.661497e-01
7.842680e-01
2.079445e-01
2.383181e+00
3.040607e+00
3.190893e+00
2.445834e+00
2.208816e+00
2.997300e-01
5.408859e+00
9.006043e-01
6.002573e-01
4.634882e+00
8.562564e-01
2.253560e+00
1.252848e+00
6.838669e-01
7.105901e-01
2.218628e+00
4.433972e+00
1.322141e-01
4.830332e+00
1.183916e+00
1.789806e-01
4.046090e-01
1.251964e+00
5.965370e-01
1.054164e-01
1.164275e-01
2.295651e+00
5.930132e+00
1.168957e+00
4.325550e-01
6.452486e-01
1.527263e+00
2.334577e+00
7.394410e+00
1.969244e+00
8.097812e-01
2.348162e+00
6.504158e-01
9.487478e-01
5.668585e+00
3.392630e-01
7.066772e-01
7.439378e-01
1.654229e+00
2.758914e-01
6.461491e-01
4.548998e+00
1.101279e+00
6.745266e-01
8.734251e-02
5.078813e-01
9.312119e-01
3.976932e-01
1.984479e-01
1.084725e+00
1.701221e+00
2.855462e-01
5.048733e-01
1.462396e+00
1.734016e+00
7.513125e-01
1.095722e+00
5.192046e-01
7.265373e-01
3.586913e+00
7.721893e-01
7.758332e-01
1.437463e+00
8.849743e-01
1.496333e-01
5.357030e-01
3.001251e-01
1.548674e+00
1.828041e+00
8.932033e-01
3.122116e+00
2.977049e-01
2.661754e+00
1.152502e+00
6.096902e+00
4.526562e+00
2.131924e+00
2.136964e+00
6.344397e+00
3.692564e-01
5.507353e-01
7.805220e-01
2.057886e-01
7.316778e-01
1.004874e+00
8.978851e-01
2.592698e+00
9.606207e-01
2.746538e+00
3.567190e-01
1.566028e+00
1.314209e+00
1.168132e+00
2.349571e+00
1.294997e+01
6.557842e-01
3.426927e+00
6.479063e-01
2.201971e-01
5.662617e-01
1.535150e+00
2.568775e+00
3.016558e-01
3.290968e-01
1.362204e+00
1.767370e+00
1.293201e+00
8.732900e-01
1.348122e+00
3.125935e-01
1.600794e+00
1.927990e+00
1.919757e+00
1.244351e+00
3.797629e-01
9.548600e-01
2.355295e+00
5.031095e-01
4.159843e+00
4.148967e+00
2.179464e-01
1.060942e+00
1.379424e+00
4.559171e-01
1.101877e+01
6.678006e-01
9.095453e-01
5.043678e-01
1.429541e+00
4.026792e-01
7.646509e-01
3.046681e-01
8.295766e-01
4.490064e-01
1.299726e-01
9.502068e-02
4.048626e-01
3.890039e+00
6.321924e-01
2.636062e+00
6.473826e-01
4.502281e+00
2.675300e-01
4.417569e-01
3.469058e+00
7.672660e+00
8.682692e-01
6.327878e-01
3.231480e+00
1.682780e-01
9.427431e-01
9.163745e-01
6.734549e+00
7.381046e-01
8.911269e-01
6.582301e-01
4.074660e-01
1.142514e+00
2.118087e+00
3.269065e-01
1.033910e+00
2.386435e+00
5.075260e-01
4.747229e-01
3.565566e+00
1.159732e+00
1.172153e+00
2.767492e-01
1.280686e+00
7.978424e-01
1.100860e+00
4.050863e-01
4.671702e+00
4.581609e-01
1.296205e+00
6.676009e-01
2.210360e-01
5.855289e-01
9.206319e-01
6.518616e-01
2.599075e+00
9.338888e-01
1.468980e+00
4.348851e-01
8.844007e-01
7.562323e-01
2.166905e+00
1.309625e+00
6.598471e-01
1.212078e+00
1.663378e+00
2.310411e-01
3.899186e+00
2.245043e+00
8.442676e-01
1.443656e+00
4.003907e+00
3.004646e+00
3.991858e+00
4.619302e-01
6.149464e-01
8.224268e-01
7.440349e-01
8.381016e-01
4.424837e+00
1.812631e-01
8.674354e-01
1.563365e+00
7.831451e-01
7.156891e-01
4.106603e+00
6.450673e-01
1.446376e+00
2.883650e+00
6.841998e+00
5.962512e-01
7.364467e-01
4.223421e+00
5.692131e-01
2.080565e+00
7.906393e-01
2.029293e+00
8.294867e-01
5.851967e-01
2.696708e+00
1.204863e+00
1.800322e-01
5.278307e-01
1.114690e+00
1.119165e+00
3.530266e-01
9.866647e+00
6.998637e-01
9.354847e-01
5.254845e-02
2.098663e-01
7.932630e-01
2.337521e+00
4.759540e-01
6.994547e-01
7.876298e-02
2.004167e+00
3.834384e-01
3.501709e-01
2.608380e-01
9.023416e-01
7.958047e-01
4.593314e-01
6.096235e-01
7.752342e-01
2.780479e-01
5.306653e-01
1.459627e+00
5.187348e+00
1.412643e+00
2.713300e+00
6.385406e+00
3.787010e-01
8.305697e-01
1.020113e+00
1.357387e+00
1.828596e+00
2.530300e+00
1.150211e+00
5.040419e+00
4.199365e+00
1.531366e+00
1.676189e+00
7.359932e-01
5.812742e-01
4.562538e+00
1.391834e+00
1.870898e+00
4.015782e-01
5.899838e-01
3.992112e+00
1.526560e+00
5.728237e-01
2.495246e-01
6.481617e-01
1.825228e-01
3.168943e-01
6.038630e-01
1.112855e-01
1.893341e+00
1.072048e+00
5.310542e-01
4.527686e-01
1.589771e+00
4.795493e+00
9.895268e-01
7.778857e-01
1.692308e+00
2.267766e+00
3.136112e+00
9.111020e-01
6.755941e-01
2.012307e+00
2.604198e+00
1.048421e+00
2.152497e+00
6.835294e-01
1.158814e+00
3.282563e+00
8.657506e-01
1.597893e-01
1.005032e+00
3.075274e-01
1.438906e+00
5.152225e-01
4.071877e-01
9.223477e-01
3.837576e-01
5.349674e-02
1.090911e+00
6.073286e-01
1.128298e+00
3.353301e+00
2.037957e+00
1.041417e+00
5.209844e-01
7.004522e-01
8.573223e-01
1.133085e+00
2.054044e+00
2.067550e+00
8.715879e-01
2.413534e+00
1.609684e+00
8.355554e-01
3.991187e-01
5.198806e-01
3.758589e-01
1.568393e+00
2.564229e-01
9.476727e-01
6.591899e-01
1.981084e+00
1.417787e+00
3.273082e-01
9.085894e-01
5.710176e-01
4.440840e+00
7.796300e-01
9.195026e-01
1.777282e+00
1.135900e+00
4.663094e+00
1.552503e+00
5.956867e+00
6.189787e-01
4.127581e+00
7.539003e-01
6.526118e-01
1.000317e+01
2.682935e-01
2.154293e-01
1.018419e+00
6.408814e-01
1.108839e+00
6.803058e-01
1.626685e+00
6.733015e-01
4.609791e-01
1.959222e+00
5.895728e+00
5.039372e-01
6.599546e-01
5.081237e-01
1.159984e+00
3.336105e-01
2.022691e+00
3.118807e+00
8.065528e-01
1.104720e+00
2.148962e+00
9.567981e-01
5.522187e-02
1.336773e-01
1.833534e+00
5.793029e-01
3.613840e-01
1.145209e-01
2.915509e+00
9.265167e-01
9.240012e-01
3.886532e-01
5.496260e-01
3.574598e+00
9.459940e-01
1.076337e+00
1.637308e+00
8.430810e-01
5.469511e-01
1.334819e+00
1.818344e+00
5.855821e-02
2.239692e+00
4.474326e-01
6.061472e-01
1.068746e+00
2.767339e+00
5.850282e+00
6.671650e-02
4.513258e-01
2.030396e-01
3.407351e-01
5.496499e-01
8.191545e-01
5.253958e-01
3.056167e-01
7.575600e-01
1.237988e+00
2.069454e+00
4.739438e-01
1.185407e+00
4.224995e-01
1.847770e+00
1.348165e+00
1.369291e+00
1.117943e+01
3.691690e+00
3.663131e-01
1.109023e+00
2.576682e-01
3.181138e+00
2.608241e+00
6.185581e-01
1.024286e+00
1.172859e+00
5.248202e-01
1.551028e+00
4.127539e-01
1.350894e+00
4.209763e-01
8.188162e-01
3.429384e-01
2.817045e+00
8.080094e-01
9.750165e-02
3.110720e+00
5.837586e+00
8.098536e-01
1.012723e+01
1.177012e+00
1.061383e-01
8.906951e-02
1.692782e+00
2.739308e-01
3.795515e-01
4.660900e-01
7.107648e+00
1.629419e+00
8.887897e-01
1.375794e+00
6.833053e-01
1.829054e-01
7.191207e-01
2.179543e+00
1.360737e+00
6.181757e-01
4.029801e-01
5.454721e-01
2.283038e-01
1.152504e+00
8.178922e-01
1.788371e+00
2.268630e-01
2.220032e+00
1.014115e+00
1.241581e+00
9.441077e+00
4.746989e+00
6.795618e-01
8.832903e-01
1.166271e+01
1.759630e+00
2.644318e+00
8.754263e-01
2.085758e+00
1.113214e+00
1.180265e+00
4.789579e-01
1.291627e+00
2.404218e-01
1.738990e+00
2.913967e-01
2.181555e+00
1.666961e+00
1.175137e+00
3.167369e+00
1.048130e+00
1.710163e+00
8.705281e-01
1.503336e+00
4.363156e-01
8.716763e-01
1.359341e+00
7.795452e-01
1.434391e+00
3.723260e+00
4.216048e+00
1.487974e+00
4.479802e-01
2.498358e-01
1.611572e+00
4.132728e-01
1.624041e-01
1.463264e+00
2.803808e+00
4.015802e+00
6.462957e-01
1.975459e+00
5.718208e-01
3.051103e-01
3.360574e+00
9.287688e-01
1.832495e+00
1.088009e+01
2.714691e-01
1.564615e+00
4.586761e-01
1.543712e+00
8.750990e-01
3.611591e-01
5.020444e-01
6.339843e+00
9.919183e-01
1.323631e+00
4.394682e-01
3.900194e-01
3.022246e+00
1.036713e+00
2.802170e+00
7.419202e-01
1.555072e+00
3.580227e-01
3.214944e-01
6.675782e-01
5.509756e-01
9.577780e-01
1.271286e+00
1.076018e+00
4.027451e-01
1.785174e+00
6.838509e+00
1.931152e+00
1.989877e+00
5.083178e-01
2.354190e+00
6.138285e-01
8.305106e-01
1.441798e+00
5.364313e-01
6.600292e-01
4.075875e-01
2.360265e+00
1.382837e-01
1.945971e+00
3.458343e+00
1.604155e+00
6.270375e+00
5.097468e+00
2.303557e-01
1.019910e+01
1.586628e+00
8.117677e-01
2.250485e+00
6.520343e-01
1.998688e+00
5.183309e-01
6.598190e-01
2.108702e+00
6.267568e-01
1.725156e+00
2.656022e+00
6.046852e-01
1.309686e+00
8.753589e-01
1.111589e+00
2.861931e-01
9.544835e-01
9.341919e-01
7.660298e-01
2.523374e+00
2.269049e+00
5.966269e-01
2.673528e-01
5.117544e-01
1.677584e+00
5.437482e+00
2.820218e+00
7.162157e-01
1.925462e+00
9.196209e-01
3.706011e-01
9.332452e-01
1.713505e-01
4.953813e-01
7.998638e-01
5.711751e-01
1.995551e+00
2.677697e+00
1.852849e-01
8.196130e+00
2.843932e-01
1.127812e+00
8.629818e-01
4.713756e-01
5.337834e-01
2.508579e+00
1.302718e+00
1.844473e+00
7.352960e-01
6.032994e-01
2.017131e+00
5.050802e-01
1.179370e+00
1.863284e+00
1.141220e+00
3.859590e-01
5.604369e+00
1.123404e+00
6.982326e-01
5.966280e-01
8.153704e-01
1.385396e+00
1.350656e+00
5.944664e-01
1.147781e+00
1.841443e+00
2.547957e+00
2.239521e-01
4.265488e+00
3.152893e-01
4.997992e-01
3.301361e+00
8.656347e-01
7.011845e-01
3.171907e+00
4.416316e+00
3.795737e-01
1.808653e+00
1.862463e+00
8.692572e-01
1.237799e+00
1.583055e+00
3.188243e-01
2.994518e-01
1.535003e-01
4.266462e-01
1.013221e+00
1.151808e+00
6.402326e-01
6.038391e-01
7.770865e-01
1.263137e+00
6.703818e+00
5.770117e-01
5.220699e-01
3.379650e+00
3.725157e-01
1.495576e-01
3.007171e+00
7.002131e-01
2.320997e+00
1.330249e+00
1.561707e+00
5.823461e-01
1.156268e+00
1.285259e+00
9.304041e-01
1.387499e+00
1.575991e+00
5.764413e-01
1.659980e+00
5.370328e+00
2.596820e-01
4.573998e+00
9.223242e-01
6.026675e-01
6.982405e-01
1.722432e-01
4.084149e+00
1.031396e+00
9.507146e-01
4.401893e-01
1.272235e+00
4.430886e-01
6.093307e+00
5.082921e-01
8.000487e-01
2.985836e+00
9.547066e-01
8.339782e-02
1.197955e+00
9.513794e-01
3.242198e+00
6.812508e-01
1.562695e+00
3.737367e-01
3.177549e+00
3.603855e+00
5.412535e-01
1.003779e+00
2.418950e+00
8.879713e+00
4.677318e-01
4.912227e-02
1.328667e+00
3.650361e-01
1.587967e+00
2.121312e-01
8.767153e-01
8.464496e-01
2.084486e+00
4.714679e-01
6.335908e-01
2.099209e+00
4.930077e-01
4.464393e-01
8.562414e-01
4.960876e-01
7.001858e-01
4.228167e-01
5.959038e-01
3.431741e+00
6.838385e-01
2.426812e-01
7.429815e-01
5.403761e-01
6.345361e-01
6.409223e-01
6.667354e-01
1.111432e+00
1.386347e+00
2.467611e+00
5.648579e-01
4.220186e-01
4.877177e-01
2.285126e+00
1.059844e+00
2.448810e-01
9.226666e-01
3.247607e-01
1.773410e+00
2.538995e-01
6.179732e-01
4.173158e-01
4.178705e-01
1.382187e+00
2.221932e-01
2.246301e+00
1.719803e-01
2.817021e-01
2.911866e-01
2.835553e-01
1.681457e+00
2.754461e-01
2.910790e-01
1.602169e-01
2.929568e-01
1.937686e-01
8.791073e-01
5.144730e-01
3.281566e+00
1.576885e+00
5.645462e-01
9.270427e-01
3.396702e-01
2.698867e+00
5.087614e-01
9.342911e-01
5.285064e-01
4.800957e-01
2.036797e+00
4.709898e+00
4.393377e-01
2.814161e-01
2.376912e+00
7.349227e-01
7.585080e-01
3.110278e+00
1.400424e+00
1.571302e+00
5.652178e-01
1.212897e+00
9.886931e-01
8.643846e-01
2.312973e+00
6.123148e+00
2.717186e-01
2.122267e+00
3.066971e+00
8.500170e-01
8.918280e-01
7.226986e-01
2.898584e+00
1.511657e+00
1.118698e+00
1.971378e-01
7.335157e-01
1.260357e+00
1.673484e+00
8.521961e-01
3.240302e+00
3.274211e-01
2.035486e+00
1.040609e+00
5.133526e+00
4.454366e-01
2.352278e-01
2.625425e+00
5.744302e-01
4.970494e+00
6.280838e-01
1.004809e+00
4.106917e-01
2.488302e+00
1.030090e+00
1.356944e+00
1.111200e+00
4.611133e+00
2.748487e-01
4.521393e-01
2.847500e-01
2.841233e+00
6.902861e-01
1.534642e+00
5.277883e+00
6.056328e-01
3.283017e-01
1.042747e+00
1.165157e+00
5.488147e-01
6.292468e-01
3.333679e-01
2.569275e+00
2.048238e+00
1.221029e+00
1.956215e-01
2.203640e+00
7.809847e-01
4.858124e-01
6.849692e-01
5.645212e-01
3.601341e-01
1.729470e+00
6.333369e-01
1.355781e+00
1.589027e+00
4.361107e-01
1.611924e+00
1.856949e+00
1.425131e-01
6.856905e-01
9.183951e-02
1.098631e+00
1.955754e+00
7.271723e-01
2.538516e+00
4.608345e+00
2.368005e-01
1.283225e+00
1.618497e-01
3.841367e+00
1.225123e+00
3.407033e+00
6.923417e+00
1.506990e-01
4.732504e-01
2.866780e+00
2.218485e-01
1.177792e+00
1.486464e+00
3.076018e-01
1.021450e+00
8.399701e-01
1.048237e+00
3.939748e-01
1.029909e+00
1.595824e-01
1.104026e+00
1.351824e+00
1.393321e+01
7.417575e-01
1.297194e+00
2.260119e-01
2.684763e+00
1.734037e-01
4.933057e-01
1.340439e+00
7.591797e-01
9.865436e-01
3.460795e-01
6.923464e-01
1.143443e+00
1.139953e+00
4.210315e-01
3.686078e+00
6.975199e-01
4.518441e-01
6.282666e-01
7.245175e-01
2.085411e-01
9.180451e-01
8.977528e-01
9.548338e-01
1.108838e+00
7.074945e-01
1.968855e+00
7.688501e-01
1.000691e+00
2.106137e+00
5.192684e+00
2.023133e+00
1.547540e+00
6.482197e-01
3.125783e-01
2.112400e+00
6.026282e-01
1.415894e+00
2.518989e-01
6.169398e-01
7.391126e-01
