1.357513e+00
3.354507e-01
8.754069e-01
2.008327e+01
3.761801e-01
7.286056e-01
1.343025e+00
1.072033e+00
4.510668e-01
4.404510e-01
1.237941e+00
1.779942e-01
9.240605e-01
2.907410e+00
8.355453e+00
5.477597e-01
7.683498e-01
1.679915e+00
2.343301e-01
3.892442e-01
1.216158e-01
7.692248e-01
6.527851e-01
1.900326e+00
1.757621e+00
2.534487e-01
1.568554e+00
1.824281e+00
7.488503e-01
5.241057e-01
2.200861e+00
9.994977e-01
1.267279e+00
2.000027e+00
3.602460e-01
1.912683e+00
1.069089e+00
1.640872e+00
8.514318e-01
2.962034e-01
9.923891e-01
4.471144e-01
7.708749e+00
4.320301e-01
2.319670e+00
3.812234e+00
1.299493e-01
8.756017e-01
6.969953e-01
7.825094e-01
3.949085e+00
3.912209e-01
1.587577e+00
2.048946e-01
1.682661e+00
4.155575e-01
1.460641e+00
1.254237e+00
1.887782e+00
6.979137e-01
1.748602e+00
1.032079e+00
2.319258e+00
5.503919e-01
6.581871e+00
4.664230e+00
1.068860e+00
2.621716e-01
4.678042e-01
4.627877e-01
1.858510e+00
1.122692e+00
2.292537e+00
1.359555e-01
6.122789e-01
1.066499e+00
9.368773e-01
2.246541e+00
1.674160e+00
2.952571e-01
5.543187e-01
1.970205e+00
9.086656e-01
3.867772e+00
2.737643e+00
6.434866e-01
6.386979e-01
6.275131e-01
4.283907e-01
6.620480e+00
5.422184e-01
5.201438e+00
2.090722e+00
2.365772e-01
1.600026e-01
5.274062e-01
2.026065e+00
6.159771e-02
4.838885e-01
2.392102e-01
1.140759e+00
6.535157e+00
1.010783e+00
2.385690e+00
2.674999e+00
4.296643e-01
1.003066e+00
7.779428e-01
7.377820e-01
1.132296e+00
2.474705e-01
4.327897e+00
7.868097e-01
4.765949e+00
6.849554e-01
3.894092e+00
2.083426e-01
6.661264e-01
7.270952e-01
1.249971e+00
2.099730e-01
1.669070e-01
2.740324e+00
2.535046e+00
1.998354e+00
4.946667e-01
4.044685e-01
2.961526e+00
1.242299e+00
1.838729e-01
5.393456e+00
1.179540e-01
5.655349e-01
1.971968e+00
4.081352e+00
2.588726e+00
1.014013e+00
2.309754e+00
5.971784e-01
6.291258e-01
9.062876e-01
2.541443e+00
6.145796e-02
4.961854e-01
6.965900e-01
5.881498e-01
5.025375e+00
1.781698e+00
1.325407e+00
8.608748e+00
1.597441e+00
3.440819e+00
1.481870e+00
5.348727e-01
1.378816e+00
6.467307e-01
1.419771e-01
1.160251e+00
3.448667e-01
2.004910e+00
3.121437e+00
4.636881e-01
2.295521e-01
1.073546e-01
1.197537e+00
1.175168e+00
7.121821e+00
2.096621e+00
3.470301e-01
3.716330e+00
1.107138e+00
8.492644e-01
7.233696e-01
3.580311e+00
1.018425e+00
1.549348e-01
3.655336e-01
8.442095e-01
5.579992e+00
4.571357e-01
5.157505e-01
1.087137e+00
7.552487e-01
6.445641e+00
6.935183e+00
1.016528e+00
1.823572e-01
8.374922e-01
9.268476e-01
1.638700e+00
1.154029e+00
4.199389e-01
1.413046e+00
6.067187e-01
1.705286e+00
7.373353e-01
2.506050e+00
8.713682e-01
5.691817e+00
2.374072e-01
5.866940e-01
1.769448e-01
1.540499e+00
9.578355e-01
7.217861e-01
1.901467e-01
1.027721e+00
5.239115e+00
1.246208e+00
9.702703e-01
5.927500e-01
1.646071e+01
2.114201e+00
7.198809e-01
2.034710e+00
1.028851e+00
1.901726e+00
1.791672e+00
2.795593e-01
3.172915e-01
4.021601e-01
9.017845e-01
2.040436e-01
5.484336e+00
4.805985e-01
7.300904e-01
5.658913e-01
8.260834e-01
1.248077e+00
8.956828e-01
1.348334e+00
2.560369e+00
4.052326e-01
1.810812e-01
8.427907e-01
1.239864e+00
2.868694e-01
2.415969e+00
1.664076e+00
1.640115e+00
1.664092e+00
2.495744e-01
4.332503e+00
1.008951e+00
9.701853e-01
9.860724e-01
1.088081e+00
8.508062e+00
4.774431e-01
2.234916e-01
7.852227e-01
6.604190e-01
5.059986e-01
5.046814e-01
4.915649e+00
4.713811e-01
1.610117e-01
5.718105e-01
1.628018e+00
2.022167e+00
4.617658e-01
1.493986e+00
5.555397e-01
5.045685e-01
5.028633e-01
1.255488e+00
8.168288e+00
2.037876e+00
1.640697e+00
1.125634e+00
1.086134e+00
1.297250e+00
9.617343e+00
8.604296e-01
3.548176e+00
4.456297e+00
2.714128e+00
6.619232e-01
1.765453e+00
1.984814e+00
3.463665e+00
1.471525e+00
1.057642e+00
1.837481e+00
3.410960e+00
2.319606e+00
5.479429e-01
2.276318e-01
1.411812e-01
2.513639e+00
7.964033e-01
3.506197e-01
8.974247e-01
6.631320e-01
5.574895e-01
1.929933e+00
9.606805e-02
2.360711e-01
1.298709e+00
1.220856e+00
3.713255e-01
8.635178e-01
3.537116e-01
2.799355e+00
2.508968e+00
1.135312e+00
1.775094e+00
1.751724e+00
5.696257e-01
3.970288e-01
1.914046e+00
3.638277e+00
6.336667e-01
2.856295e-01
2.347536e+00
3.215807e-01
2.284809e+00
8.929680e+00
1.644941e+00
7.886487e-01
8.182095e-01
6.516074e+00
4.774384e-01
1.299669e+00
2.635011e-01
3.203694e+00
5.411966e-01
1.073031e+00
6.000641e-01
8.030291e-01
4.394820e-01
1.788710e+00
1.446144e+00
4.844485e-01
6.027977e-01
1.401095e+00
2.294376e+00
1.102670e+00
3.914765e-01
3.919130e-01
1.879042e+01
4.421953e+00
1.482761e+00
2.234351e-01
1.266935e+00
1.136778e-01
5.235344e+00
3.930864e-01
3.318065e-01
1.138295e-01
2.444054e-01
2.221800e+00
1.466968e+00
1.771799e+00
1.923767e+00
1.159779e+00
1.798585e+00
2.909198e-01
2.881718e+00
1.144985e+00
5.143561e-01
7.290150e+00
3.364298e-01
2.028057e+00
3.699911e+00
2.669796e+00
4.464797e+00
6.883052e-01
4.259833e+00
5.655017e+00
5.876283e-01
2.878205e+00
7.232921e-01
1.250494e-01
5.609242e-01
3.351327e-01
1.007625e-01
8.640317e-01
1.827231e+00
9.829300e+00
6.487498e-01
1.078695e+00
2.387449e+00
1.355893e+00
2.256696e+00
1.583931e+00
9.294853e+00
1.516701e+00
1.810050e+00
4.658093e+00
2.821750e-01
5.793701e-01
6.787806e-02
2.972452e-01
6.085760e-01
8.950031e-01
4.120299e-01
8.786790e-01
2.806585e-01
3.070787e-01
1.963444e+00
1.084491e+00
1.667734e+00
1.132727e+00
1.006275e+00
2.543450e-01
2.973099e+00
5.005716e-01
2.255508e-01
3.832947e-01
6.502066e-01
1.142197e+00
1.622698e+00
5.005246e-01
4.224031e-01
6.591742e-01
4.020016e+00
4.987894e-01
4.595483e-01
3.267845e-01
5.510806e-01
1.611288e+00
4.159939e-01
4.848902e-01
1.374731e-01
6.350642e-01
9.590403e-01
9.368579e-01
1.497307e+00
5.316258e-01
1.373695e+00
2.657709e-01
6.369673e-02
1.617873e+00
1.356295e+00
1.909602e+00
5.478948e-01
3.147216e+00
8.294387e-01
1.910456e-01
5.355355e-01
1.933969e-01
2.091444e+00
8.089339e-01
4.973527e-01
9.870427e-01
2.916093e+00
1.553547e+00
1.735798e+00
2.261944e+00
3.670411e-01
1.859648e+00
1.095255e+00
1.781796e+00
5.372933e+00
1.087603e+00
4.469227e-01
3.972060e+00
9.880746e-01
1.081129e-01
1.669160e-01
7.976094e-01
1.786218e+00
1.436185e+00
2.445124e+00
1.851265e+00
3.982738e-01
1.152789e+00
1.885841e+00
4.141737e+00
2.705673e+00
6.636288e-01
2.333827e+00
1.189130e+00
4.204231e-01
1.470291e+00
2.438089e+00
1.046613e+00
1.627901e+00
8.198996e+00
8.099741e-01
2.285903e+00
1.728852e+00
2.077634e+00
1.206993e+01
2.130898e-01
1.532840e+00
6.463139e-01
1.350141e+00
2.191255e-01
7.622634e-01
1.621276e+00
2.916118e-01
1.205787e+00
1.263520e+00
3.824505e-01
1.593846e+00
9.941765e+00
7.853116e-01
3.771642e+00
8.364609e-01
1.791090e+00
7.065242e-01
5.105524e-01
7.271742e-01
1.746655e+00
2.316326e+00
2.294335e+00
4.613363e-01
4.231550e+00
1.196814e+00
1.045702e+00
1.311574e+00
3.132108e+00
1.803273e+00
2.915185e-01
1.105805e+00
3.105520e+00
5.253276e-02
2.336597e-01
5.113618e-01
2.085728e+00
7.277477e-01
4.918529e+00
3.414902e+00
1.210949e+00
3.505934e+00
4.128219e-01
3.108343e-01
9.353403e-01
1.971160e+00
2.181078e+00
9.360858e-01
9.313898e-01
4.197424e+00
1.356104e-01
2.272174e+00
1.461717e+00
1.010418e+00
1.304412e+00
3.495114e-01
5.494234e-01
2.624396e-01
2.942601e-01
5.024376e-01
6.446343e-01
8.176519e-01
3.215989e-01
6.867322e+00
2.624238e-01
6.465768e-01
9.076717e-01
5.185839e-01
4.088933e-01
1.250976e+00
2.009951e+00
1.677334e+00
6.109183e-01
3.654373e+00
1.860340e-01
1.853635e+00
5.565894e-01
5.786219e+00
4.302345e+00
2.802402e+00
2.829037e+00
2.365875e-01
1.766499e+00
1.156854e+00
8.098895e-01
1.125796e+00
1.709437e+00
4.571333e+00
1.228815e+01
7.050929e+00
2.371720e-01
2.357796e-01
2.387552e-01
1.013488e+00
8.607799e-01
1.014133e+00
7.421904e-01
3.551924e-01
1.818931e+00
1.096909e+00
2.579951e+00
5.805670e+00
5.498476e-01
3.422376e-01
4.705988e-01
8.578182e-01
4.992378e-01
2.872810e-01
1.315247e+00
4.404876e+00
1.074550e+00
3.209808e-01
6.147160e-01
6.950771e+00
7.662004e+00
2.648092e+00
2.311650e+00
9.413685e-01
6.049937e-01
2.146314e-01
1.767756e+00
1.978375e+00
1.356038e+01
1.771707e+00
2.511539e-01
5.980947e-01
2.010501e+00
1.751036e+00
1.291063e-01
2.381445e-01
8.551119e-01
9.073791e-01
3.754129e+00
2.611161e+00
4.099671e+00
4.315994e+00
8.045091e-01
1.260226e+00
9.545748e-01
5.689453e-01
1.016970e+00
4.746352e-01
1.090623e+00
7.359028e-01
1.663805e+00
1.144299e+00
4.050026e-01
4.306515e-01
1.349848e+00
3.117431e+00
1.103197e+00
7.570700e-01
1.001302e+00
1.717715e+00
1.579174e+00
2.718829e+00
2.141156e+00
2.077298e+00
1.788582e-01
2.693381e+00
3.679226e-01
2.596359e+00
3.406764e-01
6.233762e-01
3.859514e+00
8.656893e-01
2.620328e-01
3.941229e+00
1.804631e+00
5.514179e-01
2.930180e+00
1.271408e+00
2.397909e+00
2.740677e+00
9.441849e-01
4.138012e-01
4.285382e-01
2.179347e+00
1.026514e+00
6.466802e-01
1.366850e+00
6.655003e-01
1.829921e-01
1.721850e+00
1.230230e+00
8.734547e-01
6.648446e-01
1.880474e+00
6.125719e-01
5.316330e-01
6.652518e-01
3.691559e-01
7.230437e-01
3.056893e-01
1.601649e+00
3.313168e+00
7.870169e-01
4.485207e-01
1.309114e-01
1.275358e+00
5.835215e-01
4.541522e-01
8.208943e-01
1.047856e-01
6.647782e-01
5.466743e+00
3.103006e-01
4.417018e-01
8.026332e-01
1.906157e+00
4.866610e-01
3.575005e+00
3.089228e-01
1.195439e+00
1.769041e+00
3.163546e-01
1.018934e+00
5.145906e-01
7.658023e+00
2.867512e+00
1.159187e+00
4.424367e-01
7.625561e-01
4.253511e-01
1.412471e+00
2.632493e-01
7.961195e-01
3.538316e-01
7.324191e+00
2.259337e-01
2.350344e-01
7.755139e+00
7.860702e-01
9.284438e-01
6.723524e-01
4.525359e-01
1.249715e-01
4.562882e-01
1.239842e+00
3.496712e+00
7.606413e+00
3.017876e-01
9.708607e-01
2.351059e+00
2.742765e-01
6.092907e-01
2.208499e-01
4.098309e-01
5.204270e-01
2.373814e-01
4.490738e-01
6.529872e-01
1.442713e+00
4.779360e-01
1.815412e-01
1.715576e+00
1.220216e+00
6.623607e-01
4.927043e+00
1.146091e+01
8.804015e-01
2.024740e+00
7.019203e-01
4.310100e+00
1.098788e+00
1.820853e-01
5.143047e-01
4.960877e-01
1.114759e+00
1.173770e+00
1.926384e+00
8.496730e-01
2.023419e-01
1.821596e+00
2.681508e-01
7.810748e-01
4.974493e-01
2.474582e+00
4.480336e-01
6.928255e-01
9.159679e-01
7.970622e-01
7.405870e-01
2.258269e+00
2.395584e+00
3.068337e-01
1.569130e+00
1.928756e+00
6.566314e-01
5.470266e+00
9.799349e-01
3.083939e+00
6.586011e-01
4.097572e-01
4.904181e-01
2.531165e+00
9.723717e-01
9.658154e-01
2.989459e+00
6.782151e+00
2.954744e+00
1.317373e+00
1.115808e+00
2.351867e+00
4.042636e-01
4.896607e-01
1.408008e+00
1.235945e+00
1.580464e+00
7.931588e-01
6.754656e+00
1.148741e+00
1.821647e+00
1.977802e+00
3.469418e+00
4.909791e-01
8.864827e+00
2.047303e+00
5.512876e-01
9.837882e-01
2.440228e+00
5.191541e-01
1.451572e+00
1.049018e+00
7.316550e-01
7.812684e-01
6.730317e-01
7.711047e-01
1.663625e-01
1.872689e+00
2.299141e+00
6.878490e+00
3.406934e-01
3.315214e+00
5.203399e-01
2.158232e+00
6.411345e-01
7.243548e-01
4.598273e+00
1.278280e+00
1.642631e-01
9.552581e-01
1.926215e+00
8.203621e-01
2.466109e+00
8.731322e-01
4.496327e+00
1.309527e+00
7.176991e-01
7.245112e+00
4.233650e-01
1.181400e+00
7.075416e-01
4.670341e-01
5.173263e-01
9.542366e-01
1.663088e+00
2.444152e+00
7.592444e-01
1.930960e-01
6.612311e+00
3.859017e+00
1.644958e+00
6.867766e+00
7.595595e-01
2.462468e+00
2.387113e+00
1.267062e+00
3.260815e+00
5.174741e-01
3.571143e-01
2.985285e-01
2.583153e-01
3.081349e-01
1.828638e+00
3.071526e-01
9.723663e-01
1.384246e+00
2.842770e-01
1.389582e+00
2.388930e+00
6.517648e-01
2.701652e-01
6.173042e-01
2.939727e-01
9.663668e-01
1.151852e-01
3.860343e+00
2.963154e-01
8.835890e-01
9.110047e-01
6.641615e-01
1.389746e+00
4.992167e-01
5.335262e-01
6.413501e-01
2.396574e-01
4.126199e+00
6.969446e-01
1.396887e+00
1.460091e+00
2.743171e+00
1.742084e+00
2.618226e+00
6.191835e-01
2.876188e+00
5.109522e-01
2.492093e-01
2.025924e-01
2.741071e+00
1.254336e+00
2.865556e-01
3.424722e+00
3.974494e-01
2.150258e-01
1.578492e+00
3.037865e+00
2.627067e+00
1.397220e+00
7.457920e-01
7.788649e-01
5.880023e-01
4.327574e-01
5.574791e-01
2.492874e+00
5.102307e+00
8.357470e-01
4.345077e+00
1.448153e+00
2.114513e+00
1.077862e+00
3.066977e+00
1.028740e+00
4.629531e-01
8.524138e-01
3.386238e+00
1.635203e+00
9.541104e-01
8.838302e-01
4.802349e-01
4.750394e-01
2.785449e-01
1.278000e+00
7.137140e-01
1.830254e+00
1.406542e+00
3.001968e-01
1.065206e-01
1.128003e+00
8.621352e-01
4.604808e-01
1.989565e+00
2.170255e+00
7.002025e-01
1.106031e+00
7.040686e-01
3.048495e+00
1.432039e+00
1.037500e-01
2.457228e-01
2.187465e+00
8.648526e-01
1.574581e+00
1.132591e+00
5.345232e-01
1.464739e+00
6.683464e-01
7.630240e-01
2.047876e-01
1.488699e+00
3.026131e+00
2.435151e+00
3.368850e+00
3.412307e-01
1.192613e-01
5.308711e-01
1.112883e+00
1.651225e+00
2.845292e+00
1.850272e+00
6.332582e-01
1.333215e+00
2.955882e+00
9.384986e-01
6.908766e-01
7.961029e-01
3.817061e-01
1.926843e+00
3.133765e-01
1.117457e+00
1.139003e+00
2.343519e-01
7.281752e-01
1.249022e+00
4.149371e+00
3.536427e-01
1.295701e+00
1.315394e+00
6.195615e-01
1.159301e-01
1.560973e+00
1.576274e+00
7.928102e-01
3.804858e+00
7.600744e-01
5.071153e-01
3.578623e-01
9.580328e-01
2.424153e+00
9.314380e-01
4.265974e+00
5.884429e-01
1.421038e+00
1.840830e+00
6.124863e-01
2.366001e+00
1.846528e+00
1.078486e+00
6.375873e-01
2.118497e-01
1.269220e+00
5.885448e-01
9.429559e-01
9.325749e+00
3.934337e+00
5.455745e+00
2.871004e+00
1.777142e+00
4.812645e+00
2.302494e+00
6.274200e+00
2.263143e-01
1.587921e+00
4.321805e+00
1.210158e+00
1.112560e+00
1.020323e-01
1.900193e+00
8.979577e-01
2.574441e+00
1.989542e+01
2.117127e+00
1.186733e+00
2.256065e+00
4.460275e-01
2.194860e+01
3.244579e-01
4.963208e+00
4.163892e+00
2.994888e-01
2.150270e+00
1.416060e+00
1.127161e+00
5.214196e-01
2.162306e+01
2.179175e+00
1.873191e+00
2.783054e-01
9.485361e-01
1.178230e+00
8.858173e-01
2.561742e+00
5.225782e-01
4.679007e-01
4.212134e-01
5.043526e-01
3.446971e-01
1.318001e+00
2.757556e-01
3.307241e-01
5.619118e-01
6.989586e+00
1.527481e+00
3.844442e-01
1.454493e-01
3.092000e-01
1.594500e+00
2.434981e-01
2.697620e+00
8.359960e-01
4.638594e+00
1.542020e+00
1.986231e+00
8.522705e-01
3.294649e-01
5.416990e-01
2.422841e+00
1.673508e-01
4.012323e-01
3.750343e+00
9.648799e-01
5.464112e-01
5.207614e-01
4.098240e+00
3.631588e-01
4.053939e+00
2.561239e+00
6.630395e-01
6.430091e+00
2.540852e-01
1.337191e+00
5.403310e+00
3.366488e+00
6.369230e-01
1.583274e+00
5.342161e+00
2.865564e+00
8.448775e-01
1.586590e+00
1.165552e+00
3.457959e-01
4.592507e+00
1.219206e+00
5.495505e-01
2.549769e+00
4.513199e-01
2.699031e+00
3.404271e-01
1.738629e+00
3.408193e-01
8.218601e-01
2.991990e+00
6.142368e-01
3.745762e+00
1.662886e-01
2.038309e+00
2.787218e+00
1.964787e-01
3.420876e+00
1.218415e+00
5.910854e-01
1.972280e+00
6.901212e-01
9.069550e-01
4.561102e-01
2.394276e-01
3.136845e+00
6.139073e-01
5.068716e-01
1.602556e+00
2.447616e+00
7.519150e-01
2.632702e+00
1.329069e+00
2.967812e-01
5.044502e+00
1.068911e+00
5.431357e-01
4.132856e-01
1.482302e+00
2.869811e+00
4.111797e+00
2.825608e+00
1.554110e+00
3.470153e+00
1.033923e+00
1.614798e+00
2.436734e-01
9.302464e+00
6.581801e+00
1.872657e+00
2.623429e+00
5.443828e-01
1.351158e+00
3.968928e+00
5.225368e+00
2.518511e-01
6.172017e-01
1.193719e-01
1.014936e+00
4.275475e+00
1.089987e+00
5.591147e-01
3.575013e-01
7.297971e-01
2.670413e+00
9.291051e-01
4.344987e+00
1.074119e+01
5.322712e-01
7.642497e+00
6.886081e-01
1.027487e+00
5.038514e-01
1.621003e+00
2.381625e+00
1.537734e+00
2.788411e+00
7.664128e-01
2.218157e+00
7.955357e-01
1.680253e+00
5.727393e-01
1.246344e+00
9.556634e+00
9.746489e-01
1.228411e+00
1.714478e+00
7.299043e-01
7.159890e-01
1.159008e+00
2.563848e-01
2.778174e-01
5.011439e-01
1.489433e+00
3.836009e+00
2.762600e+00
6.559668e-01
1.611483e-01
3.544454e-01
1.521768e-01
1.770463e+00
4.194772e-01
3.898627e+00
1.210847e+00
1.382130e+00
3.652437e+00
6.389231e-01
7.421448e-01
9.963381e-01
1.147134e+00
7.830378e-01
1.024849e+00
2.620474e-01
3.345602e-01
3.766879e+00
2.845762e+00
2.533461e+00
2.571464e-01
1.925273e+00
1.720799e+00
2.330314e+00
3.938204e-01
8.525883e-01
2.282963e-01
1.252343e+00
1.576125e+00
1.032862e+00
3.560711e-01
2.656888e+00
5.651742e-01
5.165241e-01
4.789231e-01
4.222179e+00
1.017332e+00
9.513928e-01
1.701923e+00
4.108487e+00
1.057336e+00
1.737028e+00
1.063843e+00
7.186525e-01
6.065799e-01
3.313423e-01
2.649714e-01
5.022425e-01
5.136699e-01
8.643601e-01
5.608825e-01
1.577682e+00
7.413330e-01
6.066899e-01
7.355969e+00
1.205136e+00
1.627744e+00
1.594013e-01
3.336990e+00
7.776744e-01
6.768875e-01
1.374552e+00
1.336189e+00
4.713712e+00
6.873353e-01
7.852828e-01
1.750381e+00
2.057877e+00
5.840661e-01
2.248365e-01
1.178551e+00
3.441654e-01
1.465149e+00
1.410310e+00
4.308187e+00
1.729097e+00
1.253035e+00
7.157147e+00
3.973733e-01
9.656922e-01
6.640899e-01
1.040987e+00
1.371472e+00
8.391198e-01
2.577621e-01
4.173905e-01
4.123974e-01
7.279356e+00
2.015883e+00
4.594576e-01
4.455268e+00
4.077554e-01
3.296213e-01
5.574421e-01
3.452055e-01
4.416383e-01
4.021401e-01
1.601893e+00
3.342257e-01
4.016114e-01
7.882184e-01
1.167561e+00
2.546168e-01
5.684066e-01
8.364951e-01
4.575950e-01
6.690848e-01
1.404265e-01
5.111134e-01
2.320331e+00
4.563501e+00
2.364639e+00
3.620007e+00
7.140242e-01
3.159205e+00
4.908188e-01
7.862172e-01
3.608843e+00
3.234617e-01
3.181046e+00
1.762979e-01
2.704509e-01
6.299103e-01
2.454175e+00
6.450317e-01
3.630257e-01
1.932706e-01
7.544957e-01
5.792769e-01
5.634242e-01
3.034699e-01
4.626914e+00
1.385204e-01
1.487324e+00
2.113449e-01
1.456369e+00
1.172265e+00
1.285855e+00
8.955075e-01
5.675173e-01
2.334696e-01
1.046047e+00
9.831706e-01
5.409998e-01
5.609832e-01
1.739372e+00
1.403513e+00
5.201852e-01
1.963243e+00
1.125584e+00
6.529493e+00
1.008859e+00
2.924430e-01
7.921937e-01
1.054917e+00
8.920615e-01
1.078049e+00
1.599143e+00
1.171989e+00
1.983683e+00
8.695457e-01
1.643229e+01
8.825081e-01
4.504958e-01
1.270416e+01
1.012636e+00
1.502903e-01
9.325891e-01
8.120546e-01
5.688642e-01
4.630455e-01
4.325837e+00
7.940750e-01
3.053853e+00
9.091882e-01
3.190851e+00
1.515419e+00
4.634342e+00
2.438941e-01
3.754873e-01
2.850835e-01
8.151459e-01
3.461224e+00
1.504951e+00
4.894589e-01
3.932713e+00
2.749270e+00
8.495057e-02
2.526647e+00
6.741866e-01
1.717962e+00
9.186592e-01
3.241026e+00
1.121119e+00
4.102709e+00
1.919339e+00
8.523903e-01
6.777523e-01
5.309854e-01
4.847729e-01
5.836266e-01
2.769558e+00
2.281336e+00
8.306725e-01
2.535158e+00
1.905531e+00
2.168841e-01
4.468144e-01
3.154060e-01
3.306383e-01
8.097719e-01
4.021501e-01
8.184548e-01
1.008415e+00
1.695279e+00
1.649985e+00
1.194065e+00
7.026231e-01
4.032819e+00
3.759852e-01
5.073162e-01
3.677745e-01
3.279649e+00
2.856971e-01
5.534081e+00
2.029520e+00
1.284382e+00
1.773322e+00
3.225692e-01
7.816485e-01
1.340761e+00
1.114731e+00
1.326898e+00
7.361860e-01
4.029755e+00
4.343372e-01
7.366513e-01
1.920498e+00
2.789992e+00
1.347726e+00
3.655971e+00
2.624920e+00
2.099825e+00
1.891183e-01
1.543578e+00
3.225873e+00
3.483474e-01
9.400702e-01
1.243716e+00
9.485169e-01
2.739410e-01
5.502208e-01
6.928350e-01
7.307807e-01
1.378673e+00
2.443740e-01
3.142666e-01
6.003846e-01
2.407494e-01
2.518492e+00
2.206665e+00
8.115808e-01
2.319549e+00
8.736305e-01
5.373095e-01
2.691798e+00
1.335586e-01
2.442467e-01
1.381084e+00
7.581773e-01
4.828059e-01
1.558575e+00
1.852937e+00
4.240705e+00
2.097972e+00
2.845078e+00
2.609168e-01
3.748891e+00
5.785268e-01
3.047791e-01
5.686490e-01
8.153519e-01
6.621216e-01
1.794445e+00
2.911278e+00
1.062795e+00
9.756378e-01
3.554546e-01
1.098656e+00
8.347746e-01
4.939136e-01
2.368078e-01
3.363998e-01
1.690197e-01
2.970077e-01
4.554452e-01
1.770126e+00
1.040056e+00
2.048231e+00
1.221126e+00
4.466608e-01
1.497029e+00
1.398090e+00
4.619012e+00
2.016520e-01
8.048336e+00
2.167115e+00
3.223877e+00
7.755534e-01
1.971800e+00
1.200847e+00
4.115781e-01
5.809638e-01
1.766479e+00
4.417484e+00
1.522437e+00
1.998341e+00
1.068871e+00
8.063805e-01
3.131172e-01
3.160390e+00
2.466108e-01
9.488293e-01
1.888990e+00
2.293861e+00
1.342161e+00
1.313087e-01
9.410610e-01
2.486296e+00
2.924694e+00
2.308082e+00
3.597198e-01
5.825519e-01
3.431617e-01
7.963172e-01
1.343187e+00
1.281747e+00
5.147274e-01
3.363417e+00
2.422805e-01
1.600517e+00
3.326164e-01
1.590844e-01
8.432291e-01
1.682886e+00
1.909255e+00
4.776064e+00
2.177494e+00
8.138711e-01
2.695775e+00
2.158648e+00
1.971001e+00
1.569768e-01
1.103198e+00
2.727361e+00
4.851032e-01
1.341762e+00
7.551608e-01
1.664016e+00
3.797636e-01
3.451794e-01
1.357943e+00
8.794914e-01
1.513465e+00
2.238643e+00
2.838573e-01
2.471791e+00
1.713749e+00
9.838774e-01
1.358021e+00
9.853496e+00
2.809207e+00
3.812780e-01
4.582897e-01
1.462762e+00
4.762734e+00
5.906277e+00
3.112608e+00
3.539267e-01
1.130809e+00
5.036138e+00
1.009209e-01
3.116539e-01
6.683388e-01
4.295966e+00
1.813370e-01
4.999961e-01
1.826588e+00
8.509387e-01
9.638403e-01
1.185718e+00
3.953388e-01
1.104736e+00
2.252769e+00
5.379568e-01
6.070844e+00
7.253812e-01
2.229371e+00
4.949605e-01
1.450450e+00
6.468763e-01
1.294543e+00
9.387471e-01
1.330899e+00
5.440407e+00
1.378057e+00
1.124392e+00
1.889376e+00
1.954796e-01
4.555266e+00
6.920892e+00
1.061359e-01
2.350856e-01
1.115834e+00
4.934226e-01
3.845650e-01
1.499161e+00
1.075440e+00
8.223299e-01
7.062572e-01
6.768573e-01
1.088990e+00
8.704167e-01
4.059093e-01
1.971799e+00
1.385227e+00
8.998970e-01
1.279419e-01
1.638080e-01
2.863812e+00
3.123249e+00
6.075855e-01
7.250265e-01
3.903993e+00
4.906611e+00
3.449677e+00
2.895347e-01
8.050234e-01
8.665873e+00
6.043363e-01
3.716393e-01
1.552976e+00
1.469474e+00
3.975570e-01
3.552711e+00
6.044886e-01
2.491502e+00
1.189593e+00
8.402277e-01
7.664423e-01
4.165945e-01
1.049663e+00
2.536507e+00
2.350253e+00
6.002228e-01
1.706938e+00
1.800944e+00
1.254848e+00
8.056886e-01
2.741170e+00
1.511517e+00
2.086795e-01
3.167711e-01
1.246962e+00
1.092653e+00
2.297967e+00
3.760621e-01
2.646537e-01
4.710467e+00
1.960531e+00
1.328628e+00
2.741597e+00
3.370805e+00
1.015256e+00
6.093261e+00
2.624270e-01
5.638535e-01
1.451301e+00
1.036152e+00
2.613056e-01
2.089589e-01
1.501820e-01
6.155039e+00
5.234156e-01
5.904220e+00
1.963874e+00
1.062953e+00
4.766149e+00
2.280272e+00
4.683465e-01
5.620514e-01
1.262760e+00
3.440354e-01
1.374232e+00
6.918324e-01
1.943405e+00
1.075734e+00
5.224835e+00
2.347984e-01
1.405106e+00
2.927817e+00
3.269042e-01
1.075364e+00
1.341837e+00
7.169859e-01
2.625093e-01
1.113445e+00
1.666419e+00
8.061014e-01
1.974539e+00
3.863517e+00
6.450370e-01
2.028921e-01
1.055883e+00
4.040657e+00
7.734547e-01
1.012106e+00
9.598871e-01
5.579177e-01
3.562960e+00
1.054347e+00
2.142964e+00
4.172552e+00
5.904502e-01
7.906136e-01
4.771192e-01
4.042602e-01
1.048152e+00
8.664062e-01
9.026340e-01
3.197962e+00
2.412922e-01
3.371012e-01
6.140932e+00
1.432130e+00
1.757222e+00
3.410611e+00
2.617488e+00
3.471903e+00
6.845614e-01
4.906816e-01
5.541899e-01
7.298953e-01
1.386788e+00
1.064206e+01
6.616836e-01
6.483093e-01
1.785110e+00
6.457056e+00
4.342045e+00
4.042770e-01
4.967928e+00
5.756291e-01
5.163435e-01
1.492418e+00
3.034008e+00
2.721659e-01
1.394616e+00
5.093158e-01
2.437754e+00
7.140496e-01
2.393598e+00
1.254833e+00
2.569375e-01
4.172151e+00
1.107107e+00
8.684916e-01
7.312179e-01
4.131132e-01
1.298497e+00
9.540831e-01
2.978705e-01
1.879489e+00
8.910862e-01
2.759196e-01
2.665517e-01
2.417681e+00
1.127809e+00
1.140109e+00
2.907466e-01
1.469705e+00
5.894614e-01
7.021967e-01
2.757597e+00
3.318877e-01
3.679207e+00
2.294044e-01
5.910772e+00
1.959803e+00
3.029906e-01
1.265878e+00
3.304366e-01
1.709215e+00
1.346139e+00
6.294422e-01
7.401105e-01
7.547770e-01
7.521508e-01
6.638835e+00
8.145819e-01
1.115253e+00
9.607117e-01
1.348600e-01
4.075438e+00
6.367247e-01
6.386552e-01
4.466082e-01
5.250860e-01
1.996457e+00
3.452727e-01
1.310908e+00
2.421250e+00
4.474137e-01
2.085372e-01
6.483599e-01
4.140193e-01
8.978924e-02
2.035352e+00
5.242934e+00
1.227783e+00
8.055524e-01
6.572664e-01
1.460248e+00
4.978934e-01
2.931091e+00
2.014536e-01
7.113550e+00
2.583714e+00
7.145390e-01
8.270513e-01
6.091159e-01
1.806184e+00
5.635536e+00
2.162279e+00
4.518618e-01
6.731246e-01
8.254650e-01
5.138072e+00
3.518709e+00
2.324943e+00
1.016812e+00
9.306823e+00
2.502047e+00
1.516371e+01
2.561621e-01
5.073161e-01
9.726951e+00
2.317154e+00
3.486800e-01
2.506788e+00
1.750575e+01
1.947859e+00
6.368943e+00
5.770678e+00
1.099019e+00
1.024911e+00
9.199814e-01
5.811331e-01
3.185109e+00
3.247453e+00
4.790806e+00
3.293359e-01
1.534978e-01
1.403234e+00
3.658955e-02
2.926111e+00
3.258749e+00
8.804278e-01
5.061305e+00
1.540752e+00
2.349144e+00
2.850020e-01
4.242954e+00
3.551487e+00
2.787335e-01
4.664556e-01
1.256662e+00
2.773724e-01
1.531074e+00
2.645838e-01
1.366910e+00
1.861467e+00
6.711653e-01
2.573670e-01
6.376804e-01
1.500511e+00
3.228466e+00
6.931792e-01
2.920216e+00
2.067049e+00
3.755936e+00
1.244037e-01
5.638237e-01
7.152310e-01
3.531943e-01
3.814005e+00
1.368261e+00
2.589099e-01
2.468261e+00
1.834735e+00
3.724621e-01
9.721755e-01
1.383038e+00
4.455626e+00
5.704368e-01
1.055222e+00
3.317534e-01
1.002347e+00
2.111976e+00
2.979145e+00
3.469008e-01
2.347536e+00
1.020496e+00
1.244539e+00
1.966226e+00
2.758897e+00
2.438046e+00
3.038817e+00
4.581595e-01
6.583253e-01
2.472786e+00
1.794477e+00
1.468045e+00
1.131202e+00
2.657206e+00
3.508078e+00
1.909957e+00
3.493335e+00
2.186926e+00
3.219596e+00
1.701378e+00
1.514708e+00
4.445348e-01
3.914416e+00
2.950519e-01
1.532816e+00
2.134966e+00
4.258923e+00
6.194199e-02
7.950230e-01
3.925130e+00
3.474843e+00
1.057672e-01
1.812708e+00
1.137260e+01
1.473120e+00
1.666528e+00
4.582232e-01
2.011713e+00
2.073852e-01
1.529841e+00
2.900826e+00
9.145059e-01
1.718732e+00
4.254534e-01
1.175870e+00
1.644138e+00
9.591275e-01
4.473725e-01
1.945906e+00
1.159332e+00
1.368077e-01
7.876605e-01
1.228324e+00
1.349376e+00
3.667033e+00
1.565087e+00
4.076060e+00
1.005071e+00
9.080561e-01
9.518285e-01
1.778653e-01
9.332782e-01
1.094767e-01
4.039173e-01
2.084622e-01
1.833057e-01
7.101181e-01
1.037159e+00
4.734087e+00
1.539105e+00
1.182064e+00
4.978245e-01
7.544405e-01
2.287563e+00
7.941833e+00
1.311205e+00
1.781160e+00
1.307110e+00
2.332018e+00
1.265368e+00
1.113118e-01
1.278119e+00
1.005340e+00
7.108779e-01
3.315180e-01
1.453226e+00
9.939184e-01
4.633019e-01
7.802244e-01
3.143012e+00
1.249761e+00
2.679581e-01
1.574850e+00
3.711922e-01
2.853409e-01
1.068010e+00
3.208417e+00
5.043817e-01
1.287723e-01
3.710336e-01
8.359162e+00
2.308799e+00
1.661100e+00
4.231610e-01
2.864258e+00
1.919792e+00
2.121210e+00
3.105574e+00
8.725862e-01
4.844074e-01
2.374439e+00
1.159364e+00
1.116277e+00
1.986082e-01
5.333759e-01
7.627333e-01
5.090896e-01
1.154423e+00
3.946406e+00
1.917354e+00
7.681953e-01
1.946409e-01
5.621047e+00
4.109599e-01
4.629803e-01
7.741265e-01
4.014711e-01
1.786928e+00
1.879169e-01
5.187602e-01
1.781242e+00
5.044141e-01
1.085938e+00
1.788828e+00
4.118848e+00
1.029296e+00
3.646044e-01
9.250441e-01
9.887304e-01
1.222573e+00
1.803848e+00
3.616323e+00
1.380394e+00
3.642635e-01
4.693323e-01
8.096744e-01
1.872299e+00
3.924456e+00
2.969225e+00
4.457230e+00
3.641162e+00
1.708247e+00
8.457819e-01
1.833860e+00
2.631096e+00
1.439571e+00
7.089187e-01
3.791489e-01
2.287199e+00
1.235472e+00
3.735122e+00
2.744755e-01
3.205527e-02
6.592996e-01
4.556187e-01
1.981742e+00
4.041136e-01
5.259526e-01
3.809861e-01
1.277788e+00
9.873054e-01
1.432184e+00
2.999735e-01
5.337590e+00
3.677411e-01
5.403219e-01
6.047712e+00
2.709158e-01
7.106164e+00
1.988373e+00
1.403194e+00
1.187501e+00
6.407080e-01
6.039314e+00
9.098436e-01
6.499645e-01
2.481368e+00
3.583648e-01
8.524863e-01
1.126480e+00
1.009916e+00
4.590248e+00
6.051629e-01
1.068961e+00
3.675350e-01
1.798693e+00
5.177988e-01
1.360626e+00
2.553945e-01
1.174010e+00
1.869111e+00
4.066527e+00
6.526543e-01
7.416257e-01
2.590517e-01
4.108439e-01
8.841233e-01
1.385724e+00
8.204145e-01
1.626019e+00
1.285922e+00
1.111406e+00
2.951797e+00
6.850575e-01
2.330203e-01
2.708572e+00
7.180622e-01
7.612753e-01
1.942137e+00
2.869456e-01
8.842399e-01
1.066933e+00
1.356275e+00
2.967225e-01
2.862619e+00
1.493980e+00
4.728587e-01
1.422968e+00
7.342157e-01
6.046388e-01
6.782317e+00
6.693341e+00
9.484343e-01
2.066039e-01
1.140196e+00
2.636871e-01
2.029411e+00
2.318267e+00
9.453011e-01
1.066152e+00
1.568289e+01
1.495985e+00
1.021999e+00
1.218323e+00
3.469154e+00
1.638566e+00
5.665430e-01
1.548720e+00
2.431687e+00
3.177124e+00
5.389311e-01
2.621870e-01
1.203149e+00
1.351179e+00
2.450469e+00
4.009770e-01
1.483097e+00
1.564305e+00
6.763643e-01
1.313475e-01
7.751248e-01
1.249305e+00
1.951951e-01
5.198150e-01
8.136236e-01
4.107816e+00
6.315910e+00
2.318751e+00
3.751799e-01
3.142585e-01
1.294231e+00
1.396127e-01
1.114143e+00
7.557418e-01
1.522507e+00
8.474595e-01
9.157603e-01
3.738918e-01
2.065455e+00
1.181828e+00
8.731200e-01
1.201585e+00
1.629583e+00
2.091973e+00
5.714523e-01
1.953474e+00
1.726451e+00
2.705832e+00
6.753122e-01
3.938007e+00
4.137193e-01
1.283137e+00
1.230330e+00
2.766156e+00
1.221180e+00
3.639908e+00
1.851583e+00
2.209128e+00
6.351400e-01
5.254209e+00
8.110902e+00
6.227955e-01
1.783227e+00
7.720757e-01
1.430173e+00
3.874869e-01
2.168912e+00
5.113420e-01
2.673307e-01
4.763632e-01
1.505064e-01
2.288649e-01
2.748093e-01
2.427732e+00
2.740091e-01
9.496099e-01
1.390339e+00
1.277244e-01
6.253153e-01
3.274042e+00
3.909922e+00
1.540995e-01
3.255857e-01
2.829539e-01
1.111044e+00
5.186773e-01
6.722363e-01
1.476526e+00
1.449643e+00
2.856512e+00
1.699091e+00
6.805445e-01
6.893491e-01
3.467928e-01
6.659513e-01
1.709855e+00
1.068346e+00
3.031432e-01
2.303115e+00
4.466652e-01
1.128355e+00
5.874855e+00
3.695102e+00
4.895869e-01
5.816337e-01
2.533822e-01
6.586327e-01
5.954720e+00
1.221400e+00
5.967120e-01
5.428992e-01
3.422459e-01
1.044468e+00
2.188866e-01
2.132400e-01
3.756515e+00
4.056664e+00
1.100398e+00
7.824849e-01
6.939081e-01
3.859111e-01
9.417511e-01
8.961317e-01
6.298571e-01
1.811198e-01
2.375817e-01
2.490754e-01
3.245976e-01
9.778487e+00
3.882192e+00
5.857807e-01
2.900295e-01
1.268582e+00
1.678131e+00
1.766169e+00
7.072568e+00
1.278897e+00
8.660850e-01
7.133809e-01
5.534712e+00
4.446644e-02
5.315222e+00
1.398838e+00
6.714306e-01
9.655785e-02
5.333026e-01
2.157355e+00
2.914132e-01
2.848258e+00
2.601195e+00
9.319143e-01
1.174114e+00
4.071188e-01
5.931140e+00
1.303882e+00
3.840942e-01
4.312026e+00
4.688135e-01
1.538980e+00
8.870421e-01
1.069172e+00
1.230132e+00
2.298410e+00
1.148248e+00
6.870330e-01
1.154322e+00
6.500189e+00
5.709495e-01
3.243791e-01
1.090716e+00
3.981725e+00
5.959918e+00
4.900659e-01
1.508260e-01
2.025674e-01
2.834757e-01
9.204399e-01
7.977053e-01
3.970286e+00
5.756097e-01
1.442885e+00
2.480542e-01
7.577328e+00
9.301862e-01
1.195912e+00
2.558770e-01
5.940501e-01
1.745715e+00
2.755317e+00
6.893251e+00
2.887761e+00
1.224110e+00
3.973326e+00
4.183325e-01
2.157393e+00
3.857038e-01
4.008144e-01
1.852726e+00
1.454629e+00
7.332415e-01
2.319888e+00
2.380137e+00
7.843399e-01
4.145179e+00
8.046167e-01
6.114073e+00
8.999825e-01
1.083852e+00
7.202699e-01
1.571350e+00
9.148056e-01
6.022194e+00
2.198484e+00
2.838970e-01
6.251460e-01
3.309782e-01
1.394938e+00
5.568576e-01
3.864764e-01
1.032026e+00
3.610495e+00
1.533649e+00
2.192158e-01
1.454517e+00
2.967841e-01
5.335184e-01
1.116598e+01
3.989286e-01
9.011876e-01
9.700428e-01
7.624036e-01
1.964259e-01
2.111109e+00
2.404924e+00
1.235772e-01
3.174037e-01
3.585097e+00
1.480868e+00
1.428913e+00
6.269606e-01
8.064514e-01
9.787071e-01
6.293160e+00
2.153626e+00
1.443836e+00
1.037202e+00
2.859242e+00
1.173859e+00
3.255089e+00
2.443589e+00
3.952390e-01
1.430390e+00
9.693590e-01
2.084687e-01
4.913502e+00
4.600460e-01
2.400704e+00
7.128141e-01
1.853108e+00
1.141032e+00
2.684329e+00
2.201802e+00
2.710967e-01
5.122358e-01
4.431703e+00
6.901490e-01
4.282098e-01
2.349769e+00
2.182104e+00
1.214331e+00
8.039570e-01
2.066389e+00
1.547422e-01
9.441605e-01
1.552813e-01
7.394160e-01
3.355910e-01
1.136707e+00
2.622995e+00
1.049393e+00
2.764132e+00
1.611806e+00
2.714049e+00
1.098197e+00
1.111547e+00
4.578127e-01
3.194382e-01
9.567949e-01
4.243075e-01
7.126228e-01
8.934531e-01
2.672368e-01
4.101930e-01
3.666925e+00
2.963166e-01
1.051716e+00
1.047754e+00
1.497886e+00
1.574914e+00
1.525479e+00
2.207370e+00
1.366139e+00
4.512556e+00
8.631636e-01
9.153827e-01
5.331702e-01
2.331646e+00
5.366026e-01
8.609464e-01
5.530641e+00
6.085417e-01
9.353647e-01
1.246056e+00
1.644576e+00
6.235230e+00
8.078728e-01
2.773805e+00
4.156585e-01
1.669250e-01
2.646011e-01
2.703336e-01
2.470151e+00
1.308094e+00
4.423074e+00
2.212357e-01
6.642222e-01
1.274490e+00
9.142708e-01
9.824780e-01
9.297067e+00
5.990705e-01
1.123217e+00
4.461306e+00
7.884012e-02
8.980886e-01
2.586136e+00
4.197460e+00
6.290912e-01
3.811183e-01
1.433828e+00
4.066520e+00
1.005903e+00
5.989869e-01
2.021675e+00
1.010052e+00
2.382680e+00
1.750393e+00
2.308868e+00
1.202101e+00
1.221511e+00
1.397888e+01
3.946944e+00
2.287028e+00
3.861557e-01
5.757585e+00
1.319145e+00
5.593907e-01
5.866608e-01
6.118783e-01
8.125547e-01
5.029149e-01
3.651047e-01
1.371821e-01
1.128417e-01
2.211653e-01
1.026674e+00
1.458586e+00
5.373730e-01
9.174464e-01
1.545505e+00
2.052322e+00
7.230710e-01
4.014774e+00
1.265157e+00
2.330071e+00
1.572983e+00
2.351897e-01
5.691729e-01
7.643319e-01
1.049580e+00
5.030001e-01
9.992395e-01
1.104169e+00
8.218904e-01
8.323095e-01
5.332578e-01
2.017831e+00
5.962035e-01
3.875496e-01
2.509227e-01
1.740424e+00
3.014838e+00
6.378513e-01
6.243384e-01
7.330305e-01
3.706773e+00
1.502751e+00
8.510906e-01
9.021026e-01
2.364389e-01
3.138961e-01
4.159978e+00
1.095428e+00
2.469504e+00
3.675595e-01
5.162910e-01
1.394950e+00
1.025907e+00
3.294441e-01
1.117685e+00
2.011102e+00
1.636083e+00
1.316708e+00
1.687423e+00
1.804862e+00
4.822889e-01
5.983537e-01
6.100240e-01
5.940348e-01
1.771910e+00
9.543716e-01
1.724034e+00
2.835964e+00
7.010144e+00
5.936997e-01
5.183455e-01
4.498124e-01
8.568582e-01
1.699064e+00
6.444350e-01
6.983059e-01
1.731153e+00
4.714301e-01
7.942643e-02
3.821229e+00
4.206131e-01
4.412554e-01
3.699936e+00
9.930103e-01
3.196484e-01
2.668984e+00
2.723617e-01
3.718918e-01
1.518371e-01
6.208230e-01
4.784680e-01
1.436978e+00
2.591637e-01
2.360336e-01
2.410511e-01
1.682982e+00
4.442281e-01
1.224288e+00
3.897666e-01
1.092856e+00
7.820367e-01
3.826622e+00
2.718206e-01
1.620387e+00
5.393531e-01
3.875037e-01
1.934237e+00
9.723453e-01
1.126779e+00
6.005434e+00
1.684729e+00
2.564381e-01
5.931093e-01
4.985853e-01
9.969688e+00
4.000835e+00
1.457116e+00
1.844897e-01
9.351771e-01
1.456202e+00
1.114254e+00
2.527099e+00
9.204576e-01
5.879044e-01
7.360823e-01
2.561572e+00
7.384259e-01
6.059434e-01
5.879523e-01
7.601664e-01
1.514098e+00
8.042773e-01
1.144831e+00
8.034804e-01
6.127407e+00
4.819115e-01
1.908418e+00
6.672777e-01
1.328329e+00
9.577366e-01
8.573342e-01
1.690990e+00
6.567841e-01
1.299409e+00
1.191613e+00
1.514797e+00
2.128463e+00
4.018656e-01
1.837701e+00
8.430281e-01
1.574908e+00
5.789642e-01
9.699645e-01
2.753136e+00
4.652094e-01
1.695632e-01
2.295217e+00
4.829475e-01
1.144864e+00
9.007703e-01
3.888460e+00
3.500685e+00
2.387135e-01
4.609417e-01
2.281614e+00
2.411227e-01
5.683445e-01
2.404965e-01
3.488247e+00
4.171664e-01
1.580449e+00
1.292575e+00
1.139299e+00
2.374259e+00
3.614560e+00
4.310840e-01
1.033212e+00
1.424977e+00
3.712031e-01
1.461395e+00
1.760170e+00
9.036142e-01
1.380049e+00
3.050539e+00
4.674067e-01
1.325958e+00
1.953817e+00
7.383490e-01
1.720608e+00
6.822759e-01
7.779225e-01
8.552658e-01
4.298673e+00
2.337760e+00
6.947961e-01
4.559585e-01
2.421282e+00
2.329119e+00
3.163194e-01
2.409294e+00
2.148535e+00
2.465121e-01
2.497754e+00
1.624006e-01
1.069844e+00
4.923443e-01
1.762724e-01
2.228512e-01
1.351248e+00
9.191781e-01
2.777268e-01
1.492930e+00
3.215842e+00
1.543735e+00
4.193805e+00
7.390432e-01
2.126082e+00
4.311486e-01
2.454416e-01
3.463965e-01
9.382267e-02
4.545259e-01
6.693455e-01
5.149136e-01
8.801391e+00
2.190359e-01
3.427474e-01
5.368554e-01
9.316361e-01
3.658160e-01
9.774704e-01
9.985587e-01
1.896296e+01
1.569550e+00
6.570574e+00
6.899631e-01
1.106297e-01
1.103105e+00
1.489964e+00
2.026119e+00
6.776770e+00
7.694648e-01
2.018310e+00
1.013895e+00
2.693796e+00
7.505846e+00
2.165686e+00
2.303171e+00
2.878295e-01
2.476569e+00
1.785087e+00
6.670555e-01
2.496031e+00
3.787287e+00
4.539036e-01
1.683147e-01
4.833660e-01
3.913628e-01
3.115612e+00
4.658108e-01
2.133064e+00
1.763698e-01
5.285489e-01
1.795532e+00
1.143859e+00
6.749452e-01
3.306312e+00
1.782021e-01
6.115522e-01
1.113521e+00
1.083322e+00
1.361788e-01
3.330284e-01
5.398427e-01
1.943822e+00
2.611248e+00
2.107219e+00
9.141749e-01
6.774084e-01
1.234881e+00
7.109030e-01
6.313927e-01
2.959744e+00
1.441956e+00
7.161682e-01
2.406086e+00
6.425608e-01
2.231763e-01
1.487831e+01
5.145891e-01
1.647422e+00
3.534887e-01
2.287073e+00
1.216784e+00
2.399499e+00
1.148113e-01
6.033653e-01
3.552442e+00
3.601859e-01
4.047486e-01
3.607680e-01
9.942475e-01
1.153890e+00
1.524191e+00
3.282602e-01
3.061443e-01
2.541579e+00
3.532987e+00
2.407834e+00
4.397488e+00
1.553151e+00
1.199207e+00
7.325892e-01
7.885263e+00
1.345102e+00
9.127314e-01
3.739115e+00
7.932064e-01
1.038443e+00
1.822906e+00
2.385299e+00
5.259437e-01
4.013872e-01
5.177305e-01
7.944947e-01
1.377271e+00
6.199776e-01
1.353231e+00
9.116941e-01
2.576403e-01
3.308640e+00
1.015274e+00
5.802919e-01
2.499478e-01
1.706946e+00
1.757188e-01
1.939527e+00
1.190084e+00
1.187339e-01
6.040729e-01
4.922007e-01
4.798817e+00
6.612902e+00
3.304787e+00
3.587090e+00
1.457452e+00
3.791225e+00
6.456622e-01
1.389747e+01
1.530259e+00
2.330311e-01
1.448487e-01
6.048344e-01
1.875151e+00
4.111554e-01
1.838957e+00
2.156654e+00
6.772561e-01
1.022691e+00
6.011900e-01
5.649938e-01
6.543281e-01
1.999318e+00
1.177198e+00
4.889395e-01
2.436074e+00
1.010967e+00
1.335537e+00
2.888528e-01
4.772645e-01
7.498551e-01
5.312439e-01
2.256110e+00
5.414143e-01
1.061073e+00
2.440476e+00
2.382166e-01
6.364024e-01
7.001795e-01
5.638640e-01
5.009795e-01
8.794056e-01
1.232717e+00
4.248265e-01
3.951188e+00
1.759682e+00
5.294907e-01
2.988121e-01
1.145581e+00
4.809484e-01
1.934365e-01
1.054005e+00
1.888267e+00
5.667544e-01
1.001106e+00
1.449835e+00
2.581738e-01
2.168818e-01
5.281506e-01
6.527594e-01
1.425031e+00
1.138642e+00
6.355599e-01
1.181705e+00
2.072873e+00
8.345556e-01
3.648694e+00
4.753388e+00
5.669898e-01
1.016197e+00
4.485435e-01
6.486122e-02
5.893393e-01
1.112594e+00
5.759930e-01
8.245501e-01
6.331341e-01
4.282339e+00
4.757659e-01
5.967070e+00
3.470683e-01
1.191190e+00
9.104126e-01
2.128006e+00
1.150831e+00
3.878204e+00
3.982770e-01
1.552691e+00
1.484224e+00
7.138590e-01
1.024378e+00
1.267428e+00
4.724752e+00
3.543074e-01
5.197557e-01
9.205249e-01
8.422278e-01
4.738035e-01
1.398878e+00
6.459844e+00
1.683959e+00
1.377956e+00
2.248673e-01
2.348380e+00
9.279511e-01
4.018915e-01
2.192900e+00
1.877122e-01
3.680909e+00
3.032174e+00
6.970871e-01
3.152518e-01
5.366083e-01
2.332329e+00
1.174406e+00
7.544197e-01
3.239568e-01
2.626127e+00
1.608025e+00
1.092651e+00
1.108629e+00
2.488298e+00
7.375762e-01
5.164500e-01
4.168246e+00
1.473111e+00
7.985890e-01
2.024779e+00
1.823862e+00
2.024533e+00
1.058920e+00
1.182686e+00
5.156661e-01
1.002683e+00
2.703919e+00
1.411600e+00
7.888139e-01
2.041341e+00
2.017855e+00
1.625874e+01
2.635035e+00
1.329769e+00
3.142737e-01
2.198862e+00
1.922921e+00
1.884515e+00
1.565798e+00
3.146781e-01
2.517492e-01
5.285794e+00
6.927439e-01
1.387397e+00
2.563599e-01
2.624380e-02
1.467454e+00
1.178887e+00
3.082132e+00
6.347186e-01
5.076877e-01
4.114582e-01
6.907582e-01
4.133557e-01
1.581647e+00
3.200915e-01
3.263768e+00
2.141239e+00
1.343249e+00
2.044919e+00
1.438330e+00
4.915204e+00
1.321134e+00
1.784635e+00
5.303580e+00
1.233064e+00
1.402628e+00
4.959371e-01
1.675457e+00
4.460552e+00
1.237851e+00
4.127050e-01
1.013124e+00
2.910062e+00
2.853313e-01
4.627430e-01
3.279739e-01
8.181054e-01
6.511469e-01
2.185587e+00
5.419406e+00
7.404529e-01
1.924461e+00
2.652401e-01
3.260001e-01
5.278963e-01
1.058716e+00
1.430500e+00
3.123133e+00
1.941712e+00
2.404943e+00
1.411302e+00
4.175335e-01
7.717515e-01
1.643541e-01
1.537931e+00
3.005531e+00
2.319979e-01
3.888287e-01
1.265689e+00
1.996225e+00
4.924429e-01
1.718018e+00
1.529720e+00
2.716835e+00
3.237180e+00
3.529825e-01
6.300126e-01
5.610480e-01
5.964088e-01
1.211259e+00
2.842738e-01
5.193181e-01
1.012406e+00
1.189653e+00
4.568497e-01
1.285814e+00
1.605508e+00
2.558506e+00
2.037334e+00
1.935759e+00
9.655797e-01
3.424874e-01
6.374479e-01
7.783482e-01
2.733817e+00
2.983226e+00
2.245871e+00
1.303750e+00
1.403318e+00
2.006383e+00
1.028391e+01
5.432306e-01
1.997327e+00
4.949133e+00
7.880062e-01
4.376349e+00
4.949611e-01
1.683623e+01
3.109504e+00
2.769218e-01
5.416968e-01
2.010089e-01
7.710963e-01
4.777805e-01
3.694265e-01
1.372165e+00
2.942352e+00
5.774433e-01
1.762922e+00
5.603943e-01
6.307714e-02
1.740795e+00
2.158527e-01
7.689656e+00
4.686025e-02
8.320149e-01
1.080644e+00
1.000183e-01
3.941617e-01
6.143052e-01
5.210780e-01
1.496120e+00
8.893111e-01
1.023228e+00
5.801578e-01
1.133239e+00
5.437801e-01
2.056336e+00
4.967144e+00
2.511297e-01
1.317426e+00
1.202862e+00
1.717574e-01
5.507096e-01
8.628852e-01
3.501726e+00
7.499955e-01
4.315620e-01
4.776484e+00
4.989460e-01
2.653861e+00
4.360052e+00
2.341745e+00
1.959198e+00
2.159746e+00
3.923236e+00
6.192139e-01
7.067130e-01
3.674331e-01
1.292047e+00
2.519865e-01
2.161927e-01
2.044742e-01
6.377412e-01
7.211550e-01
5.781272e-01
1.640024e+00
1.393533e-01
4.966491e-01
9.243359e-01
2.146518e-01
1.596476e+00
2.052714e+00
6.980592e-01
2.074828e+00
4.565915e-01
6.184265e-01
2.411931e+00
2.382284e-01
1.038908e+00
1.389206e+00
4.280162e+00
7.603676e-01
2.014296e+00
7.012989e-01
1.053076e-01
2.296464e-01
9.288224e-01
8.416040e-01
1.965232e-01
9.415436e+00
7.960614e-01
5.549231e+00
1.195161e+00
7.034106e-01
8.060559e-01
1.256990e-01
6.645803e+00
1.633059e+00
1.337882e+00
1.489746e+00
6.170783e+00
2.626221e-01
5.066116e-01
2.645005e-01
2.165227e+00
2.787207e+00
3.972850e-01
7.250152e-01
1.847702e+00
1.590215e-01
1.674455e+00
4.965890e-01
1.170292e+00
3.050341e-01
1.480756e+00
1.435534e-01
1.106309e+00
1.293468e+00
1.548765e+00
1.321026e+00
1.040605e-01
1.137836e+00
8.812434e-01
2.229056e+00
1.562706e+00
7.660660e+00
3.670671e+00
4.650540e+00
2.221189e+00
8.531016e-01
6.312703e-01
8.554024e-01
2.331285e+00
2.438228e-01
6.451962e+00
4.472348e-02
3.195651e+00
5.743470e-01
4.164431e+00
6.235972e+00
1.441435e+00
1.018554e+00
2.285508e+00
1.149860e+00
1.445591e+00
7.261216e-01
8.193575e-01
8.018823e-01
7.019409e-01
1.429296e+00
5.682758e+00
4.016999e-01
1.113846e+00
3.115714e+00
1.018930e+01
1.352983e+00
6.978174e+00
6.399090e-02
4.256425e-01
3.226009e-01
2.792074e+00
1.589997e-01
2.365479e-01
1.046450e+00
3.279886e-01
9.759893e-01
7.387156e-01
5.937373e-01
2.213579e+00
2.869679e-01
7.313969e-01
5.008903e-01
1.681484e-01
6.153825e-01
1.581291e+00
7.518809e-02
2.852533e-01
1.270585e+00
3.012921e+00
1.926250e+00
9.834096e+00
2.564186e-01
9.869988e-01
2.181736e+00
1.470657e+00
1.874182e+00
4.982197e-01
2.681225e+00
4.748231e+00
3.358702e+00
2.864184e-01
1.264216e+00
7.057728e-01
4.988317e+00
1.329040e+00
1.697028e+00
2.161747e+00
6.696902e-01
1.844327e+00
8.327030e-01
2.268046e+00
7.309651e-01
1.252097e+00
1.530447e-01
4.773241e-01
1.864814e-01
5.449370e-01
7.744720e-01
2.087190e+00
4.824986e-01
2.546331e+00
7.729691e-01
8.505753e-01
2.849799e-01
1.643437e+00
1.240768e+00
6.502328e-01
6.653152e-01
1.044041e+00
3.901302e+00
4.196895e+00
1.351807e+00
4.242385e+00
1.612724e+00
1.006819e+00
5.726093e-01
3.568123e-01
2.582257e-01
4.641904e-01
3.905009e+00
4.794759e-01
1.922173e-01
1.080415e+00
4.626051e+00
5.023720e+00
1.101445e+00
7.051919e-01
7.168118e+00
5.322401e-01
1.696594e-01
6.933687e+00
1.897412e+00
1.815272e+00
7.883153e-01
1.833839e+00
1.185086e+00
5.669209e-01
3.198547e-01
1.045623e+00
3.823894e+00
5.740087e+00
4.822070e-01
1.183253e+00
6.676829e-01
2.810150e+00
1.249745e+00
6.763561e-01
2.847563e+00
1.385251e+00
4.151444e-01
5.246414e-01
2.393916e+00
7.466733e-02
4.404502e-01
9.659486e-01
1.892697e+00
7.258750e-01
5.617339e+00
1.312128e+00
4.141498e+00
2.030604e+00
7.062416e-01
4.029255e+00
1.001596e+00
4.821750e-01
5.051331e-01
1.466678e+00
3.457216e-02
1.635645e-01
2.342690e+00
2.206759e-01
8.402717e-01
2.612833e+00
1.403369e+00
7.717054e-01
1.512995e+00
1.993321e+00
4.387209e-01
1.413427e+00
5.634136e-01
6.322078e-01
9.259122e-01
2.759090e-01
8.679261e-01
8.838893e-01
1.491614e+00
1.067547e+00
2.648715e-01
1.610204e+00
5.307449e+00
6.408591e-01
1.939084e+00
5.975864e+00
5.374303e-01
6.841665e-01
4.568825e-01
3.783398e+00
1.323486e+00
4.717903e-01
4.437907e-01
7.924156e-01
1.565106e+00
1.212674e+00
1.802898e-01
2.964303e+00
3.231087e-01
3.036929e+00
6.018311e-01
1.890182e+00
4.576494e-01
8.488433e-02
4.281734e-01
3.650074e+00
1.829070e+00
3.589434e+00
1.361182e+00
8.501901e-01
3.507485e+00
1.702388e+00
4.935637e-01
1.928585e-01
8.414024e-01
3.510849e-01
3.646840e-01
1.212423e+00
2.872717e-01
3.597065e-01
3.019685e-01
1.091668e+00
9.535545e-01
4.338945e-01
1.096709e+00
1.110203e+00
2.685965e-01
4.490618e+00
3.433362e-01
6.054311e-01
5.226261e+00
5.014017e-01
5.211467e-01
3.284452e-01
3.390867e+00
2.387192e-01
8.560551e-01
7.024673e+00
1.563128e+00
1.065710e+00
6.193767e-01
1.294562e+00
3.699477e-01
2.471431e-01
1.455473e+00
1.309010e+00
2.551928e+00
6.583337e-01
2.249434e+00
1.790010e+00
6.176223e-01
2.810389e+00
6.117838e+00
2.020170e+00
4.635512e-01
1.126337e+00
6.133454e-01
4.306669e-01
4.620728e-02
1.405061e+00
2.990665e+00
4.069711e+00
6.712751e-02
5.805015e-01
1.167632e+01
2.424358e+00
3.742890e+00
1.197504e+00
2.018904e+00
1.998396e+01
9.958012e-01
7.732298e-01
6.948718e-01
1.417508e+00
2.608830e+00
1.206852e+00
7.770067e-01
4.378366e-01
8.509309e-01
9.284344e-01
5.434428e-01
1.022314e+00
1.117615e+00
1.067917e+00
2.133018e+00
3.746563e-01
3.598378e-02
1.433697e+00
3.670430e-01
2.921060e+00
1.363916e+00
2.197611e-01
1.957646e-01
5.532822e-01
3.140337e+00
2.956266e+00
5.163381e+00
7.508671e-01
7.654605e-01
2.208197e+00
1.022438e+00
1.379746e+00
6.053622e-01
1.816217e-01
9.687863e-01
1.263695e+00
1.153260e+01
3.146694e-01
6.260938e+00
9.480863e-01
6.670257e+00
1.819028e+00
7.342226e-01
7.190359e-01
1.454390e+00
1.020952e+00
3.620580e-01
8.602191e-01
2.157278e-01
6.611277e-01
4.845609e-01
7.066481e-01
1.831976e+00
7.021670e+00
1.474380e+00
4.666353e+00
3.770432e+00
7.395496e+00
3.455231e+00
1.529630e+00
2.851563e-01
1.616326e+01
1.094206e+00
1.624615e+00
8.330810e-01
2.648518e+00
4.510021e+00
4.633888e-01
5.656776e+00
7.435926e+00
2.106612e+00
3.422243e+00
2.420484e+00
2.152584e+00
7.928997e-01
3.094342e+00
7.649033e-01
9.792518e-01
4.492796e+00
1.054874e+00
3.710793e-01
6.371209e+00
1.423138e+00
8.500957e-01
1.174293e+00
1.834671e+00
5.918396e-01
1.809363e-01
1.585910e-01
2.489929e+00
7.342662e-01
