1.123357e+00
5.712636e-01
4.758794e-01
3.689349e-01
9.018482e-01
7.779589e-01
3.195446e-01
4.154555e-01
1.296621e+00
4.519049e+00
1.300071e+00
1.683350e-01
2.626876e-01
8.348219e-01
1.261228e-01
7.749290e-01
1.210752e+00
5.382741e-01
2.109533e-01
2.040311e+00
6.199372e-01
1.336386e+00
2.561655e+00
2.311701e+00
1.409926e+00
3.327648e+00
1.237819e+00
7.943371e-02
7.101939e-01
2.573043e+00
1.334139e-01
6.149544e-01
3.739369e+00
2.441423e+00
4.256847e-01
2.594444e+00
8.935114e-01
2.521059e+00
7.976643e-01
8.126674e-01
4.382510e-01
7.939601e+00
2.276873e+00
1.792469e-01
2.777002e+00
8.805949e-01
6.762916e-01
3.322530e+00
1.606119e+00
2.421093e+00
3.677229e-01
3.632686e-01
2.815294e+00
3.962694e+00
3.926409e-01
1.087861e+00
3.039528e-01
4.205817e-01
1.802024e-01
1.651724e+00
3.477062e-01
8.579655e-01
2.273955e+00
2.762428e+00
6.467801e-01
5.981413e-01
3.443258e-01
1.422586e+00
3.560265e+00
3.619139e-01
5.916845e-01
1.724913e+00
1.815799e-01
1.367696e+00
7.650250e-01
1.043531e-01
1.730254e+00
2.006019e-01
7.276292e-01
1.322940e+00
8.124671e-01
7.951834e-01
7.182831e+00
5.802089e-01
3.809313e+00
7.361472e-01
1.732931e+00
5.133109e-01
3.657254e+00
4.224565e+00
2.969737e+00
2.469171e+00
9.377447e+00
7.366937e-01
3.962243e+00
8.854975e-01
3.911810e+00
1.367203e+00
1.234517e+00
6.063029e-01
9.430646e-01
2.456373e+00
5.096386e-01
1.197427e+00
1.378913e+00
5.748210e+00
2.376743e+00
1.046756e+01
2.500068e+00
1.556671e+00
4.203535e+00
2.580517e-01
1.827821e-01
5.734180e-01
5.166756e-01
4.496755e-01
1.142792e+00
8.109022e+00
3.392801e-01
4.666699e+00
3.227201e-01
1.016712e+00
4.504948e-01
2.134871e+00
4.010791e+00
8.042635e-01
8.080375e-01
9.978408e-01
1.328912e-01
3.259432e-01
1.226811e+00
1.382574e+00
8.885733e-01
8.963322e-01
3.099223e+00
1.046037e+00
7.230199e-01
5.868297e-01
1.555428e+00
4.623072e-01
3.571593e+00
5.398121e-01
3.394164e-01
3.141831e-01
5.537269e+00
2.756126e-01
1.864940e+00
1.022619e+00
8.490998e-01
1.023619e-01
1.834389e+00
3.138646e+00
1.875904e+00
3.811433e-01
1.135287e+00
5.992936e-01
9.484756e-01
1.442572e+00
1.083161e+00
3.851646e-01
3.786560e-01
2.599764e+00
9.323278e-01
5.262184e-01
1.112544e+00
4.089996e+00
4.037672e-01
9.177906e-01
5.143175e-01
8.395294e-01
4.557180e-01
3.983948e-01
5.826072e-01
6.493402e-01
6.622311e-01
1.879931e+00
5.395136e-01
3.924385e+00
3.071768e-01
3.102263e-01
5.957702e-01
2.820696e+00
8.393813e-01
1.112806e+00
5.548855e-01
5.155889e-01
2.173768e+00
1.627809e+00
2.707701e+00
6.233093e-01
1.576456e+00
3.495469e-01
5.651802e-01
8.024578e-01
9.795873e-01
5.681255e-01
1.013908e+01
1.066931e-01
1.515237e+00
6.973134e-01
9.785885e-01
2.456658e+00
6.232425e-01
2.435506e+01
3.321697e+00
4.293172e-01
1.463042e+00
1.886919e+00
7.827718e-01
5.964026e-01
7.421860e-01
5.961842e-02
2.493880e+00
8.531214e-01
6.755110e-01
6.496658e-01
9.598306e-01
8.753290e-01
7.699928e-02
1.028943e+00
3.545475e-01
7.245527e-01
1.202633e+00
1.355204e+00
8.133955e-01
8.377978e-01
3.805094e+00
7.218600e-01
6.994135e-01
6.142260e-01
7.852710e-01
1.861609e+00
1.521596e+00
5.218046e-01
9.530016e-01
1.626643e+01
3.208237e-01
6.753461e-01
8.183838e-01
1.554141e+00
7.420125e-01
1.441660e+00
8.726537e-01
1.578733e+00
8.047036e-01
3.338239e-01
5.890192e-01
2.519638e+00
4.373558e-01
7.151567e-01
1.856858e+00
2.048786e+00
5.309068e-01
1.303119e+00
4.137794e+00
6.571645e+00
8.705740e-01
8.808093e-01
1.165466e+00
7.450031e-01
5.348809e+00
8.271273e-01
8.541088e-01
1.527447e+00
6.024727e-01
4.319127e-01
7.330736e-01
1.564214e+00
1.884606e+00
2.055674e+00
6.918108e+00
2.120127e+00
9.160674e-01
3.157901e-01
3.556234e+00
3.842622e+00
3.025487e-01
6.341301e-01
4.831277e+00
1.485884e+00
9.961992e-01
5.280063e-01
8.712843e-01
9.136482e+00
5.057392e-01
3.147635e+00
6.599734e-01
6.445682e-01
6.629071e+00
1.921511e+00
4.197236e-01
6.913136e-01
2.215186e-01
1.590109e+00
5.381352e+00
4.831347e-01
2.548692e+00
6.179165e+00
1.091566e+00
3.161971e+00
8.168823e-01
4.099354e-01
1.928508e-01
1.953794e+00
2.949880e-01
1.834228e+00
6.214817e-01
3.065282e+00
3.322173e-01
1.287667e+00
3.921303e-01
2.435751e-01
2.950181e-01
1.963002e+00
5.167330e+00
2.375334e-01
1.768394e+00
5.854307e-01
9.381304e-01
1.674778e-01
1.025667e+00
4.728146e-01
4.482242e+00
1.263195e+00
3.556999e-01
5.246068e+00
4.705600e+00
5.780355e-01
2.054014e-01
1.513292e+00
1.484873e-01
6.231697e-01
1.205392e+00
5.465728e+00
2.452501e+00
2.743577e-01
2.095061e+00
8.754529e-01
7.627045e-01
9.372703e-01
9.682534e-01
1.350544e+00
7.477317e-01
2.908480e-01
1.462030e+00
2.063168e+00
9.064732e-01
6.858101e-01
3.859871e+00
1.740908e+00
4.290445e+00
1.023714e+01
4.790785e-01
3.796322e-01
5.427149e-01
1.756933e-01
4.500283e-01
2.433007e-01
6.548335e-01
5.835456e-01
9.336379e-01
1.481258e+00
7.320202e+00
3.656290e+00
1.307311e+00
5.388659e-01
6.978311e-01
3.260969e+00
2.103404e+00
8.177446e-01
1.101511e+00
2.002617e+00
7.760513e-01
6.787720e-01
1.113433e+00
7.081108e-01
9.316611e-01
1.731657e+00
1.857263e+00
2.974556e+00
4.009760e-01
1.059117e+00
4.174622e-01
1.628297e+00
1.729422e+00
3.037399e+00
2.099117e+00
2.529517e+00
4.938446e+00
7.875047e-01
1.739007e+00
1.083543e+00
2.572632e+00
3.976609e-01
7.031897e-01
7.342476e-01
2.087000e+00
3.033101e-01
1.901803e-01
1.162459e+01
1.593416e+00
1.135567e+00
7.459432e-01
2.428871e+00
6.235644e-01
1.260465e+00
1.961984e-01
8.514171e+00
5.846590e-01
1.118603e+00
8.504536e-01
3.163491e-01
2.348562e+00
2.517104e+00
4.381325e+00
1.172662e+00
1.082179e+00
1.722078e+00
3.289087e-01
3.550857e-01
7.227896e-01
1.584151e-01
3.572156e-01
4.168363e-01
1.779791e+00
1.199757e-01
3.191030e-01
7.305704e-01
3.519380e-01
1.389897e+00
1.236910e+00
5.119794e-01
2.403237e+00
1.596270e+00
2.458267e+00
1.258774e+00
5.010365e+00
7.251242e-01
1.906022e+00
3.536219e-01
2.865466e+00
6.781704e-01
7.533299e-01
5.654066e-01
2.816567e+00
7.420993e-01
5.300489e-01
1.009999e+00
9.124440e-01
8.833493e-01
3.651645e+00
3.508675e-01
4.565091e-01
7.758430e-01
9.322313e-01
7.217042e-01
3.124661e-01
4.687526e-01
2.649451e-01
9.665578e+00
9.179757e-01
7.297492e-01
3.737039e-01
1.620504e+00
6.091373e-01
1.141820e+00
6.269660e-01
6.524027e-01
3.326952e+00
3.101563e+00
4.578799e-01
1.468708e+01
1.773508e+00
1.931646e+00
1.596598e-01
2.367008e+00
1.763791e+00
2.922133e-01
1.193083e+00
8.399280e-01
1.860773e-01
2.811293e+00
4.105114e-02
7.251618e-01
3.076737e+00
2.035174e+00
1.470971e+00
1.253571e-01
1.692686e-01
1.024370e+00
4.402547e+00
2.333137e+00
1.269400e+00
7.173227e-01
7.268713e+00
2.687213e+00
9.714424e-01
9.682347e-01
1.056573e+00
8.402019e-01
3.296237e-01
5.345868e-01
5.065952e-01
7.093147e-01
4.032422e-01
7.006324e-01
5.410596e-01
7.879861e-01
7.929088e-01
1.720389e+00
1.008757e+00
2.972840e+00
2.028630e+00
1.361780e+00
1.059943e+00
3.629049e-01
1.101414e+00
2.237797e-01
3.856896e+00
5.761546e-01
7.760509e-01
7.590588e-01
8.468863e-01
6.293714e+00
2.258544e+00
8.379491e-01
3.958172e-01
2.220885e-01
9.520467e-01
3.406283e-01
5.046761e+00
8.334616e-01
5.241402e+00
2.382700e+00
1.313130e+00
2.227964e-01
7.281155e+00
1.760924e+00
2.518617e+00
4.254627e-01
4.383507e-01
1.055126e+00
2.698957e+00
8.565762e-01
5.533079e-01
1.178073e+00
5.061226e-01
3.596284e+00
4.559261e+00
9.893668e-01
4.229238e-01
4.990266e-01
8.723817e-01
6.806176e-01
3.957748e+00
1.033120e+00
1.159735e+00
1.585326e-01
4.299037e-01
9.817515e-01
2.253289e+00
2.753440e+00
4.212509e-01
2.330349e-01
2.047563e+00
7.015501e-01
1.024498e-01
3.037584e+00
6.369255e-01
4.907747e-01
4.226629e-01
3.921161e-01
8.086173e-01
7.829627e-01
2.964066e-01
5.319544e-01
4.435453e-01
5.710897e-01
9.519781e-01
5.071699e+00
5.892605e-01
3.617006e-01
2.595277e+00
9.407703e-01
1.157012e+00
1.554730e+00
1.496670e+00
3.287974e+00
8.882673e-01
1.351518e+00
1.296472e+00
3.363032e-01
2.953420e+00
4.071789e-01
8.037866e-01
1.993965e+00
2.567381e+00
8.811069e-01
5.976460e+00
1.221646e-01
1.128782e+00
2.008397e+00
2.175404e-01
4.089051e-01
5.072290e-01
1.098252e+00
1.597414e+00
4.593321e-01
1.752903e+00
3.376555e-01
2.520052e+00
1.238106e+00
1.602109e-01
2.379398e+00
6.398774e-01
2.195467e+01
3.409197e-01
7.236949e-01
1.948466e-01
6.694980e-01
1.427972e+00
4.812751e-01
2.719676e+00
6.265471e-01
4.863673e-01
3.005740e+00
4.494359e-01
2.405565e-01
2.846196e+00
3.832445e+00
2.525894e-01
1.978790e+00
1.721275e+00
6.415491e-01
3.415044e+00
1.018875e+01
9.095464e-01
8.193511e-01
6.386389e-01
5.148194e-01
7.231646e-01
1.755806e+00
8.249193e-01
5.317073e-02
2.231258e+00
3.890489e+00
4.152432e+00
1.755823e+00
4.661998e-01
1.006249e+00
1.905422e+00
5.175947e-01
3.938496e-01
1.088813e+00
2.076306e+00
2.874658e+00
1.358659e-01
1.161504e+00
5.022757e-01
3.799895e-01
7.095463e-01
1.344106e-01
5.067592e-01
1.188921e+00
9.693171e-01
2.571158e-01
1.148679e+00
4.528136e+00
1.560340e+00
8.468861e-01
5.381272e-01
4.850789e+00
4.208988e-01
3.517009e-01
6.318481e-01
1.275663e+00
1.028247e-01
1.968069e+00
4.395330e-01
1.885885e+00
4.992115e-01
2.218434e-01
3.900567e+00
1.704370e+00
2.192692e+00
3.922781e-01
7.091877e-01
3.135611e+00
2.524508e-01
5.031324e-01
5.127290e-01
2.438919e-01
2.329680e+00
1.141256e-01
1.677548e+00
1.299393e+00
6.527143e-01
3.894635e-01
6.079654e+00
7.753884e-01
4.178020e-01
1.206012e+00
1.450201e+00
1.981428e-01
1.370752e+00
1.027044e+00
8.603612e-01
1.074315e+00
4.887644e-01
1.263853e+00
1.391914e+00
8.430363e-01
2.222198e-01
4.930967e-01
1.596374e+00
1.136155e+00
1.575242e+00
2.258523e-01
3.729417e+00
3.763065e-01
2.130180e+00
6.291612e-01
9.178247e-01
1.572811e-01
2.001852e+00
2.643325e+00
8.396207e-02
2.076073e+00
1.759093e-01
2.559046e+00
2.420831e-01
7.949374e+00
7.575519e-01
7.235457e-01
1.196184e+00
1.105566e+00
3.199408e+00
2.233172e+00
1.492570e+00
9.138319e-01
1.944453e+00
2.838595e+00
7.462841e-01
3.539107e-01
5.785315e+00
5.021985e+00
6.883325e-01
9.991597e-01
1.798885e+00
1.342728e+00
9.771682e-01
3.867940e+00
1.598502e+00
7.160631e-01
2.234343e+00
6.362949e-01
7.537430e-01
8.611541e+00
7.439602e-01
1.081307e+00
4.886165e-01
3.981741e-01
5.199861e-01
5.020174e-01
6.286468e-01
1.951107e+00
3.359796e-01
5.493914e-01
1.310219e-01
1.786880e-01
1.700258e+01
3.458955e+00
5.671004e-01
8.526615e-01
6.986371e-01
6.102429e-01
5.423045e-01
4.410552e-01
3.928413e+00
2.942892e-01
6.473568e+00
1.205021e+00
4.229023e-01
6.539994e-01
6.168884e+00
2.920311e-01
4.133661e-01
1.176120e+00
4.416602e-01
4.017142e+00
1.215560e+00
8.337374e-01
2.466261e+00
2.716361e+00
3.471711e+00
3.677871e+00
6.115096e-01
7.835534e-01
1.441273e+00
4.908285e-01
2.604355e+00
2.844141e+00
2.307017e-01
9.339727e-01
1.856221e+00
2.910499e-01
7.748462e-01
1.474861e+00
2.797451e+00
3.550190e-01
4.387508e-01
3.874448e+00
2.228731e-01
1.623316e+01
7.408703e-01
2.261808e+00
2.525833e-01
5.167350e+00
9.389808e-01
7.633618e-01
2.652833e+00
4.466731e-01
1.073033e+00
5.887966e-01
5.632042e+00
1.182359e+00
6.583165e-01
1.874998e-01
3.119335e+00
6.707117e-01
6.292549e-01
5.312876e-01
1.778409e+00
5.327297e+00
1.204071e+00
2.740095e+00
5.216694e-01
6.383207e-01
6.501394e-01
1.896136e+00
4.437173e-01
1.450278e-01
1.533000e+00
2.766040e+00
2.296463e+00
2.759775e+00
4.009042e-01
4.068766e+00
8.245563e-01
9.618316e-01
7.811368e-01
4.806468e-01
3.914833e-01
1.175698e+00
6.284585e-01
2.636639e+00
1.058994e+01
1.320748e-01
1.377324e+00
2.140721e+00
5.588436e-01
1.698726e+00
7.258513e-02
1.337655e+00
4.831705e+00
1.036210e+00
2.794190e+00
8.988762e+00
1.563927e+01
1.510659e+00
3.017804e+00
2.955072e-01
4.918726e+00
4.535319e-01
5.048467e-01
2.232985e-01
3.797054e+00
4.643040e-01
5.451167e-01
7.907509e-01
3.120674e+00
5.362283e-01
1.337501e+00
6.045503e-01
4.240082e-01
1.016080e+00
3.922700e-01
1.860956e-01
2.698599e+00
6.415683e-01
1.749592e+00
4.249532e-01
1.594328e+00
7.616453e-01
1.053668e+00
2.521087e-01
7.655532e-01
1.452020e+00
2.551220e+00
6.752397e-01
1.134361e+00
1.362401e+00
9.269257e-01
6.417033e+00
1.010655e+00
2.173066e-01
2.036202e+00
7.757020e-01
1.178765e+00
2.660750e+00
4.583269e+00
2.561668e-01
1.748559e+00
2.933487e+00
2.548156e+00
7.653030e-01
2.304646e+00
1.833362e+00
3.827948e-01
7.906362e+00
1.563858e+01
7.141550e+00
1.251426e+00
6.335616e+00
1.368899e+00
1.260507e+00
2.964034e+00
1.426480e+00
2.931174e+00
1.010627e+00
9.267181e-02
7.446018e-01
9.441178e-01
5.178770e-01
2.954799e-01
1.858042e-01
2.041056e-01
1.064645e+00
1.453045e+00
5.186926e+00
2.654930e-01
7.016820e-02
8.947487e+00
1.345058e+00
1.118673e+00
4.066742e+00
4.692114e-01
9.638450e-01
4.629543e-01
2.261126e+00
4.210259e-01
6.790015e-01
4.672129e-01
2.121548e+00
7.301671e-01
5.356146e-01
2.523642e-01
8.037841e-01
1.993066e+00
3.858410e+00
1.771147e-01
1.479425e+00
2.765600e-01
3.764034e+00
7.673674e-01
3.749485e+00
2.896874e-01
1.348665e+00
4.478867e-01
1.321592e+00
6.622860e-01
1.164033e+00
4.775152e-01
1.319232e+00
3.792220e+00
4.722721e+00
3.364575e-01
3.118208e+00
1.605338e-01
2.026960e+00
5.025291e+00
1.910382e+00
7.430021e-01
2.930674e+00
1.434597e+00
8.176139e-01
1.611454e-01
1.380105e-01
2.527506e+00
6.641170e-01
2.876715e-01
7.420783e-01
2.117121e-01
5.211021e-01
1.944086e+00
1.275764e+00
2.721029e+00
1.366186e-01
7.373714e-01
1.772040e-01
1.171649e+00
4.586076e-01
3.034070e+00
3.832596e-01
8.477737e-01
1.469386e+00
4.614521e+00
2.232618e+00
2.978081e-01
9.142200e-01
1.726750e+00
2.114005e-01
1.164184e+00
8.943546e-01
7.298293e-01
1.646743e+00
7.503400e+00
2.623297e-01
1.349763e+00
1.408953e+00
9.065493e-01
2.826986e+00
6.856635e+00
3.977321e-01
3.397765e+00
3.356926e-01
1.646609e+00
6.083974e-01
3.397203e+00
2.240481e+00
2.673014e-01
2.578166e+00
2.494721e+00
5.510039e-01
3.136596e-01
5.011107e-01
4.786767e-01
3.154114e-01
7.336669e-01
1.610143e+00
2.835207e+00
4.136216e-01
5.192576e-01
1.277004e+00
3.926836e+00
3.291845e+00
5.747466e-02
2.383702e+01
7.477941e+00
4.686590e-01
1.882982e+00
1.002973e+00
3.812400e-01
4.886621e+00
3.797461e-01
1.454536e+00
6.262262e-01
1.657627e+00
1.347386e+00
9.542481e-02
5.439910e-01
6.971644e-01
1.228521e+00
7.486876e-01
6.852869e+00
2.419488e+00
7.439138e-01
1.546688e+00
7.735870e-01
2.653251e+00
4.165892e+00
1.058307e+00
3.706415e+00
5.301932e+00
8.225704e-01
1.724159e+00
3.434132e+00
1.187475e+01
2.577572e+00
4.149695e-01
2.674802e+00
3.463013e-01
2.516062e-01
1.292169e+00
1.258138e+00
1.089497e+00
7.570141e-01
9.919919e-01
3.041800e-01
8.521320e-01
4.066037e-01
2.593620e-01
8.150235e-01
8.606397e-01
6.636821e-01
9.761710e-01
2.220115e+00
1.323138e+00
1.253466e+00
5.098266e-01
4.942841e-01
1.076894e+00
2.749308e-01
7.894674e-01
1.900267e-01
1.779321e+00
1.461973e+00
1.199222e+00
1.471424e+00
7.032206e-01
4.564755e+00
2.100259e+00
5.563091e-01
1.304729e+00
1.872152e-01
5.480179e-01
6.385697e-01
5.119516e-01
5.942275e+00
7.724622e-01
2.601686e-01
1.582525e+00
1.055432e+00
1.436494e-01
2.018518e+00
1.191906e+00
2.707165e+00
8.495394e-01
2.558084e+00
2.751744e+00
7.027818e-01
2.031374e-01
3.403771e-01
3.974699e+00
1.772924e+00
2.661372e-01
9.490371e-01
9.607263e-01
6.143959e-01
6.527156e-01
2.478566e-01
1.532187e-01
5.176801e-01
5.695168e-01
1.078410e+00
1.146978e+00
1.860583e+00
7.161181e-01
1.133368e+00
1.392074e+01
3.353381e-01
3.582375e-01
9.103998e-01
3.242454e-01
1.279520e+00
1.674898e+00
3.764968e-01
1.238881e+00
7.201911e-01
2.983841e+00
1.477790e+00
1.822357e+00
4.592148e-01
1.768661e+00
1.089530e+00
1.333435e+00
2.132025e-01
5.121581e-01
7.413141e-01
6.855599e-01
1.848912e+00
3.208222e-01
4.134906e+00
2.474541e-01
6.141971e-01
1.870631e+00
2.354663e+00
1.354851e+00
8.828139e-02
2.213188e+00
1.146770e-01
1.623304e-01
1.839592e+00
8.603699e-01
1.762014e+00
4.763475e-01
3.937568e-01
8.633830e-01
3.776376e+00
2.212796e-01
1.099526e+00
1.932718e+00
1.532584e+00
4.816938e+00
1.759917e-01
5.650114e-01
7.554606e-01
9.005070e-01
6.604435e-01
7.131547e-01
3.629641e-01
1.572274e+00
3.563703e+00
2.124218e+00
6.900721e-01
1.865629e+00
2.695351e-01
8.315637e-01
1.816028e+00
7.014601e-01
7.643209e+00
2.369819e-01
5.888660e-01
5.927735e-01
6.651826e-01
2.033034e+00
2.482732e+00
4.897524e-01
5.115717e+00
3.296745e+00
6.737848e-01
8.045483e-01
1.661420e+00
5.058051e-01
1.405892e+00
3.766570e-01
4.816272e-01
7.428499e-01
6.457195e-01
5.952451e-01
3.303744e-01
4.457276e-01
3.047624e+01
1.272228e+00
1.331892e+00
2.560907e+00
4.606686e-01
3.341200e+00
3.503623e-01
3.057392e-01
2.118368e+00
2.722976e+00
7.769594e-01
3.427001e-01
1.180062e+01
3.307652e+00
1.469301e+00
2.660645e+00
1.218375e+00
5.961677e-01
1.461829e+00
1.280087e-01
3.608795e-01
4.699890e+00
9.580231e+00
1.919150e+00
2.417913e-01
4.210363e-01
2.889918e+00
1.984532e+00
4.207168e-01
4.407379e-01
3.386489e-01
2.572236e-01
7.515293e-01
3.466340e-01
3.426296e-01
2.862144e+00
7.286125e-01
6.924467e-01
9.825312e-01
1.787884e+00
6.747376e-01
1.407053e+00
9.723599e-01
7.130299e-01
1.172485e-01
6.197081e+00
1.985656e+00
3.831085e-01
6.220426e-01
1.433310e+00
4.202227e-01
9.991448e-01
2.773184e+00
1.039168e+00
6.465620e+00
3.471700e+00
3.399679e+00
3.642053e-02
1.461590e-01
1.693292e+00
2.154495e-01
4.895572e-01
9.014306e-01
4.861378e-01
3.155325e-01
6.182780e-01
1.123491e+00
6.280362e-01
2.886317e+00
6.116049e+00
5.739295e+00
7.111178e-01
1.972669e-01
4.631104e-01
3.925020e-01
5.004467e+00
2.038356e-01
5.812781e+00
1.134530e+00
6.191620e-01
9.260985e-01
5.751681e+00
1.085204e+00
3.989059e+00
1.903118e+00
2.234182e+00
5.677046e+00
6.128687e+00
1.269134e+00
5.984406e-01
9.120643e-01
3.978086e-01
7.787387e-01
3.076363e-01
2.296629e+00
4.896784e+00
3.052949e+00
2.753209e-01
1.011970e+00
9.917906e-02
3.959684e-01
3.312627e+00
1.077734e+00
2.454921e+00
1.906894e+00
1.383616e+00
6.250250e-01
2.671566e-01
1.102275e+00
3.059368e-01
1.228936e+00
9.968670e-01
1.785699e+00
2.264985e+00
2.228497e+00
9.760909e-01
6.333111e-01
8.311176e-01
5.197206e-01
6.516402e+00
5.317799e-02
9.129245e+00
4.361169e+00
1.998540e+00
1.899726e-01
1.528432e-01
7.263665e-01
9.623481e-02
6.501233e-01
6.069890e-01
2.580133e-01
6.443811e+00
5.764224e-02
2.295393e+00
2.595333e+00
8.384777e+00
4.671968e-01
4.852899e-01
1.773470e+00
1.247097e+00
8.225196e-01
5.464992e-01
2.127339e+00
3.914997e-01
6.744395e-01
1.572349e+00
1.682605e+00
2.252399e+00
4.450623e-01
1.056817e+00
5.982282e+00
3.541131e+00
5.153751e-01
1.146850e+00
1.140176e+01
3.328041e+00
9.278175e+00
1.966724e+00
3.277717e-01
1.228821e+00
1.772727e+00
1.074845e+00
1.184503e-01
1.390002e+00
3.062930e+00
1.146172e+00
4.631555e-01
4.958246e-01
5.109664e-01
5.511270e+00
7.446816e-01
1.332573e+00
1.043109e+00
4.236873e+00
1.228482e+00
1.951784e+00
1.484083e-01
2.737187e+00
7.267822e-01
6.313004e-01
1.020646e+00
2.522464e+00
1.020502e+00
5.068058e-01
3.443866e+00
6.866535e-01
8.952367e-01
1.963442e+00
4.732836e+00
3.071990e+00
1.325231e+00
2.727840e+00
2.884747e-01
1.295746e+00
1.080402e+00
9.324597e-01
2.562576e+00
2.060385e+00
8.021341e-01
1.635447e+00
6.834861e-01
1.324450e+00
1.399566e+00
7.530666e-01
2.524929e+00
3.926404e+00
1.136217e+00
1.450548e+00
1.213182e+00
2.031319e+00
2.212725e-01
3.728004e+00
8.826401e-01
8.317956e-01
1.061046e+01
2.428670e+00
1.522190e+00
1.103776e+00
9.910561e-01
3.208275e+00
1.140147e+00
6.207471e-01
2.003578e-01
2.301933e-01
1.180874e+00
9.363732e+00
1.044234e+00
1.114385e+00
1.058532e+01
5.113681e-01
5.273447e-01
4.144233e-01
3.209515e-01
4.014332e-01
2.041413e-01
3.354202e-01
1.505131e+00
4.242814e-01
1.747626e+00
4.223991e+00
3.088795e+00
2.024482e-01
1.254550e+00
1.197912e+00
3.243988e+00
4.677310e-01
1.705944e+00
2.289510e+00
3.192468e-01
3.111763e+00
7.583207e-01
2.729782e+00
1.139356e+00
4.532717e+00
1.966988e+00
4.208407e-02
3.474095e-01
3.584631e+00
3.475208e+00
1.375364e-01
8.779970e-01
1.563272e+00
1.783718e+00
4.283168e-01
2.349221e+00
2.352095e-01
5.542252e-01
2.622407e-01
3.655935e-01
2.728902e+00
7.253817e-01
1.013635e+00
4.426492e+00
2.863661e-01
4.928798e-01
3.964737e-01
1.105685e+00
3.896486e+00
3.522268e-01
3.378060e+00
1.208422e-01
1.936878e-01
3.778548e+00
2.486764e+00
3.331829e-01
2.363743e+00
4.876775e-01
1.825063e+00
2.472011e-01
2.252598e-01
7.562750e+00
8.949966e-01
2.990664e+00
3.399475e-01
3.477044e-01
1.448399e+00
3.593137e+00
6.015863e-01
2.350538e+00
2.215400e+00
2.250319e+00
7.291792e-01
1.548355e-01
2.068927e+00
1.352347e-01
1.663230e+00
1.039933e+00
3.381668e-01
3.697008e+00
1.082014e+00
1.022634e+00
4.435779e+00
3.170983e-01
5.431322e-01
4.928734e+00
1.140975e-01
5.120086e-01
1.894435e+00
3.422504e-01
6.437299e+00
3.619116e-01
1.795287e+00
8.364671e-01
3.488807e-01
3.114232e-01
3.810078e-01
6.291079e-01
1.168706e-01
7.516700e-01
1.741138e+00
5.964264e-01
9.570945e-01
1.483468e+00
9.334304e+00
1.546238e+00
6.716571e-01
1.744069e+00
1.701500e+00
8.230294e-01
4.569499e-01
8.517840e-01
3.414151e+00
1.115255e+00
9.678149e-01
1.097093e+00
2.559017e+00
2.008408e+00
8.087823e-01
2.119355e-01
5.603547e+00
1.691596e+00
1.771806e+00
2.679376e+00
6.125763e-01
1.499964e+00
1.756146e+00
4.758669e+00
1.889362e+00
4.450911e-01
3.420277e+00
2.484089e+00
3.120995e+00
3.678531e-01
1.010932e+00
6.968400e-01
1.128033e+00
9.592403e-01
2.813725e-01
3.350883e-01
1.685407e+00
1.355737e+00
7.067423e-01
3.951589e+00
1.447195e+00
7.728197e-01
2.249883e+00
1.895589e+00
8.825951e+00
3.717061e+00
3.393150e-01
3.322465e-01
1.600447e-01
1.036477e+01
4.945407e-01
7.685559e-01
2.058436e-01
1.644073e+00
3.505818e+00
9.483751e-01
1.533488e+01
4.125361e-01
2.383313e+00
8.708098e-01
6.644016e-01
2.205621e-01
1.937155e+00
4.194021e-01
2.578252e-01
4.664761e-02
1.690414e+00
9.191267e-01
4.802390e+00
6.114075e-01
4.483728e-01
9.905091e-01
3.447641e-01
1.118848e+00
8.320276e-01
6.647149e-01
7.995771e-01
3.083271e-01
3.873559e+00
7.143824e-01
1.083859e-01
2.281851e+00
1.641708e-01
2.448433e+00
1.566568e+00
2.482272e+00
1.799474e+00
1.161928e+00
4.147167e+00
5.943551e-01
1.477145e+00
3.580621e-01
3.484425e-01
8.196926e-01
5.032798e-01
2.415690e+00
8.959618e-01
3.945888e+00
4.329961e+00
4.551198e-01
5.659904e-01
5.403595e-01
2.398257e+00
3.376770e-01
1.303976e-01
2.295365e-01
3.820317e+00
6.854082e-01
6.122883e-01
5.804791e+00
6.121566e-01
3.039752e+00
4.662069e-01
1.579975e+00
6.739284e-01
1.594195e-01
1.144692e+00
9.180843e-01
2.939049e+00
7.414379e-01
8.433760e-01
8.495744e-01
5.893876e+00
1.628410e+00
6.891495e-01
5.568808e-01
1.015037e+00
6.255949e-01
8.896486e-01
3.553479e+00
4.597173e-01
2.156049e+00
8.930153e-02
8.707010e-01
1.134486e+00
4.223172e-01
8.530004e-01
2.861471e-01
6.043268e+00
2.867090e+00
2.297250e+00
1.686113e+00
2.548923e+00
1.724266e+00
3.803894e-01
2.804620e+00
1.338588e+00
6.730505e+00
1.485734e-01
9.100796e-01
1.942327e+00
6.637833e-01
1.451071e-01
1.784876e+00
5.959537e-01
9.121134e-01
1.681382e+00
9.753521e-01
7.171129e-01
8.777038e-01
5.413032e+00
1.929752e-01
8.262877e-01
3.896636e-01
5.066135e-01
7.237882e-01
3.786685e-01
6.275990e-02
6.911359e-01
3.381392e-01
5.245368e-01
7.124397e-01
5.475642e-01
5.377157e-01
3.420971e+00
6.281250e-01
7.747874e-01
1.082875e+00
8.583200e-01
6.841442e-01
1.003446e+00
4.049247e+00
2.537965e-01
8.258939e-02
3.747348e+00
8.408738e-01
2.085030e+00
1.438437e+00
2.942359e-01
1.961468e+00
2.550699e-01
1.433116e+00
7.856165e-01
7.059404e+00
7.431313e-01
1.498406e+00
1.945031e+00
3.241738e-01
1.058156e+00
9.751229e-01
1.389933e+00
1.934174e+00
1.806960e+00
2.273431e-01
3.973853e-01
1.254447e+00
4.056300e+00
4.589847e-01
7.882908e-01
1.071823e+00
2.059914e+00
3.504263e+00
1.841103e-01
2.842390e-01
2.685712e+00
2.141418e+00
6.059557e-01
9.305353e-01
6.258970e-01
2.758572e-01
3.090343e+00
8.737332e-01
3.221673e-01
1.868378e+00
4.634227e-01
2.676209e+00
5.010031e-01
4.461532e-01
1.467060e+00
2.550973e-01
6.510021e-01
4.000533e+00
1.017406e+00
8.000642e-01
7.389223e-01
3.810697e+00
5.767146e-01
1.147046e+00
5.480397e-01
7.211255e+00
5.411055e-01
4.491428e-01
1.031009e+00
4.410505e-01
3.007244e-01
8.539450e-01
2.257845e+00
3.596690e-01
1.694629e+00
1.462171e+00
1.969972e+00
4.935916e+00
3.967075e+00
5.828155e-01
4.742409e-01
8.790222e-01
1.314341e-01
1.657547e+00
1.105803e+00
6.966793e-01
1.146090e+00
5.357769e-01
6.665405e-01
1.341789e+00
2.563846e+00
1.380670e+00
2.253723e-01
3.988998e+00
4.058715e+00
3.571495e-01
1.176434e+00
1.782710e+00
4.468384e-01
2.850744e+00
1.921293e+00
6.954222e-01
1.229368e+00
8.478061e-01
5.954036e-01
4.787787e+00
6.388467e-01
1.197921e+00
4.599958e+00
1.088462e+00
2.440353e-01
2.398880e+00
3.723275e+00
1.397924e+00
1.564080e+00
2.090356e+00
1.353994e+00
5.124026e-01
5.282253e-01
2.870565e-01
1.789078e+00
4.999970e-01
1.116340e+00
2.858621e-01
4.178268e+00
5.132201e+00
2.163959e-01
1.046037e+00
1.845916e+00
2.613869e-01
1.381917e+00
1.781712e+00
1.404469e+01
5.063937e-01
9.585801e-01
4.324594e-01
1.198874e+00
1.125823e+00
3.279221e+00
6.800506e-01
8.843244e-01
1.014781e+00
4.596542e+00
9.864264e+00
5.625626e-01
2.613980e+00
1.339933e+01
3.456568e-01
3.878699e+00
5.743538e-01
6.902619e-01
1.410558e+00
1.235818e+00
8.753140e-01
8.116210e-01
6.537304e+00
1.180073e+00
5.424323e-01
1.512366e+00
3.983316e-01
1.783989e+00
1.151876e+00
5.821952e-01
3.886941e-01
8.345677e-01
5.584910e+00
1.218516e-01
1.762851e+00
2.803266e+00
3.415361e+00
8.323865e-01
6.374201e-01
2.511279e+00
2.347058e-01
7.829869e-01
8.447624e-01
3.288514e-01
2.057714e+00
5.543553e-01
2.406416e-01
1.333384e+00
6.683496e-01
2.845759e+00
3.407781e-01
1.581985e+00
1.166625e+00
3.485904e+00
1.372984e+00
5.320996e-01
3.403857e+00
7.193140e+00
3.361073e-01
3.547411e+00
5.399581e-01
4.755586e+00
1.675847e+00
5.924275e-01
2.864615e+00
1.149891e+00
8.761833e+00
1.726475e+00
1.014002e+00
2.901039e-01
3.138040e-01
1.350512e+00
2.667270e+00
6.147394e-01
9.238486e-01
2.265717e-01
3.789414e-01
1.084095e+00
2.692715e+00
4.484710e-01
4.694984e-01
1.109624e+00
3.000335e+00
9.120249e-01
1.499034e+00
1.286761e+00
3.190921e-01
9.069959e-01
6.652063e-01
8.966232e-01
4.655112e-01
1.131976e+00
2.060550e+00
8.932604e-01
5.184584e+00
4.065856e-01
2.042275e-01
7.064455e-01
1.774434e-01
2.537394e+00
2.881694e-01
1.387432e+00
2.123351e+00
5.238550e-01
7.818555e-01
3.681009e-01
7.975258e-01
1.326856e+00
4.869380e-01
2.823767e+00
2.827186e+00
5.029309e-01
1.627509e-01
2.450408e-01
2.902090e+00
5.175246e-01
3.911570e-01
4.907348e-01
9.775531e-01
1.908753e+00
3.866953e+00
3.562158e+00
1.215072e+00
1.145510e+00
1.609423e+00
1.571659e-01
9.371760e-01
2.196819e-01
8.788158e+00
3.238787e+00
2.120223e+00
2.819103e-01
1.061068e+00
1.539490e+00
6.352464e+00
2.861055e-01
2.459538e+00
1.040497e+00
1.473272e+00
2.203068e-01
1.567726e+00
1.041458e+01
1.048542e+01
1.531351e+00
6.033833e-01
2.655335e-01
3.306252e+00
2.670046e+00
2.339319e+00
3.231349e+00
2.451428e-01
2.646608e+00
3.056531e+00
2.849428e-01
2.206175e+00
9.092493e-01
6.557192e+00
5.406024e-01
4.427467e-01
6.683397e-01
1.882357e+00
2.814397e-01
8.758464e-01
8.535116e-02
4.324970e-01
8.435251e-01
2.623214e+00
2.121570e+00
3.877323e-01
1.282228e+00
2.105668e+00
1.735923e-01
6.278229e-01
2.150586e-01
6.111385e-01
1.747548e-01
2.054223e+00
9.798090e+00
5.129088e-01
4.108579e-01
2.678402e-01
7.833050e-01
6.576558e-01
6.332536e-01
9.918962e-01
1.645991e+00
2.702744e-01
2.727376e+00
4.443615e-01
4.247275e-01
3.709563e-01
2.677172e-01
1.789177e-01
1.673774e+00
1.795559e+00
6.353283e-01
1.457962e+00
4.025517e-01
1.550985e-01
9.224095e-01
2.160865e+00
2.573660e-01
1.304029e+00
1.690936e-01
2.562045e-01
2.950036e-01
3.090473e+00
3.052635e+00
3.674782e+00
8.070454e-01
1.184794e+00
5.486139e-01
1.816997e+00
1.320319e+00
1.672540e+00
4.814380e+00
8.592070e-01
1.396426e-01
4.094410e-01
5.403029e-01
1.115962e+00
7.076969e-01
2.763445e+00
2.331138e+00
3.768760e-01
1.686979e+00
4.578747e-01
4.737235e-01
1.159769e+00
1.940290e+00
9.300362e-01
2.642200e-01
1.516204e+00
1.353571e+00
9.321165e-01
1.860066e-01
1.135543e+00
2.226522e-01
2.115871e+00
5.691693e-01
7.710528e-01
1.310585e+00
4.898801e+00
1.522824e+00
1.595173e-01
2.505104e+00
8.657964e-01
7.865230e-01
3.907293e-01
4.411002e-01
7.597342e-01
1.296045e+00
3.009771e+00
3.025586e+00
6.651009e-01
3.287272e-01
3.294786e+00
9.140915e-01
3.189763e-01
6.626574e-01
5.311696e-01
7.976513e-01
1.005131e+00
1.900936e+00
2.595745e+00
3.516535e-01
4.484246e+00
5.130898e-01
4.151459e-01
1.584941e+00
1.909689e+00
6.396089e-01
2.369751e+00
1.014982e+00
3.833828e-01
4.581478e+00
1.003103e-01
4.896219e-01
2.221215e+00
3.665724e-01
1.777265e+00
8.380593e-01
2.570293e-01
1.650457e+00
1.388684e+00
7.116963e-01
3.304462e+00
2.427986e-01
3.065140e+00
3.856164e-01
5.898421e-01
9.151338e-01
5.474724e-01
7.283603e-01
1.675043e+00
2.998573e-01
4.561249e+00
1.452914e-01
2.267427e+00
7.599511e-01
7.376784e-01
1.716997e+00
1.738086e+00
1.282849e+00
1.634755e+00
4.307539e-01
4.134521e-01
5.108667e-01
6.356720e+00
5.987323e-01
1.244523e+00
6.541883e-01
2.241942e+00
2.839387e+00
1.641232e+00
6.638290e-01
1.102770e+00
8.377240e-01
1.276283e-01
1.192951e+00
3.307096e-01
3.750711e+00
8.872419e-01
4.612012e-01
1.203168e+00
4.338965e-01
1.485534e+00
7.471074e-01
1.666978e+00
4.554637e-01
2.864385e-01
1.316544e+00
9.894220e-01
7.351809e-01
4.635674e-01
8.579077e+00
4.016496e-01
3.524215e+00
3.044329e+00
1.405352e-01
7.065134e-01
1.240752e+00
1.413822e+00
2.746995e-01
2.274298e+00
4.643257e+00
4.884840e-01
1.152631e+00
1.162359e-01
5.670387e+00
1.295193e-01
7.822666e-01
2.102921e-01
8.719347e-01
1.150025e+00
5.240847e-01
8.746349e-01
1.008275e+00
7.360593e-01
4.049967e+00
2.632207e-01
2.813256e+00
5.193463e-01
4.482527e-01
5.784038e+00
3.309188e-01
4.050446e-01
1.698867e+00
7.495151e-01
7.001955e-01
8.733851e-01
7.204471e-01
8.911291e+00
2.922783e-01
1.151831e-01
3.058271e-01
5.321722e-01
2.562467e-01
6.886188e-01
2.315084e+00
9.632608e-01
6.843467e-01
5.351099e-01
5.224678e-01
3.751036e+00
3.485930e+00
7.252323e-01
1.705198e+00
4.783547e-01
1.962641e-01
2.174112e+00
1.558004e+00
2.889840e-01
1.745439e+00
9.485867e-01
1.278693e+00
2.129935e+00
3.907704e-01
4.737415e-01
9.610383e-01
2.061855e+00
1.643755e+00
3.078471e+00
1.405966e+00
4.068603e-01
2.845813e-01
2.976602e+00
3.419348e+00
1.093421e+00
1.872506e-01
7.536807e-01
1.194040e+00
4.727695e-01
1.295945e+00
7.832342e-01
9.360827e-01
1.515172e+00
1.053233e+00
3.837671e-01
7.649591e-01
1.298930e+00
8.235601e-01
3.940472e-01
3.960572e-01
4.730576e-01
1.625616e+00
5.359501e-01
9.137103e-01
5.576379e-01
7.062800e-01
4.365556e+00
8.146490e-01
6.114491e-01
2.462562e+00
5.586100e-01
1.223068e+00
4.409454e+00
3.151475e+00
6.106077e-01
1.169367e+00
2.929927e+00
5.215148e-01
1.868581e+01
9.080993e-01
4.434954e-01
3.301786e+00
1.298457e+00
3.024987e-01
6.147435e-01
3.834459e+00
6.731801e-01
1.084037e+00
3.108274e+00
1.042967e+00
2.359002e-01
1.360245e+00
4.353273e-01
1.763860e+00
7.776601e-01
5.501482e+00
7.257222e-02
2.965940e+00
5.822475e-02
6.524125e-01
6.118539e-01
3.928636e+00
5.900550e-01
7.201698e-01
1.359285e+00
3.131418e-01
1.365967e+00
2.976349e-01
5.856819e-01
2.395176e+00
1.893750e+00
1.632971e+00
1.136643e+00
2.242306e+00
2.630779e-01
1.505165e+00
1.277606e+00
5.862971e+00
1.348725e+00
2.750058e+00
1.098495e+00
1.412834e+00
3.411640e-01
1.001770e+00
2.628398e+00
8.472678e-01
6.981353e+00
2.586701e+00
7.594449e-01
3.550958e-01
2.407907e-01
1.152572e+00
7.097668e+00
1.164985e+00
2.159499e+00
4.299716e-01
2.192311e+00
1.878309e-01
3.883289e+00
9.276874e-02
2.273469e-01
4.570354e-01
6.608727e-01
1.108121e+00
1.522218e+00
1.614239e+00
1.133551e-01
2.400952e-01
3.125799e+00
4.249514e+00
5.772229e-01
1.762683e+00
7.031027e-01
4.598269e-01
8.379963e-01
8.894406e-01
1.061567e+00
1.018369e-01
1.380827e+00
4.277245e-01
4.801096e-01
3.624055e-01
5.728621e-01
4.051284e+00
3.916228e-01
4.866712e-01
1.950378e-01
1.041752e+00
1.889063e-01
3.449502e-01
8.799293e+00
2.096471e+00
6.321624e-01
9.353333e-01
7.205043e-01
1.237151e-01
2.425443e+00
1.291346e+00
9.800733e-02
5.670463e-01
5.012288e-01
1.237197e+00
1.013018e+00
6.632745e-01
1.708667e+00
6.120635e-01
7.255222e-01
5.340117e+00
7.826500e-01
8.703893e-01
2.608310e+00
7.655184e-01
1.568443e+00
2.229413e+00
2.172045e-01
1.263486e+00
1.429124e+00
4.352207e+00
1.023865e+00
6.696054e-01
2.298715e+00
1.487063e+00
9.743471e-01
1.556428e+00
1.006412e+00
2.023757e+00
7.993142e-01
1.916437e+00
1.184769e-01
1.977619e+00
8.108206e-01
2.151405e+00
3.914774e-01
1.528085e+00
1.548234e+00
1.147015e+00
1.054144e+00
2.818248e-01
1.454586e+00
1.049400e+00
1.266768e+00
1.913922e+00
2.991183e-01
1.844743e-01
1.548620e-01
2.087091e+00
1.050349e+00
8.751934e-01
7.037009e-01
6.061734e-01
6.838636e-01
3.664283e+00
6.286766e-01
9.418235e-02
2.204321e+00
3.232551e+00
6.798589e-01
3.156050e-01
8.430485e-01
4.469006e-01
4.638564e-01
4.120095e-01
2.085021e+00
1.120010e+00
1.775717e+00
1.847793e+00
4.214426e-01
1.061223e+00
2.008565e+00
4.577681e+00
2.737651e-01
9.265646e-01
7.185151e-01
1.182068e+00
4.020851e+00
7.936384e-01
6.314948e-01
5.340830e+00
8.131056e+00
4.011110e+00
6.057286e-01
1.272912e+00
6.266365e-01
4.631984e+00
1.306222e+00
1.223567e+00
1.947356e+00
2.340349e-01
3.509742e-01
8.550908e-01
2.730281e-01
8.909223e-01
1.467963e-01
1.149674e+00
3.116757e+00
3.066172e+00
9.881479e-01
7.383882e-01
2.706399e-01
2.147607e+00
1.983414e-01
1.706031e+00
1.895795e+00
1.814586e+00
1.016762e+00
3.810993e-01
2.044194e-01
2.999478e+00
5.927079e-01
7.601048e-01
2.445690e+00
1.328753e-01
2.261213e+00
2.193375e+00
3.234228e-01
7.373069e-01
1.221972e+00
1.438368e-01
2.286882e+00
2.777028e-01
2.111489e-01
7.560959e-01
9.224969e-01
1.272964e+00
7.767867e-01
2.049808e-01
5.692059e-01
1.323922e+00
1.739378e+00
2.608871e-01
8.740771e-01
5.787273e-01
4.303036e-01
1.493810e+00
3.842527e-01
5.417562e-01
1.016479e+00
7.944965e-01
5.813539e-01
3.272575e+00
1.880116e+00
3.947052e-01
1.552930e+00
1.403966e+00
4.455667e+00
1.002981e+00
9.169811e-01
1.252881e+00
4.992381e-01
3.087193e+00
2.224813e+00
1.006725e+00
3.334948e-01
5.390780e-01
4.787977e-01
1.525457e+00
3.525701e-01
4.836433e+00
1.821115e+00
2.044391e+00
2.774421e+00
3.534829e-01
5.120598e-01
2.938839e-01
2.790155e+00
1.853707e-01
1.146881e+00
9.254144e-01
1.550823e+00
2.598256e-01
2.386773e+00
3.631043e+00
7.757927e-01
2.148752e+00
6.105690e-01
2.116524e-01
4.458296e+00
5.615206e-01
9.822600e-01
1.274263e+00
1.234678e+01
1.726740e+00
6.691752e-01
4.112946e-01
3.087720e+00
1.760287e+00
1.050492e+00
1.097601e+00
4.873329e-01
2.070411e+00
3.678278e+00
3.945356e+00
1.751916e-01
4.063759e+00
1.031735e+00
9.775577e-01
1.348819e-01
4.739856e-01
4.295342e-01
3.281679e+00
2.255085e-01
1.631203e+00
6.062955e-01
3.513643e+00
3.493018e+00
2.189160e+00
8.037345e-01
6.576511e-01
7.905496e-01
3.265392e-01
1.322437e+00
5.854146e-01
4.415018e+00
7.372927e-01
7.316069e-01
7.055359e-01
2.032601e-01
1.975844e+00
2.250741e+00
9.402597e-01
2.498168e+00
4.271746e+00
2.092643e-01
4.582584e-01
5.488928e-01
3.953956e-01
2.857382e-01
1.551410e+00
2.657322e+00
1.082316e+00
1.259321e-01
1.941300e+00
1.131923e-01
1.754521e-01
5.359910e-01
1.421165e+00
2.695281e+00
1.551723e+00
1.210186e+00
3.633642e+00
1.276092e+00
2.177188e-01
3.966654e-01
7.172803e-01
2.290482e-01
3.074730e+00
1.531545e+00
3.654591e-01
3.242571e+00
2.653613e+00
1.370810e+00
3.790728e-01
9.135619e+00
8.654283e-01
4.591725e-01
8.672012e-01
1.181399e+00
4.856906e-01
5.696576e-01
8.674553e+00
7.534357e-01
6.812928e-01
2.617388e+00
2.333360e+00
1.421293e+00
1.917323e+00
1.280435e-01
2.075754e+00
1.169803e+00
4.925481e-01
1.401405e+00
8.457867e-01
4.228376e-01
4.996430e-01
1.684120e+00
1.016144e-01
9.454782e-01
3.634632e+00
3.272916e+00
5.859017e+00
4.073737e-01
2.310861e+00
1.200521e+01
1.008781e+00
3.971580e-01
1.798353e+00
1.913990e+00
6.051381e-01
1.765636e+00
2.757421e-01
5.088969e-01
1.749995e+00
8.367082e-01
2.527455e+00
1.973726e+00
2.434398e+00
1.300949e+00
2.305084e+00
1.078082e+00
1.239782e+00
2.288867e+00
8.453059e+00
2.959744e+00
1.777850e+00
1.359060e+00
4.106423e-01
2.818393e-01
8.180068e-01
4.247426e+00
2.155355e+00
4.614052e+00
5.788589e-01
5.444897e-01
1.120236e+00
5.184385e-02
1.625434e-01
2.616988e-01
9.971352e+00
1.377727e+00
2.021052e+00
1.423763e+00
8.869549e-01
1.513285e+00
1.230615e+00
2.941328e+00
2.164884e+00
2.158679e-01
1.957323e-01
8.464753e-01
1.167914e+00
1.776220e+00
5.220854e-01
2.355947e+00
9.031067e-01
4.883016e-01
8.191832e-01
3.210285e-01
2.999292e-01
1.906861e+00
1.915865e+00
1.917279e+00
1.089160e+00
1.250923e+00
1.402445e+00
1.397196e+00
1.030063e+00
2.778566e-01
9.409473e-01
1.061726e+00
5.358086e-01
1.655387e+00
1.369423e+00
2.867404e-01
2.998045e+00
1.058763e+00
6.059217e-01
3.287801e+00
5.099716e+00
1.855322e+00
2.254954e-01
2.475657e+00
2.613833e+00
5.747232e-01
3.090499e+00
8.215439e-01
2.869794e-01
3.356757e-01
9.215804e-01
1.062322e+00
2.308332e-01
1.270606e+00
1.031666e-01
7.558047e+00
5.256393e-01
8.212358e-01
8.210246e-01
4.088985e+00
2.172510e+00
1.857333e-01
8.999793e-01
3.793843e+00
2.804672e-01
2.165324e+00
1.110870e+01
2.259710e+00
2.013256e+00
2.606901e+00
1.128344e+00
9.034148e-01
8.344671e-01
1.937727e+00
2.393029e+00
4.251734e+00
1.956963e+00
3.729579e+00
1.958686e+00
4.872706e-01
2.676175e-01
2.196241e-01
1.076031e+00
8.829408e-01
3.193912e-01
3.286136e-01
3.750384e+00
5.450483e-01
3.584493e-01
1.904893e-01
5.124487e+00
1.344692e+00
5.114377e+00
8.562716e-01
9.869541e-01
1.131008e+00
6.210231e-01
5.125716e-01
1.910360e+00
1.665935e+00
7.257367e-01
2.502504e-01
4.437638e-01
2.485773e+00
5.124603e-01
3.518731e-01
1.996952e+00
6.263069e-01
5.278662e+00
1.388857e-01
2.452893e+00
2.901757e+00
8.129774e-01
7.844823e+00
6.377349e-01
1.128235e+00
1.408391e+01
1.193016e+00
7.756211e-01
1.128754e+00
4.359920e+00
1.160461e+00
8.971096e-01
2.169143e+00
2.406839e+00
9.479618e-01
3.924752e-01
3.354283e+00
8.362965e-01
9.332330e-01
3.832780e-01
1.979783e+00
5.357482e-01
1.285017e+00
7.354388e-01
2.153931e+00
7.584016e-01
2.774556e+00
1.767083e-01
3.637005e-01
1.366556e+00
6.642676e+00
2.968848e-01
5.715397e-01
2.471708e+00
7.774112e-01
1.587181e-01
1.040640e+00
6.369690e-01
2.127094e+00
2.907317e-01
2.160361e-01
3.315446e-01
2.954629e-01
8.939073e-01
3.131464e-01
2.347474e-01
9.539031e-01
4.101642e+00
5.331429e-01
5.129192e-01
2.114794e-01
2.003550e-01
3.580030e+00
4.936399e+00
2.929904e+00
1.070333e+00
9.264554e-01
8.938641e-01
1.185764e+00
3.194979e+00
1.740262e+00
1.752758e+00
1.144935e+00
6.599893e-01
8.861796e-01
8.821133e-01
1.617889e+00
6.139244e+00
1.280768e+01
3.392131e-01
4.974478e-01
1.432665e+00
8.880906e-01
1.485129e+00
2.022545e+00
9.100282e-01
2.816024e-01
4.590951e-01
1.192917e+00
2.864479e+00
7.674835e-01
5.649283e-01
7.666125e-01
6.843750e-01
1.366725e+00
1.468381e+00
9.567469e-01
8.932586e-01
1.117551e+00
1.229539e-01
2.148131e+00
1.218397e+00
5.410402e+00
3.143738e+00
1.291529e+00
9.463831e-01
4.387420e+00
7.157308e-01
1.151230e+00
9.022614e-01
1.292474e+00
3.146968e+00
2.069809e+00
5.993094e-01
2.283212e+00
3.322779e-01
1.348963e+00
9.654234e-01
7.659775e+00
9.281941e-01
3.847892e-01
1.038117e+00
8.942337e-01
2.992415e-01
2.434024e+00
2.145720e-01
7.575981e-01
4.800051e-01
5.974948e+00
5.179206e-01
1.912619e-01
9.428603e-01
4.665087e-01
1.849324e+00
1.119723e+00
2.834511e+00
3.060838e+00
6.594870e-01
8.576548e-01
1.176968e+00
8.278333e-01
3.625308e-01
5.378886e+00
5.841913e-01
2.231355e+00
2.213864e+00
6.734441e-01
6.574459e+00
1.183694e+00
5.233795e-01
3.778752e-01
1.209368e+00
3.383663e-01
3.270107e+00
3.797813e-01
6.221928e-01
1.647704e+00
4.772674e-01
2.774978e+00
1.624860e+00
1.323509e+00
4.045803e+00
5.453228e-01
1.279469e+00
6.324154e-01
1.967897e-01
1.624446e+00
2.971674e-01
2.073046e+00
8.253313e-01
6.805243e-01
9.661224e-01
1.888832e-01
3.911387e-01
5.097883e+00
1.400828e+00
1.244645e+01
8.903976e-01
1.299247e+01
9.547261e-01
6.192530e-01
4.795105e-01
4.771806e-01
5.883581e-01
5.979847e-01
2.881454e+00
1.211887e+00
8.862087e-01
1.674803e+00
4.643661e-01
1.281579e+00
8.537733e-01
1.168700e+00
9.627440e-01
2.068281e-01
1.846931e+00
1.955729e+00
3.371992e-01
9.066165e-01
7.344724e-01
1.012952e-01
7.287634e-01
3.558319e+00
3.639198e-01
1.866255e+00
3.264479e+00
5.605833e-01
1.156595e+00
1.060748e+00
1.917884e-01
1.240111e+00
1.423123e+00
3.929656e+00
8.006561e+00
1.595951e+00
4.709449e+00
2.758440e+00
3.905449e+00
2.210602e-01
4.593163e+00
1.051369e+00
9.438866e-01
5.385046e-01
1.177006e+00
9.142549e-01
3.028873e-01
6.653329e+00
7.588667e-01
4.826196e-01
3.049148e-01
1.040676e+00
3.245428e+00
1.728910e+00
1.235993e+00
1.973012e+00
6.445033e-01
1.859411e+00
7.404518e-01
2.273489e+00
1.483833e+00
1.246182e-01
5.122168e+00
1.289339e+00
2.754205e-01
1.401642e+00
3.258150e-01
1.366501e+00
1.858752e+00
1.270043e+00
3.749454e+00
2.019486e-01
3.747906e+00
1.148271e+00
8.597234e-01
6.326434e-01
2.333559e+00
1.582028e+00
6.888962e-01
4.642691e-01
4.272108e-01
4.690727e-01
9.549370e-01
8.318496e-01
5.400330e-01
8.448207e-02
4.335366e-01
1.821341e-01
8.994579e-01
2.015886e+00
1.361488e+00
7.609980e-01
2.999553e-01
2.338379e+00
1.003004e+00
9.473744e+00
5.095001e-01
1.631206e+00
8.111868e-01
4.271121e+00
1.743443e+00
2.575172e+00
3.513924e-01
9.055978e-01
8.140462e-01
2.185108e+01
1.781986e+00
5.408010e-01
4.239038e-01
4.938628e-01
6.652813e-01
1.750590e+00
6.082358e-01
3.213008e-01
2.672500e+00
1.886147e+00
2.167623e+01
2.524765e+00
5.473005e-01
3.566804e-01
6.569592e-01
3.675696e-01
2.015759e-01
1.879233e+00
3.685481e+00
2.792126e+00
4.235029e-01
6.111365e-01
3.030715e-01
1.695864e+00
5.315250e+00
3.378172e+00
2.452429e+00
2.123548e-01
5.667498e+00
4.290806e-01
1.279943e+00
6.125676e-01
4.127880e-01
9.575652e-01
1.049114e+00
3.529541e-01
6.121153e+00
9.609013e-01
3.049674e+00
4.556080e-01
1.126452e+00
5.750201e-01
1.258508e+00
2.096781e+00
7.748292e-01
2.091091e+00
5.029277e-01
1.246205e+00
2.384422e-01
5.492609e-01
5.777534e-01
2.124966e+00
8.723150e-01
2.125014e+00
1.825351e-01
6.557198e-01
1.266372e+00
2.715641e+00
5.644721e-01
8.652862e-01
4.610040e+00
4.441164e-01
4.831245e+00
1.293018e+00
1.514395e+00
6.341038e-01
2.974703e+00
2.638346e+00
1.833964e-01
1.716547e+00
6.063342e-01
1.282272e+00
3.493202e+00
2.477281e+00
5.107499e-01
2.954803e+00
4.332587e+00
1.396193e+00
3.409117e-01
1.323150e+00
1.358447e+00
1.047043e+00
7.690148e-01
3.830038e-01
5.850781e-01
6.670572e-01
1.372843e+00
5.308616e-01
2.530616e+00
1.104989e+00
2.531066e+00
1.991400e-01
7.774873e+00
2.999975e-01
4.830247e+00
4.294365e-01
7.272087e-01
8.954718e-01
2.066060e+00
3.643937e+00
1.308623e+00
1.321694e+00
6.566331e+00
6.433927e-01
1.654760e+00
1.436671e+00
1.075664e-01
1.545192e+00
1.434208e+00
6.192057e+00
1.560480e+00
6.420280e-01
1.967047e+00
2.313819e+00
2.481358e-01
3.117306e-01
4.484466e-01
2.697279e+00
1.681397e+00
4.001850e-01
1.463277e+00
2.279904e-01
1.305334e+00
2.070874e-01
7.195078e-01
9.189999e-01
1.362396e+00
5.062938e-01
2.965972e-01
3.143065e+00
1.900048e+00
7.335602e-01
1.412297e+00
2.630724e-01
8.644033e+00
1.449490e+00
1.246973e-01
9.742563e-01
4.380111e-01
1.264381e+00
4.761357e+00
3.778388e-01
9.452948e-01
7.687715e-01
2.407810e+00
2.301770e-01
7.211995e-01
2.722515e+00
3.353181e+00
7.191648e-01
1.555079e+00
1.154143e+00
4.321866e+00
4.045153e+00
2.582266e+00
2.016573e+00
5.881205e-01
9.436812e-01
3.071824e-01
1.772460e+00
1.002684e+00
3.539651e-01
6.084540e-01
1.433602e+00
1.054880e+00
4.051250e-01
1.048602e+00
7.808359e-01
3.204010e+00
1.990667e-01
1.079156e+00
1.440637e-01
1.005264e+00
3.154902e-01
7.761728e-02
8.302800e-01
3.663976e+00
6.131414e-01
4.787518e-01
1.206061e+00
4.315774e-01
1.881762e+00
1.070928e+00
1.705182e+00
2.679954e+00
3.087989e-01
1.730285e+01
1.332485e+00
2.209137e+00
1.643242e+00
1.651586e+00
3.486087e+00
3.801742e+00
1.929064e+00
6.085558e-01
7.908622e-02
2.615909e+00
5.097403e+00
1.330413e+00
3.625039e-01
1.657009e+00
3.690151e-01
2.114519e+00
4.049778e-01
1.459769e+00
1.566641e+00
1.188280e+00
4.511771e-01
1.215863e+00
6.206305e-01
1.549968e+00
5.357296e-01
3.333753e-01
4.152635e-01
7.576548e-01
3.415776e-01
1.634095e+00
3.670513e+00
2.367706e+00
3.435199e-01
1.177024e+00
3.014430e+00
1.892083e+00
2.465578e-01
1.715130e+00
2.150972e+00
3.525934e+00
3.360658e-01
7.445148e-01
5.344707e-01
1.935264e-01
8.747588e-02
1.722761e-01
9.009777e-01
2.102605e+00
1.096664e-01
1.628354e-01
9.891505e-01
2.878493e+00
8.727119e-01
7.515631e-01
5.324670e+00
1.297367e+00
3.140725e+00
1.058374e+00
6.828158e-01
2.053486e-01
2.440771e+00
9.682615e-01
1.114116e+00
3.055566e+00
3.860309e+00
2.296788e+00
2.837555e+00
1.318903e+00
8.966452e-01
8.620393e-01
6.043091e+00
4.970508e-01
2.809080e+00
5.688684e-01
6.941822e+00
6.837134e+00
1.751407e+00
2.062865e-01
1.022435e-01
5.471605e-01
1.031471e+00
5.779098e-01
6.110106e-01
6.486506e-01
4.961034e-01
2.410749e-01
4.993170e-01
2.878816e-01
1.062028e-01
2.328178e-01
1.673993e+00
6.337396e-01
3.460796e+00
9.596982e-02
1.964285e-01
1.436255e+00
5.758845e-01
1.872974e+00
3.446537e+00
2.970630e-01
1.603714e+00
7.782388e-01
1.394941e+00
5.969582e+00
9.600388e-01
4.342953e+00
3.589184e-01
1.370674e-01
2.970907e+00
4.642247e-01
2.479169e+00
1.578104e+00
1.761471e+00
6.634289e-01
6.253306e+00
4.863919e-01
2.889377e-01
2.884318e+00
2.352554e-01
7.517648e-01
7.289980e-01
1.473119e+00
1.734235e+00
4.506461e+00
2.587873e+00
4.439212e-01
3.634889e-01
2.035414e+00
4.001971e-01
3.983788e-01
2.255653e+00
1.124266e+00
3.750446e-01
3.032027e+00
4.019558e-01
3.613600e+00
7.197526e-01
4.712343e-01
8.610763e-01
9.329600e-01
1.173814e+00
7.096486e-01
1.671851e+00
2.633523e-01
3.225996e-01
4.126344e-01
3.882701e+00
2.359462e+00
5.091454e+00
2.432028e+00
1.416112e+00
7.286463e-01
8.038998e-01
8.012912e-01
7.720581e-01
4.208874e-01
5.830051e-01
1.621337e+00
3.733434e-01
8.204794e-01
1.230946e+00
1.616790e+00
1.533732e+00
7.109167e-01
3.846864e-01
2.507780e+00
1.062289e+00
2.115424e+00
1.053585e+00
1.385923e+00
1.173046e+00
3.002268e+00
3.039446e+00
9.555074e-01
2.345681e-01
2.685414e+00
7.432121e-01
3.838259e-01
7.208126e-01
1.021586e-01
7.477661e-01
7.156082e+00
4.375700e-01
3.061293e-01
4.780208e-01
1.165072e+00
1.702206e+00
3.147715e-01
3.554119e-01
5.558813e-01
4.240390e+00
1.231917e+00
4.604596e-01
9.984548e-01
4.860148e+00
6.721114e-01
7.873125e-01
1.779620e+00
3.855398e-01
8.608246e-01
1.630867e+00
2.225256e-01
2.877628e+00
2.219300e+00
1.124562e+00
1.346673e+00
7.646379e-01
1.739362e+00
7.605236e-01
2.195191e-01
2.942773e-01
3.544493e+00
1.168708e+00
1.162379e-01
9.184568e-01
1.175365e+00
5.829814e-01
2.740405e-01
1.125708e+00
4.711609e-01
1.133551e+00
1.947346e+00
2.284038e+00
2.282169e+00
1.865625e+00
5.888158e-01
2.343043e+00
7.282127e-01
2.243123e+00
1.140309e+00
7.027114e-01
5.260579e+00
1.378133e+00
5.334662e-01
2.492252e-01
1.173032e+00
1.234623e+00
1.034843e+01
2.443343e-01
8.331320e+00
2.559239e-01
7.553695e-01
1.195074e+00
6.971437e+00
5.233279e-01
1.535625e+00
2.686251e-01
1.479746e+00
4.614209e-01
4.526483e-01
2.246366e-01
1.113615e+00
7.938188e-01
1.135392e+00
4.293701e+00
7.910875e-01
5.468171e+00
6.306554e-01
1.252596e+00
3.102571e-01
4.141530e-01
3.610141e-01
3.630499e+00
1.197828e+00
1.052275e+00
