4.993000e+00
8.000873e-01
1.851058e-01
4.828435e-01
6.434617e-01
1.539346e-01
2.099357e+00
3.365210e-01
1.706573e+00
4.597193e-01
1.475329e-01
3.759056e-01
5.241625e-01
7.196047e-01
1.616827e+00
6.160114e-01
7.091492e-01
1.509858e-01
3.709450e-01
1.421249e+00
2.877638e+00
5.356819e-01
1.014903e+00
6.294730e+00
4.561300e+00
1.096333e+00
8.358793e-01
2.593997e-01
2.144965e-01
6.738990e-01
2.749423e+00
1.941681e+00
1.777696e+00
7.852446e-01
1.439189e+00
7.621922e-01
8.899856e-01
6.808612e+00
3.450382e+00
1.167113e+00
3.646313e+00
7.599554e-01
1.280208e+00
7.588578e-01
2.211545e+00
4.182350e+00
4.972255e-01
1.450618e+00
1.884901e+00
4.218254e-01
7.539987e-01
2.240879e-01
7.834393e-01
2.418377e-01
5.804655e-01
3.159613e+00
1.636256e+00
9.659875e-01
4.372456e+00
2.034967e-01
8.613466e-01
1.110830e+00
9.780941e-01
3.731239e-01
1.111383e+00
1.165064e+00
8.046850e-01
1.054382e+01
5.110126e-01
2.062398e+00
6.378724e-01
7.113654e-01
6.965564e-01
4.953775e-01
6.576102e-01
2.547700e+00
5.890368e-01
2.519977e-01
5.468874e-01
3.835472e-01
8.312286e-02
1.923790e-01
4.478395e-01
3.168961e+00
2.068645e+00
3.899254e+00
4.736301e-01
6.600201e-02
7.157806e+00
7.110398e-01
4.159184e-01
3.552952e-01
1.240549e+00
9.756640e-01
6.176598e-01
2.694767e-01
6.217369e-01
1.675512e+00
2.569155e+00
1.347547e+00
5.581113e-01
1.486376e+00
1.208313e+01
2.482533e+00
1.414480e+00
4.477090e-01
1.293999e+00
1.745599e+00
1.358000e+00
2.039394e+00
3.523096e-01
5.725449e-01
3.670564e+00
6.673197e-01
1.727471e+00
4.321972e+00
4.011980e-01
2.349426e+00
4.877476e+00
2.494381e-01
4.046532e+00
1.516197e+00
3.214829e-01
3.847324e-01
9.700092e-01
3.725545e-01
5.716499e-01
1.897664e+00
1.444172e+00
1.148729e+00
1.837212e+00
4.412679e+00
2.517218e+00
2.006867e+00
4.878022e+00
9.966008e-01
1.211947e-01
1.602617e+00
1.579835e+00
1.397563e+00
1.508182e+00
4.549581e-01
4.108195e-01
1.907307e+00
4.955490e-01
3.803251e-01
1.382824e+00
4.261188e-01
3.079192e+00
9.517735e-01
1.714495e+00
5.173023e-01
7.412956e-01
1.985292e+00
1.099270e+00
6.558378e-01
1.419326e+00
1.087952e+00
1.493481e+00
1.033804e+00
2.013307e+00
1.718912e-01
2.203914e-01
1.690361e-01
2.635621e+00
4.291081e-01
2.187550e-01
7.032929e-01
5.114156e+00
1.310478e+00
1.304447e+00
2.130485e+00
7.982685e-01
2.228364e+00
6.636975e-01
1.973541e-01
5.580713e-01
5.446916e-01
2.223816e-01
8.052639e-01
7.219861e-01
1.667288e+00
7.362371e-01
4.224840e-01
3.156944e+00
3.605695e-01
9.387052e-01
5.222810e+00
1.411514e+00
9.271729e-01
7.344659e-01
9.623697e-01
3.626177e-01
6.932803e-01
1.628627e+00
1.903193e+00
1.312621e+00
4.396614e-01
1.383660e+00
6.514225e-01
5.182604e+00
9.291494e-01
1.142815e+00
2.135517e-01
1.815880e+00
2.245869e+01
1.215506e+00
3.448914e+00
1.720127e-01
9.588639e-01
1.308360e+00
5.667067e-01
1.540520e+00
4.230227e+00
5.245501e-01
3.862666e-01
1.881918e+01
1.223722e+00
4.424514e+01
3.438378e+00
2.022473e+00
3.965176e-01
7.954843e+00
2.875892e-01
1.165598e+00
6.845796e-01
2.040508e+00
8.366074e-01
8.977604e-01
3.481339e-01
1.385680e+00
1.702972e-01
9.434455e-01
5.109411e-01
7.698294e+00
1.047625e+00
5.786334e+00
4.515348e-01
8.826943e-01
4.575662e-01
6.483925e-01
2.549599e+00
9.677575e-02
2.137201e+00
4.438061e-01
2.508028e+00
1.531665e+00
1.849147e-01
6.377933e-01
2.129102e+00
7.278462e+00
5.939289e-01
2.385527e-01
2.923671e-01
2.780811e-01
2.216018e-01
4.768630e+00
1.082324e+00
2.103618e+00
2.892962e+00
1.545451e+00
7.960359e-01
1.103355e+00
2.468617e+00
1.106555e+00
1.720387e+00
2.289085e+00
7.330199e-01
1.621268e+00
9.849294e-01
3.390595e-01
3.816885e-01
3.676882e+00
3.024182e-01
1.242782e+00
8.788358e-01
5.786975e+00
1.166946e+00
2.826501e+00
9.165780e-01
1.995509e+00
4.016617e-01
2.629409e+00
9.432571e-01
5.239954e+00
1.028244e+00
1.916927e+00
1.960798e+01
3.572916e-01
3.524097e+00
5.741424e-01
3.585339e-01
8.335939e-01
4.129889e-01
5.566155e-01
7.181375e-01
6.787730e-01
5.489437e-01
2.698310e-01
1.433004e+00
2.407391e-01
1.287098e+00
8.535042e-01
5.994637e-01
9.593571e-01
6.162347e+00
8.177496e-01
1.112627e+00
1.150549e+00
2.419229e+00
2.901501e+00
2.879609e+00
3.334742e+00
3.129272e+00
3.026973e+00
4.533277e-01
1.118695e+00
3.946886e-01
1.174604e+00
3.548060e-01
3.257769e+00
7.114205e-01
3.665586e+00
1.290438e+00
1.595525e+00
9.767486e-01
3.629056e-01
3.899887e-01
1.294260e+00
1.002077e+00
9.299889e-01
1.693001e+00
7.172102e-01
8.758856e-01
5.479490e+00
8.946820e-01
3.974744e-01
5.426104e-01
1.350261e+00
2.232439e+00
5.630860e+00
1.163270e+00
9.310035e-01
2.440433e+00
3.222898e-01
8.822400e-01
5.977767e+00
8.632954e-01
2.215811e+00
5.789511e-01
1.581878e+00
6.848685e+00
4.812137e-01
1.061317e+00
1.275007e+00
6.918850e-01
7.094019e-01
5.310495e-01
4.335102e-01
3.861876e+00
2.653955e-01
3.095216e-01
1.735944e+00
6.988446e-01
7.676078e-01
5.569659e-01
1.061809e+00
5.244152e+00
1.787470e+00
6.807709e-01
5.035195e-01
2.190343e-01
1.016276e-01
4.904113e-01
1.672327e+00
4.843157e-01
7.091952e-01
6.483457e-01
3.883444e+00
1.132767e+00
1.013644e+00
7.043225e-01
1.974457e+00
7.338895e-01
1.836442e-01
2.790407e+00
1.694044e+00
5.335716e-01
1.189319e+00
3.277808e+00
1.988936e+00
2.545028e-01
4.428835e-01
4.719428e-01
1.247025e+00
2.868791e-01
3.142804e+00
4.012755e-01
9.167337e-01
2.296355e+00
6.819188e-01
1.076030e-01
2.468743e-01
6.338836e-01
9.667057e-02
7.213855e-01
2.770545e+00
1.491228e+00
1.095826e+00
1.248398e+00
7.773979e-01
9.147100e-01
4.858728e-01
2.942350e-01
1.824553e+00
1.226227e+00
1.796110e+00
2.281971e+00
9.665335e-01
1.121709e+01
8.975800e-01
1.464026e-01
1.609598e+00
1.815002e+00
3.979220e+00
1.119064e+00
3.625049e+00
3.539705e+00
1.213319e+00
9.943809e-01
4.286272e-01
1.473162e+00
8.411837e-01
1.726190e+00
1.473878e+00
4.184265e-01
9.469255e-01
1.132610e+00
1.574951e+00
2.252644e+00
9.527848e-01
3.073926e-01
4.940187e-01
1.273199e-01
5.772607e-01
6.869725e+00
1.057680e+00
4.638715e-01
3.907719e+00
9.152908e-01
2.429935e+00
1.040669e+00
5.667614e-02
3.183985e-01
3.707702e+00
2.935855e-01
1.015746e+00
1.646480e+00
4.300590e-01
3.483787e-01
1.118078e+00
1.032174e-01
2.494577e+00
2.008191e-01
1.814440e+00
2.928817e-01
7.043726e-01
3.902393e+00
1.318030e+00
8.846079e-01
5.719901e-01
2.391478e+00
4.553586e-01
6.109689e-01
6.041474e-01
2.461780e-01
2.028206e+00
1.429171e+00
6.586816e+00
4.256710e+00
5.626031e-01
2.131070e+00
2.760192e+00
4.324119e+00
9.285862e-01
3.394045e-01
2.311126e+00
1.838973e-01
2.617664e+00
9.209889e-01
7.120510e-01
4.265266e-02
6.058537e-01
1.925563e-01
2.914764e-01
2.036461e-01
2.408896e+00
6.591360e-01
2.227304e+00
5.139658e-01
4.500279e-01
3.531002e+00
3.639165e+00
1.093135e+00
2.779185e-01
5.031465e-01
3.079854e-01
3.192032e-01
3.902722e-01
7.868276e-01
1.030727e+00
8.358013e-01
2.829271e+00
2.131984e+00
5.266080e-01
1.050617e+00
8.665096e-02
9.770927e-01
8.137137e-01
3.754845e-01
1.018336e+00
2.522430e-01
1.181362e+00
2.833490e-01
3.387192e-01
6.063594e-01
6.147752e-01
1.553464e+00
6.968127e-01
4.121539e-01
5.392049e-01
9.858151e-01
2.513200e+00
1.255479e+00
1.843196e+00
3.626733e+00
2.796164e+00
5.843111e+00
3.292807e-01
6.997672e-01
1.109920e+00
3.214203e+00
4.071556e+00
4.132002e-01
8.388076e-01
5.967134e-01
7.015291e-01
5.120113e-01
3.589958e-01
3.821863e+00
3.188342e-01
6.539306e-01
1.965860e-01
8.138003e-01
6.233781e+00
3.462185e-01
1.022621e+00
7.586134e-01
6.931583e-01
2.725182e+00
4.905625e-01
8.282792e+00
3.016919e+00
4.108335e+00
7.504670e-01
3.984944e-01
1.105478e+01
1.922517e+00
2.404029e-01
9.795470e-01
3.111436e-01
6.767723e-01
9.245965e-01
1.429510e+00
3.108298e-01
6.110417e-01
2.658147e-01
1.292327e-01
7.066686e-01
1.839718e+00
9.933817e-01
2.952344e-01
2.987967e-01
5.415822e-01
1.200609e+00
5.796666e-01
2.038028e+00
6.797115e-01
8.491490e-01
4.047117e-01
6.020372e-01
2.943896e-01
1.101602e-01
4.701998e+00
7.548676e-01
1.475831e+00
5.748907e-01
3.557270e+00
2.390555e+00
1.338054e-01
2.497547e-01
3.864849e+00
5.232428e-01
2.877657e+00
2.529939e+00
1.654956e+00
3.057189e+00
9.609449e-01
5.300204e+00
4.059387e-01
1.663917e+00
5.589833e+00
7.535123e+00
5.135217e-01
4.302276e-01
3.504571e-01
3.402155e+00
3.609567e-01
2.673383e+00
1.437285e+00
3.474288e+00
1.612421e+00
7.553712e-01
6.268146e-01
7.657347e-01
1.548951e+00
8.840050e-01
2.698806e+00
3.775315e-01
1.077093e+00
5.317558e-01
1.051725e+00
2.258736e+00
7.938669e-01
4.985570e+00
1.131235e+00
3.590239e+00
1.216610e+00
2.747013e+00
9.309281e-01
1.124380e+00
1.040830e+00
2.326673e+00
6.936634e-01
2.827035e-01
2.721370e-01
8.615236e-01
1.500549e+00
2.217488e+00
4.822260e-01
1.628303e+00
3.528469e-01
1.790970e+00
1.639340e+00
3.041490e-01
8.966585e-02
8.433847e-01
3.989274e+00
1.783329e-01
2.541633e-01
4.882212e-01
1.291250e-01
8.421114e-01
2.000819e+00
8.497306e-01
1.081095e+00
8.949293e+00
8.644517e+00
5.486702e-01
1.755860e+00
1.958383e+00
6.484008e-01
6.610924e-01
5.057057e+00
2.052489e+00
1.777363e+00
7.776908e-01
1.326086e+00
4.052615e-01
1.191457e+00
7.028151e-01
1.027820e+00
8.628523e-01
1.504453e-01
1.167994e+00
5.474406e-01
1.999075e+00
1.751609e+00
1.470740e+00
4.619978e-01
1.084314e+00
2.556728e-01
1.347553e+00
7.683952e+00
5.881631e+00
5.534258e+00
4.275154e+00
7.723291e-01
6.682501e-02
2.837347e+00
2.928639e+00
1.460732e+00
5.561994e-02
1.282106e+00
1.497565e+00
1.639998e+00
1.426906e+00
3.358865e-01
3.479422e-01
7.135027e-01
1.692580e+00
1.192842e+01
3.231721e+00
5.093855e-01
6.617994e-01
4.277675e-01
1.972484e+00
8.217697e-01
1.455706e+01
2.165049e-01
5.425997e-01
6.657973e-01
4.312632e-01
2.255244e+00
1.382067e+00
8.604472e-01
2.817332e-01
1.462954e+00
1.003741e+00
1.932415e+00
1.489619e+00
6.692627e-01
1.568947e+00
7.005946e-01
1.003320e+00
2.439983e-01
7.564478e-01
5.757975e+00
1.266012e+00
2.957269e+00
8.882463e-01
1.382342e-01
2.354688e-01
1.925025e+00
5.305857e-01
1.081915e+00
4.195860e-01
1.501118e+00
1.921448e+00
9.936447e+00
3.073782e+00
3.225768e+00
5.325326e-01
2.599300e+00
8.614572e+00
9.752130e-01
4.887947e-01
3.140749e+00
6.527955e-01
1.587930e+00
2.335666e-01
3.048404e+00
3.494111e+00
2.400915e-01
8.971563e+00
5.534974e-01
1.024461e+00
5.618489e+00
9.936071e-01
9.211129e-01
9.622095e-01
4.692333e-01
4.151608e+00
7.066221e-01
1.895769e-01
1.311224e+00
3.005535e+00
3.554041e-01
2.598793e+00
6.027920e-01
6.287882e-01
7.609925e-02
5.457387e+00
1.153024e+00
2.916096e+00
4.670495e-01
8.137352e-01
1.315721e+00
1.042284e+00
4.998819e-01
1.205975e+00
2.457144e-01
5.919876e-01
2.479970e+00
9.897211e-01
6.699687e-01
8.430593e-01
4.901010e+00
1.476456e+00
1.909189e+00
2.601135e+00
2.769302e+00
7.422364e-01
2.460898e+00
5.579153e-01
5.532362e+00
5.197938e-01
4.344678e-01
1.928318e-01
2.688314e+00
4.652304e-01
1.763984e+00
5.752076e-01
1.351947e+00
5.110532e+00
1.004422e+00
9.067699e-01
3.310553e+00
8.043828e-01
1.224925e+00
7.751473e-01
1.701467e+00
7.673720e-01
1.423944e+00
7.172831e-02
2.926919e-01
5.866525e-01
1.244743e+00
3.019563e+00
3.128013e+00
1.334023e+00
1.213594e+00
3.916762e-01
4.623404e+00
1.819239e+00
3.461464e+00
2.961964e+00
5.898296e-01
2.099135e+00
8.635054e-01
4.561985e+00
5.734634e+00
2.543003e+00
2.538648e-01
1.145943e+00
5.992085e-01
1.890987e-01
3.756794e+00
3.908865e+00
1.785987e+00
3.983971e+00
1.333187e+00
2.044788e+00
2.677614e-01
1.512653e-01
3.192929e-01
6.598108e-01
1.779007e+00
9.384477e-01
1.391546e+00
3.462042e-01
3.256183e+00
3.633969e+00
1.139557e+00
3.408905e+00
2.355180e-01
1.995303e-01
8.335567e-02
5.016770e-01
1.495326e+00
9.234386e-01
8.557253e-01
7.305932e-01
1.465412e+00
2.900393e+00
4.162044e+00
1.233964e+00
1.216333e+00
8.294810e-01
1.184204e+00
4.650058e-01
1.572282e-01
7.124479e-01
1.781792e+00
1.302097e+00
3.266945e-01
2.592019e-01
4.903346e-01
2.581089e+00
1.884079e-01
7.426587e-01
9.936770e-01
4.778673e-01
8.471048e-01
4.346880e-01
7.620847e-01
9.231373e-01
4.346819e+00
4.560015e-01
6.851004e-01
3.255728e+00
1.499973e+00
2.615020e-01
7.586578e-01
5.304003e-01
8.257179e-01
4.466877e+00
2.100008e+00
1.963174e+00
2.082256e+00
5.601261e-01
2.770085e+00
1.114081e+00
8.598577e-01
1.358172e+00
1.379067e+00
3.136783e+00
3.259749e-01
1.301996e+00
1.670734e+01
1.878102e+00
3.309459e-01
4.336756e-01
9.269495e-01
1.246068e+00
4.598507e+00
7.825299e-01
6.082078e-01
8.502471e-01
6.383895e-01
1.597118e+00
2.062753e+00
2.208573e+00
3.217031e-01
1.564004e+00
1.219919e-01
1.301219e+00
3.639193e-01
1.876635e+00
3.458689e+00
4.705194e-01
9.758786e-02
3.641410e+00
7.346956e-01
1.648308e+00
4.150414e+00
2.199248e-01
7.902476e-01
4.179946e-01
2.664826e+00
5.613363e-01
3.729436e-01
2.381706e+00
1.645931e-01
6.835834e-01
1.694300e+00
8.936465e-01
3.738407e-01
1.237750e+00
2.302458e+00
1.718956e+00
1.385039e+00
4.594435e+00
2.627946e-01
3.019002e+00
2.337713e+00
4.126175e+00
3.938422e-01
2.924815e+00
2.201644e+00
2.365036e+00
5.868563e-01
9.649799e-01
4.983051e-01
1.444295e+00
1.663579e+00
4.288583e+00
8.164125e-02
3.798884e-01
2.013893e+00
8.611228e-01
1.008069e+00
4.237675e+00
1.516137e+01
2.077236e-01
6.512277e+00
1.531787e+00
1.229757e+00
1.490121e+00
7.907836e-01
2.671271e+00
3.252576e+00
4.457710e+00
1.307780e+00
3.131198e+00
1.150758e+00
1.203669e+00
7.407605e-01
1.060288e+00
5.155732e-02
6.178723e-01
5.775034e-01
3.684674e-01
1.396425e+00
1.993846e+00
4.128715e-01
9.761163e-01
5.955292e-01
6.439457e+00
2.169070e+00
1.036871e+00
1.411599e+00
4.630928e-01
4.676690e-01
7.643225e-01
7.232034e-01
3.813266e+00
2.150795e+00
4.084246e+00
3.512341e-01
1.274166e+00
6.166019e-01
1.029658e+00
3.557561e-01
3.009597e+00
1.631030e+00
3.199998e-01
6.972671e+00
8.243924e-01
5.690505e-01
1.056241e+00
1.395014e+00
4.421876e+00
4.485952e-01
2.832180e-01
6.590108e-01
1.923974e-01
5.234319e-01
7.665750e-01
8.270041e-01
1.820220e-01
1.289194e+00
6.730438e-01
4.525170e-01
1.246311e+00
1.363133e+00
2.776019e+00
1.280152e+00
1.562170e+00
4.160191e-01
9.906275e-01
3.151439e-01
2.261669e+00
2.741601e-01
3.145066e-01
1.854670e-01
6.331054e-01
4.960486e-01
8.702193e-01
1.777164e-01
3.013670e-01
1.175897e+00
7.569156e-01
1.163178e+00
3.615547e+00
1.615120e+00
4.958823e-01
8.467034e+00
1.572676e+00
1.238242e+00
1.538252e-01
2.409036e+00
7.904924e-01
1.185141e+00
1.475259e+00
7.291057e+00
3.439313e-01
2.871643e+00
9.871148e-01
2.006297e+00
1.697545e+00
1.902383e-01
6.655139e-01
5.646269e+00
2.284121e+00
4.073709e-01
2.315384e-01
1.412837e-01
4.902162e-01
1.088550e+00
7.439088e-01
9.319649e-01
1.934213e-01
1.630826e+00
6.335601e-01
2.208695e+00
3.334341e+00
5.501314e-01
6.523455e-01
1.999172e+00
3.043650e-01
1.907620e+00
6.535496e-01
3.202715e+00
7.743005e-01
2.986597e-01
2.837178e+00
8.661839e-01
2.574731e-01
4.591058e-01
1.372222e+00
8.722774e-01
1.132275e+01
2.409173e+00
9.607341e+00
6.006349e-01
2.381778e+00
1.424375e+00
4.723648e-01
4.115578e+00
1.737977e+00
1.044671e+00
5.012607e+00
1.550036e+00
2.786475e-01
6.563816e-01
2.494602e+00
1.658447e+00
2.884744e+00
2.297183e+00
2.583052e+00
9.999034e-01
8.077586e+00
1.593736e+00
2.552854e+00
6.448157e-01
1.061619e+00
8.601797e-01
3.402921e-01
3.779834e-01
1.392914e+00
1.070054e+00
1.845998e+00
5.537096e-01
2.180020e+00
5.157444e-01
3.262941e+00
2.808536e-01
4.868070e+00
8.073036e-01
1.227925e-01
8.041220e-01
5.862401e+00
2.415951e+00
1.279757e+00
1.182337e+00
4.634063e+00
8.224856e-01
6.100456e-01
7.789794e-01
1.428612e-01
5.985502e-01
4.762819e-01
4.680630e+00
8.233994e-01
7.017442e-01
4.067543e-01
6.175904e-01
4.100347e-01
8.215900e-01
1.321235e+00
4.662924e+00
8.841527e-01
2.357904e+00
1.081665e+00
6.571466e-01
9.890747e-01
1.719512e-01
1.212986e-01
1.507373e+00
1.572541e+00
1.114819e+00
2.591512e-01
6.894774e-01
6.671910e+00
1.611600e+00
1.758353e+00
8.838567e-01
5.317975e-01
2.227556e-01
1.069074e+00
1.153947e+01
9.193405e-01
3.953512e+00
1.098732e-01
7.087026e-01
1.054159e+00
9.019792e-01
9.906244e-01
7.861521e-01
4.919563e-01
2.428642e+00
2.794160e+00
1.158750e+00
4.120797e+00
4.374653e-01
1.250517e+00
9.206101e-01
7.006756e-01
1.418688e+00
5.039484e-01
8.476069e-01
7.350805e+00
1.050201e+00
7.466273e+00
4.032386e-01
5.481091e+00
5.640965e-01
6.118661e-01
1.803255e+00
3.951188e-01
1.214805e+00
6.690320e+00
4.288538e+00
4.357639e+00
2.848882e+00
8.072882e-01
8.015957e-01
1.163608e+00
7.555950e-01
3.674595e-01
4.604841e+00
5.942167e-01
3.778012e-01
7.862959e-01
5.987094e-01
4.616508e+00
1.553861e+00
1.677142e+00
4.862212e-01
1.505175e+00
7.865535e-01
1.489865e-01
2.604842e+00
3.671915e+00
2.691175e+00
3.507163e-01
4.785318e-01
8.079216e-01
5.553689e-01
2.286847e-01
3.104509e+00
1.680488e+01
1.879718e+00
1.902435e+00
3.571507e+00
2.512452e+00
1.352923e+00
3.928785e+00
5.794130e-01
1.242961e+00
1.254974e+00
3.791399e+00
4.229719e-01
3.468281e+00
8.227310e-01
4.618344e+00
2.903545e-01
3.053312e-01
4.338390e-01
1.614342e+00
1.892124e-01
1.224459e-01
4.307360e-01
3.879207e-01
6.667280e-01
3.749446e-01
1.779142e+00
1.171419e+00
1.607766e+00
1.496837e+00
3.074075e+00
4.862368e-01
8.946444e-01
3.921202e+00
1.460914e+00
4.672413e-01
3.699196e-01
1.285424e+00
1.323158e+00
8.714108e-01
7.833786e-01
1.006449e+00
9.305755e-01
4.762095e+00
3.085523e-01
4.789581e-01
6.251631e-01
4.264452e-01
2.154136e-01
3.011340e+00
1.092687e+00
2.943198e+00
2.278261e+00
1.133657e+00
4.388031e-01
3.053148e+00
4.954715e-01
2.499701e+00
2.545313e-01
1.443129e+00
2.897455e-01
9.943729e-01
6.758603e-01
3.490152e+00
3.263227e+00
2.226990e+00
2.849217e+00
9.356772e-01
2.725851e+00
2.196591e-01
2.326590e+00
6.875997e+00
7.921020e-01
7.814576e-01
5.093566e+00
1.308056e+00
4.134974e+00
3.331228e+00
1.998676e+00
2.087462e-01
1.397124e+00
1.041935e+00
6.748360e+00
4.140699e+00
7.621007e-01
2.307817e+00
1.038916e+00
6.734407e-01
1.604140e+00
1.949797e+00
5.149695e+00
6.519317e-01
5.517131e-01
5.449718e-01
1.640385e+00
2.423943e+00
2.576403e-01
2.515533e-01
1.874977e+00
1.026061e+00
1.408038e+00
3.210683e+00
7.821104e-01
9.078243e-01
1.120051e+00
9.476510e-01
2.002942e-01
1.337697e+00
2.013685e+00
2.228523e-01
9.714950e-01
3.936305e-01
5.097303e-01
5.292474e-01
4.948944e-01
1.241825e+00
2.232725e+00
1.317042e+00
1.528686e+00
1.914734e+00
4.442653e-01
2.526517e-01
7.582134e-01
7.845286e+00
1.414120e+00
1.378174e+00
1.205336e+00
9.347228e-01
2.178563e+00
3.714654e-01
1.415526e-01
1.991965e+00
1.682957e-01
1.069741e+00
2.795343e+00
9.206780e-01
3.062222e+00
8.721759e-01
1.279059e+00
2.294781e-01
4.274089e-01
5.423486e-01
4.517140e-01
4.644758e+00
2.931025e-01
3.739477e+00
1.743641e+00
2.969556e-01
1.375406e+01
6.948040e-01
3.001515e-01
7.784263e-01
1.853977e-01
6.437118e+00
2.690135e+00
3.018322e-01
3.127023e-01
1.134580e+00
3.041701e-01
1.103695e+00
2.269675e+00
2.279549e-01
6.577995e-01
1.043033e+00
7.357605e-01
5.851148e-01
1.875111e+00
1.129823e+00
8.387324e-01
9.007291e-01
2.364522e+00
1.237817e+00
1.230968e+00
5.879605e-01
9.328031e-01
2.206951e+00
2.269497e+00
2.028744e+00
3.909168e+00
9.501343e-01
2.317213e+00
6.230089e-01
5.547880e+00
2.192123e+00
3.727616e+00
1.816018e+00
4.795058e-01
3.255645e+00
3.324460e+00
7.535978e+00
6.154259e-01
8.494449e-01
4.512630e-01
5.012116e-01
2.879451e-01
3.059252e-01
4.850295e-01
1.359260e+00
5.733941e-01
1.430305e+00
1.714741e+00
1.558181e+00
8.378772e-01
2.903114e-01
7.341237e-01
1.820703e+00
3.745010e-01
4.412704e-01
1.905842e-01
1.855198e+00
2.041936e+00
2.560368e+00
9.414358e-01
3.158551e+00
2.081228e-01
3.450719e-01
4.119157e-01
4.142969e-01
1.271642e+00
2.812270e+00
8.768378e-01
1.651703e-01
2.090512e+00
8.508457e-01
3.458803e+00
2.128836e-01
1.640647e+00
5.067539e+00
2.551443e+00
7.286236e-01
1.833632e+00
3.058115e+00
8.513888e-01
5.263745e-01
8.162250e-01
7.450150e-01
2.770682e+00
1.568533e+00
1.733603e-01
1.214223e+00
4.868373e-01
7.933803e-01
2.116372e-01
1.140142e+00
3.033473e+00
1.224757e+00
1.314866e+00
3.670811e+00
8.389008e-01
2.240737e+00
1.502619e+00
1.988184e+00
7.451514e-01
4.224832e-01
3.224397e-01
1.030023e+00
1.334876e+00
2.800641e-01
7.479135e-01
2.499894e-01
5.633368e-01
3.175660e+00
2.815191e-01
1.666138e+00
3.697252e-01
1.336378e+00
9.996789e-01
1.193171e-01
1.181107e+00
5.972686e-01
2.579927e+00
9.144392e-01
4.126492e-01
1.754956e+00
1.530096e-01
2.169662e+00
4.366486e-01
1.811024e+00
1.378509e+00
2.300833e-01
1.788653e+00
5.107230e+00
3.835555e+00
2.935898e+00
9.139875e-01
5.921870e-01
9.709910e-01
8.339901e-01
9.064303e+00
8.894572e-01
1.345379e+01
4.356167e-01
8.100763e-01
1.959109e-01
2.573679e+00
1.382073e+00
5.074952e-01
3.802120e-01
3.860326e-01
1.424893e+00
6.816371e+00
1.145075e+00
1.887584e+00
2.751608e-01
7.961773e-01
4.782132e-01
3.949550e-01
1.172547e+00
9.529229e-01
1.070509e+00
3.825163e+00
5.589816e-01
1.686083e+00
1.163986e+00
3.689243e+00
7.507446e-01
2.123660e+00
2.563941e-01
1.341936e+00
4.148528e+00
4.026003e-01
3.788341e+00
9.801350e-01
1.678837e-01
1.586328e+00
1.202710e+00
1.520442e+00
7.065549e-01
2.884941e+00
1.456017e-01
2.438094e+00
1.202049e+00
3.285573e-01
5.504904e-01
1.503578e+00
1.382916e+00
1.244360e+00
1.074420e+00
7.134681e-01
2.041170e+00
3.610060e-01
7.871205e-01
5.799399e-01
8.588705e-01
1.638907e-01
1.586502e+00
5.423595e-01
1.627599e+00
3.008221e+00
3.361525e-01
3.009967e-01
4.283380e-01
1.822561e+00
8.202602e-02
4.662761e-01
1.351998e+00
1.213411e+00
1.167645e+00
1.198379e+00
2.112481e-01
2.539286e+00
2.505138e-01
1.650875e+00
2.962495e+00
1.230879e+00
2.041790e-01
3.791084e+00
1.283670e+00
2.892033e-01
4.078421e-01
6.198907e-01
2.835180e+00
6.003028e+00
1.059813e+00
6.781981e-01
1.280724e+00
3.635349e+00
3.693346e-01
5.906308e-01
3.800773e-01
1.390659e+00
1.800194e+00
5.177198e+00
1.371089e+00
9.454920e-01
9.259267e-01
1.372663e+01
7.356801e-01
1.328977e-01
6.634545e-01
1.054281e+00
5.751603e-01
1.884572e+00
9.532209e-01
1.073767e+00
8.727854e-01
1.779091e+00
6.552638e+00
3.545389e+00
4.716441e+00
7.616657e-01
4.224180e+00
5.853304e-01
1.610016e+00
2.604595e-01
3.528713e-01
4.417042e-01
1.150378e+00
2.003418e-01
1.183027e+01
6.193797e-01
1.445217e+01
2.576781e-01
6.929134e+00
5.554207e-01
1.035752e-01
1.780498e+00
1.890067e+00
3.552739e+00
4.897795e-01
1.503545e+00
6.633601e-01
3.961524e-01
1.758630e-01
1.818641e+00
1.063152e+00
1.863604e+00
4.502135e-01
7.231312e-01
7.612568e-01
1.820104e+00
1.124339e+00
4.348119e-01
2.206915e-01
1.165608e+00
5.233017e-01
1.589168e-01
5.008200e+00
1.153377e+00
5.405862e+00
4.421954e-01
1.141356e+00
2.001583e+00
1.857694e+00
6.745649e-01
9.113687e-01
3.238720e+00
3.910966e+00
6.420101e-01
1.262923e+00
7.380996e-01
1.627344e+00
4.173161e-01
6.526761e+00
1.150818e+00
4.470242e-01
1.283525e+00
5.767606e-01
1.589851e+00
1.051791e+00
1.373513e+00
1.304850e+00
9.720312e-01
2.059918e+00
3.093504e+00
2.141784e+00
4.418718e-01
4.395379e+00
9.180741e-01
9.651470e-01
1.066115e+00
1.057841e+01
9.612480e-01
1.453938e+00
2.954360e-01
4.496538e+00
4.148543e-01
6.415667e-01
1.107786e+00
3.015852e-01
1.074868e+00
3.087187e+00
2.671237e-01
7.497842e-01
1.183810e+00
6.718113e-02
7.509894e+00
7.113404e-01
2.680317e+00
1.454741e+00
7.501550e-01
6.070397e-01
6.123799e-01
1.619719e+00
1.024404e+00
4.788868e-01
7.581297e-01
1.819606e+00
1.916904e+00
1.248704e+00
4.809188e+00
3.103216e-01
4.737012e-01
3.063303e-01
9.189927e-01
1.292209e+00
2.949517e-01
2.136290e+00
2.583937e-01
2.085032e+00
4.056247e-01
4.398694e-01
5.228814e-01
3.556358e-01
7.504679e+00
3.799712e-01
4.638124e+00
1.312875e+00
7.139641e-01
2.046227e+00
1.422354e+00
5.814259e-01
1.521331e+00
1.087620e-01
5.813620e-01
9.497992e-01
2.796192e+00
2.839423e+00
7.082760e-01
6.901786e-01
3.330713e-01
3.894747e-01
1.282179e+00
4.503202e-01
8.449913e+00
2.918270e+00
3.874681e+00
3.691230e-01
3.460883e-01
1.201123e+00
1.114728e+00
1.350891e+00
4.951502e+00
2.325824e-01
4.496190e+00
1.592752e-01
4.701544e-01
2.769240e+00
2.778525e+00
6.476933e+00
1.140930e+00
2.177234e+00
3.726218e-01
6.898647e-01
5.343878e-01
1.482973e+00
4.154900e+00
7.956888e-01
7.213904e-01
4.408299e+00
5.034967e-01
1.773634e-01
1.179736e+01
1.726083e+00
1.591104e+00
1.453448e+00
2.136442e+01
3.919041e-01
8.837905e-01
1.265024e+00
2.582746e+00
1.378529e+00
1.070145e+01
1.219308e+00
1.032643e+01
1.006349e+00
1.124533e+00
1.277330e+00
7.241650e-01
3.334943e-01
7.134256e-01
1.844461e-01
3.709312e-01
2.042290e-01
2.064728e+00
6.036234e-01
3.140324e+00
2.829292e+00
1.172415e+00
6.053840e-01
8.528951e-01
1.544109e+00
7.158599e-01
5.159954e-01
1.371008e+00
7.498613e-01
2.129441e+00
1.774501e+00
2.952008e+00
1.422927e+00
5.492390e-01
1.426299e+00
2.702724e+00
3.842026e-01
1.141686e+00
1.605901e+00
8.664178e-01
2.337556e-01
3.018167e+00
1.386877e+00
1.154668e-01
3.162600e+00
3.119748e-01
1.041616e-01
1.174389e+00
1.104065e+01
2.831779e-01
5.290871e-01
4.334150e+00
1.027312e+00
3.583531e-01
4.535566e-01
3.240443e+00
3.639374e+00
2.274338e-01
2.036141e-01
1.183724e+00
2.196331e+00
6.331552e-02
9.346923e-01
1.160624e+00
3.960053e+00
1.295187e+00
3.944375e-01
1.418589e+00
7.283714e-01
1.750063e+00
4.933690e-01
9.818121e-01
1.058865e+00
5.694936e-01
1.156904e+01
7.575904e-01
1.901936e+00
3.321719e+00
9.977280e-01
3.570728e-01
1.878076e-01
2.952735e+00
7.008896e-01
3.368182e-01
1.928441e+00
3.500704e-01
8.956072e+00
9.076476e-01
1.812135e+00
1.467346e+00
1.356850e+00
6.941477e-01
2.100210e+00
1.586877e+00
1.201873e+00
9.241039e-01
1.243811e+00
1.275505e+00
4.230963e-01
1.025693e+00
6.213327e-01
5.038683e-01
1.689741e-01
4.780831e-01
3.887742e+00
3.005181e-01
3.486758e+00
3.193848e+00
2.781491e+00
8.113365e-01
1.919436e-01
5.837652e-01
1.541599e+00
4.695806e-01
1.033078e+00
2.829286e+00
1.353527e+00
5.534849e-01
3.269531e+00
3.401257e+00
5.267021e-01
2.693598e-01
1.971963e+00
1.622414e+00
1.704611e+00
6.939777e-01
7.032048e-01
4.970724e-01
3.061894e-01
1.985726e+00
3.412330e+00
2.144692e+00
2.838435e+00
1.171968e-01
9.426536e-02
9.257162e-01
4.003419e+00
5.433638e-01
1.377132e+00
4.245487e-01
1.784576e+00
6.588409e-01
3.272590e+00
2.230768e-01
1.976338e-01
2.304196e-01
1.287495e+00
1.403167e+00
1.556686e+00
8.824291e-01
2.935431e+00
2.509246e+00
4.129769e+00
1.470084e+00
4.519077e-01
5.207126e-01
4.833562e-01
1.109148e+01
1.388218e-01
1.661233e+00
1.241413e+00
3.263346e-01
1.174772e+00
2.433029e+00
1.858687e+00
1.358611e+00
1.180723e-01
1.929034e+00
5.806028e-01
2.557898e+00
3.634044e+00
7.634494e-01
9.274976e-01
6.204158e+00
3.152398e+00
3.929165e-01
2.985905e-01
2.537394e+00
1.698435e+00
2.412402e+00
2.511186e+00
1.243922e+00
1.101478e+00
2.746746e-01
4.494212e-01
1.092949e+00
6.370546e+00
6.380246e-01
3.832407e+00
2.564988e-01
7.130753e-01
1.462317e+00
1.106079e+00
3.916285e-01
4.349343e-01
2.262376e+00
3.136203e-01
5.439231e-01
6.103484e+00
1.338878e+00
2.440693e+00
5.791264e-01
3.206012e+00
6.979243e+00
1.375949e+00
3.095057e-01
1.162640e+00
2.113433e+00
7.256281e-01
3.457004e+00
1.305940e+00
7.428124e-01
2.786721e-01
2.725302e+00
8.096798e-01
2.485615e+00
1.446479e+00
2.670378e-01
1.050106e+00
1.105100e+00
1.214231e+00
2.259367e+00
1.184652e+00
1.510871e+00
9.248735e-01
9.596804e-01
2.431987e-01
2.863354e+00
4.816060e-01
1.216464e+00
1.256964e+00
8.972276e-01
2.171662e+00
2.313539e-01
3.331258e+00
1.031650e+00
2.964073e-01
1.819996e+00
1.727033e+00
1.539877e+01
2.504762e+00
1.028162e+00
6.866432e-01
6.058138e-01
3.707038e+00
2.688256e-01
2.786747e+00
5.422631e+00
1.224162e-01
8.075197e-01
1.668583e+00
1.549215e+00
4.186118e+00
2.535221e+01
2.001288e+00
8.813448e-01
2.408121e+00
1.023803e+00
6.997936e-01
2.070326e+00
7.394088e-02
3.005884e-01
2.224673e+00
7.934433e-01
1.343859e+00
1.014161e+00
5.900961e-01
3.526730e+00
3.304031e+00
7.887761e-01
3.737316e-01
2.433376e+00
7.028766e+00
3.573695e-01
2.414651e-01
4.611792e-02
5.464927e+00
6.166381e-01
3.021635e+00
3.465763e+00
4.885516e-01
4.396295e-01
4.506550e-01
1.363383e+00
1.340351e+01
1.049800e+00
9.011752e-01
1.230780e+00
1.130866e+00
1.288676e+00
4.366415e-01
5.901285e-01
1.246629e+00
1.117354e+00
1.753681e-01
6.940722e-01
5.697994e-01
9.059156e-01
3.059468e-01
9.894528e-02
2.908337e+00
1.545226e+00
1.938499e-01
1.238276e+00
1.723268e+00
1.102667e+00
6.358543e+00
9.020146e-01
2.468339e+00
1.010664e+00
3.957335e+00
9.798768e-01
7.177996e-01
5.475069e+00
2.862226e+00
5.682451e+00
3.824532e+00
7.957404e-01
1.278457e+00
1.080367e+00
2.064818e-01
5.369150e+00
5.080330e+00
9.575551e-01
1.231077e+00
5.778049e-01
6.305841e-01
2.291357e-01
5.202386e-02
8.085579e-01
4.497302e-01
1.979959e+00
6.123927e-01
2.435102e+00
2.736675e-01
2.023509e+00
7.354361e-01
2.260582e+00
4.186493e+00
4.028333e-02
9.433119e+00
7.403977e-02
7.543376e+00
4.502910e-01
6.102676e-02
4.825204e-01
4.275476e-01
1.818586e+00
3.332455e+00
2.707675e-01
7.863827e-01
2.212361e+00
5.893712e-01
1.689110e-01
1.271042e+00
9.446732e-01
1.053134e+00
4.740604e-01
1.606955e-01
9.116367e-01
3.793125e-01
9.557567e-01
1.198090e+00
2.066224e+00
1.031735e+01
1.818585e+00
2.295817e-01
3.535065e-01
9.015180e-01
2.635432e-01
1.076308e+00
8.515040e+00
1.984381e+00
4.424801e-01
1.360105e+00
4.018414e-01
9.224384e-01
4.968115e-01
1.138261e+00
1.583653e+00
9.300371e-01
1.419101e-01
1.854462e+00
1.134790e+00
1.420872e+00
1.420270e+00
5.653715e-01
5.608877e-01
2.001985e+00
2.482953e+00
4.671329e-01
9.937672e-01
6.754248e-01
4.188746e+00
1.347711e+00
1.082002e+00
1.570987e+00
4.635927e-01
1.703340e+00
2.288864e+00
1.947739e+00
1.381762e+00
1.165540e+00
8.615950e-01
1.585368e+00
1.211321e-01
3.250397e+00
3.602460e+00
5.368041e-01
2.975271e+00
4.779705e-01
2.047079e-01
1.257829e+00
7.876945e+00
1.161192e+01
1.203445e+00
1.124944e+00
8.101458e+00
1.088564e+00
4.945536e+00
5.891920e-02
3.649463e+00
6.745806e-01
2.681825e+00
3.574456e+00
2.171679e+00
2.070576e-01
5.245805e+00
1.178627e+00
1.894329e+00
2.901601e+00
2.740694e+00
2.673261e-01
1.125845e+00
4.225681e-01
7.456940e-01
4.968264e-01
1.487971e+00
7.776042e-01
7.157866e-01
5.246204e-01
8.178141e-01
1.190745e+00
1.762825e+00
8.906463e-01
2.452455e-01
8.149629e-01
8.883693e-01
6.122642e-01
8.178474e-01
2.455975e-01
1.748890e+00
3.699095e+00
8.997981e-01
1.527300e+00
3.832584e-01
6.545075e-01
1.418626e+00
2.262259e+00
4.359102e+00
4.823256e-01
1.259825e+00
9.438528e-01
2.868629e-01
1.272533e+00
3.818371e-01
4.420109e+00
4.321986e-01
2.630480e+00
2.041492e+00
4.794905e-01
1.584676e+00
5.193691e+00
3.982180e-01
1.267515e+01
2.959746e-01
6.479333e-01
1.403964e+00
1.234119e+00
4.745568e-01
5.427245e+00
3.089580e-01
1.540253e+00
1.102078e+00
4.257217e+00
2.160621e+00
6.893333e-01
7.616892e-01
1.165731e+00
7.510400e+00
3.478747e-01
3.598408e-01
1.274548e+00
1.967218e+00
2.290931e-01
1.801595e-01
1.175562e+00
6.501053e-01
1.669962e-01
8.456667e-01
3.860861e-01
4.829297e-01
1.874288e+00
2.451144e+00
1.530337e+00
1.220814e+00
8.970544e-01
1.171149e+00
6.183946e-01
2.348166e+00
5.887195e+00
1.948880e-01
7.669753e-01
1.729295e+00
1.843158e-01
3.826378e-01
2.571886e-01
6.070820e-01
1.433648e-01
3.282657e-01
6.441344e-01
7.114942e-01
7.971905e+00
9.958249e-01
1.331444e+00
1.963901e+00
8.939894e-01
4.198100e+00
9.869444e-01
2.744607e+00
9.495148e-01
2.020543e+00
2.364425e-01
2.343348e+00
2.745600e+00
1.084058e+00
9.032316e-01
1.262933e+00
1.195094e-01
2.109028e+00
1.926674e+00
3.317543e+00
1.510746e+00
4.589253e-01
1.268731e+00
1.418113e-01
6.290521e+00
5.543933e-01
3.515490e+00
1.906512e-01
3.003008e+00
1.501968e-01
2.113683e+00
3.576584e-01
4.032092e-01
3.692425e-01
1.954074e-01
2.570014e-01
2.442164e-01
1.758105e+00
1.049219e+00
7.483819e-01
1.716153e+00
7.532441e-01
3.806199e-01
6.089874e-01
2.232680e+00
4.507038e-01
1.121375e+00
5.389138e-01
1.742794e+00
3.427834e+00
3.715382e+00
1.273381e+00
2.127803e-01
1.237588e+00
1.902701e+00
1.670963e+00
1.485172e+00
1.555318e+01
8.052557e+00
1.623196e-01
6.306610e+00
1.669307e+01
3.279664e-01
4.571877e+00
4.938916e-01
4.126181e-01
8.279319e-01
3.072691e+00
1.235501e+00
8.579873e-01
2.154768e+00
4.256807e-01
2.838379e+00
1.665322e+00
4.111759e-01
1.225966e+00
1.100748e+00
3.901178e+00
5.095452e-01
1.078036e+00
1.030191e+01
9.817211e+00
1.271053e+00
2.537327e-01
6.356233e-01
2.627094e+00
1.789973e-01
5.045362e-01
2.337780e+00
1.837824e+00
2.052149e-01
1.020579e+00
1.756450e-01
1.782849e+00
1.185364e+00
1.869522e+00
7.442150e-01
9.283030e-01
5.782755e-01
4.813606e+00
1.214573e+00
1.211202e+00
7.153762e-01
6.200492e-01
4.588917e+00
1.847020e+00
6.953682e-01
4.927479e-01
1.556268e+00
4.360609e-01
9.436344e-02
9.611164e-01
6.307631e-01
2.910924e-01
4.265759e+00
1.343166e+00
4.610725e-01
1.950429e+00
3.960830e-01
1.002947e+00
7.590485e+00
1.114499e+01
2.704501e-01
1.755713e+00
5.964991e-01
6.427949e-01
2.367969e+00
1.712881e+00
1.025942e+00
1.598204e+00
3.820218e+00
7.172904e-01
1.586031e-01
5.174267e+00
4.861784e-01
1.642573e+00
7.775636e-01
2.435358e-01
6.871917e-01
1.017654e+00
1.442369e+00
2.212331e+00
5.099852e-01
5.447744e-01
4.534191e-01
5.317615e-01
7.747569e-01
4.710905e-01
9.965020e-01
3.788286e+00
2.353106e+00
4.522414e-01
5.745864e-01
7.234959e+00
5.545138e-01
2.644259e+00
4.916213e-01
6.790800e-01
1.903416e+00
4.082877e-02
3.514720e-01
4.246209e-01
2.888445e+00
9.665968e-01
5.523132e-02
2.576307e+01
1.076900e+00
6.301438e-01
3.622417e-01
1.124700e+00
1.323013e+00
1.987905e+00
2.878750e-01
1.219869e+00
9.795178e+00
3.420951e+00
1.408329e+00
4.272171e+00
5.356280e+00
4.169793e+00
1.297203e+01
3.020694e+00
1.971411e+00
9.100179e-01
3.950654e-01
1.152404e+00
1.483114e+00
1.391288e+00
8.210060e-01
1.783656e+00
2.605402e+00
1.003738e+01
1.262850e+00
6.654909e+00
4.879194e-01
2.278308e-01
3.177743e-01
9.301768e-01
8.743887e-02
3.026012e+01
1.753580e+00
4.342914e-01
1.231218e+00
4.761131e+00
9.665401e-01
1.077568e+00
6.752893e-01
9.363665e-01
3.882437e+00
7.622527e-01
2.191511e+00
4.557801e-01
4.629188e-01
5.287806e+00
1.361978e+00
2.717815e-01
2.539146e+00
1.901014e+00
3.016371e+00
4.169738e-01
1.203026e+00
5.811376e-01
2.432693e-01
6.706540e-01
3.314650e-01
1.043619e+00
6.885516e-01
2.146527e+00
5.124338e-01
1.834528e+00
6.208820e-01
9.844029e-01
2.587222e+00
3.488791e+00
6.275838e+00
1.403561e+00
4.525029e+00
1.164929e+01
1.221924e+00
1.742564e+00
5.259121e+00
1.799422e+00
1.059999e+00
4.452728e-01
2.030229e-01
2.116470e+00
1.849688e+00
1.409905e+00
7.257357e-01
1.978191e+00
1.741203e-01
1.633176e+00
6.038257e-01
2.951037e-01
1.464210e+00
9.413086e-01
9.883960e-01
2.395936e+00
3.537999e+00
3.865730e+00
1.994659e+00
2.171142e-01
3.305194e+00
1.038146e+00
1.588165e-01
1.670677e-01
4.104435e-01
1.158833e+00
1.129725e+00
8.101929e+00
2.570999e+00
6.019740e-01
2.837891e-01
4.745854e-01
1.812736e+00
2.479371e-01
1.579223e+00
5.234472e-01
8.845400e-01
3.409656e-01
3.146751e+00
1.338614e+00
1.558272e+00
5.713993e+00
2.426195e+00
6.821971e-01
1.117594e+00
1.941474e+00
9.494670e-01
3.241036e-01
5.315926e-01
1.950972e-01
2.075522e+00
1.705149e+00
5.551200e+00
1.395148e-01
2.826427e+00
2.808597e+00
4.222226e+00
8.470225e-01
3.043230e-01
1.702297e+00
1.471112e+00
2.227892e-01
7.577986e-01
2.507628e+00
2.898447e-01
2.152419e+00
2.730767e+00
1.982049e-01
3.424944e+00
5.882623e+00
2.030549e+00
1.211432e+00
3.233650e+00
4.905737e+00
1.632922e+00
2.984926e-01
6.559382e-01
5.680560e-01
1.221049e+00
6.383042e-01
8.622575e+00
3.640665e+00
8.716970e-01
7.228481e+00
3.033091e+00
6.916070e-01
2.589450e-01
8.905300e-01
1.991324e-01
5.419380e+00
4.899041e+00
7.192450e+00
1.708656e+00
3.987776e-01
1.128677e+00
5.637111e-01
1.366016e+00
7.284638e-01
2.408100e-01
7.154172e-02
1.977881e+00
4.170927e-01
5.996607e+00
8.322559e-01
1.228837e+00
2.196357e-01
3.688990e+00
1.074029e+00
2.856169e+00
7.511622e-01
9.059197e-01
2.551738e+00
5.767306e+00
1.870994e-01
1.499441e+00
2.838266e-01
1.959152e+00
4.089021e+00
1.218319e+00
7.406650e-01
1.368310e+00
1.085238e+01
1.155999e+01
7.075104e-01
5.351980e-01
3.176001e+00
1.123269e+00
8.364378e+00
1.639180e+00
9.078725e-01
2.176657e+00
8.453085e-01
7.309456e-01
1.766070e+00
1.689885e+00
1.810618e+00
2.666364e+00
2.026795e+00
2.521370e+00
1.190325e+00
2.999332e+00
2.074070e-01
2.010644e-01
5.412262e-01
2.484304e-01
5.084897e-01
1.051800e+00
6.933108e-01
3.598003e-01
1.483311e+00
5.351450e+00
2.326547e+00
8.862339e-01
5.789054e-01
2.179139e+00
1.247898e+00
4.164680e-01
4.400175e-01
8.907865e-01
2.491094e+00
4.670113e-01
1.438799e+00
6.353896e-01
1.670295e+00
4.609540e+00
1.569151e+00
3.411236e+00
1.137694e+00
1.750766e-01
1.242407e+00
2.079174e+00
1.232965e+00
6.673048e-01
3.585187e+00
4.640214e-01
1.583622e+00
2.016163e+00
3.679952e-01
1.812578e+00
5.831120e-01
2.068451e+00
6.701843e+00
8.032562e+00
6.630646e+00
9.614645e-01
8.037305e-01
3.299974e-01
2.372043e+00
9.779922e+00
1.452199e+00
8.097277e-01
3.087438e+00
5.346271e-01
3.166818e+00
2.277967e-01
5.097702e-01
1.581160e+00
4.287902e-01
4.650338e-01
7.065957e-01
7.241834e-01
2.595499e-01
1.373236e+00
7.044879e-01
3.791938e-01
2.833552e+00
6.647357e-01
3.777270e-01
2.254245e+00
1.006792e+01
2.461628e-01
1.934711e+00
1.313370e+00
1.921355e+00
4.406835e-01
2.175415e-01
6.857600e-01
1.831225e+00
1.270416e+00
2.669291e-01
1.300212e+00
3.783975e-01
2.423716e+00
1.255545e+00
3.867993e+00
1.394296e-01
5.772758e+00
1.456740e+00
5.114493e-01
1.831948e+00
1.104013e+00
1.584681e+00
7.765960e-02
7.203227e-01
2.418553e-01
2.682431e+00
1.333359e+00
4.778895e+00
3.112204e+00
2.063540e+00
2.759624e-01
8.555092e-01
3.605485e-01
2.636762e+00
1.729621e+00
7.218442e-01
5.924895e-01
1.406429e+00
4.188666e+00
1.024117e+00
7.443588e-01
3.720825e-01
9.520699e+00
3.693441e-01
2.250905e+00
1.499683e+00
2.308907e+00
1.360562e+00
4.058579e-01
5.001647e-01
7.891623e+00
4.501776e-01
6.738584e-01
1.562411e+00
5.934082e-01
7.252267e-01
1.959029e+00
3.579049e-01
8.297144e-01
9.433126e-01
2.756253e-01
4.364883e-01
1.803927e+00
3.825219e-01
1.253787e+00
1.217736e+00
5.912404e+00
5.853526e-01
1.143696e+00
3.152199e-01
1.034805e+00
9.334845e+00
5.320416e-01
8.191192e-01
7.890757e-01
6.254269e+00
3.983595e-01
1.736763e+00
1.840970e+00
7.961542e+00
7.473686e-01
9.010934e-01
3.737512e-01
1.683458e+00
1.269766e+00
6.009406e+00
5.973956e-01
6.184104e+00
2.387082e-01
2.049777e+00
1.398188e+00
8.898699e-01
1.340773e+00
2.522449e+00
4.372974e+00
1.956221e+00
2.409484e+00
1.383221e+00
3.499055e+00
1.009641e+00
2.576752e-01
2.780080e+00
2.911084e+00
2.108760e+00
7.165130e+00
5.305272e-01
3.066021e-01
1.851062e-01
1.581051e+00
5.031115e-01
4.714300e+00
3.733449e-01
5.403379e-01
1.042041e+00
7.201182e-01
2.923121e-01
6.520671e-01
2.600199e+00
1.255967e-01
6.140317e-01
2.681906e+00
4.894001e-01
3.182964e-01
1.293484e+00
3.046501e-01
2.114373e+00
4.211719e+00
3.346981e+00
5.088907e-01
1.646770e+00
4.968224e-01
1.402430e+00
9.493084e-01
4.334495e-01
6.586165e-01
1.003909e-01
1.219131e+00
2.232688e+00
9.841546e-01
1.483458e+00
3.898550e+00
1.084581e+00
1.638283e+00
4.922988e-01
8.299872e-01
1.395016e+00
8.445755e-01
3.121912e-01
1.821747e+00
4.058288e+00
9.238387e-01
1.486467e+00
2.620933e-01
3.905564e-01
3.479809e-01
4.276725e-01
4.389110e-01
1.162883e+00
4.068284e-01
6.186362e-01
2.857236e+00
3.594297e+00
4.939997e-01
2.295795e+00
2.403645e-01
1.071459e+00
4.610344e-01
6.521831e-01
4.695780e-01
4.599284e-01
6.651909e-01
1.352804e+00
1.440826e+00
2.622919e+00
5.509144e+00
1.504799e+00
1.516277e-01
1.733277e+00
3.710278e-01
1.678082e+00
5.562130e-01
3.938039e+00
3.094921e-01
5.463337e-01
2.016773e+00
8.140244e-01
3.320432e-01
1.667815e+00
6.985533e-01
3.807266e-01
7.599271e+00
9.502326e-01
1.907663e+00
8.070984e+00
3.299269e-01
3.938620e+00
4.361178e-01
1.277263e-01
4.236681e+00
1.330751e+00
3.906666e+00
1.706531e+00
2.562052e-01
3.380678e+00
1.040824e+00
2.001540e+00
9.975668e-01
3.326873e-01
1.826832e+00
2.059267e-01
6.513310e-01
1.536068e+00
1.057031e+00
1.678044e+00
1.023661e+00
8.156773e+00
2.989585e+00
2.995656e-01
2.489858e+00
4.154888e-01
3.754499e-01
8.626231e-01
1.841117e-01
7.566809e-01
1.903706e+00
2.723924e+00
4.472770e-01
4.991646e+00
1.413986e+00
1.983814e+00
2.102887e-01
2.009185e+00
5.208851e-01
4.023332e-01
2.116578e+00
2.547711e-01
2.467706e+00
1.014825e+00
3.378210e+00
2.119544e+00
2.676864e-01
6.488171e-01
7.177901e-01
3.483150e-01
1.529324e+00
1.158384e+00
5.921661e-01
2.251717e+00
2.536676e+00
3.275737e-01
2.025348e-01
1.792062e+00
1.720248e+00
1.850106e+00
8.739633e-01
2.922501e+00
7.605395e-01
2.093970e+00
3.610235e+00
1.293407e+00
2.098383e+00
1.223050e+00
4.379154e-01
4.965632e-01
2.144596e-01
1.320940e+00
8.100913e+00
7.125622e-01
1.505506e+00
1.337502e+00
3.636650e+00
3.828136e-01
3.524222e-01
1.628190e+00
1.135329e+00
3.361342e-01
2.191627e+00
2.392827e-01
1.242241e+00
2.729039e+00
4.035600e+00
5.153738e-01
3.666455e-01
1.662035e+00
3.282008e-01
1.213307e+00
1.969607e-01
2.008466e-01
4.297536e-01
3.678067e+00
4.328628e+00
1.626284e+00
7.797816e-01
3.811291e-01
1.793606e-01
2.291207e+00
1.167703e+00
1.535587e+00
3.242421e+00
1.459910e-01
5.630092e+00
7.148683e-01
9.485402e-01
6.038210e-01
1.085136e+01
6.564048e+00
3.232694e-01
3.691118e-01
4.161091e-01
1.317497e-01
2.318463e+00
7.023197e-01
3.632377e-01
3.487763e+00
4.878806e+00
9.365184e-01
4.475899e-01
2.725325e-01
1.425405e+00
3.637002e-01
3.010464e+00
9.442720e-01
3.231997e-01
1.034369e+00
1.815621e+00
1.338644e+00
4.054472e-01
4.510599e-01
1.819039e+00
8.763558e-01
1.651483e+00
3.436589e+00
2.862149e+00
1.310135e+00
3.194415e-01
6.484266e-01
5.087934e-01
3.887408e-01
1.271306e+00
5.371705e-01
4.960236e-01
2.503249e+00
4.053660e+00
6.663444e-01
1.523571e+00
6.656186e-01
3.656483e-01
3.492982e+00
4.298523e-01
1.094736e-01
5.802508e+00
4.568978e+00
1.046471e+00
4.222048e-01
2.899458e-01
4.436743e-01
7.989724e-01
2.051372e+00
9.792904e-01
1.018736e+00
2.810763e-01
9.245307e-01
8.142192e+00
2.027401e+00
6.416062e+00
1.741686e+00
8.265752e-01
5.970790e-01
2.365994e+00
5.455249e-01
3.519835e-01
1.593002e+00
5.032071e-01
2.366023e-01
1.945597e+00
5.710479e-01
2.137237e+00
1.143113e+00
3.543236e+00
7.878730e-01
1.647645e+00
2.706508e+00
4.359648e+00
7.152484e-01
5.263936e+00
4.735540e-01
2.295229e+00
1.932413e-01
1.139069e+00
2.308859e+00
1.114905e+00
5.145909e-01
3.689130e-01
1.521066e+00
1.222732e+00
2.314732e-01
6.344927e+00
1.569729e+00
1.270412e+00
2.666632e+00
3.403540e+00
2.340378e+00
9.883014e-01
2.180941e+00
1.202103e+01
2.452809e+00
6.034973e-01
6.337440e-01
1.438554e+00
5.183001e-01
2.649881e+00
2.576215e+00
4.400622e-01
4.546072e+00
3.319246e+00
1.492696e+00
2.394562e-01
8.120560e-01
3.566630e-01
9.253962e-01
1.094323e+00
6.847667e-01
4.680825e-01
3.389119e-01
8.708969e-01
1.141441e+00
7.400146e-01
8.642166e-01
5.262661e-01
6.900434e-01
3.183363e-01
9.844791e-01
5.886915e-01
1.013311e+00
7.846234e-01
3.908211e-01
1.745075e+00
2.814292e+00
3.407515e+00
7.345645e-01
9.613222e-01
1.148711e+00
1.006278e+01
3.768490e-01
1.069320e+00
1.455277e+00
3.765907e-01
8.537227e-01
1.082404e+00
2.008268e+00
8.726359e-01
1.023771e+00
8.678817e+00
5.455979e-01
4.985538e-01
6.027150e-01
2.260142e-01
3.112409e-01
3.656012e-01
4.132258e-01
1.968030e+00
3.289239e-01
1.403980e+00
3.370194e-01
3.713859e+00
2.139523e+00
3.073574e-01
1.532698e+00
3.043332e-01
4.089550e-01
1.255480e+01
1.658854e-01
8.769695e-01
7.385521e-01
1.127598e+00
8.964694e-01
9.414860e-01
2.882051e-01
8.885376e-01
5.855765e-01
5.382770e-01
1.380572e-01
4.874809e-01
6.191937e-01
7.411154e-01
2.083963e-01
1.405749e+00
1.879328e+00
3.768678e-01
2.467332e-01
1.449010e+00
7.201801e-01
1.091508e+00
6.979431e+00
5.579721e-01
1.229091e+00
7.773674e+00
1.932212e+00
7.349285e-01
2.147294e+00
3.107639e-01
7.099217e-01
1.774377e+00
1.325169e+00
9.423069e-01
1.458393e+00
6.045823e-01
8.242472e-01
4.090892e-01
2.268718e+00
1.534878e+00
4.179138e+00
3.022826e+00
7.557833e-01
1.957374e-01
8.690836e-01
4.564907e-01
3.319730e-01
3.377834e-01
1.003258e+00
3.262883e-01
5.696930e-01
3.816924e+00
4.599616e-01
5.075304e-01
2.638276e-01
3.437515e-01
5.655581e-01
6.352021e-01
1.203931e+00
3.289978e-01
5.602242e+00
7.891622e+00
2.515262e-01
8.974314e-01
1.717270e+00
1.876296e+00
1.757736e+00
2.610540e-01
5.599386e-01
2.255872e+00
2.545279e-01
3.597205e+00
2.548472e-01
3.411142e-01
1.332143e+00
1.579811e+00
7.082801e+00
2.571558e-01
1.817483e+00
9.616118e-01
5.997886e-01
1.669639e+00
3.633846e+00
1.292323e+00
9.399703e-01
5.608829e+00
4.947823e-01
2.237393e+00
1.439245e+00
2.335268e+00
1.606700e+00
2.744849e-01
7.047087e-01
1.370116e+00
5.016707e+00
5.059051e-01
8.218783e-01
9.029530e-01
9.824344e-01
1.527601e+00
1.982871e+00
2.528499e+00
2.952211e-01
4.640818e+00
2.703481e+00
4.568557e-01
1.314186e+00
1.447360e+00
1.596611e+00
1.894341e+00
7.976209e-01
1.955967e+00
1.683984e+00
6.473454e-01
4.306667e-01
5.921389e+00
5.487335e+00
6.753962e+00
1.567082e+00
4.716446e+00
1.612974e-01
3.738682e-01
1.933731e-01
1.325800e+00
5.073438e-01
1.432431e+00
4.416632e-01
1.196899e+00
7.369637e-01
2.461491e-01
5.134554e+00
4.046393e-01
1.136876e+00
4.956211e+00
1.105637e+00
7.863278e-01
8.230244e-01
3.709175e-01
1.386553e-01
5.261004e-01
2.268943e+00
1.139101e+00
3.517972e+00
5.366987e+00
1.009337e+01
5.375320e-01
5.944854e-01
9.746808e-01
7.714835e-01
2.198686e+00
1.785599e-01
1.175975e+00
7.893981e-01
4.255205e-01
5.241844e-01
2.194023e+00
1.380164e-01
3.444037e-01
5.184481e-01
2.006867e+00
4.953228e-01
1.393897e+00
7.614105e-01
2.136518e-01
1.034586e+00
9.706740e-01
1.724666e+00
1.484358e+00
1.824662e+00
3.336746e-01
2.034047e+00
8.807608e-01
4.491591e-01
4.011683e-01
3.155621e-01
3.698806e-01
2.032645e-01
4.921003e-01
2.847253e+00
6.566092e-01
1.352508e+00
2.600871e+00
1.673060e+00
7.963756e-01
1.184310e+00
7.258974e+00
3.895112e-01
1.375707e+00
1.182108e+00
3.616517e-01
9.831939e+00
6.021174e-01
1.802562e+00
2.255550e-01
1.357956e+00
3.861417e+00
7.226854e-01
1.741942e+00
1.756614e+00
4.482474e+00
1.315699e+00
3.218849e-01
4.358433e-01
1.293158e+00
2.767178e+00
4.094268e-01
2.800159e-01
9.040629e-02
3.899463e-01
7.773854e-01
1.030295e+01
2.588920e+00
2.589170e+00
5.385262e-01
1.278209e+00
4.124685e-01
6.400116e-01
1.729451e+00
1.363603e-01
2.350710e+00
3.669490e+00
1.103507e+00
3.628359e-01
8.513632e-01
1.056830e+00
2.326626e+00
3.633544e+00
3.020930e+00
4.102448e+00
7.296763e+00
7.311386e-01
4.019529e-01
9.542379e-02
6.991712e+00
7.677078e-01
1.175187e+00
4.712173e-01
3.552336e+00
6.547365e-01
2.052664e+00
1.689517e+00
5.134982e-01
1.313520e-01
1.452340e+00
1.777949e+00
