1.068658e-01
3.921812e-01
2.033448e+00
1.014658e+00
3.696907e+00
4.065538e-01
2.327786e+00
6.925513e-01
1.672938e+00
6.715965e-01
6.557258e-01
9.730628e-01
6.246472e-01
2.216266e+00
5.836724e-02
9.747448e-02
1.891709e+00
6.289888e-01
5.265797e+00
7.558520e-01
1.750806e+00
7.510233e-01
7.970480e-01
9.939620e-01
7.555185e-01
2.503516e+00
1.210079e+00
4.714216e-01
5.182868e-01
8.403986e-01
1.652089e+00
1.679108e+00
5.082757e-01
2.765916e-01
4.776283e-01
1.995992e+00
1.472353e+00
1.069861e+00
4.420134e-01
4.979982e-01
6.294133e-01
2.068125e+00
5.995590e+00
8.149301e-01
1.858764e-01
4.158472e-01
1.514553e+00
2.423374e+00
7.225830e-01
9.279081e-01
9.473331e-01
3.587355e-01
7.361765e-01
8.706761e-01
7.538635e+00
2.787975e+00
3.220831e+00
3.111602e-01
1.351788e+00
4.183249e-01
1.011241e+00
1.729353e-01
9.044689e-01
5.892193e+00
1.049349e+00
1.682601e+00
1.626357e-01
2.453591e+00
5.693455e-01
1.008339e+00
3.231419e+00
2.131402e+00
1.238768e+00
8.995620e-01
4.998884e-01
4.185244e-01
3.348901e-01
3.196837e-01
8.000972e-01
6.583123e-01
1.839821e+00
1.083885e+00
7.567303e+00
3.393844e-01
7.569890e-01
3.609803e-01
3.123200e+00
7.536238e-01
1.903631e+00
1.162656e+00
4.778401e+00
3.128954e-01
7.838103e-01
3.986528e-01
6.518819e-01
3.520910e+00
5.729432e+00
8.742297e-01
2.236817e-01
8.984670e-01
1.221686e+00
7.074790e-01
4.230246e+00
1.233554e+00
1.378582e+00
3.257137e-01
2.128669e-01
9.524290e-01
2.879135e+00
3.256405e-01
1.734165e+00
2.914667e-01
1.135239e+01
1.110709e+00
2.358324e+00
6.801712e-01
2.850264e+00
3.500434e+00
5.458839e-01
4.704667e-01
6.598005e+00
2.871581e+00
5.524464e+00
7.095752e-01
1.786962e+00
1.227012e+00
1.324599e+00
3.677015e-01
4.859575e-01
4.510550e-01
3.268455e-01
5.032127e+00
6.423361e+00
2.934046e-01
1.847092e+00
8.519567e-01
1.917821e-01
5.638736e-01
2.532906e-01
7.665976e-01
2.414881e-01
2.943482e-01
1.737082e-01
5.899253e+00
1.710337e+00
3.827208e+00
9.077546e-01
1.023251e+00
8.211168e-01
1.493590e+00
7.783259e-01
6.319119e-01
2.540870e+00
2.067319e+00
8.113836e-01
1.033800e+00
2.136582e-01
1.206274e+00
7.292162e-01
1.723824e+00
9.639766e-01
5.792228e-01
6.127830e-01
9.623098e-01
3.627275e+00
9.013821e-01
1.853219e-01
1.003035e+00
4.087438e+00
2.324817e-01
7.201899e-01
7.232294e-01
1.936194e-01
1.965814e+00
8.845735e-01
5.119856e+00
2.370674e+00
1.086179e+00
3.836519e-01
1.038327e+00
3.871484e-01
4.967472e-01
2.250914e+00
8.847428e+00
5.830559e-01
9.583666e-01
2.949436e-01
1.680603e+01
2.631512e-01
1.249529e+00
7.338550e-01
1.550108e+00
7.164504e-01
1.149092e+00
2.783269e+00
2.138657e+00
2.785008e+00
1.276422e+00
9.381265e-01
1.538751e+00
1.929986e+00
4.004428e-01
7.901459e-01
1.080849e+00
3.691581e-01
2.886867e+00
8.397606e-01
1.487166e+00
3.023933e+00
5.442750e-01
5.775620e-01
1.076562e+00
8.763785e+00
2.011545e+00
6.269309e-01
6.183417e-01
1.144748e+00
3.641146e-01
4.551015e-01
9.348972e-01
1.188292e+00
6.737948e-01
2.140660e+00
3.301678e-01
1.710130e+00
3.707616e+00
1.171072e+00
9.613573e-01
5.752625e-01
1.787700e+00
3.593657e-01
8.993603e-01
4.033262e-01
4.170783e-01
3.161311e+00
2.559451e+00
1.064327e+00
2.462448e+00
1.114844e-01
4.835412e-01
1.996662e+00
1.031421e+00
2.153298e+00
1.036873e+00
8.559175e-01
5.353921e-01
7.334082e-02
7.082509e-01
4.825317e-01
7.086200e-01
2.729034e+00
1.714959e+00
4.938265e+00
4.716645e-01
5.090631e-01
7.854476e+00
9.106870e-01
6.008828e-01
7.249413e-01
7.023222e+00
2.204820e+00
7.440492e-01
1.151236e+00
1.522227e+00
7.800714e-01
4.965351e-01
2.656913e-01
1.068875e+00
1.660566e+00
3.250530e+00
3.729423e+00
7.697351e-02
7.113195e-01
1.016243e+00
2.161685e+00
8.524271e-01
1.227320e+00
4.876427e-01
1.272943e+00
1.724187e+00
2.063714e-01
2.488255e-01
3.538213e-01
9.464535e-01
7.034702e+00
5.743922e-01
8.178326e-01
5.600686e-01
1.462316e+00
3.027539e-01
1.257570e+00
6.190552e-01
2.602097e+00
6.508191e-01
9.281866e+00
8.687734e-01
1.183490e+00
1.604210e+00
1.071297e+00
3.157869e+00
1.999065e-01
1.572336e+00
2.211985e+00
1.727754e+00
1.713030e+00
8.026142e-01
1.992890e+00
3.841523e-01
8.324280e+00
1.009467e+00
5.096156e+00
4.875255e-01
9.847230e-01
1.892917e-01
1.125250e-01
1.030417e+00
6.893947e-01
8.977142e-01
3.271258e-01
2.989549e-01
1.776082e+00
1.690087e+00
9.385560e-01
1.153990e-01
9.087265e-01
1.051460e+00
5.271536e-01
3.916309e-01
3.802511e+00
1.620803e+00
1.199766e-01
8.698760e-01
4.487600e-01
2.267335e+00
8.890178e-01
4.167894e-01
4.261489e-01
1.169681e+00
2.452141e+00
4.205374e-01
9.045025e-01
6.195152e-01
6.863178e-01
4.338156e-01
1.279031e-01
5.483423e+00
4.941882e+00
1.352133e+00
6.142795e-01
4.422410e+00
1.527363e-01
1.346177e+00
1.247325e+00
4.017962e-01
8.360972e-01
5.776470e-01
1.847289e+00
6.889730e-01
5.295519e-01
8.264635e-01
2.762121e+00
4.100742e+00
3.920146e-01
1.630410e+00
4.155490e+00
8.598379e-01
5.592392e+00
2.851828e+00
4.096581e+00
1.623021e+00
8.510559e-01
5.763978e-01
5.996504e-01
2.088501e+00
2.146724e-01
4.785376e+00
3.251978e+00
4.269380e-01
5.656870e-01
2.710264e-01
1.062743e+00
2.170762e-01
3.990939e+00
5.143447e-01
1.796552e+00
2.969151e-01
1.016404e+00
1.672792e+00
1.857211e-01
1.151091e+01
5.607752e-01
8.101390e-01
1.410876e+00
1.382004e+00
5.380250e-01
4.576307e-01
7.673151e-01
2.619048e+00
9.911221e-01
1.738375e-01
5.631690e-01
1.111255e+00
1.107685e+00
1.357427e+00
1.206824e+00
3.979290e-01
4.565372e-01
1.946579e+00
3.253206e+00
6.227568e-01
1.716830e+00
2.068676e+00
1.503945e+00
5.683011e-01
6.597221e-01
2.377021e-01
3.624245e-01
7.681916e-01
1.351488e-01
1.695012e+00
6.014131e-01
9.305557e-01
3.474640e+00
7.095436e+00
3.090462e-01
1.245053e+00
5.169243e+00
7.884170e-01
4.904902e-01
1.450218e-01
9.426841e-01
6.385883e+00
1.782229e+00
2.535606e+00
2.024392e+00
3.386608e+00
2.978759e-01
1.999858e-01
9.285503e-01
2.675743e+00
1.789441e-01
2.041772e+00
1.811484e+00
9.103293e-01
2.876258e+00
3.999259e+00
6.908768e+00
1.578855e-01
1.210472e+00
3.164900e-01
1.156444e-01
8.095103e-01
3.047232e+00
1.538414e+00
1.565912e+00
3.525177e-01
2.985394e-01
3.607984e-01
3.608458e+00
4.070817e+00
5.118173e-01
1.784620e-01
9.041732e-01
2.056642e+00
7.886490e-01
3.384133e-01
2.677967e+00
2.510671e+00
4.812224e-01
1.258351e+00
1.135175e+00
1.389364e+00
1.577340e-01
5.264490e-01
4.807058e-01
4.123970e+00
3.888930e+00
3.148609e+00
9.650071e-01
3.301065e-01
5.249482e-01
4.110659e+00
1.136320e+00
6.379951e+00
9.051425e-01
8.737437e-01
2.116485e+00
2.153017e-01
2.005593e+00
4.916293e-01
1.442518e+00
2.780627e+00
7.104792e-01
1.848335e+00
1.781116e+00
9.763696e-01
5.381553e+00
3.911343e+00
4.137363e-01
6.661092e-01
7.314493e-01
5.321863e-01
2.064221e-01
3.832500e-01
1.792473e-01
5.976707e-01
3.943456e-01
1.536957e+00
1.609408e+00
1.048311e+00
3.981877e+00
4.136431e-01
2.606493e+00
8.429189e-01
3.007342e-01
8.353585e+00
6.125295e-01
1.410772e+00
1.817857e-01
1.197474e+00
2.207744e+00
2.837336e+00
1.724577e+00
7.827768e-01
8.881902e-02
1.488517e-01
1.370841e+00
2.270274e-01
5.436757e-01
1.735635e-01
1.459829e+00
1.312349e+00
7.253577e-01
1.313221e+00
6.074605e+00
3.233732e+00
1.494923e+00
3.676588e-01
8.923066e-01
3.882280e-01
1.547770e+00
2.332142e+00
4.371927e+00
2.674387e-01
8.303982e-01
1.244021e+00
2.092424e-01
2.491738e-01
1.803572e+00
5.044189e-01
4.879538e+00
5.801785e-01
1.771221e+00
3.994759e-01
2.706713e-01
2.204918e-01
7.349010e-01
1.048457e+00
1.489270e+00
1.739492e+00
1.174098e+00
6.738827e-01
3.711075e-01
4.007487e-01
2.224548e+00
2.162587e+00
8.842648e-01
8.967833e-01
6.239805e-01
1.673652e+00
1.262444e+00
8.048125e-01
9.128692e-01
8.256472e-01
9.603324e-01
1.989921e-01
1.726297e+00
2.078175e-01
5.780052e+00
1.770297e+00
2.286710e-01
9.614823e-01
5.874538e-01
1.813420e-01
3.082387e-01
3.769026e-01
4.634923e+00
9.297633e-01
4.065671e-01
1.826030e-01
5.667544e-01
2.899933e+00
9.090342e-01
1.029340e+00
5.559515e+00
2.246797e+01
4.248186e-01
1.081845e+00
7.832053e+00
9.502623e-01
3.293434e-01
3.132951e+00
3.053685e+00
1.253785e+00
8.707414e-01
1.444648e+00
5.348815e-01
1.879936e+00
2.309741e+00
4.028979e-01
2.050364e+00
6.267057e-01
3.020489e-01
2.616759e-01
7.013213e-01
7.445824e-02
3.135215e+00
6.925027e-01
1.108535e+00
7.341790e-01
6.222410e-01
6.526056e-01
3.069208e+00
1.516906e+00
4.869890e-01
2.962823e+00
6.322840e-01
3.116793e+00
1.558589e+00
3.058464e-01
1.510917e+00
1.050566e+00
2.481509e-01
1.981034e+00
3.290239e-01
1.496146e-01
2.586853e-01
1.058938e+00
1.912055e+00
4.640812e+00
1.602455e+00
8.576460e-01
1.099148e+00
4.043660e+00
4.999528e-01
5.176479e-02
1.475309e+00
4.052008e+00
3.440277e-01
4.033741e+00
1.079474e+00
8.117856e-01
6.583184e-01
1.841531e-02
1.586243e+00
1.746225e+00
1.505945e+00
3.907093e-01
8.239903e-01
1.568305e+00
1.095721e+00
1.894772e+00
1.676209e+00
1.693869e+00
2.889332e+00
1.372165e-01
7.298388e+00
1.763119e+00
7.676180e-01
2.968028e-01
1.690271e-01
1.026550e+00
1.910161e+00
1.823194e+00
3.003857e-01
1.501893e+00
6.645216e+00
1.972179e+00
2.407463e-01
2.027687e-01
1.934869e-01
4.423753e-01
1.936612e+00
7.327875e+00
6.423541e-01
1.148637e-01
1.419575e+00
1.597041e+00
1.021258e+00
1.440422e-01
5.894615e-01
8.012514e-01
5.113063e-01
2.053525e+00
1.223965e-01
7.419383e-01
4.901091e-01
3.680924e-01
2.554514e+00
2.080159e+00
1.283664e+00
4.104407e-01
3.510756e+00
6.425512e-01
3.106190e-01
3.974728e-01
9.702255e-01
2.543652e+00
1.921660e+00
3.085053e+00
7.074910e-01
2.385307e+00
1.329617e+00
7.894515e-01
1.867153e+00
5.579918e+00
5.635792e-01
1.316735e-01
2.893780e-01
2.029076e+00
2.036012e+00
1.989168e-01
4.105016e-01
2.825471e+00
2.788782e-01
3.458627e+00
1.765601e-01
1.169148e+00
2.628090e-01
4.359026e-01
3.491556e+00
7.568000e-01
2.734489e-01
1.473107e+00
2.468131e+00
1.919740e+00
3.292688e+00
1.442906e+00
3.563113e+00
8.760458e-01
1.836326e-01
1.228521e+00
6.725510e-01
3.877970e-01
2.225550e-01
6.954307e-01
7.200196e-01
2.325747e+00
1.496217e+00
2.232404e-01
3.742787e+00
4.807629e+00
1.148485e+00
5.882446e-01
1.730910e-01
2.795264e+00
1.060049e+00
2.148487e-01
2.418239e-01
2.376328e+00
3.180787e-01
2.220709e+00
1.218975e+00
1.757433e+00
2.031395e+00
3.062505e-01
1.703078e+00
5.870470e-01
1.199262e+00
5.011566e-01
3.967162e-01
3.384958e-01
1.191336e+00
5.887403e-01
2.810807e+00
6.147944e-01
2.582664e-01
2.116479e+00
1.245440e+00
9.710066e-01
3.772731e-01
9.823075e-01
2.106539e+00
8.583304e-01
1.738450e+00
5.813085e-01
1.093279e+00
2.765423e+00
5.637246e+00
9.574045e-01
2.118230e-01
3.350274e-01
9.048786e-01
1.381876e+00
1.112412e+00
4.978842e-01
5.178172e-01
4.223034e-01
3.066219e-01
2.311247e+00
8.204685e-01
5.749131e-01
4.016942e-01
1.665575e+00
5.693999e-01
7.101574e-01
5.411301e-01
7.315005e-01
1.411159e+00
6.198443e-01
6.703425e+00
5.557172e+00
7.952157e-01
7.466127e-01
6.182097e-01
1.608762e+00
2.760640e+00
6.105615e-01
1.236203e+00
5.665781e-01
5.403235e-01
2.256921e+00
3.265002e+00
3.034628e+00
1.598703e+00
1.779642e+00
2.967832e-01
9.115512e-01
6.442705e-01
1.931839e-01
4.541475e+00
1.057617e-01
3.806916e+00
3.742912e-01
3.116120e+00
2.157883e+00
4.761963e-01
1.141191e-01
6.198446e-01
1.127537e+00
1.573564e+00
5.497670e+00
4.691953e-01
5.379135e-01
2.975819e-01
1.646993e+00
8.766523e-01
4.271424e-01
8.834608e-01
3.244444e+00
4.103529e-01
6.392913e-01
2.050959e+00
1.120714e+00
7.451130e-01
5.024149e-01
7.403067e-02
1.727434e-01
7.162529e-01
7.542974e-01
7.351689e+00
8.807355e-01
1.749694e+00
2.840627e+00
2.551988e+00
1.108578e+00
5.581780e+00
2.366037e-01
7.248371e-01
8.959944e-01
1.364623e+00
2.939212e+00
2.966799e-01
7.225924e-01
2.091244e+00
6.675136e-01
1.801549e+00
1.410845e+00
8.277023e-01
2.468368e+00
3.166442e+00
4.571438e-01
2.441943e+00
9.339315e-01
1.384741e+00
3.001400e+00
3.596610e-01
7.793166e-01
2.568863e+00
3.001190e-01
3.156259e-01
1.143662e+00
6.737559e+00
1.431221e+00
1.038689e+00
1.468020e+00
1.847899e+00
1.327230e+00
7.792922e-01
1.652085e+00
3.350192e+00
9.410660e-01
1.825731e-01
1.600710e+00
5.486547e-01
1.033272e+00
2.795829e-01
7.846517e-01
7.539970e+00
2.063112e+00
5.444423e+00
7.832502e-01
2.583126e-01
9.860874e-01
2.037030e+00
6.590829e-01
1.220480e+00
2.864036e+00
7.655519e-01
7.015080e-01
3.804462e+00
1.909359e+00
9.432869e-01
4.880281e-01
8.101250e-01
1.222882e+00
6.812392e-02
2.485651e+00
1.607572e-01
6.398267e-01
1.005729e+00
3.202338e-01
6.231004e-01
8.530949e+00
1.869525e+00
3.482148e+00
2.910109e+00
1.065104e+00
2.739500e-01
7.454922e-01
2.286859e+00
8.570335e-01
4.780867e-01
1.508145e+00
4.424555e+00
1.080682e+00
7.055968e-01
2.647810e+01
8.722145e-01
5.347994e-01
1.181748e+00
1.151066e+00
1.927596e+00
6.649922e-01
6.415736e-01
2.612055e-01
2.080788e-01
2.734366e-01
7.212681e-01
3.718927e-01
3.713788e+00
2.436793e+00
9.372165e-01
4.645280e-01
9.590624e-01
7.586620e-01
3.214835e-01
4.793570e-01
4.812495e-01
4.182283e+00
8.146278e-01
1.756137e-01
5.310455e-01
8.874744e-01
1.525647e+00
8.439898e-01
1.574043e+00
1.803575e+00
6.089123e-01
5.362893e-01
1.141447e+00
9.631786e-01
8.340475e-01
1.456612e-01
3.750088e-01
5.891745e-01
6.097895e-01
7.006679e-01
2.478933e-01
2.208394e+00
1.590135e+00
1.959711e+01
3.935407e-01
1.469669e+00
6.111443e-01
2.332994e-01
7.107043e-01
2.545606e+00
2.571915e-01
1.046037e+00
9.577803e-01
5.883220e-01
3.735806e-01
4.346345e+00
6.550901e-01
1.041181e+00
4.775289e-01
1.146547e+00
1.727305e+00
2.138122e-01
1.935698e+00
2.128549e+00
1.471048e+00
3.142145e-01
1.119385e+00
1.107197e+00
2.017384e+00
6.622665e+00
1.330280e+00
3.891772e-01
1.658806e+00
9.941088e-01
1.094573e+00
7.588203e-01
3.640042e+00
4.935707e-02
3.940534e-01
3.068954e+00
1.486124e-01
4.904865e+00
2.815580e-01
5.682999e+00
1.345208e+00
1.291397e+00
5.428172e-01
2.091325e-01
3.719194e-01
3.199393e+00
1.457353e+00
2.996796e+00
6.549339e+00
5.242957e-01
6.853185e-01
1.322604e+00
1.955008e+00
2.783505e-01
7.634370e-01
8.470937e-01
8.040284e-01
1.161865e-01
1.175780e-01
7.402444e-01
2.116261e+00
2.190886e+00
7.498216e-01
3.976116e+00
2.831871e+00
1.840005e+00
1.104571e+00
1.470091e+00
1.263898e+00
9.886400e-01
1.949140e+00
3.123651e-01
9.019393e-01
6.567776e-01
1.443538e+00
5.772817e-01
1.891375e+00
5.432257e-01
1.103246e+00
1.519584e+00
1.351730e-01
4.485085e-01
1.484393e-01
4.128474e-01
1.970954e+00
1.320828e+00
1.828196e+00
3.625638e-01
5.711127e-01
1.223106e+00
1.126573e+01
2.171094e-01
9.981406e-01
6.011966e-01
1.153568e+00
1.683343e+00
3.446894e-01
4.568561e-01
1.611802e+00
9.493205e-01
1.132142e+00
1.373775e+00
6.889096e-01
4.430390e-01
4.620765e-01
9.487647e-01
5.335382e-01
7.596396e-01
7.292700e-01
7.134270e-01
1.867152e+00
4.914729e+00
1.277162e+00
6.247352e-01
5.017264e-01
7.691624e-01
1.749307e+00
4.025119e+00
6.434102e-01
1.251169e+00
1.598792e-01
9.757416e-01
1.963108e+00
5.886915e-01
5.692993e-01
1.263978e+00
7.918272e-01
2.848009e+00
4.305199e-01
4.865051e+00
4.589015e-01
1.045960e+00
1.063563e+00
8.726934e-01
3.368495e+00
4.751821e-01
2.633599e+00
3.668997e+00
4.825557e-01
2.810902e+00
2.972555e-01
1.358947e+00
4.455214e-01
4.077595e+00
1.208192e+00
1.090278e+00
1.528506e+00
4.861112e+00
1.001763e+00
5.367646e-01
4.333351e+00
6.224077e+00
3.344699e+00
7.789922e-01
1.369104e+00
2.149545e-01
4.001696e-01
2.660870e+00
3.566727e+00
3.782554e-01
2.085424e+00
2.280119e+00
2.986107e-01
8.619514e-01
1.027554e+00
2.659782e-01
3.014682e+00
5.869263e-01
3.387587e-01
6.222984e-01
7.941260e-01
5.905396e-01
1.061626e+00
1.075921e+00
4.605573e-01
7.691588e-01
1.677357e+00
6.527039e+00
2.514715e-01
2.495275e+00
3.667534e+00
1.548738e+00
5.697422e+00
1.814210e+00
1.051736e+00
4.509155e-01
8.456261e-02
1.106576e+00
6.685504e+00
7.457397e-01
1.854084e+00
2.488664e-01
3.542379e-01
1.449192e+00
7.710000e-01
6.326492e-01
2.030955e+00
1.904511e+00
8.448072e-01
1.014018e+00
2.023743e+00
1.220743e+00
8.103264e-01
1.454210e+00
3.118996e-01
7.182421e-01
1.648664e+00
4.763087e-01
2.780648e+00
4.968008e-01
8.542322e-01
1.881733e+00
1.119867e+00
8.650367e-01
1.606265e+01
3.300073e-01
2.272676e+00
1.010839e+00
5.414047e-01
2.393455e+00
1.767443e+00
2.254219e-01
2.587350e+00
1.858368e+00
5.328689e+00
1.162092e+00
8.452827e-01
2.511968e+00
1.226333e+00
1.870954e+00
3.853162e-01
1.962265e-01
1.618967e-01
2.099596e+00
8.213342e-01
7.479592e-01
6.443010e-01
5.605004e-01
1.000557e+00
2.227004e+00
8.509297e-01
2.295967e+00
3.398176e-01
4.118961e-01
8.304131e-01
2.895800e-01
9.514700e-01
3.335065e-01
1.001724e+00
7.152719e-01
3.521426e+00
4.470232e+00
5.565819e-01
2.452441e+00
1.190457e+00
1.466413e+00
6.077193e-01
5.527598e+00
2.518208e+00
3.618929e+00
1.701583e+00
1.635828e+00
2.867254e+00
2.625772e+00
6.915987e-01
1.268521e+00
1.216216e+00
5.124543e-01
1.263502e+00
2.360123e+00
1.541479e+00
2.111857e+00
3.919513e+00
2.650535e+00
2.220480e+00
1.017930e+00
1.501872e+00
4.075574e+00
1.173167e+00
9.827297e-01
4.384333e-01
5.443855e-01
7.478146e-01
1.035308e+00
1.608293e+00
4.799939e+00
1.506614e+00
5.637691e-01
1.411169e-01
2.595239e+00
1.349337e+00
4.343496e-01
7.225653e-01
8.319491e-01
1.746028e+00
2.441007e-01
1.182993e-01
1.892868e+00
5.019350e-01
4.837341e-01
5.203244e-01
5.651730e-01
4.331954e+00
6.386997e-01
9.156048e+00
3.562447e-01
1.840186e-01
7.385631e-01
3.529157e+00
4.315214e+00
4.727323e-01
4.533490e+00
1.247718e+00
5.079369e-01
9.522697e-01
1.468556e+00
1.208330e-01
8.472608e-01
3.106140e+00
4.264059e+00
2.837220e-01
7.277273e-01
4.939978e-01
2.598499e+00
5.117606e-01
6.720921e-01
2.570771e+00
6.693435e-01
1.914977e-01
2.812598e-01
3.502578e-01
2.399340e-01
7.689889e+00
1.181714e+00
5.285801e-01
3.159138e+00
3.486452e-01
2.573014e-01
1.080300e+00
2.867738e-01
7.903608e-01
1.420501e+00
4.909941e-01
1.333944e+00
1.148831e+00
7.686591e-01
2.387011e+00
1.235726e+00
3.582859e-01
6.578789e-02
5.765297e-01
8.154012e-01
1.945963e+00
8.791156e-01
2.433798e+00
7.157933e-01
1.677887e+00
1.992130e+00
7.982333e-01
2.824497e+00
3.722878e-01
2.033190e+00
4.072296e-01
1.057071e+00
8.561212e-01
7.259811e-01
1.043750e+00
9.275176e-01
6.642542e-01
6.626555e-01
4.111329e-01
4.657530e-01
1.688138e-01
1.320336e+00
6.335495e+00
9.150930e-01
2.330933e+00
5.606755e-01
5.609611e-01
6.612462e-01
5.755127e-01
5.928519e-01
3.457632e-01
3.100930e-01
3.487352e+00
2.056389e+00
4.578561e-01
8.131032e-01
1.255941e+00
2.905034e-01
7.910805e-01
2.846265e+00
7.772527e-01
3.431085e+00
4.157562e-01
3.159510e-01
8.210295e-01
5.735848e-01
4.867532e-01
8.523810e+00
1.088320e-01
3.545046e+00
1.140290e+00
1.822071e+00
1.284846e+00
6.618197e-01
7.232854e+00
3.002479e-01
5.038272e+00
6.227295e-01
3.674079e+00
1.814078e+00
2.297987e+00
5.541601e-01
1.846985e+00
5.804823e-01
4.915407e+00
2.797075e-01
1.823601e-01
8.968677e-01
4.894255e-01
2.529898e-01
4.286389e+00
2.346831e+00
2.615204e+00
2.033418e+01
1.408709e+00
1.818779e+00
2.281703e+00
4.515752e-01
1.341982e+00
6.744702e-01
3.334817e-01
9.325906e-01
3.500524e-01
2.708390e+00
8.160875e-01
2.998797e+00
2.070544e-01
9.063788e-01
6.908716e-01
9.775804e-01
6.199539e-01
1.253320e+00
2.527734e-01
2.301362e-01
8.409479e-01
2.034604e+00
1.737620e+00
1.450324e+00
9.613336e-01
4.245378e-01
7.692653e-01
3.866726e+00
6.195997e-01
1.163311e+00
3.085411e+00
4.043605e-01
8.073781e-01
1.159431e+00
6.389471e+00
1.216832e+00
6.038810e+00
2.978899e+00
8.771198e-01
1.057884e+00
4.478204e+00
3.847362e+00
3.816675e-01
1.160897e+00
4.442545e+00
8.607535e-01
9.846904e-01
2.796689e+00
3.646402e-01
4.323457e+00
1.521041e+00
9.241834e-01
6.337022e-01
2.668413e-01
3.748271e+00
3.040357e+00
1.451119e+00
2.143904e+00
8.075172e-01
2.092494e-01
4.060613e+00
1.040479e+00
3.410626e+00
4.061149e+00
4.544080e-01
9.602581e-01
4.179460e-01
1.561966e+00
2.405845e-01
2.402302e+00
3.458153e-01
1.618318e+00
3.459106e-01
1.747252e-01
6.461802e+00
2.146974e+00
5.600502e-01
2.934177e+00
1.182344e-01
4.338828e-01
6.060861e-01
3.075424e+00
4.288886e+00
5.039282e-01
8.679599e-01
6.735296e-01
5.339244e-01
3.992702e-01
4.384250e-01
6.044578e-01
1.176043e+00
3.049117e-01
5.042190e-01
9.209478e-01
1.184193e+00
2.034913e+00
3.027047e-01
1.868106e+00
2.679138e-01
6.543242e-01
6.408530e-01
1.902480e-01
2.868522e+00
7.178627e-01
1.363764e+00
2.066324e+00
4.659118e-01
5.844882e-01
3.924389e+00
6.525303e-01
1.592164e+00
8.300837e-01
2.401641e+00
3.177883e-01
1.258192e+00
4.727055e-01
2.410579e+00
1.243132e+00
1.260269e+00
4.262512e-01
4.012305e-01
4.139399e-01
7.700562e-01
2.285587e-01
9.795362e-01
1.205030e+00
4.790478e-01
8.567052e-01
1.987756e+00
8.099865e-01
4.628965e+00
1.962971e+00
3.719760e-01
1.717094e+00
9.461422e-01
3.587908e+00
3.953451e-01
1.647557e+00
7.170203e-01
2.232693e-01
3.893196e+00
3.962706e-01
8.450948e-01
8.449104e-01
1.042883e+00
2.527248e+00
4.814857e-01
1.583733e+00
5.097854e-01
1.184986e+00
7.240304e+00
3.642878e+00
4.847321e+00
7.882901e-02
2.402741e+00
3.006679e-01
1.000430e+00
1.182037e+00
6.585634e+00
2.377114e-01
1.496543e+00
1.947533e+00
5.883229e-01
1.229621e+00
1.199503e-01
2.718898e+00
2.360600e+00
5.764124e+00
4.055566e-01
1.338509e+00
2.106563e+00
1.738380e+00
4.287106e+00
1.144771e+00
1.108226e+00
7.819952e-01
8.749429e+00
3.534035e-01
2.443175e-01
1.434839e-01
3.721033e+00
9.072899e-01
5.832756e-01
8.614922e-01
1.216294e+00
2.359223e-01
1.134409e+00
4.132921e-01
2.246547e+00
1.433030e+00
2.162630e+00
2.632625e-01
2.799294e-01
7.944847e-01
1.307710e+00
5.881579e+00
2.700418e+00
5.576769e-01
1.090253e+00
1.678896e-01
8.561954e+00
1.304005e+00
4.933642e-01
2.572662e+00
2.214958e+00
1.974447e+00
1.118682e+00
2.442527e-01
1.405566e+00
1.298059e+00
2.123165e-01
2.002646e-01
2.343855e-01
6.477483e+00
3.241053e-01
4.217054e-01
7.346379e-01
2.707965e+00
1.380281e+00
3.207170e-01
3.960387e+00
2.487620e+00
8.431124e-01
4.601507e+00
7.568767e-01
1.198843e+00
1.940414e-01
1.653756e+00
6.190935e-01
1.297195e+00
2.363376e+00
1.269379e-01
3.757589e-01
1.181737e+00
3.048487e+00
7.744236e-01
1.355668e+00
7.549873e-01
5.086708e-01
1.988107e+00
1.269957e+00
1.820727e+00
7.637538e-01
1.036536e+00
1.451237e+00
1.540705e+00
5.252699e-01
3.522943e+00
4.985217e-01
1.556395e+00
3.865699e-01
5.095359e-01
5.123508e-01
1.063197e+00
7.674609e+00
5.539911e-01
2.275386e+00
3.316418e+00
2.928968e-01
2.762420e-01
6.359132e-01
3.821121e+00
4.703475e+00
7.174862e-01
1.559044e+00
9.371584e-01
1.888593e-01
4.472745e-01
7.993207e-01
3.915708e+00
7.631654e-01
5.624988e-01
2.290905e-01
3.572455e+00
3.830526e-01
8.724130e-01
5.380473e-01
2.016466e+00
2.009603e+00
9.168328e-01
1.097169e+00
5.756434e-01
1.531503e+00
2.257751e+00
1.765407e+00
1.324182e+00
2.052090e+00
4.020346e+00
1.351201e+00
3.974156e+00
1.020475e+00
4.485799e+00
1.163454e+00
6.050616e-01
7.940872e-01
9.588447e-01
1.578118e+00
1.864740e-01
4.969619e+00
1.457418e+00
1.146596e+00
1.469145e+01
3.361373e+00
6.792703e-01
1.641002e+00
2.983873e-01
1.850702e+00
1.867936e+00
3.574893e+00
8.206104e-01
1.583365e+00
2.698791e+00
2.983919e-01
3.843561e-01
6.344851e-01
2.696751e+00
1.656077e+00
2.794663e+00
6.476816e-01
4.593740e-01
3.619840e-01
9.090331e-02
1.093799e+01
7.949229e-01
1.422583e+00
6.905759e-01
1.456408e+00
5.489045e-01
1.395017e+00
1.974233e+00
1.461563e+00
2.784853e-01
5.534689e-01
6.835575e-01
5.647416e-01
6.066865e+00
1.389062e+00
1.170022e+00
2.805328e+00
2.297268e+00
2.844959e+00
6.693729e-01
5.248323e-01
3.052829e+00
8.353675e-01
2.810974e-01
1.677391e-01
1.603347e+00
3.735815e+00
4.753698e+00
1.721062e+00
3.000844e+00
2.830975e+00
8.423045e-01
1.227376e+00
1.016015e+00
5.270617e+00
4.388390e+00
7.940643e-01
5.838436e-01
5.496107e-01
2.544812e+00
1.853253e+00
3.370117e-01
8.863195e-01
2.314286e+00
3.374313e+00
1.717325e+00
5.940855e-01
3.715636e-01
3.258232e+00
7.135326e-01
3.910607e+00
1.689475e+00
1.097248e+00
4.028908e+00
5.388489e-01
1.053425e+00
6.764815e-01
1.522700e+00
1.600025e+00
2.691243e+00
5.330479e+00
2.423282e+00
3.702209e+00
6.823948e-01
1.549466e-01
1.412589e-01
2.745546e-01
2.404259e-01
1.378488e+00
1.159126e+00
1.643190e+00
5.522467e+00
1.045835e+00
4.326557e-01
1.504556e+00
7.514197e-01
1.335053e+00
4.451778e-01
5.167504e-01
7.740202e-01
3.144767e-01
2.650540e+01
2.904670e+00
1.856679e+00
3.836210e+01
4.336062e-01
1.324165e+01
1.157910e+00
4.599865e-01
1.527145e+00
1.211250e+00
1.427252e+00
1.728221e+00
3.647839e+00
7.478409e+00
3.334823e-01
1.817108e+00
4.261255e-01
1.199019e+00
1.670377e+00
1.999729e-01
2.155094e-01
1.662221e+00
5.113130e+00
1.175186e+01
6.398657e-01
5.210534e-01
1.225649e+00
1.348897e+00
1.079895e+00
5.998223e-01
1.186153e+00
1.895696e-01
3.790199e-01
2.786756e+00
3.563640e-01
2.748585e-01
2.818841e+00
2.912364e-01
6.204224e+00
3.767342e+00
4.215670e-01
4.129479e-01
1.863582e+00
1.002314e+00
3.131788e+00
5.829269e-01
1.662263e-01
1.188416e+00
1.015759e+00
5.679182e-01
1.088795e+00
2.034727e+00
3.795546e-01
3.564179e+00
1.507558e-01
2.293705e+00
6.605593e-01
5.776388e-01
1.201869e+00
2.431426e+00
3.855202e+00
1.981906e+00
1.309953e+00
3.474971e+00
8.350293e-01
2.566974e-01
1.820089e+00
1.842289e-01
1.120019e+00
4.889461e+00
3.832639e-01
4.807561e-01
2.262402e+00
2.685141e+00
3.356513e+00
1.988630e+00
4.379709e-01
1.108066e+00
6.577753e-01
9.993885e-01
4.899786e-01
2.128544e+00
4.665065e-01
8.070799e-01
2.240158e+00
1.867227e-01
2.461371e-01
1.128265e+00
1.774432e+00
1.792375e+00
9.475806e-01
1.394035e+00
1.267158e+00
8.467243e-01
5.165532e-01
1.752829e+00
2.544932e+00
1.183820e+00
1.667572e-01
1.097992e+01
8.205915e-01
6.773470e-01
3.005656e+00
1.559394e+00
4.247686e-01
9.888017e-01
3.629606e+00
4.487623e-02
9.446176e-01
1.649062e+00
4.255691e-01
1.836869e+00
1.193950e+00
1.398599e+00
5.759439e-01
4.114033e-01
6.089669e-02
5.314303e-01
3.191681e+00
9.893698e-01
3.750778e-01
3.664252e+00
1.086903e+00
1.298489e+00
1.789853e+00
3.224136e+00
6.806195e-01
1.818970e+00
1.204436e+00
9.932737e-01
1.771564e+00
3.818687e+00
6.772223e+00
9.870396e-01
2.195821e-01
4.730985e-01
4.543723e+00
2.557839e+00
2.959306e+00
2.814152e+00
8.305373e-01
7.118490e-01
1.636380e+00
4.768507e-01
7.434234e-01
1.709065e+00
4.797223e-01
7.247293e-01
7.273169e-01
1.382367e+00
7.542315e-01
2.724769e-01
1.694937e+00
7.420603e-01
2.461093e-01
4.633955e-01
4.742479e-01
9.530987e-01
1.027894e+00
1.760284e-01
4.031543e+00
1.632737e+00
6.062956e-01
4.355448e+00
2.348472e+00
1.459612e+01
4.623628e-01
8.449454e-01
1.836423e+00
2.773861e+00
1.073496e+00
4.443561e-01
2.229779e+00
1.673070e+00
2.824485e+00
1.704308e+00
2.270680e+01
3.732800e-01
5.529320e-01
7.166185e-01
1.128627e+00
7.105297e-01
2.877051e+00
9.026984e-01
6.579471e-01
9.250526e-01
1.539491e+00
5.684733e-01
1.020681e+00
3.959333e-01
1.153130e+00
2.441521e+00
8.845552e-01
6.331137e-01
1.515556e+00
2.375620e+00
6.692848e-01
1.413061e+00
2.983207e-01
2.146647e+00
4.451196e+00
1.004481e+00
1.530360e+00
1.740995e+00
1.037262e+00
1.025405e+00
2.747800e+00
7.828674e-01
2.294056e+00
2.462905e+00
1.131631e-01
9.211401e-02
3.637248e-01
1.738954e+01
8.980811e-01
5.809671e-01
1.265335e+00
9.883268e-01
9.230226e-01
3.610701e-01
7.550567e-01
9.437492e-01
7.361473e-01
8.570297e-01
1.368060e+00
3.033597e-01
2.343409e+00
2.454678e+00
2.250013e+00
7.241058e-01
3.900980e-01
8.977998e-01
3.365024e+00
7.606145e-01
2.694783e-01
3.790613e-01
4.716856e-02
8.302169e-01
1.122547e+00
1.098923e+00
3.090541e+00
4.712857e-01
2.915661e-01
4.048207e+00
2.748361e-01
4.363470e-01
8.639954e-01
6.925248e-01
3.768245e+00
3.475286e+00
5.630066e-01
3.511096e-01
5.319631e-01
1.386833e-01
6.877252e-01
3.978301e+00
2.214606e+00
3.779020e+00
3.777118e-01
7.116145e-01
7.186616e-01
1.106918e+00
5.654536e-01
8.968933e+00
3.690837e-01
1.130590e+00
1.560917e-01
2.390983e-01
1.444469e+00
3.918348e-01
6.853378e-01
1.015047e+00
9.350998e-01
2.003345e+00
2.152180e+00
1.310830e+00
2.182158e+00
2.122681e+01
5.845605e+00
5.841971e-01
2.351787e+00
1.907918e+00
5.295132e-01
1.035818e+00
5.873626e-01
4.567655e-01
1.026522e+00
2.611197e-01
9.117542e-01
1.272817e+00
6.860937e-01
1.564638e+00
7.542335e-01
9.862487e-01
2.556924e+00
3.627926e+00
4.954634e-01
3.245136e-01
6.972497e+00
5.719207e-01
1.543015e-01
1.342729e+00
1.243175e+00
4.891106e-01
6.440800e-01
1.550045e+00
5.838012e-01
2.099622e-01
2.124857e+00
3.185822e-01
5.332983e-01
3.716456e+00
3.178775e+00
4.984898e-01
7.875751e+00
2.222882e+00
1.425143e+00
3.702369e+00
7.115311e-01
6.017266e-01
1.471860e+00
8.557361e-01
4.470195e-01
1.210631e+00
3.045780e+00
2.866323e+00
4.187725e-01
5.392266e+00
5.354434e-01
7.590440e-02
2.272275e+00
4.766332e-01
4.868588e-01
4.505407e-01
1.625784e+00
1.886751e+00
7.437928e-02
4.136633e-01
7.130798e-01
2.705310e+00
3.703414e-01
4.943565e-01
8.633195e-01
5.908756e-01
5.933027e-01
1.710866e+00
6.548355e+00
2.010703e+00
5.369060e-01
5.375458e-01
2.059624e+00
3.012616e+00
9.370555e-01
5.082962e-01
1.292731e+00
8.636902e-01
2.197816e-01
1.488139e+00
2.743845e+00
1.134958e+00
9.783572e-01
7.774355e-01
1.808281e+00
1.447054e+00
4.573833e-01
1.717750e+00
9.613708e-01
1.170682e+00
1.686154e+01
1.515279e+00
1.341980e+00
1.031961e+00
6.625350e-01
3.613976e+00
5.086605e-01
2.555479e+00
7.199501e-01
5.186809e+00
3.218355e+00
8.763967e-01
2.111695e-01
6.866289e-01
4.231966e+00
3.016094e-01
6.736518e+00
1.297942e-01
2.279570e+00
6.672466e-01
4.890378e-01
1.228824e+00
4.862309e-01
6.762185e-01
2.139754e+00
1.933993e+00
7.131436e-01
6.426696e-01
1.280873e+00
1.688665e+00
8.378797e-01
1.071258e+00
1.884681e+00
4.125295e-01
1.489170e+00
1.034390e+00
1.740243e+00
2.537211e+00
7.135150e+00
2.572577e-01
2.420746e+00
4.820915e-01
3.105454e-01
3.109400e-01
1.063757e+00
3.275038e+00
1.785615e+00
1.012525e+01
1.665435e+00
3.216574e+00
1.871738e+00
5.124241e+00
2.432363e-01
3.895248e-01
2.408237e+00
6.049790e-01
2.393796e+00
1.478295e+00
1.445592e+00
2.569444e-01
2.061481e+00
1.705297e+00
3.025747e-01
3.407973e+00
5.036689e-01
2.278823e-01
1.225708e-01
1.372747e+00
2.434732e-01
5.197544e-01
6.224450e-01
2.700739e-01
4.246200e+00
1.396936e+00
3.297812e+00
1.784427e+00
7.288743e-01
8.129548e-01
2.041512e+00
3.313210e-01
3.777446e-01
4.614811e-01
1.276747e+00
1.052650e+00
3.407991e-01
6.972241e-01
1.209007e+00
1.198367e+00
1.185279e+00
1.012959e+00
3.451228e-01
3.353794e-01
1.090469e+00
5.444500e+00
2.940375e-01
9.089238e-01
2.534407e-01
1.466615e+00
9.669019e+00
3.654016e-01
3.955217e+00
8.710378e-01
5.255601e+00
1.174941e+00
2.478757e-01
3.648579e-01
2.080255e+00
6.184073e-01
2.585351e+00
2.598919e+00
5.489607e+00
2.609679e+00
2.839682e+00
3.885843e-01
5.279142e-01
2.053618e+00
1.654854e+00
4.463081e-01
1.422734e-01
8.416248e-01
3.702089e+00
1.531194e+00
9.308858e-01
1.430697e+00
2.324551e-01
2.479497e-01
1.819818e+00
6.312793e-01
1.479859e+00
9.176072e-01
1.887083e+00
1.719126e-01
2.310144e+00
7.164354e-01
4.467316e-01
3.465515e+00
1.160342e+00
4.338355e-01
6.465705e-01
5.935855e-01
1.473519e+00
1.210867e+00
9.225187e-01
5.506307e-01
2.490952e+00
1.074963e+00
6.076634e-01
2.255511e+00
5.128963e-01
4.886846e-01
1.009088e+00
1.211231e+00
1.769961e+00
1.404230e+00
6.673668e-02
5.686641e-01
3.002435e+00
4.465130e-01
2.726569e+00
1.760107e+00
1.681771e+00
1.346954e+00
1.053926e+00
1.150647e+00
2.355562e+00
2.591479e-01
1.010838e+00
2.008028e+00
5.994171e-01
5.943460e-01
5.510783e+00
2.249473e-01
3.264749e-01
9.257048e-02
2.678249e-01
9.785669e-01
2.382917e+00
3.045242e+00
7.545133e-01
3.856841e-01
5.498961e+00
1.962562e-01
7.600454e-01
8.701175e-01
2.220965e-01
9.614428e-01
1.381899e+00
2.146742e-01
9.955049e-01
1.058090e+00
1.719790e-01
1.615440e-01
1.148572e+00
6.309724e-01
9.390163e-01
1.834609e+00
3.361087e+00
3.794361e-01
1.389166e+00
1.691042e+00
2.915393e-01
3.087754e-01
1.155397e+00
3.129518e+00
3.006788e-01
6.902905e-01
6.884239e-01
2.367906e+00
7.867953e-01
3.857449e-01
7.183655e-02
7.948830e-01
6.690697e-01
2.201429e+00
2.353351e-01
3.717256e-01
5.936380e-01
5.369095e-01
1.907392e-01
1.100735e+00
8.963822e-01
9.470620e-01
9.903426e-01
9.043741e-01
9.919408e-01
3.822117e+00
1.158367e+00
2.655284e-01
3.194814e+00
7.231726e-01
3.498086e+00
1.814102e-01
1.033098e+00
4.987230e-01
8.988872e-01
1.481721e+00
2.699582e-01
2.475375e+00
8.564716e+00
1.658744e-01
6.107364e-01
4.958132e-01
1.193713e+01
6.337693e-01
5.842221e-01
9.293488e-02
8.145836e-01
2.575186e-01
7.395274e-01
6.065842e+00
3.670104e-01
4.079411e+00
6.860666e-01
5.480779e-01
1.255621e+00
2.975001e-01
1.030780e+00
4.802559e-01
3.470789e+00
9.119840e-01
1.092298e+00
1.229278e+00
2.295699e+00
4.502697e+00
4.596753e-01
1.272134e+00
2.421189e+00
1.100721e+00
6.037990e-01
5.065056e-01
2.770237e+00
1.313780e+00
1.691155e+00
4.392265e+00
2.799224e-01
1.803010e-01
2.149885e+00
3.498967e+00
3.176768e-01
3.275418e-01
2.682059e+00
5.502936e-01
2.937336e+00
9.503541e-01
4.594247e-01
2.287850e+00
7.982417e-01
1.452498e+00
3.592579e+00
6.054008e+00
1.111504e+00
1.878243e-01
7.102435e-01
6.136100e-02
6.785463e-01
3.371221e-01
5.762751e-01
2.052145e+00
2.027205e+00
2.357802e+00
1.138136e+00
1.454351e-01
6.826433e-01
2.997486e+00
9.142792e-01
7.964219e-01
8.025189e-01
8.531078e-01
9.437600e-01
5.020168e-01
2.974869e-01
1.691642e-01
3.641114e+00
1.365400e+00
2.558250e-01
1.065207e+00
6.198343e-01
5.337144e+00
1.380518e+00
3.624296e-01
5.988448e-01
5.950467e-01
6.381159e+00
8.702445e-01
5.024677e-01
1.066788e+00
1.435157e+00
9.607585e-01
1.629694e+00
8.133493e-01
1.515835e+00
2.244643e+00
1.271711e+00
8.309473e+00
1.924764e-01
1.684414e+00
2.971215e+00
5.128686e+00
3.655248e-01
1.155617e+00
4.293635e-01
1.028497e-01
6.152312e-01
1.260676e+00
4.383615e+00
5.420650e-01
3.566029e-01
4.680565e+00
2.370331e+00
7.669917e-01
5.391930e-01
1.145366e+00
3.120805e-01
1.432571e-01
1.292971e+01
1.267839e+00
1.172696e+00
1.508370e+00
5.615952e-01
1.021535e+00
1.280816e+00
3.057879e+00
3.142891e-01
7.742994e-01
4.150265e-01
5.822987e-01
2.958294e+00
1.449852e+00
6.393564e-01
1.899003e+00
5.469476e-01
7.952902e+00
1.157074e+00
3.734206e-01
7.483544e-01
1.865137e-01
3.410668e-01
1.099762e+00
1.500702e+00
1.113417e+00
9.300453e-01
1.668840e-01
4.187948e+00
6.923922e-01
1.759632e+00
8.600168e-01
5.138790e+00
2.710559e-01
9.245391e-01
5.269642e+00
4.874751e-01
1.415351e+00
1.623068e+00
1.060691e+00
2.397474e+00
5.475491e-01
2.413943e-01
3.087247e-01
4.160298e+00
3.563682e-01
1.300021e+00
1.459941e+00
2.474980e+00
7.812178e-01
1.311870e+00
2.226760e+00
3.098715e+00
1.460276e+00
4.364705e+00
5.575763e-01
1.200101e-01
9.879588e+00
9.561239e-01
5.054692e-01
5.905808e-01
5.503139e-01
1.628818e+00
1.025106e+00
4.603539e-01
7.340961e-01
6.831480e-01
4.709128e+00
1.374811e+00
9.864610e-01
2.052590e-01
1.070024e+00
2.124820e-01
1.166665e+00
4.144083e-01
1.222800e+00
1.235200e+00
1.699338e+00
1.377596e+00
2.845906e-01
3.554258e+00
4.272142e+00
1.402737e+00
3.636160e-01
8.247667e-01
1.113197e+00
6.715087e-01
6.305085e-01
6.723761e-02
3.349774e-01
8.677078e-01
4.632963e-01
2.212577e+00
9.016787e+00
1.097705e+00
7.124460e-01
3.601384e+00
1.515678e+00
6.741722e-01
2.651884e+00
8.488893e-01
2.668326e-01
2.378575e-01
6.677038e-01
1.898206e+01
1.786946e+01
2.094111e+00
5.697512e-01
1.585598e-01
2.284122e+00
9.770203e-01
7.870809e-01
2.851530e+00
8.240599e-01
4.623761e+00
4.478522e-01
3.437585e+00
5.884488e+00
1.733010e+00
2.928691e-01
5.470450e+00
2.268614e+00
9.065414e-01
4.698576e+00
5.520054e-01
1.224888e+00
5.913165e+00
6.522315e-01
3.096033e-01
3.967297e+00
8.367789e-01
1.320791e+00
4.874284e+00
5.281748e+00
1.128596e+01
6.844782e+00
3.432243e-01
7.626680e-01
2.209041e+00
1.733319e-01
4.455936e-01
4.746426e+00
9.238590e-01
5.301900e-01
1.627801e+00
8.311287e-01
7.158090e-01
1.090733e+00
4.276388e+00
6.198125e+00
9.811785e-01
4.231955e-01
3.847513e-01
7.124172e-01
1.292439e+00
3.632723e+00
1.118872e-01
9.441017e-01
6.310443e-01
1.963896e+00
2.277424e+00
3.287280e-01
2.935598e+00
9.732892e-01
7.883989e-01
2.341790e+00
5.065662e-01
2.928367e+00
9.085216e-01
1.511956e+00
2.844951e+00
4.756812e-01
2.400599e+00
8.678551e-01
5.008966e-01
7.753256e-01
3.657044e-01
1.212339e+00
1.355932e-01
3.595443e+00
2.145964e+00
7.831962e-01
1.446861e+00
1.728672e+00
4.559704e-01
2.634631e-01
1.158683e+00
2.050000e+00
4.451746e-01
7.289273e+00
2.745290e-01
3.791777e+00
5.686378e-01
6.374892e-01
4.357112e-01
2.165573e+00
5.022070e+00
1.271218e+00
3.143971e-01
6.234424e-01
2.121853e-01
1.726981e+00
7.805565e-01
5.033667e-01
1.260403e+00
2.400602e+00
1.963395e+00
1.555815e+00
9.524740e-01
2.643595e-01
4.723144e-01
5.271320e-01
5.525010e+00
9.503101e-01
2.586491e-01
2.777956e-01
4.767534e+00
4.579652e-01
2.651814e+00
1.442438e+00
3.179589e+00
3.017886e+00
1.649544e+00
1.002449e+00
1.414677e+00
3.233574e+00
3.018337e-01
4.489629e-01
5.584536e-01
1.453929e+00
1.051747e+00
2.028334e-01
8.574817e-01
2.690714e+00
1.145330e+00
1.224682e+00
8.885326e-01
1.851560e-01
1.945365e+00
1.156867e+00
3.211204e-01
4.009696e+00
3.195952e-01
1.389628e+00
1.268280e+00
1.134765e+00
3.109662e-01
2.968191e-01
1.832791e+00
6.053968e-01
9.170264e-01
1.737564e+00
1.540139e-01
6.184942e-01
2.916921e-01
6.432214e-01
3.642546e-01
5.626931e+00
1.142920e+00
1.137664e+00
1.704514e+00
1.425287e+00
2.038578e+00
1.363365e+00
8.507277e-01
1.519881e+00
5.525417e+00
2.617890e-01
1.638709e+00
5.402232e-01
2.572920e+00
5.030906e-01
6.400051e-01
4.652716e+00
5.581109e-01
5.683465e+00
3.409545e-01
3.619381e-01
3.990177e-01
7.396986e-01
2.538290e-01
3.691837e+00
6.081891e-01
2.890435e-01
4.792465e+00
8.045524e-01
2.727481e+00
9.120222e-01
6.662591e-01
1.715086e+00
4.613391e+00
1.411561e+00
1.041003e+00
1.594926e+00
3.695847e-01
6.622355e-01
2.334466e+00
2.901937e+00
1.363960e+00
1.344791e+00
1.009824e+00
2.399306e-01
4.245145e-01
1.441895e+00
7.669162e-01
9.846636e-01
4.042665e+00
1.209657e-01
7.406045e-01
5.055554e-01
5.247919e-01
2.729260e+00
1.608256e+00
6.418526e+00
1.535641e+00
9.487022e-01
3.063706e-01
3.296345e-01
3.803208e+00
5.111885e-01
2.695516e-01
1.969004e-01
1.709971e+00
3.844786e-01
5.038027e-01
4.075231e+00
2.642422e+00
2.224767e+00
1.676090e+00
4.750040e-01
3.012085e-01
1.192577e+00
2.658600e+00
1.103117e+00
2.551633e+00
7.013798e+00
1.610563e+00
7.340894e-01
8.723967e-01
1.860676e+00
2.480229e+00
5.150130e-01
1.950403e+00
1.180961e+00
9.270182e-01
4.670426e-01
2.183781e+00
6.953738e-01
8.312149e-01
3.840761e+00
3.615825e-01
9.781499e-01
7.232451e-01
4.125555e+00
2.588470e-01
5.374839e-01
4.201949e-01
1.452049e+00
4.693574e+00
1.822569e+00
2.871905e-01
3.695522e+00
3.223423e-01
2.269935e+00
9.925846e-01
6.996396e+00
1.329565e+00
3.307798e-01
3.691932e-01
7.725992e-01
1.501535e+00
8.029989e+00
3.929695e+00
6.756990e-01
1.923130e+00
7.342288e-01
1.918681e+00
1.511002e+00
2.269551e-01
2.035300e+00
5.473085e-01
1.437951e+00
3.411906e+00
5.621171e+00
1.301521e+00
3.712540e-01
2.684844e-01
4.348874e-01
6.045869e-01
4.678241e-01
3.431554e-01
2.542921e-01
3.017171e-01
8.959627e-01
2.199966e+00
2.789745e+00
1.089283e+01
8.202687e-01
4.728088e-01
3.841840e+00
5.898212e+00
4.862925e+00
1.038057e+00
3.007135e+00
3.224861e-01
3.571693e-01
1.637911e+00
2.659863e+00
2.081384e+00
1.391359e-01
2.072324e-01
7.792059e-01
3.809807e-01
1.186509e+01
4.002496e-01
3.655511e-01
3.349776e-01
1.028571e+00
1.098378e+01
1.917197e+00
1.461121e+00
4.688095e-01
3.408691e+00
1.990844e+00
6.649827e-01
6.141013e-01
3.421077e+00
3.497552e-01
9.368058e-01
7.351786e-01
1.250576e+00
2.103195e+00
4.538800e-01
3.984403e-01
2.411668e+00
8.575845e-01
6.633759e-01
2.547472e-01
1.461019e+00
2.185606e-01
2.047959e+00
5.413290e-02
1.848020e+00
1.574575e+00
1.215525e+00
1.819277e+00
1.161821e+00
1.763403e+00
1.109317e+00
7.556106e-02
2.081056e-01
4.059731e-01
3.022345e+00
6.327045e-01
5.301625e-01
3.955939e-01
1.360769e+00
3.743778e-01
2.484507e-01
2.449350e-01
3.486896e-01
1.777561e+00
3.215596e+00
9.811758e-02
9.040779e-02
6.488520e-01
5.614781e-01
5.337731e-01
4.181045e-01
2.301223e+00
3.157456e+00
2.998265e-01
1.493842e+00
2.545509e+00
6.891016e-01
5.008404e-01
2.069911e+00
1.245521e+00
5.156996e-01
2.926027e+00
8.134599e-01
3.961578e+00
7.540164e-01
1.490543e+00
5.543892e-01
1.944503e-01
1.723692e+00
3.541005e-01
1.597145e+00
4.377655e+00
3.616360e+00
4.506879e+00
1.458222e+00
1.434957e+00
5.188627e-01
3.297465e-01
1.024837e+00
2.238173e+00
3.448959e+00
1.575483e+00
2.788036e-01
2.394298e-01
1.224164e-01
8.964587e-01
7.768642e-01
1.410415e+00
4.896579e-01
3.000711e+00
3.668901e-01
4.415047e-01
3.155354e-01
7.346020e-01
1.334896e+00
6.266130e-01
2.926419e+00
3.601253e-01
2.558257e+00
1.579778e+00
4.928513e+00
3.502803e-01
5.918440e-01
2.457243e+00
1.845833e-01
4.908005e-01
1.910549e+00
5.841242e-01
4.334183e-01
1.533198e+00
1.668110e+00
2.025129e+00
3.517109e+00
8.172906e-01
1.546386e+00
1.014139e+00
9.885813e-01
5.006587e-01
1.834235e-01
1.218798e+00
1.684957e+00
1.471410e+00
1.697956e+00
3.998019e-01
1.531826e+00
5.518922e-01
1.340624e+00
4.507336e+00
2.556899e-01
5.100525e-01
5.908360e-01
3.057865e+00
1.150968e+00
5.100651e-01
3.578760e+00
9.967429e-01
2.349955e-01
1.155659e-01
1.332798e+00
4.666184e+00
1.423291e+00
2.240963e-01
7.278451e-01
3.461765e-01
1.361942e+00
1.126647e+00
8.830577e-01
1.161862e+00
4.766097e+00
5.628462e-01
1.234198e+00
6.925366e-01
1.141631e+00
3.381010e-01
1.355858e+00
4.795957e-01
4.280061e-01
4.691507e-01
2.283256e+00
6.843950e-01
1.678553e-01
1.984123e+00
1.467563e-01
3.199166e-01
9.889745e-01
3.545551e-01
3.003619e+00
3.745628e+00
3.296936e-01
2.699810e+00
4.381237e+00
1.786275e+00
1.727251e+00
4.603721e-01
1.228982e+00
1.288935e+00
4.806818e-01
3.473750e+00
9.200353e-01
3.917602e-01
3.708085e-01
4.000694e-01
7.162638e-01
8.289541e-01
5.395658e-01
2.669471e-01
3.130217e-01
1.288886e+00
1.048699e+00
3.685712e+00
1.592595e+00
8.751588e-01
5.054036e-01
2.438944e+00
3.847654e-01
1.298127e+00
8.825649e-01
2.323017e+00
2.287108e+00
9.987845e-02
1.935870e-01
6.473519e-01
1.706433e+00
2.644355e+00
2.656150e-01
2.657244e+00
1.286887e+00
1.545615e+00
1.741868e+00
1.355224e+00
2.224072e+00
6.042185e-01
8.084724e-01
5.942802e-01
4.063564e+00
7.173299e-01
4.032158e+00
9.271771e-02
2.134659e+00
2.196380e-01
1.328742e+00
1.138770e+00
4.096134e-01
1.170282e+00
2.724844e+00
7.127525e-01
3.907477e-01
7.433428e-02
8.590834e-01
3.795334e-01
7.873716e-02
4.484607e+00
1.239114e+00
5.677472e+00
1.779871e+00
1.500549e+00
8.897831e-01
4.058441e-01
1.767710e+00
1.214297e+00
3.488219e-01
8.812557e+00
7.663888e-01
5.508628e-01
1.827949e+00
2.078404e+00
1.786165e+00
4.031758e+00
2.913956e+00
2.478264e+00
3.899416e-01
3.872193e-01
2.380848e+00
4.049526e-01
3.934968e-01
3.026994e+00
1.201282e+00
1.905969e+00
4.198343e+00
1.264065e+00
5.308358e+00
3.317669e-01
1.312919e+00
6.565786e-01
4.654225e-01
5.661273e+00
2.305518e+00
1.349163e+00
1.033061e+00
9.005124e-01
1.146700e+00
5.467802e-01
2.064411e-01
2.102164e+00
2.232724e+00
4.183886e-01
1.216527e+00
1.585216e-01
2.683527e-01
2.516902e-01
2.041112e+00
1.593216e+00
1.693024e+00
2.469796e+00
1.206899e+00
1.087451e+00
1.930754e-01
1.840149e+00
2.073681e-01
1.039000e+00
5.845051e+00
3.762294e+00
1.543695e+00
1.695775e-01
2.206303e+00
7.593924e-01
2.217283e+00
6.644120e-01
1.765481e+00
2.645595e+00
1.491874e+00
5.758075e-01
1.872980e+00
8.406754e-01
1.807157e+00
8.792352e-01
2.475182e-01
3.002212e-01
4.142969e-01
4.738161e-01
4.836985e-01
3.453011e-01
7.820392e-01
4.283596e-01
5.496875e-01
2.577607e-01
9.301267e-01
5.052924e-01
5.474110e+00
1.817904e+00
8.059016e-01
1.287715e+00
8.035638e-01
4.418291e-01
6.881290e-01
3.093903e-01
2.651091e+00
1.882902e-01
3.792951e-01
5.701648e-01
1.510986e+00
2.325673e-01
1.228740e+00
6.521053e+00
2.952238e-01
1.115913e+00
2.531268e+00
2.607163e-01
7.639716e-01
9.352931e-01
2.430924e+00
7.542042e-01
2.741475e+00
4.939287e-01
7.421736e+00
1.872642e+00
5.476324e+00
1.714346e+00
2.358444e+00
5.635688e-01
3.977642e-01
1.432703e+00
5.855038e-01
9.144485e-01
8.340742e-01
1.190586e+00
2.162970e-01
3.876243e-01
5.558451e+00
2.123932e+00
2.699378e-01
1.954496e-01
1.351658e-01
1.018480e+00
1.436399e-01
3.474451e-01
2.076814e+00
2.296873e+00
1.011545e+01
7.794748e-01
1.494372e+00
3.067960e-01
1.605773e+00
1.795865e+00
1.208031e+00
1.100732e+00
9.469349e-01
1.043171e+00
1.241260e+00
2.161945e-01
1.601267e+00
2.391445e+00
1.112241e+00
4.332375e+00
4.848224e+00
2.099748e+00
3.590432e-01
3.524061e-01
4.802200e-01
6.872077e-01
6.673952e-02
3.814862e-01
3.016944e+00
1.274823e+00
7.474765e-01
6.295134e-01
1.383525e+00
5.785697e-01
3.428656e-01
3.834707e-01
5.745399e-01
2.324636e-01
1.937507e-01
1.096335e+00
3.294377e-01
1.315548e+00
4.265793e-01
5.186152e+00
3.736449e+00
8.367771e-01
1.485540e+00
1.243423e+00
3.093290e-01
1.085126e+00
6.728409e-01
3.613827e-01
3.841700e-01
5.249537e-01
4.003972e+00
1.227474e+00
8.121749e-01
6.767763e-01
1.737627e+00
1.433980e+00
8.281478e-01
3.566223e-01
1.315487e+00
2.206953e-01
8.470019e-01
8.453640e-02
9.747867e-01
1.917963e+00
3.718349e-01
2.589376e-01
3.481418e-01
2.907889e+00
1.033498e+00
2.162495e+00
7.187113e-01
2.785535e-01
6.845591e-01
1.671847e-01
2.611568e-01
4.972523e-01
3.681684e+00
1.767782e+00
7.320281e+00
2.445990e+00
8.236519e-01
5.647764e+00
1.032252e+00
1.744662e+00
1.104174e+00
5.316796e-01
9.568141e-01
2.018291e-01
1.120937e+00
2.259335e-01
8.002358e-01
1.997748e+00
5.746828e-01
5.990195e-01
7.780730e-01
3.063455e-01
1.952330e+00
1.463256e+00
6.956083e-01
1.614581e+00
3.101060e-01
2.135482e+00
9.564140e-01
1.015258e+00
9.331049e-02
7.849681e-01
3.273740e-01
5.019111e-01
1.020704e+00
1.331220e+00
4.142663e-01
8.424679e-01
1.159462e+00
1.365286e-01
1.088887e+00
2.074173e-01
1.640002e+00
2.299518e-01
5.091583e-01
1.350654e-01
4.004445e+00
1.407865e-01
2.682366e-01
7.399489e-01
2.648524e-01
6.080354e+00
4.071687e-01
2.074924e+00
7.770945e-01
5.409255e+00
7.738996e-01
1.317691e-01
4.784057e-01
4.081305e-01
1.869334e+00
8.635895e+00
1.721484e-01
5.414401e-01
1.173657e-01
2.177617e+00
1.120618e+00
2.643300e+00
3.468120e-01
2.645960e+00
1.733515e+00
7.381883e-01
4.569980e-01
1.763620e+00
1.020446e+00
5.437062e-01
2.377163e+00
4.995751e+00
1.998151e-01
9.581920e+00
1.363481e+00
7.937373e-01
9.273455e-01
7.624417e+00
7.141495e-01
7.683030e+00
3.168923e-01
1.652607e-01
2.344616e-01
8.914232e-01
1.720180e+00
7.392607e-01
1.319798e+00
3.357265e-01
1.587565e+00
2.873586e+00
8.388673e+00
1.685385e+00
1.377740e+00
1.124053e+00
8.344460e-01
9.728684e+00
3.620513e+00
6.692056e-01
7.317452e-01
2.430654e+00
1.532076e+00
9.411688e-01
8.273595e-01
2.404513e+00
9.516878e+00
1.946455e+00
5.092163e-01
1.546437e-01
2.865341e+00
9.021299e-01
3.337580e+00
1.103524e+00
1.424371e+00
7.248869e-01
3.531665e+00
2.646693e+00
1.115518e+00
2.480978e+00
4.873848e-01
2.376530e+00
1.134380e+00
