-6.909503113672253960e+01
-6.715650331137064200e+01
-9.229077391770975680e+01
-7.460177934605214034e+01
-9.209372636569644044e+01
-7.145342682278516122e+01
-3.387616582111228070e+01
-7.093919115106501749e+01
-7.748951116957758245e+01
-7.107170965985287125e+01
-9.589039454960597197e+01
-8.254255723491878882e+01
-8.663982090931148150e+01
-1.036106897242813432e+02
-8.305121772737682306e+01
-8.318228208883193986e+01
-7.731733945379299655e+01
-7.564209089740154468e+01
-3.786535982302562786e+01
-9.144455619224163456e+01
-7.381534405965645362e+01
-8.256113116620414871e+01
-8.096582303599629427e+01
-8.939232462276794422e+01
-8.028855414280862135e+01
-8.270181179558791484e+01
-8.776300771781939147e+01
-9.530258747493023463e+01
-9.542269423702963138e+01
-5.769837108130064962e+01
-9.544514837358889281e+01
-6.547635388951040625e+01
-1.017524128093531885e+02
-6.536982235745223591e+01
-8.735598644815331681e+01
-8.132283848371808688e+01
-8.010525289837700313e+01
-8.337071874037123109e+01
-7.805501181606045691e+01
-8.634966196516869275e+01
-3.593098079796526179e+01
-1.007618983483329060e+02
-9.771109112586741219e+01
-6.934245938067353165e+01
-1.012101904065111881e+02
-8.799943548579081209e+01
-2.929657690827557204e+01
-1.018566606159899663e+02
-4.726897016702078957e+01
-6.884058895569096137e+01
-1.007258223984460699e+02
-9.141917234439709716e+01
-7.733263385733030759e+01
-8.175822878277173800e+01
-8.634422643164452893e+01
-6.881097448899713243e+01
-5.189971208902350241e+01
-7.812129439116790763e+01
-8.708952460931763540e+01
-5.466592379234499077e+01
-7.785015658937230398e+01
-9.107402406159397401e+01
-2.582081648741905866e+01
-8.839454658156147104e+01
-9.716364231905555471e+01
-5.011370593200924617e+01
-9.003432344375072205e+01
-7.524700283763206698e+01
-6.871791685834395480e+01
-9.576175662632864771e+01
-2.472822670733853201e+01
-7.797795358264195897e+01
-1.090921500451262176e+02
-8.057823315132606012e+01
-8.295533340447242665e+01
-7.112595186974353112e+01
-9.248537454152055659e+01
-6.406161187059511519e+01
-4.742103497159288139e+01
-7.041759434622771607e+01
-7.032957801220476313e+01
-7.567103626323000753e+01
-5.125909941122538527e+01
-9.527167118775349763e+01
-7.872871807313929082e+01
-9.664669254580086033e+01
-8.231601464165534310e+01
-6.918933766992209655e+01
-7.909413957224934677e+01
-8.722154255255740907e+01
-5.031665475434633805e+01
-8.295187889929280800e+01
-8.043869806712960724e+01
-8.149665874337475202e+01
-8.881947301599498701e+01
-8.593311649398192742e+01
-2.778470010669125401e+01
-9.259724240538731976e+01
-6.883117832879155173e+01
-9.622779969182325033e+01
