-7.397697986165297834e+01
-6.553938434079559272e+01
-7.146645891188290989e+01
-7.435048998824275657e+01
-9.955332752782214811e+01
-6.153449284702962530e+01
-2.735909715335077053e+01
-6.910341816272325843e+01
-6.458680508228333395e+01
-5.977795409939881921e+01
-7.876687329185287467e+01
-8.390984254676553178e+01
-8.002305222141380625e+01
-9.782859890256573010e+01
-8.433431877443645419e+01
-9.881259873363767099e+01
-7.960316785824274177e+01
-7.487981574185901934e+01
-5.189207999954853534e+01
-8.873441854250555139e+01
-7.188645052446975114e+01
-8.184599617798238569e+01
-8.603887901296073437e+01
-8.203818971390356296e+01
-8.163431080468805590e+01
-8.718439972461990806e+01
-8.525563654272923486e+01
-1.077180914955687143e+02
-8.570713060425480023e+01
-5.012565998274141066e+01
-9.960877393205124974e+01
-6.533240944135270922e+01
-8.094118396957695438e+01
-6.812570906463658105e+01
-1.013352955541267022e+02
-8.360755274844660789e+01
-7.865347378273943946e+01
-1.029447173998189982e+02
-7.755093549627655136e+01
-9.319219190213055981e+01
-3.843838502729803253e+01
-1.036663960451584074e+02
-9.083095501274782180e+01
-6.802555828304281249e+01
-9.898583832409056527e+01
-7.743492864583782875e+01
-3.696335081113392818e+01
-9.937119205705661784e+01
-2.306239637200786774e+01
-6.133912863267097748e+01
-1.014127269426437010e+02
-1.186692420927746099e+02
-7.064085918647408846e+01
-8.993582192531364683e+01
-8.235779591747864004e+01
-7.053883467407170826e+01
-5.451501917347012949e+01
-7.955894952582100643e+01
-7.616137159619597696e+01
-6.371747467118127162e+01
-9.606423667338928851e+01
-8.141232306675487962e+01
-6.559620910992141773e+01
-9.964130136768091006e+01
-8.571960395249176656e+01
-5.499216236367395538e+01
-9.921032072802753987e+01
-7.948654756794057619e+01
-6.648466321528800904e+01
-8.536297393986102122e+01
-4.263549684766883985e+01
-7.596815104468254276e+01
-1.103712671046946099e+02
-1.004179241921805925e+02
-8.235471488870965118e+01
-7.022165449060456410e+01
-9.160777007110951331e+01
-4.517267212713561264e+01
-4.960426191668468476e+01
-5.541886298683181167e+01
-6.772692687476860840e+01
-7.553165837129333227e+01
-6.561868119735405003e+01
-9.900441895361099398e+01
-7.834379715294348046e+01
-9.165721803457375927e+01
-1.054455010535620119e+02
-6.743130192502741238e+01
-8.717133137302086254e+01
-8.052089468540185635e+01
-7.009971301196361537e+01
-8.952878902061870292e+01
-8.624389315657118971e+01
-8.643759252598634646e+01
-9.570812293930069359e+01
-9.260668906723881832e+01
-4.897999082800088644e+01
-9.523360612908786038e+01
-6.904479485065100164e+01
-8.008043372091681533e+01
