-7.436349416932083045e+01
-6.626961640549491506e+01
-7.659612001154812333e+01
-7.426052624613495823e+01
-7.830519156992335184e+01
-6.667330209369742988e+01
-1.858770281949096770e+01
-6.502010124453131823e+01
-6.903345933298824377e+01
-7.714423460681153699e+01
-8.891341157211951440e+01
-7.968961148925663451e+01
-7.936631709756957775e+01
-9.766405728974910971e+01
-7.858805124188369007e+01
-8.403932285342764885e+01
-8.293721880115546696e+01
-7.538325202681700432e+01
-2.900992171063508707e+01
-1.105706534563786505e+02
-7.340669516378083870e+01
-7.971243641452312545e+01
-8.841102395698307248e+01
-7.884460764365492480e+01
-7.936736360263002155e+01
-8.685444980964864214e+01
-7.923317035270052600e+01
-1.078765587666914172e+02
-1.041660591302755847e+02
-5.498592332843848141e+01
-1.004067237556447054e+02
-4.171942397042386119e+01
-8.988849752214885314e+01
-6.024702979564348482e+01
-8.245489836392727057e+01
-7.975765567688067392e+01
-8.070268674686292343e+01
-9.309161650382949915e+01
-8.101666674183239536e+01
-1.019585269045605145e+02
-5.954571326590856728e+01
-9.229386244967751907e+01
-1.001825999538658607e+02
-6.228338921754463797e+01
-8.795849098533915367e+01
-8.906215114677495137e+01
-2.035606876817997701e+01
-8.590009734588673496e+01
-4.620211329636556741e+01
-6.281337299130133545e+01
-1.093658207768784081e+02
-1.119437003964373503e+02
-8.861751294031148518e+01
-8.473389342581100436e+01
-8.247690300698201327e+01
-7.147176855349934499e+01
-4.348899625949955094e+01
-7.832454288866914283e+01
-8.527515910003008059e+01
-5.613644743789445357e+01
-8.012586359170374806e+01
-9.978212775662477441e+01
-2.077910384333746663e+01
-9.006833031670255707e+01
-8.807210944473867187e+01
-6.850000182738901344e+01
-9.171343930792689036e+01
-8.095658775098651461e+01
-7.149313865512272059e+01
-8.419381822011200711e+01
-2.005358957175308277e+01
-8.245038647797426279e+01
-1.079418254117021405e+02
-9.452873978362779894e+01
-8.432767051501447497e+01
-7.098833617463346002e+01
-1.018504642481777722e+02
-5.104435174434771483e+01
-6.680206736583447480e+01
-6.798670158097071692e+01
-6.920733361536960615e+01
-7.528362612540065868e+01
-6.467934044774683855e+01
-9.187926796348880032e+01
-7.816924655162182489e+01
-1.112949650730098341e+02
-8.560907815607455973e+01
-6.859079717256622644e+01
-9.469310192867867215e+01
-8.706670809580461423e+01
-5.238638871000472363e+01
-8.778896348953324491e+01
-7.980830287163196601e+01
-7.708134622007071357e+01
-8.712852701258145771e+01
-9.345400790900100674e+01
-5.870985628386766564e+01
-8.263860993029132374e+01
-6.858094128659894295e+01
-7.766631947419813287e+01
