-7.482624643713229773e+01
-6.701591875133695453e+01
-7.007831786461758838e+01
-7.177140405746230556e+01
-7.839555839543811544e+01
-7.135839242521542758e+01
-2.442735046495610973e+01
-7.614045862786072405e+01
-6.537120708319581297e+01
-6.634163861716243105e+01
-7.097803875793474049e+01
-8.255010172823784842e+01
-8.183721364723611202e+01
-9.959149641042259304e+01
-9.256233001885733813e+01
-8.733707876998420261e+01
-8.648311747153785234e+01
-7.475111277302055157e+01
-4.753762986815421243e+01
-1.043770418761225613e+02
-7.245261516842803928e+01
-8.488642108988395307e+01
-8.486813293307642425e+01
-8.148731255786599093e+01
-7.799504410985015568e+01
-8.525749649547765330e+01
-7.928296817649558648e+01
-9.333195079922818138e+01
-8.812672126119181826e+01
-5.593410667788925394e+01
-7.767941701282229872e+01
-6.373579978809402036e+01
-8.289092897070148069e+01
-6.748086392466495909e+01
-1.191224953770064872e+02
-8.044162824022183145e+01
-7.935190354241447608e+01
-1.058239712551382041e+02
-8.138670710049150614e+01
-1.025978988620587131e+02
-5.703723476068283560e+01
-1.141915996712980217e+02
-1.017899827370632266e+02
-4.937051912524120922e+01
-8.570579857058034179e+01
-8.060432656101983184e+01
-3.493419376185265435e+01
-8.832650832586917033e+01
-2.617900590080603607e+01
-6.532566776183028878e+01
-1.011545571783494637e+02
-1.029687570851673826e+02
-7.350623834109971710e+01
-8.284663740123073694e+01
-8.530351561508859959e+01
-6.555112955550950460e+01
-3.762861406227916916e+01
-7.822626615883739021e+01
-8.315912291122269551e+01
-5.483462349471373187e+01
-7.438312188149778592e+01
-1.134027951040978053e+02
-5.323534336381377585e+01
-8.900559953218836995e+01
-8.385605085772394318e+01
-5.752241689728781893e+01
-8.899066448809661267e+01
-7.919996346630094308e+01
-6.823638399907595442e+01
-8.792745493865865569e+01
-1.420101604442244358e+01
-7.209556856418721793e+01
-1.073679817127112415e+02
-8.751335996178768539e+01
-7.876616091256367724e+01
-5.552155694082017590e+01
-1.059450172631038072e+02
-5.987687308097434169e+01
-6.317660355040531783e+01
-6.891800018606299716e+01
-6.606490997499743401e+01
-7.732607244880006192e+01
-4.116753954788908487e+01
-1.035435830063232743e+02
-7.895964755055297246e+01
-1.004113351182947298e+02
-8.481846335071215037e+01
-6.672509160354209712e+01
-9.065811206798976229e+01
-9.762106917979541265e+01
-6.618318641303511640e+01
-8.372036387729396267e+01
-9.207984998192449666e+01
-8.166276349237035959e+01
-9.062858726419678135e+01
-8.971762549811568022e+01
-4.513799214653261771e+01
-9.321048681262286095e+01
-6.716442088902351770e+01
-7.758435196756079222e+01
