-7.481987976658118100e+01
-7.194165120914291833e+01
-7.314231120976758405e+01
-7.303364272071951291e+01
-8.304122248479524160e+01
-6.519137335577519821e+01
-2.239066704295955290e+01
-7.310930496463730321e+01
-6.085270311699885326e+01
-7.035989488911168621e+01
-8.822168691096703697e+01
-8.658908801834664359e+01
-9.330612236716535790e+01
-9.989222478957444196e+01
-7.773968862424513304e+01
-7.950143464371669211e+01
-7.932654155441535693e+01
-7.484818260341678808e+01
-7.159411200890812665e+01
-1.093695353484473571e+02
-7.463759316252414067e+01
-8.001562204306722492e+01
-8.851823059572704722e+01
-8.047656668648629363e+01
-7.940133688117559529e+01
-8.643722772111894415e+01
-8.262614593196745716e+01
-9.918744134066798779e+01
-8.406187266240637257e+01
-5.036723402788678783e+01
-8.720460773157597600e+01
-6.502969444373077579e+01
-8.732701781500632876e+01
-6.599524298677144429e+01
-8.299113728805042456e+01
-8.621914000384582266e+01
-8.370136379763050627e+01
-8.806677075184565240e+01
-7.938767759968821736e+01
-9.630271144062166400e+01
-6.034653478667593163e+01
-9.125065515073131905e+01
-9.665264877485095951e+01
-6.105402323559356148e+01
-8.861556621890042607e+01
-8.895679244164335842e+01
-2.797092444092528396e+01
-1.047565909669855841e+02
-2.424485499772293196e+01
-6.316721051789453156e+01
-9.984543542228527713e+01
-9.510794024096865940e+01
-7.641430068931910569e+01
-8.008818836855010659e+01
-8.403648002592639443e+01
-6.851981902030127003e+01
-5.619080472605770638e+01
-7.841660409480330429e+01
-8.395346179143821530e+01
-5.881181145898761997e+01
-9.137972582468833593e+01
-9.863953680698790549e+01
-1.408038186306286477e+01
-1.045787581749144550e+02
-8.701167028263398606e+01
-7.159973477297968714e+01
-1.091069257727643844e+02
-7.592735677733918465e+01
-6.699030683066199288e+01
-8.290329590810597438e+01
-3.149256343745785713e+01
-7.910626827408493966e+01
-9.192846644523582711e+01
-9.499130885922693324e+01
-8.506475439846029474e+01
-4.583055971587797472e+01
-9.949117446812658727e+01
-4.776060770854214610e+01
-6.331275324122304227e+01
-7.418561132986320672e+01
-5.017572168900357354e+01
-7.480570632890342608e+01
-6.753727979712431306e+01
-1.045286455510228194e+02
-7.844825002956633853e+01
-9.262009639720791654e+01
-9.273221520906511728e+01
-5.952477614199265332e+01
-8.138781277627958843e+01
-8.775273550069331918e+01
-4.911867165612003561e+01
-8.077336284871459782e+01
-9.300499138672542188e+01
-9.137532317490391165e+01
-9.879887359421995541e+01
-8.657452159024867910e+01
-6.474613161771776504e+01
-9.468467681003387781e+01
-6.973600052266201033e+01
-7.805116843834274221e+01
