-7.639355117921589056e+01
-6.769518832039589995e+01
-8.590352540332132492e+01
-7.261406672458603850e+01
-8.790208880072758291e+01
-7.224060907577363366e+01
-1.589735797173550935e+01
-6.505284705808792012e+01
-5.670080051362572959e+01
-6.065105265252623212e+01
-9.236653495707240324e+01
-8.533116644370886661e+01
-8.685216226800173445e+01
-1.149718478693639554e+02
-7.990949428593869186e+01
-7.938656355816155497e+01
-8.543748740081298365e+01
-7.513363659151407603e+01
-6.193349607642313970e+01
-9.484448278692694601e+01
-7.124988931539404291e+01
-7.946501246610301905e+01
-8.320498952107494972e+01
-7.981753246211597741e+01
-8.461728324284052860e+01
-8.304850529278692761e+01
-7.678014874094016307e+01
-1.024908493320598097e+02
-1.136190751055022474e+02
-4.418054443927906760e+01
-8.409740115572817842e+01
-6.904562839299228472e+01
-9.350259890009071739e+01
-6.217439711725021567e+01
-8.972405551180973760e+01
-8.937435729466947976e+01
-8.123647400728451373e+01
-9.409919147819630325e+01
-7.739985047791263639e+01
-9.611244852122864302e+01
-5.497956833452915504e+01
-9.470624521947428320e+01
-9.822240825966217415e+01
-6.073451906521443533e+01
-8.263178862664152291e+01
-1.020024008774833533e+02
-4.104122081929550347e+01
-9.662374757084319299e+01
-1.911936425897293290e+01
-6.704839597950663688e+01
-8.980026712657567600e+01
-9.631469815818284985e+01
-7.606093552697171845e+01
-7.869641477414943154e+01
-8.356581429849424580e+01
-6.284328469570958475e+01
-5.943079557004397628e+01
-7.824812523528666475e+01
-9.772642218822822713e+01
-5.455784023772379498e+01
-7.930187401339799180e+01
-9.894575036975300009e+01
-3.485782415114464783e+01
-8.500997242910813156e+01
-8.034267474635905160e+01
-6.621100901168141206e+01
-1.019015517253032925e+02
-7.408448155559781867e+01
-7.134561542169662118e+01
-8.461415646942873536e+01
-4.534766732506584219e+01
-7.712548282656332788e+01
-9.936405892495932335e+01
-9.064932388053131262e+01
-1.083215306529555164e+02
-5.139943735643223022e+01
-8.388370282856703852e+01
-6.354315344717788605e+01
-6.428891753911975115e+01
-7.681165939685695321e+01
-6.673593022592413604e+01
-7.588251829226351219e+01
-4.738973430720319158e+01
-9.665427798663664305e+01
-6.870996450643428943e+01
-8.785165513843193708e+01
-8.332240496757634673e+01
-6.233821532129756093e+01
-8.286227527024003336e+01
-7.950928166593996593e+01
-7.225245529206027584e+01
-8.634463115002054678e+01
-7.938611908816731955e+01
-8.250533045230676521e+01
-9.842624240618994236e+01
-1.058457836247095400e+02
-4.265615144320356222e+01
-1.071044009376863926e+02
-6.440406648483660490e+01
-7.767622571216472238e+01
