-7.171997782311323988e+01
-6.408050619643840662e+01
-6.897893966016825118e+01
-7.301587318349372424e+01
-7.989522649386582032e+01
-6.522926352530538452e+01
-2.949737253192230568e+01
-7.380397499326969069e+01
-6.885526235612009316e+01
-7.059997483171547117e+01
-9.863715970293979751e+01
-8.181449541353320853e+01
-8.505599852135649996e+01
-9.354406790650752157e+01
-8.116922537691579009e+01
-8.461689383195478342e+01
-8.060592235933863492e+01
-7.577497416924045126e+01
-5.893600453256106420e+01
-9.696129392540474612e+01
-7.937314345457572529e+01
-8.051383869022090778e+01
-8.247131234183942183e+01
-8.444030299467119960e+01
-7.813799708323703896e+01
-8.380649086483020938e+01
-8.115039098216274738e+01
-9.303639076265872632e+01
-1.020599214407686048e+02
-4.740545532417251451e+01
-7.978514447208557669e+01
-5.808174351890038878e+01
-1.023982378310993369e+02
-6.566143767804970821e+01
-9.518226502256544563e+01
-8.985109007515040958e+01
-8.130406329887216543e+01
-9.077450415525184724e+01
-7.787183018683084867e+01
-1.039049488804355974e+02
-5.924801864307866595e+01
-9.478495645619808840e+01
-8.708094750237556525e+01
-6.758552605101156985e+01
-1.062234461220951118e+02
-8.403582753583654608e+01
-3.732848806475176673e+01
-9.473621096835361755e+01
-3.492517769801924032e+01
-6.328203744190253843e+01
-1.002706272753256087e+02
-1.029560711203249355e+02
-7.887510943193422008e+01
-1.002836285266303236e+02
-8.725043447139792363e+01
-6.968174693040458578e+01
-5.482559021028293245e+01
-7.756151874677357227e+01
-7.822006152628696896e+01
-6.345256576641022406e+01
-7.853096322979543231e+01
-8.689083807484314548e+01
-3.018933743699787087e+01
-7.995440074724167800e+01
-7.882742896845110181e+01
-6.784885161200286063e+01
-9.710834764128308905e+01
-7.787224301534917004e+01
-6.921696343675493779e+01
-1.153397083641195309e+02
-3.139974072707302710e+01
-8.420673343809131950e+01
-9.658313132364267517e+01
-8.481033955638530131e+01
-9.189544457915914677e+01
-4.422262039302446368e+01
-1.022556662533547751e+02
-6.661643587150311419e+01
-9.792221137110844964e+00
-6.343843162021533288e+01
-6.786145158824497514e+01
-7.584045299236163373e+01
-5.279651204509612228e+01
-8.908241915711211334e+01
-7.863293557275378021e+01
-8.973011553977167409e+01
-8.198685977828264981e+01
-6.365189636280570795e+01
-1.064430439401761816e+02
-7.997440068581977357e+01
-6.344610469660096186e+01
-8.375071575150812464e+01
-9.419777002016375889e+01
-7.985701172243801693e+01
-9.636464148657788087e+01
-9.820214042331356552e+01
-6.612713355325368525e+01
-8.925651325688849624e+01
-6.711450253882532024e+01
-8.148379472194294237e+01
