-7.045122756180299461e+01
-6.331256972640807135e+01
-7.747286956021194726e+01
-7.203306075944291820e+01
-7.932796270304137920e+01
-7.154089233743238196e+01
-2.110131916653315187e+01
-8.083275632752108208e+01
-6.733577851139303050e+01
-5.068418622010508301e+01
-9.586241981714695726e+01
-8.033769207092858267e+01
-9.124130053366837956e+01
-8.849541693510015250e+01
-7.758641444146130084e+01
-8.348842861695382567e+01
-9.886785252044140293e+01
-7.684906736081127576e+01
-4.018320905102440577e+01
-1.033478690764231374e+02
-7.211370843330958280e+01
-8.531993623186735931e+01
-8.223918121001567272e+01
-8.798345050334081918e+01
-7.880088977357418401e+01
-9.654193130518557098e+01
-8.083730578541704404e+01
-9.198995670693626892e+01
-9.145759322769652044e+01
-5.042239667361341304e+01
-8.355134946501453896e+01
-4.648916359874375104e+01
-9.146674932272610192e+01
-6.613176403185914864e+01
-1.116775321397558542e+02
-8.607167471342864928e+01
-8.009868908032723311e+01
-9.317750406234695504e+01
-8.144435518687427589e+01
-9.831918215406111017e+01
-5.018237052979208102e+01
-1.001693026443389130e+02
-8.396413426031058691e+01
-6.018996973871215062e+01
-9.111504637502470416e+01
-8.638353716111242875e+01
-1.757190433339580693e+01
-1.044404480475690349e+02
-1.947751082291889091e+01
-6.253338094449836859e+01
-1.084982722035703233e+02
-1.003882657114025960e+02
-7.974405955473912400e+01
-8.382414333744915780e+01
-8.245211967492448935e+01
-7.149501626111569408e+01
-5.636317234077038307e+01
-8.291014077551542982e+01
-9.136784401929858745e+01
-6.380841293411665305e+01
-8.077369566019584113e+01
-9.883541359669213477e+01
-6.015310247101010788e+01
-9.306221605556042675e+01
-9.108293542709351698e+01
-6.898003685449955924e+01
-9.194822877450870635e+01
-7.738665785553490650e+01
-7.085227287304374499e+01
-8.386034607316172185e+01
-4.247303367208375136e+01
-8.202393333601749248e+01
-9.528335152757900062e+01
-9.413433289443815966e+01
-9.348482943067878637e+01
-6.692410552726020967e+01
-9.990887274483856118e+01
-7.284060714494485467e+01
-5.959668008757885360e+01
-7.247218892541557977e+01
-5.950379757897339061e+01
-7.568551256290696472e+01
-6.131563555312726521e+01
-8.441847873665858515e+01
-8.179291908114755927e+01
-9.724754913133104139e+01
-8.863637880982199135e+01
-6.521115384612032528e+01
-8.463560732765851924e+01
-8.235911141735923024e+01
-5.120623127588076784e+01
-8.680986863639780893e+01
-1.034424673560177155e+02
-8.429680885399291412e+01
-9.104687242867709074e+01
-9.206600824240146608e+01
-2.470203855465479492e+01
-9.116628778561113222e+01
-6.322564273000104862e+01
-9.966909662428805916e+01
