-7.458533243973735694e+01
-8.194376549260388742e+01
-7.661566979564922519e+01
-7.279449927777648099e+01
-7.918420950687558957e+01
-7.557037653203087757e+01
-5.237131088865725559e+01
-8.189796011347202409e+01
-4.744447975814793494e+01
-7.101153023142978782e+01
-7.782502002440841693e+01
-8.085681348995665019e+01
-8.580303720338950768e+01
-9.495665628090863208e+01
-7.879543106938771757e+01
-8.237011067673537923e+01
-8.263833865012230717e+01
-7.612670793675174252e+01
-5.635819182944059236e+01
-9.875361669742541437e+01
-7.024861257582531948e+01
-1.139022066591420668e+02
-8.234020352751770133e+01
-9.012732366325876399e+01
-7.725647903456275856e+01
-8.598124557129935397e+01
-7.410983509040651995e+01
-9.321556055310277600e+01
-8.944354857255414970e+01
-5.321141289961246201e+01
-8.583910103204064512e+01
-5.923904315518325348e+01
-9.639404832826450331e+01
-6.705209892932860782e+01
-8.617072802959094702e+01
-1.004978258668029412e+02
-8.913634986992400400e+01
-8.997608186248402262e+01
-7.733766504496230709e+01
-1.065137002895344978e+02
-3.676973878893487324e+01
-1.026269735038782613e+02
-9.413926878747950866e+01
-6.403985147278105217e+01
-8.566049350123373074e+01
-7.994734740742578083e+01
-2.612511387003278429e+01
-9.928266781328048296e+01
-4.182459538463646709e+01
-6.952152131318965189e+01
-1.005637188411045457e+02
-9.092117231814884803e+01
-8.988959472772026515e+01
-8.269687081953642860e+01
-8.870252559257822611e+01
-6.222652602926375209e+01
-2.837361866636963370e+01
-7.944579831445423679e+01
-8.345616889790184700e+01
-3.898861441667121142e+01
-8.081667399083625014e+01
-9.324754316665764975e+01
-2.978799463934074510e+01
-8.695493554845789674e+01
-7.968425770183078782e+01
-7.104760720870359592e+01
-9.981438443813661365e+01
-7.611791705202506364e+01
-6.497164200205365603e+01
-9.387603150653379203e+01
-3.391322159861942964e+01
-7.115826849290242251e+01
-1.010343675164558164e+02
-8.177378072525773689e+01
-7.951603422514226338e+01
-5.903374562093895861e+01
-9.357028018210191078e+01
-4.816823140117251967e+01
-2.343703226817426000e+01
-5.317218790486550972e+01
-6.801771632985789040e+01
-7.529170995047407189e+01
-6.883153608356334985e+01
-1.010028689528780745e+02
-8.024649117100317142e+01
-1.022857110954384154e+02
-9.188378856536223793e+01
-6.867441710928878251e+01
-8.416787005007266487e+01
-8.570251860203052274e+01
-6.912421873253781257e+01
-8.612785415200671935e+01
-7.882438961247716236e+01
-9.009576061229047639e+01
-8.345857588721605680e+01
-8.482865564156134042e+01
-4.047333222636608241e+01
-9.289902130945426961e+01
-6.925871068354506122e+01
-9.577262214577113753e+01
