-7.523897569078116021e+01
-6.206595869801681431e+01
-6.649985946689857030e+01
-7.374284988330465751e+01
-7.981668606859437887e+01
-6.810173600207508571e+01
-3.232527174721881380e+01
-6.090777621528471286e+01
-5.607303440127645189e+01
-5.536244476323192032e+01
-8.347025779069294060e+01
-8.784207663949993616e+01
-8.133935511278464503e+01
-1.064562603868496211e+02
-7.935699404078913233e+01
-8.401508779964474627e+01
-7.704757389689621050e+01
-7.574756637915777446e+01
-5.997688083666818670e+01
-9.828017413547003400e+01
-7.269522862101098326e+01
-8.087017627954266175e+01
-8.376988986439729956e+01
-7.940621147400547386e+01
-8.125336252199237208e+01
-8.267344505159742596e+01
-9.425625864030247669e+01
-1.030871234330305128e+02
-9.326221449569678157e+01
-6.358217449331010585e+01
-9.236137804433199960e+01
-6.768764378238708446e+01
-9.468114085138438440e+01
-6.870059754534021579e+01
-8.611020732708168168e+01
-9.572647086311143028e+01
-8.371611493189119813e+01
-8.634565846531724276e+01
-7.911848787227589241e+01
-9.192339538587758341e+01
-5.639306508296685649e+01
-1.074292236045245374e+02
-1.068969816274207858e+02
-5.988997909335927972e+01
-8.394357944957178574e+01
-7.520907945590698773e+01
-3.691082777150461425e+01
-9.039925415848895796e+01
-2.155979343120317182e+01
-6.730087787115073183e+01
-1.123458403460388269e+02
-9.769037713554462243e+01
-8.100242904875956640e+01
-8.128739629035176506e+01
-8.323346683111364541e+01
-6.996367439988962644e+01
-4.175774954603349443e+01
-8.228822420555580663e+01
-8.436615470832809649e+01
-4.995149661016668574e+01
-8.041530270836280181e+01
-9.294406326366858195e+01
-6.055279811066379381e+01
-8.706742776662754579e+01
-8.041461225847179151e+01
-6.176584901170291175e+01
-9.743175212539495078e+01
-7.838283838650771429e+01
-6.714128530506356185e+01
-8.432261750721021087e+01
-6.621947655085466522e+01
-8.004709052571001848e+01
-1.091000778441042769e+02
-9.796463120192375129e+01
-8.309887903048344526e+01
-4.575193346631775171e+01
-9.947241586131346480e+01
-6.449697447049109655e+01
-6.507618471513079328e+01
-7.486551880863612496e+01
-6.859444402588616185e+01
-7.441025109862073350e+01
-5.124717046859820613e+01
-8.361375245437746173e+01
-7.800820979359454554e+01
-9.194238088660672759e+01
-9.503596908505417673e+01
-6.756554940504118179e+01
-7.944044461014779301e+01
-8.363514389046520137e+01
-6.071461674399698438e+01
-8.178788587891824591e+01
-9.410040389239271974e+01
-8.773579911548920052e+01
-9.178403334315127893e+01
-9.225122110536037212e+01
-2.813302822274341608e+01
-9.157672126087720699e+01
-6.414180337762431350e+01
-7.712645803680003098e+01
