-7.520939277662309053e+01
-7.105112686785784604e+01
-7.215069504314935500e+01
-7.601946048728666483e+01
-7.902002175322859046e+01
-6.831002153612547545e+01
-5.642137385988900888e+01
-8.128881897334809992e+01
-7.089413923914359827e+01
-5.110861141852556244e+01
-8.737171982895671363e+01
-7.963750335735117858e+01
-9.351783548206675789e+01
-9.934912515515033249e+01
-7.902604240431720939e+01
-8.324110116894863154e+01
-9.023956269967791854e+01
-7.587335324153190186e+01
-6.615170564619900517e+01
-1.007314976227612817e+02
-7.504280496414200741e+01
-7.835690639963776505e+01
-8.673359991005271752e+01
-7.834745623450940855e+01
-8.134807062765206354e+01
-8.591668009491843350e+01
-9.064451956015830092e+01
-1.134493825546662293e+02
-9.399535665311013588e+01
-5.403801175689816461e+01
-8.665142994026206225e+01
-4.170116474079070912e+01
-9.507607294285290322e+01
-6.029494845331704767e+01
-8.449518483446351524e+01
-8.844327182514268770e+01
-7.989195598296147693e+01
-8.303831901690138295e+01
-8.080988530433536710e+01
-8.299971472185153232e+01
-6.343342384175096527e+01
-1.246287186957658264e+02
-1.057767901299538948e+02
-6.707013545488409534e+01
-8.710597984511801428e+01
-7.909674354831976473e+01
-1.895495102283642552e+01
-1.027365360135256083e+02
-2.001238253494340924e+01
-4.581541059633855184e+01
-9.642356083290277979e+01
-9.994833137872436168e+01
-8.165223252023972123e+01
-8.812127170560070510e+01
-8.736129204966681527e+01
-7.093381879677178858e+01
-5.262712544971536488e+01
-7.864778299369849890e+01
-8.005850631826925223e+01
-5.305042211381272921e+01
-8.010423084198387755e+01
-8.442912068506264234e+01
-1.860255745521871162e+01
-9.107395591842185922e+01
-8.144206701039750840e+01
-7.028199697972470972e+01
-1.081232466358387683e+02
-8.144802572506354466e+01
-6.550724198717276181e+01
-9.050079701428238366e+01
-2.527192267155685457e+01
-8.299909311844979243e+01
-9.776941380050713803e+01
-8.642375525105568101e+01
-9.408497147394558624e+01
-5.199031442048536178e+01
-1.131397357613820844e+02
-6.342655886589965064e+01
-5.748976133819898848e+01
-6.127759472963398935e+01
-6.701266115206907159e+01
-7.487440283206051106e+01
-5.509099966213841526e+01
-9.669530119916160515e+01
-7.800090960151339914e+01
-1.012239147315313375e+02
-8.201301951276825264e+01
-6.461778352972562800e+01
-8.649824928294945892e+01
-8.093848735384005977e+01
-4.527771246053379173e+01
-8.116185193555736532e+01
-1.056820684456282748e+02
-8.111098623638908123e+01
-1.085387524576059661e+02
-9.148751924381491563e+01
-4.405925685575899564e+01
-9.619005539037881647e+01
-6.395865447880834864e+01
-7.988312208588614283e+01
