-7.537376042009047694e+01
-7.496120098345286920e+01
-6.700871877724675585e+01
-7.159668037247516281e+01
-8.081132989644717668e+01
-6.751147684206122790e+01
-3.923283669621565650e+01
-7.656659430240802067e+01
-6.105030719177401721e+01
-6.017531579010704235e+01
-9.493443215680838421e+01
-9.569285330168163739e+01
-8.964021398247287209e+01
-1.009742951474378145e+02
-8.199849905825028884e+01
-8.044554171054119251e+01
-8.680613373277618905e+01
-7.509350195788532289e+01
-6.411540031314868315e+01
-1.058919203543302245e+02
-7.481164011471496167e+01
-8.168324415769266977e+01
-8.328929750395948872e+01
-7.945488287786842818e+01
-8.495378853455024171e+01
-8.833129375579373743e+01
-7.877057513810601108e+01
-9.601771562933497250e+01
-8.724974869617781792e+01
-4.701044241770723886e+01
-7.816239049914047143e+01
-3.913421549297897428e+01
-8.276210346258704931e+01
-6.217607307296394481e+01
-9.551413991315847341e+01
-7.807366738482309643e+01
-7.987025474303449357e+01
-9.551731498286531519e+01
-7.900840403487850949e+01
-1.064869198733112370e+02
-4.900082763549650622e+01
-9.102325286404364135e+01
-8.878033743992219229e+01
-6.308368941192164669e+01
-8.922726370806309149e+01
-9.780200471465904855e+01
-3.425831282430976188e+01
-9.332747374275739105e+01
-4.227484220729628106e+01
-6.916374014088346200e+01
-1.091995400209269036e+02
-1.056998516328340116e+02
-7.718676602930825936e+01
-8.545460336296704895e+01
-8.236589610814522189e+01
-6.938388858065039244e+01
-6.163201855046614952e+01
-7.846051506940520426e+01
-8.338848842310473231e+01
-6.234019897384069964e+01
-8.161322721245613820e+01
-1.028786801809099956e+02
-4.044524526913273377e+01
-1.026977125523665677e+02
-8.436800890653478291e+01
-4.913485742255249988e+01
-9.917907262194603391e+01
-7.801937854691084340e+01
-6.652628676348759029e+01
-8.760523329178936081e+01
-1.314886199804405997e+01
-7.713587193842235479e+01
-1.013175731812835636e+02
-8.993163115605602798e+01
-7.942084406373781746e+01
-6.506261000312071019e+01
-1.090023752185448842e+02
-6.695659879525055658e+01
-6.465557747077880890e+01
-6.240357166557073043e+01
-6.885115790124383750e+01
-7.379261202947340337e+01
-4.545864691533478918e+01
-9.730357928111394017e+01
-7.993303699169686638e+01
-1.035263782020305854e+02
-8.306078674340778889e+01
-6.333303517532252158e+01
-8.515579401942095217e+01
-8.151826561354741330e+01
-6.140477426204699896e+01
-9.934591749415145046e+01
-8.153638521114541504e+01
-7.905600208887889835e+01
-1.126390202965444871e+02
-8.694609750944333371e+01
-4.886273498287507522e+01
-9.493214894495494605e+01
-6.448735884934835383e+01
-8.006387624596173680e+01
