-7.464549581567167991e+01
-8.219833981525248134e+01
-7.391873940995746750e+01
-7.551614694345160217e+01
-8.341878302002386647e+01
-6.743141136963528481e+01
-2.225263649828159629e+01
-7.847349662709935103e+01
-6.890131590500756431e+01
-6.840460722611253175e+01
-7.694999751329780224e+01
-8.020362743140259454e+01
-8.691128560400767356e+01
-9.715526196258880987e+01
-8.274306624801337762e+01
-9.173986254591648049e+01
-7.820306739840523846e+01
-7.534211876578518741e+01
-4.745943230645609390e+01
-1.177186959978200491e+02
-7.508566391239607185e+01
-7.870661129920961230e+01
-8.084932535134561249e+01
-7.909333247783901299e+01
-7.711816313771028319e+01
-8.726734319191490385e+01
-8.511722624256265135e+01
-1.044697760493747722e+02
-9.041191646536887561e+01
-5.755925270370192237e+01
-8.049796866031276465e+01
-6.362529753659442378e+01
-1.014377254185519348e+02
-5.729470284534524183e+01
-8.576600982031985154e+01
-8.146763381451656016e+01
-8.166135922086128573e+01
-9.236577203371012956e+01
-7.790916670055143811e+01
-9.653048993073865347e+01
-5.021455126660036683e+01
-1.084066922345021879e+02
-9.032892825846489870e+01
-6.831440965974118740e+01
-8.501005757910819227e+01
-8.718106202663355475e+01
-1.547542845011008694e+01
-8.847013994377316237e+01
-4.585878461821394581e+01
-6.568469947986498880e+01
-1.063121224103234255e+02
-1.016646892728409597e+02
-8.409505572076194824e+01
-8.144296783787892480e+01
-8.171606002335406060e+01
-6.957733708722687993e+01
-6.792729404752564903e+01
-8.817346905712199145e+01
-8.968838106735839233e+01
-5.464579173424149161e+01
-8.514903509869270692e+01
-8.609396787273172436e+01
-3.567632041490776373e+01
-9.932112919953840446e+01
-7.939476305000064826e+01
-7.259323799587389203e+01
-1.022104009805629516e+02
-8.381516993257525883e+01
-6.745544765896644890e+01
-9.994385002753415392e+01
-4.190791721289403426e+01
-7.756273591222823427e+01
-1.152789132371698173e+02
-9.092348371146798058e+01
-8.808448671215043646e+01
-4.826299966566210031e+01
-8.382086054129207753e+01
-6.337745068756539979e+01
-6.491502458601588899e+01
-7.274217575269314295e+01
-6.902498349164575586e+01
-7.530048870010482176e+01
-5.165952380519567555e+01
-8.539316341638193819e+01
-7.833203308148146959e+01
-1.087858939723778349e+02
-8.593583397583294925e+01
-1.147022576921178683e+01
-8.518440754540709747e+01
-8.542760686571931217e+01
-6.268730913803032223e+01
-8.219812634271080753e+01
-8.079765984524722455e+01
-9.106312766295809524e+01
-9.195189559495177889e+01
-7.891950819321337462e+01
-3.079693700055650396e+01
-9.036565003258874640e+01
-6.314823804041019883e+01
-7.985577067226505221e+01
