5.399054849078076757e+00
1.844539935628426441e+00
1.220877719748612922e+00
6.851639134077278648e+00
9.480805533104962990e+00
1.038848050113965193e+00
1.521480060447928384e+00
1.113244712900290700e+00
3.576535199662251863e+00
1.058651162389447453e+00
1.455414559807671093e+00
6.704158757497039822e+00
1.026131879161956695e+00
1.056447096358260840e+00
5.710998286988116845e+00
5.787182677050440205e+00
1.218113019073572278e+00
9.021392657765371581e+00
1.942103312348123723e+00
1.385466408772747515e+00
7.493588797803460544e+00
3.782890765313851933e+00
4.009818245100495560e+00
4.502510897625603192e+00
4.229550235588355633e+00
7.364210824663324217e+00
4.417281196967796753e+00
1.036276067429215075e+00
1.244209233457358010e+00
1.034708486886224854e+00
6.313812567400085562e+00
1.111510965042258769e+00
1.003031544822352350e+00
3.020998436803425502e+00
1.826666482671936320e+00
4.454520195398585791e+00
1.048254349512949801e+01
1.107610211793003119e+00
4.043284905303590193e+00
1.098508980798470924e+00
1.127872380569176602e+00
1.249266412190625175e+00
1.064451385508447645e+00
5.678972557076952477e+00
7.506136023225735698e+00
1.028479146100859110e+00
1.084917748728167819e+00
3.290347047059013263e+00
1.040264064982508341e+00
5.197641695717150512e+00
1.217292369929183327e+00
2.673602498723314902e+00
7.046195880621913155e+00
4.898484299933370423e+00
6.935921343054451960e+00
4.266552340538286359e+00
1.209007745394115263e+00
8.193127837409715397e+00
1.121001858248637850e+00
1.046204766385872231e+00
1.271712637769395027e+00
1.053822279016305208e+00
1.091103806956545075e+00
1.054434960581382086e+00
1.791556713895410047e+00
1.060698978620461030e+00
1.522156992364940953e+00
1.048428913959424502e+00
3.002907152276182767e+00
1.936744323331077711e+00
1.268563532075175138e+00
5.165022780612983588e+00
1.180348547232429546e+00
2.068869206171258579e+00
1.610849374591966754e+00
5.529173575216685066e+00
1.061706179246288517e+00
1.684731341560730344e+00
8.325849166577258487e+00
1.186652716444092537e+00
6.308221522181616692e+00
1.084001619397118255e+01
1.957461120119095010e+00
1.064630767187514149e+00
8.408778002195088419e+00
1.056579539545975388e+00
2.884356745999324012e+00
7.966996986801130554e+00
2.316008687239803798e+00
5.094460160631990142e+00
1.278765852920556556e+00
8.030391274894704168e+00
5.732881364010958158e+00
1.050376198242256365e+00
1.239488478686068929e+00
1.569475802632676720e+00
1.012715164043285210e+00
1.031622995909420526e+00
5.488882931177723634e+00
8.326911943378034309e+00
