4.506928650908807121e+00
1.107506421403436470e+00
1.028136638385599877e+00
6.658398458348814941e+00
1.521323131924620320e+00
1.318422168026225139e+00
1.081795798321667057e+00
1.112069359732171581e+00
1.222444624911647182e+00
1.004729234255822501e+00
1.088006492383105650e+00
4.947307186253985023e+00
1.173699620021667611e+00
1.055075848705292474e+00
3.611091984569123614e+00
5.665579223728799185e+00
2.433947516015924961e+00
7.841450254482339233e+00
1.064907598278208134e+00
2.113101129577334536e+00
5.033316150494303365e+00
3.834551143992610100e+00
8.287245386014699733e+00
2.731246506286996834e+00
7.370989811723802632e+00
9.820982087009728190e+00
1.063558954061166073e+00
1.350902276439632343e+00
1.016750720488348581e+00
1.230970844418862509e+00
1.798987962116795236e+00
6.432238196572393818e+00
1.080726258713433641e+00
6.531737070140919421e+00
3.553389191981781270e+00
3.702808314081651009e+00
8.883442044433280671e+00
1.153823073952071843e+00
5.875597396601247802e+00
2.535065224128763450e+00
1.177282171996980598e+00
1.386714589599353564e+00
1.170908301016238440e+00
7.535716556262895161e+00
1.608869551920337315e+00
1.596395207470716393e+00
1.157229242317478146e+00
1.023745863528255917e+00
1.962084900982671520e+00
7.636616703098592751e+00
1.412751627786269282e+00
1.073701529092538021e+00
1.003683529824992871e+00
5.461570991889539428e+00
6.254909193914161669e+00
6.251822321110184433e+00
1.248886144733301951e+00
5.547325321417960531e+00
1.122742356762818972e+00
1.760326515388243696e+00
5.783136604649467216e+00
1.008510450171041128e+00
1.208012031825368648e+00
1.749898096438894379e+00
1.285014195586726915e+00
1.174880944146122985e+00
1.106234850939908698e+00
1.047748605272939226e+00
5.010645596111759303e+00
2.279055807838968661e+00
1.017976117281832682e+00
9.424353734954618034e+00
1.203491152335999237e+00
5.375087688399906583e+00
2.128450581601121883e+00
6.868460649046718380e+00
1.032986893411608875e+00
2.580517915620140101e+00
3.802008288341518494e+00
1.010741495009745305e+00
1.114603380192085424e+01
1.311137332368894626e+01
1.201509198005635159e+00
1.051724091185790133e+00
8.454029443924596876e+00
1.065711450083909106e+00
2.825091735063987031e+00
9.952786762427367151e+00
4.465449209178049550e+00
1.674525901265220051e+00
1.363429591235136629e+00
6.920945486140062997e+00
3.559750918651175766e+00
2.394065026827453924e+00
2.555681717551888443e+00
1.582948436164421935e+00
1.118200834648142683e+00
1.023879021762230668e+00
8.568132460720834231e+00
1.121887458728075826e+00
