8.516998337677041064e+00
1.003638317067547803e+00
1.095129894515326496e+00
7.944845024421542057e+00
4.690767997866649885e+00
1.186950307461576593e+00
1.155089102601591478e+00
1.992048278057452215e+00
1.351444626069140842e+00
2.976679737895631117e+00
1.315342694657966494e+00
6.556744270770356486e+00
1.210051202031075634e+00
1.012347411901404204e+00
3.771483461322090669e+00
2.812405305761313201e+00
1.115871607683016409e+00
7.666215657114080706e+00
1.162141724881780913e+00
1.140162476868938457e+00
3.655924182496280928e+00
6.657065987732606160e+00
1.045170358592048387e+01
3.017451843368542441e+00
2.292821573083137388e+00
5.801847168013289036e+00
1.745026820551271562e+00
1.757715423253746634e+00
1.053726810490389187e+00
1.218820639682204332e+00
2.919896760781468092e+00
1.144638013648397790e+00
1.276536657711915268e+00
9.967043315295587291e+00
3.113721600300122017e+00
1.853936826697652585e+00
8.298328561455473817e+00
1.175761391566062075e+00
2.792765516847820262e+00
1.050387846064289921e+00
2.376095266289675489e+00
1.464805938361557480e+00
1.062337438956548752e+00
3.724920440176282987e+00
3.956033250331759898e+00
1.141984025478577580e+00
1.046003947787730093e+00
1.073975478768410374e+00
1.069646728707651651e+00
6.234729096127315628e+00
1.083924213041612239e+00
1.309247242548567058e+00
4.533696309700090410e+00
5.026929628549333451e+00
7.266229565067246376e+00
5.569844927346689012e+00
1.787961393568940904e+00
2.607823036793025295e+00
1.074727466409164833e+00
1.079505028199172489e+00
1.404957334014410586e+00
1.085544970046518509e+00
1.165206829928336685e+00
1.006483801264672628e+00
5.194025173568014075e+00
2.363143161121058267e+00
1.057467829038207574e+00
2.739033348118131705e+00
5.572831935889876576e+00
1.230448413204616953e+00
1.220069782341447695e+00
6.319497489126900014e+00
1.217114888158275843e+00
1.072662296057791398e+00
1.025854610932804389e+00
2.848117753690466714e+00
1.075583072755529335e+00
1.156903216305996240e+00
1.023020538370686161e+01
1.381363717310063022e+00
9.943428127474630784e+00
1.102563668489772475e+01
1.071800381567356464e+00
1.078018749570419876e+00
7.060687322984583680e+00
2.145993574234237755e+00
4.072790114871654765e+00
3.476700129878626200e+00
1.177079630442592117e+00
2.143700218825589143e+00
1.457727413492390767e+00
8.402095052521543650e+00
2.160200504809257183e+00
1.189688929326623512e+00
2.241989674037896840e+00
1.069488114753993857e+00
2.517462092720408773e+00
1.817082700922433514e+00
8.603136800296441677e+00
7.004164797465735504e+00
