5.874769772148719760e+00
1.597748516700941313e+00
1.011363779718432943e+00
7.286213175307490353e+00
6.251420371712804958e+00
1.017434590796003846e+00
1.119219685883789062e+00
1.060236165769422811e+00
1.280211206184451500e+00
1.172377136021877764e+00
1.247231723615620291e+00
5.735457485840123937e+00
2.361804158277853727e+00
1.018431676783204010e+00
4.657260711307039891e+00
3.230738762454514301e+00
1.430288075439764883e+00
9.399715217854931026e+00
1.301722410022042586e+00
1.155481165572896485e+00
2.107908091192279176e+00
3.189317154329177839e+00
7.492099152766198422e+00
4.171119924177014049e+00
5.241799274596559144e+00
7.976120673599905508e+00
1.401601878060070083e+00
1.028365437102224389e+00
1.076365907904457186e+00
1.196867647405355672e+00
6.432037861939806866e+00
3.627653609347799346e+00
1.008572354075435662e+00
6.884673729260962105e+00
2.434960966046430197e+00
1.121543430377111239e+00
5.590600741425673981e+00
1.104551852722783112e+00
7.300289668605064008e+00
1.040630395331745062e+00
1.960091916222482800e+00
1.273746763134478321e+00
1.629746300330007225e+00
7.888341824045081552e+00
1.439883300989346804e+00
1.794747699507985406e+00
1.173620302149551486e+00
1.096472441494394934e+00
1.564682472276779146e+00
3.880292353911904080e+00
1.078071173277136197e+00
1.086418051692344733e+00
4.868620429594341381e+00
2.116677307569524658e+00
6.668262268529296044e+00
5.920697250834909831e+00
1.004408881611705162e+00
9.184802536088277236e+00
1.014925040370988407e+00
1.444203387099463054e+00
4.989118690519856791e+00
1.792834554834360272e+00
1.096989246098786897e+00
1.827308647230821981e+00
4.619039925733723351e+00
1.298390021493101454e+00
1.077250024446549048e+00
3.617676310724468269e+00
5.764094795231226698e+00
1.334592975998466491e+00
1.249625210423175536e+00
1.304754065437521371e+00
1.060171203862307232e+00
2.029825397835298695e+00
1.148120200454223694e+00
1.192709760409747410e+00
1.031165524173022874e+00
3.029995783617385197e+00
1.403416010201101294e+00
1.047325124273177588e+00
7.651970811085321067e+00
8.351991239813214563e+00
1.262915760599302661e+00
2.525813319348119812e+00
8.598974582427940661e+00
1.100087242843620805e+00
3.403956693477258266e+00
6.454940058699208727e+00
1.108829117109011886e+00
3.519101854570129806e+00
1.548948218791340814e+00
6.111531707574491712e+00
1.486071445813327063e+00
3.809106728026278699e+00
1.233315203933502913e+00
1.019755129023837359e+00
4.851719758423455708e+00
1.816011682555603191e+00
7.721225596667737889e+00
4.808132141958622263e+00
