1.028169068730156788e+01
1.037638019347547624e+00
1.255805774022997978e+00
5.222696861921846789e+00
6.831256746110254241e+00
1.154013873541805513e+00
1.085297996794152953e+00
2.691183701201922407e+00
1.791230544936900593e+00
1.035278613894716981e+00
1.056460399233615011e+00
5.924169304154875526e+00
4.700808649025248087e+00
1.069753995567175986e+00
2.073237084649780293e+00
3.041461174748147478e+00
2.601695180888478731e+00
9.976947857657146201e+00
1.264878946329870413e+00
1.200491518602665009e+00
5.987468381442307752e+00
5.026982735688526382e+00
7.458806760728228902e+00
7.270822096420212155e+00
9.559216557225692412e+00
7.575868164493199330e+00
4.294727486779639669e+00
1.173485834865237498e+00
1.059084669307698290e+00
1.285267321419587327e+00
4.478030862620927088e+00
6.811289922427540056e+00
1.923623773215482613e+00
8.400795755671083498e+00
1.361385041694773479e+00
1.123113184077703774e+00
7.292088867685975195e+00
1.090696978962916619e+00
4.760357162572709022e+00
1.043504447614347797e+00
1.044783956450096252e+00
1.038529283057164632e+00
1.080764643662777580e+00
3.021895209166559848e+00
5.359478879432538534e+00
4.340420143380648632e+00
1.058619887196962983e+00
1.952065798085279802e+00
1.198268116586196808e+00
5.763780325373708102e+00
1.003251984853645196e+00
1.283782713339209458e+00
1.338931175227560999e+00
5.743212340182294540e+00
6.851628801739680696e+00
3.829141682725304641e+00
1.012026181618328469e+00
7.059195724535559435e+00
1.092375718058278045e+00
1.252578014194932976e+00
1.291893530692067360e+00
1.023382203666047596e+00
2.461115263146600007e+00
1.105466734799996464e+00
5.147501769382119896e+00
1.287859533124595002e+00
2.681087776469116335e+00
2.859750294609656240e+00
4.697722796897265241e+00
3.914479586436907077e+00
1.030429971292812219e+00
1.510666667734126944e+00
1.074211036908004235e+00
1.518444991634072538e+00
4.028072949037444950e+00
1.205194838562736237e+00
1.012899621976947051e+00
1.577142215414299553e+00
8.202916375803942728e+00
1.757893122449510459e+00
7.304463604312049441e+00
3.986978439839379718e+00
1.136464109241065445e+00
1.501205843876481705e+00
9.724634838159062156e+00
1.040810823537367424e+00
2.568971003679657805e+00
7.233524074274371607e+00
1.064128692056328873e+00
1.623206338702291029e+00
3.203325305978022008e+00
4.072601422100348145e+00
1.882679814963224674e+00
2.814171546950805958e+00
2.823439388086302237e+00
1.395052161602398755e+00
1.988695055602464734e+00
1.630342117962177317e+00
8.128898268177719544e+00
8.789097706942499144e+00
