4.922164259513753137e+00
1.215412922748314140e+00
1.199353940748424385e+00
9.482465579131327260e+00
3.018138323500060061e+00
1.029481197675316428e+00
1.013252318156371512e+00
1.487609536326551352e+00
1.079570891798894650e+00
1.013032156330542222e+00
1.204256959734143040e+00
3.095180237258960965e+00
1.574992106049486251e+00
1.507620663244501502e+00
4.726713379136405990e+00
2.915017755253471510e+00
1.206208328044549694e+00
7.476244546450958595e+00
1.320936040932096267e+00
1.292109201685471831e+00
6.086656566519540235e+00
8.074220381571121763e+00
5.836176961739263369e+00
6.721393508988827037e+00
3.170705104779965922e+00
1.090851091460274347e+01
4.138084473421145049e+00
1.151647447867298002e+00
1.191786390752312519e+00
1.034869854877683348e+00
4.809558164563005001e+00
1.014477003373372099e+00
1.051495674296385019e+00
1.626261316564548087e+00
1.173787543306494374e+00
1.219470239738360107e+00
6.722511765671383088e+00
1.192660159330720671e+00
5.705714992237050254e+00
1.526051612559045312e+00
2.358189021982592504e+00
1.136704188498739443e+00
1.054833940271987069e+00
1.468806813217037988e+00
5.040748568811476815e+00
1.355788808785092669e+00
1.058166680715888042e+00
2.794934037319106501e+00
1.049333335623918728e+00
4.574247688973715142e+00
1.100622869252174896e+00
1.078244094763449290e+00
3.215347325141804991e+00
8.416971977133007599e+00
5.974914461433951551e+00
2.417866864366689406e+00
1.143347724316362113e+00
1.702569066061426106e+00
4.715771564829814189e+00
1.483689096951039232e+00
2.469097761596855012e+00
1.313615914132238327e+00
1.105929526607290825e+00
1.082440575778972347e+00
1.346056018007466770e+00
3.749789434532726506e+00
1.032189783009877626e+00
2.122540197025910125e+00
2.616176360380410237e+00
8.426106084513580896e+00
1.453532631235850969e+00
6.238579251987626861e+00
1.073172182043830913e+00
1.008638174327769033e+00
1.193292566573068036e+00
2.624142269610019618e+00
1.019428603397788402e+00
2.794191504533945825e+00
7.290344208674125248e+00
1.750256197952177573e+00
9.810667158720184133e+00
9.876992955329352952e+00
1.101534857220600960e+00
1.025750873630935978e+00
5.713637412135418536e+00
1.552851899903631150e+00
2.866271747236829537e+00
8.582880171344315912e+00
1.612621026018934201e+00
2.890105401283074471e+00
1.277090996412594048e+00
4.553698743635173685e+00
5.410836625626201268e+00
1.068194698831909095e+00
1.550453929353790228e+00
2.167319641337233538e+00
1.533428616791670418e+00
2.388576245267771458e+00
6.313514300416954939e+00
4.278945674477715677e+00
