9.351629957392963988e+00
1.057942930289126560e+00
1.188168288761725755e+00
6.759162406155494907e+00
3.453061330339530777e+00
1.011672233960283496e+00
1.028205611040601486e+00
1.004085685359114688e+00
2.226764357315677234e+00
1.101631299668663244e+00
1.042450959702424740e+00
3.706642428147964630e+00
1.014901878064650376e+00
1.158045277721618360e+00
4.231550357443838450e+00
8.489444407186798713e+00
1.024172987886256880e+00
5.150216431468377820e+00
5.153760455778595428e+00
1.033954534411793524e+00
9.579921109086772191e+00
7.086710553191155171e+00
4.300666608698680449e+00
9.018819105244142875e+00
6.258305449747608940e+00
5.321742195386058860e+00
3.386606079877766629e+00
1.013530038447463255e+00
3.066275618909322098e+00
1.158077471665552194e+00
2.142753881680693695e+00
5.489718621038051971e+00
1.508896711458046269e+00
6.973033552777358146e+00
6.326196932806516848e+00
2.647769624988949300e+00
5.588258302743895456e+00
1.038617954340302019e+00
3.959824236757848226e+00
1.103675819657233159e+00
2.031811500578082352e+00
2.016822035038855709e+00
1.080361024972442241e+00
4.658760567542360675e+00
3.766971736445351659e+00
2.087050170650853076e+00
1.061039436592573937e+00
1.052614116231172403e+00
1.118884632107510102e+00
4.366868678532030756e+00
1.208004731301684176e+00
1.162350393882406241e+00
2.258954455503110914e+00
4.451891172853556178e+00
7.454458910022230711e+00
4.906195843653538446e+00
1.554535529611546174e+00
7.287999231300776870e+00
1.816262166434226888e+00
1.826419668496265247e+00
1.643889974002213705e+00
1.047654118564781411e+00
1.027889840060351334e+00
1.040093925610194869e+00
1.544953197827852565e+00
2.880358063428805515e+00
1.243591082145475646e+00
1.061015220213014754e+00
4.792363282820095272e+00
7.084970097753081397e+00
1.301461293990564982e+00
6.489159793413617372e+00
1.713924054908110284e+00
1.544833482923180012e+00
3.153455071803079157e+00
1.256419151709471160e+00
1.061094900447233647e+00
1.179922691708604976e+00
8.019541132349949919e+00
3.656034810117472666e+00
3.273133704850651249e+00
8.319585040501980444e+00
3.272804607336101679e+00
1.309867367089827983e+00
9.732791762791489276e+00
2.095411666288622854e+00
1.103356116482028915e+00
4.150467558127467704e+00
1.681427273106618436e+00
1.176488393778619024e+00
1.123207456098709311e+00
9.696043570564954805e+00
1.382647090896429898e+00
1.449954862933282795e+00
1.150713052491481481e+00
2.653737513722336683e+00
4.069575401087759836e+00
1.212543025100910832e+00
1.002684000617655791e+01
9.581655206977460537e+00
