6.784825610654150907e+00
1.018948170873037906e+00
1.182140498628628578e+00
8.772345292258597382e+00
9.632470557292837299e+00
1.107195875678705033e+00
1.083619371812957199e+00
1.082585038946854095e+00
1.339376497154039170e+00
1.764107436172331900e+00
1.183189398567689343e+00
6.389922079784751574e+00
4.941311733577555820e+00
1.056319633576278116e+00
5.279308722578975654e+00
4.202904486747106816e+00
2.557267059987011315e+00
9.701815240127235285e+00
1.051501345652058328e+00
1.049819730419890629e+00
8.428333737993913388e+00
7.440976773474399231e+00
4.015437453957445335e+00
6.468652837131592115e+00
8.840877480505524133e+00
6.602862325498733753e+00
3.041970250350476856e+00
1.029538700677612661e+00
1.023599159850270723e+00
1.031089287033017055e+00
1.267029410591384408e+00
1.930270234858381562e+00
1.303199217758703732e+00
4.814199736181342004e+00
4.649585440996506058e+00
2.879210062151217109e+00
6.811082535244737279e+00
1.208269264479013394e+00
5.298086500469366911e+00
1.017342241644596523e+00
1.854704983166687748e+00
1.084793273177374839e+00
1.033401405645383964e+00
4.625205156446307697e+00
2.884693039793847724e+00
1.023271361181707917e+00
1.055296882050540397e+00
1.005502941098293190e+00
1.697653251635076188e+00
4.442827145399490085e+00
1.014395749628970611e+00
1.202844634528255519e+00
1.588302792119573148e+00
4.857080570191595115e+00
1.067961313184313177e+01
4.595222062276022257e+00
1.002168723099601255e+00
6.862737930164504618e+00
1.257193062935743066e+00
1.049442345220479300e+00
4.184910655261385948e+00
1.028811545335058586e+00
1.046366404341830592e+00
1.068844681711717204e+00
1.373670873103666645e+00
3.565014486815071049e+00
1.580120944717525289e+00
1.671935560999139314e+00
7.327759400265448697e+00
4.214843292226079008e+00
1.163136584715512178e+00
1.052484468257498307e+00
1.040528928513902551e+00
1.394452538494565408e+00
1.617585469827461209e+00
5.872850900697769383e+00
1.236890147770623116e+00
1.150026286307489931e+00
9.335557633581002435e+00
1.804750407101794574e+00
7.485964179677267794e+00
7.878285088766045163e+00
1.038738635603063010e+00
1.878381426918751540e+00
9.919597435855491696e+00
1.013543176163389514e+00
2.155541768238699696e+00
7.804002265222665713e+00
1.277058603572892359e+00
1.466064655070307809e+00
1.146895489167487403e+00
2.603387078752458450e+00
4.107296868792573719e+00
1.188434407116083946e+00
2.314741410905050589e+00
1.052638206250258612e+00
2.849910428804916407e+00
3.110384160257308572e+00
8.089130593796451052e+00
5.123985375391289843e+00
