7.704807674505121717e+00
1.155174642141233221e+00
1.071790546977155145e+00
7.177305707762164033e+00
1.515329562366257043e+00
1.914035480273341472e+00
1.049670401781620743e+00
1.062472841374937360e+00
1.040843053545118968e+00
1.058106149251681005e+00
1.340281651188629519e+00
3.493996898211079838e+00
2.496326776095519229e+00
1.105353610386245355e+00
4.728597590460877242e+00
6.937183015830465038e+00
1.989770878333516180e+00
6.328527014271075224e+00
2.536348212816431413e+00
1.138147641517012865e+00
4.987878098184395981e+00
7.555256236281926441e+00
6.830749887603694503e+00
9.660967717559737267e+00
4.522539448990475108e+00
9.853297043107772879e+00
4.857190344654970460e+00
1.070049665114299886e+00
1.063363422915255985e+00
1.038127763641127466e+00
4.213248864698481810e+00
9.571952587444313210e+00
1.352342740844447722e+00
4.695443628877879583e+00
3.523967680629563226e+00
1.967730582326540301e+00
6.627516051424417576e+00
1.004370098960534197e+00
5.661038568528772075e+00
1.649099613086387750e+00
1.989791397339210510e+00
1.224343766805380262e+00
1.336860444272431225e+00
4.306032090643277854e+00
5.456919310523240974e+00
1.125511634041424402e+00
1.179447016026302641e+00
1.308006031451734108e+00
1.022762314392234195e+00
5.924701285142506713e+00
2.357294090849857859e+00
1.223749250632487628e+00
1.047321284527173102e+00
6.460627529051322426e+00
1.062329350964861696e+01
2.989205267168595803e+00
2.282733146285136794e+00
8.490910060138094906e+00
1.147692161399541000e+00
1.113112235972720798e+00
3.527463836956023613e+00
1.026992515789901361e+00
1.417725545223520456e+00
1.142493529432548005e+00
5.797809550991149585e+00
2.762483130712674040e+00
1.317625392783376315e+00
1.034776418214828020e+00
8.089541792839556322e+00
4.762815578570640973e+00
1.771866015288636298e+00
6.078782767294132583e+00
1.083944589522827462e+00
1.197424383227422284e+00
1.117742043405993924e+00
1.738374401106052014e+00
3.643370212645940853e+00
2.043348349980854461e+00
7.384866470688483453e+00
2.693550611370888692e+00
7.235137510914607439e+00
1.379008283710487959e+01
1.028759189137248731e+00
1.452770670572142375e+00
1.040119581663020654e+00
2.807030534567260815e+00
2.541464577291693949e+00
5.391759079737028948e+00
1.042450007913080956e+00
3.297612664846302888e+00
5.103139834375407524e+00
3.735301528218925693e+00
4.718114052418668436e+00
2.146466433524891304e+00
1.300124261029924622e+00
1.186471867824986148e+00
1.099481174012200357e+00
1.012214849130541161e+00
5.424178390061697996e+00
6.228694598685565076e+00
