6.359077819034712142e+00
1.003938773659204919e+00
1.053191807834453986e+00
8.982575014525004065e+00
5.845853914532479934e+00
1.014787721610370674e+00
1.121018333166313274e+00
1.054980804314252563e+00
1.059171973140716538e+00
1.085934013744197735e+00
2.026394566231350503e+00
2.643788597715087896e+00
2.086665710820805764e+00
1.053894677256124401e+00
6.799974648323152238e+00
4.093787790609936472e+00
4.654747262631288685e+00
6.721483203742554480e+00
2.295904140781774849e+00
1.055772371936414711e+00
4.682006712728799869e+00
5.405193033271730840e+00
6.506522320806001680e+00
8.671766026963302565e+00
5.279121060079937422e+00
1.028700842634543200e+01
1.009693629216463329e+00
1.067900185734236507e+00
1.073305007873175398e+00
1.394724489175072080e+00
2.791442189220635584e+00
8.146705691390215165e+00
1.049712811897832720e+00
9.223087459509438091e+00
2.628084712818018698e+00
1.079527931080838776e+00
4.204827094312091340e+00
1.299682118631360295e+00
5.521677797787321040e+00
1.726742386274863650e+00
1.968657829685003025e+00
1.036129999312918937e+00
1.086123816975829159e+00
4.139915004756133499e+00
4.550619815568675897e+00
2.490499360662399742e+00
1.411688279061089402e+00
1.227818869392950152e+00
1.081612336756834436e+00
5.323906291097878274e+00
1.048900116036442398e+00
1.058527808596935182e+00
3.295797887586449537e+00
6.202460478714296954e+00
8.588164138295431016e+00
4.724231790464513026e+00
1.268089415303501832e+00
2.368533809189100836e+00
1.597872736080880873e+00
1.145945364982790204e+00
2.621782497345154894e+00
1.298405775306884502e+00
3.097699807230762659e+00
1.419511135094940535e+00
4.629038568760141636e+00
1.105431651379700009e+00
1.249294536116171361e+00
5.436897508820432989e+00
3.480569287681449353e+00
3.553717923690058456e+00
5.126848787332619395e+00
3.565563082165011721e+00
1.387257492503718659e+00
1.053887750110037436e+00
3.135108483291634940e+00
1.004132110111912723e+00
1.014042430520524007e+00
1.703625341262835491e+00
8.251968387045678810e+00
6.343237619124300508e+00
9.060573388309631326e+00
8.103763239768138504e+00
1.107230184385576521e+00
3.025708351577896860e+00
7.932802115367191043e+00
1.169255887804503846e+00
1.337127655453698605e+00
8.487287691645574839e+00
5.377660032628746478e+00
2.301531456846492851e+00
1.942157454998007848e+00
7.320180623518771412e+00
1.857847778215743872e+00
1.130232124554931605e+00
1.642481662227744499e+00
1.282529583265766826e+00
1.015096308229260114e+00
1.254632496828451904e+00
4.969599453826586632e+00
8.775214291465530891e+00
