6.182243119564420297e+00
1.100612963261287325e+00
1.138234795745985073e+00
9.170448215134907599e+00
1.024199039100466502e+00
1.744228689596682980e+00
2.273218666488637574e+00
1.045858686222528533e+00
1.077872875601409541e+00
2.214770577956398423e+00
1.074785360934972234e+00
5.509337134494339594e+00
1.337549381578803542e+00
2.951358112478207563e+00
4.704715406446668524e+00
7.163184086757516944e+00
1.259044597239058705e+00
7.773984915387343264e+00
1.326639816550434281e+00
1.053719800584148603e+00
7.330906045097583146e+00
1.829079496562460161e+00
8.640549766271233167e+00
6.088227043912175951e+00
6.066183226797260630e+00
7.840863450313145577e+00
1.361712487398809790e+00
1.112583022236851127e+00
1.134258777008900099e+00
1.221541224895845934e+00
5.095023633045226319e+00
6.930296329824516377e+00
1.143567341739117449e+00
3.458546866948223109e+00
4.348796169116706523e+00
3.087267203781134395e+00
6.481382346321080234e+00
1.524747817616498358e+00
5.523545602302979418e+00
1.743717948475467461e+00
1.401023078922272846e+00
1.049331028833010215e+00
1.011596899536131300e+00
5.887642304708228025e+00
1.247383672102258645e+00
1.320387799670327267e+00
2.100945462308490441e+00
1.789273089837825959e+00
1.484034088121583439e+00
4.866754696343974729e+00
1.145745577086533018e+00
2.164190853638705114e+00
3.619050588226000009e+00
2.266726096761616738e+00
7.252653902651188034e+00
6.262421173988136580e+00
3.872754807089719087e+00
6.030288591991483926e+00
1.224131584417860630e+00
1.030895286393755494e+00
1.232958858944553926e+00
2.018023591237623648e+00
1.064892883587853722e+00
1.002254914514150164e+00
5.023952174330785780e+00
2.753625304679597097e+00
1.553967548695555090e+00
1.869491656658965217e+00
1.006682733831918863e+00
5.996249671562429384e+00
4.164635745311464632e+00
5.923320789148529109e+00
1.156731654282823207e+00
1.334163253151032791e+00
2.618766119670784320e+00
3.352407038878997714e+00
1.844804200034894093e+00
2.701923447693549640e+00
3.511324065674155559e+00
1.105857460421156624e+00
3.438168597297427631e+00
5.874006418420619546e+00
1.417076266486013258e+00
1.032355656712343528e+00
8.968313510697969448e+00
1.054449517665228209e+00
1.362780256429560355e+00
3.335575864751336717e+00
1.924846646194151134e+00
2.648302566598160990e+00
2.676597869733595036e+00
4.319011509456776921e+00
1.770857885615022553e+00
1.390181399806454943e+00
1.100285963468664807e+00
1.552891010025645890e+00
2.838777377269698476e+00
1.117997681373988028e+00
6.482100034874933137e+00
4.925497478556067676e+00
