6.569116580763100899e+00
1.001185058130406924e+00
1.392211056148093151e+00
9.083989810178337621e+00
7.409239377756956735e+00
1.024986559748974679e+00
1.026921453462943168e+00
1.054200922200166923e+00
1.067237448216343587e+00
2.029065366038200313e+00
1.421120065922168552e+00
3.585871403739107954e+00
1.839828289815364393e+00
1.071557257829945931e+00
6.731741595188536209e+00
5.341334982623742178e+00
3.832029249811740534e+00
8.710615112690218709e+00
1.680924947160799432e+00
1.148229474676588424e+00
3.841738308630911369e+00
1.948169769753417269e+00
7.049631699397866491e+00
7.672463436287238814e+00
1.297440140702489808e+00
5.375419732776279602e+00
1.173941154113087970e+00
1.033122245219859403e+00
1.197717598537294537e+00
1.142412422921089465e+00
8.374202198621615523e+00
5.429811058083101827e+00
1.621136963808233578e+00
2.398601154736437202e+00
5.295220952850969276e+00
2.205769194375927444e+00
9.108974224833364275e+00
1.649440282647073097e+00
1.333813149104023044e+00
1.046280249202241608e+00
1.202703168565004699e+00
1.086478351110422347e+00
1.907023153252080050e+00
7.639161432587346034e+00
6.252894788401656356e+00
4.235827023287425774e+00
1.037007536849930966e+00
1.084685893749619101e+00
1.047694620837301471e+00
7.765657934472039337e+00
1.068462600529826112e+00
1.941747716498824605e+00
3.725030256423205621e+00
3.500392465521088514e+00
9.766821482979452185e+00
6.329803301356596634e+00
4.927229265055782292e+00
7.931001051433691273e+00
1.170625575128645846e+00
1.094830274396575209e+00
2.432077287315473679e+00
1.224475570571868621e+00
1.652137850204632219e+00
1.251819671606975382e+00
8.011903611564232364e+00
2.929833396269943435e+00
1.062708509796797651e+00
1.005908115486902510e+00
8.505679809290706217e+00
3.640825690366199296e+00
1.129263704891146469e+00
5.971085842553088163e+00
1.335128946102864145e+00
1.120673964899310926e+00
1.679884372264748071e+00
2.285634323688227720e+00
1.019237865891728934e+00
1.803495129366803784e+00
9.627998280490274396e+00
1.597451817736360358e+00
1.099281827238967857e+01
5.358987351106375918e+00
1.082442829500964931e+00
1.115467315825897643e+00
9.660931393277419232e+00
1.117523382290514400e+00
1.007810459363165823e+00
8.699249873971027114e+00
3.510158536644976124e+00
1.424274552343420375e+00
1.186682877252619006e+00
1.143222117723559750e+00
2.175610142428503480e+00
1.153431585828049721e+00
1.058206449198525245e+00
3.341848717786550349e+00
1.693660053158461132e+00
3.355801745196830499e+00
8.153332315760600579e+00
4.774539880349542464e+00
