1.069542561179973283e+01
1.016505450402384492e+00
1.019056771207366152e+00
7.100108925482078170e+00
4.686312415972076373e+00
1.014936312181999201e+00
1.313748044886952071e+00
1.085918125069861739e+00
1.120468360252762752e+00
1.003542227572775669e+00
1.370928927530736807e+00
1.719363533886602236e+00
2.739798222570771546e+00
1.033758557553590807e+00
4.436080175871688347e+00
6.467693009495129708e+00
1.368071035891149201e+00
7.914860969362515597e+00
3.394133408829653753e+00
1.042643823986730167e+00
5.384339745904943797e+00
7.475773236723128434e+00
7.026232057001669418e+00
9.850340360813486740e+00
2.757800663679107256e+00
7.436008914145689097e+00
3.583375677709737417e+00
1.000975357187519954e+00
1.036545063243247355e+00
1.040108802397222476e+00
4.809795784724892442e+00
2.408851010944176529e+00
2.717548694745686610e+00
4.077915898588044818e+00
1.811488769429374424e+00
1.250093349974283452e+00
6.198382339320031242e+00
1.046116232687568148e+00
7.850020863862544829e+00
1.094101094055460965e+00
1.305725774039706577e+00
2.538508070955719287e+00
1.430691427976451102e+00
5.353349690426690621e+00
3.102510846089781449e+00
1.009557156983463155e+00
1.241807277639297658e+00
1.322607942317866048e+00
1.240023486499811867e+00
8.714520965197296576e+00
1.134661635440233685e+00
1.166013645741946769e+00
3.002929964519724937e+00
5.015564030816334729e+00
1.101996149767970401e+01
6.767671976884253482e+00
2.497599984276129170e+00
4.304179489744741183e+00
1.367138010277246130e+00
2.087891271879840360e+00
1.072171880461242566e+00
1.140486424084400818e+00
1.799328322455304496e+00
1.031250984460752695e+00
3.119529809380642060e+00
1.373323490887827125e+00
1.111327913217868169e+00
6.728742704519651952e+00
4.039469891800469448e+00
4.394836258268838947e+00
1.050245563519913494e+00
4.894155001306447872e+00
1.099696378811264363e+00
1.331092784643189031e+00
1.016693604606730528e+00
1.816989777538915662e+00
1.001787165023418469e+00
3.029841619378341733e+00
7.593843117374748708e+00
1.827287023682938605e+00
8.867998966188920917e+00
9.661566516683471662e+00
1.055171117400066860e+00
2.041141044379865654e+00
8.877581760258751231e+00
1.010407295383813242e+00
4.307560775484884807e+00
6.448252958199686802e+00
1.029211851018333235e+00
2.255200626148842868e+00
2.726934515444278784e+00
2.603994756047864900e+00
4.085133641960389639e+00
6.640919257350586413e+00
1.041141167879690688e+00
2.161098112359780110e+00
1.911716850998908201e+00
1.139178710038219577e+00
6.613261430753718528e+00
4.433574876957442790e+00
