5.963489571171253445e+00
1.085690030265757944e+00
1.108023084338023656e+00
6.722160892053961945e+00
1.024259688885249808e+01
1.569257028652635055e+00
1.077672706060416985e+00
1.119709193077772280e+00
3.097727594191010958e+00
1.305122610425439200e+00
3.010436421732671786e+00
4.685276611618531817e+00
1.742556985898928268e+00
1.097500002812054953e+00
5.476424613947055597e+00
1.343465690848105520e+00
1.820489187075395865e+00
9.285701368807938394e+00
2.071477483858620072e+00
1.101079051069352444e+00
5.445767165996287851e+00
6.676855661894993688e+00
6.458734703045390546e+00
2.820481792571298829e+00
6.758657711085413133e+00
7.565138387637341033e+00
1.135290320910629536e+00
1.024877080605739676e+00
1.155660885621363931e+00
1.259028064889249787e+00
2.654914807994265047e+00
2.623068940791542847e+00
1.268110444756512578e+00
1.030700631983591897e+01
1.980588670893425496e+00
5.558686743711839462e+00
8.680679362979150326e+00
1.004074327682683565e+00
7.468405646879557658e+00
1.900558920186833145e+00
1.823615160158142734e+00
1.075714071882104328e+00
1.235997090447087166e+00
5.787738013477903287e+00
2.128098675239199267e+00
1.053448026386551550e+00
1.051673985476320405e+00
1.028398202947773399e+00
1.067893935102300462e+00
8.620408530415463844e+00
1.062876277705231853e+00
1.083262565910585229e+00
3.070921910109690955e+00
1.152257210085261718e+00
9.079061291526866029e+00
5.656579080368086210e+00
1.145852847712697242e+00
6.667025200376397009e+00
2.119963794378541877e+00
1.061985838052214026e+00
1.955279418570238459e+00
2.746619700508150075e+00
3.135531199012456138e+00
1.143658221925389018e+00
5.684543868830239433e+00
5.226033022525546912e+00
1.878404321153302137e+00
1.723335636095328027e+00
6.483190279307181392e+00
3.628152097387603359e+00
1.068560295298459417e+00
1.384289597270212058e+00
1.910934128816858646e+00
1.122643598372451423e+00
3.665467133608834693e+00
4.618189547741391898e+00
1.012679699245537801e+00
1.424752434528238076e+00
7.007146538696631843e+00
3.823001563673892100e+00
1.033269208252631444e+01
9.918979352453565212e+00
1.016102337624517071e+00
1.046058617373104571e+00
6.819956361897220987e+00
1.019261462155975684e+00
1.364004879968063078e+00
5.401512463134859665e+00
2.067775119889990521e+00
3.370800366317476371e+00
1.733266198980802697e+00
7.463672224523846488e+00
1.128168044044498330e+00
1.033074178167726620e+00
1.851626676558704832e+00
2.222102471824339176e+00
1.316194872383237513e+00
1.007930756750976098e+00
1.076138207222657606e+01
5.633342252618547263e+00
