1.824403519741980118e+00
6.678877841009255967e+00
6.908637596591129082e+00
1.521330181160676087e+00
2.901287364764711718e+00
1.638644492900477978e+00
2.980697994881011059e+00
1.585742264339226937e+00
1.546964332437766432e+00
7.199498779971880147e+00
5.813780838158224995e+00
1.590563006449668304e+00
1.516458000361006198e+00
1.531473960697033343e+00
1.508068245773597438e+00
2.004108248974704853e+00
5.030348611457072572e+00
1.567149126675098314e+00
1.773996283443087796e+00
1.908217808253082293e+00
1.651119606143635288e+00
5.241417428986712146e+00
2.423244808740053990e+00
1.595009477040319368e+00
2.046946980062199106e+00
7.309196450274953349e+00
8.101976994931058940e+00
1.962050650037400201e+00
2.010792928473516206e+00
8.060892280738187310e+00
1.513025272454379344e+00
1.977605823045790023e+00
1.554089516962435358e+00
1.865164629210213310e+00
2.745124750695103977e+00
9.321882464391308076e+00
7.239745372804304857e+00
1.515445068980373566e+00
2.713561251119959827e+00
1.834805636684182062e+00
1.591778347052188458e+00
1.563422233699767183e+00
1.557136073573633928e+00
2.036768596277628518e+00
1.553448929923608057e+00
8.245721596613051929e+00
6.089288033138716472e+00
1.508191105562235235e+00
2.502410572888150053e+00
2.406578010287001135e+00
1.503379401922293246e+00
2.202234070872051142e+00
8.287115190593926428e+00
1.504708189474997182e+00
1.560135145674984569e+00
1.085182317300847465e+01
8.097704113080054000e+00
1.631834696980126509e+00
3.270533770752060754e+00
1.012423484853516342e+01
4.073846097523555976e+00
1.541191503620619407e+00
2.018055971167417972e+00
1.701947211760169054e+00
2.379899212140735187e+00
9.715415639220859489e+00
6.555794729620587624e+00
1.663700455091975838e+00
3.819958982693002714e+00
1.733275619424888614e+00
7.488653641187499765e+00
1.728879372026118189e+00
3.215662874987209374e+00
1.512304982420131338e+00
1.571913429330314749e+00
5.290093691966346157e+00
2.820055343502795520e+00
2.541058896468804562e+00
1.132096394589948574e+01
4.497961385837480286e+00
1.670923089638256309e+00
7.936856065517750913e+00
5.106883219576213051e+00
4.939616014692725265e+00
1.614197226712503097e+00
8.416798266007569751e+00
2.515024226293118392e+00
8.972465911603725530e+00
7.928265016805498888e+00
1.545593819219530429e+00
2.408898939600529587e+00
3.094101918902314452e+00
1.711107610395542267e+00
2.867826753879205270e+00
7.735534288203188780e+00
3.908335165804523559e+00
2.486289507294035417e+00
1.663320551959701410e+00
1.504849912610821239e+00
2.722924208168337579e+00

