2.362005338796169251e+00
1.517881086915038535e+00
1.548365534708812774e+00
8.038691825028653426e+00
4.121048488473174842e+00
1.544549660090817955e+00
1.990187352673121968e+00
1.741144538710608369e+00
1.613405744879144788e+00
1.706366720047096219e+00
1.638538525728656881e+00
5.304522141620733322e+00
5.804278802799351489e+00
1.547508240685535164e+00
9.129363822006565599e+00
5.832393996888417753e+00
1.604508719437844455e+00
8.409451442002332300e+00
1.765127039907668838e+00
1.550035760581424338e+00
9.405292169984329931e+00
1.561143534477935191e+00
8.769492634484892690e+00
3.564537118452938635e+00
1.598588659021051628e+00
1.048488740763606586e+01
1.654287814137663792e+00
1.813181609061887523e+00
1.541947941225938923e+00
1.577103613351321432e+00
4.916944458627170889e+00
6.007729730846144811e+00
1.548155657955294862e+00
6.786416399020168022e+00
1.505597650368192486e+00
1.649628043689051360e+00
9.690270437878302445e+00
1.538052669847429499e+00
6.444462054985691246e+00
1.797935096937836263e+00
2.480775916867389075e+00
1.767578037152451209e+00
1.529175774298091595e+00
8.175798153149248293e+00
1.947659656078078783e+00
1.552999669999468368e+00
1.621410825240128917e+00
1.836017395872003632e+00
1.518728748760144187e+00
5.825046481230251594e+00
1.577500389071014419e+00
1.623925379618779585e+00
1.776489253860010331e+00
2.896304114114453654e+00
3.320856405620605578e+00
1.006869143334556860e+01
1.545781171574703405e+00
9.600158590705964556e+00
1.603403782471498396e+00
1.522940956167652127e+00
1.631822436438001622e+00
1.801539807517389402e+00
1.813282134796706746e+00
1.557808263137104188e+00
6.824218688619168027e+00
2.371082986922986358e+00
2.019343182545821236e+00
1.603946595281402265e+00
5.120237691915909828e+00
4.645553803189534925e+00
4.786554547673303794e+00
5.653736096076004358e+00
1.808504490801773779e+00
1.707835562337979063e+00
2.548436107606634415e+00
1.512155371688701955e+00
1.743495431783735228e+00
4.003429515134921957e+00
9.057065742843205314e+00
2.538222499317421832e+00
7.121842836203451377e+00
9.743747089533810524e+00
1.555446091380414231e+00
1.531121397995124811e+00
6.829600121527165335e+00
4.217903588340432997e+00
1.796393424945265549e+00
3.056379013002613831e+00
1.935332551999678907e+00
6.072629134004628781e+00
1.646809157871691909e+00
3.198005753946524976e+00
2.891119220905520759e+00
2.814694739719127092e+00
3.495474188898977985e+00
1.640354447565989693e+00
1.740045296240211092e+00
2.494577715476697932e+00
6.727753763816786581e+00
8.023383962096250599e+00
