7.159619213933993365e+00
1.560940441640481513e+00
1.617895936980615401e+00
8.831637119559891502e+00
3.047251688727805607e+00
1.894989175160353145e+00
1.785692147584400757e+00
1.501786688482172227e+00
1.510806767798994699e+00
1.553223295775317370e+00
1.564781696418302559e+00
1.703829399715089066e+00
6.341230838141816761e+00
1.522744257069258866e+00
3.482949394038708846e+00
8.223540002140467209e+00
1.884572495874284659e+00
8.487810322616850200e+00
1.687077926142185991e+00
2.239731622256917021e+00
7.159227522333412530e+00
4.316849397003534428e+00
5.477021353790595626e+00
5.519162466406861256e+00
8.473987250898250778e+00
5.630592188240047591e+00
1.610939741857658980e+00
1.597373781798424597e+00
1.645887395426124389e+00
1.722323036376384398e+00
5.793329151057385218e+00
6.135831286822185149e+00
2.637645924112113516e+00
7.515851150559208271e+00
5.050931994390182922e+00
1.940752225822192090e+00
6.933033393162059355e+00
1.565194667619689506e+00
8.109989144003558081e+00
1.665143830288626114e+00
1.594955421057854927e+00
1.564273832990211055e+00
1.635453630758363142e+00
5.772214523609103587e+00
2.232165904240281940e+00
3.626452796032902270e+00
1.596447691714918404e+00
1.504361085601739312e+00
3.182032626939384823e+00
5.837545986807865184e+00
3.176204596360498567e+00
1.531608942318013922e+00
1.510583737562599449e+00
4.846042592713547315e+00
9.472390250615923435e+00
3.775459491738124562e+00
1.512446904001966796e+00
4.716415669132548061e+00
1.710594754630451630e+00
1.706701283484815868e+00
3.985480709621866069e+00
1.688135121640275349e+00
1.528767393987608969e+00
1.983296620523929965e+00
3.810191290286467414e+00
1.650761414403947080e+00
1.529675936938651670e+00
5.133772491058483212e+00
9.072638164851179354e+00
6.604439055193770614e+00
1.737428925190594331e+00
8.263160581281319139e+00
1.630706813360685681e+00
2.049556081922451423e+00
2.513850204158600832e+00
3.546102128464991843e+00
4.736788816712039996e+00
2.064374570761823513e+00
3.006600039226891674e+00
4.230396464014805957e+00
7.429106018666049138e+00
5.427545914877092592e+00
1.664225890771267258e+00
1.526445402925063366e+00
8.068705696721304221e+00
1.746085241288779955e+00
1.544102046070812584e+00
1.071776317876435236e+01
1.549514924984011666e+00
3.473950085660764575e+00
1.616560536381405733e+00
4.066218233342180355e+00
3.186257335009031966e+00
1.535333717795422048e+00
1.762505431705479353e+00
1.569081164805180562e+00
1.599982411931297088e+00
1.794470807772603926e+00
6.165002205917113898e+00
9.546553523316728018e+00
