9.520350244049209820e+00
1.519176892434156878e+00
1.670556401422429671e+00
6.932062904395073666e+00
2.229371581720199114e+00
1.630974456699694652e+00
1.505924199600169322e+00
1.615842311711056967e+00
1.747855029445999131e+00
1.717269866391275546e+00
1.700029462976426764e+00
2.295086605981348615e+00
1.527288730230911051e+00
1.662595465415263929e+00
6.703313914802529361e+00
3.822967813997632636e+00
1.513417532132105947e+00
5.508144285248788741e+00
1.579381191468939516e+00
2.425375099628668707e+00
5.741378559949108507e+00
3.743226312843666914e+00
8.773113656754075507e+00
8.095036680377530658e+00
5.043612178353678921e+00
8.804583113438198438e+00
1.631874804549304336e+00
2.775026618299446746e+00
1.641585540227161077e+00
1.564544064959897174e+00
4.480771771155142247e+00
7.138504139874814136e+00
3.692167985766824589e+00
4.708004331054295832e+00
4.840207192855315199e+00
1.910425909890656415e+00
2.605182175413459422e+00
2.143226974574908628e+00
2.833021641914036604e+00
1.511497071754979826e+00
4.240707200666244070e+00
1.552506008542893223e+00
1.641647759237000237e+00
7.571739981097294958e+00
3.592881543233694686e+00
1.730550946223054165e+00
1.547189311351226504e+00
1.692601308246668435e+00
1.740239487670881546e+00
2.167805272576030617e+00
2.116969421055272083e+00
4.636035833129010797e+00
1.733699284126061890e+00
1.544177760024003199e+00
5.930932749799916692e+00
3.492486609620994997e+00
2.673079109608499593e+00
6.543058370364652099e+00
2.150615062740814931e+00
1.578183567243541585e+00
1.629449733849712478e+00
1.510902075254673571e+00
1.592979373446050895e+00
1.622452870433618743e+00
4.745894025406607319e+00
5.212284402748380785e+00
1.505761637782549123e+00
3.782016424780537012e+00
6.500394886427478980e+00
3.903950687423649590e+00
5.500677050645624178e+00
5.205085260146690374e+00
3.563139108717304104e+00
2.030352728648081140e+00
1.513624646205363522e+00
1.831298511284460862e+00
2.313226600179016934e+00
1.682832116315328141e+00
7.066775827480697103e+00
2.329274139357397910e+00
7.164954159313396076e+00
1.144545464943189472e+01
1.521427266697313430e+00
1.623174795244744395e+00
7.524648250638564129e+00
1.578671410522426655e+00
2.448151844126961851e+00
2.796890246600207242e+00
1.658032334824252496e+00
1.838381327360226969e+00
1.725300131699101902e+00
3.365840328467944342e+00
2.667127327566007455e+00
1.524205735451349408e+00
3.262241743071625510e+00
2.870051806564205776e+00
3.111478412325741960e+00
1.684251150714677792e+00
2.271984450438540470e+00
5.339651535874385679e+00
