1.563739913878482657e+00
1.604254659910542502e+00
1.502421013573483011e+00
4.044802376613274575e+00
1.762010536039765762e+00
2.403272021529381242e+00
1.761183896041532915e+00
1.639021763058072567e+00
1.511682093498282642e+00
1.538273965053430059e+00
1.626337317008640371e+00
6.897184422632466116e+00
1.695475785724796181e+00
1.587951196001098575e+00
4.841993226899619529e+00
6.666257543899081206e+00
2.614332324798928742e+00
8.611350820613150603e+00
1.571372069290193574e+00
1.517599476790588042e+00
9.682063102279762745e+00
4.761849002123613062e+00
5.003912942974171330e+00
8.834261848384908689e+00
6.950586546156477752e+00
2.979383423223235905e+00
5.427859193143767413e+00
2.009641405140983217e+00
1.513748993016115429e+00
1.595560229585534673e+00
3.815665829464792935e+00
5.764113867982548989e+00
1.758581624543010591e+00
7.020168673483087929e+00
2.101282044293417250e+00
1.519990130426767116e+00
6.317071542842984222e+00
1.607736187946352313e+00
1.613053971496620775e+00
1.574413006068840382e+00
2.494900260527050051e+00
1.817130171543430039e+00
1.960448751256458566e+00
3.902502031429412543e+00
2.894122995029902778e+00
2.924746703272915749e+00
1.584813935984024313e+00
1.664059825024567507e+00
1.549832678048646217e+00
6.224535352458459236e+00
1.554032567813359300e+00
1.692853930205839186e+00
3.423444367270329636e+00
2.178037684522624140e+00
1.250200219680805525e+01
1.899836051617793009e+00
1.854933460017663016e+00
2.660757650146829079e+00
1.643916912741966385e+00
1.579454018446555530e+00
2.476630023846111417e+00
1.793555641791817479e+00
1.875971636174400548e+00
1.719806336862811369e+00
1.956580588687314881e+00
4.488862251222727195e+00
2.053306167797869897e+00
2.928395045062625268e+00
8.077624881571232152e+00
3.473229358358191909e+00
2.378280663468362643e+00
6.402524716601206478e+00
1.570082292308553340e+00
2.440436004099278300e+00
2.169481258774482946e+00
5.952515546643703637e+00
1.624551849108918589e+00
1.511475335969393763e+00
6.377996136401214322e+00
1.657935863498229523e+00
6.649697852193595438e+00
5.872455807147419549e+00
1.583618055430171534e+00
1.929066804947773495e+00
5.378844421018731836e+00
1.700019836925492411e+00
2.563551852174505097e+00
5.320141508537211905e+00
1.981169177725444319e+00
2.155489926359817510e+00
2.219806999369672518e+00
8.344349454783227316e+00
3.961731980734406910e+00
2.338695996908876751e+00
2.572805183360657999e+00
1.542522309182925211e+00
3.999579807287528155e+00
1.883696545881295759e+00
8.790023401973066086e+00
6.759723537926925374e+00
