9.843385867514736987e+00
1.515611729286236553e+00
1.614738229752016085e+00
1.727133954672680938e+00
4.612381361082385389e+00
1.587203094108267099e+00
1.543808279929131277e+00
1.525233965384749313e+00
1.540805298918815902e+00
1.646304892586464952e+00
1.509334271935167893e+00
4.041227387916910274e+00
4.440210884189584206e+00
1.556147762353446762e+00
2.828670071946666642e+00
1.710813293232823940e+00
2.108817416275005741e+00
7.449474180532629219e+00
1.646591787944935437e+00
1.503539479329665252e+00
3.398548982674449714e+00
4.252142440480459307e+00
9.951617114087822458e+00
8.334854264576158300e+00
1.040880181795363058e+01
8.866678504807675054e+00
1.918519014137633150e+00
1.546078941515824923e+00
1.727043392338266203e+00
1.887445212791632354e+00
6.492599767913015185e+00
3.942674127306184495e+00
2.121499761703729448e+00
7.904387121851430997e+00
2.910290562121937707e+00
5.162923789529420660e+00
8.147287752313529197e+00
1.507246573599057671e+00
2.718348806512086657e+00
1.576805803915449333e+00
4.358785811158932155e+00
2.327351644442108292e+00
1.530041163254230785e+00
1.126610617212223531e+01
4.553826224688387825e+00
4.249154803298164751e+00
1.553692384297933993e+00
1.655299036066021134e+00
1.502610404612700012e+00
6.238667535088271876e+00
1.535473599049410165e+00
3.307079623347005892e+00
1.622417215902211662e+00
3.885701615741059101e+00
2.797589119401780344e+00
6.179013396635537170e+00
1.743920186251567639e+00
8.134151391412530074e+00
6.588865154121524625e+00
2.855437448584944971e+00
2.144889309549369294e+00
1.852161200156628773e+00
1.891207772829826217e+00
1.515040999734028171e+00
7.012515259225304831e+00
1.507553115410850353e+00
1.652191294390911169e+00
1.683798703792987128e+00
7.028464975280179772e+00
1.553454874344263770e+00
2.599598106088735427e+00
2.428410085351879744e+00
1.540834604545179731e+00
1.647023826247506761e+00
1.669266382232127199e+00
4.396460299169990371e+00
1.643038978462925570e+00
5.401856727964454485e+00
4.186482923235694820e+00
3.799748774878272783e+00
2.681706554114706265e+00
6.044973250113745422e+00
1.587710390080107725e+00
1.669249051157268626e+00
7.581630124671406179e+00
1.550314099332239515e+00
3.190987421517724076e+00
7.765540401241092461e+00
3.074470269187794536e+00
5.632274248646800707e+00
1.749543430503573971e+00
5.098685743490920963e+00
2.963892542474881875e+00
2.868401509513197833e+00
2.510212872287333141e+00
2.273244364075440949e+00
2.686615174729111377e+00
2.283921652799626223e+00
1.107655171263532878e+01
2.609747623973790454e+00
