2.678115562471881095e+00
1.517637191315998502e+00
1.546994980345933302e+00
8.522200005948336710e+00
9.146493324245811962e+00
1.697982683118743008e+00
1.966309725068482894e+00
1.739008611260833614e+00
1.775958729509437450e+00
1.716625722656497155e+00
2.028863398959538600e+00
1.916108385571537287e+00
3.802557810512645187e+00
1.523267888201085718e+00
5.538081210935663634e+00
2.205521310016941072e+00
1.556290609959514848e+00
6.005771908288418892e+00
1.500555612249134585e+00
1.735536732747291033e+00
6.753012668513523664e+00
1.638439011206181739e+00
5.135119789309760208e+00
7.808005115165648213e+00
9.089394074820425828e+00
6.918923629307106360e+00
2.857360581315792292e+00
1.591539241699355234e+00
1.627729960110340990e+00
1.737752207732007559e+00
5.577865496775474163e+00
8.443392538408740933e+00
2.108555791231021548e+00
8.098444868574189215e+00
5.454506087538006476e+00
2.490667571348593956e+00
6.608762984000877694e+00
1.638662006229916646e+00
4.281988516573478343e+00
2.102524143145064528e+00
3.629948169731705754e+00
1.548362121261559254e+00
1.544954151077917226e+00
5.776267074563841142e+00
1.573124139892155382e+00
1.601014212851111118e+00
1.534156844774028805e+00
1.524849998973754062e+00
1.550680300517313315e+00
4.936746706722145106e+00
1.887585492982519320e+00
1.555098705051042973e+00
2.556776218969712744e+00
7.537351800601609142e+00
7.532812199560535937e+00
7.182877820126847723e+00
1.603029993073669335e+00
6.010001734417153685e+00
1.857208369982561891e+00
1.626254760237738406e+00
3.436313959824055964e+00
1.544382585107559436e+00
1.720629582533309776e+00
1.534754708918899313e+00
9.078368090570629434e+00
4.057447096216294291e+00
2.379259755619534289e+00
4.972362078092743332e+00
4.970104806082024318e+00
1.629024749189738053e+00
1.699092625500763454e+00
3.347218391177871233e+00
1.930954305859622577e+00
1.552482814763258778e+00
4.736624394042133090e+00
2.392218523712818623e+00
1.537846420677590142e+00
5.468268193163219770e+00
6.888886075816439636e+00
1.738932636602794624e+00
8.598649672924905119e+00
7.263939068882373284e+00
1.553881674432497029e+00
3.562458213958877629e+00
6.135557255587294812e+00
1.539275487212964144e+00
2.441596239759453280e+00
5.875454125982985332e+00
1.837581711574196142e+00
5.405239824016930150e+00
1.606254100953754094e+00
4.352481749776416997e+00
2.389172830289807870e+00
1.594960076451444886e+00
1.536368708946774131e+00
1.850625973714395744e+00
1.706057387571306316e+00
2.014320251051971766e+00
9.352210594722039971e+00
4.119585624613430141e+00
