6.250748666826341449e+00
1.831929778819984644e+00
1.512157367052776147e+00
6.859013528866265474e+00
5.242090762960909700e+00
1.914684087248051059e+00
1.554351171934935216e+00
2.524227943505079619e+00
1.512864417170473263e+00
1.821556837839830356e+00
2.685074996700293148e+00
1.819081750488436899e+00
1.831903563856437156e+00
1.732261470829041583e+00
6.258205875517673711e+00
2.087500076445317987e+00
2.595951368303302864e+00
1.166849427776509529e+01
1.645502102752886664e+00
1.670643882433856531e+00
5.497750572313962358e+00
3.801103662449182075e+00
6.684227259766466922e+00
5.918965820146525836e+00
2.816765579172325840e+00
1.770186490643918420e+00
2.447781678935815108e+00
1.601958661901542236e+00
1.646534302736250899e+00
1.532641009893342732e+00
9.380127103200544880e+00
3.441452296245423703e+00
2.202462761206111619e+00
6.269443218819458430e+00
3.822450184916269755e+00
1.745213741034095101e+00
3.744771490853903817e+00
1.631804407376961530e+00
4.999716876872646765e+00
2.090934619873846323e+00
1.551908767361294572e+00
2.114940781896418542e+00
1.525285551578094534e+00
4.964635274401727472e+00
2.392676632132516357e+00
2.491382885327303676e+00
1.510107232697103896e+00
1.583386498359071970e+00
1.519145357406234353e+00
7.957613761665828456e+00
1.537577624331760262e+00
2.210117934938341300e+00
2.641531135313096801e+00
1.696904715546400988e+00
1.059180566269059653e+01
8.365291393222145544e+00
1.707734474756154253e+00
7.825249901489092608e+00
2.011434604514287905e+00
1.533635755733232076e+00
3.646945482411283024e+00
1.523731748441860434e+00
1.632132803476358029e+00
1.518390261551063825e+00
2.048021066154189107e+00
2.141731314279962550e+00
1.504439699909472017e+00
3.431605333041941819e+00
1.139327771739137063e+01
5.418681542200478596e+00
1.829533390978697494e+00
4.812075271929023401e+00
1.553758207746694708e+00
1.515924981575868191e+00
1.963568903514215425e+00
1.554230731969303614e+00
1.549224967732687697e+00
1.628666827186343369e+00
5.304226807884480088e+00
1.600232606618514852e+00
6.633536077855754165e+00
1.164643517364331515e+01
1.717228375020318554e+00
2.376004581050724873e+00
6.453511378141065791e+00
2.086827413468095305e+00
1.528878704385577159e+00
8.883492858879067811e+00
1.551595484375923650e+00
7.288064624806825265e+00
2.489666400480267328e+00
5.159850586170259490e+00
1.766270582044493942e+00
2.701502270048477428e+00
3.446446028002433604e+00
3.974321856956096966e+00
4.109560135919150703e+00
1.526208897628351879e+00
5.397822135773759022e+00
9.483859825173814428e+00
