7.915331714179033362e+00
1.631911808670279518e+00
1.504767565820553932e+00
8.091535569279088236e+00
2.428564638933185194e+00
1.638601907001237867e+00
1.756206080274387515e+00
3.048999892673711631e+00
3.345003597936666573e+00
1.788735043830350202e+00
1.605598235275636387e+00
7.815323940265828107e+00
4.098468396922139156e+00
1.693470688647863209e+00
1.594818702425826462e+00
2.905439644190012771e+00
3.362963026357108198e+00
8.358640686361599847e+00
3.193134422135070150e+00
1.547321920140386498e+00
6.663985212233567879e+00
4.633699952483120832e+00
4.360826654634680111e+00
8.011751641203300522e+00
6.761649088596180412e+00
1.001554434003809568e+01
1.857616787186271434e+00
2.255500930385506919e+00
1.602400866130234913e+00
1.593561876746713013e+00
6.946697730346240718e+00
5.128392338502707481e+00
1.519050053684606549e+00
7.186127227511242666e+00
2.410345885408700095e+00
1.810192331379612440e+00
5.999289539376796654e+00
1.592457737566584486e+00
5.995019300541515328e+00
1.521734619627980178e+00
1.717195193628066940e+00
1.569857146602664733e+00
1.835985911982858321e+00
4.970463658200131363e+00
3.574151390975518261e+00
3.454832156783671504e+00
1.597221288801095707e+00
1.654309050198778053e+00
1.730181096011520925e+00
4.778050109111700472e+00
1.520994474084907511e+00
1.648457943195797082e+00
3.413418214785584937e+00
7.968441730569441717e+00
2.823758011634928344e+00
6.002622036069429790e+00
2.043308629849811986e+00
2.236658853717277573e+00
2.205663318711802212e+00
2.110419817041156776e+00
1.652653710489164984e+00
1.582815937453698529e+00
1.610404775770646113e+00
1.502210749973957871e+00
1.529691039921809326e+00
3.590933268845709403e+00
1.509040326453794156e+00
2.912956369192319706e+00
4.356709010648232017e+00
5.261030921572616315e+00
1.662041002517196109e+00
4.259844114151028371e+00
1.502389504502245288e+00
1.645818486597579788e+00
2.086206263805398642e+00
2.908415430389282186e+00
1.521877507983382394e+00
2.025611554918874901e+00
5.056772009905556864e+00
1.752921774142382594e+00
7.147450062438867491e+00
8.476680313120173338e+00
1.830242574785920562e+00
4.942020878123977390e+00
8.912849938602990463e+00
2.258905959018808751e+00
1.818651497442883791e+00
4.560257600246393928e+00
1.536952351009538642e+00
4.683792570472425254e+00
7.583286029640113668e+00
2.398171539686180243e+00
3.118152437079737105e+00
1.761584367285456310e+00
1.967937693280934930e+00
1.569453556125981253e+00
1.873528827602884528e+00
2.829795333748950092e+00
5.068347187581563773e+00
2.053264553536387815e+00
