7.810507283262403178e+00
1.552949461643539752e+00
1.614391210165962764e+00
6.929824394662490228e+00
2.719127393082246158e+00
1.560752736103401261e+00
1.543888191070868832e+00
1.627369003669017822e+00
2.463596628251973009e+00
1.644324792835676341e+00
2.693863542076337936e+00
5.862702819825909906e+00
2.005804886105027496e+00
3.200596886930131113e+00
3.612063896427844867e+00
2.636408384195513044e+00
1.517268961847509479e+00
4.457083292870488656e+00
1.996639261607857874e+00
1.631797664396382075e+00
3.177829117891310062e+00
4.668661665309025821e+00
1.147348410087276882e+01
4.549867053576542197e+00
5.997478321065241147e+00
1.103502231389719768e+01
4.877299494761604848e+00
2.841725903896094696e+00
1.661087334991282694e+00
1.696538302453371783e+00
5.601468345463236354e+00
5.440854007179892093e+00
1.697354407684168232e+00
5.375157454219911202e+00
5.015424840839238563e+00
1.796830629217445185e+00
1.050967185293564299e+01
1.555218099456973091e+00
6.693809970176832103e+00
1.525639906794764578e+00
2.598553523322889802e+00
2.322259480020275824e+00
1.583643854060823530e+00
7.027591586239385180e+00
5.937989337904475029e+00
1.517512158051270488e+00
1.738384244953484981e+00
2.297726690969863483e+00
1.877903998113957584e+00
7.384562793620077947e+00
1.512616728290767210e+00
2.456067533397753966e+00
2.709610644607299612e+00
3.873415389303562328e+00
1.117901680815687548e+01
4.980962540020720475e+00
1.574941892807837807e+00
3.879260077061772005e+00
1.508062402685913961e+00
1.528422459373000253e+00
1.745757259214461454e+00
1.742485269858366603e+00
1.975801914054238884e+00
2.209116443407028729e+00
4.599124684545185637e+00
1.673845692939176510e+00
1.685125997693231570e+00
3.120097612969929823e+00
6.667666274119292247e+00
5.823457587681633463e+00
1.512787034428139776e+00
4.332048252920177589e+00
1.812405353833547172e+00
1.725309732828420817e+00
1.584307253940371085e+00
2.776552534128259975e+00
1.625534165466711256e+00
1.687131486190202700e+00
6.867267615592650642e+00
2.642489888281259525e+00
5.831592835851759027e+00
1.431477842462002492e+01
1.505186573205832490e+00
1.931392481008185280e+00
6.103922598554631485e+00
1.916891168650502575e+00
1.792988619395245120e+00
6.896632748676320368e+00
1.569902597302148761e+00
2.773575611775978444e+00
3.752255936763985389e+00
5.375780962011079467e+00
2.146771385527248555e+00
3.544058030245241131e+00
1.664066236408682453e+00
1.725296562872223438e+00
2.863500522908297263e+00
1.861667635394738340e+00
6.874612593547262840e+00
4.626477549566632597e+00
