8.721641457480311388e+00
1.526668239320931209e+00
1.594633398766176047e+00
7.768649525002280676e+00
4.065163793539111836e+00
1.581516743566091954e+00
1.860074619114205019e+00
1.501443077521116054e+00
1.689201051852538216e+00
1.612014921066296180e+00
3.985629253850892617e+00
4.862035921737323463e+00
1.689671776206643106e+00
1.528575710598087944e+00
6.095853675994788112e+00
6.136535006628023758e+00
2.335214534972946065e+00
9.060623930575697926e+00
3.920756924454991132e+00
1.609301218702389180e+00
9.120678806620533763e+00
3.355424362517994474e+00
5.856499045151494443e+00
3.466333969443872842e+00
6.230032374628166281e+00
7.857561833408889918e+00
1.518906867904829650e+00
2.053423088442808186e+00
2.236625763787388088e+00
1.558316967840565503e+00
2.176979935955725587e+00
2.997793049251838760e+00
2.347546210228472763e+00
2.344525955650690996e+00
1.557399991251318117e+00
3.509516539478732433e+00
6.678687574449525322e+00
1.563733534886370125e+00
7.612439551125278037e+00
1.520030433576045281e+00
3.241347810715567768e+00
1.668067633066956823e+00
1.557472846318136428e+00
9.198273752247622781e+00
2.480320391873180874e+00
1.617095811997727672e+00
1.588321497840181840e+00
1.550131322494362918e+00
1.520578835628863867e+00
6.281007012397544997e+00
1.854685488006058591e+00
1.530983839774744615e+00
1.599832406872958579e+00
7.104553016664556964e+00
1.113683297823745733e+01
4.437641164390391246e+00
2.283145721803979900e+00
6.961497576191497672e+00
1.511716934853319039e+00
1.666327823734299773e+00
4.951129767976529372e+00
1.600471682637552240e+00
1.784516322995801207e+00
1.650127827266772762e+00
1.527468986853239841e+00
1.525308187768996016e+00
1.563752988726302195e+00
1.671421404485789353e+00
3.537509777120524390e+00
3.157533778613633046e+00
1.894155235529948467e+00
4.925511906641165893e+00
1.860208522715126822e+00
1.536569350689275248e+00
3.821445927571823997e+00
1.792789993999348575e+00
1.887535983108171278e+00
1.511197118573779141e+00
3.077865688741528771e+00
1.754400216004223800e+00
7.247273043487317601e+00
7.346132342418660421e+00
3.149569999365142259e+00
2.173809281319435627e+00
6.281112073155215469e+00
1.511559593397948209e+00
1.513702803867236435e+00
8.367856073428116659e+00
1.502292035196642450e+00
1.538204551314611424e+00
2.053725662467421387e+00
2.022209202777350612e+00
5.616330623428180679e+00
1.690727390372558148e+00
1.589352065497707578e+00
1.725209895589815634e+00
1.652551554069090711e+00
2.258448754302103012e+00
6.340218054540686765e+00
7.426397816974415811e+00
