6.547451852141396245e+00
1.695116661193637908e+00
1.613953625425733618e+00
7.187656347859960881e+00
4.451542683169508408e+00
1.881217846254760850e+00
1.500091214888628066e+00
4.821598723269312714e+00
1.747046355465278200e+00
1.524050604148876831e+00
1.533711453789995849e+00
5.021084921846433957e+00
2.616153483670246693e+00
1.573925207469589305e+00
2.220930492852655647e+00
2.022009976036360790e+00
4.013409666201504855e+00
6.423298971172358485e+00
1.722554853145330300e+00
1.626119969919061159e+00
9.212177378992116417e+00
4.386293825478356112e+00
8.032815688920765140e+00
1.000817470606335391e+01
8.098047635212960671e+00
8.591378650520246296e+00
2.588676652576386683e+00
1.524015389243316365e+00
1.521354104723311229e+00
1.523080637591784470e+00
7.128751134454612171e+00
7.313841736419929518e+00
1.711513342647210667e+00
1.029575355995501518e+01
4.734872966536251226e+00
6.691308962648959024e+00
7.586251384430054756e+00
1.526970559947251171e+00
2.128772164309112647e+00
1.564055479394806936e+00
4.923077335172255431e+00
3.399330565093789502e+00
2.584413608507642568e+00
7.405700910948515236e+00
4.449089914943849422e+00
6.768339953906211903e+00
1.622180733040160971e+00
1.520795760246572925e+00
1.623927881150861952e+00
5.004626677428393400e+00
1.547026947104491734e+00
1.559952821712018212e+00
1.592356493024905228e+00
4.094726369168599334e+00
2.615055596351345102e+00
1.690530940162010776e+00
2.452414532799297664e+00
1.018844890741322651e+01
1.764089132915588998e+00
1.804433471976570669e+00
1.593265768019443307e+00
1.592334171460234371e+00
1.643699568596064475e+00
2.406859432724564041e+00
7.326911052062672347e+00
2.897057188986585263e+00
1.862476598905192571e+00
2.191439826296607052e+00
9.469384172475479033e+00
3.222858518216813906e+00
1.600723383145131740e+00
4.218148401054174990e+00
1.715987558471837371e+00
1.519384427315531250e+00
2.016254943705058533e+00
1.525363360193779938e+00
1.749534381296409702e+00
1.572885789950671187e+00
8.370824592428974142e+00
1.548207072225272318e+00
6.316952131389719227e+00
1.045874129254070439e+01
1.512402577112526680e+00
1.700334439120913421e+00
7.782171578584362592e+00
1.571812972825558541e+00
2.239527877187839522e+00
5.943956503441533812e+00
1.799615828300732190e+00
4.022784231873937522e+00
1.911064810154046612e+00
5.394981246798325358e+00
3.937959469412463775e+00
2.128769253520068183e+00
1.694226234620349159e+00
4.600683801306109544e+00
1.826739294121635604e+00
2.642708615016140961e+00
8.463959330104056988e+00
7.244635882113838576e+00
