1.000698469207758023e+01
1.572153433901825492e+00
1.554773182965699885e+00
3.856364903399231547e+00
4.786633416120674944e+00
1.538478339604869127e+00
1.650531415473334818e+00
1.549571661819346691e+00
2.429125152987153591e+00
3.287783852379233096e+00
1.640959570104344678e+00
3.729502095960809172e+00
1.600777624193697513e+00
1.620618502430907659e+00
4.825376168100077301e+00
1.821302423251428548e+00
1.657293659836903910e+00
5.779497436121030063e+00
1.552732277271375416e+00
1.510738580256401287e+00
6.507759039671592305e+00
4.597681847088711748e+00
9.456370366221626966e+00
3.689438561127570182e+00
5.899875495762588073e+00
5.317183860720646749e+00
2.707637760725636333e+00
1.504357808941994890e+00
1.590257938832993156e+00
1.665549178475118408e+00
7.103342625112388120e+00
4.319618770755425885e+00
2.017790105018504754e+00
4.376083662929033835e+00
6.131069288232959380e+00
1.505513863369195349e+00
9.073004803591311784e+00
2.271871244022901415e+00
3.883227693870310304e+00
2.147777634553263759e+00
2.628815732060633792e+00
1.519574051615963262e+00
2.113208285609220027e+00
6.142185138725937854e+00
2.126487155632871051e+00
1.732540487848070132e+00
2.051488814727211452e+00
2.617512055419267014e+00
1.744425958957507072e+00
3.440700254850182827e+00
1.829553259089917505e+00
1.613802498394343310e+00
5.394822101994352082e+00
1.773171581649080064e+00
7.642201592504122232e+00
3.940947334453559048e+00
1.684483907126307134e+00
6.829316131821304481e+00
1.724896177518115969e+00
1.532703678806326186e+00
1.814563111369447812e+00
1.724751427577094764e+00
2.862670073571371709e+00
3.091534178575826353e+00
7.786836150642855614e+00
2.216477922412532831e+00
1.592892140735416406e+00
1.570179010904692918e+00
5.366613240728013601e+00
3.176883672049349183e+00
2.283330415960196369e+00
5.036465476034468480e+00
1.539867507441693206e+00
3.040712157000486471e+00
3.889542641472969908e+00
3.258977906410096992e+00
1.583810034680963597e+00
1.610818408286494030e+00
7.756972895858965877e+00
1.950330076804496660e+00
7.821135437955204495e+00
8.896394698069356011e+00
2.185156750939258874e+00
1.518550525520355965e+00
8.074201926998018308e+00
1.798211221110476377e+00
3.376085093997320374e+00
7.194899861036447852e+00
1.836302973691067653e+00
4.552643344869099273e+00
1.686980328520196082e+00
2.775710618307762889e+00
3.400941202129313723e+00
1.660444750098202249e+00
3.438982779901193609e+00
3.366978604539759168e+00
3.032952783699681021e+00
1.551602717300735179e+00
4.346801586526606087e+00
5.709187361638899283e+00
