5.073646303527706181e+00
1.504509230026553013e+00
1.577205922779553404e+00
4.625628946549077192e+00
5.360172857981373440e+00
2.161716514492008745e+00
1.502230303007966006e+00
2.491592045399947608e+00
1.856594189811463735e+00
1.500848726176758463e+00
1.505750477950542621e+00
4.919575961917969309e+00
2.388550696215165914e+00
1.578254049253989155e+00
5.339795936758878092e+00
6.420333886558063696e+00
1.771949504292171129e+00
9.428799123370081858e+00
1.724666475245824282e+00
1.584620328046157711e+00
8.517999782455948576e+00
3.881401579356443143e+00
5.663083739083612400e+00
6.259944922027193215e+00
7.313586405548415215e+00
5.310417316340482863e+00
1.650544047527217506e+00
1.690206266792448231e+00
1.537395462479884012e+00
1.529375753098718649e+00
2.494523665507947019e+00
3.011265708444259115e+00
1.980132160908438799e+00
4.536856384452652158e+00
2.673196892164376059e+00
1.648509941084607799e+00
2.108588198893216692e+00
1.534709354156990280e+00
4.842968101426771810e+00
1.517770943155848151e+00
5.269479472865372216e+00
1.616283993151727882e+00
1.586397289128515853e+00
6.374737934364754111e+00
2.172177513454109921e+00
2.621242977975436705e+00
1.541879334638788457e+00
1.619461896893791719e+00
1.542934075587545584e+00
8.202159712139250658e+00
1.558367073511603973e+00
2.089881452519493976e+00
6.114363102479114964e+00
4.712662538670207901e+00
8.904675362994629140e+00
5.795833582368882908e+00
2.074410906418738598e+00
7.756678302546171189e+00
1.619163825929378131e+00
1.501264468974042643e+00
3.517359893163260587e+00
1.572499246920710636e+00
1.571857996937098934e+00
1.566437850614435856e+00
8.141735730290326600e+00
5.841721424708246069e+00
1.518704393298339506e+00
2.058994288174319287e+00
3.219100514345142550e+00
8.902754008560046728e+00
4.779270427169746149e+00
6.162982783085732663e+00
1.918101619220376364e+00
1.607562797710532010e+00
4.622072872088404338e+00
2.297984322920306965e+00
1.524205210778474262e+00
2.680725408220584249e+00
7.302122994521959676e+00
4.551356192111550847e+00
1.667634465326184312e+00
9.306781998441000070e+00
1.687950424621551093e+00
1.607375186828742031e+00
5.333776780267457163e+00
1.529890126783482796e+00
3.054138724338454125e+00
7.436948217440529696e+00
1.517660455620370108e+00
1.530510722910529919e+00
2.512607168272229963e+00
5.743297049100288376e+00
6.502736596010078252e+00
1.955196277084972678e+00
1.807640747755493660e+00
1.909517897698897793e+00
1.594228596700802747e+00
1.677932247888088035e+00
1.514726987653518764e+00
5.980963753694563678e+00
