8.635429967264649065e+00
1.517777788348529278e+00
1.614198997851097550e+00
8.126271870130388209e+00
7.081801084341648789e+00
1.959713413396138026e+00
1.752892393206996635e+00
1.562136974459486627e+00
1.710234714519881294e+00
2.670251528103372962e+00
1.607592509686604165e+00
6.037866961925590914e+00
2.866473647489222287e+00
3.863609366496967290e+00
7.987607703436609974e+00
6.988964323303828330e+00
1.506643943409374353e+00
7.004311981689080646e+00
2.881210043627650208e+00
1.559072686310416733e+00
1.031399819249955030e+01
6.744575080701071812e+00
9.948272734716852028e+00
6.903835678191447833e+00
6.177969557723416827e+00
3.614596570565934197e+00
4.501978779744142400e+00
1.571419991124198834e+00
1.600620153404982871e+00
1.571033206783509550e+00
4.158672329720104699e+00
7.043084158808300188e+00
1.546387242634154058e+00
3.762771095880045547e+00
2.801380648027229636e+00
1.555272877471844506e+00
6.221842258204344667e+00
1.509404234332412109e+00
4.910627901372738080e+00
1.803781579234419175e+00
1.616825135060408591e+00
1.638131657580156775e+00
1.838975830479768980e+00
3.459118111624109648e+00
6.157882427674639558e+00
1.554881639777338176e+00
1.501767884296892230e+00
1.548256483991890642e+00
1.841537906065948249e+00
5.151025395978690469e+00
1.623662883949062552e+00
3.888149414268724513e+00
3.340730263821105162e+00
3.700751679169114183e+00
1.056925740950058845e+01
3.870711211557115838e+00
1.519541314127955012e+00
5.170536100281474923e+00
1.649774594813566031e+00
1.646171226928831555e+00
2.854169601692126967e+00
2.606715793575383078e+00
1.526122633214656243e+00
3.206966648672825215e+00
7.129067527053396525e+00
2.768129887090935437e+00
3.115997782399923643e+00
4.304737344265052279e+00
3.830734143284610038e+00
5.592863100069546789e+00
1.624948131015550690e+00
4.932055015668836973e+00
3.186067868756007115e+00
4.141313587689408493e+00
2.486409062589975072e+00
3.986860330401860608e+00
2.161223344328405904e+00
1.654713777958194632e+00
9.429170032844703897e+00
2.176241628082096202e+00
7.970330660939120015e+00
9.723181458446395808e+00
1.512249700672557928e+00
2.301009560074151583e+00
7.450259452982186836e+00
1.601482304601067330e+00
1.577292964568817180e+00
4.009639894046456376e+00
1.642095926823933016e+00
2.289397842221344792e+00
2.720444404192374321e+00
8.347661827626680520e+00
3.668979357243988382e+00
1.645216450634826133e+00
1.655009943179316378e+00
1.550526806640895483e+00
2.487800670086055987e+00
1.604571167805289189e+00
7.950206553072880489e+00
9.141108937157229164e+00
