8.079249515748065491e+00
1.528632204019785945e+00
1.561507440542046377e+00
8.490960798248503139e+00
4.052361942036935005e+00
1.544751531051204552e+00
1.508298686561664548e+00
1.557141582850237294e+00
2.358884514582395564e+00
1.680589097723514946e+00
1.558131284020195073e+00
8.163355725686107789e+00
2.486259790524212310e+00
1.712140214238172753e+00
3.755408717885505787e+00
2.725805922514882074e+00
1.851931579408306217e+00
7.977524182656519081e+00
3.688187961956715277e+00
1.569671979137063245e+00
2.526618694678339327e+00
6.226412789679883097e+00
1.016669986789601232e+01
5.647660544510130443e+00
7.706769615194403400e+00
1.690221497389472471e+00
2.315571798846637108e+00
1.738991613446807749e+00
1.506565545625559110e+00
2.079264476772282322e+00
2.274995211888176883e+00
6.086732361832414284e+00
1.620250265280640090e+00
5.908012892444951092e+00
3.352863842174725661e+00
1.546349768321739093e+00
8.867911041351357326e+00
1.608602281168584280e+00
1.501043109536699172e+00
1.592552738039236360e+00
2.131646120050235460e+00
1.516418253728996079e+00
1.506157869573045538e+00
8.931060866449852753e+00
2.412887029220724511e+00
3.387271843108282443e+00
1.659361344354224777e+00
1.696168421582724850e+00
1.614001905675836568e+00
6.859381495967110887e+00
1.624050673184573634e+00
1.652347412908072410e+00
5.461702816691101248e+00
2.209741893914768163e+00
6.865686097563160395e+00
4.783549916954958015e+00
1.726069768497926926e+00
7.610564705434684996e+00
1.507300064882348911e+00
2.830884099726131531e+00
1.897239719348643439e+00
1.582595090439880892e+00
5.145907790387819425e+00
1.697967118057198910e+00
8.783042579143534923e+00
1.779916022792170205e+00
1.658814297375596825e+00
1.686135788023372273e+00
6.520385109792535161e+00
2.316011782566253174e+00
3.503618381785914782e+00
8.865698488363973340e+00
3.813892846946841164e+00
1.920428228143223670e+00
2.362737997842297322e+00
2.705246042715542032e+00
1.933263248325512773e+00
1.772837745077434413e+00
1.032824131789860722e+01
1.675664336205263227e+00
5.378194750747734787e+00
6.326862141707647602e+00
1.695394979200993690e+00
1.513902266395505514e+00
7.165238538409223423e+00
1.586106436025381594e+00
1.516098055968240654e+00
2.819251176801390368e+00
1.677557202669340164e+00
4.794865975748429321e+00
1.585495042168338031e+00
6.309742512009758997e+00
3.748912856495516088e+00
1.589483227678201605e+00
1.781405035059311137e+00
1.534841703882220187e+00
2.409433460402654159e+00
1.807887044393500897e+00
1.005626492489837887e+01
1.064275247033434724e+01
