2.635414006237657425e+00
1.520516838592523845e+00
1.612487830054026183e+00
1.321849737076390952e+01
6.319472847327136655e+00
1.520969570485516620e+00
1.740063433956228200e+00
1.502024313973734593e+00
1.632424432636972123e+00
1.610044720752253022e+00
1.695646699528138734e+00
6.290209122310031375e+00
1.568802636520212568e+00
1.522392995404671767e+00
8.971759261391060392e+00
2.358482060102420341e+00
1.681740769438708982e+00
1.122444622100985434e+01
1.521560919448402771e+00
1.531824709180541921e+00
8.142331065788345867e+00
6.642692799339735998e+00
7.469951346551375160e+00
7.924073953254277214e+00
5.364372586260829578e+00
1.066190308386490671e+01
2.335075196037570855e+00
1.555845197648808798e+00
3.800163237644174963e+00
1.574794337705728742e+00
2.596702033910164076e+00
6.171881827070908599e+00
1.684853204051403486e+00
5.778336768038676574e+00
1.843475468964173025e+00
2.292281419711704071e+00
8.770635445513411454e+00
1.715282330848004300e+00
4.141159344761621952e+00
1.526102276558533699e+00
2.275859772227978972e+00
1.593283897301971619e+00
1.773879330422776235e+00
4.795755669043465730e+00
5.037535376726376413e+00
1.533621154018798061e+00
2.196926296210570673e+00
2.424081456933474765e+00
1.934924070921132166e+00
4.937137907238278167e+00
1.549628736250200811e+00
1.506616158123295524e+00
3.278320598681128129e+00
3.096324212340930249e+00
8.315975742350536493e+00
9.273447308391478572e+00
1.594787738755439443e+00
9.202870826062598653e+00
1.506507526245596029e+00
1.717269798502708555e+00
1.572026809182208273e+00
2.036787193551382824e+00
1.594347963039529414e+00
1.572835696988260423e+00
5.552874962629383404e+00
2.614325781630570944e+00
1.564136309029679595e+00
2.197584975278561448e+00
7.537056082580343208e+00
2.737469069620865003e+00
1.517120142144771533e+00
5.786451937208752838e+00
3.953830303447981365e+00
2.020833767713188678e+00
4.790938825290572467e+00
2.230454417692484093e+00
1.532159709610366960e+00
2.363793838259318214e+00
7.783899953818893103e+00
2.610217528571886270e+00
1.012888962088003986e+01
8.153943602800909574e+00
1.625837947292555263e+00
1.666388599255876013e+00
5.599542095713789358e+00
2.468504361307911399e+00
1.522925785447188263e+00
7.151577628606943016e+00
5.163347182624571374e+00
1.713627374741307108e+00
4.761450439303613003e+00
7.172784178622381823e+00
2.203820809670757885e+00
1.700168526248269973e+00
2.176194791974193077e+00
2.973892391690736936e+00
1.517197432278670988e+00
1.812538398165751907e+00
1.078194495937280450e+01
6.442743055062046587e+00
