9.450521699327778080e+00
1.510171745355231021e+00
1.637110472263748173e+00
1.170818029248763814e+01
7.683659561406793514e+00
1.562120980394114067e+00
1.525328093535558205e+00
1.618252305078900832e+00
2.088079694444096912e+00
1.516093462437891226e+00
1.585317329760518534e+00
4.169897521498798554e+00
3.517461568112995263e+00
1.527007455873069297e+00
4.381633338589511872e+00
4.175152619941552956e+00
1.555765264311381291e+00
7.468779070639638640e+00
5.313609790455099180e+00
1.752892919614336797e+00
5.737276018661959576e+00
6.099169520072239337e+00
6.931781786903058240e+00
2.353631444767093406e+00
2.311301263901042624e+00
9.633579983644896316e+00
1.647144359995970753e+00
1.518860389847614956e+00
1.526261240361752369e+00
1.764606964733227645e+00
3.618153875802920361e+00
7.437550624158867585e+00
1.874840240846630035e+00
3.769800987793286762e+00
5.986849360677531706e+00
1.628801477426135680e+00
7.173712505192726852e+00
1.530766368315994663e+00
8.620308382581804096e+00
2.649691423682637215e+00
1.574079028709811201e+00
3.122958596817734467e+00
2.420917194258290550e+00
1.805971956384132771e+00
5.249860638613372821e+00
8.052469568832339775e+00
1.533636377120826788e+00
1.554199717013696969e+00
1.579451594685540750e+00
8.239432298941318678e+00
1.536897479018987323e+00
1.553145938788508484e+00
1.505292438727857673e+00
3.452089828917941805e+00
1.024730593153322289e+01
6.151280896423115152e+00
1.591501164910306798e+00
5.861025159087524194e+00
1.655540751881850348e+00
2.045345604150248242e+00
1.553356172733585838e+00
1.540196713271388740e+00
1.673724262206286673e+00
1.544223949614637048e+00
1.615309331893732159e+00
1.746347974516565094e+00
1.579815934018616863e+00
2.917083064637026268e+00
7.160041985578063262e+00
8.439361409470922837e+00
2.528834491266615192e+00
4.092957978289677001e+00
1.500948967837356429e+00
3.409804920423465724e+00
6.812393877699296496e+00
1.608396522373371829e+00
1.607721735384374684e+00
1.560871698628022219e+00
8.856497145703816187e+00
1.688990735949569055e+00
9.796247791838936791e+00
1.280948505083979150e+01
1.518194755622176872e+00
1.501157102859510539e+00
1.051220556829054864e+01
1.569314145227878488e+00
1.534039870377565729e+00
7.475975319909976768e+00
4.093694700076897952e+00
1.743902311896350366e+00
2.484398200438023618e+00
3.691333778107198427e+00
3.047794909180419065e+00
4.452637537625352415e+00
2.201049607373195549e+00
1.714022585953721034e+00
1.989473311123035604e+00
1.551119458831379028e+00
6.023404893070270383e+00
7.269515974887911902e+00
