5.379967466904648887e+00
1.628211304775923685e+00
1.778824699930368070e+00
1.062017157335999151e+01
5.461483214751414295e+00
1.609306169080752191e+00
1.518489713287801024e+00
1.558849857546112938e+00
1.524603593148272207e+00
1.664651938392482933e+00
3.901427096623898194e+00
5.470359455726100606e+00
1.643006833483067197e+00
1.558330678766854716e+00
7.745326474341945655e+00
7.682424879075766100e+00
1.794249671596064299e+00
1.053250495610298998e+01
1.534469443666290012e+00
1.686527714839333170e+00
5.329200647290581294e+00
1.945686426737012420e+00
1.501689541625257807e+00
2.669745318315046578e+00
5.938930718642046358e+00
5.418425205165948277e+00
1.567036221026125942e+00
2.034012577737930982e+00
1.816364776467135567e+00
1.627670915890389480e+00
7.114670883099068810e+00
1.565578552435163529e+00
1.760043474449662915e+00
2.759272254211809994e+00
5.395934967334591548e+00
3.900412588833818806e+00
9.816900831538921679e+00
1.507483534793651714e+00
4.549572128565205986e+00
1.847503503190583762e+00
1.511599217503020620e+00
1.625006178549594837e+00
1.709992544250763524e+00
4.351082749741693512e+00
3.995756742192870803e+00
2.974398346485062739e+00
1.572479594418127347e+00
3.203311713529086724e+00
1.659137007995524105e+00
5.882791540244308059e+00
1.556909805923260448e+00
1.675321590051639165e+00
1.708506807778822578e+00
6.347734371004801979e+00
8.258131451558597291e+00
6.029484144202108098e+00
2.035032332087418627e+00
8.222595762041411405e+00
1.718826446765679750e+00
1.700120716517470099e+00
2.089895960153238086e+00
1.588285750523179329e+00
1.560894565625032815e+00
1.533112070610531230e+00
9.005426267541833951e+00
5.485654512748245892e+00
1.767984156556829056e+00
3.529952320822897782e+00
9.371689152436365688e+00
2.507953113548373025e+00
1.516951800384221727e+00
3.507833447441508046e+00
1.655881271663903309e+00
1.507608334897397873e+00
1.829336782764811042e+00
3.613491684735473886e+00
1.638903618743622781e+00
2.000432779006077411e+00
6.808454010568065762e+00
4.340432091765519473e+00
4.649771017948610918e+00
1.138701661894060990e+01
1.861694470043511185e+00
1.640533589291670147e+00
1.021513182092037297e+01
1.707907849761356012e+00
1.645736686972468776e+00
5.478000583570333148e+00
1.963757454823954918e+00
5.068108505292644672e+00
2.369430958089150607e+00
6.951597558435101298e+00
1.733463236672086349e+00
2.871897311248170936e+00
2.907878779465918218e+00
1.942659803677634800e+00
1.648129183553640020e+00
1.506870262805954042e+00
5.709328643391115676e+00
6.655075475396285967e+00
