7.752294866629299008e+00
1.560510931818495317e+00
1.761982196559588543e+00
9.708122765289006750e+00
4.278475157600065693e+00
1.707316111008168047e+00
1.572530095706271780e+00
1.731600401516409926e+00
2.231966881477706277e+00
1.508027501324018749e+00
3.240498403201364841e+00
2.079197915484298775e+00
2.013040608750599869e+00
1.547722947385096859e+00
3.477175823997959103e+00
2.521368585267797613e+00
1.610004018690710748e+00
1.027743569032345583e+01
3.073516879786327927e+00
2.278656342019378833e+00
9.814477252582651801e+00
4.789704478984509350e+00
3.899201116343022910e+00
7.710729474728781341e+00
6.533524150466162084e+00
6.936096142232782036e+00
4.230531315892346100e+00
1.546760296740501417e+00
1.727353681147680842e+00
1.570750658243438735e+00
5.368105829014296226e+00
3.567135817108560758e+00
1.835684521605870145e+00
3.062916706920658427e+00
8.114062223604376456e+00
2.752995982820359622e+00
9.073442119166845288e+00
1.537357900880855333e+00
2.470805265357408409e+00
1.704395882408554330e+00
1.678476140765924551e+00
1.518207362840847230e+00
1.505734540450593517e+00
6.878848709564124420e+00
2.298584804729514985e+00
1.862760227178361871e+00
1.547974114248489963e+00
1.532279502504894086e+00
1.511577641029449026e+00
7.403864827945137783e+00
1.606891936199197346e+00
2.628323566722390314e+00
1.535790775548650622e+00
4.787978775477199633e+00
7.649771575903554499e+00
1.670087402960482637e+00
1.946521938931315532e+00
8.266629730742963034e+00
1.500816414249391384e+00
1.515568673209261030e+00
4.909723333789222544e+00
1.623385949219690261e+00
2.168890418234111550e+00
4.100396894969341233e+00
2.754476298882409857e+00
2.645754798274064790e+00
1.532357528525308821e+00
4.349759617159598690e+00
5.369229366948554016e+00
4.020781881598367136e+00
2.647178970241546025e+00
7.984500860963549940e+00
1.570944106826886566e+00
1.886045864758271851e+00
2.336004845440299960e+00
3.519697252406064347e+00
1.752632442470503094e+00
1.749073735360844983e+00
7.134509399238859295e+00
1.820280384640629912e+00
8.825870626410370789e+00
1.104556480637312710e+01
2.178137237571824425e+00
1.515741933887770454e+00
7.882372296955407087e+00
1.650745562516140241e+00
2.547922273722696751e+00
9.123751081453463030e+00
1.787934408066590874e+00
2.071279807899641057e+00
5.399165921592348205e+00
4.583580191445740581e+00
1.609735504170385356e+00
1.800821501179581619e+00
1.578382039003473514e+00
1.533982481577760515e+00
1.605831425874627350e+00
1.572324558627294033e+00
2.783855121886277040e+00
5.474942617130253097e+00
