5.409383476685049041e-01
5.409383476685049041e-01
8.521137427297053452e-03
8.521137427297053452e-03
8.009111882204988930e-02
8.009111882204988930e-02
1.199999999999999956e+00
1.199999999999999956e+00
7.146447791883515643e-01
7.146447791883515643e-01
2.594473584603481653e-01
2.594473584603481653e-01
1.199999999999999956e+00
1.199999999999999956e+00
1.199999999999999956e+00
1.199999999999999956e+00
4.625467592682632745e-01
4.625467592682632745e-01
1.199999999999999956e+00
1.199999999999999956e+00
1.199999999999999956e+00
1.199999999999999956e+00
3.238982438904846051e-01
3.238982438904846051e-01
3.105832927047960657e-01
3.105832927047960657e-01
6.336797557833462324e-01
6.336797557833462324e-01
1.198615629504081737e+00
1.198615629504081737e+00
1.859962345150618368e-01
1.859962345150618368e-01
5.526210903170596378e-01
5.526210903170596378e-01
2.730020919387529110e-01
2.730020919387529110e-01
2.841663616172304119e-01
2.841663616172304119e-01
1.199999999999999956e+00
1.199999999999999956e+00
1.862895612605613982e-01
1.862895612605613982e-01
1.199999999999999956e+00
1.199999999999999956e+00
1.199999999999999956e+00
1.199999999999999956e+00
4.739973008729164161e-01
4.739973008729164161e-01
1.601702726624909257e-01
1.601702726624909257e-01
1.247663287197495752e-01
1.247663287197495752e-01
4.164430629644558235e-01
4.164430629644558235e-01
1.199999999999999956e+00
1.199999999999999956e+00
4.703192389931548090e-01
4.703192389931548090e-01
6.685650178514946917e-01
6.685650178514946917e-01
1.199999999999999956e+00
1.199999999999999956e+00
5.648226174372824593e-01
5.648226174372824593e-01
3.012413677234055398e-01
3.012413677234055398e-01
4.344046516932096869e-01
4.344046516932096869e-01
2.357486447512998906e-01
2.357486447512998906e-01
1.199999999999999956e+00
1.199999999999999956e+00
3.803085761736124115e-01
3.803085761736124115e-01
2.700516207672615798e-01
2.700516207672615798e-01
1.040854476357518099e-01
1.040854476357518099e-01
2.366131004910781988e-01
2.366131004910781988e-01
2.272199192776248877e-01
2.272199192776248877e-01
1.744790560473706842e-01
1.744790560473706842e-01
1.036908352573334691e-01
1.036908352573334691e-01
1.199999999999999956e+00
1.199999999999999956e+00
6.560842176211187926e-01
6.560842176211187926e-01
5.559806791670286463e-01
5.559806791670286463e-01
2.298830700131710703e-01
2.298830700131710703e-01
1.615602545743114737e-01
1.615602545743114737e-01
3.691517816295330490e-01
3.691517816295330490e-01
3.527618143376969884e-01
3.527618143376969884e-01
5.052294143041854424e-01
5.052294143041854424e-01
4.710389168186340791e-01
4.710389168186340791e-01
1.551122095328694162e-01
1.551122095328694162e-01
9.628640802552967948e-02
9.628640802552967948e-02
7.970803117286007211e-02
7.970803117286007211e-02
5.132753967305096060e-02
5.132753967305096060e-02
6.777596016815663482e-01
6.777596016815663482e-01
4.364363857896846888e-01
4.364363857896846888e-01
1.199999999999999956e+00
1.199999999999999956e+00
6.177922154216566354e-03
6.177922154216566354e-03
1.199999999999999956e+00
1.199999999999999956e+00
3.976387033983090347e-01
3.976387033983090347e-01
4.382742923489586495e-01
4.382742923489586495e-01
3.860614135019331816e-01
3.860614135019331816e-01
3.668781115726754138e-01
3.668781115726754138e-01
1.080116062717885461e-01
1.080116062717885461e-01
1.199999999999999956e+00
1.199999999999999956e+00
3.278636924201740466e-01
3.278636924201740466e-01
2.426436814546239218e-01
2.426436814546239218e-01
1.648757514732298868e-01
1.648757514732298868e-01
8.888905634523762700e-01
8.888905634523762700e-01
1.006382957772054887e+00
1.006382957772054887e+00
1.199999999999999956e+00
1.199999999999999956e+00
2.223000630484182616e-01
2.223000630484182616e-01
4.811708247883649259e-01
4.811708247883649259e-01
7.489344919391004440e-01
7.489344919391004440e-01
1.199999999999999956e+00
1.199999999999999956e+00
2.321065085092359481e-01
2.321065085092359481e-01
8.308669310079759562e-02
8.308669310079759562e-02
4.004204850674966676e-02
4.004204850674966676e-02
7.303655770851541496e-02
7.303655770851541496e-02
4.032317338958340547e-01
4.032317338958340547e-01
4.827315604551482564e-01
4.827315604551482564e-01
3.600111305096070358e-01
3.600111305096070358e-01
1.199999999999999956e+00
1.199999999999999956e+00
1.199999999999999956e+00
1.199999999999999956e+00
3.469961625864157462e-01
3.469961625864157462e-01
2.283420940350849304e-01
2.283420940350849304e-01
3.283037965340012687e-01
3.283037965340012687e-01
6.252916069902400009e-01
6.252916069902400009e-01
2.035598795102445679e-01
2.035598795102445679e-01
4.522083622565841177e-01
4.522083622565841177e-01
1.262906164265672204e-01
1.262906164265672204e-01
3.633909598934202401e-01
3.633909598934202401e-01
1.298947552808397965e-01
1.298947552808397965e-01
1.558088498835431546e-01
1.558088498835431546e-01
1.618257082078830567e-01
1.618257082078830567e-01
1.199999999999999956e+00
1.199999999999999956e+00
6.615647866668762644e-02
6.615647866668762644e-02
1.199999999999999956e+00
1.199999999999999956e+00
2.753654286523337102e-01
2.753654286523337102e-01
1.798262024037400042e-01
1.798262024037400042e-01
4.311714010954488252e-01
4.311714010954488252e-01
3.358868408377889692e-01
3.358868408377889692e-01
2.759955501406672340e-01
2.759955501406672340e-01
1.199999999999999956e+00
1.199999999999999956e+00
1.975135562306109538e-01
1.975135562306109538e-01
2.604242163828695555e-01
2.604242163828695555e-01
3.529328547108172009e-01
3.529328547108172009e-01
1.199999999999999956e+00
1.199999999999999956e+00
8.751462594199064249e-01
8.751462594199064249e-01
1.199999999999999956e+00
1.199999999999999956e+00
7.689056425275262452e-01
7.689056425275262452e-01
4.155903079766509745e-01
4.155903079766509745e-01
5.924108756945243442e-02
5.924108756945243442e-02
8.608319211894959189e-01
8.608319211894959189e-01
5.112313430245682966e-01
5.112313430245682966e-01
4.233146115984162683e-02
4.233146115984162683e-02
8.797821203905926701e-01
8.797821203905926701e-01
2.372570525788425810e-01
2.372570525788425810e-01
4.419030439496200724e-02
4.419030439496200724e-02
1.199999999999999956e+00
1.199999999999999956e+00
4.808464355451745331e-01
4.808464355451745331e-01
5.554329501809132097e-01
5.554329501809132097e-01
7.276515601369070163e-01
7.276515601369070163e-01
9.517986376957617012e-02
9.517986376957617012e-02
9.062424480570921426e-02
9.062424480570921426e-02
1.505246963149486639e-01
1.505246963149486639e-01
3.352900208862990006e-01
3.352900208862990006e-01
8.230813226889218681e-01
8.230813226889218681e-01
1.199999999999999956e+00
1.199999999999999956e+00
3.494698451736375500e-01
3.494698451736375500e-01
2.593945008126357088e-01
2.593945008126357088e-01
4.451301121847953124e-01
4.451301121847953124e-01
7.588254878482074695e-01
7.588254878482074695e-01
2.362921231171314362e-01
2.362921231171314362e-01
1.199999999999999956e+00
1.199999999999999956e+00
6.086616448041968219e-01
6.086616448041968219e-01
2.105221377786747616e-01
2.105221377786747616e-01
6.849477168297295471e-01
6.849477168297295471e-01
4.178497145388279654e-01
4.178497145388279654e-01
1.630003060428480699e-01
1.630003060428480699e-01
1.199999999999999956e+00
1.199999999999999956e+00
1.199999999999999956e+00
1.199999999999999956e+00
4.329788789525197967e-01
4.329788789525197967e-01
2.813917416073314359e-01
2.813917416073314359e-01
4.981747624428655152e-01
4.981747624428655152e-01
2.093461064442697916e-01
2.093461064442697916e-01
1.522770738620308206e-01
1.522770738620308206e-01
1.199999999999999956e+00
1.199999999999999956e+00
7.795919109714079254e-02
7.795919109714079254e-02
1.589323757913132240e-01
1.589323757913132240e-01
1.729674464233719455e-01
1.729674464233719455e-01
4.355092271797897374e-01
4.355092271797897374e-01
1.199999999999999956e+00
1.199999999999999956e+00
3.710927072452466224e-01
3.710927072452466224e-01
4.922936824363364355e-02
4.922936824363364355e-02
7.630142975622472568e-02
7.630142975622472568e-02
5.601479616771072312e-01
5.601479616771072312e-01
7.020716691227869843e-02
7.020716691227869843e-02
7.496048530010067379e-02
7.496048530010067379e-02
8.294354500225813442e-01
8.294354500225813442e-01
1.747515872093283462e-01
1.747515872093283462e-01
2.926565464326701949e-01
2.926565464326701949e-01
9.021076167962770176e-02
9.021076167962770176e-02
3.017644914761432109e-02
3.017644914761432109e-02
1.443705446518311897e-01
1.443705446518311897e-01
3.068166161407293036e-01
3.068166161407293036e-01
9.209251179366554352e-01
9.209251179366554352e-01
4.059998696320006317e-01
4.059998696320006317e-01
1.199999999999999956e+00
1.199999999999999956e+00
7.394660580521638105e-01
7.394660580521638105e-01
3.581761692948586817e-01
3.581761692948586817e-01
8.587782053557242723e-02
8.587782053557242723e-02
1.199999999999999956e+00
1.199999999999999956e+00
2.529090387787090166e-01
2.529090387787090166e-01
1.050623614928532928e-01
1.050623614928532928e-01
1.199999999999999956e+00
1.199999999999999956e+00
1.153712484281371187e-01
1.153712484281371187e-01
1.199999999999999956e+00
1.199999999999999956e+00
4.884559767176464007e-01
4.884559767176464007e-01
2.477615136442150312e-01
2.477615136442150312e-01
5.550751209188516944e-01
5.550751209188516944e-01
1.067015847752205843e-01
1.067015847752205843e-01
4.541396768131254480e-01
4.541396768131254480e-01
1.199999999999999956e+00
1.199999999999999956e+00
1.803532905909070450e-01
1.803532905909070450e-01
4.557770192325688585e-01
4.557770192325688585e-01
1.199999999999999956e+00
1.199999999999999956e+00
7.812586965647432269e-01
7.812586965647432269e-01
2.104933158085495470e-01
2.104933158085495470e-01
1.199999999999999956e+00
1.199999999999999956e+00
1.716054139683317603e-01
1.716054139683317603e-01
2.716229792652907413e-02
2.716229792652907413e-02
2.986623548236955195e-01
2.986623548236955195e-01
7.591271104879021570e-02
7.591271104879021570e-02
2.247714592695923275e-01
2.247714592695923275e-01
4.911090116457897392e-01
4.911090116457897392e-01
9.382440414842646570e-02
9.382440414842646570e-02
1.199999999999999956e+00
1.199999999999999956e+00
1.199999999999999956e+00
1.199999999999999956e+00
3.039386134685284069e-01
3.039386134685284069e-01
1.199999999999999956e+00
1.199999999999999956e+00
3.385871451416393452e-01
3.385871451416393452e-01
2.521372391560454118e-01
2.521372391560454118e-01
1.199999999999999956e+00
1.199999999999999956e+00
4.458613329848811202e-01
4.458613329848811202e-01
4.724929344405687237e-02
4.724929344405687237e-02
1.199999999999999956e+00
1.199999999999999956e+00
1.810950049147517227e-01
1.810950049147517227e-01
7.109387881999283954e-01
7.109387881999283954e-01
1.199999999999999956e+00
1.199999999999999956e+00
2.064217066057513483e-01
2.064217066057513483e-01
6.731007512855376185e-02
6.731007512855376185e-02
1.062621661056984829e-01
1.062621661056984829e-01
3.941425238057706393e-01
3.941425238057706393e-01
6.295902087175703210e-01
6.295902087175703210e-01
1.199999999999999956e+00
1.199999999999999956e+00
4.201520834587696429e-01
4.201520834587696429e-01
5.275843080617621805e-02
5.275843080617621805e-02
2.870286735582144311e-01
2.870286735582144311e-01
1.199999999999999956e+00
1.199999999999999956e+00
5.202934104545190452e-01
5.202934104545190452e-01
1.199999999999999956e+00
1.199999999999999956e+00
1.199999999999999956e+00
1.199999999999999956e+00
3.654916692036980774e-01
3.654916692036980774e-01
1.199999999999999956e+00
1.199999999999999956e+00
4.780638757407869310e-02
4.780638757407869310e-02
7.418584546567563720e-01
7.418584546567563720e-01
1.199999999999999956e+00
1.199999999999999956e+00
6.627811726860670660e-01
6.627811726860670660e-01
2.718025337289427523e-01
2.718025337289427523e-01
1.199999999999999956e+00
1.199999999999999956e+00
6.150688956213514746e-01
6.150688956213514746e-01
7.237268062260917567e-01
7.237268062260917567e-01
4.378502762635319012e-01
4.378502762635319012e-01
4.196965882573527873e-01
4.196965882573527873e-01
1.199999999999999956e+00
1.199999999999999956e+00
1.199999999999999956e+00
1.199999999999999956e+00
3.735476360118055172e-01
3.735476360118055172e-01
3.837375169299305222e-01
3.837375169299305222e-01
9.202723851455628379e-02
9.202723851455628379e-02
3.002974181998561143e-01
3.002974181998561143e-01
1.740821829871565807e-01
1.740821829871565807e-01
4.146920122454003654e-02
4.146920122454003654e-02
1.199999999999999956e+00
1.199999999999999956e+00
4.649504775413293434e-01
4.649504775413293434e-01
1.486851707643131182e-01
1.486851707643131182e-01
1.199999999999999956e+00
1.199999999999999956e+00
4.126564399869372957e-02
4.126564399869372957e-02
5.933679595091411185e-01
5.933679595091411185e-01
2.956498832575591429e-01
2.956498832575591429e-01
2.282189352203901466e-03
2.282189352203901466e-03
1.199999999999999956e+00
1.199999999999999956e+00
5.517919658381874592e-01
5.517919658381874592e-01
3.112271101516355110e-01
3.112271101516355110e-01
1.303987292857642644e-01
1.303987292857642644e-01
2.857421377038342203e-01
2.857421377038342203e-01
2.299119425880161993e-01
2.299119425880161993e-01
4.213580091598537192e-01
4.213580091598537192e-01
3.609329384324360124e-01
3.609329384324360124e-01
2.663585214811592938e-01
2.663585214811592938e-01
1.193972516623937052e-01
1.193972516623937052e-01
1.320153461403677619e+00
1.320153461403677619e+00
3.596938997251917236e-01
3.596938997251917236e-01
4.218105032451233138e-02
4.218105032451233138e-02
3.754268482451126321e-01
3.754268482451126321e-01
6.216198086527824351e-01
6.216198086527824351e-01
2.396021709333583383e-01
2.396021709333583383e-01
1.958205090165904272e-01
1.958205090165904272e-01
9.167367586431614257e-02
9.167367586431614257e-02
1.890472192710133947e-01
1.890472192710133947e-01
5.547055464295751886e-02
5.547055464295751886e-02
7.691668660641348687e-01
7.691668660641348687e-01
1.199999999999999956e+00
1.199999999999999956e+00
6.471215575923712215e-01
6.471215575923712215e-01
1.199999999999999956e+00
1.199999999999999956e+00
6.050297063835383682e-01
6.050297063835383682e-01
1.199999999999999956e+00
1.199999999999999956e+00
1.199999999999999956e+00
1.199999999999999956e+00
8.759606436371167315e-02
8.759606436371167315e-02
7.708170460420278591e-02
7.708170460420278591e-02
7.693652059719493508e-01
7.693652059719493508e-01
4.895899814514175219e-01
4.895899814514175219e-01
5.364648606794018004e-01
5.364648606794018004e-01
1.053880865529746025e-01
1.053880865529746025e-01
2.621155886391443590e-02
2.621155886391443590e-02
2.906665417469316837e-01
2.906665417469316837e-01
1.127318099136441210e-01
1.127318099136441210e-01
1.199999999999999956e+00
1.199999999999999956e+00
2.116800937111433523e-01
2.116800937111433523e-01
6.698183191512483425e-01
6.698183191512483425e-01
3.229612074609824468e-01
3.229612074609824468e-01
1.199999999999999956e+00
1.199999999999999956e+00
1.649002988284762050e-01
1.649002988284762050e-01
4.040059453551965440e-02
4.040059453551965440e-02
6.287347578485233957e-01
6.287347578485233957e-01
1.199999999999999956e+00
1.199999999999999956e+00
1.058577327850523074e-02
1.058577327850523074e-02
3.251603441146766471e-01
3.251603441146766471e-01
1.540044533037372987e-01
1.540044533037372987e-01
2.071695245402513097e-01
2.071695245402513097e-01
5.262254656034625055e-01
5.262254656034625055e-01
3.079116968902937401e-01
3.079116968902937401e-01
2.858337198352182695e-01
2.858337198352182695e-01
1.225252711383328252e+00
1.225252711383328252e+00
2.318833228315991257e-01
2.318833228315991257e-01
3.187784493589587709e-01
3.187784493589587709e-01
3.549194026666135371e-01
3.549194026666135371e-01
7.245333714645395273e-02
7.245333714645395273e-02
3.311096211451772797e-01
3.311096211451772797e-01
6.607607242411690507e-01
6.607607242411690507e-01
3.460356028202918321e-01
3.460356028202918321e-01
1.199999999999999956e+00
1.199999999999999956e+00
4.193631010069120979e-01
4.193631010069120979e-01
2.579147051546371028e-01
2.579147051546371028e-01
1.199999999999999956e+00
1.199999999999999956e+00
2.077223694465014092e-01
2.077223694465014092e-01
3.896324780865052517e-01
3.896324780865052517e-01
1.199999999999999956e+00
1.199999999999999956e+00
1.003255690099036229e-01
1.003255690099036229e-01
1.199999999999999956e+00
1.199999999999999956e+00
2.060792643925160594e-01
2.060792643925160594e-01
3.451713040725639114e-01
3.451713040725639114e-01
9.842405103722146054e-02
9.842405103722146054e-02
1.069647971711833317e-01
1.069647971711833317e-01
4.826342153656247302e-01
4.826342153656247302e-01
1.199999999999999956e+00
1.199999999999999956e+00
3.373658927690276754e-01
3.373658927690276754e-01
1.790068673449629333e-01
1.790068673449629333e-01
1.199999999999999956e+00
1.199999999999999956e+00
4.217246338551149387e-01
4.217246338551149387e-01
1.308959415960156691e-01
1.308959415960156691e-01
2.786899978980219572e-01
2.786899978980219572e-01
2.205222236190321206e-01
2.205222236190321206e-01
5.540612331732839291e-01
5.540612331732839291e-01
1.009300440212044903e+00
1.009300440212044903e+00
1.942433971106103940e-01
1.942433971106103940e-01
2.458687945003119601e-01
2.458687945003119601e-01
1.935775075644037557e-01
1.935775075644037557e-01
3.472877680158887870e-01
3.472877680158887870e-01
1.199999999999999956e+00
1.199999999999999956e+00
8.054631065277761959e-02
8.054631065277761959e-02
5.748238291574889747e-01
5.748238291574889747e-01
6.508335196120164888e-03
6.508335196120164888e-03
7.511315597312124837e-01
7.511315597312124837e-01
5.996411124538884030e-01
5.996411124538884030e-01
1.199999999999999956e+00
1.199999999999999956e+00
1.088098092739342021e-01
1.088098092739342021e-01
5.615840152995823023e-03
5.615840152995823023e-03
1.207927012299686020e-01
1.207927012299686020e-01
2.649037418669656502e-02
2.649037418669656502e-02
1.199999999999999956e+00
1.199999999999999956e+00
3.126175790208112759e-01
3.126175790208112759e-01
4.981482392288722472e-01
4.981482392288722472e-01
1.519245157088089937e-01
1.519245157088089937e-01
1.199999999999999956e+00
1.199999999999999956e+00
6.410562556336006634e-02
6.410562556336006634e-02
8.130512219711406585e-01
8.130512219711406585e-01
1.199999999999999956e+00
1.199999999999999956e+00
7.441377304881194865e-01
7.441377304881194865e-01
1.199999999999999956e+00
1.199999999999999956e+00
1.199999999999999956e+00
1.199999999999999956e+00
1.031124049874057591e-01
1.031124049874057591e-01
1.199999999999999956e+00
1.199999999999999956e+00
5.672205980744682297e-01
5.672205980744682297e-01
1.199999999999999956e+00
1.199999999999999956e+00
1.199999999999999956e+00
1.199999999999999956e+00
2.555517711708252260e-01
2.555517711708252260e-01
9.731507366464609010e-02
9.731507366464609010e-02
1.034209835124005328e-01
1.034209835124005328e-01
4.877129541848608529e-02
4.877129541848608529e-02
1.199999999999999956e+00
1.199999999999999956e+00
2.887045566636881055e-01
2.887045566636881055e-01
5.270244313138275905e-01
5.270244313138275905e-01
5.762701095674821472e-01
5.762701095674821472e-01
1.114082130066958998e+00
1.114082130066958998e+00
1.199999999999999956e+00
1.199999999999999956e+00
3.229866870738816731e-01
3.229866870738816731e-01
7.506870957066205663e-02
7.506870957066205663e-02
1.558581598275963209e-01
1.558581598275963209e-01
1.199999999999999956e+00
1.199999999999999956e+00
6.658213297059850655e-02
6.658213297059850655e-02
1.199999999999999956e+00
1.199999999999999956e+00
5.575675723210099521e-02
5.575675723210099521e-02
1.199999999999999956e+00
1.199999999999999956e+00
8.701904158401563283e-02
8.701904158401563283e-02
1.199999999999999956e+00
1.199999999999999956e+00
1.199999999999999956e+00
1.199999999999999956e+00
2.237757663585775159e-01
2.237757663585775159e-01
6.184075550381058495e-01
6.184075550381058495e-01
4.193981303093742286e-01
4.193981303093742286e-01
3.471767005098325143e-01
3.471767005098325143e-01
2.862559732485173702e-01
2.862559732485173702e-01
2.246188451415464804e-01
2.246188451415464804e-01
5.098363205047896640e-01
5.098363205047896640e-01
3.174101468257758962e-01
3.174101468257758962e-01
7.320611731460962002e-01
7.320611731460962002e-01
2.206917613432233249e-01
2.206917613432233249e-01
1.199999999999999956e+00
1.199999999999999956e+00
4.969807244289775605e-01
4.969807244289775605e-01
1.199999999999999956e+00
1.199999999999999956e+00
1.199999999999999956e+00
1.199999999999999956e+00
1.759365822984142180e-01
1.759365822984142180e-01
1.199999999999999956e+00
1.199999999999999956e+00
6.857430165808264116e-03
6.857430165808264116e-03
3.216067335293071316e-01
3.216067335293071316e-01
3.169313876391706142e-01
3.169313876391706142e-01
4.713736365000829875e-02
4.713736365000829875e-02
1.971184990317454977e-01
1.971184990317454977e-01
6.060087756894886324e-01
6.060087756894886324e-01
2.191803326391775775e-01
2.191803326391775775e-01
4.374137540749377107e-01
4.374137540749377107e-01
1.199999999999999956e+00
1.199999999999999956e+00
3.448910680278403640e-01
3.448910680278403640e-01
9.308691297848555035e-02
9.308691297848555035e-02
7.577266996339761251e-02
7.577266996339761251e-02
1.199999999999999956e+00
1.199999999999999956e+00
1.469103215098491455e-01
1.469103215098491455e-01
1.199999999999999956e+00
1.199999999999999956e+00
1.501928449541781452e-01
1.501928449541781452e-01
4.027575821076618823e-01
4.027575821076618823e-01
5.330357514371913963e-02
5.330357514371913963e-02
4.983354876656356791e-01
4.983354876656356791e-01
2.995745436765869796e-01
2.995745436765869796e-01
5.218293727968921214e-01
5.218293727968921214e-01
1.190191402689761840e-01
1.190191402689761840e-01
1.832863797189510369e-01
1.832863797189510369e-01
2.414789567075427412e-01
2.414789567075427412e-01
3.632674825081280146e-01
3.632674825081280146e-01
5.582581821893909391e-01
5.582581821893909391e-01
2.870937113903624383e-01
2.870937113903624383e-01
5.754270088185189369e-01
5.754270088185189369e-01
3.001168460501810742e-01
3.001168460501810742e-01
7.736279132921292101e-02
7.736279132921292101e-02
1.601166415581229407e-01
1.601166415581229407e-01
1.199999999999999956e+00
1.199999999999999956e+00
3.606862254123637257e-01
3.606862254123637257e-01
6.462279991639197085e-01
6.462279991639197085e-01
1.199999999999999956e+00
1.199999999999999956e+00
1.878272392006273828e-01
1.878272392006273828e-01
1.199999999999999956e+00
1.199999999999999956e+00
1.199999999999999956e+00
1.199999999999999956e+00
4.704721392187934947e-01
4.704721392187934947e-01
1.560496089453311877e-02
1.560496089453311877e-02
4.939041682658599774e-01
4.939041682658599774e-01
1.199999999999999956e+00
1.199999999999999956e+00
2.303833639900263464e-01
2.303833639900263464e-01
1.055366726658610421e+00
1.055366726658610421e+00
1.199999999999999956e+00
1.199999999999999956e+00
4.551317678073412143e-01
4.551317678073412143e-01
4.501441635942665664e-01
4.501441635942665664e-01
2.272561503838972999e-02
2.272561503838972999e-02
1.547033359589917723e-01
1.547033359589917723e-01
3.632895920793579037e-01
3.632895920793579037e-01
9.008739877581561917e-02
9.008739877581561917e-02
4.666690003228297079e-01
4.666690003228297079e-01
4.367781830515002905e-01
4.367781830515002905e-01
2.627433336772493910e-01
2.627433336772493910e-01
4.856228699514836267e-01
4.856228699514836267e-01
5.777014315599604544e-01
5.777014315599604544e-01
1.100987620584404914e-01
1.100987620584404914e-01
3.017820219864886244e-02
3.017820219864886244e-02
3.235463626927586600e-01
3.235463626927586600e-01
2.211610719628707145e-01
2.211610719628707145e-01
6.492757823863030964e-02
6.492757823863030964e-02
4.415564768995119960e-01
4.415564768995119960e-01
1.709060873725426477e-01
1.709060873725426477e-01
1.044833013092348883e-01
1.044833013092348883e-01
2.656455282163838194e-01
2.656455282163838194e-01
1.199999999999999956e+00
1.199999999999999956e+00
2.237243871964823827e-01
2.237243871964823827e-01
5.922682827532343985e-01
5.922682827532343985e-01
1.733176030657662403e-01
1.733176030657662403e-01
9.180255752049903961e-02
9.180255752049903961e-02
4.192055554919455473e-01
4.192055554919455473e-01
3.572873115644202846e-01
3.572873115644202846e-01
1.199999999999999956e+00
1.199999999999999956e+00
3.292625553980492725e-01
3.292625553980492725e-01
2.279707580584969251e-01
2.279707580584969251e-01
3.215287317596264849e-01
3.215287317596264849e-01
2.193440766053765881e-02
2.193440766053765881e-02
1.859149305463305979e-01
1.859149305463305979e-01
1.651841556947458434e-01
1.651841556947458434e-01
2.048869124070416547e-01
2.048869124070416547e-01
1.314452496279610583e-01
1.314452496279610583e-01
1.537268615048964226e-01
1.537268615048964226e-01
1.432164277352235282e-01
1.432164277352235282e-01
1.277260839916771751e-01
1.277260839916771751e-01
3.295013110088000907e-01
3.295013110088000907e-01
1.199999999999999956e+00
1.199999999999999956e+00
1.199999999999999956e+00
1.199999999999999956e+00
1.199999999999999956e+00
1.199999999999999956e+00
1.757520645616522936e-01
1.757520645616522936e-01
5.158076896709630210e-01
5.158076896709630210e-01
7.455128667549630606e-02
7.455128667549630606e-02
6.025377857871634137e-03
6.025377857871634137e-03
8.546480186919769295e-02
8.546480186919769295e-02
1.785034619831823710e-01
1.785034619831823710e-01
5.223086476434244535e-02
5.223086476434244535e-02
8.705893504557646878e-01
8.705893504557646878e-01
1.199999999999999956e+00
1.199999999999999956e+00
3.001956861269531457e-02
3.001956861269531457e-02
1.199999999999999956e+00
1.199999999999999956e+00
1.308331897887576589e-01
1.308331897887576589e-01
1.199999999999999956e+00
1.199999999999999956e+00
5.145383622511409127e-01
5.145383622511409127e-01
1.769671016293544730e-01
1.769671016293544730e-01
7.380616557318014914e-02
7.380616557318014914e-02
4.317161902032106702e-01
4.317161902032106702e-01
3.148119676149992996e-01
3.148119676149992996e-01
5.780627225274034831e-02
5.780627225274034831e-02
3.736089668908790240e-01
3.736089668908790240e-01
6.732570026943782704e-01
6.732570026943782704e-01
5.877622434535001439e-01
5.877622434535001439e-01
1.199999999999999956e+00
1.199999999999999956e+00
3.262914168947784188e-01
3.262914168947784188e-01
4.067079099953653243e-01
4.067079099953653243e-01
4.332408795868873952e-01
4.332408795868873952e-01
1.199999999999999956e+00
1.199999999999999956e+00
6.614414039427088388e-02
6.614414039427088388e-02
1.158630304987076365e-01
1.158630304987076365e-01
1.199999999999999956e+00
1.199999999999999956e+00
1.199999999999999956e+00
1.199999999999999956e+00
1.199999999999999956e+00
1.199999999999999956e+00
3.689401308294084636e-01
3.689401308294084636e-01
5.426758569253823383e-01
5.426758569253823383e-01
4.207042377708070796e-02
4.207042377708070796e-02
3.891790532589028406e-01
3.891790532589028406e-01
3.669401413946020429e-02
3.669401413946020429e-02
2.805428373802127950e-01
2.805428373802127950e-01
2.792922374246079587e-01
2.792922374246079587e-01
3.578404908971029030e-01
3.578404908971029030e-01
1.199999999999999956e+00
1.199999999999999956e+00
1.199999999999999956e+00
1.199999999999999956e+00
1.199999999999999956e+00
1.199999999999999956e+00
8.433752201152805439e-02
8.433752201152805439e-02
4.937115815469793334e-02
4.937115815469793334e-02
3.824874255147046043e-01
3.824874255147046043e-01
6.826365693226754683e-02
6.826365693226754683e-02
1.006590649224787359e+00
1.006590649224787359e+00
4.275746025753478508e-01
4.275746025753478508e-01
1.854707578751346730e-01
1.854707578751346730e-01
2.663283326840557019e-01
2.663283326840557019e-01
1.050893032449036063e-01
1.050893032449036063e-01
4.057218928387557391e-03
4.057218928387557391e-03
2.817211782392038399e-01
2.817211782392038399e-01
8.400810669288490129e-02
8.400810669288490129e-02
1.733944224902317366e-01
1.733944224902317366e-01
8.060469005658590577e-03
8.060469005658590577e-03
3.145662170383092260e-01
3.145662170383092260e-01
4.188245250776041484e-01
4.188245250776041484e-01
1.199999999999999956e+00
1.199999999999999956e+00
1.199999999999999956e+00
1.199999999999999956e+00
8.371193559557990604e-02
8.371193559557990604e-02
5.939529289614742247e-02
5.939529289614742247e-02
1.199999999999999956e+00
1.199999999999999956e+00
1.585064453294864062e-01
1.585064453294864062e-01
1.870656468768761849e-01
1.870656468768761849e-01
2.879303111056755737e-01
2.879303111056755737e-01
2.173970329797902112e-01
2.173970329797902112e-01
1.199999999999999956e+00
1.199999999999999956e+00
2.487030494893629345e-02
2.487030494893629345e-02
1.199999999999999956e+00
1.199999999999999956e+00
1.199999999999999956e+00
1.199999999999999956e+00
3.133624613113511481e-01
3.133624613113511481e-01
1.199999999999999956e+00
1.199999999999999956e+00
1.199999999999999956e+00
1.199999999999999956e+00
1.199999999999999956e+00
1.199999999999999956e+00
6.156271695547474998e-01
6.156271695547474998e-01
5.644814748496721490e-01
5.644814748496721490e-01
1.199999999999999956e+00
1.199999999999999956e+00
3.232891425661202911e-01
3.232891425661202911e-01
1.199999999999999956e+00
1.199999999999999956e+00
3.910347066447587561e-01
3.910347066447587561e-01
8.387466450336886203e-02
8.387466450336886203e-02
2.195994454628126258e-01
2.195994454628126258e-01
5.054108516304208765e-01
5.054108516304208765e-01
8.567219642647473377e-01
8.567219642647473377e-01
1.199999999999999956e+00
1.199999999999999956e+00
4.718914518930303337e-01
4.718914518930303337e-01
1.168069427279969097e-01
1.168069427279969097e-01
1.547469133583156964e-01
1.547469133583156964e-01
5.091673652742025880e-01
5.091673652742025880e-01
3.101164442245853414e-01
3.101164442245853414e-01
3.339841979025869878e-01
3.339841979025869878e-01
9.568752921576152703e-02
9.568752921576152703e-02
1.199999999999999956e+00
1.199999999999999956e+00
2.571668699540960445e-02
2.571668699540960445e-02
4.181180857656128791e-01
4.181180857656128791e-01
1.199999999999999956e+00
1.199999999999999956e+00
4.006704239281682622e-01
4.006704239281682622e-01
2.697015181397633549e-02
2.697015181397633549e-02
5.791115596947525868e-01
5.791115596947525868e-01
2.542789348534672533e-01
2.542789348534672533e-01
4.771402261093132813e-02
4.771402261093132813e-02
1.199999999999999956e+00
1.199999999999999956e+00
3.653609894834257688e-01
3.653609894834257688e-01
1.876266445164892493e-01
1.876266445164892493e-01
2.317779943911236207e-01
2.317779943911236207e-01
1.199999999999999956e+00
1.199999999999999956e+00
4.286549732023572368e-01
4.286549732023572368e-01
6.040380249144817748e-01
6.040380249144817748e-01
2.414025957627290442e-01
2.414025957627290442e-01
4.308491535681291396e-02
4.308491535681291396e-02
5.608265755876051285e-03
5.608265755876051285e-03
3.353843115574197675e-01
3.353843115574197675e-01
6.143467564794464764e-01
6.143467564794464764e-01
2.425470060125636262e-01
2.425470060125636262e-01
1.199999999999999956e+00
1.199999999999999956e+00
9.962385731631193120e-02
9.962385731631193120e-02
5.306860068421711540e-01
5.306860068421711540e-01
4.584306134108470099e-01
4.584306134108470099e-01
1.199999999999999956e+00
1.199999999999999956e+00
9.867780399304043604e-02
9.867780399304043604e-02
1.199999999999999956e+00
1.199999999999999956e+00
4.128743929640459748e-02
4.128743929640459748e-02
7.827191271043336049e-03
7.827191271043336049e-03
1.199999999999999956e+00
1.199999999999999956e+00
1.199999999999999956e+00
1.199999999999999956e+00
3.952484493571457591e-01
3.952484493571457591e-01
4.568576806233627940e-01
4.568576806233627940e-01
6.283802694476729733e-02
6.283802694476729733e-02
3.271073680869803213e-01
3.271073680869803213e-01
9.431413121206908001e-02
9.431413121206908001e-02
2.618006660882638004e-02
2.618006660882638004e-02
1.199999999999999956e+00
1.199999999999999956e+00
1.320765656085912121e-01
1.320765656085912121e-01
1.108076000188807780e-01
1.108076000188807780e-01
2.071863016155457982e-01
2.071863016155457982e-01
3.381032390043725577e-01
3.381032390043725577e-01
1.513313036695591585e-01
1.513313036695591585e-01
5.261512488182719383e-02
5.261512488182719383e-02
1.199999999999999956e+00
1.199999999999999956e+00
5.527367287385919203e-01
5.527367287385919203e-01
2.155692208385975028e-01
2.155692208385975028e-01
7.908333563765245454e-04
7.908333563765245454e-04
1.199999999999999956e+00
1.199999999999999956e+00
3.648692219907675310e-02
3.648692219907675310e-02
3.678762200733325105e-02
3.678762200733325105e-02
1.199999999999999956e+00
1.199999999999999956e+00
5.513838409137842289e-01
5.513838409137842289e-01
3.814079571824559589e-01
3.814079571824559589e-01
2.392495229347228747e-01
2.392495229347228747e-01
9.376043688422051881e-02
9.376043688422051881e-02
1.122535797468191765e+00
1.122535797468191765e+00
1.631550722728028827e-02
1.631550722728028827e-02
7.854391766046620732e-03
7.854391766046620732e-03
7.932497940182465790e-01
7.932497940182465790e-01
1.227313773489722461e-02
1.227313773489722461e-02
7.997922769604645654e-02
7.997922769604645654e-02
4.806776982193279313e-01
4.806776982193279313e-01
9.716387296378878324e-02
9.716387296378878324e-02
3.641083865598945812e-02
3.641083865598945812e-02
2.514931223661019954e-01
2.514931223661019954e-01
1.199999999999999956e+00
1.199999999999999956e+00
3.828390253618281780e-01
3.828390253618281780e-01
1.724871801898834600e-01
1.724871801898834600e-01
5.059040386200324146e-01
5.059040386200324146e-01
2.459064181568705321e-01
2.459064181568705321e-01
4.905565603400502406e-02
4.905565603400502406e-02
1.207077009821758695e-01
1.207077009821758695e-01
1.172637625013206314e-01
1.172637625013206314e-01
8.479048196840217877e-02
8.479048196840217877e-02
8.553596644732368304e-02
8.553596644732368304e-02
8.910736305982462635e-02
8.910736305982462635e-02
1.199999999999999956e+00
1.199999999999999956e+00
2.737027416034709115e-01
2.737027416034709115e-01
1.199999999999999956e+00
1.199999999999999956e+00
2.172229572821099408e-01
2.172229572821099408e-01
1.016008242641825571e-01
1.016008242641825571e-01
2.131223426196587889e-01
2.131223426196587889e-01
5.140288348189010481e-01
5.140288348189010481e-01
4.507509312683679048e-01
4.507509312683679048e-01
2.977923019998444665e-01
2.977923019998444665e-01
2.044162922975015784e-01
2.044162922975015784e-01
1.199999999999999956e+00
1.199999999999999956e+00
2.583845143773535469e-01
2.583845143773535469e-01
4.877052693156518348e-01
4.877052693156518348e-01
1.199999999999999956e+00
1.199999999999999956e+00
2.245987051516356026e-01
2.245987051516356026e-01
6.142571058524232130e-02
6.142571058524232130e-02
8.799463045578362341e-02
8.799463045578362341e-02
1.199999999999999956e+00
1.199999999999999956e+00
3.951477055946776007e-01
3.951477055946776007e-01
4.200689520639854790e-01
4.200689520639854790e-01
3.907341216681423611e-03
3.907341216681423611e-03
1.241461866242736696e-02
1.241461866242736696e-02
2.823747041578448247e-01
2.823747041578448247e-01
3.483868294517482034e-01
3.483868294517482034e-01
3.767494004557268572e-01
3.767494004557268572e-01
3.420257795790769273e-01
3.420257795790769273e-01
5.964107842279192662e-01
5.964107842279192662e-01
8.847394926017830841e-01
8.847394926017830841e-01
1.199999999999999956e+00
1.199999999999999956e+00
1.904320061954297427e-01
1.904320061954297427e-01
1.199999999999999956e+00
1.199999999999999956e+00
2.128766858427375286e-01
2.128766858427375286e-01
1.117119357299751863e-02
1.117119357299751863e-02
9.043516027813815195e-02
9.043516027813815195e-02
7.993762379899470583e-01
7.993762379899470583e-01
1.746199866402734502e-01
1.746199866402734502e-01
2.480582773456416756e-01
2.480582773456416756e-01
6.376360925594752593e-02
6.376360925594752593e-02
1.199999999999999956e+00
1.199999999999999956e+00
1.199999999999999956e+00
1.199999999999999956e+00
1.767492935531282117e-01
1.767492935531282117e-01
4.530154239116863935e-02
4.530154239116863935e-02
3.336379547755297104e-01
3.336379547755297104e-01
2.600508382208937749e-02
2.600508382208937749e-02
1.863049304493756830e-01
1.863049304493756830e-01
4.723969294717705186e-02
4.723969294717705186e-02
1.255759888050507755e-01
1.255759888050507755e-01
6.821461090812823425e-02
6.821461090812823425e-02
1.199999999999999956e+00
1.199999999999999956e+00
5.758334471387497322e-01
5.758334471387497322e-01
