3.544177332586918583e-01
3.544177332586918583e-01
1.199999999999999956e+00
1.199999999999999956e+00
7.866845561036206469e-02
7.866845561036206469e-02
4.679323282928115058e-01
4.679323282928115058e-01
6.158031062280188150e-01
6.158031062280188150e-01
3.871561276196912038e-01
3.871561276196912038e-01
1.199999999999999956e+00
1.199999999999999956e+00
2.974964457698403564e-01
2.974964457698403564e-01
3.038188693140409513e-01
3.038188693140409513e-01
1.720069193349051395e-01
1.720069193349051395e-01
4.159701786319744965e-01
4.159701786319744965e-01
1.357907019980018372e-02
1.357907019980018372e-02
1.774805687411959987e-01
1.774805687411959987e-01
1.199999999999999956e+00
1.199999999999999956e+00
1.190223941309764277e-01
1.190223941309764277e-01
1.199999999999999956e+00
1.199999999999999956e+00
6.911055459998353134e-01
6.911055459998353134e-01
8.742163355687208037e-01
8.742163355687208037e-01
4.876411721651936065e-02
4.876411721651936065e-02
4.985059816536813182e-01
4.985059816536813182e-01
3.847378623988782081e-02
3.847378623988782081e-02
1.199999999999999956e+00
1.199999999999999956e+00
7.895878728103912503e-02
7.895878728103912503e-02
2.794072320444460078e-01
2.794072320444460078e-01
4.091822099403323865e-01
4.091822099403323865e-01
1.199999999999999956e+00
1.199999999999999956e+00
2.413428577467033598e-01
2.413428577467033598e-01
1.199999999999999956e+00
1.199999999999999956e+00
6.734895005641018673e-02
6.734895005641018673e-02
2.330912135173015265e-01
2.330912135173015265e-01
6.654129929486340272e-03
6.654129929486340272e-03
6.235800383299729965e-01
6.235800383299729965e-01
3.968518449091856248e-01
3.968518449091856248e-01
2.857586083029696900e-03
2.857586083029696900e-03
1.199999999999999956e+00
1.199999999999999956e+00
1.321207053456995850e-01
1.321207053456995850e-01
6.274351574673482368e-01
6.274351574673482368e-01
1.462747983571288934e-01
1.462747983571288934e-01
2.593125707126148205e-02
2.593125707126148205e-02
6.689173556524191655e-02
6.689173556524191655e-02
8.305826476560286276e-01
8.305826476560286276e-01
1.199999999999999956e+00
1.199999999999999956e+00
2.189922029251896718e-01
2.189922029251896718e-01
1.273487544621001721e-01
1.273487544621001721e-01
3.588612261533550285e-01
3.588612261533550285e-01
2.317782774409775648e-01
2.317782774409775648e-01
4.266367055653026985e-01
4.266367055653026985e-01
1.199999999999999956e+00
1.199999999999999956e+00
1.199999999999999956e+00
1.199999999999999956e+00
1.199999999999999956e+00
1.199999999999999956e+00
6.247425237739961945e-01
6.247425237739961945e-01
3.277660921941290967e-02
3.277660921941290967e-02
4.434498053548776020e-01
4.434498053548776020e-01
5.318857118160826847e-01
5.318857118160826847e-01
6.738234854729296952e-01
6.738234854729296952e-01
4.365688792007570429e-01
4.365688792007570429e-01
1.199999999999999956e+00
1.199999999999999956e+00
4.700494215448014490e-01
4.700494215448014490e-01
3.758392708375775104e-01
3.758392708375775104e-01
3.649820500989749972e-01
3.649820500989749972e-01
4.057239990000358620e-01
4.057239990000358620e-01
1.754417092029026681e-01
1.754417092029026681e-01
1.726853212603221555e-01
1.726853212603221555e-01
3.084705487110976641e-02
3.084705487110976641e-02
1.199999999999999956e+00
1.199999999999999956e+00
4.845155633756585423e-01
4.845155633756585423e-01
3.755178453039411113e-01
3.755178453039411113e-01
1.199999999999999956e+00
1.199999999999999956e+00
1.199999999999999956e+00
1.199999999999999956e+00
1.485426953069212130e-01
1.485426953069212130e-01
2.499656273601583989e-01
2.499656273601583989e-01
1.199999999999999956e+00
1.199999999999999956e+00
1.773111217213551583e-01
1.773111217213551583e-01
1.402695270897948432e-01
1.402695270897948432e-01
9.350869611130731285e-02
9.350869611130731285e-02
8.136160975004943507e-01
8.136160975004943507e-01
1.199999999999999956e+00
1.199999999999999956e+00
1.199999999999999956e+00
1.199999999999999956e+00
1.718025271369312823e-01
1.718025271369312823e-01
7.260660710359339021e-01
7.260660710359339021e-01
1.199999999999999956e+00
1.199999999999999956e+00
3.696648514349850645e-01
3.696648514349850645e-01
4.467553846484058067e-01
4.467553846484058067e-01
1.199999999999999956e+00
1.199999999999999956e+00
6.567007849347213932e-01
6.567007849347213932e-01
5.878926351984010701e-01
5.878926351984010701e-01
1.199999999999999956e+00
1.199999999999999956e+00
1.130738089650509953e-01
1.130738089650509953e-01
2.606601415541258127e-01
2.606601415541258127e-01
3.287932181321368552e-01
3.287932181321368552e-01
4.750173262237504801e-01
4.750173262237504801e-01
3.308735893447368737e-01
3.308735893447368737e-01
1.199999999999999956e+00
1.199999999999999956e+00
2.558605868475725686e-01
2.558605868475725686e-01
5.847837256202924605e-01
5.847837256202924605e-01
6.471681959713878607e-01
6.471681959713878607e-01
1.199999999999999956e+00
1.199999999999999956e+00
1.199999999999999956e+00
1.199999999999999956e+00
5.760417706098176494e-01
5.760417706098176494e-01
6.806779501350919137e-01
6.806779501350919137e-01
1.199999999999999956e+00
1.199999999999999956e+00
2.066991162688043004e-01
2.066991162688043004e-01
2.808274536874810212e-01
2.808274536874810212e-01
1.199999999999999956e+00
1.199999999999999956e+00
1.030186637757060653e-01
1.030186637757060653e-01
3.523212428164130827e-01
3.523212428164130827e-01
1.199999999999999956e+00
1.199999999999999956e+00
2.151379261969454948e-01
2.151379261969454948e-01
1.199999999999999956e+00
1.199999999999999956e+00
2.042491481053523850e-01
2.042491481053523850e-01
9.216042399947101948e-01
9.216042399947101948e-01
4.831427666776479390e-01
4.831427666776479390e-01
3.238750057196123078e-01
3.238750057196123078e-01
1.002342825858018704e+00
1.002342825858018704e+00
1.199999999999999956e+00
1.199999999999999956e+00
1.199999999999999956e+00
1.199999999999999956e+00
3.218544886325717669e-01
3.218544886325717669e-01
1.199999999999999956e+00
1.199999999999999956e+00
4.423282988332483123e-01
4.423282988332483123e-01
3.591641461792891010e-01
3.591641461792891010e-01
1.097113487787140240e-01
1.097113487787140240e-01
1.199999999999999956e+00
1.199999999999999956e+00
6.537005195239427024e-01
6.537005195239427024e-01
1.199999999999999956e+00
1.199999999999999956e+00
1.199999999999999956e+00
1.199999999999999956e+00
1.635010835511279126e-01
1.635010835511279126e-01
1.466315555297094397e-02
1.466315555297094397e-02
6.893600435582611929e-01
6.893600435582611929e-01
2.981606062095989440e-01
2.981606062095989440e-01
1.199999999999999956e+00
1.199999999999999956e+00
4.254227278091762127e-02
4.254227278091762127e-02
5.782107854222142684e-01
5.782107854222142684e-01
2.873422168696175283e-01
2.873422168696175283e-01
1.199999999999999956e+00
1.199999999999999956e+00
1.199999999999999956e+00
1.199999999999999956e+00
2.142905466920476953e-01
2.142905466920476953e-01
1.199999999999999956e+00
1.199999999999999956e+00
4.621317231288083471e-01
4.621317231288083471e-01
1.199999999999999956e+00
1.199999999999999956e+00
5.038942525769547487e-01
5.038942525769547487e-01
2.526925419905243220e-01
2.526925419905243220e-01
1.812532191172320784e-01
1.812532191172320784e-01
1.199999999999999956e+00
1.199999999999999956e+00
2.306729875926044615e-01
2.306729875926044615e-01
1.356266271880534890e-01
1.356266271880534890e-01
5.839089826472044775e-01
5.839089826472044775e-01
4.609044343227765572e-01
4.609044343227765572e-01
1.199999999999999956e+00
1.199999999999999956e+00
2.133378280341355626e-01
2.133378280341355626e-01
3.837930381852219242e-01
3.837930381852219242e-01
3.239496347400145360e-01
3.239496347400145360e-01
4.464751946951124317e-01
4.464751946951124317e-01
9.308047860118104366e-02
9.308047860118104366e-02
3.320192937393851018e-01
3.320192937393851018e-01
3.116859304001136088e-01
3.116859304001136088e-01
7.472345418377869530e-02
7.472345418377869530e-02
3.679496901775750062e-01
3.679496901775750062e-01
4.517847658971974045e-01
4.517847658971974045e-01
1.636828602283765255e-01
1.636828602283765255e-01
7.130879247025258272e-02
7.130879247025258272e-02
1.199999999999999956e+00
1.199999999999999956e+00
8.635953250204995157e-01
8.635953250204995157e-01
4.813088042236661757e-01
4.813088042236661757e-01
6.872113593964913891e-02
6.872113593964913891e-02
2.300069207086793688e-01
2.300069207086793688e-01
1.705028780425553447e-01
1.705028780425553447e-01
4.656785713786814052e-01
4.656785713786814052e-01
2.900977321948082777e-01
2.900977321948082777e-01
4.221985296949854471e-01
4.221985296949854471e-01
2.189635234943127229e-01
2.189635234943127229e-01
2.977404099381587010e-01
2.977404099381587010e-01
4.220355330805825728e-02
4.220355330805825728e-02
1.199999999999999956e+00
1.199999999999999956e+00
2.078260536140798809e-01
2.078260536140798809e-01
2.640065088923973513e-01
2.640065088923973513e-01
4.286843392955220766e-01
4.286843392955220766e-01
4.831891486762375232e-01
4.831891486762375232e-01
5.607741280094007408e-01
5.607741280094007408e-01
2.848154804210532576e-01
2.848154804210532576e-01
3.062688501324536960e-01
3.062688501324536960e-01
1.199999999999999956e+00
1.199999999999999956e+00
1.199999999999999956e+00
1.199999999999999956e+00
8.492287122571494373e-02
8.492287122571494373e-02
5.815540370380238855e-01
5.815540370380238855e-01
1.199999999999999956e+00
1.199999999999999956e+00
5.173797283315048068e-01
5.173797283315048068e-01
1.199999999999999956e+00
1.199999999999999956e+00
1.199999999999999956e+00
1.199999999999999956e+00
2.750241994680676094e-01
2.750241994680676094e-01
4.334480535111986943e-01
4.334480535111986943e-01
1.478218217949535743e-02
1.478218217949535743e-02
1.199999999999999956e+00
1.199999999999999956e+00
5.503899474025394367e-01
5.503899474025394367e-01
1.199999999999999956e+00
1.199999999999999956e+00
1.199999999999999956e+00
1.199999999999999956e+00
2.851549285997593830e-01
2.851549285997593830e-01
2.100359457664323082e-01
2.100359457664323082e-01
2.600945442368603477e-01
2.600945442368603477e-01
1.199999999999999956e+00
1.199999999999999956e+00
2.199273388538154350e-01
2.199273388538154350e-01
2.762345492132028610e-02
2.762345492132028610e-02
1.199999999999999956e+00
1.199999999999999956e+00
1.201206064099918369e-01
1.201206064099918369e-01
1.199999999999999956e+00
1.199999999999999956e+00
3.166279078008839010e-01
3.166279078008839010e-01
7.026648035086857647e-02
7.026648035086857647e-02
4.501982087942160149e-01
4.501982087942160149e-01
4.451147697762071198e-01
4.451147697762071198e-01
4.265279433881982718e-02
4.265279433881982718e-02
1.680513344619751770e-01
1.680513344619751770e-01
1.199999999999999956e+00
1.199999999999999956e+00
3.342392488260721994e-01
3.342392488260721994e-01
4.907711904018789983e-01
4.907711904018789983e-01
2.857463017400665994e-01
2.857463017400665994e-01
2.917217609623032892e-01
2.917217609623032892e-01
1.147487400182392037e-01
1.147487400182392037e-01
5.481816071765422960e-01
5.481816071765422960e-01
3.002737231443093902e-01
3.002737231443093902e-01
4.196346664982932850e-01
4.196346664982932850e-01
4.228630537891937546e-01
4.228630537891937546e-01
2.874886710116620336e-01
2.874886710116620336e-01
1.199999999999999956e+00
1.199999999999999956e+00
3.548435699801304466e-01
3.548435699801304466e-01
1.199999999999999956e+00
1.199999999999999956e+00
1.120364062858619641e-01
1.120364062858619641e-01
1.199999999999999956e+00
1.199999999999999956e+00
1.199999999999999956e+00
1.199999999999999956e+00
1.199999999999999956e+00
1.199999999999999956e+00
1.299863661827910938e-02
1.299863661827910938e-02
9.277769102237725107e-01
9.277769102237725107e-01
1.006898640093214364e-01
1.006898640093214364e-01
7.994920386007490221e-01
7.994920386007490221e-01
4.288819680162409553e-01
4.288819680162409553e-01
1.222258232245892473e-01
1.222258232245892473e-01
7.829240918733310073e-01
7.829240918733310073e-01
4.104876626766271186e-01
4.104876626766271186e-01
1.199999999999999956e+00
1.199999999999999956e+00
4.866070586384536878e-02
4.866070586384536878e-02
1.190479262254107606e+00
1.190479262254107606e+00
1.199999999999999956e+00
1.199999999999999956e+00
7.125092449967455055e-01
7.125092449967455055e-01
2.840646949082806794e-01
2.840646949082806794e-01
1.013652663155306222e+00
1.013652663155306222e+00
8.342476371860817475e-01
8.342476371860817475e-01
1.426900273360044713e-02
1.426900273360044713e-02
1.199999999999999956e+00
1.199999999999999956e+00
1.190857473108296594e-01
1.190857473108296594e-01
7.308628069717733322e-02
7.308628069717733322e-02
1.845505993193694294e-01
1.845505993193694294e-01
8.567765420243035612e-02
8.567765420243035612e-02
1.199999999999999956e+00
1.199999999999999956e+00
4.875651835335034073e-02
4.875651835335034073e-02
1.666435169777566172e-01
1.666435169777566172e-01
4.525865644598721094e-01
4.525865644598721094e-01
1.980402864301067378e-01
1.980402864301067378e-01
1.199999999999999956e+00
1.199999999999999956e+00
1.390100366530650777e-01
1.390100366530650777e-01
3.696874216796357249e-02
3.696874216796357249e-02
9.629569668476412048e-02
9.629569668476412048e-02
1.199999999999999956e+00
1.199999999999999956e+00
1.199999999999999956e+00
1.199999999999999956e+00
2.541392653129452839e-01
2.541392653129452839e-01
1.199999999999999956e+00
1.199999999999999956e+00
4.674373634223036311e-01
4.674373634223036311e-01
4.469335386113051922e-01
4.469335386113051922e-01
2.332244726150504988e-01
2.332244726150504988e-01
3.006253516884135335e-01
3.006253516884135335e-01
6.654531089547577327e-01
6.654531089547577327e-01
1.927688947267837682e-01
1.927688947267837682e-01
1.199999999999999956e+00
1.199999999999999956e+00
4.646702192559065137e-01
4.646702192559065137e-01
7.642847052739264457e-01
7.642847052739264457e-01
2.654402343283836507e-01
2.654402343283836507e-01
3.460408852858138928e-01
3.460408852858138928e-01
1.534541940935803539e-01
1.534541940935803539e-01
4.002685863934346000e-01
4.002685863934346000e-01
1.199999999999999956e+00
1.199999999999999956e+00
1.199999999999999956e+00
1.199999999999999956e+00
1.574409145511335845e-02
1.574409145511335845e-02
2.895296067078285684e-01
2.895296067078285684e-01
3.836421532928482314e-01
3.836421532928482314e-01
1.097396715088428537e-01
1.097396715088428537e-01
1.085440805979953904e-01
1.085440805979953904e-01
6.310573136819001006e-01
6.310573136819001006e-01
5.060608810996929385e-01
5.060608810996929385e-01
5.731385242718042283e-01
5.731385242718042283e-01
1.199999999999999956e+00
1.199999999999999956e+00
2.258005023062047423e-01
2.258005023062047423e-01
1.199999999999999956e+00
1.199999999999999956e+00
4.824277774598408897e-01
4.824277774598408897e-01
1.199999999999999956e+00
1.199999999999999956e+00
6.825324387265979675e-01
6.825324387265979675e-01
1.069406784911473562e-01
1.069406784911473562e-01
8.176326489749202731e-02
8.176326489749202731e-02
4.208079771398262614e-02
4.208079771398262614e-02
3.844318131529878002e-01
3.844318131529878002e-01
4.120223263762787941e-02
4.120223263762787941e-02
1.066581465082685337e-01
1.066581465082685337e-01
1.319732648626817662e-01
1.319732648626817662e-01
2.977033959872719682e-01
2.977033959872719682e-01
2.943884837365455809e-01
2.943884837365455809e-01
9.555792272832080991e-01
9.555792272832080991e-01
2.623042731299664310e-02
2.623042731299664310e-02
3.324678812286941954e-01
3.324678812286941954e-01
2.606193681115372418e-01
2.606193681115372418e-01
1.606672053297112934e-01
1.606672053297112934e-01
1.792984978520748562e-01
1.792984978520748562e-01
3.857787723657162826e-01
3.857787723657162826e-01
1.507521748682874030e-01
1.507521748682874030e-01
1.500131165473076456e-01
1.500131165473076456e-01
3.547949699891075337e-01
3.547949699891075337e-01
4.122145804627886934e-01
4.122145804627886934e-01
3.133949425593475779e-01
3.133949425593475779e-01
1.696248744008351517e-01
1.696248744008351517e-01
1.199999999999999956e+00
1.199999999999999956e+00
1.326142406271518248e-01
1.326142406271518248e-01
2.718053376849490776e-01
2.718053376849490776e-01
4.108763499536682295e-01
4.108763499536682295e-01
3.986169323097472628e-01
3.986169323097472628e-01
3.153102090132179902e-01
3.153102090132179902e-01
2.850871573638223966e-01
2.850871573638223966e-01
8.913261044853686144e-02
8.913261044853686144e-02
3.930044007871307810e-01
3.930044007871307810e-01
1.199999999999999956e+00
1.199999999999999956e+00
2.238073970362501885e-01
2.238073970362501885e-01
7.846904043556723884e-02
7.846904043556723884e-02
1.493423224997841303e-01
1.493423224997841303e-01
5.108870220067841528e-01
5.108870220067841528e-01
1.199999999999999956e+00
1.199999999999999956e+00
2.497928342310199445e-01
2.497928342310199445e-01
1.199999999999999956e+00
1.199999999999999956e+00
2.800145812905192044e-01
2.800145812905192044e-01
1.199999999999999956e+00
1.199999999999999956e+00
1.199999999999999956e+00
1.199999999999999956e+00
4.215006222775555256e-01
4.215006222775555256e-01
1.278528952649592154e-01
1.278528952649592154e-01
1.193367433429651792e-01
1.193367433429651792e-01
1.052307704483753693e-02
1.052307704483753693e-02
3.760118350588451674e-01
3.760118350588451674e-01
1.199999999999999956e+00
1.199999999999999956e+00
2.806466683826848718e-01
2.806466683826848718e-01
1.362925210167381940e-01
1.362925210167381940e-01
1.199999999999999956e+00
1.199999999999999956e+00
1.856300553338866011e-01
1.856300553338866011e-01
1.661986265260996798e-01
1.661986265260996798e-01
3.480895382205670963e-01
3.480895382205670963e-01
2.795128528610359153e-02
2.795128528610359153e-02
5.672528622725848679e-01
5.672528622725848679e-01
3.016118062923494811e-02
3.016118062923494811e-02
2.121431814464837251e-01
2.121431814464837251e-01
1.069656612347663210e-01
1.069656612347663210e-01
4.861249124555211409e-02
4.861249124555211409e-02
1.199999999999999956e+00
1.199999999999999956e+00
1.199999999999999956e+00
1.199999999999999956e+00
1.199999999999999956e+00
1.199999999999999956e+00
8.154205187932739296e-01
8.154205187932739296e-01
2.525054165701577369e-01
2.525054165701577369e-01
7.164205000198341222e-02
7.164205000198341222e-02
2.678394341437057569e-01
2.678394341437057569e-01
1.296714288959293915e-01
1.296714288959293915e-01
3.499196660616767790e-02
3.499196660616767790e-02
1.850073785554145478e-01
1.850073785554145478e-01
1.639339250210285759e-01
1.639339250210285759e-01
4.340707295198427129e-01
4.340707295198427129e-01
1.199999999999999956e+00
1.199999999999999956e+00
1.759099894354483884e-01
1.759099894354483884e-01
2.301920903417579989e-01
2.301920903417579989e-01
1.927918038844444737e-01
1.927918038844444737e-01
2.646174992182150354e-01
2.646174992182150354e-01
8.605578835753233680e-01
8.605578835753233680e-01
1.199999999999999956e+00
1.199999999999999956e+00
3.793389463120211413e-02
3.793389463120211413e-02
1.199999999999999956e+00
1.199999999999999956e+00
1.589233811083163861e-01
1.589233811083163861e-01
7.580176131293884234e-01
7.580176131293884234e-01
3.286739551924746650e-01
3.286739551924746650e-01
1.968017176112820399e-01
1.968017176112820399e-01
9.156349301525002274e-03
9.156349301525002274e-03
1.199999999999999956e+00
1.199999999999999956e+00
1.199999999999999956e+00
1.199999999999999956e+00
2.915891060806625329e-02
2.915891060806625329e-02
2.858962554762082275e-01
2.858962554762082275e-01
1.840227578828136090e-01
1.840227578828136090e-01
1.172270643336418561e-01
1.172270643336418561e-01
1.695630632227993206e-01
1.695630632227993206e-01
1.814001417381374270e-01
1.814001417381374270e-01
5.046039944191728077e-01
5.046039944191728077e-01
3.818409661544258649e-01
3.818409661544258649e-01
5.278689793984492340e-01
5.278689793984492340e-01
3.676243295141188860e-01
3.676243295141188860e-01
1.199999999999999956e+00
1.199999999999999956e+00
1.199999999999999956e+00
1.199999999999999956e+00
1.301329431918900152e-02
1.301329431918900152e-02
5.226658507353010297e-01
5.226658507353010297e-01
3.442439853289947504e-01
3.442439853289947504e-01
6.127893844041738536e-01
6.127893844041738536e-01
5.412718413416581775e-01
5.412718413416581775e-01
8.177448621643466919e-02
8.177448621643466919e-02
1.199999999999999956e+00
1.199999999999999956e+00
8.599771839260837714e-02
8.599771839260837714e-02
1.290299748093128585e-01
1.290299748093128585e-01
2.542189063739698773e-01
2.542189063739698773e-01
7.526932109444613161e-02
7.526932109444613161e-02
3.024147231489191512e-01
3.024147231489191512e-01
2.650087409626016854e-01
2.650087409626016854e-01
9.623642365047540004e-01
9.623642365047540004e-01
1.612424885243555206e-01
1.612424885243555206e-01
8.569698546653219395e-01
8.569698546653219395e-01
6.195736350110414570e-02
6.195736350110414570e-02
6.105261065315967794e-01
6.105261065315967794e-01
5.760020999026840283e-01
5.760020999026840283e-01
7.053113258395314611e-02
7.053113258395314611e-02
5.257766034725909476e-02
5.257766034725909476e-02
6.797418807228678972e-01
6.797418807228678972e-01
1.620868714296088697e-01
1.620868714296088697e-01
1.737053516331100445e-01
1.737053516331100445e-01
6.223081286197218454e-01
6.223081286197218454e-01
6.009185090199045121e-01
6.009185090199045121e-01
1.199999999999999956e+00
1.199999999999999956e+00
5.582539295670860963e-02
5.582539295670860963e-02
1.199999999999999956e+00
1.199999999999999956e+00
1.962417225529133613e-01
1.962417225529133613e-01
2.444383840812305031e-01
2.444383840812305031e-01
4.942213667215213935e-01
4.942213667215213935e-01
1.199999999999999956e+00
1.199999999999999956e+00
5.837875279008052365e-01
5.837875279008052365e-01
3.982515480611510394e-01
3.982515480611510394e-01
6.220941432282147687e-01
6.220941432282147687e-01
1.199999999999999956e+00
1.199999999999999956e+00
6.436345323943385432e-01
6.436345323943385432e-01
2.958831505736803646e-01
2.958831505736803646e-01
1.199999999999999956e+00
1.199999999999999956e+00
1.199999999999999956e+00
1.199999999999999956e+00
4.683394457704409541e-01
4.683394457704409541e-01
5.012489353546893955e-01
5.012489353546893955e-01
4.296267998666635640e-02
4.296267998666635640e-02
1.199999999999999956e+00
1.199999999999999956e+00
5.871105210031947186e-01
5.871105210031947186e-01
1.584033292555480643e-01
1.584033292555480643e-01
3.333098456504134943e-01
3.333098456504134943e-01
5.458991131143626774e-01
5.458991131143626774e-01
1.199999999999999956e+00
1.199999999999999956e+00
8.264674053234372098e-02
8.264674053234372098e-02
4.728718589198235844e-01
4.728718589198235844e-01
1.199999999999999956e+00
1.199999999999999956e+00
4.201377953247897867e-01
4.201377953247897867e-01
2.472968448153028964e-01
2.472968448153028964e-01
7.772710670423437218e-01
7.772710670423437218e-01
4.315665386021196870e-01
4.315665386021196870e-01
1.199999999999999956e+00
1.199999999999999956e+00
5.420608648325636603e-01
5.420608648325636603e-01
1.199999999999999956e+00
1.199999999999999956e+00
1.480011397117624583e-01
1.480011397117624583e-01
1.199999999999999956e+00
1.199999999999999956e+00
1.199999999999999956e+00
1.199999999999999956e+00
9.604908582125552818e-02
9.604908582125552818e-02
1.199999999999999956e+00
1.199999999999999956e+00
6.640443923938150160e-03
6.640443923938150160e-03
4.164124337160680089e-01
4.164124337160680089e-01
2.961424577424324189e-01
2.961424577424324189e-01
6.356630658305257864e-01
6.356630658305257864e-01
7.141848845877851737e-01
7.141848845877851737e-01
1.199999999999999956e+00
1.199999999999999956e+00
1.869707812035558137e-01
1.869707812035558137e-01
1.740355132761339796e-01
1.740355132761339796e-01
5.354877852170559782e-01
5.354877852170559782e-01
1.199999999999999956e+00
1.199999999999999956e+00
5.988167014043091485e-02
5.988167014043091485e-02
2.975255358332226652e-01
2.975255358332226652e-01
8.863799006813721792e-02
8.863799006813721792e-02
1.199999999999999956e+00
1.199999999999999956e+00
1.585733890883623820e-01
1.585733890883623820e-01
1.432880438715521988e-02
1.432880438715521988e-02
1.917675017726033493e-01
1.917675017726033493e-01
1.199999999999999956e+00
1.199999999999999956e+00
1.927743511623540573e-01
1.927743511623540573e-01
1.062219526963590482e-02
1.062219526963590482e-02
8.569552423100616767e-02
8.569552423100616767e-02
5.784058841096613168e-01
5.784058841096613168e-01
1.199999999999999956e+00
1.199999999999999956e+00
2.359673996854673994e-01
2.359673996854673994e-01
1.199999999999999956e+00
1.199999999999999956e+00
1.899877179644809400e-01
1.899877179644809400e-01
1.485002714700120574e+00
1.485002714700120574e+00
9.705436263303113265e-02
9.705436263303113265e-02
1.044324661381283575e-01
1.044324661381283575e-01
1.199999999999999956e+00
1.199999999999999956e+00
1.555852803582488120e-01
1.555852803582488120e-01
5.612556807546562054e-02
5.612556807546562054e-02
5.171706654754423260e-01
5.171706654754423260e-01
9.671772328548387809e-02
9.671772328548387809e-02
4.255891655079522273e-01
4.255891655079522273e-01
3.653883359979513967e-01
3.653883359979513967e-01
4.752699775350514577e-01
4.752699775350514577e-01
1.199999999999999956e+00
1.199999999999999956e+00
2.231190063700281279e-01
2.231190063700281279e-01
1.338631385567663201e-01
1.338631385567663201e-01
3.148083973777613953e-01
3.148083973777613953e-01
2.880589138762187362e-01
2.880589138762187362e-01
1.806153344848581144e-01
1.806153344848581144e-01
1.040077385811265520e-01
1.040077385811265520e-01
1.019077373285828952e-01
1.019077373285828952e-01
1.495968411912823870e-01
1.495968411912823870e-01
7.334124067287434157e-01
7.334124067287434157e-01
7.410527832522612046e-02
7.410527832522612046e-02
2.400198026481581773e-02
2.400198026481581773e-02
5.105892942339371882e-02
5.105892942339371882e-02
1.490425612475565487e-01
1.490425612475565487e-01
6.951794129063356698e-01
6.951794129063356698e-01
5.042490010738330808e-01
5.042490010738330808e-01
8.838042492055608879e-01
8.838042492055608879e-01
1.199999999999999956e+00
1.199999999999999956e+00
1.199999999999999956e+00
1.199999999999999956e+00
6.726541787321267396e-01
6.726541787321267396e-01
2.931928613016460683e-01
2.931928613016460683e-01
1.965360413746276846e-02
1.965360413746276846e-02
2.850914783466363400e-01
2.850914783466363400e-01
2.662656980274603624e-01
2.662656980274603624e-01
1.199999999999999956e+00
1.199999999999999956e+00
1.199999999999999956e+00
1.199999999999999956e+00
1.199999999999999956e+00
1.199999999999999956e+00
1.355969133841666840e-01
1.355969133841666840e-01
1.014459233528302723e-01
1.014459233528302723e-01
1.199999999999999956e+00
1.199999999999999956e+00
2.688171253881369710e-02
2.688171253881369710e-02
9.693820883439596692e-02
9.693820883439596692e-02
5.171546028214951685e-01
5.171546028214951685e-01
4.201328871751708327e-01
4.201328871751708327e-01
1.199999999999999956e+00
1.199999999999999956e+00
1.484593974658197646e-01
1.484593974658197646e-01
9.778561820214187739e-02
9.778561820214187739e-02
1.284231108911392805e-01
1.284231108911392805e-01
3.918805878125788400e-01
3.918805878125788400e-01
7.747324869023514138e-02
7.747324869023514138e-02
2.378065266046376913e-01
2.378065266046376913e-01
2.218417465808748545e-01
2.218417465808748545e-01
4.263213480989813675e-01
4.263213480989813675e-01
6.808532473046623179e-02
6.808532473046623179e-02
1.199999999999999956e+00
1.199999999999999956e+00
1.199999999999999956e+00
1.199999999999999956e+00
3.245767921456766403e-01
3.245767921456766403e-01
1.063025173557520242e-01
1.063025173557520242e-01
1.199999999999999956e+00
1.199999999999999956e+00
6.514333379660509626e-01
6.514333379660509626e-01
5.909487083510205352e-01
5.909487083510205352e-01
2.121415189877833285e-01
2.121415189877833285e-01
3.433442478476503301e-01
3.433442478476503301e-01
8.220872037124586640e-02
8.220872037124586640e-02
6.325979687629655623e-02
6.325979687629655623e-02
1.199999999999999956e+00
1.199999999999999956e+00
2.921201179268118620e-01
2.921201179268118620e-01
6.141333648234378328e-01
6.141333648234378328e-01
1.199999999999999956e+00
1.199999999999999956e+00
1.585654838078207618e-01
1.585654838078207618e-01
1.199999999999999956e+00
1.199999999999999956e+00
4.110443423554271947e-01
4.110443423554271947e-01
1.574056508253042219e-01
1.574056508253042219e-01
9.523008482619756965e-01
9.523008482619756965e-01
1.231518051660860230e-01
1.231518051660860230e-01
3.692282225407214069e-01
3.692282225407214069e-01
1.279545451553468494e-01
1.279545451553468494e-01
3.748334549835244944e-01
3.748334549835244944e-01
3.078580547718272054e-01
3.078580547718272054e-01
7.131429416922456521e-02
7.131429416922456521e-02
6.281284259509574142e-01
6.281284259509574142e-01
1.879358190479166746e-01
1.879358190479166746e-01
1.199999999999999956e+00
1.199999999999999956e+00
1.857496518032845656e-01
1.857496518032845656e-01
1.489960691766789302e-01
1.489960691766789302e-01
1.779467058693433301e-01
1.779467058693433301e-01
3.181905837247605007e-01
3.181905837247605007e-01
8.210794104335887855e-01
8.210794104335887855e-01
2.197889064071167076e-01
2.197889064071167076e-01
4.222680892101209338e-01
4.222680892101209338e-01
3.793885532029980245e-01
3.793885532029980245e-01
1.492877410563322460e-01
1.492877410563322460e-01
5.824838806809192748e-01
5.824838806809192748e-01
3.090165573794467768e-01
3.090165573794467768e-01
7.084060570683163860e-01
7.084060570683163860e-01
1.199999999999999956e+00
1.199999999999999956e+00
3.033114215617344622e-01
3.033114215617344622e-01
9.333099357993243084e-01
9.333099357993243084e-01
2.037841003597145595e-01
2.037841003597145595e-01
1.196047517258890802e-01
1.196047517258890802e-01
2.105378798081710690e-01
2.105378798081710690e-01
1.199999999999999956e+00
1.199999999999999956e+00
3.205841434117505662e-01
3.205841434117505662e-01
1.199999999999999956e+00
1.199999999999999956e+00
3.236776780221461980e-01
3.236776780221461980e-01
3.845045121904978602e-01
3.845045121904978602e-01
3.516626801931028723e-01
3.516626801931028723e-01
2.348393445053794104e-01
2.348393445053794104e-01
1.982602634606863146e-01
1.982602634606863146e-01
8.601747740916430018e-01
8.601747740916430018e-01
1.199999999999999956e+00
1.199999999999999956e+00
8.277311006797303250e-01
8.277311006797303250e-01
4.238094924970656208e-01
4.238094924970656208e-01
9.527385152866484422e-03
9.527385152866484422e-03
3.001980920917846074e-01
3.001980920917846074e-01
2.273954240427464302e-02
2.273954240427464302e-02
3.970329808810337674e-02
3.970329808810337674e-02
1.338458826952367842e-01
1.338458826952367842e-01
6.200421359289315371e-01
6.200421359289315371e-01
1.199999999999999956e+00
1.199999999999999956e+00
1.069252341900086938e-02
1.069252341900086938e-02
4.099191095649192262e-01
4.099191095649192262e-01
3.889077485737599260e-01
3.889077485737599260e-01
7.694377695752313562e-02
7.694377695752313562e-02
4.724509259141381756e-01
4.724509259141381756e-01
5.124764535560744072e-01
5.124764535560744072e-01
3.292816027038552029e-01
3.292816027038552029e-01
4.742298208942570814e-01
4.742298208942570814e-01
1.199999999999999956e+00
1.199999999999999956e+00
3.116872578434523033e-01
3.116872578434523033e-01
2.214146140534616891e-01
2.214146140534616891e-01
2.496310799802462302e-02
2.496310799802462302e-02
1.199999999999999956e+00
1.199999999999999956e+00
3.765978670394426464e-02
3.765978670394426464e-02
7.013796653698212147e-01
7.013796653698212147e-01
1.199999999999999956e+00
1.199999999999999956e+00
5.259264874526888844e-01
5.259264874526888844e-01
3.260686367613971348e-01
3.260686367613971348e-01
6.172025941368264323e-01
6.172025941368264323e-01
1.032248723498151444e-01
1.032248723498151444e-01
7.998064955659524300e-02
7.998064955659524300e-02
5.906702677270745522e-02
5.906702677270745522e-02
1.199999999999999956e+00
1.199999999999999956e+00
1.214367012317453531e-01
1.214367012317453531e-01
1.199999999999999956e+00
1.199999999999999956e+00
1.571011315813528597e-01
1.571011315813528597e-01
7.953287657514034326e-01
7.953287657514034326e-01
3.998808199966081833e-01
3.998808199966081833e-01
2.468238831026773328e-01
2.468238831026773328e-01
4.905862403027920760e-01
4.905862403027920760e-01
3.440505344610114702e-01
3.440505344610114702e-01
1.817205699910922068e-01
1.817205699910922068e-01
1.846008600733485827e-01
1.846008600733485827e-01
3.439361690127724636e-01
3.439361690127724636e-01
5.322235904837776532e-01
5.322235904837776532e-01
5.022932528840675648e-01
5.022932528840675648e-01
7.702435731374305261e-01
7.702435731374305261e-01
1.199999999999999956e+00
1.199999999999999956e+00
3.209771302679804705e-01
3.209771302679804705e-01
1.199999999999999956e+00
1.199999999999999956e+00
2.529100709163883409e-01
2.529100709163883409e-01
1.817287716589535140e-01
1.817287716589535140e-01
1.199999999999999956e+00
1.199999999999999956e+00
4.884707972364806250e-01
4.884707972364806250e-01
1.504527448567795356e-01
1.504527448567795356e-01
6.576084038550555899e-01
6.576084038550555899e-01
8.356112710584460979e-02
8.356112710584460979e-02
4.523458661865233793e-02
4.523458661865233793e-02
3.367369931851708631e-01
3.367369931851708631e-01
1.199999999999999956e+00
1.199999999999999956e+00
1.858119899791370044e-01
1.858119899791370044e-01
1.530741463216773735e-01
1.530741463216773735e-01
3.943406255876986122e-01
3.943406255876986122e-01
1.199999999999999956e+00
1.199999999999999956e+00
5.093945356822585091e-02
5.093945356822585091e-02
7.817267756630034148e-01
7.817267756630034148e-01
1.199999999999999956e+00
1.199999999999999956e+00
1.199999999999999956e+00
1.199999999999999956e+00
1.199999999999999956e+00
1.199999999999999956e+00
3.636612294602084017e-01
3.636612294602084017e-01
4.600719922641145765e-02
4.600719922641145765e-02
2.651632930148450917e-02
2.651632930148450917e-02
1.199999999999999956e+00
1.199999999999999956e+00
1.199999999999999956e+00
1.199999999999999956e+00
2.578996763425131511e-01
2.578996763425131511e-01
3.382896772249113088e-02
3.382896772249113088e-02
7.286060240715890035e-02
7.286060240715890035e-02
1.383167748480350900e-01
1.383167748480350900e-01
1.186259577536259019e-01
1.186259577536259019e-01
3.875773295773925486e-01
3.875773295773925486e-01
3.532716144480937404e-01
3.532716144480937404e-01
1.820375113228991579e-02
1.820375113228991579e-02
1.199999999999999956e+00
1.199999999999999956e+00
1.317454670774988734e-01
1.317454670774988734e-01
1.888095731211314743e-01
1.888095731211314743e-01
6.189932680643813745e-01
6.189932680643813745e-01
1.273353512416215139e-01
1.273353512416215139e-01
3.590156342703334502e-01
3.590156342703334502e-01
1.006486994580215066e+00
1.006486994580215066e+00
1.048209595624665369e-01
1.048209595624665369e-01
1.157150969509769117e-01
1.157150969509769117e-01
5.398936195628452062e-01
5.398936195628452062e-01
3.007320617589670508e-01
3.007320617589670508e-01
1.199999999999999956e+00
1.199999999999999956e+00
