1.195956252374883011e+00
1.195956252374883011e+00
2.434311445528681284e-01
2.434311445528681284e-01
5.010116406364676367e-01
5.010116406364676367e-01
3.577557322316746724e-01
3.577557322316746724e-01
3.286780348359166770e-01
3.286780348359166770e-01
1.199999999999999956e+00
1.199999999999999956e+00
2.709704281816363025e-01
2.709704281816363025e-01
1.338603485433641771e-01
1.338603485433641771e-01
7.121232673167375571e-02
7.121232673167375571e-02
1.199999999999999956e+00
1.199999999999999956e+00
4.490502489125116625e-01
4.490502489125116625e-01
6.132139548137796048e-01
6.132139548137796048e-01
1.199999999999999956e+00
1.199999999999999956e+00
2.804988801842547841e-01
2.804988801842547841e-01
1.199999999999999956e+00
1.199999999999999956e+00
1.271309292431214988e-01
1.271309292431214988e-01
5.924252819120177094e-01
5.924252819120177094e-01
7.908317980137385961e-02
7.908317980137385961e-02
2.101900616923172427e-01
2.101900616923172427e-01
4.078509075797929206e-01
4.078509075797929206e-01
2.959023309111016853e-01
2.959023309111016853e-01
1.756166067515680940e-01
1.756166067515680940e-01
3.039896571274589010e-02
3.039896571274589010e-02
1.199999999999999956e+00
1.199999999999999956e+00
1.199999999999999956e+00
1.199999999999999956e+00
2.149052502519089858e-01
2.149052502519089858e-01
1.199999999999999956e+00
1.199999999999999956e+00
5.710366129059729623e-02
5.710366129059729623e-02
6.095995832665229708e-01
6.095995832665229708e-01
7.553570699137373001e-01
7.553570699137373001e-01
5.378563143380857836e-01
5.378563143380857836e-01
4.864910846760873153e-01
4.864910846760873153e-01
3.082817441785077328e-01
3.082817441785077328e-01
1.199999999999999956e+00
1.199999999999999956e+00
6.041377588058933767e-01
6.041377588058933767e-01
4.066678244064074743e-01
4.066678244064074743e-01
1.933546265924284135e-01
1.933546265924284135e-01
4.664873038856214293e-01
4.664873038856214293e-01
1.954134733060554074e-01
1.954134733060554074e-01
6.851471437498719563e-01
6.851471437498719563e-01
1.293141675689236381e-01
1.293141675689236381e-01
1.199999999999999956e+00
1.199999999999999956e+00
5.487916251294298053e-01
5.487916251294298053e-01
1.199999999999999956e+00
1.199999999999999956e+00
3.139157192881427139e-01
3.139157192881427139e-01
2.099400175061082452e-01
2.099400175061082452e-01
4.343575701293711511e-01
4.343575701293711511e-01
1.199999999999999956e+00
1.199999999999999956e+00
2.396998913060118808e-01
2.396998913060118808e-01
3.234548463080187397e-01
3.234548463080187397e-01
7.252199594028228002e-01
7.252199594028228002e-01
2.806923515446714812e-01
2.806923515446714812e-01
1.464973730937744745e-01
1.464973730937744745e-01
1.199999999999999956e+00
1.199999999999999956e+00
5.839592340173539453e-01
5.839592340173539453e-01
1.550605913553010917e-01
1.550605913553010917e-01
1.199999999999999956e+00
1.199999999999999956e+00
2.125808236283509844e-01
2.125808236283509844e-01
2.603874682216252290e-01
2.603874682216252290e-01
1.621583638749266032e-01
1.621583638749266032e-01
2.087709822812347515e-02
2.087709822812347515e-02
5.089278434702699805e-01
5.089278434702699805e-01
1.199999999999999956e+00
1.199999999999999956e+00
8.486140887327076054e-02
8.486140887327076054e-02
1.607978392201744045e-01
1.607978392201744045e-01
4.008456336335355363e-01
4.008456336335355363e-01
1.199999999999999956e+00
1.199999999999999956e+00
1.920102396437108894e-01
1.920102396437108894e-01
1.199999999999999956e+00
1.199999999999999956e+00
8.026223541290619656e-02
8.026223541290619656e-02
6.057176853850504417e-02
6.057176853850504417e-02
7.421776166316718104e-02
7.421776166316718104e-02
3.473733214197973623e-02
3.473733214197973623e-02
6.543949224389629116e-01
6.543949224389629116e-01
1.153760055514892136e+00
1.153760055514892136e+00
5.759874686306066804e-01
5.759874686306066804e-01
1.199999999999999956e+00
1.199999999999999956e+00
1.466292650359500294e-01
1.466292650359500294e-01
2.673088313199261656e-01
2.673088313199261656e-01
2.540790712625010106e-01
2.540790712625010106e-01
4.751793408976361377e-01
4.751793408976361377e-01
4.954378177326752564e-01
4.954378177326752564e-01
4.617586970741858199e-01
4.617586970741858199e-01
3.559249120850181414e-01
3.559249120850181414e-01
1.602015105895464864e-01
1.602015105895464864e-01
3.217939835105099733e-01
3.217939835105099733e-01
1.199999999999999956e+00
1.199999999999999956e+00
6.559907026392245433e-01
6.559907026392245433e-01
2.936936299401515793e-01
2.936936299401515793e-01
4.959783795480057211e-01
4.959783795480057211e-01
1.977934791068862719e-01
1.977934791068862719e-01
3.272294355780004382e-01
3.272294355780004382e-01
2.455936367029542822e-01
2.455936367029542822e-01
5.413030597267305399e-01
5.413030597267305399e-01
4.162659168935187171e-02
4.162659168935187171e-02
3.357373906046734469e-01
3.357373906046734469e-01
1.199999999999999956e+00
1.199999999999999956e+00
1.031608151883068730e-01
1.031608151883068730e-01
1.293177377298790898e-01
1.293177377298790898e-01
9.229745271022861408e-02
9.229745271022861408e-02
1.544357954289053148e-01
1.544357954289053148e-01
1.748701247528157698e-01
1.748701247528157698e-01
2.213985073992794650e-01
2.213985073992794650e-01
9.122560690600932387e-02
9.122560690600932387e-02
1.199999999999999956e+00
1.199999999999999956e+00
3.205061925415038093e-01
3.205061925415038093e-01
7.729737211130748298e-01
7.729737211130748298e-01
2.580674227210137395e-01
2.580674227210137395e-01
3.290302882336609142e-02
3.290302882336609142e-02
1.145206915875224135e-01
1.145206915875224135e-01
4.346718698764909239e-02
4.346718698764909239e-02
3.360020789388873386e-01
3.360020789388873386e-01
1.199999999999999956e+00
1.199999999999999956e+00
3.860679256743127508e-01
3.860679256743127508e-01
1.199999999999999956e+00
1.199999999999999956e+00
6.406616098590389718e-03
6.406616098590389718e-03
2.142180293937413493e-01
2.142180293937413493e-01
7.632524568149130495e-01
7.632524568149130495e-01
5.052887652215860559e-01
5.052887652215860559e-01
9.891665022773246663e-02
9.891665022773246663e-02
4.146114568242806886e-01
4.146114568242806886e-01
5.950626495847711750e-01
5.950626495847711750e-01
8.882400741792232379e-01
8.882400741792232379e-01
9.236730071538346021e-02
9.236730071538346021e-02
1.199999999999999956e+00
1.199999999999999956e+00
1.199999999999999956e+00
1.199999999999999956e+00
9.876732988317238338e-01
9.876732988317238338e-01
8.881359927496976781e-01
8.881359927496976781e-01
3.591834777360775610e-01
3.591834777360775610e-01
3.529593739977414102e-01
3.529593739977414102e-01
7.046324599076191353e-01
7.046324599076191353e-01
2.186191822008560770e-01
2.186191822008560770e-01
4.723484977548976227e-01
4.723484977548976227e-01
3.880629840144126513e-02
3.880629840144126513e-02
2.628810943115365562e-01
2.628810943115365562e-01
3.595785771187483548e-01
3.595785771187483548e-01
1.199999999999999956e+00
1.199999999999999956e+00
1.314321542025404244e-01
1.314321542025404244e-01
1.199999999999999956e+00
1.199999999999999956e+00
1.930190220122251776e-01
1.930190220122251776e-01
9.823581976253041859e-01
9.823581976253041859e-01
5.060268528379001651e-01
5.060268528379001651e-01
1.523139491356507724e-01
1.523139491356507724e-01
2.373522973305902672e-01
2.373522973305902672e-01
1.441221153623191975e-01
1.441221153623191975e-01
1.672133455869460605e-01
1.672133455869460605e-01
2.395337727156878760e-01
2.395337727156878760e-01
3.293629106540198886e-02
3.293629106540198886e-02
1.199999999999999956e+00
1.199999999999999956e+00
1.199999999999999956e+00
1.199999999999999956e+00
3.152182388470815000e-01
3.152182388470815000e-01
2.786861725134625045e-01
2.786861725134625045e-01
4.579819774878793881e-01
4.579819774878793881e-01
4.146136176346953417e-01
4.146136176346953417e-01
8.303324594873958686e-01
8.303324594873958686e-01
3.139665429349647874e-01
3.139665429349647874e-01
8.221009639231127153e-01
8.221009639231127153e-01
1.199999999999999956e+00
1.199999999999999956e+00
2.784662090442785454e-01
2.784662090442785454e-01
2.427235533470134630e-03
2.427235533470134630e-03
5.230849477192521801e-01
5.230849477192521801e-01
4.882233738132439882e-01
4.882233738132439882e-01
1.199999999999999956e+00
1.199999999999999956e+00
5.868593482549467888e-01
5.868593482549467888e-01
2.130853514375313784e-01
2.130853514375313784e-01
1.199999999999999956e+00
1.199999999999999956e+00
5.224601671450523899e-01
5.224601671450523899e-01
1.199999999999999956e+00
1.199999999999999956e+00
3.021556216115914850e-01
3.021556216115914850e-01
1.471719374679019421e-01
1.471719374679019421e-01
1.199999999999999956e+00
1.199999999999999956e+00
5.650555087673086313e-02
5.650555087673086313e-02
2.920273122130657151e-01
2.920273122130657151e-01
9.178531337023422554e-02
9.178531337023422554e-02
9.310645302918509059e-03
9.310645302918509059e-03
1.762608798524314402e-01
1.762608798524314402e-01
2.711230246651145648e-01
2.711230246651145648e-01
7.773835565418783788e-02
7.773835565418783788e-02
1.578611954837156883e-01
1.578611954837156883e-01
2.205795703319010370e-01
2.205795703319010370e-01
4.262825915928357690e-01
4.262825915928357690e-01
3.579572189149715089e-01
3.579572189149715089e-01
9.088078493848632533e-01
9.088078493848632533e-01
2.386703752920166510e-01
2.386703752920166510e-01
1.444533471943653113e-01
1.444533471943653113e-01
6.370102511674231582e-01
6.370102511674231582e-01
9.116589647184357784e-03
9.116589647184357784e-03
1.199999999999999956e+00
1.199999999999999956e+00
2.794769816339968682e-01
2.794769816339968682e-01
1.807761872743545994e-01
1.807761872743545994e-01
1.317323381204512367e-01
1.317323381204512367e-01
4.464844525078650594e-01
4.464844525078650594e-01
1.715254203249230169e-01
1.715254203249230169e-01
1.199999999999999956e+00
1.199999999999999956e+00
3.179037387920207181e-01
3.179037387920207181e-01
1.186495140516125479e+00
1.186495140516125479e+00
1.199999999999999956e+00
1.199999999999999956e+00
1.199999999999999956e+00
1.199999999999999956e+00
7.354470488855997523e-01
7.354470488855997523e-01
1.199999999999999956e+00
1.199999999999999956e+00
3.398333514501650221e-01
3.398333514501650221e-01
6.805598690515006766e-01
6.805598690515006766e-01
7.752103122843402305e-01
7.752103122843402305e-01
1.199999999999999956e+00
1.199999999999999956e+00
6.156828794932924787e-01
6.156828794932924787e-01
1.341104767461263891e-01
1.341104767461263891e-01
1.199999999999999956e+00
1.199999999999999956e+00
2.046520043144862966e-01
2.046520043144862966e-01
5.235160618241926356e-01
5.235160618241926356e-01
1.908764602824360723e-01
1.908764602824360723e-01
1.199999999999999956e+00
1.199999999999999956e+00
3.522900174493490688e-01
3.522900174493490688e-01
2.920987118031340146e-01
2.920987118031340146e-01
1.199999999999999956e+00
1.199999999999999956e+00
4.654515075790893741e-01
4.654515075790893741e-01
2.443406506568814585e-01
2.443406506568814585e-01
1.199999999999999956e+00
1.199999999999999956e+00
4.266446482334169676e-01
4.266446482334169676e-01
1.894434924845690357e-02
1.894434924845690357e-02
8.777994760074746550e-01
8.777994760074746550e-01
5.321899231334239477e-01
5.321899231334239477e-01
3.852500517186923101e-01
3.852500517186923101e-01
8.340701003193826124e-02
8.340701003193826124e-02
3.865013795751426340e-01
3.865013795751426340e-01
3.038974149858743035e-01
3.038974149858743035e-01
4.936943634108075657e-02
4.936943634108075657e-02
6.562482104122095705e-02
6.562482104122095705e-02
2.836947581277316638e-02
2.836947581277316638e-02
4.410875009902193861e-02
4.410875009902193861e-02
7.410769098979889113e-01
7.410769098979889113e-01
3.091099213090134357e-01
3.091099213090134357e-01
8.447008052103051057e-01
8.447008052103051057e-01
2.244942691231884835e-01
2.244942691231884835e-01
8.187958330213788993e-02
8.187958330213788993e-02
4.217866777458930128e-01
4.217866777458930128e-01
1.199999999999999956e+00
1.199999999999999956e+00
1.255330001548251861e-01
1.255330001548251861e-01
1.199999999999999956e+00
1.199999999999999956e+00
3.985294509711350686e-01
3.985294509711350686e-01
1.199999999999999956e+00
1.199999999999999956e+00
1.199999999999999956e+00
1.199999999999999956e+00
4.493122011405417116e-01
4.493122011405417116e-01
1.851227768522685224e-01
1.851227768522685224e-01
1.199999999999999956e+00
1.199999999999999956e+00
4.281772282051437006e-01
4.281772282051437006e-01
1.086771127426100075e-01
1.086771127426100075e-01
3.081726379481762763e-03
3.081726379481762763e-03
1.199999999999999956e+00
1.199999999999999956e+00
1.199999999999999956e+00
1.199999999999999956e+00
1.199999999999999956e+00
1.199999999999999956e+00
3.357072950612958184e-01
3.357072950612958184e-01
2.170420883086454644e-01
2.170420883086454644e-01
2.521466515735826808e-01
2.521466515735826808e-01
3.705946311041038999e-01
3.705946311041038999e-01
1.199999999999999956e+00
1.199999999999999956e+00
2.025437260808531925e-01
2.025437260808531925e-01
1.199999999999999956e+00
1.199999999999999956e+00
2.203547029225764176e-01
2.203547029225764176e-01
6.613547238954145535e-02
6.613547238954145535e-02
6.587837109473303199e-02
6.587837109473303199e-02
1.659543618638328333e-01
1.659543618638328333e-01
6.783861015859415922e-01
6.783861015859415922e-01
2.400061508494879398e-02
2.400061508494879398e-02
4.073645612722132103e-01
4.073645612722132103e-01
5.448871900038377847e-01
5.448871900038377847e-01
1.199999999999999956e+00
1.199999999999999956e+00
1.868249654290875528e-01
1.868249654290875528e-01
1.199999999999999956e+00
1.199999999999999956e+00
2.119653829779623300e-01
2.119653829779623300e-01
4.380643840420674895e-01
4.380643840420674895e-01
1.199999999999999956e+00
1.199999999999999956e+00
1.199999999999999956e+00
1.199999999999999956e+00
1.199999999999999956e+00
1.199999999999999956e+00
1.153712228183549765e-01
1.153712228183549765e-01
1.199999999999999956e+00
1.199999999999999956e+00
1.501896780919221019e-01
1.501896780919221019e-01
1.199999999999999956e+00
1.199999999999999956e+00
5.110282179605051267e-01
5.110282179605051267e-01
4.958969130272054548e-01
4.958969130272054548e-01
1.569543270426496454e-02
1.569543270426496454e-02
3.707273337577510208e-01
3.707273337577510208e-01
4.837110327167939428e-01
4.837110327167939428e-01
1.199999999999999956e+00
1.199999999999999956e+00
3.137288662695090213e-01
3.137288662695090213e-01
1.199123764429282091e-01
1.199123764429282091e-01
1.578829926706126485e-01
1.578829926706126485e-01
4.461968495703774185e-01
4.461968495703774185e-01
1.199999999999999956e+00
1.199999999999999956e+00
1.199999999999999956e+00
1.199999999999999956e+00
1.199999999999999956e+00
1.199999999999999956e+00
1.199999999999999956e+00
1.199999999999999956e+00
2.027830838143135361e-01
2.027830838143135361e-01
5.291907228350466869e-02
5.291907228350466869e-02
6.612193147389536785e-01
6.612193147389536785e-01
4.124792334695306928e-02
4.124792334695306928e-02
1.561113578576602823e-01
1.561113578576602823e-01
3.382930401852098923e-01
3.382930401852098923e-01
1.439399562030618633e-02
1.439399562030618633e-02
1.298407943914147433e-01
1.298407943914147433e-01
1.199999999999999956e+00
1.199999999999999956e+00
1.199999999999999956e+00
1.199999999999999956e+00
4.293720329083087761e-01
4.293720329083087761e-01
1.199999999999999956e+00
1.199999999999999956e+00
9.740815200512676908e-01
9.740815200512676908e-01
1.199999999999999956e+00
1.199999999999999956e+00
1.199999999999999956e+00
1.199999999999999956e+00
1.286398326826912741e-01
1.286398326826912741e-01
1.199999999999999956e+00
1.199999999999999956e+00
1.199999999999999956e+00
1.199999999999999956e+00
1.199999999999999956e+00
1.199999999999999956e+00
1.199999999999999956e+00
1.199999999999999956e+00
9.186381611797994617e-02
9.186381611797994617e-02
1.772499332286980867e-01
1.772499332286980867e-01
1.304330431915764921e+00
1.304330431915764921e+00
6.769777366160127652e-02
6.769777366160127652e-02
1.199999999999999956e+00
1.199999999999999956e+00
1.199999999999999956e+00
1.199999999999999956e+00
1.199999999999999956e+00
1.199999999999999956e+00
6.041488045704894103e-03
6.041488045704894103e-03
6.802131379486381357e-01
6.802131379486381357e-01
6.224716664694772694e-01
6.224716664694772694e-01
7.221500354484035045e-01
7.221500354484035045e-01
3.300597541574003951e-02
3.300597541574003951e-02
3.209335792790868891e-01
3.209335792790868891e-01
1.627355155671395270e-01
1.627355155671395270e-01
5.437823609924304913e-01
5.437823609924304913e-01
2.395511937326705587e-01
2.395511937326705587e-01
1.199999999999999956e+00
1.199999999999999956e+00
4.486607819879799841e-01
4.486607819879799841e-01
1.194548917352258183e-01
1.194548917352258183e-01
6.465645938827007111e-01
6.465645938827007111e-01
8.730715828368009745e-01
8.730715828368009745e-01
1.512114780772325640e-01
1.512114780772325640e-01
3.901712960307983091e-01
3.901712960307983091e-01
7.272060587919297603e-02
7.272060587919297603e-02
2.848466487056914853e-01
2.848466487056914853e-01
3.042602047810010271e-02
3.042602047810010271e-02
3.402377730657842880e-01
3.402377730657842880e-01
1.199999999999999956e+00
1.199999999999999956e+00
2.865481527595191702e-01
2.865481527595191702e-01
1.435436273499740290e-01
1.435436273499740290e-01
5.053284115413658739e-01
5.053284115413658739e-01
1.199999999999999956e+00
1.199999999999999956e+00
1.199999999999999956e+00
1.199999999999999956e+00
9.869832256098860779e-02
9.869832256098860779e-02
2.976624641110470204e-01
2.976624641110470204e-01
2.497666301281036283e-01
2.497666301281036283e-01
1.199999999999999956e+00
1.199999999999999956e+00
1.199999999999999956e+00
1.199999999999999956e+00
4.035648380305698578e-03
4.035648380305698578e-03
1.544790239741742621e-01
1.544790239741742621e-01
1.084454870234487917e-02
1.084454870234487917e-02
6.374592801267575659e-01
6.374592801267575659e-01
3.391697301310099277e-01
3.391697301310099277e-01
5.812871035099856920e-01
5.812871035099856920e-01
4.645538358895397457e-01
4.645538358895397457e-01
6.682767920568803977e-01
6.682767920568803977e-01
1.199999999999999956e+00
1.199999999999999956e+00
1.453472022358462401e-02
1.453472022358462401e-02
1.534523702483265306e-01
1.534523702483265306e-01
2.978730610278219199e-02
2.978730610278219199e-02
7.647416510256671573e-02
7.647416510256671573e-02
6.866213154529935414e-01
6.866213154529935414e-01
1.564610942964520246e-01
1.564610942964520246e-01
4.082312494512906342e-01
4.082312494512906342e-01
1.119404703109062593e-01
1.119404703109062593e-01
1.876319897216147670e-01
1.876319897216147670e-01
2.210192059529741959e-01
2.210192059529741959e-01
5.277913936494412761e-01
5.277913936494412761e-01
4.594486143194744798e-01
4.594486143194744798e-01
9.319916910295744650e-02
9.319916910295744650e-02
9.278946342215711740e-02
9.278946342215711740e-02
2.103297975145074217e-02
2.103297975145074217e-02
1.083991428772727722e-01
1.083991428772727722e-01
1.199999999999999956e+00
1.199999999999999956e+00
1.199999999999999956e+00
1.199999999999999956e+00
4.965198129673092931e-01
4.965198129673092931e-01
1.199999999999999956e+00
1.199999999999999956e+00
5.525341361177257826e-02
5.525341361177257826e-02
8.792994737600229316e-02
8.792994737600229316e-02
2.347480416698583816e-01
2.347480416698583816e-01
3.185249686835727734e-01
3.185249686835727734e-01
1.199999999999999956e+00
1.199999999999999956e+00
1.107255978044351247e-01
1.107255978044351247e-01
1.199999999999999956e+00
1.199999999999999956e+00
6.954459578586426050e-01
6.954459578586426050e-01
2.805186087016698360e-01
2.805186087016698360e-01
1.165513195709099836e+00
1.165513195709099836e+00
4.093943105180294223e-02
4.093943105180294223e-02
5.640200319886562452e-01
5.640200319886562452e-01
7.940328077060929135e-02
7.940328077060929135e-02
1.199999999999999956e+00
1.199999999999999956e+00
5.401467309238639110e-03
5.401467309238639110e-03
1.199999999999999956e+00
1.199999999999999956e+00
3.185594812271069221e-01
3.185594812271069221e-01
4.859676508666854744e-01
4.859676508666854744e-01
7.353197946418217612e-02
7.353197946418217612e-02
1.199999999999999956e+00
1.199999999999999956e+00
7.211501046888705302e-01
7.211501046888705302e-01
1.199999999999999956e+00
1.199999999999999956e+00
1.199999999999999956e+00
1.199999999999999956e+00
5.305763816707566027e-01
5.305763816707566027e-01
2.958194084337488206e-01
2.958194084337488206e-01
9.429230700789741071e-02
9.429230700789741071e-02
5.695938176481035731e-01
5.695938176481035731e-01
3.090860357054689977e-01
3.090860357054689977e-01
1.199999999999999956e+00
1.199999999999999956e+00
1.636991977920427277e-01
1.636991977920427277e-01
4.755703379919700158e-01
4.755703379919700158e-01
1.522170087178304210e-01
1.522170087178304210e-01
5.645282164712542849e-01
5.645282164712542849e-01
4.980390420042037081e-02
4.980390420042037081e-02
1.882426678929938202e-01
1.882426678929938202e-01
5.637219910159053660e-01
5.637219910159053660e-01
5.815038103466906722e-03
5.815038103466906722e-03
3.829846129600874421e-02
3.829846129600874421e-02
2.511844768864086586e-01
2.511844768864086586e-01
1.278855545179813924e-01
1.278855545179813924e-01
1.199999999999999956e+00
1.199999999999999956e+00
5.332619731253331885e-01
5.332619731253331885e-01
1.199999999999999956e+00
1.199999999999999956e+00
1.199999999999999956e+00
1.199999999999999956e+00
1.199999999999999956e+00
1.199999999999999956e+00
1.019685577744279710e-02
1.019685577744279710e-02
1.318393952075444520e-01
1.318393952075444520e-01
7.805137891396132788e-02
7.805137891396132788e-02
9.324140013597314036e-01
9.324140013597314036e-01
1.199999999999999956e+00
1.199999999999999956e+00
2.799202554593714365e-01
2.799202554593714365e-01
7.178117291737443617e-01
7.178117291737443617e-01
2.959701806576661154e-01
2.959701806576661154e-01
2.230298869521535610e-01
2.230298869521535610e-01
1.199999999999999956e+00
1.199999999999999956e+00
7.602262016717425963e-01
7.602262016717425963e-01
2.485103330427696489e-01
2.485103330427696489e-01
1.557856595256576493e-01
1.557856595256576493e-01
3.935976556320588959e-02
3.935976556320588959e-02
3.200815795950749387e-01
3.200815795950749387e-01
1.501062880092500496e-01
1.501062880092500496e-01
1.853696077440552537e-01
1.853696077440552537e-01
2.510010169459921947e-01
2.510010169459921947e-01
1.199999999999999956e+00
1.199999999999999956e+00
3.606045867909926095e-01
3.606045867909926095e-01
4.430882205110737715e-01
4.430882205110737715e-01
7.650830317399794078e-02
7.650830317399794078e-02
1.199999999999999956e+00
1.199999999999999956e+00
1.199999999999999956e+00
1.199999999999999956e+00
4.297862508008210014e-01
4.297862508008210014e-01
1.199999999999999956e+00
1.199999999999999956e+00
1.722527476250536038e-01
1.722527476250536038e-01
5.155911510293188504e-01
5.155911510293188504e-01
1.199999999999999956e+00
1.199999999999999956e+00
1.122232143387635328e-01
1.122232143387635328e-01
1.039995249517175369e+00
1.039995249517175369e+00
1.320425909903827633e-01
1.320425909903827633e-01
4.625445819423701366e-02
4.625445819423701366e-02
5.459130268548237908e-01
5.459130268548237908e-01
1.220381013585268293e-01
1.220381013585268293e-01
6.179714557319533341e-01
6.179714557319533341e-01
2.080886648308052367e-01
2.080886648308052367e-01
1.199999999999999956e+00
1.199999999999999956e+00
5.168473667212158951e-02
5.168473667212158951e-02
2.082773043210768282e-01
2.082773043210768282e-01
1.917292542768606889e-01
1.917292542768606889e-01
1.387854900494939481e-01
1.387854900494939481e-01
1.199999999999999956e+00
1.199999999999999956e+00
5.532284390599956359e-01
5.532284390599956359e-01
3.143479006010330146e-01
3.143479006010330146e-01
1.607638301383878532e-01
1.607638301383878532e-01
1.199999999999999956e+00
1.199999999999999956e+00
9.441773700117710166e-02
9.441773700117710166e-02
6.282563127176771234e-01
6.282563127176771234e-01
2.918875054464987739e-01
2.918875054464987739e-01
7.271333539684635694e-01
7.271333539684635694e-01
4.863988362096385853e-01
4.863988362096385853e-01
7.826781860951611547e-01
7.826781860951611547e-01
1.199999999999999956e+00
1.199999999999999956e+00
7.146590641350640538e-02
7.146590641350640538e-02
4.210649954948520457e-01
4.210649954948520457e-01
4.581158359150253045e-01
4.581158359150253045e-01
1.712178795700994571e-01
1.712178795700994571e-01
3.085641833219953667e-01
3.085641833219953667e-01
1.199999999999999956e+00
1.199999999999999956e+00
4.625853650049677745e-01
4.625853650049677745e-01
1.199999999999999956e+00
1.199999999999999956e+00
1.938556129406478895e-02
1.938556129406478895e-02
1.292399265258331043e-01
1.292399265258331043e-01
3.960152336123757832e-01
3.960152336123757832e-01
3.004202301914597473e-01
3.004202301914597473e-01
3.011747258336941110e-02
3.011747258336941110e-02
1.912622535622677256e-01
1.912622535622677256e-01
2.478662827739123165e-01
2.478662827739123165e-01
1.896066696765973669e-01
1.896066696765973669e-01
5.724093088101995797e-01
5.724093088101995797e-01
1.199999999999999956e+00
1.199999999999999956e+00
1.199999999999999956e+00
1.199999999999999956e+00
2.521929684051028575e-01
2.521929684051028575e-01
2.092056973751982296e-01
2.092056973751982296e-01
4.445298967766500575e-02
4.445298967766500575e-02
9.276419162993945755e-02
9.276419162993945755e-02
1.199999999999999956e+00
1.199999999999999956e+00
3.400707959170423678e-01
3.400707959170423678e-01
1.967111259414976443e-01
1.967111259414976443e-01
6.023145787935860196e-02
6.023145787935860196e-02
1.918597574205538892e-01
1.918597574205538892e-01
1.606184714849799577e-01
1.606184714849799577e-01
6.859935102127714401e-01
6.859935102127714401e-01
2.279991090885288563e-01
2.279991090885288563e-01
1.547459007749643900e-01
1.547459007749643900e-01
3.377116215770240570e-01
3.377116215770240570e-01
1.195798231785736299e-01
1.195798231785736299e-01
1.199999999999999956e+00
1.199999999999999956e+00
1.231393837903077410e-01
1.231393837903077410e-01
7.629109863828195115e-01
7.629109863828195115e-01
3.926854353227238192e-01
3.926854353227238192e-01
2.604906860937972191e-01
2.604906860937972191e-01
4.131161035147901117e-01
4.131161035147901117e-01
1.377428032191828633e-01
1.377428032191828633e-01
4.368125494663601116e-01
4.368125494663601116e-01
8.105778257847345847e-02
8.105778257847345847e-02
1.199999999999999956e+00
1.199999999999999956e+00
1.763067195471320903e-01
1.763067195471320903e-01
3.981762457564166913e-01
3.981762457564166913e-01
2.822074904171982881e-02
2.822074904171982881e-02
2.119912769822200616e-01
2.119912769822200616e-01
5.262425071971886803e-01
5.262425071971886803e-01
7.570328756613445842e-01
7.570328756613445842e-01
2.146625235375876906e-01
2.146625235375876906e-01
1.821854631302757266e-01
1.821854631302757266e-01
1.199999999999999956e+00
1.199999999999999956e+00
8.066090881339329499e-01
8.066090881339329499e-01
3.243625891837544767e-02
3.243625891837544767e-02
1.199999999999999956e+00
1.199999999999999956e+00
1.153816074314648887e-01
1.153816074314648887e-01
6.478620965049970704e-02
6.478620965049970704e-02
4.908222878279781126e-02
4.908222878279781126e-02
4.013237248501538845e-02
4.013237248501538845e-02
5.561789664300100799e-01
5.561789664300100799e-01
1.199999999999999956e+00
1.199999999999999956e+00
4.425290400415181607e-04
4.425290400415181607e-04
4.166682899017515318e-02
4.166682899017515318e-02
5.647935471575763616e-02
5.647935471575763616e-02
4.759654446634828950e-01
4.759654446634828950e-01
1.199999999999999956e+00
1.199999999999999956e+00
1.199999999999999956e+00
1.199999999999999956e+00
5.767835349062410133e-01
5.767835349062410133e-01
4.276397475104583568e-01
4.276397475104583568e-01
8.461790224183746156e-02
8.461790224183746156e-02
1.199999999999999956e+00
1.199999999999999956e+00
1.735830793718741438e-01
1.735830793718741438e-01
4.129367017395672024e-01
4.129367017395672024e-01
6.207204362594913594e-01
6.207204362594913594e-01
1.199999999999999956e+00
1.199999999999999956e+00
4.490991882745929559e-02
4.490991882745929559e-02
1.773040232204541322e-01
1.773040232204541322e-01
4.050634483256992935e-02
4.050634483256992935e-02
5.090726096389757566e-02
5.090726096389757566e-02
1.303596525412078211e-01
1.303596525412078211e-01
1.419467839912046947e-01
1.419467839912046947e-01
7.019192518411783155e-01
7.019192518411783155e-01
4.205795960975573511e-01
4.205795960975573511e-01
2.669596029781236557e-01
2.669596029781236557e-01
6.569516869964472372e-01
6.569516869964472372e-01
6.221362362523492617e-01
6.221362362523492617e-01
5.954343913511821462e-01
5.954343913511821462e-01
3.228166343048765041e-01
3.228166343048765041e-01
5.863849758969695847e-01
5.863849758969695847e-01
6.616452528164316199e-03
6.616452528164316199e-03
4.164542199934230249e-01
4.164542199934230249e-01
6.069886342008532498e-01
6.069886342008532498e-01
2.123761851768718456e-02
2.123761851768718456e-02
5.787339202439019392e-02
5.787339202439019392e-02
1.199999999999999956e+00
1.199999999999999956e+00
1.199999999999999956e+00
1.199999999999999956e+00
1.705837318146266046e-01
1.705837318146266046e-01
4.751038633874877792e-01
4.751038633874877792e-01
1.199999999999999956e+00
1.199999999999999956e+00
2.002007284524504327e-01
2.002007284524504327e-01
3.308977687538530721e-01
3.308977687538530721e-01
1.199999999999999956e+00
1.199999999999999956e+00
2.517872102903279674e-01
2.517872102903279674e-01
2.487250693715201411e-01
2.487250693715201411e-01
4.109211347586998464e-01
4.109211347586998464e-01
5.772718527640249286e-01
5.772718527640249286e-01
7.075272213954036937e-01
7.075272213954036937e-01
7.586884516046960014e-02
7.586884516046960014e-02
4.734923368141592537e-01
4.734923368141592537e-01
3.147926066672582929e-02
3.147926066672582929e-02
1.012671362150104892e-01
1.012671362150104892e-01
2.109922228216895290e-01
2.109922228216895290e-01
2.704761825204521353e-01
2.704761825204521353e-01
1.199999999999999956e+00
1.199999999999999956e+00
4.509318353170900240e-01
4.509318353170900240e-01
2.323603337116385836e-01
2.323603337116385836e-01
5.655789355875232571e-01
5.655789355875232571e-01
2.758356042108809358e-01
2.758356042108809358e-01
2.257630224376902806e-01
2.257630224376902806e-01
4.684106950550601667e-01
4.684106950550601667e-01
2.779136956044364060e-01
2.779136956044364060e-01
9.148609933593608579e-02
9.148609933593608579e-02
3.398134113898192976e-01
3.398134113898192976e-01
6.308586574808683345e-01
6.308586574808683345e-01
1.184145998858555510e-01
1.184145998858555510e-01
1.823980797901444406e-01
1.823980797901444406e-01
1.419129216168405205e-01
1.419129216168405205e-01
5.181297183616090374e-01
5.181297183616090374e-01
1.199999999999999956e+00
1.199999999999999956e+00
2.682100172308324315e-01
2.682100172308324315e-01
1.199999999999999956e+00
1.199999999999999956e+00
1.199999999999999956e+00
1.199999999999999956e+00
1.251948995255870445e-01
1.251948995255870445e-01
9.753630584895377209e-02
9.753630584895377209e-02
1.317559021408920908e-02
1.317559021408920908e-02
1.795563585410764051e-01
1.795563585410764051e-01
1.427694656565378986e-02
1.427694656565378986e-02
1.698312976251903639e-01
1.698312976251903639e-01
2.186734478101423351e-01
2.186734478101423351e-01
5.852386650779090038e-01
5.852386650779090038e-01
8.009737342591223275e-01
8.009737342591223275e-01
1.287484746460981488e-01
1.287484746460981488e-01
1.199999999999999956e+00
1.199999999999999956e+00
2.565890664881687044e-01
2.565890664881687044e-01
3.242303167120528240e-01
3.242303167120528240e-01
7.958965913348028387e-01
7.958965913348028387e-01
1.258429382388578655e-01
1.258429382388578655e-01
8.535694386489271757e-02
8.535694386489271757e-02
3.983061288227257579e-01
3.983061288227257579e-01
1.297535673395821543e-01
1.297535673395821543e-01
4.049951315466595592e-01
4.049951315466595592e-01
2.185518665710259045e-01
2.185518665710259045e-01
1.632156462358327897e-02
1.632156462358327897e-02
3.575426449808576795e-02
3.575426449808576795e-02
3.917276961202044959e-03
3.917276961202044959e-03
5.100884895785279260e-01
5.100884895785279260e-01
8.923909334714684727e-01
8.923909334714684727e-01
1.652413725683354873e-01
1.652413725683354873e-01
3.078568958114927256e-01
3.078568958114927256e-01
4.980709549545377368e-01
4.980709549545377368e-01
1.199999999999999956e+00
1.199999999999999956e+00
2.239723086727530843e-01
2.239723086727530843e-01
1.497911757071863359e-01
1.497911757071863359e-01
3.596308162854219836e-01
3.596308162854219836e-01
3.400182178830843394e-01
3.400182178830843394e-01
6.199113444564495756e-01
6.199113444564495756e-01
4.213390216353078421e-01
4.213390216353078421e-01
2.690367607846790299e-01
2.690367607846790299e-01
2.085933940449184992e-03
2.085933940449184992e-03
2.279040259921627232e-01
2.279040259921627232e-01
1.539262006493873625e-01
1.539262006493873625e-01
9.619697029022751256e-01
9.619697029022751256e-01
1.499721383522749363e-01
1.499721383522749363e-01
6.859883011196711289e-01
6.859883011196711289e-01
4.175560658732637709e-01
4.175560658732637709e-01
5.480177031044110025e-01
5.480177031044110025e-01
4.090422551430168419e-01
4.090422551430168419e-01
6.587087590043644303e-01
6.587087590043644303e-01
2.962502712831769358e-01
2.962502712831769358e-01
3.534810258562199881e-01
3.534810258562199881e-01
1.539680700266814473e-01
1.539680700266814473e-01
1.610179838365003169e-01
1.610179838365003169e-01
5.805508110376549347e-01
5.805508110376549347e-01
2.787766117234755092e-01
2.787766117234755092e-01
3.824167833629645713e-02
3.824167833629645713e-02
4.786620418620288753e-01
4.786620418620288753e-01
9.600356172221398421e-02
9.600356172221398421e-02
8.469864548780997593e-01
8.469864548780997593e-01
3.120292319970833228e-01
3.120292319970833228e-01
2.163993935221259768e-01
2.163993935221259768e-01
4.713301974278571449e-01
4.713301974278571449e-01
4.169241806118266225e-01
4.169241806118266225e-01
1.596498455713088738e-01
1.596498455713088738e-01
1.199999999999999956e+00
1.199999999999999956e+00
3.410181743294465884e-01
3.410181743294465884e-01
1.199999999999999956e+00
1.199999999999999956e+00
4.697500946778843112e-02
4.697500946778843112e-02
6.243838890640673878e-02
6.243838890640673878e-02
1.450004180900123230e-01
1.450004180900123230e-01
1.199999999999999956e+00
1.199999999999999956e+00
2.570671386395049218e-01
2.570671386395049218e-01
2.101961692007772164e-01
2.101961692007772164e-01
1.199999999999999956e+00
1.199999999999999956e+00
1.047459280165137674e+00
1.047459280165137674e+00
1.061380256932319610e-03
1.061380256932319610e-03
3.455060252151545552e-01
3.455060252151545552e-01
3.805220792716617062e-01
3.805220792716617062e-01
4.374708331904570563e-02
4.374708331904570563e-02
1.295603885078187301e-01
1.295603885078187301e-01
4.643188577970207287e-02
4.643188577970207287e-02
5.731754703842723009e-01
5.731754703842723009e-01
6.234942939602932110e-01
6.234942939602932110e-01
2.558369812818380717e-01
2.558369812818380717e-01
2.415461675041684908e-01
2.415461675041684908e-01
5.990956786647786414e-01
5.990956786647786414e-01
4.413759445095408740e-01
4.413759445095408740e-01
1.120073449065072391e-01
1.120073449065072391e-01
1.580419834880599506e-01
1.580419834880599506e-01
1.208157259863159028e-01
1.208157259863159028e-01
1.199999999999999956e+00
1.199999999999999956e+00
1.338392648156855602e-01
1.338392648156855602e-01
1.209149892246762087e-01
1.209149892246762087e-01
1.628441265069643581e-02
1.628441265069643581e-02
3.593824845743336799e-02
3.593824845743336799e-02
1.199999999999999956e+00
1.199999999999999956e+00
3.729349082962178374e-01
3.729349082962178374e-01
3.785477920745730640e-01
3.785477920745730640e-01
3.198001443090288110e-01
3.198001443090288110e-01
3.589818282834155577e-02
3.589818282834155577e-02
6.542478564617567605e-01
6.542478564617567605e-01
3.480292084453480150e-01
3.480292084453480150e-01
2.784358805946889892e-01
2.784358805946889892e-01
4.635654099599259559e-01
4.635654099599259559e-01
8.597952849659820096e-01
8.597952849659820096e-01
4.036916431667495614e-02
4.036916431667495614e-02
8.081142774880026303e-02
8.081142774880026303e-02
7.669666177878131652e-02
7.669666177878131652e-02
5.567415510725692157e-02
5.567415510725692157e-02
3.528656624844298678e-02
3.528656624844298678e-02
3.004561539581561691e-01
3.004561539581561691e-01
2.164777181017277785e-01
2.164777181017277785e-01
2.956137756503528502e-01
2.956137756503528502e-01
1.199999999999999956e+00
1.199999999999999956e+00
3.377554075422238566e-02
3.377554075422238566e-02
3.435912557933964440e-01
3.435912557933964440e-01
7.053875180645892418e-02
7.053875180645892418e-02
2.698298447719465684e-02
2.698298447719465684e-02
4.463579297470963159e-01
4.463579297470963159e-01
5.600215484660261422e-01
5.600215484660261422e-01
4.330187708511419875e-01
4.330187708511419875e-01
2.919545663217251730e-01
2.919545663217251730e-01
9.279325074131592466e-01
9.279325074131592466e-01
3.199822669343017068e-01
3.199822669343017068e-01
5.174125301661245402e-01
5.174125301661245402e-01
6.353994701654268606e-01
6.353994701654268606e-01
3.013015453663487886e-01
3.013015453663487886e-01
1.161871914370264103e-01
1.161871914370264103e-01
5.017441422853629041e-01
5.017441422853629041e-01
3.282365014087044730e-01
3.282365014087044730e-01
3.766153220676086710e-01
3.766153220676086710e-01
1.199999999999999956e+00
1.199999999999999956e+00
2.819615944544230923e-01
2.819615944544230923e-01
9.247706381706979895e-03
9.247706381706979895e-03
7.550350778318304368e-02
7.550350778318304368e-02
7.001046882342550903e-01
7.001046882342550903e-01
1.199999999999999956e+00
1.199999999999999956e+00
