7.062226473161015150e-01
7.062226473161015150e-01
3.472474807291730525e-01
3.472474807291730525e-01
6.200708358838884493e-01
6.200708358838884493e-01
4.402998138436658992e-02
4.402998138436658992e-02
1.199999999999999956e+00
1.199999999999999956e+00
1.199999999999999956e+00
1.199999999999999956e+00
1.199999999999999956e+00
1.199999999999999956e+00
6.861237857841522014e-02
6.861237857841522014e-02
5.075093601833100682e-02
5.075093601833100682e-02
3.802185327940149628e-01
3.802185327940149628e-01
8.469410932982372742e-02
8.469410932982372742e-02
5.208807403064825703e-01
5.208807403064825703e-01
1.469216398709546068e-01
1.469216398709546068e-01
2.093858270306468428e-01
2.093858270306468428e-01
2.615902125832008096e-01
2.615902125832008096e-01
3.562471554611304492e-01
3.562471554611304492e-01
1.199999999999999956e+00
1.199999999999999956e+00
4.004389902940724832e-01
4.004389902940724832e-01
4.098285215692678563e-01
4.098285215692678563e-01
5.156134720524168102e-01
5.156134720524168102e-01
1.579017042357071521e-01
1.579017042357071521e-01
1.003461395585729526e-01
1.003461395585729526e-01
4.794263253323937102e-01
4.794263253323937102e-01
4.102722315530580310e-01
4.102722315530580310e-01
2.174789931552346123e-01
2.174789931552346123e-01
3.668502917159107146e-01
3.668502917159107146e-01
6.057854366255890910e-02
6.057854366255890910e-02
1.948447696964473730e-01
1.948447696964473730e-01
2.358528320305211534e-01
2.358528320305211534e-01
7.205860410756804724e-01
7.205860410756804724e-01
5.056771893688497554e-01
5.056771893688497554e-01
8.099605240133032069e-01
8.099605240133032069e-01
1.234983377569518065e-01
1.234983377569518065e-01
1.546953364544028098e-01
1.546953364544028098e-01
1.199999999999999956e+00
1.199999999999999956e+00
3.564398748174714693e-01
3.564398748174714693e-01
1.700182795627275534e-01
1.700182795627275534e-01
3.265885812269523902e-01
3.265885812269523902e-01
5.606046231566897964e-01
5.606046231566897964e-01
1.199999999999999956e+00
1.199999999999999956e+00
1.199999999999999956e+00
1.199999999999999956e+00
1.199999999999999956e+00
1.199999999999999956e+00
2.931877428465519686e-01
2.931877428465519686e-01
7.401078193217269785e-01
7.401078193217269785e-01
2.790879204745197462e-01
2.790879204745197462e-01
1.783887902419509786e-01
1.783887902419509786e-01
2.529183760905532319e-01
2.529183760905532319e-01
2.458456268614916118e-01
2.458456268614916118e-01
5.122323902021819197e-01
5.122323902021819197e-01
3.126777919744095913e-01
3.126777919744095913e-01
4.530708626219062118e-01
4.530708626219062118e-01
2.663756186103607981e-01
2.663756186103607981e-01
8.089708591047929664e-02
8.089708591047929664e-02
1.199999999999999956e+00
1.199999999999999956e+00
3.751020112252553274e-01
3.751020112252553274e-01
6.815658525857763717e-02
6.815658525857763717e-02
1.039085644758404037e+00
1.039085644758404037e+00
1.199999999999999956e+00
1.199999999999999956e+00
1.184640753858895307e-01
1.184640753858895307e-01
1.199999999999999956e+00
1.199999999999999956e+00
1.199999999999999956e+00
1.199999999999999956e+00
9.691596358446291637e-02
9.691596358446291637e-02
3.394459662795774602e-01
3.394459662795774602e-01
4.724265777308163106e-01
4.724265777308163106e-01
1.257809768967739772e-01
1.257809768967739772e-01
4.459439541924499761e-01
4.459439541924499761e-01
1.199999999999999956e+00
1.199999999999999956e+00
1.640816906992478841e-01
1.640816906992478841e-01
2.163125223243801687e-01
2.163125223243801687e-01
1.199999999999999956e+00
1.199999999999999956e+00
1.199999999999999956e+00
1.199999999999999956e+00
1.032828128968106968e-01
1.032828128968106968e-01
4.743367154480125913e-01
4.743367154480125913e-01
5.311897057658827859e-02
5.311897057658827859e-02
4.275707919522863526e-02
4.275707919522863526e-02
4.145859929733663463e-01
4.145859929733663463e-01
2.971925942685329711e-02
2.971925942685329711e-02
3.141400523444710657e-01
3.141400523444710657e-01
1.199999999999999956e+00
1.199999999999999956e+00
1.477969418042342775e-01
1.477969418042342775e-01
3.157027869439681389e-01
3.157027869439681389e-01
1.729767350920802527e-01
1.729767350920802527e-01
3.893055693676987228e-01
3.893055693676987228e-01
7.142230111217103827e-01
7.142230111217103827e-01
5.243444448318477225e-01
5.243444448318477225e-01
1.199999999999999956e+00
1.199999999999999956e+00
3.609025195258452334e-01
3.609025195258452334e-01
1.199999999999999956e+00
1.199999999999999956e+00
3.497439470561756192e-01
3.497439470561756192e-01
6.071499431100222388e-01
6.071499431100222388e-01
2.377910710890328572e-01
2.377910710890328572e-01
2.061574090579623708e-01
2.061574090579623708e-01
7.187186788236317181e-01
7.187186788236317181e-01
3.859878136933775905e-01
3.859878136933775905e-01
3.255363622532125856e-02
3.255363622532125856e-02
1.199999999999999956e+00
1.199999999999999956e+00
6.982591465849401213e-02
6.982591465849401213e-02
4.522077707951358688e-02
4.522077707951358688e-02
8.326987139020206596e-01
8.326987139020206596e-01
3.313993517248425280e-01
3.313993517248425280e-01
2.742633771819742439e-01
2.742633771819742439e-01
1.199999999999999956e+00
1.199999999999999956e+00
2.650694519534224636e-01
2.650694519534224636e-01
6.397511081270719213e-01
6.397511081270719213e-01
1.199999999999999956e+00
1.199999999999999956e+00
1.440688851577768825e-01
1.440688851577768825e-01
1.121518101718684407e-01
1.121518101718684407e-01
2.771972004601296058e-02
2.771972004601296058e-02
9.919426617710168370e-02
9.919426617710168370e-02
1.191435140002815585e-01
1.191435140002815585e-01
5.263226696743659172e-01
5.263226696743659172e-01
8.515061283498394085e-01
8.515061283498394085e-01
4.045703170538424848e-02
4.045703170538424848e-02
8.802370632478373480e-02
8.802370632478373480e-02
1.199999999999999956e+00
1.199999999999999956e+00
1.434943136449133849e-01
1.434943136449133849e-01
1.148135208941296892e-01
1.148135208941296892e-01
1.811429520473163135e-01
1.811429520473163135e-01
2.952774025369370725e-01
2.952774025369370725e-01
1.199999999999999956e+00
1.199999999999999956e+00
3.395606697028092924e-01
3.395606697028092924e-01
1.199999999999999956e+00
1.199999999999999956e+00
1.199999999999999956e+00
1.199999999999999956e+00
6.213610985741802040e-02
6.213610985741802040e-02
4.849231740505065003e-01
4.849231740505065003e-01
1.254911521909534977e-01
1.254911521909534977e-01
1.292462982852926323e-01
1.292462982852926323e-01
2.965647887480163045e-02
2.965647887480163045e-02
3.550228041743823115e-01
3.550228041743823115e-01
2.812079908512064574e-01
2.812079908512064574e-01
1.683766347076964542e-01
1.683766347076964542e-01
3.074054585146531182e-01
3.074054585146531182e-01
4.918092895970006539e-01
4.918092895970006539e-01
8.351047506102059204e-02
8.351047506102059204e-02
2.129926664353678500e-01
2.129926664353678500e-01
6.514070498619403682e-02
6.514070498619403682e-02
4.633168803928006674e-01
4.633168803928006674e-01
1.308826917535491352e-01
1.308826917535491352e-01
1.199999999999999956e+00
1.199999999999999956e+00
2.436515456550685799e-01
2.436515456550685799e-01
9.529469513559808702e-02
9.529469513559808702e-02
3.257067260802192776e-01
3.257067260802192776e-01
1.137778288419968864e-01
1.137778288419968864e-01
4.630485489747788314e-02
4.630485489747788314e-02
3.673604705632845246e-01
3.673604705632845246e-01
1.199999999999999956e+00
1.199999999999999956e+00
5.618112114154033554e-01
5.618112114154033554e-01
4.870494138981285026e-01
4.870494138981285026e-01
9.215069981305083757e-02
9.215069981305083757e-02
4.004033522702699632e-01
4.004033522702699632e-01
3.671719470728411205e-01
3.671719470728411205e-01
4.036843595530349993e-01
4.036843595530349993e-01
4.405730934057461995e-02
4.405730934057461995e-02
1.199999999999999956e+00
1.199999999999999956e+00
1.199999999999999956e+00
1.199999999999999956e+00
1.199999999999999956e+00
1.199999999999999956e+00
3.649278982447942687e-01
3.649278982447942687e-01
1.199999999999999956e+00
1.199999999999999956e+00
1.063759613514390079e-01
1.063759613514390079e-01
4.471970186595312646e-01
4.471970186595312646e-01
2.139617509541482665e-01
2.139617509541482665e-01
3.138715179399002575e-01
3.138715179399002575e-01
4.253227116083206361e-01
4.253227116083206361e-01
7.436411243353007183e-01
7.436411243353007183e-01
1.197761815168551236e-01
1.197761815168551236e-01
2.393590633489837693e-01
2.393590633489837693e-01
2.137060011067211662e-01
2.137060011067211662e-01
2.740232143537287279e-01
2.740232143537287279e-01
2.011842364273322414e-01
2.011842364273322414e-01
2.093888915723697564e-01
2.093888915723697564e-01
5.862765963063717445e-01
5.862765963063717445e-01
5.460469888961125978e-02
5.460469888961125978e-02
1.199999999999999956e+00
1.199999999999999956e+00
1.199999999999999956e+00
1.199999999999999956e+00
1.983134954651711579e-01
1.983134954651711579e-01
1.969250494512100880e-02
1.969250494512100880e-02
1.199999999999999956e+00
1.199999999999999956e+00
1.199999999999999956e+00
1.199999999999999956e+00
4.561174122201999137e-01
4.561174122201999137e-01
4.415577460796843434e-01
4.415577460796843434e-01
8.980684795967927014e-01
8.980684795967927014e-01
1.976546176939760202e-01
1.976546176939760202e-01
1.199999999999999956e+00
1.199999999999999956e+00
1.096514166746766633e-01
1.096514166746766633e-01
2.450308577080672068e-01
2.450308577080672068e-01
9.236129279742677500e-02
9.236129279742677500e-02
2.025375976808986289e-01
2.025375976808986289e-01
8.137511055333689070e-02
8.137511055333689070e-02
4.076156768703143030e-01
4.076156768703143030e-01
6.030290647390680603e-02
6.030290647390680603e-02
5.047988681296183833e-01
5.047988681296183833e-01
6.831438225646015161e-02
6.831438225646015161e-02
1.199999999999999956e+00
1.199999999999999956e+00
3.753552334429023363e-01
3.753552334429023363e-01
2.604399023462864449e-01
2.604399023462864449e-01
1.199999999999999956e+00
1.199999999999999956e+00
1.199999999999999956e+00
1.199999999999999956e+00
1.199999999999999956e+00
1.199999999999999956e+00
4.898814178816677245e-01
4.898814178816677245e-01
7.418091076949298035e-01
7.418091076949298035e-01
1.199999999999999956e+00
1.199999999999999956e+00
1.561276533847419656e-01
1.561276533847419656e-01
3.579674303554469805e-01
3.579674303554469805e-01
3.585760562361797188e-01
3.585760562361797188e-01
1.199999999999999956e+00
1.199999999999999956e+00
1.199999999999999956e+00
1.199999999999999956e+00
3.273108460789361102e-02
3.273108460789361102e-02
1.199999999999999956e+00
1.199999999999999956e+00
1.199999999999999956e+00
1.199999999999999956e+00
3.977436881413369818e-01
3.977436881413369818e-01
1.199999999999999956e+00
1.199999999999999956e+00
1.395017222941132007e-01
1.395017222941132007e-01
1.199999999999999956e+00
1.199999999999999956e+00
1.044482989125365968e-01
1.044482989125365968e-01
1.199999999999999956e+00
1.199999999999999956e+00
1.199999999999999956e+00
1.199999999999999956e+00
5.832255455569693853e-02
5.832255455569693853e-02
6.721587908829528002e-02
6.721587908829528002e-02
7.246835665679894900e-01
7.246835665679894900e-01
1.199999999999999956e+00
1.199999999999999956e+00
1.199999999999999956e+00
1.199999999999999956e+00
5.300255058698717381e-01
5.300255058698717381e-01
8.147152244672494215e-01
8.147152244672494215e-01
1.199999999999999956e+00
1.199999999999999956e+00
1.199999999999999956e+00
1.199999999999999956e+00
1.199999999999999956e+00
1.199999999999999956e+00
1.199999999999999956e+00
1.199999999999999956e+00
3.289110540073136302e-01
3.289110540073136302e-01
2.629099964411373003e-02
2.629099964411373003e-02
3.877265231352058916e-01
3.877265231352058916e-01
1.293774604622759117e-02
1.293774604622759117e-02
6.478356429661035198e-01
6.478356429661035198e-01
4.304579621272831003e-01
4.304579621272831003e-01
1.330932241600360499e-01
1.330932241600360499e-01
3.307717309386957738e-01
3.307717309386957738e-01
3.658727931106783293e-01
3.658727931106783293e-01
4.286840922081588262e-02
4.286840922081588262e-02
1.163020514485545998e-01
1.163020514485545998e-01
1.199999999999999956e+00
1.199999999999999956e+00
1.271222713970131257e-01
1.271222713970131257e-01
2.651458341791347872e-01
2.651458341791347872e-01
2.125382306918529585e-01
2.125382306918529585e-01
7.276235573386876654e-01
7.276235573386876654e-01
2.334907455685912847e-01
2.334907455685912847e-01
2.832944474661138190e-01
2.832944474661138190e-01
3.806254544773793325e-01
3.806254544773793325e-01
4.504081330748374024e-01
4.504081330748374024e-01
4.661683865014831785e-01
4.661683865014831785e-01
1.199999999999999956e+00
1.199999999999999956e+00
5.531155876540335692e-01
5.531155876540335692e-01
1.663288950430361901e-01
1.663288950430361901e-01
1.528259525576227962e-01
1.528259525576227962e-01
2.333122787593889247e-01
2.333122787593889247e-01
3.938217366106768758e-01
3.938217366106768758e-01
2.101246434861281931e-01
2.101246434861281931e-01
1.199999999999999956e+00
1.199999999999999956e+00
1.199999999999999956e+00
1.199999999999999956e+00
1.199999999999999956e+00
1.199999999999999956e+00
1.199999999999999956e+00
1.199999999999999956e+00
9.459305146807045483e-02
9.459305146807045483e-02
1.539889184507610698e-01
1.539889184507610698e-01
5.393654448349780028e-02
5.393654448349780028e-02
9.531571835158057782e-02
9.531571835158057782e-02
1.192658144901426881e-01
1.192658144901426881e-01
8.207178137095712256e-02
8.207178137095712256e-02
4.265582029663025354e-01
4.265582029663025354e-01
1.199999999999999956e+00
1.199999999999999956e+00
5.434201296831705497e-01
5.434201296831705497e-01
1.503573467404205055e-01
1.503573467404205055e-01
3.314260142176738699e-01
3.314260142176738699e-01
5.199425002557259839e-02
5.199425002557259839e-02
2.079432887286223330e-01
2.079432887286223330e-01
7.581035901115880105e-01
7.581035901115880105e-01
4.150989805510630903e-01
4.150989805510630903e-01
4.177450590896543137e-01
4.177450590896543137e-01
2.110032813265911855e-01
2.110032813265911855e-01
1.199999999999999956e+00
1.199999999999999956e+00
3.657744958843489602e-02
3.657744958843489602e-02
1.063300935068514294e-02
1.063300935068514294e-02
1.755799788419995858e-02
1.755799788419995858e-02
1.199999999999999956e+00
1.199999999999999956e+00
4.096266837717640330e-01
4.096266837717640330e-01
3.992735701350175193e-01
3.992735701350175193e-01
5.116994663556900802e-01
5.116994663556900802e-01
4.442753566439200386e-01
4.442753566439200386e-01
1.199999999999999956e+00
1.199999999999999956e+00
3.454029391778276007e-03
3.454029391778276007e-03
4.148530908154866165e-02
4.148530908154866165e-02
2.251537799425447073e-01
2.251537799425447073e-01
1.007960907698439712e-01
1.007960907698439712e-01
1.199999999999999956e+00
1.199999999999999956e+00
1.317841491731009396e-01
1.317841491731009396e-01
7.804297793352381607e-01
7.804297793352381607e-01
1.199999999999999956e+00
1.199999999999999956e+00
1.090299438452927705e-01
1.090299438452927705e-01
5.483790733142571705e-01
5.483790733142571705e-01
1.199999999999999956e+00
1.199999999999999956e+00
1.983146934329688693e-01
1.983146934329688693e-01
1.773801129773721619e-01
1.773801129773721619e-01
2.705315885512544205e-01
2.705315885512544205e-01
5.117842860556915952e-01
5.117842860556915952e-01
2.970703281137330176e-01
2.970703281137330176e-01
2.728981419201759739e-01
2.728981419201759739e-01
4.708129967066545518e-01
4.708129967066545518e-01
1.425566982364994961e-01
1.425566982364994961e-01
1.600241310896102220e-01
1.600241310896102220e-01
4.053690640732968142e-02
4.053690640732968142e-02
1.233179168876523679e-01
1.233179168876523679e-01
1.199999999999999956e+00
1.199999999999999956e+00
1.905345938429746366e-02
1.905345938429746366e-02
1.199999999999999956e+00
1.199999999999999956e+00
2.058597246250274682e-01
2.058597246250274682e-01
1.199999999999999956e+00
1.199999999999999956e+00
1.009545040141176797e-01
1.009545040141176797e-01
5.024724275049239353e-01
5.024724275049239353e-01
1.199999999999999956e+00
1.199999999999999956e+00
1.199999999999999956e+00
1.199999999999999956e+00
7.724669099213965495e-02
7.724669099213965495e-02
1.199999999999999956e+00
1.199999999999999956e+00
1.199999999999999956e+00
1.199999999999999956e+00
1.121575614730374815e+00
1.121575614730374815e+00
2.655235660139884657e-01
2.655235660139884657e-01
3.282282116893373968e-03
3.282282116893373968e-03
5.230704618942895179e-01
5.230704618942895179e-01
1.199999999999999956e+00
1.199999999999999956e+00
1.639243379813828949e-01
1.639243379813828949e-01
1.199999999999999956e+00
1.199999999999999956e+00
7.132395035461208677e-02
7.132395035461208677e-02
1.199999999999999956e+00
1.199999999999999956e+00
7.397386144914390727e-01
7.397386144914390727e-01
1.199999999999999956e+00
1.199999999999999956e+00
7.184323713041440573e-01
7.184323713041440573e-01
5.005960987990079047e-01
5.005960987990079047e-01
1.165735635842692769e-01
1.165735635842692769e-01
4.853969913272842551e-01
4.853969913272842551e-01
5.572454134127121650e-01
5.572454134127121650e-01
8.842781578388546771e-04
8.842781578388546771e-04
1.199999999999999956e+00
1.199999999999999956e+00
7.567325210682884773e-01
7.567325210682884773e-01
1.582518003787864447e-01
1.582518003787864447e-01
1.166903759685090913e-01
1.166903759685090913e-01
1.199999999999999956e+00
1.199999999999999956e+00
2.931989045491439905e-01
2.931989045491439905e-01
3.346584602861677471e-01
3.346584602861677471e-01
1.199999999999999956e+00
1.199999999999999956e+00
1.479048713985830765e-01
1.479048713985830765e-01
8.851514014546289777e-02
8.851514014546289777e-02
2.709505666111337030e-01
2.709505666111337030e-01
5.966141463424090574e-01
5.966141463424090574e-01
7.036734706772659331e-01
7.036734706772659331e-01
1.199999999999999956e+00
1.199999999999999956e+00
1.370938950761520503e-01
1.370938950761520503e-01
1.199999999999999956e+00
1.199999999999999956e+00
2.805597507346969111e-01
2.805597507346969111e-01
9.278573531931448570e-02
9.278573531931448570e-02
8.034566442549554433e-01
8.034566442549554433e-01
2.709841159491103713e-01
2.709841159491103713e-01
5.215582530250591209e-02
5.215582530250591209e-02
3.917446025719232283e-01
3.917446025719232283e-01
3.342704243112930573e-01
3.342704243112930573e-01
1.199999999999999956e+00
1.199999999999999956e+00
1.199999999999999956e+00
1.199999999999999956e+00
1.325374946811357091e-01
1.325374946811357091e-01
3.312424267164387204e-01
3.312424267164387204e-01
1.391769848488848549e-01
1.391769848488848549e-01
1.199999999999999956e+00
1.199999999999999956e+00
8.005302119688907647e-02
8.005302119688907647e-02
1.199999999999999956e+00
1.199999999999999956e+00
3.568986758184831132e-01
3.568986758184831132e-01
1.697236736258482259e-01
1.697236736258482259e-01
5.257034540989216076e-01
5.257034540989216076e-01
5.544655742149081634e-01
5.544655742149081634e-01
1.199999999999999956e+00
1.199999999999999956e+00
4.695239295852490224e-01
4.695239295852490224e-01
1.199999999999999956e+00
1.199999999999999956e+00
1.501641653301677426e-01
1.501641653301677426e-01
1.158462580921531676e-01
1.158462580921531676e-01
3.807441450291074170e-01
3.807441450291074170e-01
1.478780469608108328e-01
1.478780469608108328e-01
5.325943858211216186e-01
5.325943858211216186e-01
1.199999999999999956e+00
1.199999999999999956e+00
6.897203862896514326e-02
6.897203862896514326e-02
3.178984678259099694e-01
3.178984678259099694e-01
1.199999999999999956e+00
1.199999999999999956e+00
9.880102164005493126e-01
9.880102164005493126e-01
3.971012966747778927e-01
3.971012966747778927e-01
2.248473838643946510e-01
2.248473838643946510e-01
6.820237190361506940e-02
6.820237190361506940e-02
2.556750065662242166e-01
2.556750065662242166e-01
3.098704225259603096e-01
3.098704225259603096e-01
3.110304245681918545e-01
3.110304245681918545e-01
6.576355218217880272e-02
6.576355218217880272e-02
1.211563644367603249e-01
1.211563644367603249e-01
2.905542377507341900e-01
2.905542377507341900e-01
3.523382692137871225e-02
3.523382692137871225e-02
1.199999999999999956e+00
1.199999999999999956e+00
1.199999999999999956e+00
1.199999999999999956e+00
7.660620424133428585e-01
7.660620424133428585e-01
1.037661962694828993e-01
1.037661962694828993e-01
1.199999999999999956e+00
1.199999999999999956e+00
8.777235618665613082e-02
8.777235618665613082e-02
3.209591263199857991e-01
3.209591263199857991e-01
4.197028675312975965e-01
4.197028675312975965e-01
1.973017943222415693e-01
1.973017943222415693e-01
3.836406799163021852e-01
3.836406799163021852e-01
6.203964167957159992e-01
6.203964167957159992e-01
2.889205091766376410e-01
2.889205091766376410e-01
1.199999999999999956e+00
1.199999999999999956e+00
6.071794480896701707e-01
6.071794480896701707e-01
2.819678439661353342e-01
2.819678439661353342e-01
9.453812763766623883e-02
9.453812763766623883e-02
6.255825802915200295e-01
6.255825802915200295e-01
2.122233113556994955e-01
2.122233113556994955e-01
1.882347469542493545e-01
1.882347469542493545e-01
1.199999999999999956e+00
1.199999999999999956e+00
8.744685304179480312e-01
8.744685304179480312e-01
2.434195336997840298e-01
2.434195336997840298e-01
4.528604751575562859e-02
4.528604751575562859e-02
1.406415093642919834e-01
1.406415093642919834e-01
2.478776790644915407e-01
2.478776790644915407e-01
2.045696255069429648e-01
2.045696255069429648e-01
6.203902809104944183e-02
6.203902809104944183e-02
4.127895105266818909e-01
4.127895105266818909e-01
1.199999999999999956e+00
1.199999999999999956e+00
4.911254447268092460e-01
4.911254447268092460e-01
5.601738781438628939e-02
5.601738781438628939e-02
2.996002458454844614e-02
2.996002458454844614e-02
1.199999999999999956e+00
1.199999999999999956e+00
3.397835840995763051e-02
3.397835840995763051e-02
3.046484153256671656e-01
3.046484153256671656e-01
3.539173155479105048e-01
3.539173155479105048e-01
5.599205014268775482e-01
5.599205014268775482e-01
1.199999999999999956e+00
1.199999999999999956e+00
2.868696799485682680e-01
2.868696799485682680e-01
3.860683402751947657e-01
3.860683402751947657e-01
8.244547269523780364e-02
8.244547269523780364e-02
9.533853264745495437e-02
9.533853264745495437e-02
1.115972748076939497e-01
1.115972748076939497e-01
1.199999999999999956e+00
1.199999999999999956e+00
2.666405605475472562e-01
2.666405605475472562e-01
7.280763198225824739e-01
7.280763198225824739e-01
8.742600963338130748e-01
8.742600963338130748e-01
4.519154645071167820e-01
4.519154645071167820e-01
4.687023713460317965e-03
4.687023713460317965e-03
5.347477803126832185e-02
5.347477803126832185e-02
1.640560807887282146e-01
1.640560807887282146e-01
1.199999999999999956e+00
1.199999999999999956e+00
1.616760305916493667e-01
1.616760305916493667e-01
7.882347217587083732e-02
7.882347217587083732e-02
1.136930243605382307e+00
1.136930243605382307e+00
3.901072088245868819e-01
3.901072088245868819e-01
1.199999999999999956e+00
1.199999999999999956e+00
1.217510034926595069e-01
1.217510034926595069e-01
2.263489399809811842e-01
2.263489399809811842e-01
3.061699460354616598e-01
3.061699460354616598e-01
2.364144065259556615e-01
2.364144065259556615e-01
1.392782875750198934e-01
1.392782875750198934e-01
1.199999999999999956e+00
1.199999999999999956e+00
2.784669804375007329e-01
2.784669804375007329e-01
3.381178151380314079e-01
3.381178151380314079e-01
1.199999999999999956e+00
1.199999999999999956e+00
1.199999999999999956e+00
1.199999999999999956e+00
1.199999999999999956e+00
1.199999999999999956e+00
7.529936676750952074e-02
7.529936676750952074e-02
6.776279767269642595e-02
6.776279767269642595e-02
1.912915377933031014e-01
1.912915377933031014e-01
1.199999999999999956e+00
1.199999999999999956e+00
5.005811533874490737e-02
5.005811533874490737e-02
1.156531697621306920e-01
1.156531697621306920e-01
1.199999999999999956e+00
1.199999999999999956e+00
1.312189018008287911e-01
1.312189018008287911e-01
3.051415515773815423e-01
3.051415515773815423e-01
2.758497190184996950e-01
2.758497190184996950e-01
2.160885181237250929e-01
2.160885181237250929e-01
5.022895601321055725e-01
5.022895601321055725e-01
9.151455997869600845e-02
9.151455997869600845e-02
2.944793745351972566e-02
2.944793745351972566e-02
2.314371195399165249e-01
2.314371195399165249e-01
5.082374994635460164e-01
5.082374994635460164e-01
4.988685934039551184e-01
4.988685934039551184e-01
1.199999999999999956e+00
1.199999999999999956e+00
1.911158280122346176e-01
1.911158280122346176e-01
3.866676870435312163e-01
3.866676870435312163e-01
4.205551094194023287e-01
4.205551094194023287e-01
4.192788271685124468e-01
4.192788271685124468e-01
2.377644305412266457e-01
2.377644305412266457e-01
3.416491553347682508e-01
3.416491553347682508e-01
4.476076401459352372e-01
4.476076401459352372e-01
4.512438146468115696e-01
4.512438146468115696e-01
2.829218852964321407e-01
2.829218852964321407e-01
2.008693601987290855e-02
2.008693601987290855e-02
1.698148322154345302e-01
1.698148322154345302e-01
1.975502674607651221e-01
1.975502674607651221e-01
1.140368355924656907e-01
1.140368355924656907e-01
2.537413490903451252e-01
2.537413490903451252e-01
8.266251046113839429e-01
8.266251046113839429e-01
1.199999999999999956e+00
1.199999999999999956e+00
1.083273695544187953e-01
1.083273695544187953e-01
1.199999999999999956e+00
1.199999999999999956e+00
6.091536736913385486e-01
6.091536736913385486e-01
1.199999999999999956e+00
1.199999999999999956e+00
1.460862903510737332e-01
1.460862903510737332e-01
1.678474493775307663e-01
1.678474493775307663e-01
3.302286905568168063e-01
3.302286905568168063e-01
1.948129629616342784e-01
1.948129629616342784e-01
1.199999999999999956e+00
1.199999999999999956e+00
1.061326932489504493e+00
1.061326932489504493e+00
1.199999999999999956e+00
1.199999999999999956e+00
3.306532294793965154e-01
3.306532294793965154e-01
1.199999999999999956e+00
1.199999999999999956e+00
8.724499696578830177e-02
8.724499696578830177e-02
1.199999999999999956e+00
1.199999999999999956e+00
3.087021941599356056e-01
3.087021941599356056e-01
5.368186044887596729e-03
5.368186044887596729e-03
1.199999999999999956e+00
1.199999999999999956e+00
1.049595126173182708e-01
1.049595126173182708e-01
2.072570060310132412e-01
2.072570060310132412e-01
3.068629849325310577e-01
3.068629849325310577e-01
3.094194766389046780e-01
3.094194766389046780e-01
6.473733693347770712e-01
6.473733693347770712e-01
2.832513273935637899e-01
2.832513273935637899e-01
1.199999999999999956e+00
1.199999999999999956e+00
4.441253022130254857e-01
4.441253022130254857e-01
1.199999999999999956e+00
1.199999999999999956e+00
4.337318522741466231e-01
4.337318522741466231e-01
6.408107718942109010e-02
6.408107718942109010e-02
4.469615389034659741e-02
4.469615389034659741e-02
2.068575187017112835e-02
2.068575187017112835e-02
1.162705716100991271e-01
1.162705716100991271e-01
3.808732850200124420e-01
3.808732850200124420e-01
1.199999999999999956e+00
1.199999999999999956e+00
4.258324747943456612e-01
4.258324747943456612e-01
1.543810203821880667e-01
1.543810203821880667e-01
6.148487068857706739e-02
6.148487068857706739e-02
6.057869824508659296e-01
6.057869824508659296e-01
1.015426663785366834e+00
1.015426663785366834e+00
1.199999999999999956e+00
1.199999999999999956e+00
1.199999999999999956e+00
1.199999999999999956e+00
2.785121570943586700e-01
2.785121570943586700e-01
3.179465744182796011e-02
3.179465744182796011e-02
2.120908197425023511e-01
2.120908197425023511e-01
1.199999999999999956e+00
1.199999999999999956e+00
3.155521535548646422e-02
3.155521535548646422e-02
1.199999999999999956e+00
1.199999999999999956e+00
3.278257829127150247e-01
3.278257829127150247e-01
4.409815679013146528e-01
4.409815679013146528e-01
4.176018219782422491e-01
4.176018219782422491e-01
1.622660877932437587e-02
1.622660877932437587e-02
5.867238115332706894e-01
5.867238115332706894e-01
1.774849590177455042e-02
1.774849590177455042e-02
1.199999999999999956e+00
1.199999999999999956e+00
2.259130737189785076e-01
2.259130737189785076e-01
8.754824474243359453e-03
8.754824474243359453e-03
2.087951987775699958e-01
2.087951987775699958e-01
1.199999999999999956e+00
1.199999999999999956e+00
2.953185399993842400e-02
2.953185399993842400e-02
1.199999999999999956e+00
1.199999999999999956e+00
7.546673692782016052e-03
7.546673692782016052e-03
7.563320626626025556e-01
7.563320626626025556e-01
1.199999999999999956e+00
1.199999999999999956e+00
4.510985446568600565e-01
4.510985446568600565e-01
2.267333624028975425e-01
2.267333624028975425e-01
1.289765072773740862e-01
1.289765072773740862e-01
1.199999999999999956e+00
1.199999999999999956e+00
4.156642812694152922e-02
4.156642812694152922e-02
1.199999999999999956e+00
1.199999999999999956e+00
8.862539771726951621e-02
8.862539771726951621e-02
1.199999999999999956e+00
1.199999999999999956e+00
4.772123512433216752e-01
4.772123512433216752e-01
2.203629724010421342e-01
2.203629724010421342e-01
2.851945227792676008e-01
2.851945227792676008e-01
1.199999999999999956e+00
1.199999999999999956e+00
1.199999999999999956e+00
1.199999999999999956e+00
3.197921166038775187e-01
3.197921166038775187e-01
2.720368489710811577e-02
2.720368489710811577e-02
1.559915948706936950e-01
1.559915948706936950e-01
2.449410188153552381e-01
2.449410188153552381e-01
6.625870777903044573e-01
6.625870777903044573e-01
4.590098323524721691e-03
4.590098323524721691e-03
7.297470168171550642e-02
7.297470168171550642e-02
1.199999999999999956e+00
1.199999999999999956e+00
4.311010707508338147e-01
4.311010707508338147e-01
3.451667051808268716e-01
3.451667051808268716e-01
2.543772368442061005e-01
2.543772368442061005e-01
5.655068096805833111e-01
5.655068096805833111e-01
8.352608759044468853e-03
8.352608759044468853e-03
3.089460357174462768e-01
3.089460357174462768e-01
7.799263004198585258e-02
7.799263004198585258e-02
2.599951094037986077e-01
2.599951094037986077e-01
1.199999999999999956e+00
1.199999999999999956e+00
1.199999999999999956e+00
1.199999999999999956e+00
1.199999999999999956e+00
1.199999999999999956e+00
1.199999999999999956e+00
1.199999999999999956e+00
1.955142327943747427e-01
1.955142327943747427e-01
4.037027998438191823e-02
4.037027998438191823e-02
2.071148963120782449e-01
2.071148963120782449e-01
2.188348546147799445e-01
2.188348546147799445e-01
8.805966056539499265e-02
8.805966056539499265e-02
4.649372011178975334e-02
4.649372011178975334e-02
1.199999999999999956e+00
1.199999999999999956e+00
3.770981333763149812e-01
3.770981333763149812e-01
4.223473617756592358e-01
4.223473617756592358e-01
5.547073066061306568e-01
5.547073066061306568e-01
1.199999999999999956e+00
1.199999999999999956e+00
5.629471917044467366e-01
5.629471917044467366e-01
2.509080337680231754e-01
2.509080337680231754e-01
3.301047901939745954e-01
3.301047901939745954e-01
1.780851938117180566e-01
1.780851938117180566e-01
1.199999999999999956e+00
1.199999999999999956e+00
2.157556132663480675e-01
2.157556132663480675e-01
4.918403841567652868e-01
4.918403841567652868e-01
2.212565673097705368e-02
2.212565673097705368e-02
1.498410795989853772e-01
1.498410795989853772e-01
1.766420496937553541e-01
1.766420496937553541e-01
1.472148342969181456e-01
1.472148342969181456e-01
1.199999999999999956e+00
1.199999999999999956e+00
6.859779173575274169e-02
6.859779173575274169e-02
1.049751225920520226e-01
1.049751225920520226e-01
1.199999999999999956e+00
1.199999999999999956e+00
8.987298619582553272e-01
8.987298619582553272e-01
1.823918285537434736e-01
1.823918285537434736e-01
5.962000522738081232e-01
5.962000522738081232e-01
9.564246626680439345e-02
9.564246626680439345e-02
8.015645150415727505e-02
8.015645150415727505e-02
5.953550380386850999e-02
5.953550380386850999e-02
7.280692060210594563e-02
7.280692060210594563e-02
1.199999999999999956e+00
1.199999999999999956e+00
1.461297799943794551e-01
1.461297799943794551e-01
1.319643551355727251e-01
1.319643551355727251e-01
1.199999999999999956e+00
1.199999999999999956e+00
1.735328657785010220e-01
1.735328657785010220e-01
4.034833905037277235e-01
4.034833905037277235e-01
8.474025554045553840e-03
8.474025554045553840e-03
2.773706470881184272e-01
2.773706470881184272e-01
7.575860311878700182e-02
7.575860311878700182e-02
2.825574343887967202e-02
2.825574343887967202e-02
9.177393229647037853e-02
9.177393229647037853e-02
1.869668876479888275e-01
1.869668876479888275e-01
1.199999999999999956e+00
1.199999999999999956e+00
1.349218889960991999e-02
1.349218889960991999e-02
8.508537049275199937e-01
8.508537049275199937e-01
3.310519200390129452e-02
3.310519200390129452e-02
2.253725338307369652e-01
2.253725338307369652e-01
1.199999999999999956e+00
1.199999999999999956e+00
1.175867083374571992e-01
1.175867083374571992e-01
2.402239432294801247e-01
2.402239432294801247e-01
1.199999999999999956e+00
1.199999999999999956e+00
2.303678228835862873e-01
2.303678228835862873e-01
4.210827999840185271e-02
4.210827999840185271e-02
2.098631091876314858e-01
2.098631091876314858e-01
2.708804915221260656e-02
2.708804915221260656e-02
5.948086118192681682e-02
5.948086118192681682e-02
1.955595442497743211e-02
1.955595442497743211e-02
2.184167034216825121e-01
2.184167034216825121e-01
1.122238783848718280e-01
1.122238783848718280e-01
4.434405528440772404e-01
4.434405528440772404e-01
1.199999999999999956e+00
1.199999999999999956e+00
8.782356161562217267e-02
8.782356161562217267e-02
4.555389487750678007e-02
4.555389487750678007e-02
8.328508365279157707e-03
8.328508365279157707e-03
8.409145331299212878e-02
8.409145331299212878e-02
1.194033373032997308e-01
1.194033373032997308e-01
1.199999999999999956e+00
1.199999999999999956e+00
5.713114379792589848e-01
5.713114379792589848e-01
3.061470089838533859e-01
3.061470089838533859e-01
7.524468463393951118e-03
7.524468463393951118e-03
3.090381675638516068e-01
3.090381675638516068e-01
6.389164454145436489e-02
6.389164454145436489e-02
1.276108773166876043e-01
1.276108773166876043e-01
6.542230918833533138e-02
6.542230918833533138e-02
1.621101258607613588e-02
1.621101258607613588e-02
1.098439477992798619e-01
1.098439477992798619e-01
1.199999999999999956e+00
1.199999999999999956e+00
7.135837052800249047e-01
7.135837052800249047e-01
1.972982474214876047e-01
1.972982474214876047e-01
1.199999999999999956e+00
1.199999999999999956e+00
1.037921312728829148e+00
1.037921312728829148e+00
1.199999999999999956e+00
1.199999999999999956e+00
2.254167888788288429e-02
2.254167888788288429e-02
1.602573303859982368e-01
1.602573303859982368e-01
1.199999999999999956e+00
1.199999999999999956e+00
1.199999999999999956e+00
1.199999999999999956e+00
1.015099583310627579e-01
1.015099583310627579e-01
3.401722080677978544e-01
3.401722080677978544e-01
8.848475352857304577e-02
8.848475352857304577e-02
2.754429610961330321e-01
2.754429610961330321e-01
1.555363474747492036e-01
1.555363474747492036e-01
3.680917180051027637e-01
3.680917180051027637e-01
2.324716944778597583e-01
2.324716944778597583e-01
1.199999999999999956e+00
1.199999999999999956e+00
1.443756125281520364e-01
1.443756125281520364e-01
1.199999999999999956e+00
1.199999999999999956e+00
2.174600041535107442e-01
2.174600041535107442e-01
1.199999999999999956e+00
1.199999999999999956e+00
1.444029449789489827e-01
1.444029449789489827e-01
1.199999999999999956e+00
1.199999999999999956e+00
4.470016891548924676e-01
4.470016891548924676e-01
1.199999999999999956e+00
1.199999999999999956e+00
1.633069511958085973e-01
1.633069511958085973e-01
2.003514880614952753e-01
2.003514880614952753e-01
2.904187592291553044e-02
2.904187592291553044e-02
2.442752596351284167e-01
2.442752596351284167e-01
1.538528632406152286e-01
1.538528632406152286e-01
2.650913479658854044e-01
2.650913479658854044e-01
3.025606945095559164e-01
3.025606945095559164e-01
2.722157154662951939e-01
2.722157154662951939e-01
4.176251220937179237e-02
4.176251220937179237e-02
4.899213926848480227e-01
4.899213926848480227e-01
1.887909864778885283e-01
1.887909864778885283e-01
2.316075236499902934e-01
2.316075236499902934e-01
6.821961766085887779e-02
6.821961766085887779e-02
1.199999999999999956e+00
1.199999999999999956e+00
2.337142474984709173e-01
2.337142474984709173e-01
3.657727485491014952e-02
3.657727485491014952e-02
4.616425419997085000e-01
4.616425419997085000e-01
1.199999999999999956e+00
1.199999999999999956e+00
3.754316739046965612e-01
3.754316739046965612e-01
2.924646258042695388e-02
2.924646258042695388e-02
4.558644802075988989e-01
4.558644802075988989e-01
1.357653108917918072e-01
1.357653108917918072e-01
1.346654237746101185e-02
1.346654237746101185e-02
6.119538792343486300e-01
6.119538792343486300e-01
