8.943909914343501910e-01
8.943909914343501910e-01
8.579613193505733482e-02
8.579613193505733482e-02
2.938424935357483725e-01
2.938424935357483725e-01
1.199999999999999956e+00
1.199999999999999956e+00
1.199999999999999956e+00
1.199999999999999956e+00
4.143210076039033907e-01
4.143210076039033907e-01
6.522741219246069866e-01
6.522741219246069866e-01
3.784921353512271658e-01
3.784921353512271658e-01
1.199999999999999956e+00
1.199999999999999956e+00
8.815062334574707004e-01
8.815062334574707004e-01
2.533329606701816283e-01
2.533329606701816283e-01
6.326161868877346883e-01
6.326161868877346883e-01
9.315679064510181684e-01
9.315679064510181684e-01
3.727138736369718930e-01
3.727138736369718930e-01
7.119834119453363197e-01
7.119834119453363197e-01
1.199999999999999956e+00
1.199999999999999956e+00
2.225673773816209521e-03
2.225673773816209521e-03
4.422208306426382851e-01
4.422208306426382851e-01
3.744627439284708981e-01
3.744627439284708981e-01
2.873455005090101988e-01
2.873455005090101988e-01
2.126318194865622901e-01
2.126318194865622901e-01
1.408645356442189134e-01
1.408645356442189134e-01
1.199999999999999956e+00
1.199999999999999956e+00
5.247895860669248291e-01
5.247895860669248291e-01
1.391054328879381408e-01
1.391054328879381408e-01
1.199999999999999956e+00
1.199999999999999956e+00
7.370485915378028122e-03
7.370485915378028122e-03
1.199999999999999956e+00
1.199999999999999956e+00
1.217290926397341100e-01
1.217290926397341100e-01
4.170244240388152335e-01
4.170244240388152335e-01
1.199999999999999956e+00
1.199999999999999956e+00
2.419175500450886640e-01
2.419175500450886640e-01
5.880026691421218477e-01
5.880026691421218477e-01
2.199118338381077786e-01
2.199118338381077786e-01
3.496018413851559314e-01
3.496018413851559314e-01
7.267814177429463562e-01
7.267814177429463562e-01
4.723859773194250683e-02
4.723859773194250683e-02
3.426816698837801822e-01
3.426816698837801822e-01
2.932723352979694775e-01
2.932723352979694775e-01
2.076108048844500231e-01
2.076108048844500231e-01
3.487283998662412676e-01
3.487283998662412676e-01
1.419124976189279075e-01
1.419124976189279075e-01
1.199999999999999956e+00
1.199999999999999956e+00
9.735187200240359717e-02
9.735187200240359717e-02
6.053729768939946077e-01
6.053729768939946077e-01
2.540648399187319106e-01
2.540648399187319106e-01
1.792017421604392424e-01
1.792017421604392424e-01
1.453986010723712710e-02
1.453986010723712710e-02
2.937410052934695814e-01
2.937410052934695814e-01
6.761829475909231224e-01
6.761829475909231224e-01
1.080407392376434017e-01
1.080407392376434017e-01
5.032180594796796802e-01
5.032180594796796802e-01
2.677492965411736314e-01
2.677492965411736314e-01
4.001020900715517026e-02
4.001020900715517026e-02
1.199999999999999956e+00
1.199999999999999956e+00
1.199999999999999956e+00
1.199999999999999956e+00
5.159625252433336362e-01
5.159625252433336362e-01
9.162043281134311934e-02
9.162043281134311934e-02
5.065627510444171977e-02
5.065627510444171977e-02
1.199999999999999956e+00
1.199999999999999956e+00
1.896590099135779806e-01
1.896590099135779806e-01
1.199999999999999956e+00
1.199999999999999956e+00
2.877931181077756917e-01
2.877931181077756917e-01
4.511310910309062061e-01
4.511310910309062061e-01
1.584095144229829000e-01
1.584095144229829000e-01
1.417297142434203738e-01
1.417297142434203738e-01
7.022704997844320118e-01
7.022704997844320118e-01
1.199999999999999956e+00
1.199999999999999956e+00
1.199999999999999956e+00
1.199999999999999956e+00
9.346811246797390171e-02
9.346811246797390171e-02
1.125709953636549882e-01
1.125709953636549882e-01
4.582603556833099723e-01
4.582603556833099723e-01
1.859119302545780839e-01
1.859119302545780839e-01
5.487599805071605719e-01
5.487599805071605719e-01
1.792863077778040493e-01
1.792863077778040493e-01
4.286750952079669830e-01
4.286750952079669830e-01
2.951925020493578189e-01
2.951925020493578189e-01
1.199999999999999956e+00
1.199999999999999956e+00
9.413989818218362633e-04
9.413989818218362633e-04
8.474737211068389398e-01
8.474737211068389398e-01
1.199999999999999956e+00
1.199999999999999956e+00
1.199999999999999956e+00
1.199999999999999956e+00
1.199999999999999956e+00
1.199999999999999956e+00
3.672883103974323715e-01
3.672883103974323715e-01
1.098382037454201487e+00
1.098382037454201487e+00
1.485878989806935779e-01
1.485878989806935779e-01
6.829050964782767963e-01
6.829050964782767963e-01
7.430754478599511936e-02
7.430754478599511936e-02
2.423256661235405618e-01
2.423256661235405618e-01
1.864299700482484889e-01
1.864299700482484889e-01
3.315206817447813314e-01
3.315206817447813314e-01
3.362264855467304164e-02
3.362264855467304164e-02
1.199999999999999956e+00
1.199999999999999956e+00
3.539130839221271141e-01
3.539130839221271141e-01
2.127549793202928863e-01
2.127549793202928863e-01
1.199999999999999956e+00
1.199999999999999956e+00
5.637602265303508497e-01
5.637602265303508497e-01
3.480220381133668495e-01
3.480220381133668495e-01
5.722975179159713877e-01
5.722975179159713877e-01
1.187897236409125590e-01
1.187897236409125590e-01
4.014852055452921009e-01
4.014852055452921009e-01
3.144042785052675315e-01
3.144042785052675315e-01
2.577794821749609389e-01
2.577794821749609389e-01
5.481918829531489123e-01
5.481918829531489123e-01
5.637301668017729445e-02
5.637301668017729445e-02
1.199999999999999956e+00
1.199999999999999956e+00
1.490470146319596567e-01
1.490470146319596567e-01
1.252750594619473079e-01
1.252750594619473079e-01
2.916228279747442101e-02
2.916228279747442101e-02
1.199999999999999956e+00
1.199999999999999956e+00
1.199999999999999956e+00
1.199999999999999956e+00
1.199999999999999956e+00
1.199999999999999956e+00
6.164293748598496103e-01
6.164293748598496103e-01
1.639000202279322915e-01
1.639000202279322915e-01
1.199999999999999956e+00
1.199999999999999956e+00
1.741895993061096104e-01
1.741895993061096104e-01
4.574006739447725178e-01
4.574006739447725178e-01
3.170767415067234363e-01
3.170767415067234363e-01
1.415973356841749853e-01
1.415973356841749853e-01
5.807567614859141525e-01
5.807567614859141525e-01
1.199999999999999956e+00
1.199999999999999956e+00
6.824337455909506023e-01
6.824337455909506023e-01
4.155777108732213176e-01
4.155777108732213176e-01
4.142482796647362631e-01
4.142482796647362631e-01
2.956113908728075779e-01
2.956113908728075779e-01
2.227044494317808043e-01
2.227044494317808043e-01
1.199999999999999956e+00
1.199999999999999956e+00
1.199999999999999956e+00
1.199999999999999956e+00
2.537354803875623288e-01
2.537354803875623288e-01
7.289427304207598546e-01
7.289427304207598546e-01
2.159224705840848968e-01
2.159224705840848968e-01
4.235741442792714806e-01
4.235741442792714806e-01
2.842395812731769444e-01
2.842395812731769444e-01
2.077271798595090313e-01
2.077271798595090313e-01
1.199999999999999956e+00
1.199999999999999956e+00
4.108078140525773247e-01
4.108078140525773247e-01
3.807135999917293234e-01
3.807135999917293234e-01
4.017067734388216071e-02
4.017067734388216071e-02
5.405149612546249482e-01
5.405149612546249482e-01
1.457339407137070719e-01
1.457339407137070719e-01
1.199999999999999956e+00
1.199999999999999956e+00
2.498330221788192529e-01
2.498330221788192529e-01
7.592734427875376113e-01
7.592734427875376113e-01
1.388611092392522672e-01
1.388611092392522672e-01
3.513894381450382576e-01
3.513894381450382576e-01
2.080596224000729189e-01
2.080596224000729189e-01
5.004893818761625424e-01
5.004893818761625424e-01
1.665251639398229178e-01
1.665251639398229178e-01
1.188792144113258176e-01
1.188792144113258176e-01
1.199999999999999956e+00
1.199999999999999956e+00
4.506685631203675158e-01
4.506685631203675158e-01
5.660807612744500616e-01
5.660807612744500616e-01
6.054866279620450126e-02
6.054866279620450126e-02
7.144054197143058227e-01
7.144054197143058227e-01
8.024766930804094756e-02
8.024766930804094756e-02
1.199999999999999956e+00
1.199999999999999956e+00
3.347292329206336126e-01
3.347292329206336126e-01
3.938745264397640611e-01
3.938745264397640611e-01
2.606474517246115119e-01
2.606474517246115119e-01
1.586241316529108519e-02
1.586241316529108519e-02
1.874200239395290568e-01
1.874200239395290568e-01
2.043923385238588172e-02
2.043923385238588172e-02
1.199999999999999956e+00
1.199999999999999956e+00
1.199999999999999956e+00
1.199999999999999956e+00
3.982600354906407625e-01
3.982600354906407625e-01
3.210689611388619635e-01
3.210689611388619635e-01
5.409598788438134687e-01
5.409598788438134687e-01
1.199999999999999956e+00
1.199999999999999956e+00
1.299510582891047761e-01
1.299510582891047761e-01
1.834299609949086030e-01
1.834299609949086030e-01
2.738547872726503907e-01
2.738547872726503907e-01
1.199999999999999956e+00
1.199999999999999956e+00
2.553187936024423066e-01
2.553187936024423066e-01
1.199999999999999956e+00
1.199999999999999956e+00
3.218065250703744939e-01
3.218065250703744939e-01
1.199999999999999956e+00
1.199999999999999956e+00
1.199999999999999956e+00
1.199999999999999956e+00
2.626266139343562123e-01
2.626266139343562123e-01
1.199999999999999956e+00
1.199999999999999956e+00
1.199999999999999956e+00
1.199999999999999956e+00
8.676896599652373920e-01
8.676896599652373920e-01
8.558461328608245322e-02
8.558461328608245322e-02
1.931908770710399625e-01
1.931908770710399625e-01
2.054991051269059454e-01
2.054991051269059454e-01
1.846060900304288543e-01
1.846060900304288543e-01
1.199999999999999956e+00
1.199999999999999956e+00
5.368644595342364489e-01
5.368644595342364489e-01
2.245834325697843303e-01
2.245834325697843303e-01
3.245583859904670465e-01
3.245583859904670465e-01
2.472336611311007626e-01
2.472336611311007626e-01
4.869664710104444350e-01
4.869664710104444350e-01
4.175641332846340426e-01
4.175641332846340426e-01
3.558478428966997953e-01
3.558478428966997953e-01
1.199999999999999956e+00
1.199999999999999956e+00
5.113883429131225178e-01
5.113883429131225178e-01
6.029928345482652441e-01
6.029928345482652441e-01
7.823952168247854111e-01
7.823952168247854111e-01
7.056980289587593269e-01
7.056980289587593269e-01
3.812964304398230864e-01
3.812964304398230864e-01
1.618138714889623408e-01
1.618138714889623408e-01
7.465806818940438072e-01
7.465806818940438072e-01
3.764791075382183383e-01
3.764791075382183383e-01
2.180228009937390521e-01
2.180228009937390521e-01
1.199999999999999956e+00
1.199999999999999956e+00
1.199999999999999956e+00
1.199999999999999956e+00
2.155198226151263108e-01
2.155198226151263108e-01
8.355936588894219419e-02
8.355936588894219419e-02
3.079543464000409347e-01
3.079543464000409347e-01
1.199999999999999956e+00
1.199999999999999956e+00
1.199999999999999956e+00
1.199999999999999956e+00
3.593825049460178112e-01
3.593825049460178112e-01
5.858316648564472484e-02
5.858316648564472484e-02
1.199999999999999956e+00
1.199999999999999956e+00
4.061661112985810451e-01
4.061661112985810451e-01
7.925210393554980026e-01
7.925210393554980026e-01
3.662515181737679287e-02
3.662515181737679287e-02
1.199999999999999956e+00
1.199999999999999956e+00
1.199999999999999956e+00
1.199999999999999956e+00
3.712923413209465728e-01
3.712923413209465728e-01
6.994747445440333555e-01
6.994747445440333555e-01
1.899376411228904660e-01
1.899376411228904660e-01
3.518112718411461198e-02
3.518112718411461198e-02
4.514835746528555321e-02
4.514835746528555321e-02
1.199999999999999956e+00
1.199999999999999956e+00
1.393203752503912318e-01
1.393203752503912318e-01
2.781868417141658556e-02
2.781868417141658556e-02
1.199999999999999956e+00
1.199999999999999956e+00
9.467838828593090339e-01
9.467838828593090339e-01
1.199999999999999956e+00
1.199999999999999956e+00
1.199999999999999956e+00
1.199999999999999956e+00
1.763347593385866108e-01
1.763347593385866108e-01
3.241697857461622312e-01
3.241697857461622312e-01
1.199999999999999956e+00
1.199999999999999956e+00
5.679668914292648751e-02
5.679668914292648751e-02
1.199999999999999956e+00
1.199999999999999956e+00
5.530636794040597604e-01
5.530636794040597604e-01
3.315327169093700288e-01
3.315327169093700288e-01
2.233979368873174887e-01
2.233979368873174887e-01
4.836343732568050280e-01
4.836343732568050280e-01
1.199999999999999956e+00
1.199999999999999956e+00
9.557876244277587752e-01
9.557876244277587752e-01
1.283489523561563428e-01
1.283489523561563428e-01
2.143714916882459853e-01
2.143714916882459853e-01
6.870124288325192285e-01
6.870124288325192285e-01
2.307236225626431436e-01
2.307236225626431436e-01
1.199999999999999956e+00
1.199999999999999956e+00
8.525935040457244263e-02
8.525935040457244263e-02
5.545890196736155131e-01
5.545890196736155131e-01
1.629015170624077136e-01
1.629015170624077136e-01
1.578662840133414069e-01
1.578662840133414069e-01
3.122205805854825211e-01
3.122205805854825211e-01
1.199999999999999956e+00
1.199999999999999956e+00
5.943960892037755128e-01
5.943960892037755128e-01
3.311179294475094514e-01
3.311179294475094514e-01
6.067999857078242715e-02
6.067999857078242715e-02
2.276729574461802130e-01
2.276729574461802130e-01
1.199999999999999956e+00
1.199999999999999956e+00
1.199999999999999956e+00
1.199999999999999956e+00
8.925954533421739945e-02
8.925954533421739945e-02
1.199999999999999956e+00
1.199999999999999956e+00
3.084147892219961662e-01
3.084147892219961662e-01
1.466328752282514691e-01
1.466328752282514691e-01
4.561336341289918273e-01
4.561336341289918273e-01
8.490790685723151321e-02
8.490790685723151321e-02
9.651667036473117467e-02
9.651667036473117467e-02
2.491097277685244971e-01
2.491097277685244971e-01
2.146244907291174897e-01
2.146244907291174897e-01
2.801077488415126271e-01
2.801077488415126271e-01
4.898743020618450128e-01
4.898743020618450128e-01
3.020618328215754489e-01
3.020618328215754489e-01
2.055010807800386127e-02
2.055010807800386127e-02
3.319535193773314186e-01
3.319535193773314186e-01
2.201363043035496347e-01
2.201363043035496347e-01
8.538360244457260384e-02
8.538360244457260384e-02
1.729098288707177009e-02
1.729098288707177009e-02
3.924720434788548373e-01
3.924720434788548373e-01
6.133031012844138985e-01
6.133031012844138985e-01
1.199999999999999956e+00
1.199999999999999956e+00
7.014317024846143667e-02
7.014317024846143667e-02
1.931068883448661469e-02
1.931068883448661469e-02
4.426850455381345362e-01
4.426850455381345362e-01
5.320670145146710883e-02
5.320670145146710883e-02
1.423432160507801247e-01
1.423432160507801247e-01
1.103940595269398001e-01
1.103940595269398001e-01
4.540587893163470778e-01
4.540587893163470778e-01
4.003354372943498385e-01
4.003354372943498385e-01
3.695652792017007915e-01
3.695652792017007915e-01
1.199999999999999956e+00
1.199999999999999956e+00
1.351431208296623721e-01
1.351431208296623721e-01
3.831435438022692125e-02
3.831435438022692125e-02
4.873534344902182847e-01
4.873534344902182847e-01
1.199999999999999956e+00
1.199999999999999956e+00
2.939561107723714373e-01
2.939561107723714373e-01
1.860282163525945887e-01
1.860282163525945887e-01
2.465206542086908481e-01
2.465206542086908481e-01
8.935273924972156334e-02
8.935273924972156334e-02
1.528599530576623955e-01
1.528599530576623955e-01
6.181241004589733690e-01
6.181241004589733690e-01
8.651512826886199881e-02
8.651512826886199881e-02
5.494462149155266983e-01
5.494462149155266983e-01
8.677888351808761558e-02
8.677888351808761558e-02
6.878429528794820502e-01
6.878429528794820502e-01
8.999032567164047536e-02
8.999032567164047536e-02
1.199999999999999956e+00
1.199999999999999956e+00
2.175137212559443700e-01
2.175137212559443700e-01
2.474669665841648658e-01
2.474669665841648658e-01
1.030887969222443301e+00
1.030887969222443301e+00
1.199999999999999956e+00
1.199999999999999956e+00
8.247143587355637573e-02
8.247143587355637573e-02
1.199999999999999956e+00
1.199999999999999956e+00
1.199999999999999956e+00
1.199999999999999956e+00
3.891656730289994037e-02
3.891656730289994037e-02
2.113207729949406755e-01
2.113207729949406755e-01
5.581271804837809741e-02
5.581271804837809741e-02
3.377340002420562981e-01
3.377340002420562981e-01
1.199999999999999956e+00
1.199999999999999956e+00
1.199999999999999956e+00
1.199999999999999956e+00
2.546072930274463353e-01
2.546072930274463353e-01
3.138719234494864452e-01
3.138719234494864452e-01
1.541964912974906898e-01
1.541964912974906898e-01
5.247917141515469064e-01
5.247917141515469064e-01
6.183696656922621493e-02
6.183696656922621493e-02
1.131342677388413209e+00
1.131342677388413209e+00
2.018497454525145507e-01
2.018497454525145507e-01
3.298974929467289874e-01
3.298974929467289874e-01
1.958695211070846653e-01
1.958695211070846653e-01
1.199999999999999956e+00
1.199999999999999956e+00
5.295044513262040509e-01
5.295044513262040509e-01
3.432901805038415244e-01
3.432901805038415244e-01
1.199999999999999956e+00
1.199999999999999956e+00
4.022632029001554921e-01
4.022632029001554921e-01
1.199999999999999956e+00
1.199999999999999956e+00
1.199999999999999956e+00
1.199999999999999956e+00
1.199999999999999956e+00
1.199999999999999956e+00
1.199999999999999956e+00
1.199999999999999956e+00
1.199999999999999956e+00
1.199999999999999956e+00
1.199999999999999956e+00
1.199999999999999956e+00
1.199999999999999956e+00
1.199999999999999956e+00
3.491694813728249414e-01
3.491694813728249414e-01
5.885208161510155356e-02
5.885208161510155356e-02
1.199999999999999956e+00
1.199999999999999956e+00
3.075700338124981448e-01
3.075700338124981448e-01
4.397417611111875679e-01
4.397417611111875679e-01
4.774174560965724345e-01
4.774174560965724345e-01
2.520071757872474616e-01
2.520071757872474616e-01
1.199999999999999956e+00
1.199999999999999956e+00
1.199999999999999956e+00
1.199999999999999956e+00
2.514092261997055155e-01
2.514092261997055155e-01
3.654060131541668199e-01
3.654060131541668199e-01
4.186704738661111702e-01
4.186704738661111702e-01
1.661303557156603716e-01
1.661303557156603716e-01
4.913843970260325378e-01
4.913843970260325378e-01
1.199999999999999956e+00
1.199999999999999956e+00
6.547192495875937823e-02
6.547192495875937823e-02
6.679864969757276505e-01
6.679864969757276505e-01
1.059601569984172320e+00
1.059601569984172320e+00
4.823382278002046747e-02
4.823382278002046747e-02
3.114130962329258664e-02
3.114130962329258664e-02
5.680593911545785968e-01
5.680593911545785968e-01
2.894139914582480322e-01
2.894139914582480322e-01
2.944659605616196940e-02
2.944659605616196940e-02
3.438064894001568450e-01
3.438064894001568450e-01
3.849051391076006023e-01
3.849051391076006023e-01
1.173895784531581860e-01
1.173895784531581860e-01
1.481345070163488931e-01
1.481345070163488931e-01
1.199999999999999956e+00
1.199999999999999956e+00
5.357441660026722730e-01
5.357441660026722730e-01
3.760983486408493448e-01
3.760983486408493448e-01
4.130176248669689132e-01
4.130176248669689132e-01
3.113117392435461039e-01
3.113117392435461039e-01
2.238769451935928023e-01
2.238769451935928023e-01
2.541938563641116811e-01
2.541938563641116811e-01
1.199999999999999956e+00
1.199999999999999956e+00
4.286481337627287558e-01
4.286481337627287558e-01
1.199999999999999956e+00
1.199999999999999956e+00
2.709885372593422159e-02
2.709885372593422159e-02
5.839880484518725212e-02
5.839880484518725212e-02
4.386489799459201457e-03
4.386489799459201457e-03
1.446326951486041068e-01
1.446326951486041068e-01
1.199999999999999956e+00
1.199999999999999956e+00
1.199999999999999956e+00
1.199999999999999956e+00
2.837846301667332760e-01
2.837846301667332760e-01
1.199999999999999956e+00
1.199999999999999956e+00
4.960681414734267880e-02
4.960681414734267880e-02
1.309607740834445033e-01
1.309607740834445033e-01
1.199999999999999956e+00
1.199999999999999956e+00
7.945812445812594493e-02
7.945812445812594493e-02
3.505577596273612984e-01
3.505577596273612984e-01
1.199999999999999956e+00
1.199999999999999956e+00
2.349648599079194600e-01
2.349648599079194600e-01
8.001109845746692470e-03
8.001109845746692470e-03
3.468371963978487682e-01
3.468371963978487682e-01
5.506941425124255440e-01
5.506941425124255440e-01
3.223285725577759164e-01
3.223285725577759164e-01
1.199999999999999956e+00
1.199999999999999956e+00
3.007988807374131213e-01
3.007988807374131213e-01
3.723715885219492372e-01
3.723715885219492372e-01
4.855001159472259187e-01
4.855001159472259187e-01
1.199999999999999956e+00
1.199999999999999956e+00
3.210698825173808890e-01
3.210698825173808890e-01
6.829945484694314173e-01
6.829945484694314173e-01
3.292047298608229422e-01
3.292047298608229422e-01
2.637621258870092578e-01
2.637621258870092578e-01
1.957055875173793202e-01
1.957055875173793202e-01
2.793244633716627234e-01
2.793244633716627234e-01
5.493630594548799539e-01
5.493630594548799539e-01
6.568164846445251337e-01
6.568164846445251337e-01
2.523569656764773628e-01
2.523569656764773628e-01
2.217341490719511032e-01
2.217341490719511032e-01
1.326416939693067509e-01
1.326416939693067509e-01
3.370017442608891356e-01
3.370017442608891356e-01
1.199999999999999956e+00
1.199999999999999956e+00
1.816048344872902287e-01
1.816048344872902287e-01
6.940359125246708949e-02
6.940359125246708949e-02
2.327335987811656737e-01
2.327335987811656737e-01
5.715072117879307356e-01
5.715072117879307356e-01
7.869340443391477091e-01
7.869340443391477091e-01
5.120545648922360249e-02
5.120545648922360249e-02
1.199999999999999956e+00
1.199999999999999956e+00
1.199999999999999956e+00
1.199999999999999956e+00
3.675430249859429899e-01
3.675430249859429899e-01
3.955178466353162503e-02
3.955178466353162503e-02
1.199999999999999956e+00
1.199999999999999956e+00
3.336539844499957219e-01
3.336539844499957219e-01
1.199999999999999956e+00
1.199999999999999956e+00
1.199999999999999956e+00
1.199999999999999956e+00
8.508723143410075462e-02
8.508723143410075462e-02
3.603874450386098105e-01
3.603874450386098105e-01
1.116879096947763633e-01
1.116879096947763633e-01
2.340745630892605567e-01
2.340745630892605567e-01
8.815190000621725419e-02
8.815190000621725419e-02
2.526269487444177120e-02
2.526269487444177120e-02
1.499585907906849924e-01
1.499585907906849924e-01
3.340917844758887756e-01
3.340917844758887756e-01
4.353809837544730249e-02
4.353809837544730249e-02
6.968382376722612737e-01
6.968382376722612737e-01
1.807319914415505546e-01
1.807319914415505546e-01
4.812136489645801873e-01
4.812136489645801873e-01
4.149349082014159307e-01
4.149349082014159307e-01
1.199999999999999956e+00
1.199999999999999956e+00
2.497621696942885564e-02
2.497621696942885564e-02
2.403252542218974330e-01
2.403252542218974330e-01
2.463336926742670241e-01
2.463336926742670241e-01
1.216835298886886768e-01
1.216835298886886768e-01
9.506819382902378934e-02
9.506819382902378934e-02
5.205138386058908440e-01
5.205138386058908440e-01
8.464562089453483984e-02
8.464562089453483984e-02
1.669540122075710842e-01
1.669540122075710842e-01
4.075422852421150544e-01
4.075422852421150544e-01
2.140780997783224837e-01
2.140780997783224837e-01
3.731771919086498412e-01
3.731771919086498412e-01
1.199999999999999956e+00
1.199999999999999956e+00
6.741180173819007193e-02
6.741180173819007193e-02
1.011801563587209518e+00
1.011801563587209518e+00
1.086249287115698681e-01
1.086249287115698681e-01
2.331186679569414721e-01
2.331186679569414721e-01
1.199999999999999956e+00
1.199999999999999956e+00
2.820047565757678454e-01
2.820047565757678454e-01
1.552068343773859160e-01
1.552068343773859160e-01
8.332067818085281408e-02
8.332067818085281408e-02
4.807189517300031745e-01
4.807189517300031745e-01
1.199999999999999956e+00
1.199999999999999956e+00
1.199999999999999956e+00
1.199999999999999956e+00
1.124765177514784054e-01
1.124765177514784054e-01
1.429214386889396671e-01
1.429214386889396671e-01
1.769693502469681656e-01
1.769693502469681656e-01
5.522414335408953878e-01
5.522414335408953878e-01
3.438475597783659937e-02
3.438475597783659937e-02
1.207813112700780178e-01
1.207813112700780178e-01
4.245083579607345642e-02
4.245083579607345642e-02
1.326387743061333280e-01
1.326387743061333280e-01
2.444666298649255110e-01
2.444666298649255110e-01
3.689124607596181993e-01
3.689124607596181993e-01
1.199999999999999956e+00
1.199999999999999956e+00
7.413754974025899003e-01
7.413754974025899003e-01
1.829531834543779434e-01
1.829531834543779434e-01
4.850385190228193033e-02
4.850385190228193033e-02
1.199999999999999956e+00
1.199999999999999956e+00
3.612252337023560411e-01
3.612252337023560411e-01
1.362775814506525240e-01
1.362775814506525240e-01
3.148141634980718973e-01
3.148141634980718973e-01
1.199999999999999956e+00
1.199999999999999956e+00
2.271807508237826123e-01
2.271807508237826123e-01
4.974180232261089518e-01
4.974180232261089518e-01
3.205896940375181359e-01
3.205896940375181359e-01
1.199999999999999956e+00
1.199999999999999956e+00
2.551278433046295091e-01
2.551278433046295091e-01
5.000722191573568898e-01
5.000722191573568898e-01
6.157588937111113658e-01
6.157588937111113658e-01
2.153089988965687374e-01
2.153089988965687374e-01
1.149058880985022735e-01
1.149058880985022735e-01
1.199999999999999956e+00
1.199999999999999956e+00
8.147672595538421603e-02
8.147672595538421603e-02
1.199999999999999956e+00
1.199999999999999956e+00
3.878960920123293299e-01
3.878960920123293299e-01
7.814420709867171411e-01
7.814420709867171411e-01
4.257636413264790365e-01
4.257636413264790365e-01
9.236705363994834883e-02
9.236705363994834883e-02
2.861765053085317256e-01
2.861765053085317256e-01
1.531101463776910615e-02
1.531101463776910615e-02
1.754365189278254966e-01
1.754365189278254966e-01
1.199999999999999956e+00
1.199999999999999956e+00
3.804884735815273200e-01
3.804884735815273200e-01
1.133988344031381240e-01
1.133988344031381240e-01
2.397003478466882553e-01
2.397003478466882553e-01
5.134796345863946732e-01
5.134796345863946732e-01
7.249546097827895552e-02
7.249546097827895552e-02
1.199999999999999956e+00
1.199999999999999956e+00
2.904141408544323455e-01
2.904141408544323455e-01
1.021508496821836726e-01
1.021508496821836726e-01
3.125443541118241159e-02
3.125443541118241159e-02
1.199999999999999956e+00
1.199999999999999956e+00
8.438604656316027741e-01
8.438604656316027741e-01
2.872728356566864316e-01
2.872728356566864316e-01
1.007293145151378772e-01
1.007293145151378772e-01
5.688578921676452904e-02
5.688578921676452904e-02
5.168162805896667766e-01
5.168162805896667766e-01
4.473721345546803618e-02
4.473721345546803618e-02
2.715354371263971611e-01
2.715354371263971611e-01
3.674246435534719163e-02
3.674246435534719163e-02
1.199999999999999956e+00
1.199999999999999956e+00
5.216199538742535280e-01
5.216199538742535280e-01
2.125045726371461718e-01
2.125045726371461718e-01
3.002174430540270889e-01
3.002174430540270889e-01
3.114892813932514937e-01
3.114892813932514937e-01
1.238490354355489542e-01
1.238490354355489542e-01
3.848816719809101117e-01
3.848816719809101117e-01
4.161946615582189368e-01
4.161946615582189368e-01
3.594634377207179821e-01
3.594634377207179821e-01
1.551471460337245090e-01
1.551471460337245090e-01
2.595214797664746609e-01
2.595214797664746609e-01
5.742683656735211861e-02
5.742683656735211861e-02
3.335833916667457766e-01
3.335833916667457766e-01
7.726672305789157313e-01
7.726672305789157313e-01
2.722039922024416803e-01
2.722039922024416803e-01
2.505135170550377155e-01
2.505135170550377155e-01
1.875414591066446035e-01
1.875414591066446035e-01
1.563493727804300681e-02
1.563493727804300681e-02
1.199999999999999956e+00
1.199999999999999956e+00
2.982778094316702877e-02
2.982778094316702877e-02
1.199999999999999956e+00
1.199999999999999956e+00
2.364029217970358698e-01
2.364029217970358698e-01
7.042236603360644276e-01
7.042236603360644276e-01
1.199999999999999956e+00
1.199999999999999956e+00
3.648019556295327703e-01
3.648019556295327703e-01
8.688689989147121984e-02
8.688689989147121984e-02
1.199999999999999956e+00
1.199999999999999956e+00
3.638172580485170005e-01
3.638172580485170005e-01
2.928029100938944196e-01
2.928029100938944196e-01
1.199999999999999956e+00
1.199999999999999956e+00
8.607832616380655111e-01
8.607832616380655111e-01
1.930760297631489708e-02
1.930760297631489708e-02
1.616758151374917407e-01
1.616758151374917407e-01
1.463417701809764659e-01
1.463417701809764659e-01
9.878394296028529808e-01
9.878394296028529808e-01
1.575625449592684413e-01
1.575625449592684413e-01
5.167765867936725543e-01
5.167765867936725543e-01
3.847520505596365575e-02
3.847520505596365575e-02
2.346504503369695738e-01
2.346504503369695738e-01
4.229556080713636063e-03
4.229556080713636063e-03
4.290734436616860936e-02
4.290734436616860936e-02
3.650138035729379865e-02
3.650138035729379865e-02
2.168631767926783582e-01
2.168631767926783582e-01
6.039081016223866172e-01
6.039081016223866172e-01
9.766404618228818890e-02
9.766404618228818890e-02
3.046038196095660761e-02
3.046038196095660761e-02
3.080166789316431952e-01
3.080166789316431952e-01
1.199999999999999956e+00
1.199999999999999956e+00
1.323843229722292125e-01
1.323843229722292125e-01
5.695139830852690155e-01
5.695139830852690155e-01
3.289628174003598193e-01
3.289628174003598193e-01
2.477231178405112366e-01
2.477231178405112366e-01
3.799798320753693393e-01
3.799798320753693393e-01
8.549154739120947699e-01
8.549154739120947699e-01
1.199999999999999956e+00
1.199999999999999956e+00
1.478326894358174826e-01
1.478326894358174826e-01
1.181013563133235522e-01
1.181013563133235522e-01
6.018453462788612984e-03
6.018453462788612984e-03
2.494903269873255738e-02
2.494903269873255738e-02
3.754927726572765412e-01
3.754927726572765412e-01
1.005252934513852781e+00
1.005252934513852781e+00
1.645500348389256351e-01
1.645500348389256351e-01
1.199999999999999956e+00
1.199999999999999956e+00
3.821338644649178717e-01
3.821338644649178717e-01
1.082191248482228252e-01
1.082191248482228252e-01
3.990537292113223167e-01
3.990537292113223167e-01
2.407037477156911687e-01
2.407037477156911687e-01
1.043955848817115957e-02
1.043955848817115957e-02
8.998419238348291313e-03
8.998419238348291313e-03
2.783101123209111294e-01
2.783101123209111294e-01
1.650460553736280214e-02
1.650460553736280214e-02
7.404059667024450730e-01
7.404059667024450730e-01
4.328795918168230061e-01
4.328795918168230061e-01
1.934574443144907452e-01
1.934574443144907452e-01
7.566942308737967249e-01
7.566942308737967249e-01
4.600336094011275336e-03
4.600336094011275336e-03
1.199999999999999956e+00
1.199999999999999956e+00
1.199999999999999956e+00
1.199999999999999956e+00
7.650951654700258731e-01
7.650951654700258731e-01
3.203618319532850478e-01
3.203618319532850478e-01
4.162683848823022226e-01
4.162683848823022226e-01
1.199999999999999956e+00
1.199999999999999956e+00
1.199999999999999956e+00
1.199999999999999956e+00
1.803146578276639267e-01
1.803146578276639267e-01
2.659075577246143851e-01
2.659075577246143851e-01
4.962669241049980084e-02
4.962669241049980084e-02
4.852595104825228045e-01
4.852595104825228045e-01
1.199999999999999956e+00
1.199999999999999956e+00
4.987846226866107791e-02
4.987846226866107791e-02
1.199999999999999956e+00
1.199999999999999956e+00
1.698871801074179899e-01
1.698871801074179899e-01
1.131096313552299587e-01
1.131096313552299587e-01
1.199999999999999956e+00
1.199999999999999956e+00
1.199999999999999956e+00
1.199999999999999956e+00
5.691451064747905797e-02
5.691451064747905797e-02
4.909966064718803702e-01
4.909966064718803702e-01
5.400893968242755916e-01
5.400893968242755916e-01
6.198289580212822808e-02
6.198289580212822808e-02
6.824465904963249174e-02
6.824465904963249174e-02
8.148958940895464909e-02
8.148958940895464909e-02
1.044057263632398452e-01
1.044057263632398452e-01
1.367458032712679239e-01
1.367458032712679239e-01
1.199999999999999956e+00
1.199999999999999956e+00
5.146301570814112436e-01
5.146301570814112436e-01
1.199999999999999956e+00
1.199999999999999956e+00
1.391025856835989560e-01
1.391025856835989560e-01
4.598893895868848003e-01
4.598893895868848003e-01
1.199999999999999956e+00
1.199999999999999956e+00
1.153225969143235885e-01
1.153225969143235885e-01
1.830440832107899443e-02
1.830440832107899443e-02
1.199999999999999956e+00
1.199999999999999956e+00
2.641625208418599269e-01
2.641625208418599269e-01
2.203064117143601827e-02
2.203064117143601827e-02
6.631691975428165298e-02
6.631691975428165298e-02
1.199999999999999956e+00
1.199999999999999956e+00
2.361395751247601441e-02
2.361395751247601441e-02
1.199999999999999956e+00
1.199999999999999956e+00
2.642371980434299883e-01
2.642371980434299883e-01
4.936087802470204844e-01
4.936087802470204844e-01
1.194294727004163205e-02
1.194294727004163205e-02
1.619479246518008009e-01
1.619479246518008009e-01
2.356078908702776420e-01
2.356078908702776420e-01
8.503579241689891433e-01
8.503579241689891433e-01
1.199999999999999956e+00
1.199999999999999956e+00
2.699986402256711049e-01
2.699986402256711049e-01
3.768214731585733945e-02
3.768214731585733945e-02
1.579644596630765674e-01
1.579644596630765674e-01
2.961042046871792954e-01
2.961042046871792954e-01
1.199999999999999956e+00
1.199999999999999956e+00
1.199999999999999956e+00
1.199999999999999956e+00
9.526784297526268153e-02
9.526784297526268153e-02
9.064893730660292248e-02
9.064893730660292248e-02
3.891215204432202923e-01
3.891215204432202923e-01
2.327279237487830388e-01
2.327279237487830388e-01
4.860446225175902857e-01
4.860446225175902857e-01
1.448771931459534035e-01
1.448771931459534035e-01
1.182043356666136191e-01
1.182043356666136191e-01
6.160812710785344981e-01
6.160812710785344981e-01
4.369278886881624024e-01
4.369278886881624024e-01
1.754722141654256051e-01
1.754722141654256051e-01
7.838458991651371666e-03
7.838458991651371666e-03
2.730630734238515545e-01
2.730630734238515545e-01
2.757251116061726348e-01
2.757251116061726348e-01
1.112374152683124617e-01
1.112374152683124617e-01
8.829140553069326769e-01
8.829140553069326769e-01
4.096756083919434466e-01
4.096756083919434466e-01
4.311172897521864389e-02
4.311172897521864389e-02
1.176351961938860990e-01
1.176351961938860990e-01
1.199999999999999956e+00
1.199999999999999956e+00
4.829003379493892467e-01
4.829003379493892467e-01
1.592523533949816439e-01
1.592523533949816439e-01
7.984163344130000839e-01
7.984163344130000839e-01
1.199999999999999956e+00
1.199999999999999956e+00
1.199999999999999956e+00
1.199999999999999956e+00
8.084459937991216316e-01
8.084459937991216316e-01
4.897218737157557067e-01
4.897218737157557067e-01
2.892887314974347812e-01
2.892887314974347812e-01
5.697134892797913741e-01
5.697134892797913741e-01
2.677371455088219387e-01
2.677371455088219387e-01
1.199999999999999956e+00
1.199999999999999956e+00
1.199999999999999956e+00
1.199999999999999956e+00
1.030546962122148857e-02
1.030546962122148857e-02
1.671427348001265981e-02
1.671427348001265981e-02
5.333194324243291096e-01
5.333194324243291096e-01
1.055181605187315574e-01
1.055181605187315574e-01
1.756919062662504749e-01
1.756919062662504749e-01
1.199999999999999956e+00
1.199999999999999956e+00
2.860234107979680584e-01
2.860234107979680584e-01
1.199999999999999956e+00
1.199999999999999956e+00
9.730023166877638241e-02
9.730023166877638241e-02
8.002303495862844729e-02
8.002303495862844729e-02
2.121476579509389004e-02
2.121476579509389004e-02
2.562249418815413793e-01
2.562249418815413793e-01
3.275227302023177300e-02
3.275227302023177300e-02
4.106115476854548807e-01
4.106115476854548807e-01
6.795009879120741947e-02
6.795009879120741947e-02
6.883613216937922719e-02
6.883613216937922719e-02
2.125394496860540938e-01
2.125394496860540938e-01
2.382884002669463652e-01
2.382884002669463652e-01
6.939259969906297343e-02
6.939259969906297343e-02
4.858934428305454190e-01
4.858934428305454190e-01
4.909095412478898801e-01
4.909095412478898801e-01
1.199999999999999956e+00
1.199999999999999956e+00
2.127940147001033955e-02
2.127940147001033955e-02
1.161290596025397054e-01
1.161290596025397054e-01
4.872765246756892432e-02
4.872765246756892432e-02
2.012945122050457947e-01
2.012945122050457947e-01
1.907678020625269144e-01
1.907678020625269144e-01
4.472274691710500377e-02
4.472274691710500377e-02
8.466624994762624035e-02
8.466624994762624035e-02
2.172599211563597688e-03
2.172599211563597688e-03
2.834963995841576212e-01
2.834963995841576212e-01
3.588212260100014372e-01
3.588212260100014372e-01
1.199999999999999956e+00
1.199999999999999956e+00
4.285790103326288514e-01
4.285790103326288514e-01
3.129135625153928735e-01
3.129135625153928735e-01
4.134457596379553235e-01
4.134457596379553235e-01
1.199999999999999956e+00
1.199999999999999956e+00
2.384418456522504892e-01
2.384418456522504892e-01
3.873825161802906675e-02
3.873825161802906675e-02
1.199999999999999956e+00
1.199999999999999956e+00
9.329198661414661586e-01
9.329198661414661586e-01
1.199999999999999956e+00
1.199999999999999956e+00
3.620792937249139865e-01
3.620792937249139865e-01
3.012907319316342480e-01
3.012907319316342480e-01
1.199999999999999956e+00
1.199999999999999956e+00
6.631601488034391534e-02
6.631601488034391534e-02
1.674008527524374623e-01
1.674008527524374623e-01
1.949925666763976939e-01
1.949925666763976939e-01
9.916172245422420761e-02
9.916172245422420761e-02
1.199999999999999956e+00
1.199999999999999956e+00
