2.329009240034354833e-01
2.329009240034354833e-01
6.195176032531954924e-01
6.195176032531954924e-01
4.746595921812606922e-01
4.746595921812606922e-01
1.734893611699336313e-01
1.734893611699336313e-01
1.199999999999999956e+00
1.199999999999999956e+00
2.359807656119542948e-02
2.359807656119542948e-02
8.961444677847443252e-01
8.961444677847443252e-01
1.199999999999999956e+00
1.199999999999999956e+00
2.143058233260680123e-01
2.143058233260680123e-01
1.199999999999999956e+00
1.199999999999999956e+00
1.199999999999999956e+00
1.199999999999999956e+00
1.199999999999999956e+00
1.199999999999999956e+00
1.199999999999999956e+00
1.199999999999999956e+00
3.226308131344715613e-01
3.226308131344715613e-01
1.199999999999999956e+00
1.199999999999999956e+00
2.343096006360932682e-02
2.343096006360932682e-02
7.430752998972338375e-02
7.430752998972338375e-02
2.985340581232422130e-02
2.985340581232422130e-02
5.451225954833636145e-01
5.451225954833636145e-01
7.405581881327304161e-02
7.405581881327304161e-02
6.299633783244905638e-01
6.299633783244905638e-01
1.199999999999999956e+00
1.199999999999999956e+00
1.805340731584151870e-01
1.805340731584151870e-01
2.138060911137528997e-01
2.138060911137528997e-01
1.199999999999999956e+00
1.199999999999999956e+00
4.416218254821111522e-01
4.416218254821111522e-01
2.481017817320697871e-02
2.481017817320697871e-02
2.465058173760932003e-01
2.465058173760932003e-01
1.190276717094615466e-01
1.190276717094615466e-01
2.068134167114263067e-01
2.068134167114263067e-01
4.281944857474920818e-01
4.281944857474920818e-01
3.937257043946040258e-01
3.937257043946040258e-01
1.199999999999999956e+00
1.199999999999999956e+00
7.177186926975075154e-02
7.177186926975075154e-02
8.013813884684130029e-01
8.013813884684130029e-01
4.351758761747684945e-01
4.351758761747684945e-01
1.042867108977961199e-01
1.042867108977961199e-01
2.603228334744495664e-01
2.603228334744495664e-01
9.344839136306660743e-01
9.344839136306660743e-01
2.907474796811585493e-01
2.907474796811585493e-01
1.199999999999999956e+00
1.199999999999999956e+00
1.199999999999999956e+00
1.199999999999999956e+00
1.226404046158889732e-01
1.226404046158889732e-01
2.760423131096595983e-01
2.760423131096595983e-01
9.816761121201184048e-02
9.816761121201184048e-02
1.199999999999999956e+00
1.199999999999999956e+00
7.028457450455107350e-03
7.028457450455107350e-03
2.891815163701869085e-01
2.891815163701869085e-01
1.113864554592605693e-01
1.113864554592605693e-01
1.199999999999999956e+00
1.199999999999999956e+00
9.218052905135055985e-02
9.218052905135055985e-02
1.199999999999999956e+00
1.199999999999999956e+00
2.429392728597334072e-01
2.429392728597334072e-01
9.286889562272618859e-01
9.286889562272618859e-01
1.253351987765413955e-01
1.253351987765413955e-01
1.199999999999999956e+00
1.199999999999999956e+00
3.090714876379878073e-01
3.090714876379878073e-01
6.066120192316936527e-02
6.066120192316936527e-02
3.881789881142850285e-01
3.881789881142850285e-01
1.199999999999999956e+00
1.199999999999999956e+00
4.234239391153567234e-02
4.234239391153567234e-02
3.053836889627468132e-01
3.053836889627468132e-01
3.080725426953062063e-01
3.080725426953062063e-01
1.199999999999999956e+00
1.199999999999999956e+00
2.831742602266567599e-01
2.831742602266567599e-01
2.170834073851579671e-02
2.170834073851579671e-02
1.199999999999999956e+00
1.199999999999999956e+00
2.719036100139490264e-01
2.719036100139490264e-01
6.261394683146375151e-01
6.261394683146375151e-01
2.472647263464512746e-01
2.472647263464512746e-01
7.040019812852853498e-01
7.040019812852853498e-01
2.041674449286987603e-01
2.041674449286987603e-01
1.199999999999999956e+00
1.199999999999999956e+00
1.199999999999999956e+00
1.199999999999999956e+00
1.033783459512115643e-01
1.033783459512115643e-01
8.570894699002476469e-02
8.570894699002476469e-02
1.199999999999999956e+00
1.199999999999999956e+00
1.199999999999999956e+00
1.199999999999999956e+00
2.891275654698317599e-01
2.891275654698317599e-01
1.224017462648743781e-01
1.224017462648743781e-01
1.199999999999999956e+00
1.199999999999999956e+00
3.814830042237189467e-01
3.814830042237189467e-01
4.845750725794977787e-01
4.845750725794977787e-01
1.644299113901578624e-01
1.644299113901578624e-01
6.786574581906974490e-01
6.786574581906974490e-01
6.805273567414836522e-02
6.805273567414836522e-02
3.662665267269348268e-01
3.662665267269348268e-01
1.199999999999999956e+00
1.199999999999999956e+00
1.199999999999999956e+00
1.199999999999999956e+00
6.313839196980354229e-01
6.313839196980354229e-01
1.199999999999999956e+00
1.199999999999999956e+00
1.522891970623442906e-02
1.522891970623442906e-02
1.878294019416238969e-01
1.878294019416238969e-01
5.851496293565983109e-02
5.851496293565983109e-02
1.654304714035768897e-01
1.654304714035768897e-01
4.872063136259930684e-03
4.872063136259930684e-03
4.199426770093714345e-01
4.199426770093714345e-01
7.765784192543509490e-02
7.765784192543509490e-02
5.735645306553153189e-01
5.735645306553153189e-01
1.199999999999999956e+00
1.199999999999999956e+00
2.145620402864364673e-01
2.145620402864364673e-01
3.034408317241457098e-01
3.034408317241457098e-01
2.226090840869207055e-01
2.226090840869207055e-01
2.381122996658823210e-01
2.381122996658823210e-01
5.179685206225176364e-01
5.179685206225176364e-01
6.569518716484402665e-01
6.569518716484402665e-01
1.199999999999999956e+00
1.199999999999999956e+00
3.435583864601426951e-01
3.435583864601426951e-01
2.832282556279570596e-01
2.832282556279570596e-01
1.620929286905080022e-02
1.620929286905080022e-02
1.621549232675849606e-01
1.621549232675849606e-01
2.294504969927291249e-01
2.294504969927291249e-01
1.199999999999999956e+00
1.199999999999999956e+00
4.825482885555192336e-01
4.825482885555192336e-01
1.886129727238855802e-01
1.886129727238855802e-01
1.199999999999999956e+00
1.199999999999999956e+00
1.199999999999999956e+00
1.199999999999999956e+00
3.848537088517214322e-01
3.848537088517214322e-01
1.199999999999999956e+00
1.199999999999999956e+00
6.919044612757951906e-01
6.919044612757951906e-01
9.871027084851052846e-02
9.871027084851052846e-02
1.925987465005403465e-01
1.925987465005403465e-01
1.199999999999999956e+00
1.199999999999999956e+00
4.534493271977144691e-01
4.534493271977144691e-01
3.422177369384089840e-02
3.422177369384089840e-02
3.385070651371944184e-01
3.385070651371944184e-01
6.409817339963270744e-01
6.409817339963270744e-01
1.548478342408776964e-01
1.548478342408776964e-01
5.005883176907424681e-02
5.005883176907424681e-02
3.783354130596964793e-01
3.783354130596964793e-01
3.301704874035539250e-01
3.301704874035539250e-01
3.520372589022878196e-01
3.520372589022878196e-01
2.873775872138135123e-01
2.873775872138135123e-01
1.199999999999999956e+00
1.199999999999999956e+00
6.508173719193456608e-02
6.508173719193456608e-02
4.260741106413256651e-01
4.260741106413256651e-01
1.550934816980617248e-01
1.550934816980617248e-01
6.144715073123897808e-02
6.144715073123897808e-02
2.674065990014914407e-01
2.674065990014914407e-01
1.199999999999999956e+00
1.199999999999999956e+00
1.377401886467333469e-01
1.377401886467333469e-01
8.206785160066688845e-02
8.206785160066688845e-02
1.416466188109724855e-01
1.416466188109724855e-01
3.547380391409697964e-01
3.547380391409697964e-01
4.245212940897328813e-01
4.245212940897328813e-01
5.394014760743435222e-01
5.394014760743435222e-01
2.503133247586962831e-02
2.503133247586962831e-02
1.199999999999999956e+00
1.199999999999999956e+00
1.491069986994012220e-01
1.491069986994012220e-01
5.121787934336899384e-02
5.121787934336899384e-02
6.634674018561510511e-01
6.634674018561510511e-01
7.778491451238808141e-01
7.778491451238808141e-01
2.401612564540615002e-01
2.401612564540615002e-01
1.199999999999999956e+00
1.199999999999999956e+00
8.223101144676592256e-02
8.223101144676592256e-02
6.860708958082265552e-01
6.860708958082265552e-01
5.678590522461121060e-01
5.678590522461121060e-01
4.737978033633055697e-01
4.737978033633055697e-01
4.768898857227863441e-01
4.768898857227863441e-01
9.836522318443589041e-01
9.836522318443589041e-01
5.844838886873988670e-01
5.844838886873988670e-01
2.999236669838249436e-01
2.999236669838249436e-01
3.036255884871787436e-01
3.036255884871787436e-01
1.278114470275345527e-01
1.278114470275345527e-01
1.199999999999999956e+00
1.199999999999999956e+00
1.199999999999999956e+00
1.199999999999999956e+00
7.232348593786691593e-01
7.232348593786691593e-01
3.314410210281227842e-01
3.314410210281227842e-01
2.357729663952005950e-01
2.357729663952005950e-01
3.935545448565350712e-01
3.935545448565350712e-01
1.199999999999999956e+00
1.199999999999999956e+00
9.405818444040507931e-01
9.405818444040507931e-01
1.199999999999999956e+00
1.199999999999999956e+00
1.199999999999999956e+00
1.199999999999999956e+00
1.199999999999999956e+00
1.199999999999999956e+00
1.199999999999999956e+00
1.199999999999999956e+00
5.382109889920950740e-01
5.382109889920950740e-01
1.612302817518881243e-02
1.612302817518881243e-02
1.199999999999999956e+00
1.199999999999999956e+00
1.185585118533717397e-01
1.185585118533717397e-01
7.436584596066702080e-01
7.436584596066702080e-01
5.309900638599414080e-01
5.309900638599414080e-01
5.747544163694195962e-01
5.747544163694195962e-01
2.887852749015907272e-01
2.887852749015907272e-01
1.479662427674524050e-01
1.479662427674524050e-01
1.272680675373870085e-01
1.272680675373870085e-01
1.422365535533998970e-01
1.422365535533998970e-01
3.261169349363603476e-01
3.261169349363603476e-01
2.352449932137505029e-01
2.352449932137505029e-01
6.252092121705599137e-01
6.252092121705599137e-01
1.199999999999999956e+00
1.199999999999999956e+00
1.199999999999999956e+00
1.199999999999999956e+00
2.703281013329981164e-01
2.703281013329981164e-01
1.115562071230009389e+00
1.115562071230009389e+00
1.199999999999999956e+00
1.199999999999999956e+00
2.672495026878384250e-01
2.672495026878384250e-01
2.202404300545338089e-01
2.202404300545338089e-01
1.155479630067700048e-01
1.155479630067700048e-01
3.781650542329760556e-02
3.781650542329760556e-02
9.050023465258647537e-01
9.050023465258647537e-01
1.199999999999999956e+00
1.199999999999999956e+00
1.199999999999999956e+00
1.199999999999999956e+00
1.556888425857382574e-01
1.556888425857382574e-01
1.509977586808201044e-01
1.509977586808201044e-01
9.328100854155796373e-01
9.328100854155796373e-01
4.150276547579653807e-01
4.150276547579653807e-01
1.199999999999999956e+00
1.199999999999999956e+00
1.199999999999999956e+00
1.199999999999999956e+00
1.199999999999999956e+00
1.199999999999999956e+00
3.053386900418636474e-01
3.053386900418636474e-01
3.425710549502053448e-01
3.425710549502053448e-01
1.199999999999999956e+00
1.199999999999999956e+00
1.199999999999999956e+00
1.199999999999999956e+00
1.199999999999999956e+00
1.199999999999999956e+00
6.664245727998943658e-02
6.664245727998943658e-02
1.353336185498300315e-01
1.353336185498300315e-01
1.199999999999999956e+00
1.199999999999999956e+00
2.992382988363402330e-01
2.992382988363402330e-01
8.400017113071478470e-02
8.400017113071478470e-02
1.199999999999999956e+00
1.199999999999999956e+00
4.216596205137948528e-01
4.216596205137948528e-01
1.092815251533257204e+00
1.092815251533257204e+00
6.467288736997762744e-01
6.467288736997762744e-01
1.190395305962348299e-01
1.190395305962348299e-01
4.113721200630569008e-01
4.113721200630569008e-01
1.544674218743776750e-01
1.544674218743776750e-01
8.007902278740109958e-01
8.007902278740109958e-01
4.625437768345864176e-01
4.625437768345864176e-01
4.554410381265936447e-01
4.554410381265936447e-01
7.313594935688665366e-01
7.313594935688665366e-01
1.199999999999999956e+00
1.199999999999999956e+00
1.964514524253535288e-01
1.964514524253535288e-01
1.199999999999999956e+00
1.199999999999999956e+00
5.618304625314246570e-01
5.618304625314246570e-01
4.457979130731470202e-02
4.457979130731470202e-02
2.027345238053341880e-01
2.027345238053341880e-01
1.199999999999999956e+00
1.199999999999999956e+00
1.380558383188908722e-01
1.380558383188908722e-01
1.199999999999999956e+00
1.199999999999999956e+00
6.926518064416138376e-01
6.926518064416138376e-01
2.203386749415739976e-01
2.203386749415739976e-01
2.377074226383247835e-01
2.377074226383247835e-01
3.757427527231175790e-01
3.757427527231175790e-01
1.199999999999999956e+00
1.199999999999999956e+00
3.703754005177309350e-02
3.703754005177309350e-02
2.675648333239048493e-01
2.675648333239048493e-01
4.240754827379278891e-01
4.240754827379278891e-01
2.944290543272347072e-01
2.944290543272347072e-01
1.668193031820252858e-01
1.668193031820252858e-01
1.199999999999999956e+00
1.199999999999999956e+00
1.638031281410023965e-01
1.638031281410023965e-01
3.251597689303501459e-01
3.251597689303501459e-01
6.890463218978630511e-02
6.890463218978630511e-02
3.675167819559609778e-02
3.675167819559609778e-02
1.292910453404388649e-01
1.292910453404388649e-01
2.233438062193703610e-01
2.233438062193703610e-01
3.288989819054133346e-01
3.288989819054133346e-01
1.199999999999999956e+00
1.199999999999999956e+00
7.057948939522251663e-01
7.057948939522251663e-01
2.470063279287095792e-01
2.470063279287095792e-01
1.199999999999999956e+00
1.199999999999999956e+00
3.858024867701792537e-02
3.858024867701792537e-02
2.484205400366052696e-01
2.484205400366052696e-01
2.198771497597834801e-01
2.198771497597834801e-01
2.481325373307639026e-01
2.481325373307639026e-01
1.199999999999999956e+00
1.199999999999999956e+00
1.319560247953548843e-02
1.319560247953548843e-02
1.868683080615926306e-01
1.868683080615926306e-01
1.325256435814839706e-01
1.325256435814839706e-01
1.413835300024367803e-01
1.413835300024367803e-01
7.416338799553809924e-01
7.416338799553809924e-01
7.939232785834390294e-01
7.939232785834390294e-01
3.853698414216127910e-02
3.853698414216127910e-02
3.687187068209433344e-02
3.687187068209433344e-02
2.708018174167529102e-01
2.708018174167529102e-01
1.199999999999999956e+00
1.199999999999999956e+00
1.199999999999999956e+00
1.199999999999999956e+00
9.330151793208729671e-01
9.330151793208729671e-01
8.731997027230764541e-02
8.731997027230764541e-02
1.199999999999999956e+00
1.199999999999999956e+00
1.199999999999999956e+00
1.199999999999999956e+00
1.199999999999999956e+00
1.199999999999999956e+00
4.208077369246897570e-01
4.208077369246897570e-01
1.199999999999999956e+00
1.199999999999999956e+00
7.241681785055741061e-02
7.241681785055741061e-02
3.385951224509215485e-01
3.385951224509215485e-01
4.268921879171116429e-01
4.268921879171116429e-01
1.199999999999999956e+00
1.199999999999999956e+00
9.487024747036804095e-02
9.487024747036804095e-02
2.853069748408889050e-01
2.853069748408889050e-01
2.033098196321067308e-01
2.033098196321067308e-01
1.199999999999999956e+00
1.199999999999999956e+00
3.601674692713910941e-01
3.601674692713910941e-01
3.127800024611374630e-01
3.127800024611374630e-01
1.602944719094238912e-01
1.602944719094238912e-01
1.199999999999999956e+00
1.199999999999999956e+00
6.481316682697955134e-01
6.481316682697955134e-01
3.741499509813694391e-01
3.741499509813694391e-01
1.323350950436318063e-01
1.323350950436318063e-01
5.759581254000173400e-01
5.759581254000173400e-01
2.615093266984802600e-01
2.615093266984802600e-01
1.199999999999999956e+00
1.199999999999999956e+00
1.199999999999999956e+00
1.199999999999999956e+00
2.297848634137487078e-01
2.297848634137487078e-01
1.199999999999999956e+00
1.199999999999999956e+00
1.198586869400681376e+00
1.198586869400681376e+00
9.180858948215944726e-02
9.180858948215944726e-02
1.633041834656234204e-01
1.633041834656234204e-01
1.199999999999999956e+00
1.199999999999999956e+00
1.796882551337842526e-01
1.796882551337842526e-01
4.446190581949924781e-01
4.446190581949924781e-01
9.388243876838103796e-02
9.388243876838103796e-02
2.820323733087135021e-02
2.820323733087135021e-02
8.189796482008238065e-02
8.189796482008238065e-02
2.706425983038111549e-01
2.706425983038111549e-01
2.828025608659799905e-01
2.828025608659799905e-01
3.436070020196881902e-01
3.436070020196881902e-01
6.045746342352326108e-01
6.045746342352326108e-01
1.602912812456859515e-01
1.602912812456859515e-01
2.749747069183323678e-01
2.749747069183323678e-01
1.199999999999999956e+00
1.199999999999999956e+00
1.199999999999999956e+00
1.199999999999999956e+00
1.207104382721209679e-01
1.207104382721209679e-01
3.418277725219519558e-01
3.418277725219519558e-01
8.828755401111071377e-02
8.828755401111071377e-02
1.199999999999999956e+00
1.199999999999999956e+00
1.199999999999999956e+00
1.199999999999999956e+00
2.605251836946051100e-02
2.605251836946051100e-02
3.303273491027793329e-01
3.303273491027793329e-01
3.372322479684318475e-02
3.372322479684318475e-02
2.595787197460654450e-01
2.595787197460654450e-01
2.216270736420343224e-01
2.216270736420343224e-01
9.508262529927724582e-02
9.508262529927724582e-02
2.991219590302268139e-01
2.991219590302268139e-01
6.937574082183498581e-01
6.937574082183498581e-01
1.433060931086075074e-01
1.433060931086075074e-01
1.199999999999999956e+00
1.199999999999999956e+00
5.165125868821507371e-01
5.165125868821507371e-01
1.718788668280918364e-01
1.718788668280918364e-01
1.199999999999999956e+00
1.199999999999999956e+00
3.923172037989497429e-01
3.923172037989497429e-01
6.727846353825865655e-02
6.727846353825865655e-02
3.173184847231567268e-02
3.173184847231567268e-02
1.529743656926966788e-01
1.529743656926966788e-01
1.199999999999999956e+00
1.199999999999999956e+00
2.259639007002856581e-01
2.259639007002856581e-01
4.194276667016157423e-01
4.194276667016157423e-01
4.576072577209197023e-01
4.576072577209197023e-01
3.527043600297182641e-02
3.527043600297182641e-02
1.199999999999999956e+00
1.199999999999999956e+00
1.199999999999999956e+00
1.199999999999999956e+00
1.199999999999999956e+00
1.199999999999999956e+00
1.199999999999999956e+00
1.199999999999999956e+00
7.244227620329800332e-02
7.244227620329800332e-02
3.852753418672847374e-01
3.852753418672847374e-01
5.043973376080804899e-02
5.043973376080804899e-02
2.042772657237306722e-01
2.042772657237306722e-01
8.045760482488427678e-01
8.045760482488427678e-01
5.589611574869312038e-01
5.589611574869312038e-01
1.199999999999999956e+00
1.199999999999999956e+00
7.415167929182181483e-02
7.415167929182181483e-02
4.489329215371963833e-01
4.489329215371963833e-01
5.681405139182230668e-01
5.681405139182230668e-01
6.445579581555844761e-01
6.445579581555844761e-01
5.894680850731266915e-03
5.894680850731266915e-03
2.653493180134735563e-01
2.653493180134735563e-01
8.791730073179099270e-02
8.791730073179099270e-02
3.190610959409598268e-01
3.190610959409598268e-01
1.765817225954232628e-01
1.765817225954232628e-01
3.758065244562930340e-01
3.758065244562930340e-01
1.199999999999999956e+00
1.199999999999999956e+00
2.438399924965640175e-01
2.438399924965640175e-01
5.641635623062229987e-01
5.641635623062229987e-01
1.155538165840164777e-01
1.155538165840164777e-01
1.199999999999999956e+00
1.199999999999999956e+00
5.516023481301669529e-01
5.516023481301669529e-01
1.199999999999999956e+00
1.199999999999999956e+00
4.369460109343668019e-01
4.369460109343668019e-01
1.203082666655897609e-01
1.203082666655897609e-01
5.110272658730428269e-02
5.110272658730428269e-02
2.962723210585893260e-02
2.962723210585893260e-02
1.199999999999999956e+00
1.199999999999999956e+00
7.589360586279009224e-01
7.589360586279009224e-01
1.199999999999999956e+00
1.199999999999999956e+00
2.585480949092192060e-01
2.585480949092192060e-01
1.162003632315925294e+00
1.162003632315925294e+00
5.118215687320809559e-01
5.118215687320809559e-01
6.902444280072321803e-01
6.902444280072321803e-01
1.199999999999999956e+00
1.199999999999999956e+00
1.696169499948315881e-02
1.696169499948315881e-02
2.445247571278039711e-01
2.445247571278039711e-01
4.678438890434547526e-01
4.678438890434547526e-01
8.738385283022437333e-01
8.738385283022437333e-01
1.192738822836492824e-01
1.192738822836492824e-01
1.199999999999999956e+00
1.199999999999999956e+00
1.199999999999999956e+00
1.199999999999999956e+00
2.830741137252932860e-01
2.830741137252932860e-01
1.062454559284878863e-01
1.062454559284878863e-01
3.098253978705544642e-01
3.098253978705544642e-01
1.199999999999999956e+00
1.199999999999999956e+00
1.567424066036615313e-02
1.567424066036615313e-02
1.916784332719770889e-01
1.916784332719770889e-01
2.039030023040727113e-01
2.039030023040727113e-01
2.579232886678220482e-01
2.579232886678220482e-01
3.072437109186130361e-02
3.072437109186130361e-02
3.206468196881966104e-02
3.206468196881966104e-02
2.662470252489501643e-01
2.662470252489501643e-01
1.220646046583707608e-02
1.220646046583707608e-02
3.029476869795267868e-01
3.029476869795267868e-01
1.547226490564007351e-01
1.547226490564007351e-01
1.199999999999999956e+00
1.199999999999999956e+00
3.014307670345376389e-01
3.014307670345376389e-01
8.428744653992988056e-02
8.428744653992988056e-02
3.056506909906458458e-01
3.056506909906458458e-01
1.648211003984729750e-01
1.648211003984729750e-01
1.156397702598025296e-01
1.156397702598025296e-01
1.199999999999999956e+00
1.199999999999999956e+00
4.868582420632641336e-03
4.868582420632641336e-03
2.340019812339434735e-01
2.340019812339434735e-01
6.958412031569820577e-01
6.958412031569820577e-01
3.165880422894395418e-01
3.165880422894395418e-01
1.793926197525631538e-01
1.793926197525631538e-01
3.930883445257192244e-01
3.930883445257192244e-01
2.809052376911262416e-01
2.809052376911262416e-01
1.199999999999999956e+00
1.199999999999999956e+00
3.483081759663727434e-02
3.483081759663727434e-02
2.458654602919726762e-01
2.458654602919726762e-01
9.757177068174657797e-02
9.757177068174657797e-02
3.978481656127830224e-01
3.978481656127830224e-01
5.613964097543531206e-01
5.613964097543531206e-01
5.103291836436112811e-02
5.103291836436112811e-02
1.199999999999999956e+00
1.199999999999999956e+00
8.994790726935788377e-03
8.994790726935788377e-03
1.350269777344242916e-01
1.350269777344242916e-01
2.147843476674696772e-01
2.147843476674696772e-01
3.214623727981253953e-01
3.214623727981253953e-01
1.543183440704620490e-01
1.543183440704620490e-01
5.518430891681820605e-02
5.518430891681820605e-02
1.199999999999999956e+00
1.199999999999999956e+00
3.751833969118628653e-02
3.751833969118628653e-02
7.026944815195486360e-02
7.026944815195486360e-02
2.664854469370787904e-02
2.664854469370787904e-02
3.531506134409425068e-01
3.531506134409425068e-01
1.199999999999999956e+00
1.199999999999999956e+00
1.199999999999999956e+00
1.199999999999999956e+00
1.746660185256750930e-01
1.746660185256750930e-01
4.548626735039033031e-01
4.548626735039033031e-01
5.297137423017110880e-01
5.297137423017110880e-01
1.904025026247614383e-01
1.904025026247614383e-01
1.199999999999999956e+00
1.199999999999999956e+00
5.348281089240939368e-01
5.348281089240939368e-01
8.094046703986833291e-02
8.094046703986833291e-02
3.239056197016512012e-02
3.239056197016512012e-02
1.199999999999999956e+00
1.199999999999999956e+00
1.199999999999999956e+00
1.199999999999999956e+00
5.015250283379727447e-01
5.015250283379727447e-01
3.935018666710581314e-01
3.935018666710581314e-01
1.199999999999999956e+00
1.199999999999999956e+00
4.433398058263368080e-01
4.433398058263368080e-01
1.199999999999999956e+00
1.199999999999999956e+00
1.704128511819491265e-01
1.704128511819491265e-01
1.199999999999999956e+00
1.199999999999999956e+00
3.197872539928721114e-01
3.197872539928721114e-01
4.114546405074023250e-01
4.114546405074023250e-01
1.199999999999999956e+00
1.199999999999999956e+00
3.863794739315289384e-01
3.863794739315289384e-01
4.838899029239614874e-02
4.838899029239614874e-02
3.766916639768841391e-01
3.766916639768841391e-01
4.635370280223561484e-02
4.635370280223561484e-02
1.199999999999999956e+00
1.199999999999999956e+00
1.614180705140922101e-01
1.614180705140922101e-01
4.609613055902714862e-01
4.609613055902714862e-01
1.199999999999999956e+00
1.199999999999999956e+00
1.728563241255017258e-01
1.728563241255017258e-01
1.434057267818620862e-01
1.434057267818620862e-01
8.415386940020336271e-02
8.415386940020336271e-02
5.634424882818607483e-02
5.634424882818607483e-02
4.717027284291263611e-01
4.717027284291263611e-01
1.672368906122531917e-01
1.672368906122531917e-01
1.018785152617343703e+00
1.018785152617343703e+00
2.530849121301594340e-01
2.530849121301594340e-01
4.929077695076897192e-01
4.929077695076897192e-01
4.261645206952374143e-01
4.261645206952374143e-01
4.675465220570081404e-01
4.675465220570081404e-01
4.326559944493977294e-01
4.326559944493977294e-01
3.077483435952921287e-01
3.077483435952921287e-01
9.990814263734798528e-02
9.990814263734798528e-02
1.047007190146752170e-01
1.047007190146752170e-01
4.432446184280167123e-01
4.432446184280167123e-01
1.199999999999999956e+00
1.199999999999999956e+00
2.515581752301185303e-01
2.515581752301185303e-01
2.247511255025287091e-01
2.247511255025287091e-01
8.796574915059270916e-01
8.796574915059270916e-01
9.514566556665262631e-01
9.514566556665262631e-01
3.401400250243917789e-01
3.401400250243917789e-01
1.199999999999999956e+00
1.199999999999999956e+00
7.501845918790879253e-01
7.501845918790879253e-01
1.199999999999999956e+00
1.199999999999999956e+00
4.321196398557871632e-01
4.321196398557871632e-01
1.135553604635233249e-01
1.135553604635233249e-01
7.290540571009800352e-01
7.290540571009800352e-01
1.771332778570856303e-01
1.771332778570856303e-01
1.248553845207899110e-01
1.248553845207899110e-01
1.199999999999999956e+00
1.199999999999999956e+00
1.199999999999999956e+00
1.199999999999999956e+00
1.199999999999999956e+00
1.199999999999999956e+00
4.238762145754952915e-01
4.238762145754952915e-01
1.282692857210004644e-01
1.282692857210004644e-01
7.603507707002742089e-02
7.603507707002742089e-02
8.353760825251523026e-02
8.353760825251523026e-02
2.272646123103649884e-01
2.272646123103649884e-01
7.193909765534932388e-03
7.193909765534932388e-03
1.199999999999999956e+00
1.199999999999999956e+00
1.946498718328529831e-01
1.946498718328529831e-01
1.014858454767655349e-01
1.014858454767655349e-01
1.274271422653945607e-01
1.274271422653945607e-01
6.777991265107518037e-01
6.777991265107518037e-01
3.128225721915027235e-01
3.128225721915027235e-01
2.601010223053470613e-02
2.601010223053470613e-02
1.199999999999999956e+00
1.199999999999999956e+00
4.084092371083346551e-01
4.084092371083346551e-01
2.295338637489388600e-01
2.295338637489388600e-01
3.896746992008990329e-01
3.896746992008990329e-01
1.588288813798482690e-01
1.588288813798482690e-01
5.094687516554170514e-01
5.094687516554170514e-01
5.907248044605432069e-01
5.907248044605432069e-01
7.731076065449875578e-01
7.731076065449875578e-01
2.825264634879037437e-02
2.825264634879037437e-02
5.686460359701238643e-01
5.686460359701238643e-01
1.520623744022379098e-01
1.520623744022379098e-01
1.199999999999999956e+00
1.199999999999999956e+00
2.893465738054147932e-02
2.893465738054147932e-02
1.924946869265481419e-01
1.924946869265481419e-01
3.357558497788004082e-01
3.357558497788004082e-01
6.244187618563165620e-02
6.244187618563165620e-02
3.430548164536871281e-01
3.430548164536871281e-01
3.493833132024013466e-01
3.493833132024013466e-01
2.532544774615021477e-01
2.532544774615021477e-01
3.909872415367203202e-01
3.909872415367203202e-01
6.357146266039652716e-01
6.357146266039652716e-01
1.199999999999999956e+00
1.199999999999999956e+00
2.444415167702903083e-02
2.444415167702903083e-02
1.957250293772802019e-01
1.957250293772802019e-01
3.766498384800620602e-01
3.766498384800620602e-01
1.199999999999999956e+00
1.199999999999999956e+00
1.199999999999999956e+00
1.199999999999999956e+00
4.153360751082211810e-01
4.153360751082211810e-01
1.199999999999999956e+00
1.199999999999999956e+00
4.424517515983214522e-02
4.424517515983214522e-02
5.394501652602481934e-03
5.394501652602481934e-03
1.199999999999999956e+00
1.199999999999999956e+00
6.882815468238354106e-02
6.882815468238354106e-02
2.732684491925502779e-01
2.732684491925502779e-01
4.171471193822744450e-01
4.171471193822744450e-01
1.199999999999999956e+00
1.199999999999999956e+00
3.271172381442262189e-01
3.271172381442262189e-01
5.133245492466859128e-01
5.133245492466859128e-01
2.227682942757872597e-01
2.227682942757872597e-01
8.965698770978373089e-01
8.965698770978373089e-01
2.739519599701735753e-01
2.739519599701735753e-01
3.416067326471905474e-01
3.416067326471905474e-01
7.752650155704992052e-01
7.752650155704992052e-01
1.225935424023929077e+00
1.225935424023929077e+00
1.240753637896119532e-01
1.240753637896119532e-01
8.465904249733183229e-02
8.465904249733183229e-02
4.056924000678820974e-01
4.056924000678820974e-01
1.664990559281045168e-01
1.664990559281045168e-01
8.307876668850046054e-01
8.307876668850046054e-01
5.413287954401099084e-03
5.413287954401099084e-03
3.705371427783549776e-01
3.705371427783549776e-01
2.219803430529476429e-01
2.219803430529476429e-01
6.173788524599767014e-01
6.173788524599767014e-01
3.128027558251660900e-01
3.128027558251660900e-01
8.316071285816056813e-02
8.316071285816056813e-02
2.725070486322254126e-01
2.725070486322254126e-01
3.166564188315568740e-01
3.166564188315568740e-01
7.432902800149888967e-02
7.432902800149888967e-02
2.363434386167277690e-01
2.363434386167277690e-01
5.230929622272829649e-01
5.230929622272829649e-01
7.794441822903835915e-02
7.794441822903835915e-02
2.394725946646850678e-01
2.394725946646850678e-01
2.655517296252633830e-02
2.655517296252633830e-02
5.374141771002688417e-02
5.374141771002688417e-02
4.764441004205149932e-01
4.764441004205149932e-01
1.199999999999999956e+00
1.199999999999999956e+00
1.199999999999999956e+00
1.199999999999999956e+00
1.199999999999999956e+00
1.199999999999999956e+00
1.605722634551409733e-01
1.605722634551409733e-01
3.437508690431292230e-02
3.437508690431292230e-02
7.519917400634416049e-01
7.519917400634416049e-01
1.000374843672487968e-01
1.000374843672487968e-01
4.178390412065538517e-01
4.178390412065538517e-01
3.024187776694943763e-01
3.024187776694943763e-01
2.124282192112258993e-01
2.124282192112258993e-01
8.329402430720514450e-02
8.329402430720514450e-02
7.487453426940244849e-01
7.487453426940244849e-01
1.199999999999999956e+00
1.199999999999999956e+00
8.175213087330830408e-01
8.175213087330830408e-01
4.353698978716374207e-02
4.353698978716374207e-02
4.612522617366283106e-01
4.612522617366283106e-01
5.895389960591385092e-01
5.895389960591385092e-01
4.394526025675180719e-02
4.394526025675180719e-02
1.724448857234175958e-02
1.724448857234175958e-02
1.280644641422102048e-01
1.280644641422102048e-01
1.199999999999999956e+00
1.199999999999999956e+00
3.018729191491038577e-01
3.018729191491038577e-01
2.357571932836116657e-01
2.357571932836116657e-01
1.588241339835172461e-01
1.588241339835172461e-01
3.037685592952710789e-01
3.037685592952710789e-01
6.166104027087437878e-01
6.166104027087437878e-01
9.083256666533714441e-01
9.083256666533714441e-01
1.199999999999999956e+00
1.199999999999999956e+00
5.154511068195699597e-01
5.154511068195699597e-01
2.403373749135863380e-01
2.403373749135863380e-01
7.682548946197815809e-01
7.682548946197815809e-01
5.222504849768107027e-01
5.222504849768107027e-01
1.199999999999999956e+00
1.199999999999999956e+00
3.216776408288614386e-02
3.216776408288614386e-02
1.199999999999999956e+00
1.199999999999999956e+00
1.199999999999999956e+00
1.199999999999999956e+00
2.185762486831816787e-01
2.185762486831816787e-01
3.189154587834884813e-01
3.189154587834884813e-01
2.365164686269486394e-01
2.365164686269486394e-01
1.593460517262654252e-01
1.593460517262654252e-01
1.199999999999999956e+00
1.199999999999999956e+00
1.199999999999999956e+00
1.199999999999999956e+00
8.878402873478764556e-01
8.878402873478764556e-01
4.471284976175976533e-01
4.471284976175976533e-01
1.058199433721049298e-01
1.058199433721049298e-01
6.473933924777958149e-02
6.473933924777958149e-02
4.295824390852774899e-01
4.295824390852774899e-01
4.077962145002145822e-01
4.077962145002145822e-01
1.797150309867675266e-01
1.797150309867675266e-01
1.199999999999999956e+00
1.199999999999999956e+00
2.397432845127435430e-02
2.397432845127435430e-02
2.531293319163415156e-01
2.531293319163415156e-01
1.350854993661537717e-01
1.350854993661537717e-01
4.805275043904870813e-01
4.805275043904870813e-01
8.835354956991681163e-02
8.835354956991681163e-02
3.589345908060743717e-01
3.589345908060743717e-01
2.525181883545131456e-02
2.525181883545131456e-02
8.964121606055763802e-02
8.964121606055763802e-02
7.632925890485375842e-02
7.632925890485375842e-02
1.200406831174712780e-01
1.200406831174712780e-01
8.697446369265275645e-02
8.697446369265275645e-02
3.845853329044695013e-01
3.845853329044695013e-01
3.124827963620210314e-01
3.124827963620210314e-01
8.744698115074181488e-02
8.744698115074181488e-02
3.012920949037601881e-01
3.012920949037601881e-01
1.888381298067136616e-01
1.888381298067136616e-01
1.655326062949094845e-01
1.655326062949094845e-01
7.158575957669386369e-01
7.158575957669386369e-01
1.199999999999999956e+00
1.199999999999999956e+00
7.136686815448503030e-01
7.136686815448503030e-01
2.720551994560036491e-01
2.720551994560036491e-01
4.404843110150287178e-01
4.404843110150287178e-01
1.052271511339104793e+00
1.052271511339104793e+00
1.199999999999999956e+00
1.199999999999999956e+00
1.858150554688494174e-02
1.858150554688494174e-02
6.806319657047286142e-01
6.806319657047286142e-01
1.022011264916016238e-01
1.022011264916016238e-01
3.829767098125716474e-01
3.829767098125716474e-01
5.779414875189028966e-02
5.779414875189028966e-02
3.085618232385017867e-01
3.085618232385017867e-01
1.062963548254463042e-01
1.062963548254463042e-01
4.082210201405470085e-01
4.082210201405470085e-01
5.134604306167549481e-01
5.134604306167549481e-01
8.996854475563927089e-03
8.996854475563927089e-03
1.138443139521856384e-01
1.138443139521856384e-01
5.585912883961795528e-01
5.585912883961795528e-01
2.020266071811603892e-01
2.020266071811603892e-01
1.199999999999999956e+00
1.199999999999999956e+00
2.783693397076176801e-01
2.783693397076176801e-01
9.362229957568781735e-01
9.362229957568781735e-01
5.940032017826384347e-01
5.940032017826384347e-01
1.666350311269760576e-01
1.666350311269760576e-01
2.069034268639304008e-02
2.069034268639304008e-02
3.787416230336007050e-01
3.787416230336007050e-01
3.122344271442474839e-01
3.122344271442474839e-01
3.295695941426632913e-01
3.295695941426632913e-01
3.820550462580802331e-01
3.820550462580802331e-01
4.882100885222899478e-02
4.882100885222899478e-02
3.469429761175532589e-01
3.469429761175532589e-01
3.884943271163790457e-02
3.884943271163790457e-02
1.199999999999999956e+00
1.199999999999999956e+00
3.260811444941020820e-01
3.260811444941020820e-01
1.328969628554197702e-01
1.328969628554197702e-01
8.473128662731529426e-01
8.473128662731529426e-01
1.387399632963270124e-01
1.387399632963270124e-01
1.199999999999999956e+00
1.199999999999999956e+00
2.350646115053151367e-02
2.350646115053151367e-02
1.721135463866135806e-01
1.721135463866135806e-01
1.380149520488971326e-01
1.380149520488971326e-01
7.470185781283721071e-02
7.470185781283721071e-02
8.023041525291246812e-02
8.023041525291246812e-02
5.438665769389588317e-02
5.438665769389588317e-02
3.958903245267037518e-01
3.958903245267037518e-01
9.967905957410416740e-01
9.967905957410416740e-01
1.886468878817213479e-01
1.886468878817213479e-01
1.199999999999999956e+00
1.199999999999999956e+00
3.199226564486354896e-01
3.199226564486354896e-01
1.001924474157695052e-03
1.001924474157695052e-03
9.083903387267078244e-02
9.083903387267078244e-02
2.189855340734330191e-01
2.189855340734330191e-01
6.310424220765953329e-02
6.310424220765953329e-02
