3.826589740653336125e-01
3.826589740653336125e-01
1.821828312372423264e-01
1.821828312372423264e-01
2.095211150987262294e-01
2.095211150987262294e-01
7.452165184898082440e-02
7.452165184898082440e-02
2.410690260593363610e-01
2.410690260593363610e-01
4.209092780617307988e-02
4.209092780617307988e-02
4.990286635877079491e-02
4.990286635877079491e-02
2.668544490586515772e-01
2.668544490586515772e-01
1.757165333613000258e-01
1.757165333613000258e-01
6.685084383052251888e-02
6.685084383052251888e-02
7.405270515065114079e-02
7.405270515065114079e-02
4.962815745784121546e-01
4.962815745784121546e-01
2.368205656255140124e-01
2.368205656255140124e-01
2.927919011425081375e-01
2.927919011425081375e-01
4.456055555989987815e-02
4.456055555989987815e-02
1.122038636148647017e-01
1.122038636148647017e-01
1.199999999999999956e+00
1.199999999999999956e+00
7.486069542889175477e-01
7.486069542889175477e-01
5.326678645744186147e-01
5.326678645744186147e-01
1.199999999999999956e+00
1.199999999999999956e+00
1.199999999999999956e+00
1.199999999999999956e+00
1.199999999999999956e+00
1.199999999999999956e+00
5.313947346616210154e-02
5.313947346616210154e-02
9.837825168947002263e-02
9.837825168947002263e-02
1.899901736562884247e-01
1.899901736562884247e-01
1.199999999999999956e+00
1.199999999999999956e+00
1.199999999999999956e+00
1.199999999999999956e+00
3.837744827656139335e-01
3.837744827656139335e-01
1.199999999999999956e+00
1.199999999999999956e+00
1.644105003084454786e-01
1.644105003084454786e-01
6.973417982125927617e-02
6.973417982125927617e-02
4.251954296347983941e-01
4.251954296347983941e-01
7.470590559481261883e-02
7.470590559481261883e-02
5.786086666528823808e-02
5.786086666528823808e-02
2.314010684711023669e-01
2.314010684711023669e-01
1.199999999999999956e+00
1.199999999999999956e+00
5.314220208867184714e-02
5.314220208867184714e-02
5.554320256050463422e-01
5.554320256050463422e-01
6.529038099264379558e-02
6.529038099264379558e-02
1.095414266368958389e-01
1.095414266368958389e-01
1.805040222767368696e-01
1.805040222767368696e-01
1.199999999999999956e+00
1.199999999999999956e+00
4.113186014687444936e-01
4.113186014687444936e-01
2.617879925072910119e-01
2.617879925072910119e-01
1.176896247371151394e-01
1.176896247371151394e-01
1.559587253023827502e-01
1.559587253023827502e-01
5.906103391479516213e-02
5.906103391479516213e-02
1.124987778170540020e-01
1.124987778170540020e-01
8.515398663257093270e-01
8.515398663257093270e-01
1.199999999999999956e+00
1.199999999999999956e+00
1.199999999999999956e+00
1.199999999999999956e+00
3.376742698036908630e-01
3.376742698036908630e-01
1.199999999999999956e+00
1.199999999999999956e+00
4.503862599293419477e-01
4.503862599293419477e-01
2.084264272616811187e-01
2.084264272616811187e-01
1.199999999999999956e+00
1.199999999999999956e+00
2.989422817138828736e-01
2.989422817138828736e-01
1.763005337403580342e-01
1.763005337403580342e-01
5.206333090657152551e-01
5.206333090657152551e-01
2.081158334469951354e-01
2.081158334469951354e-01
8.299159158658420132e-02
8.299159158658420132e-02
3.163407181458357392e-02
3.163407181458357392e-02
3.547106211617481186e-01
3.547106211617481186e-01
4.697375870259893893e-01
4.697375870259893893e-01
1.199999999999999956e+00
1.199999999999999956e+00
1.199999999999999956e+00
1.199999999999999956e+00
5.232819847050321771e-01
5.232819847050321771e-01
4.244971183170578310e-01
4.244971183170578310e-01
5.042557222185870547e-01
5.042557222185870547e-01
3.021331143473417469e-01
3.021331143473417469e-01
3.349720526925577535e-01
3.349720526925577535e-01
2.004142223684620694e-01
2.004142223684620694e-01
3.543251176882966647e-01
3.543251176882966647e-01
2.162351312377442936e-01
2.162351312377442936e-01
4.037870928707031348e-01
4.037870928707031348e-01
7.475882952808462489e-01
7.475882952808462489e-01
2.110687454307477451e-01
2.110687454307477451e-01
1.199999999999999956e+00
1.199999999999999956e+00
1.199999999999999956e+00
1.199999999999999956e+00
1.199999999999999956e+00
1.199999999999999956e+00
1.148399739585556634e-01
1.148399739585556634e-01
2.248706216719957851e-01
2.248706216719957851e-01
6.053068487399554387e-01
6.053068487399554387e-01
6.636065581373640221e-02
6.636065581373640221e-02
1.525082124797185745e-01
1.525082124797185745e-01
1.039911389232734962e-01
1.039911389232734962e-01
1.108097882026514158e-01
1.108097882026514158e-01
4.758127065204150741e-01
4.758127065204150741e-01
4.245812186370790942e-01
4.245812186370790942e-01
6.639108839874323653e-01
6.639108839874323653e-01
1.199999999999999956e+00
1.199999999999999956e+00
1.199999999999999956e+00
1.199999999999999956e+00
2.709227790711277173e-01
2.709227790711277173e-01
1.421685136239736191e-01
1.421685136239736191e-01
1.548276246587048099e-01
1.548276246587048099e-01
1.490120448099175599e-01
1.490120448099175599e-01
9.454787545115295178e-02
9.454787545115295178e-02
1.199999999999999956e+00
1.199999999999999956e+00
7.658057653394622077e-01
7.658057653394622077e-01
6.936357308672551347e-02
6.936357308672551347e-02
1.199999999999999956e+00
1.199999999999999956e+00
3.054421965383828739e-03
3.054421965383828739e-03
1.215797228599577590e-01
1.215797228599577590e-01
2.386476532354436797e-01
2.386476532354436797e-01
4.242040787289756004e-02
4.242040787289756004e-02
3.518125545912778041e-01
3.518125545912778041e-01
2.906525700843229365e-01
2.906525700843229365e-01
8.270637594285876193e-02
8.270637594285876193e-02
3.659002546715452997e-01
3.659002546715452997e-01
1.199999999999999956e+00
1.199999999999999956e+00
1.199999999999999956e+00
1.199999999999999956e+00
1.331835582152323672e-01
1.331835582152323672e-01
3.446548044486221762e-01
3.446548044486221762e-01
1.199999999999999956e+00
1.199999999999999956e+00
1.299474892461343900e-01
1.299474892461343900e-01
4.512263489745367284e-01
4.512263489745367284e-01
1.199999999999999956e+00
1.199999999999999956e+00
3.844367471553074012e-01
3.844367471553074012e-01
5.316552535070544899e-02
5.316552535070544899e-02
1.199999999999999956e+00
1.199999999999999956e+00
1.199999999999999956e+00
1.199999999999999956e+00
3.180227230405919259e-01
3.180227230405919259e-01
1.199999999999999956e+00
1.199999999999999956e+00
1.199999999999999956e+00
1.199999999999999956e+00
1.439141354061253264e-01
1.439141354061253264e-01
4.544335719502388682e-01
4.544335719502388682e-01
1.825280581620069009e-01
1.825280581620069009e-01
1.199999999999999956e+00
1.199999999999999956e+00
6.178010112645364663e-03
6.178010112645364663e-03
7.153914762599888899e-02
7.153914762599888899e-02
5.322499862912896118e-01
5.322499862912896118e-01
1.594133619237099175e-01
1.594133619237099175e-01
3.646276087986260461e-01
3.646276087986260461e-01
1.637607168896685894e-01
1.637607168896685894e-01
5.290379400778743024e-01
5.290379400778743024e-01
8.741901449225726317e-01
8.741901449225726317e-01
5.574726565955537283e-02
5.574726565955537283e-02
1.199999999999999956e+00
1.199999999999999956e+00
3.719120879539918878e-01
3.719120879539918878e-01
1.335849348173881179e-01
1.335849348173881179e-01
1.622946627313192058e-01
1.622946627313192058e-01
2.246623512675711420e-01
2.246623512675711420e-01
6.291657325962676239e-01
6.291657325962676239e-01
7.423605904341394890e-01
7.423605904341394890e-01
1.389151094918140983e-02
1.389151094918140983e-02
1.426692031053029275e-01
1.426692031053029275e-01
1.199999999999999956e+00
1.199999999999999956e+00
1.199999999999999956e+00
1.199999999999999956e+00
1.989749105769468007e-01
1.989749105769468007e-01
8.794220209190831139e-02
8.794220209190831139e-02
6.750175659446890075e-02
6.750175659446890075e-02
1.433956719213209385e-01
1.433956719213209385e-01
1.199999999999999956e+00
1.199999999999999956e+00
2.315380794567211131e-01
2.315380794567211131e-01
2.265415875921377165e-01
2.265415875921377165e-01
5.577087440343815317e-01
5.577087440343815317e-01
1.221045326608278733e-02
1.221045326608278733e-02
7.939960045110576459e-02
7.939960045110576459e-02
2.970211648127850101e-01
2.970211648127850101e-01
7.844436604199830354e-01
7.844436604199830354e-01
5.329052712948021409e-01
5.329052712948021409e-01
1.897900845082188814e-01
1.897900845082188814e-01
2.868375619954798839e-01
2.868375619954798839e-01
4.491304370546516100e-01
4.491304370546516100e-01
9.898347919211938906e-02
9.898347919211938906e-02
5.448045432560356671e-01
5.448045432560356671e-01
7.466641686071030515e-01
7.466641686071030515e-01
3.815775231091012021e-01
3.815775231091012021e-01
1.199999999999999956e+00
1.199999999999999956e+00
5.055180384837724139e-01
5.055180384837724139e-01
1.199999999999999956e+00
1.199999999999999956e+00
5.639977910704055408e-02
5.639977910704055408e-02
1.199999999999999956e+00
1.199999999999999956e+00
5.325617274027865111e-01
5.325617274027865111e-01
3.227026506619655732e-01
3.227026506619655732e-01
1.199999999999999956e+00
1.199999999999999956e+00
4.182496919719267403e-01
4.182496919719267403e-01
3.720989014212500168e-01
3.720989014212500168e-01
4.723818323750216819e-01
4.723818323750216819e-01
2.410319313793168328e-01
2.410319313793168328e-01
5.251529853008841675e-01
5.251529853008841675e-01
3.620505115007519592e-01
3.620505115007519592e-01
2.591420859980837765e-02
2.591420859980837765e-02
1.133362627575218023e-01
1.133362627575218023e-01
4.866022501851290372e-01
4.866022501851290372e-01
6.367007084767496439e-01
6.367007084767496439e-01
1.199999999999999956e+00
1.199999999999999956e+00
1.199999999999999956e+00
1.199999999999999956e+00
2.295654806981430873e-01
2.295654806981430873e-01
3.749762414616168993e-01
3.749762414616168993e-01
1.199999999999999956e+00
1.199999999999999956e+00
4.482100575965739520e-01
4.482100575965739520e-01
5.072573913000205659e-01
5.072573913000205659e-01
7.017506460578381011e-01
7.017506460578381011e-01
2.120936785228969557e-01
2.120936785228969557e-01
1.405555181048555591e-01
1.405555181048555591e-01
1.199999999999999956e+00
1.199999999999999956e+00
1.199999999999999956e+00
1.199999999999999956e+00
2.803594793171304209e-02
2.803594793171304209e-02
9.045790448298834940e-02
9.045790448298834940e-02
4.786787194311813431e-01
4.786787194311813431e-01
1.731637265628447053e-01
1.731637265628447053e-01
2.940052945707293253e-01
2.940052945707293253e-01
9.611989314961756348e-01
9.611989314961756348e-01
5.131835993789474193e-01
5.131835993789474193e-01
8.180575959514497786e-01
8.180575959514497786e-01
4.499780560803844781e-02
4.499780560803844781e-02
1.199999999999999956e+00
1.199999999999999956e+00
7.368351769153654376e-03
7.368351769153654376e-03
1.199999999999999956e+00
1.199999999999999956e+00
1.199999999999999956e+00
1.199999999999999956e+00
1.199999999999999956e+00
1.199999999999999956e+00
1.458959070190070650e-01
1.458959070190070650e-01
1.921372253934979235e-01
1.921372253934979235e-01
8.059878965983401367e-01
8.059878965983401367e-01
6.480224021828163705e-01
6.480224021828163705e-01
5.750458764183123961e-01
5.750458764183123961e-01
1.523022575263655032e-01
1.523022575263655032e-01
1.199999999999999956e+00
1.199999999999999956e+00
2.410103046087181677e-01
2.410103046087181677e-01
1.235553017243182367e-01
1.235553017243182367e-01
4.524401429750282005e-02
4.524401429750282005e-02
3.025109717341037396e-01
3.025109717341037396e-01
4.103031728448629928e-02
4.103031728448629928e-02
1.937640425641656838e-02
1.937640425641656838e-02
1.199999999999999956e+00
1.199999999999999956e+00
7.066220525992814028e-02
7.066220525992814028e-02
4.112902346472013804e-01
4.112902346472013804e-01
1.067627739508332091e-01
1.067627739508332091e-01
6.965100452844637247e-02
6.965100452844637247e-02
1.678851222941764587e-01
1.678851222941764587e-01
1.199999999999999956e+00
1.199999999999999956e+00
1.199999999999999956e+00
1.199999999999999956e+00
2.794066908771881130e-01
2.794066908771881130e-01
7.844699846427370671e-02
7.844699846427370671e-02
1.199999999999999956e+00
1.199999999999999956e+00
1.080717023142111349e-01
1.080717023142111349e-01
5.732450486339368823e-02
5.732450486339368823e-02
2.087704675506089902e-01
2.087704675506089902e-01
4.699670193680877128e-01
4.699670193680877128e-01
2.766341058554285318e-02
2.766341058554285318e-02
1.652062373539318341e-01
1.652062373539318341e-01
2.804621402364972371e-01
2.804621402364972371e-01
5.598677197539435602e-01
5.598677197539435602e-01
6.123420116153468484e-01
6.123420116153468484e-01
1.518080281976437185e-01
1.518080281976437185e-01
4.107941684092746293e-01
4.107941684092746293e-01
2.579268044969869333e-02
2.579268044969869333e-02
1.199999999999999956e+00
1.199999999999999956e+00
1.249503204408140139e-02
1.249503204408140139e-02
4.567617415750215848e-01
4.567617415750215848e-01
8.596798919178477369e-03
8.596798919178477369e-03
2.207033074364029845e-01
2.207033074364029845e-01
1.452502553330037027e-01
1.452502553330037027e-01
3.457076609499804554e-01
3.457076609499804554e-01
4.702493457681739542e-01
4.702493457681739542e-01
7.362932289723016499e-01
7.362932289723016499e-01
7.249904900114851891e-01
7.249904900114851891e-01
3.214031437802427060e-01
3.214031437802427060e-01
1.199999999999999956e+00
1.199999999999999956e+00
3.851631105396151056e-01
3.851631105396151056e-01
1.199999999999999956e+00
1.199999999999999956e+00
3.495048028703571230e-01
3.495048028703571230e-01
1.984463961226466122e-01
1.984463961226466122e-01
1.199999999999999956e+00
1.199999999999999956e+00
2.397265769838744509e-01
2.397265769838744509e-01
9.939740512933102623e-02
9.939740512933102623e-02
3.886028335109746323e-01
3.886028335109746323e-01
7.589218623291204245e-03
7.589218623291204245e-03
1.199999999999999956e+00
1.199999999999999956e+00
6.750167821346148012e-01
6.750167821346148012e-01
2.058423195286748497e-01
2.058423195286748497e-01
1.199999999999999956e+00
1.199999999999999956e+00
1.199999999999999956e+00
1.199999999999999956e+00
5.676761515887096543e-01
5.676761515887096543e-01
9.660924524815051040e-02
9.660924524815051040e-02
5.122189406323924832e-01
5.122189406323924832e-01
1.199999999999999956e+00
1.199999999999999956e+00
1.199999999999999956e+00
1.199999999999999956e+00
1.833895944665601130e-01
1.833895944665601130e-01
1.308043805647885194e-01
1.308043805647885194e-01
5.911310979633144225e-01
5.911310979633144225e-01
5.917766664492063455e-01
5.917766664492063455e-01
7.273447273771072030e-01
7.273447273771072030e-01
1.199999999999999956e+00
1.199999999999999956e+00
6.653902660810104841e-01
6.653902660810104841e-01
1.199999999999999956e+00
1.199999999999999956e+00
1.199999999999999956e+00
1.199999999999999956e+00
1.199999999999999956e+00
1.199999999999999956e+00
1.199999999999999956e+00
1.199999999999999956e+00
6.966970656070178292e-01
6.966970656070178292e-01
4.475669469105516551e-01
4.475669469105516551e-01
1.968641566418681821e-01
1.968641566418681821e-01
1.017958250706085394e-01
1.017958250706085394e-01
3.822147348659437061e-01
3.822147348659437061e-01
2.045840594303913740e-01
2.045840594303913740e-01
4.127629832708810120e-01
4.127629832708810120e-01
1.199999999999999956e+00
1.199999999999999956e+00
5.200729145971176859e-01
5.200729145971176859e-01
1.199999999999999956e+00
1.199999999999999956e+00
3.271453036065839481e-01
3.271453036065839481e-01
5.147337691408187393e-02
5.147337691408187393e-02
3.275974638880795320e-01
3.275974638880795320e-01
4.543142521127352396e-01
4.543142521127352396e-01
1.044335025261720340e-01
1.044335025261720340e-01
3.796528456122122974e-01
3.796528456122122974e-01
2.296551981818757970e-01
2.296551981818757970e-01
1.199999999999999956e+00
1.199999999999999956e+00
2.206557218613790783e-01
2.206557218613790783e-01
9.281123755696700783e-01
9.281123755696700783e-01
6.927630412417244699e-02
6.927630412417244699e-02
1.173432966563080354e-01
1.173432966563080354e-01
1.199999999999999956e+00
1.199999999999999956e+00
1.208832098066870975e-01
1.208832098066870975e-01
1.199999999999999956e+00
1.199999999999999956e+00
1.199999999999999956e+00
1.199999999999999956e+00
2.711161873623814111e-01
2.711161873623814111e-01
1.199999999999999956e+00
1.199999999999999956e+00
4.025568294443886419e-01
4.025568294443886419e-01
2.601858143843160387e-01
2.601858143843160387e-01
3.928761286827508470e-01
3.928761286827508470e-01
1.199999999999999956e+00
1.199999999999999956e+00
1.199999999999999956e+00
1.199999999999999956e+00
1.199999999999999956e+00
1.199999999999999956e+00
7.142296932146662003e-02
7.142296932146662003e-02
3.070285429060181093e-01
3.070285429060181093e-01
1.215955575559125867e-01
1.215955575559125867e-01
1.885930629546856974e-01
1.885930629546856974e-01
6.035463926792365014e-02
6.035463926792365014e-02
7.837589752965119505e-01
7.837589752965119505e-01
1.199999999999999956e+00
1.199999999999999956e+00
1.093488996593725421e-01
1.093488996593725421e-01
1.434817626731711010e-02
1.434817626731711010e-02
1.410904600464438219e-01
1.410904600464438219e-01
3.661834057293178457e-01
3.661834057293178457e-01
2.784643090119176545e-01
2.784643090119176545e-01
1.199999999999999956e+00
1.199999999999999956e+00
1.199999999999999956e+00
1.199999999999999956e+00
8.070890599538643739e-01
8.070890599538643739e-01
5.164120838308573769e-02
5.164120838308573769e-02
1.199999999999999956e+00
1.199999999999999956e+00
2.129127052538681061e-03
2.129127052538681061e-03
1.199999999999999956e+00
1.199999999999999956e+00
3.659998569926998790e-01
3.659998569926998790e-01
1.199999999999999956e+00
1.199999999999999956e+00
2.057899313118796147e-01
2.057899313118796147e-01
2.901407051180048269e-01
2.901407051180048269e-01
1.837545216464688824e-01
1.837545216464688824e-01
4.216954250721260955e-01
4.216954250721260955e-01
6.363060598695138292e-01
6.363060598695138292e-01
1.950275573668261153e-01
1.950275573668261153e-01
1.554531068625829848e-01
1.554531068625829848e-01
7.414428445065748829e-03
7.414428445065748829e-03
1.791063273400766986e-01
1.791063273400766986e-01
9.273054716180220702e-02
9.273054716180220702e-02
1.236028460632100923e-01
1.236028460632100923e-01
1.978670340796209182e-01
1.978670340796209182e-01
2.830314694849536128e-01
2.830314694849536128e-01
3.576666813889503027e-01
3.576666813889503027e-01
9.072958732004118843e-02
9.072958732004118843e-02
6.669036372551547798e-01
6.669036372551547798e-01
1.659951149432249418e-01
1.659951149432249418e-01
1.199999999999999956e+00
1.199999999999999956e+00
3.721615053071916090e-01
3.721615053071916090e-01
6.995433398773581724e-02
6.995433398773581724e-02
7.516425284780151594e-01
7.516425284780151594e-01
1.199999999999999956e+00
1.199999999999999956e+00
1.199999999999999956e+00
1.199999999999999956e+00
2.258690273340658861e-01
2.258690273340658861e-01
1.316270276428378044e-02
1.316270276428378044e-02
5.956647491591587906e-02
5.956647491591587906e-02
2.971102121394021967e-01
2.971102121394021967e-01
1.200836974601269536e-01
1.200836974601269536e-01
5.170653761265928683e-01
5.170653761265928683e-01
4.385100841311890263e-01
4.385100841311890263e-01
1.199999999999999956e+00
1.199999999999999956e+00
3.606933541831885970e-01
3.606933541831885970e-01
3.911320559781625295e-01
3.911320559781625295e-01
4.885593272328233039e-01
4.885593272328233039e-01
1.199999999999999956e+00
1.199999999999999956e+00
6.882698263791114934e-02
6.882698263791114934e-02
1.941326546743153345e-02
1.941326546743153345e-02
4.863436310444528843e-01
4.863436310444528843e-01
1.752141171491791161e-01
1.752141171491791161e-01
7.940118503438220454e-02
7.940118503438220454e-02
1.181092181519117212e-01
1.181092181519117212e-01
8.959380932789365315e-02
8.959380932789365315e-02
1.154226954987364745e-01
1.154226954987364745e-01
2.044533884641995813e-01
2.044533884641995813e-01
1.104909798540810589e-01
1.104909798540810589e-01
1.199999999999999956e+00
1.199999999999999956e+00
1.815818644547113891e-01
1.815818644547113891e-01
6.695911827705922637e-01
6.695911827705922637e-01
3.044376926769508662e-01
3.044376926769508662e-01
4.756794946613407404e-01
4.756794946613407404e-01
9.265668535728736888e-02
9.265668535728736888e-02
2.003903528693695424e-01
2.003903528693695424e-01
5.596603153647747991e-02
5.596603153647747991e-02
1.199999999999999956e+00
1.199999999999999956e+00
2.181328816861433928e-01
2.181328816861433928e-01
9.896421373031191737e-02
9.896421373031191737e-02
1.930845443904105341e-01
1.930845443904105341e-01
4.899431590273365389e-01
4.899431590273365389e-01
6.183800130851117155e-02
6.183800130851117155e-02
4.388631388569990688e-01
4.388631388569990688e-01
2.064210729184967098e-03
2.064210729184967098e-03
6.000602903604677213e-02
6.000602903604677213e-02
2.363700131707966168e-01
2.363700131707966168e-01
4.940349291268099075e-01
4.940349291268099075e-01
9.663952372902731014e-01
9.663952372902731014e-01
2.315604482673794817e-01
2.315604482673794817e-01
1.199999999999999956e+00
1.199999999999999956e+00
4.575866645626069928e-01
4.575866645626069928e-01
4.684182241470411512e-01
4.684182241470411512e-01
1.199999999999999956e+00
1.199999999999999956e+00
7.361270322719817294e-01
7.361270322719817294e-01
1.199999999999999956e+00
1.199999999999999956e+00
1.199999999999999956e+00
1.199999999999999956e+00
5.029285252999884381e-01
5.029285252999884381e-01
4.341101804625445704e-01
4.341101804625445704e-01
1.131081138531387781e-01
1.131081138531387781e-01
9.099954405479158959e-02
9.099954405479158959e-02
1.199999999999999956e+00
1.199999999999999956e+00
9.351726071747729074e-01
9.351726071747729074e-01
3.298775288841110376e-01
3.298775288841110376e-01
1.672822072271708607e-02
1.672822072271708607e-02
3.650526578583099258e-02
3.650526578583099258e-02
5.901926472852024874e-01
5.901926472852024874e-01
2.219641356166007218e-01
2.219641356166007218e-01
7.997809042561598858e-02
7.997809042561598858e-02
1.421080448430191712e-01
1.421080448430191712e-01
6.516360114831749595e-01
6.516360114831749595e-01
2.781935554864327087e-01
2.781935554864327087e-01
3.209272784381559940e-01
3.209272784381559940e-01
1.199999999999999956e+00
1.199999999999999956e+00
6.152352273905963287e-01
6.152352273905963287e-01
6.366710470336415031e-03
6.366710470336415031e-03
2.730413361369629088e-01
2.730413361369629088e-01
6.841631484842784772e-02
6.841631484842784772e-02
1.199999999999999956e+00
1.199999999999999956e+00
2.539634008612356442e-01
2.539634008612356442e-01
2.109357128517674596e-01
2.109357128517674596e-01
1.199999999999999956e+00
1.199999999999999956e+00
2.275088947278469664e-01
2.275088947278469664e-01
1.199999999999999956e+00
1.199999999999999956e+00
8.774148364071986117e-02
8.774148364071986117e-02
3.792687194679521534e-01
3.792687194679521534e-01
1.199999999999999956e+00
1.199999999999999956e+00
1.477716355693522721e-01
1.477716355693522721e-01
1.199999999999999956e+00
1.199999999999999956e+00
1.599352921060789579e-01
1.599352921060789579e-01
6.082207447327712263e-02
6.082207447327712263e-02
2.772761586577568438e-02
2.772761586577568438e-02
4.348372440662262028e-01
4.348372440662262028e-01
1.199999999999999956e+00
1.199999999999999956e+00
1.158492657677159809e-01
1.158492657677159809e-01
1.223318605183708468e-01
1.223318605183708468e-01
9.039165579637344905e-01
9.039165579637344905e-01
4.856930798901253343e-01
4.856930798901253343e-01
1.199999999999999956e+00
1.199999999999999956e+00
1.199999999999999956e+00
1.199999999999999956e+00
2.518282075883175875e-01
2.518282075883175875e-01
1.199999999999999956e+00
1.199999999999999956e+00
1.367190751167255414e-01
1.367190751167255414e-01
1.199999999999999956e+00
1.199999999999999956e+00
2.114206851070302151e-01
2.114206851070302151e-01
3.721698123493016874e-02
3.721698123493016874e-02
1.222045511733748334e-02
1.222045511733748334e-02
2.276987255011227174e-02
2.276987255011227174e-02
2.763697837674727320e-01
2.763697837674727320e-01
3.889484336893720418e-01
3.889484336893720418e-01
8.559908385663368424e-01
8.559908385663368424e-01
9.591097365637091254e-02
9.591097365637091254e-02
2.126668939962415017e-01
2.126668939962415017e-01
2.589767419077941835e-01
2.589767419077941835e-01
8.751032197805020951e-01
8.751032197805020951e-01
4.348362743096507166e-01
4.348362743096507166e-01
1.199999999999999956e+00
1.199999999999999956e+00
3.625636161673491120e-01
3.625636161673491120e-01
2.253921477544760799e-01
2.253921477544760799e-01
1.199999999999999956e+00
1.199999999999999956e+00
2.480986865827333743e-01
2.480986865827333743e-01
2.785079781411344338e-02
2.785079781411344338e-02
3.252237225678419330e-01
3.252237225678419330e-01
3.042972554580885003e-01
3.042972554580885003e-01
2.755367061884712032e-01
2.755367061884712032e-01
1.409753025283034533e-01
1.409753025283034533e-01
3.799964128672341790e-01
3.799964128672341790e-01
6.708745303764256096e-02
6.708745303764256096e-02
2.607529410862224895e-01
2.607529410862224895e-01
4.327159315080575386e-01
4.327159315080575386e-01
2.405172308211234733e-01
2.405172308211234733e-01
1.199999999999999956e+00
1.199999999999999956e+00
4.932636950803950260e-01
4.932636950803950260e-01
2.330355081217028723e-01
2.330355081217028723e-01
9.228545527387913006e-02
9.228545527387913006e-02
1.915271782632477771e-01
1.915271782632477771e-01
2.735274938669253753e-01
2.735274938669253753e-01
5.361528536509109211e-01
5.361528536509109211e-01
2.779856022261213977e-01
2.779856022261213977e-01
1.103164059201203612e-01
1.103164059201203612e-01
1.199999999999999956e+00
1.199999999999999956e+00
4.178133851189961279e-01
4.178133851189961279e-01
3.792309859561965313e-01
3.792309859561965313e-01
1.068165923291971575e-01
1.068165923291971575e-01
3.361223309184848684e-01
3.361223309184848684e-01
1.887011992968488927e-01
1.887011992968488927e-01
5.941266619429517171e-01
5.941266619429517171e-01
8.424070766129863053e-01
8.424070766129863053e-01
5.449573894014322351e-01
5.449573894014322351e-01
9.201864720156317512e-01
9.201864720156317512e-01
2.541912593836767598e-02
2.541912593836767598e-02
3.735830746073287578e-01
3.735830746073287578e-01
4.918545484465879358e-01
4.918545484465879358e-01
4.815378895541794768e-01
4.815378895541794768e-01
3.269790606903372754e-01
3.269790606903372754e-01
1.000028098809973981e-01
1.000028098809973981e-01
1.199999999999999956e+00
1.199999999999999956e+00
5.396459678982316044e-01
5.396459678982316044e-01
3.461039183208583503e-01
3.461039183208583503e-01
1.181610361789289104e-01
1.181610361789289104e-01
1.199999999999999956e+00
1.199999999999999956e+00
9.194334986394162579e-01
9.194334986394162579e-01
1.199999999999999956e+00
1.199999999999999956e+00
7.763029616218817264e-01
7.763029616218817264e-01
3.164697491315249800e-01
3.164697491315249800e-01
7.822361075382077145e-01
7.822361075382077145e-01
2.218087791400014108e-01
2.218087791400014108e-01
4.750277890883078391e-01
4.750277890883078391e-01
4.240406312413032008e-01
4.240406312413032008e-01
4.981954349678403837e-02
4.981954349678403837e-02
6.239398344920249473e-01
6.239398344920249473e-01
2.572558703967754434e-01
2.572558703967754434e-01
5.811989733850081441e-01
5.811989733850081441e-01
3.013658188827026407e-01
3.013658188827026407e-01
4.509863216783054352e-01
4.509863216783054352e-01
3.547987051919030965e-01
3.547987051919030965e-01
5.342174010995472955e-01
5.342174010995472955e-01
1.199999999999999956e+00
1.199999999999999956e+00
1.199999999999999956e+00
1.199999999999999956e+00
1.199999999999999956e+00
1.199999999999999956e+00
1.199999999999999956e+00
1.199999999999999956e+00
6.266961685987708364e-02
6.266961685987708364e-02
2.673817335320380906e-01
2.673817335320380906e-01
1.199999999999999956e+00
1.199999999999999956e+00
2.794673958692366414e-02
2.794673958692366414e-02
8.080681483407697874e-02
8.080681483407697874e-02
2.924214066879031459e-02
2.924214066879031459e-02
2.301268935497368107e-01
2.301268935497368107e-01
5.802347512255189299e-01
5.802347512255189299e-01
1.199999999999999956e+00
1.199999999999999956e+00
1.199999999999999956e+00
1.199999999999999956e+00
2.197495805921127199e-01
2.197495805921127199e-01
2.678409429136789366e-01
2.678409429136789366e-01
1.199999999999999956e+00
1.199999999999999956e+00
2.491195211977287327e-01
2.491195211977287327e-01
1.199999999999999956e+00
1.199999999999999956e+00
3.981075196059262189e-01
3.981075196059262189e-01
2.012523848082501121e-01
2.012523848082501121e-01
5.540506025992687489e-01
5.540506025992687489e-01
1.199999999999999956e+00
1.199999999999999956e+00
6.947612974057846280e-01
6.947612974057846280e-01
1.199999999999999956e+00
1.199999999999999956e+00
6.524027470099530435e-02
6.524027470099530435e-02
3.779596126084773799e-01
3.779596126084773799e-01
1.043809605914831906e-02
1.043809605914831906e-02
4.263623338298913601e-02
4.263623338298913601e-02
3.660535309093977396e-01
3.660535309093977396e-01
1.199999999999999956e+00
1.199999999999999956e+00
1.363451482148702633e-02
1.363451482148702633e-02
1.669240337713612521e-01
1.669240337713612521e-01
1.221246010451028374e-01
1.221246010451028374e-01
5.853832592187801359e-02
5.853832592187801359e-02
7.645502581508666351e-01
7.645502581508666351e-01
4.971655551751370111e-02
4.971655551751370111e-02
9.679181804772419850e-01
9.679181804772419850e-01
3.928437537691543135e-01
3.928437537691543135e-01
2.598578837795395002e-01
2.598578837795395002e-01
9.977012440714786434e-01
9.977012440714786434e-01
1.454471413706736882e-01
1.454471413706736882e-01
4.144436239014246404e-01
4.144436239014246404e-01
1.818623517496524566e-02
1.818623517496524566e-02
6.211118699491914308e-01
6.211118699491914308e-01
1.944742160967282973e-01
1.944742160967282973e-01
3.902062450981775843e-01
3.902062450981775843e-01
1.199999999999999956e+00
1.199999999999999956e+00
2.891286695717096289e-01
2.891286695717096289e-01
1.199999999999999956e+00
1.199999999999999956e+00
2.428128207648208581e-01
2.428128207648208581e-01
1.151798943720097612e-02
1.151798943720097612e-02
3.688819110601176260e-02
3.688819110601176260e-02
6.125478746133320579e-02
6.125478746133320579e-02
3.048236213498853320e-01
3.048236213498853320e-01
9.785387935098734946e-01
9.785387935098734946e-01
1.199999999999999956e+00
1.199999999999999956e+00
1.199999999999999956e+00
1.199999999999999956e+00
4.608793492169396266e-01
4.608793492169396266e-01
1.199999999999999956e+00
1.199999999999999956e+00
1.225491292873071569e-01
1.225491292873071569e-01
2.956013828573291202e-01
2.956013828573291202e-01
1.240491530613552912e-01
1.240491530613552912e-01
1.793110666071731085e-01
1.793110666071731085e-01
1.199999999999999956e+00
1.199999999999999956e+00
5.800649754014554071e-01
5.800649754014554071e-01
1.199999999999999956e+00
1.199999999999999956e+00
2.880519281241006868e-01
2.880519281241006868e-01
5.637253400362357558e-01
5.637253400362357558e-01
4.266299154197267796e-01
4.266299154197267796e-01
1.199999999999999956e+00
1.199999999999999956e+00
1.199999999999999956e+00
1.199999999999999956e+00
1.648937546816127975e-01
1.648937546816127975e-01
8.904345079725323187e-02
8.904345079725323187e-02
7.759737684318880613e-02
7.759737684318880613e-02
3.551214076846033185e-01
3.551214076846033185e-01
1.465705026845048609e-01
1.465705026845048609e-01
6.664492232064773702e-01
6.664492232064773702e-01
1.233704657504587354e-01
1.233704657504587354e-01
1.199999999999999956e+00
1.199999999999999956e+00
4.974140740736412436e-01
4.974140740736412436e-01
1.559265296186349015e-01
1.559265296186349015e-01
1.199999999999999956e+00
1.199999999999999956e+00
6.367815524934575255e-02
6.367815524934575255e-02
3.875317325827845050e-01
3.875317325827845050e-01
5.374768925324216462e-02
5.374768925324216462e-02
2.241632450699705334e-02
2.241632450699705334e-02
2.653596877379382768e-01
2.653596877379382768e-01
1.657144727022010974e-02
1.657144727022010974e-02
4.769066238137511515e-01
4.769066238137511515e-01
1.773576220130715017e-02
1.773576220130715017e-02
6.799844923426604515e-01
6.799844923426604515e-01
7.339666386446189184e-02
7.339666386446189184e-02
1.199999999999999956e+00
1.199999999999999956e+00
1.672083303382378983e-01
1.672083303382378983e-01
1.075491827617121587e-01
1.075491827617121587e-01
1.199999999999999956e+00
1.199999999999999956e+00
1.199999999999999956e+00
1.199999999999999956e+00
5.291925796146349503e-01
5.291925796146349503e-01
2.830572644317078668e-01
2.830572644317078668e-01
1.199999999999999956e+00
1.199999999999999956e+00
7.908883282335135712e-02
7.908883282335135712e-02
3.371381540256337406e-01
3.371381540256337406e-01
6.315832622064228297e-02
6.315832622064228297e-02
2.248113845108680175e-01
2.248113845108680175e-01
4.404592657146134127e-01
4.404592657146134127e-01
7.233408438391291106e-01
7.233408438391291106e-01
4.500930612095381256e-01
4.500930612095381256e-01
1.617674315494587942e-02
1.617674315494587942e-02
2.110099772954434350e-01
2.110099772954434350e-01
3.693388398489922397e-01
3.693388398489922397e-01
1.199999999999999956e+00
1.199999999999999956e+00
2.134137208631602389e-01
2.134137208631602389e-01
9.322472340347814912e-02
9.322472340347814912e-02
7.108650637703002317e-01
7.108650637703002317e-01
3.868034350017435230e-01
3.868034350017435230e-01
1.199999999999999956e+00
1.199999999999999956e+00
1.343081769414780358e-01
1.343081769414780358e-01
1.292123081704473209e-01
1.292123081704473209e-01
1.988311135538033125e-01
1.988311135538033125e-01
2.940779713431809772e-01
2.940779713431809772e-01
1.199999999999999956e+00
1.199999999999999956e+00
1.199999999999999956e+00
1.199999999999999956e+00
1.199999999999999956e+00
1.199999999999999956e+00
2.750095943033444845e-01
2.750095943033444845e-01
9.057395104288534782e-01
9.057395104288534782e-01
6.009858789795454737e-01
6.009858789795454737e-01
1.199999999999999956e+00
1.199999999999999956e+00
2.674020371290550258e-01
2.674020371290550258e-01
1.071237164707079526e-01
1.071237164707079526e-01
4.471182458229330803e-01
4.471182458229330803e-01
3.707859562129701275e-02
3.707859562129701275e-02
1.372071928880698177e-01
1.372071928880698177e-01
4.051429120215546131e-01
4.051429120215546131e-01
2.516431715041558270e-01
2.516431715041558270e-01
3.961854609154127349e-01
3.961854609154127349e-01
6.847567674675518468e-02
6.847567674675518468e-02
3.636079368713387439e-01
3.636079368713387439e-01
2.152307182782743356e-01
2.152307182782743356e-01
3.649714492978085589e-01
3.649714492978085589e-01
3.648882026941703827e-01
3.648882026941703827e-01
8.882672862657997603e-02
8.882672862657997603e-02
2.029171360024482063e-01
2.029171360024482063e-01
3.228364983908375563e-01
3.228364983908375563e-01
1.199999999999999956e+00
1.199999999999999956e+00
2.409860305262476535e-02
2.409860305262476535e-02
1.673650308600199699e-01
1.673650308600199699e-01
1.439524335695546199e-02
1.439524335695546199e-02
1.199999999999999956e+00
1.199999999999999956e+00
4.122722509340431829e-01
4.122722509340431829e-01
2.855265129186817519e-01
2.855265129186817519e-01
2.894025565678391976e-01
2.894025565678391976e-01
1.506843407456108855e-02
1.506843407456108855e-02
2.175028659603328585e-01
2.175028659603328585e-01
2.555728231818535021e-02
2.555728231818535021e-02
1.647269065992346404e-01
1.647269065992346404e-01
4.082778779622135423e-01
4.082778779622135423e-01
4.356483123781799138e-01
4.356483123781799138e-01
2.479445191536986115e-01
2.479445191536986115e-01
4.002696080729702399e-01
4.002696080729702399e-01
1.815225721293771688e-01
1.815225721293771688e-01
8.551371564970433603e-02
8.551371564970433603e-02
2.889261879360489060e-01
2.889261879360489060e-01
5.270392025314901696e-01
5.270392025314901696e-01
1.199999999999999956e+00
1.199999999999999956e+00
3.377168707192019226e-01
3.377168707192019226e-01
2.411357009982757205e-01
2.411357009982757205e-01
2.753597586821754373e-01
2.753597586821754373e-01
1.228128711641907761e-01
1.228128711641907761e-01
5.309605452138335124e-01
5.309605452138335124e-01
1.199999999999999956e+00
1.199999999999999956e+00
2.304956956285763303e-01
2.304956956285763303e-01
2.870234958937153968e-01
2.870234958937153968e-01
2.544601608494032052e-01
2.544601608494032052e-01
1.291574185828035792e-01
1.291574185828035792e-01
2.788281069026578018e-01
2.788281069026578018e-01
6.626090137541763569e-01
6.626090137541763569e-01
3.833559665121099025e-01
3.833559665121099025e-01
6.202100768867675473e-01
6.202100768867675473e-01
1.199999999999999956e+00
1.199999999999999956e+00
8.453050662873207166e-02
8.453050662873207166e-02
1.549999157538931027e-01
1.549999157538931027e-01
1.966636303380512873e-01
1.966636303380512873e-01
3.831112592115157311e-01
3.831112592115157311e-01
4.431277919462282000e-01
4.431277919462282000e-01
