5.791733168644890711e-02
5.791733168644890711e-02
2.889931640098290767e-04
2.889931640098290767e-04
5.599795975181777186e-01
5.599795975181777186e-01
1.458347726180176662e-01
1.458347726180176662e-01
3.256589002185665271e-01
3.256589002185665271e-01
9.093227330299864450e-03
9.093227330299864450e-03
1.199999999999999956e+00
1.199999999999999956e+00
4.399702105674839214e-01
4.399702105674839214e-01
6.180512150457100340e-01
6.180512150457100340e-01
1.793121483352769774e-01
1.793121483352769774e-01
2.110822826199971747e-01
2.110822826199971747e-01
5.913187033793972924e-01
5.913187033793972924e-01
1.199999999999999956e+00
1.199999999999999956e+00
3.223195709387841057e-01
3.223195709387841057e-01
1.961048933233772718e-01
1.961048933233772718e-01
2.732274947657249431e-01
2.732274947657249431e-01
3.132606833328090978e-01
3.132606833328090978e-01
1.282559745295770992e-01
1.282559745295770992e-01
1.373799551203055136e-01
1.373799551203055136e-01
5.468119341865495392e-02
5.468119341865495392e-02
1.199999999999999956e+00
1.199999999999999956e+00
2.900710136562303365e-01
2.900710136562303365e-01
4.304475133777558304e-01
4.304475133777558304e-01
3.381200616945086862e-02
3.381200616945086862e-02
7.600723830406354298e-02
7.600723830406354298e-02
2.496254448890400379e-01
2.496254448890400379e-01
3.896730370390131259e-01
3.896730370390131259e-01
4.497818985565328782e-03
4.497818985565328782e-03
2.507926245628691597e-01
2.507926245628691597e-01
3.506420922751132263e-01
3.506420922751132263e-01
3.262184930406594741e-01
3.262184930406594741e-01
1.540654546774876121e-01
1.540654546774876121e-01
1.199999999999999956e+00
1.199999999999999956e+00
1.199999999999999956e+00
1.199999999999999956e+00
4.759273653128952564e-01
4.759273653128952564e-01
1.199999999999999956e+00
1.199999999999999956e+00
5.317873938014775967e-03
5.317873938014775967e-03
1.199999999999999956e+00
1.199999999999999956e+00
1.189161484506481570e-01
1.189161484506481570e-01
3.697513383071373561e-01
3.697513383071373561e-01
1.199999999999999956e+00
1.199999999999999956e+00
3.253631925585061535e-01
3.253631925585061535e-01
3.493960877471030679e-01
3.493960877471030679e-01
8.300796980469377084e-02
8.300796980469377084e-02
5.892165768014326899e-01
5.892165768014326899e-01
4.560456479127366070e-01
4.560456479127366070e-01
1.509393490128480009e-01
1.509393490128480009e-01
6.872144850119945581e-01
6.872144850119945581e-01
1.199999999999999956e+00
1.199999999999999956e+00
2.921359660239856715e-01
2.921359660239856715e-01
1.831224069344107030e-01
1.831224069344107030e-01
1.199999999999999956e+00
1.199999999999999956e+00
1.131718608895207895e-01
1.131718608895207895e-01
6.547041244798033066e-01
6.547041244798033066e-01
6.023597272854195328e-01
6.023597272854195328e-01
1.199999999999999956e+00
1.199999999999999956e+00
5.188278987652497620e-02
5.188278987652497620e-02
1.008568503022254925e-01
1.008568503022254925e-01
1.199999999999999956e+00
1.199999999999999956e+00
8.843109464842291434e-02
8.843109464842291434e-02
6.886431863060878955e-01
6.886431863060878955e-01
1.009987115277171332e+00
1.009987115277171332e+00
9.342711477617166374e-03
9.342711477617166374e-03
2.069154153999602785e-02
2.069154153999602785e-02
3.721173621801780046e-02
3.721173621801780046e-02
1.199999999999999956e+00
1.199999999999999956e+00
1.199999999999999956e+00
1.199999999999999956e+00
2.040828878481271147e-01
2.040828878481271147e-01
1.199999999999999956e+00
1.199999999999999956e+00
9.573541905178448164e-02
9.573541905178448164e-02
7.694309397364961119e-03
7.694309397364961119e-03
2.411025754149341838e-01
2.411025754149341838e-01
8.964446522823455582e-03
8.964446522823455582e-03
6.550918427910232822e-01
6.550918427910232822e-01
1.074971077535164660e-01
1.074971077535164660e-01
1.199999999999999956e+00
1.199999999999999956e+00
4.283727079974592455e-01
4.283727079974592455e-01
2.110456783611183162e-01
2.110456783611183162e-01
3.890520669673901422e-01
3.890520669673901422e-01
3.425282545714422033e-01
3.425282545714422033e-01
3.195459648124526764e-01
3.195459648124526764e-01
1.601845920112449917e-01
1.601845920112449917e-01
2.508234678132126305e-01
2.508234678132126305e-01
1.199999999999999956e+00
1.199999999999999956e+00
2.611235964856881697e-01
2.611235964856881697e-01
1.199999999999999956e+00
1.199999999999999956e+00
3.311035976915788215e-01
3.311035976915788215e-01
4.246242187682269797e-01
4.246242187682269797e-01
3.761644240943050610e-01
3.761644240943050610e-01
2.380625425714145149e-01
2.380625425714145149e-01
1.199999999999999956e+00
1.199999999999999956e+00
8.796405284766317667e-02
8.796405284766317667e-02
1.199999999999999956e+00
1.199999999999999956e+00
4.302401581685947329e-01
4.302401581685947329e-01
2.505216442798551824e-01
2.505216442798551824e-01
3.424897235874634349e-01
3.424897235874634349e-01
3.657915928395804039e-01
3.657915928395804039e-01
1.199999999999999956e+00
1.199999999999999956e+00
1.199999999999999956e+00
1.199999999999999956e+00
1.199999999999999956e+00
1.199999999999999956e+00
1.199999999999999956e+00
1.199999999999999956e+00
2.129202705316281807e-01
2.129202705316281807e-01
1.073412465806586891e-01
1.073412465806586891e-01
7.085576182389138333e-01
7.085576182389138333e-01
1.320002484884836846e-01
1.320002484884836846e-01
4.938402403655770545e-01
4.938402403655770545e-01
1.199999999999999956e+00
1.199999999999999956e+00
3.898416429215092460e-01
3.898416429215092460e-01
3.334746559731285309e-01
3.334746559731285309e-01
4.674976521760209613e-01
4.674976521760209613e-01
4.731482415093836713e-01
4.731482415093836713e-01
1.044891469090617336e-01
1.044891469090617336e-01
3.273523895075051704e-01
3.273523895075051704e-01
1.199999999999999956e+00
1.199999999999999956e+00
3.430735118106000847e-01
3.430735118106000847e-01
4.139276542980823703e-01
4.139276542980823703e-01
5.281296316013913694e-01
5.281296316013913694e-01
3.809793929782259170e-01
3.809793929782259170e-01
1.199999999999999956e+00
1.199999999999999956e+00
6.426038386516119694e-01
6.426038386516119694e-01
5.297342671184462892e-01
5.297342671184462892e-01
1.199999999999999956e+00
1.199999999999999956e+00
1.887546653557349297e-01
1.887546653557349297e-01
1.445529125164587148e-01
1.445529125164587148e-01
4.092133902992574623e-01
4.092133902992574623e-01
1.104722429826606594e-01
1.104722429826606594e-01
1.199999999999999956e+00
1.199999999999999956e+00
2.097014672895960441e-01
2.097014672895960441e-01
2.805017588995155076e-01
2.805017588995155076e-01
7.057112477949945006e-01
7.057112477949945006e-01
1.199999999999999956e+00
1.199999999999999956e+00
2.484569107706199875e-02
2.484569107706199875e-02
2.492553268356278648e-02
2.492553268356278648e-02
1.199999999999999956e+00
1.199999999999999956e+00
6.245411073474200769e-01
6.245411073474200769e-01
1.526734620598609905e-02
1.526734620598609905e-02
7.411793840742030015e-02
7.411793840742030015e-02
6.536674338082081315e-01
6.536674338082081315e-01
5.863544561979913139e-01
5.863544561979913139e-01
6.590430881648967620e-01
6.590430881648967620e-01
2.858815399643698796e-01
2.858815399643698796e-01
3.578986472177080325e-01
3.578986472177080325e-01
3.416061662373975349e-01
3.416061662373975349e-01
5.356962817180687536e-02
5.356962817180687536e-02
1.199999999999999956e+00
1.199999999999999956e+00
3.498903890863314103e-01
3.498903890863314103e-01
4.464294935567690581e-02
4.464294935567690581e-02
1.199999999999999956e+00
1.199999999999999956e+00
3.005554458474622992e-01
3.005554458474622992e-01
1.199999999999999956e+00
1.199999999999999956e+00
1.199999999999999956e+00
1.199999999999999956e+00
1.703995705707230524e-01
1.703995705707230524e-01
4.394772779955763986e-01
4.394772779955763986e-01
3.980142550073766383e-01
3.980142550073766383e-01
1.190918772616217591e+00
1.190918772616217591e+00
1.199999999999999956e+00
1.199999999999999956e+00
1.199999999999999956e+00
1.199999999999999956e+00
2.704931973037440485e-01
2.704931973037440485e-01
9.698308963194324228e-01
9.698308963194324228e-01
1.199999999999999956e+00
1.199999999999999956e+00
1.199999999999999956e+00
1.199999999999999956e+00
1.199999999999999956e+00
1.199999999999999956e+00
3.244516139230401719e-01
3.244516139230401719e-01
4.952542343091102112e-02
4.952542343091102112e-02
4.126029996568635894e-01
4.126029996568635894e-01
4.159364652947675212e-02
4.159364652947675212e-02
1.199999999999999956e+00
1.199999999999999956e+00
2.531691324385063058e-01
2.531691324385063058e-01
4.340413581922390462e-01
4.340413581922390462e-01
3.416729698348265898e-01
3.416729698348265898e-01
2.741461269641898291e-01
2.741461269641898291e-01
5.291418524192014194e-01
5.291418524192014194e-01
2.834393286677667212e-01
2.834393286677667212e-01
1.794120866408750459e-01
1.794120866408750459e-01
9.735690342837844888e-03
9.735690342837844888e-03
1.199999999999999956e+00
1.199999999999999956e+00
1.199999999999999956e+00
1.199999999999999956e+00
8.912455739118052556e-01
8.912455739118052556e-01
3.646280127979518726e-01
3.646280127979518726e-01
4.666957608736531649e-01
4.666957608736531649e-01
2.283234138220511800e-01
2.283234138220511800e-01
6.333740297544944164e-01
6.333740297544944164e-01
2.773341333943066811e-01
2.773341333943066811e-01
2.153640159689804434e-01
2.153640159689804434e-01
5.455021564347249940e-01
5.455021564347249940e-01
1.199999999999999956e+00
1.199999999999999956e+00
1.199999999999999956e+00
1.199999999999999956e+00
1.256795804179829668e-01
1.256795804179829668e-01
1.738635041142060356e-01
1.738635041142060356e-01
6.438791781147090720e-02
6.438791781147090720e-02
7.486091178512034594e-02
7.486091178512034594e-02
4.339682629080365839e-01
4.339682629080365839e-01
2.926314827880482361e-01
2.926314827880482361e-01
3.317458558840656602e-03
3.317458558840656602e-03
6.611143310360589886e-01
6.611143310360589886e-01
4.659206786650245125e-01
4.659206786650245125e-01
5.139602212308495011e-01
5.139602212308495011e-01
1.199999999999999956e+00
1.199999999999999956e+00
1.215050681817639311e-01
1.215050681817639311e-01
1.285312571061379083e+00
1.285312571061379083e+00
1.199999999999999956e+00
1.199999999999999956e+00
2.583339965311787778e-01
2.583339965311787778e-01
7.263347984614445529e-01
7.263347984614445529e-01
6.313880866098181555e-01
6.313880866098181555e-01
9.807266499252721703e-02
9.807266499252721703e-02
1.199999999999999956e+00
1.199999999999999956e+00
1.199477211409718524e+00
1.199477211409718524e+00
4.289934949717555401e-01
4.289934949717555401e-01
1.817836001254104217e-01
1.817836001254104217e-01
1.874246399517491210e-02
1.874246399517491210e-02
1.764411783710013448e-01
1.764411783710013448e-01
1.199999999999999956e+00
1.199999999999999956e+00
4.071933828857992599e-01
4.071933828857992599e-01
6.834323971495175343e-01
6.834323971495175343e-01
5.543056222034070668e-02
5.543056222034070668e-02
1.199999999999999956e+00
1.199999999999999956e+00
1.199999999999999956e+00
1.199999999999999956e+00
1.199999999999999956e+00
1.199999999999999956e+00
1.556243360950618770e-01
1.556243360950618770e-01
6.605553603451119749e-01
6.605553603451119749e-01
2.159532371085123303e-01
2.159532371085123303e-01
1.544593776474609825e-01
1.544593776474609825e-01
2.225180593542457064e-01
2.225180593542457064e-01
1.199999999999999956e+00
1.199999999999999956e+00
4.263478146818282521e-01
4.263478146818282521e-01
1.199999999999999956e+00
1.199999999999999956e+00
1.199999999999999956e+00
1.199999999999999956e+00
3.813868782992064221e-01
3.813868782992064221e-01
2.768862531304744912e-01
2.768862531304744912e-01
1.688117126690302505e-01
1.688117126690302505e-01
1.199999999999999956e+00
1.199999999999999956e+00
6.186822610264653965e-01
6.186822610264653965e-01
2.593519102320767655e-01
2.593519102320767655e-01
3.854866204191043089e-01
3.854866204191043089e-01
2.769955725035169736e-01
2.769955725035169736e-01
3.952564261226079734e-01
3.952564261226079734e-01
8.690899413086689007e-01
8.690899413086689007e-01
1.199999999999999956e+00
1.199999999999999956e+00
2.849805482435573967e-01
2.849805482435573967e-01
2.139580728961114620e-01
2.139580728961114620e-01
5.761509751793008061e-01
5.761509751793008061e-01
2.376140745640464569e-01
2.376140745640464569e-01
1.199999999999999956e+00
1.199999999999999956e+00
8.526955634534534312e-01
8.526955634534534312e-01
3.296207601134859555e-01
3.296207601134859555e-01
1.548050772565839894e-01
1.548050772565839894e-01
5.099570551683115793e-01
5.099570551683115793e-01
5.269560106493857976e-01
5.269560106493857976e-01
2.550664112931314564e-01
2.550664112931314564e-01
1.199999999999999956e+00
1.199999999999999956e+00
4.771562007245555015e-01
4.771562007245555015e-01
1.961640613614399342e-01
1.961640613614399342e-01
5.594105587225585152e-01
5.594105587225585152e-01
1.199999999999999956e+00
1.199999999999999956e+00
4.714141310871060586e-01
4.714141310871060586e-01
1.617842018669316262e-01
1.617842018669316262e-01
1.841650735645346815e-01
1.841650735645346815e-01
8.156582244656510050e-02
8.156582244656510050e-02
1.199999999999999956e+00
1.199999999999999956e+00
7.720008481863520622e-01
7.720008481863520622e-01
1.199999999999999956e+00
1.199999999999999956e+00
4.893176424623462140e-01
4.893176424623462140e-01
5.154415619299397289e-01
5.154415619299397289e-01
2.983859837613771493e-01
2.983859837613771493e-01
7.772175625034101198e-01
7.772175625034101198e-01
4.249722648263728475e-01
4.249722648263728475e-01
2.668624624007593926e-01
2.668624624007593926e-01
4.825212407863674335e-01
4.825212407863674335e-01
1.199999999999999956e+00
1.199999999999999956e+00
5.708811608049496611e-01
5.708811608049496611e-01
8.766261349384296686e-03
8.766261349384296686e-03
1.765721448707888719e-01
1.765721448707888719e-01
1.199999999999999956e+00
1.199999999999999956e+00
1.199999999999999956e+00
1.199999999999999956e+00
1.912148135623941148e-01
1.912148135623941148e-01
5.109593948235098548e-02
5.109593948235098548e-02
2.523070772376814208e-01
2.523070772376814208e-01
4.275129282186116431e-01
4.275129282186116431e-01
2.654070426746856781e-01
2.654070426746856781e-01
1.199999999999999956e+00
1.199999999999999956e+00
4.705094852838933028e-01
4.705094852838933028e-01
6.505503387721404962e-02
6.505503387721404962e-02
5.969137967237420073e-01
5.969137967237420073e-01
3.930245830367143367e-01
3.930245830367143367e-01
1.746060312668670789e-01
1.746060312668670789e-01
8.475373901588879877e-02
8.475373901588879877e-02
1.199999999999999956e+00
1.199999999999999956e+00
2.331446993898823039e-01
2.331446993898823039e-01
3.609918205787254752e-02
3.609918205787254752e-02
3.689497615729549485e-01
3.689497615729549485e-01
4.411417725745316876e-01
4.411417725745316876e-01
1.272117304282448236e-01
1.272117304282448236e-01
8.598822409903649211e-01
8.598822409903649211e-01
1.199999999999999956e+00
1.199999999999999956e+00
6.335810805499900167e-02
6.335810805499900167e-02
1.022150124940514049e-01
1.022150124940514049e-01
4.285193835980616317e-01
4.285193835980616317e-01
1.199999999999999956e+00
1.199999999999999956e+00
5.508982382951748136e-01
5.508982382951748136e-01
1.199999999999999956e+00
1.199999999999999956e+00
4.142742149979882216e-01
4.142742149979882216e-01
8.790539963650956246e-02
8.790539963650956246e-02
2.173324497807533895e-01
2.173324497807533895e-01
3.532015164493852444e-01
3.532015164493852444e-01
1.028580373523676483e-01
1.028580373523676483e-01
1.199999999999999956e+00
1.199999999999999956e+00
3.348194189082902006e-01
3.348194189082902006e-01
2.652413107640886891e-01
2.652413107640886891e-01
1.485111637933190509e-01
1.485111637933190509e-01
2.353337163642759688e-01
2.353337163642759688e-01
4.371419059235143179e-02
4.371419059235143179e-02
8.466186207886028381e-02
8.466186207886028381e-02
1.199999999999999956e+00
1.199999999999999956e+00
1.199999999999999956e+00
1.199999999999999956e+00
7.513833825831023328e-02
7.513833825831023328e-02
3.127628856414951253e-01
3.127628856414951253e-01
1.199999999999999956e+00
1.199999999999999956e+00
2.180708927593615343e-01
2.180708927593615343e-01
1.619556329543014039e-01
1.619556329543014039e-01
1.563274877244565653e-01
1.563274877244565653e-01
3.642352711723136904e-01
3.642352711723136904e-01
4.962975157178496355e-01
4.962975157178496355e-01
5.597321537660709945e-01
5.597321537660709945e-01
7.801558876443970281e-01
7.801558876443970281e-01
1.556946344126726167e-01
1.556946344126726167e-01
1.199999999999999956e+00
1.199999999999999956e+00
5.355293691581136661e-01
5.355293691581136661e-01
9.077769964015726389e-02
9.077769964015726389e-02
2.799513085644773080e-01
2.799513085644773080e-01
1.284247028614811936e-01
1.284247028614811936e-01
5.189054377815579544e-01
5.189054377815579544e-01
1.199999999999999956e+00
1.199999999999999956e+00
1.199999999999999956e+00
1.199999999999999956e+00
2.306058144612966876e-01
2.306058144612966876e-01
1.199999999999999956e+00
1.199999999999999956e+00
1.199999999999999956e+00
1.199999999999999956e+00
9.126720680647852635e-02
9.126720680647852635e-02
1.199999999999999956e+00
1.199999999999999956e+00
8.418668607684079430e-02
8.418668607684079430e-02
7.841324621018061491e-02
7.841324621018061491e-02
1.562839182026044549e-01
1.562839182026044549e-01
1.199999999999999956e+00
1.199999999999999956e+00
1.199999999999999956e+00
1.199999999999999956e+00
1.199999999999999956e+00
1.199999999999999956e+00
5.306990077781529314e-01
5.306990077781529314e-01
2.759116735042830282e-01
2.759116735042830282e-01
3.880872781212889033e-01
3.880872781212889033e-01
7.078501220202139121e-01
7.078501220202139121e-01
1.199999999999999956e+00
1.199999999999999956e+00
4.708521615778883396e-01
4.708521615778883396e-01
2.770868875838657097e-02
2.770868875838657097e-02
1.199999999999999956e+00
1.199999999999999956e+00
1.199999999999999956e+00
1.199999999999999956e+00
3.263366157369461673e-01
3.263366157369461673e-01
2.958380591228912393e-01
2.958380591228912393e-01
1.451273248816219857e-02
1.451273248816219857e-02
1.199999999999999956e+00
1.199999999999999956e+00
4.529348672940070597e-01
4.529348672940070597e-01
3.561956322701740896e-01
3.561956322701740896e-01
1.403743667606383305e-01
1.403743667606383305e-01
1.225544692344567033e-01
1.225544692344567033e-01
1.199999999999999956e+00
1.199999999999999956e+00
3.911197401685386765e-01
3.911197401685386765e-01
2.780149201114033852e-01
2.780149201114033852e-01
2.408782082809103609e-01
2.408782082809103609e-01
1.199999999999999956e+00
1.199999999999999956e+00
1.199999999999999956e+00
1.199999999999999956e+00
1.199999999999999956e+00
1.199999999999999956e+00
1.833366080633963002e-01
1.833366080633963002e-01
1.199999999999999956e+00
1.199999999999999956e+00
4.788923913156450940e-02
4.788923913156450940e-02
7.400085269116561948e-01
7.400085269116561948e-01
1.660978700750829762e-01
1.660978700750829762e-01
2.148075067348346467e-01
2.148075067348346467e-01
6.477374064690604172e-01
6.477374064690604172e-01
8.674913061343870746e-01
8.674913061343870746e-01
7.578401233691647310e-01
7.578401233691647310e-01
1.199999999999999956e+00
1.199999999999999956e+00
8.596787358303603632e-02
8.596787358303603632e-02
5.062139937408893786e-02
5.062139937408893786e-02
2.246533525814996962e-02
2.246533525814996962e-02
1.893748794962583359e-01
1.893748794962583359e-01
5.670689073957957405e-01
5.670689073957957405e-01
3.456874244876757540e-01
3.456874244876757540e-01
1.199999999999999956e+00
1.199999999999999956e+00
1.199999999999999956e+00
1.199999999999999956e+00
1.781031498688993853e-01
1.781031498688993853e-01
4.058189739851356115e-01
4.058189739851356115e-01
2.718068083543716540e-01
2.718068083543716540e-01
2.384698652658214790e-01
2.384698652658214790e-01
8.039046251540954424e-02
8.039046251540954424e-02
3.620495141116326643e-01
3.620495141116326643e-01
1.783918420860357845e-01
1.783918420860357845e-01
5.418161366315675798e-01
5.418161366315675798e-01
2.199092959204072550e-01
2.199092959204072550e-01
2.066567520167217342e-01
2.066567520167217342e-01
3.721783282589560815e-01
3.721783282589560815e-01
4.544219459991186705e-01
4.544219459991186705e-01
5.959585101142199637e-01
5.959585101142199637e-01
1.726745683965429379e-01
1.726745683965429379e-01
1.199999999999999956e+00
1.199999999999999956e+00
5.566135394204957398e-02
5.566135394204957398e-02
3.395731721757793142e-01
3.395731721757793142e-01
5.584172600950835230e-01
5.584172600950835230e-01
1.006299686607495247e-01
1.006299686607495247e-01
1.130413314597485397e-01
1.130413314597485397e-01
1.199999999999999956e+00
1.199999999999999956e+00
2.013981092389194316e-01
2.013981092389194316e-01
5.693523863164517973e-01
5.693523863164517973e-01
4.485273400366826535e-01
4.485273400366826535e-01
1.087546902153193468e-02
1.087546902153193468e-02
3.104386814218276433e-02
3.104386814218276433e-02
1.999755206517903061e-01
1.999755206517903061e-01
4.068761842032804221e-01
4.068761842032804221e-01
2.118243750834295502e-01
2.118243750834295502e-01
5.125896888420448105e-01
5.125896888420448105e-01
2.036324076070974431e-01
2.036324076070974431e-01
9.895169127782948992e-02
9.895169127782948992e-02
1.199999999999999956e+00
1.199999999999999956e+00
4.439404290813973031e-01
4.439404290813973031e-01
9.822453089802710147e-02
9.822453089802710147e-02
4.383942320023307970e-01
4.383942320023307970e-01
1.199999999999999956e+00
1.199999999999999956e+00
5.378919700204655152e-01
5.378919700204655152e-01
2.940046890999536630e-02
2.940046890999536630e-02
1.199999999999999956e+00
1.199999999999999956e+00
1.199999999999999956e+00
1.199999999999999956e+00
1.199999999999999956e+00
1.199999999999999956e+00
3.438198700919954665e-02
3.438198700919954665e-02
2.468331276542116426e-01
2.468331276542116426e-01
3.971525567708018567e-01
3.971525567708018567e-01
1.199999999999999956e+00
1.199999999999999956e+00
5.217249961937494573e-01
5.217249961937494573e-01
1.199999999999999956e+00
1.199999999999999956e+00
2.004844312917208882e-02
2.004844312917208882e-02
6.818161126138000405e-01
6.818161126138000405e-01
2.136335997678706633e-01
2.136335997678706633e-01
4.378159076081886703e-01
4.378159076081886703e-01
1.199999999999999956e+00
1.199999999999999956e+00
1.900568971604320867e-01
1.900568971604320867e-01
3.384256230923928799e-01
3.384256230923928799e-01
4.166185161445605800e-01
4.166185161445605800e-01
2.088472943661920100e-01
2.088472943661920100e-01
8.227428996488760360e-01
8.227428996488760360e-01
1.199999999999999956e+00
1.199999999999999956e+00
1.909032771618286994e-01
1.909032771618286994e-01
1.060507837423138477e+00
1.060507837423138477e+00
6.296083635053908445e-01
6.296083635053908445e-01
2.681868834641633272e-04
2.681868834641633272e-04
1.661703537176902404e-02
1.661703537176902404e-02
1.443046479581118757e-01
1.443046479581118757e-01
2.987077313677469204e-01
2.987077313677469204e-01
1.342751063538944190e-01
1.342751063538944190e-01
5.045409568215998286e-01
5.045409568215998286e-01
1.199999999999999956e+00
1.199999999999999956e+00
1.199999999999999956e+00
1.199999999999999956e+00
1.700556616735742210e-01
1.700556616735742210e-01
7.098148177887405597e-01
7.098148177887405597e-01
1.697092396623590405e-01
1.697092396623590405e-01
1.199999999999999956e+00
1.199999999999999956e+00
1.199999999999999956e+00
1.199999999999999956e+00
2.995398050339992957e-01
2.995398050339992957e-01
1.337863900920422677e-01
1.337863900920422677e-01
1.508830018268134399e-01
1.508830018268134399e-01
1.199999999999999956e+00
1.199999999999999956e+00
2.599776274585915634e-02
2.599776274585915634e-02
2.505877278903831940e-01
2.505877278903831940e-01
4.022959946115205465e-01
4.022959946115205465e-01
6.653387617438850932e-02
6.653387617438850932e-02
1.199999999999999956e+00
1.199999999999999956e+00
1.199999999999999956e+00
1.199999999999999956e+00
1.160604425767613884e-01
1.160604425767613884e-01
4.803764633442308973e-01
4.803764633442308973e-01
6.101580661147879558e-01
6.101580661147879558e-01
1.603792201170561316e-01
1.603792201170561316e-01
1.199999999999999956e+00
1.199999999999999956e+00
1.199999999999999956e+00
1.199999999999999956e+00
7.511168944636741063e-02
7.511168944636741063e-02
7.959779493545433571e-01
7.959779493545433571e-01
1.297421855345622932e-01
1.297421855345622932e-01
3.642129692570678090e-01
3.642129692570678090e-01
5.514782979360838278e-03
5.514782979360838278e-03
2.312998088683931863e-02
2.312998088683931863e-02
1.199999999999999956e+00
1.199999999999999956e+00
1.032946540865826573e-01
1.032946540865826573e-01
9.836400035354041227e-02
9.836400035354041227e-02
1.199999999999999956e+00
1.199999999999999956e+00
1.353827183105294207e-01
1.353827183105294207e-01
7.503839547035545676e-02
7.503839547035545676e-02
1.233018379457692798e-01
1.233018379457692798e-01
1.199999999999999956e+00
1.199999999999999956e+00
4.485855496196384795e-01
4.485855496196384795e-01
1.695331465465359788e-01
1.695331465465359788e-01
8.505989027043105166e-02
8.505989027043105166e-02
3.210334460043124394e-01
3.210334460043124394e-01
6.763935588979922420e-01
6.763935588979922420e-01
2.591936577478851644e-01
2.591936577478851644e-01
1.433683752528472632e-01
1.433683752528472632e-01
4.312225264799667279e-01
4.312225264799667279e-01
1.199999999999999956e+00
1.199999999999999956e+00
1.434957722920139067e-01
1.434957722920139067e-01
1.199999999999999956e+00
1.199999999999999956e+00
1.858213652988099374e-01
1.858213652988099374e-01
7.151748162144164755e-01
7.151748162144164755e-01
4.221169111129360885e-02
4.221169111129360885e-02
4.931216677897035661e-01
4.931216677897035661e-01
1.199999999999999956e+00
1.199999999999999956e+00
1.251777727007445384e-01
1.251777727007445384e-01
1.199999999999999956e+00
1.199999999999999956e+00
5.725084423511092591e-02
5.725084423511092591e-02
4.591544779478433091e-01
4.591544779478433091e-01
1.199999999999999956e+00
1.199999999999999956e+00
7.828627425385364935e-02
7.828627425385364935e-02
3.973213258181328839e-02
3.973213258181328839e-02
4.184687036358788331e-02
4.184687036358788331e-02
2.015735633716790043e-01
2.015735633716790043e-01
4.737522007543097380e-01
4.737522007543097380e-01
1.519006800161032400e-01
1.519006800161032400e-01
2.137961940613381309e-02
2.137961940613381309e-02
3.338692585212597042e-01
3.338692585212597042e-01
1.199999999999999956e+00
1.199999999999999956e+00
3.101578408985566915e-01
3.101578408985566915e-01
1.199999999999999956e+00
1.199999999999999956e+00
4.906343871869312534e-01
4.906343871869312534e-01
5.175526169941628840e-01
5.175526169941628840e-01
1.797642202453197946e-01
1.797642202453197946e-01
4.126542502599096496e-01
4.126542502599096496e-01
1.199999999999999956e+00
1.199999999999999956e+00
7.151915260843959565e-01
7.151915260843959565e-01
5.284012549389586338e-02
5.284012549389586338e-02
5.340676519625916496e-01
5.340676519625916496e-01
2.851345839094833190e-01
2.851345839094833190e-01
3.187055707404393146e-01
3.187055707404393146e-01
3.222188831210499593e-01
3.222188831210499593e-01
1.897272557493153988e-01
1.897272557493153988e-01
5.400898543104425409e-01
5.400898543104425409e-01
4.748088130207707425e-02
4.748088130207707425e-02
7.971510480144238242e-01
7.971510480144238242e-01
3.870720779871783535e-01
3.870720779871783535e-01
1.199999999999999956e+00
1.199999999999999956e+00
6.803006616480883340e-01
6.803006616480883340e-01
1.199999999999999956e+00
1.199999999999999956e+00
3.180354624007831754e-01
3.180354624007831754e-01
1.763045269158717843e-01
1.763045269158717843e-01
3.629446302702816207e-01
3.629446302702816207e-01
1.719803922196019019e-01
1.719803922196019019e-01
3.802537867992050735e-01
3.802537867992050735e-01
1.199999999999999956e+00
1.199999999999999956e+00
5.538920823538481253e-01
5.538920823538481253e-01
1.199999999999999956e+00
1.199999999999999956e+00
6.852126178778837895e-01
6.852126178778837895e-01
1.184535934252487453e-02
1.184535934252487453e-02
1.199999999999999956e+00
1.199999999999999956e+00
1.981451230165339750e-01
1.981451230165339750e-01
8.876507189883305893e-01
8.876507189883305893e-01
8.520690529677170388e-02
8.520690529677170388e-02
4.450990798867481835e-01
4.450990798867481835e-01
7.517366952055734020e-01
7.517366952055734020e-01
1.032346964303459090e-03
1.032346964303459090e-03
1.891060414867567208e-01
1.891060414867567208e-01
5.727489713826511286e-01
5.727489713826511286e-01
4.020734073199134784e-01
4.020734073199134784e-01
1.699769443864008189e-01
1.699769443864008189e-01
1.859173289448381450e-01
1.859173289448381450e-01
4.501641370352004734e-01
4.501641370352004734e-01
4.752552438039535088e-01
4.752552438039535088e-01
2.343856235115931441e-01
2.343856235115931441e-01
6.326612032018304188e-02
6.326612032018304188e-02
3.605394913626998044e-01
3.605394913626998044e-01
3.061564541899226000e-01
3.061564541899226000e-01
1.337343153782071470e+00
1.337343153782071470e+00
2.560468147221950930e-01
2.560468147221950930e-01
2.170742212789464887e-01
2.170742212789464887e-01
1.199999999999999956e+00
1.199999999999999956e+00
8.102556933281704898e-01
8.102556933281704898e-01
4.377099597559261368e-02
4.377099597559261368e-02
6.979187430722842700e-02
6.979187430722842700e-02
3.883102680283895825e-01
3.883102680283895825e-01
2.969407357946365900e-01
2.969407357946365900e-01
1.273586258903886860e-02
1.273586258903886860e-02
1.199999999999999956e+00
1.199999999999999956e+00
4.303192006719935847e-01
4.303192006719935847e-01
3.070658076266705172e-01
3.070658076266705172e-01
6.695186868447604300e-02
6.695186868447604300e-02
2.369773961447364519e-01
2.369773961447364519e-01
1.199999999999999956e+00
1.199999999999999956e+00
4.599830650979755409e-01
4.599830650979755409e-01
4.754545924687478831e-01
4.754545924687478831e-01
3.358192434167373008e-01
3.358192434167373008e-01
2.491691523104893613e-01
2.491691523104893613e-01
8.332775415958258713e-02
8.332775415958258713e-02
4.050326939262025583e-01
4.050326939262025583e-01
4.714775837169078443e-01
4.714775837169078443e-01
1.199999999999999956e+00
1.199999999999999956e+00
3.604713517845833937e-01
3.604713517845833937e-01
8.324005573148332560e-02
8.324005573148332560e-02
2.178020030398412910e-01
2.178020030398412910e-01
5.114992999729673917e-01
5.114992999729673917e-01
5.020698052338612438e-01
5.020698052338612438e-01
1.943702529622783892e-01
1.943702529622783892e-01
1.228114188380323574e-01
1.228114188380323574e-01
2.415435391355983397e-01
2.415435391355983397e-01
6.356116576305352872e-01
6.356116576305352872e-01
1.199999999999999956e+00
1.199999999999999956e+00
5.234731979995957962e-01
5.234731979995957962e-01
8.742407735199301255e-01
8.742407735199301255e-01
5.570426312348942810e-01
5.570426312348942810e-01
1.199999999999999956e+00
1.199999999999999956e+00
6.556697479391691841e-02
6.556697479391691841e-02
8.229226217521173892e-01
8.229226217521173892e-01
1.199999999999999956e+00
1.199999999999999956e+00
1.199999999999999956e+00
1.199999999999999956e+00
1.006796552548681278e+00
1.006796552548681278e+00
3.839354711968815947e-01
3.839354711968815947e-01
2.985051832192043841e-01
2.985051832192043841e-01
1.633240016984905535e-02
1.633240016984905535e-02
4.341278785631275672e-01
4.341278785631275672e-01
1.219047252877070442e-01
1.219047252877070442e-01
2.636868488357013152e-01
2.636868488357013152e-01
1.507215279646737516e-01
1.507215279646737516e-01
7.360575759104909244e-01
7.360575759104909244e-01
3.229049852587715375e-01
3.229049852587715375e-01
2.488420621854147141e-01
2.488420621854147141e-01
6.768225196517853315e-02
6.768225196517853315e-02
5.035717263185649495e-01
5.035717263185649495e-01
2.921439996591694288e-01
2.921439996591694288e-01
4.187930359264574465e-01
4.187930359264574465e-01
1.522317522014478286e-01
1.522317522014478286e-01
1.014681272074678120e-01
1.014681272074678120e-01
4.276943949919908422e-02
4.276943949919908422e-02
1.106660120818518389e-01
1.106660120818518389e-01
7.248173430135970707e-02
7.248173430135970707e-02
1.693878527205532614e-01
1.693878527205532614e-01
9.419188013038747032e-02
9.419188013038747032e-02
1.199999999999999956e+00
1.199999999999999956e+00
5.872327206833757307e-01
5.872327206833757307e-01
1.053551466458478303e-01
1.053551466458478303e-01
1.199999999999999956e+00
1.199999999999999956e+00
1.199999999999999956e+00
1.199999999999999956e+00
3.791036304429234449e-01
3.791036304429234449e-01
3.961167730785797141e-03
3.961167730785797141e-03
9.733196713227680597e-02
9.733196713227680597e-02
1.199999999999999956e+00
1.199999999999999956e+00
1.391522330938967655e-01
1.391522330938967655e-01
6.609697564153842186e-02
6.609697564153842186e-02
2.254875657027081148e-01
2.254875657027081148e-01
1.737084069267892661e-01
1.737084069267892661e-01
4.841371658591199223e-01
4.841371658591199223e-01
4.639179402537514929e-01
4.639179402537514929e-01
2.619009619379119580e-01
2.619009619379119580e-01
4.040463135277689855e-01
4.040463135277689855e-01
1.199999999999999956e+00
1.199999999999999956e+00
3.497874367634329351e-01
3.497874367634329351e-01
1.199999999999999956e+00
1.199999999999999956e+00
1.199999999999999956e+00
1.199999999999999956e+00
3.359745599616844602e-01
3.359745599616844602e-01
1.199999999999999956e+00
1.199999999999999956e+00
3.959322118167006854e-01
3.959322118167006854e-01
3.364305151303602082e-01
3.364305151303602082e-01
1.199999999999999956e+00
1.199999999999999956e+00
1.507284746756234750e-01
1.507284746756234750e-01
4.563141891654113325e-01
4.563141891654113325e-01
6.208508382444443141e-01
6.208508382444443141e-01
1.199999999999999956e+00
1.199999999999999956e+00
2.059429091879912480e-02
2.059429091879912480e-02
2.043593491065875956e-01
2.043593491065875956e-01
4.864056053456972117e-01
4.864056053456972117e-01
4.500098948637895058e-01
4.500098948637895058e-01
3.068958383328622697e-01
3.068958383328622697e-01
1.199999999999999956e+00
1.199999999999999956e+00
5.647790866569629697e-01
5.647790866569629697e-01
5.835432680020331553e-01
5.835432680020331553e-01
2.697076196857278729e-02
2.697076196857278729e-02
1.199999999999999956e+00
1.199999999999999956e+00
3.492072227355851322e-01
3.492072227355851322e-01
1.226488541222241352e-01
1.226488541222241352e-01
5.704338435600168067e-01
5.704338435600168067e-01
9.134115972041299825e-02
9.134115972041299825e-02
3.034509385762207412e-01
3.034509385762207412e-01
6.333559250553277842e-02
6.333559250553277842e-02
3.655194796869414703e-02
3.655194796869414703e-02
5.303631192978337794e-02
5.303631192978337794e-02
2.583046602967100647e-01
2.583046602967100647e-01
5.123526946538654869e-02
5.123526946538654869e-02
4.023845485960264035e-01
4.023845485960264035e-01
1.199999999999999956e+00
1.199999999999999956e+00
6.523194953950112174e-01
6.523194953950112174e-01
1.371002979301689517e-01
1.371002979301689517e-01
5.075313514090592504e-01
5.075313514090592504e-01
3.623273355425402631e-01
3.623273355425402631e-01
6.368143552147773612e-01
6.368143552147773612e-01
1.199999999999999956e+00
1.199999999999999956e+00
1.199999999999999956e+00
1.199999999999999956e+00
5.124750314264647083e-02
5.124750314264647083e-02
2.754506276751713112e-01
2.754506276751713112e-01
5.454318974904038830e-01
5.454318974904038830e-01
1.199999999999999956e+00
1.199999999999999956e+00
6.032706304659156693e-01
6.032706304659156693e-01
1.199999999999999956e+00
1.199999999999999956e+00
1.097311600045541430e-01
1.097311600045541430e-01
3.588758112636931119e-01
3.588758112636931119e-01
2.559357444713623031e-01
2.559357444713623031e-01
1.730765441103881697e-01
1.730765441103881697e-01
8.575927719629020118e-02
8.575927719629020118e-02
4.969983399934835844e-01
4.969983399934835844e-01
