4.998437857220010549e-01
4.998437857220010549e-01
1.199999999999999956e+00
1.199999999999999956e+00
1.199999999999999956e+00
1.199999999999999956e+00
1.547778633420026639e-01
1.547778633420026639e-01
1.074993774740594099e-01
1.074993774740594099e-01
1.199999999999999956e+00
1.199999999999999956e+00
3.581754762207551845e-01
3.581754762207551845e-01
4.406151578754149284e-03
4.406151578754149284e-03
7.311470471784631275e-02
7.311470471784631275e-02
4.758382447565053797e-01
4.758382447565053797e-01
1.199999999999999956e+00
1.199999999999999956e+00
1.199999999999999956e+00
1.199999999999999956e+00
8.357035609331111559e-01
8.357035609331111559e-01
1.199999999999999956e+00
1.199999999999999956e+00
1.308720229754747610e-01
1.308720229754747610e-01
5.929142033257187722e-02
5.929142033257187722e-02
3.065802802725091977e-03
3.065802802725091977e-03
1.670893159963914854e-01
1.670893159963914854e-01
5.555120575829507468e-01
5.555120575829507468e-01
3.402600053251269574e-01
3.402600053251269574e-01
5.549101233047470244e-02
5.549101233047470244e-02
1.199999999999999956e+00
1.199999999999999956e+00
3.332190249458976683e-01
3.332190249458976683e-01
6.752120735782916883e-02
6.752120735782916883e-02
2.162890643857158790e-01
2.162890643857158790e-01
2.220522670818017019e-01
2.220522670818017019e-01
7.111163790220893510e-01
7.111163790220893510e-01
1.910347830529942519e-03
1.910347830529942519e-03
4.818473247228406975e-01
4.818473247228406975e-01
7.896338065473777756e-02
7.896338065473777756e-02
4.389638276085723878e-01
4.389638276085723878e-01
8.194808918165318035e-02
8.194808918165318035e-02
1.577160215086919060e-01
1.577160215086919060e-01
3.215233659443252900e-01
3.215233659443252900e-01
9.239254188600018458e-02
9.239254188600018458e-02
6.317605466980538154e-01
6.317605466980538154e-01
8.472199888876989077e-03
8.472199888876989077e-03
1.199999999999999956e+00
1.199999999999999956e+00
1.199999999999999956e+00
1.199999999999999956e+00
7.253470618249986401e-01
7.253470618249986401e-01
5.286004991479806847e-01
5.286004991479806847e-01
2.878112623587634200e-01
2.878112623587634200e-01
2.928204541368727987e-01
2.928204541368727987e-01
1.498437554773642821e-01
1.498437554773642821e-01
7.250601094158189985e-01
7.250601094158189985e-01
1.636978650878628816e-01
1.636978650878628816e-01
3.019954646078366056e-01
3.019954646078366056e-01
1.199999999999999956e+00
1.199999999999999956e+00
1.828728133218035234e-01
1.828728133218035234e-01
2.301295486778302465e-02
2.301295486778302465e-02
1.199999999999999956e+00
1.199999999999999956e+00
2.867679700082965133e-01
2.867679700082965133e-01
3.152743695137628643e-01
3.152743695137628643e-01
1.199999999999999956e+00
1.199999999999999956e+00
6.363727762367332730e-01
6.363727762367332730e-01
1.199999999999999956e+00
1.199999999999999956e+00
1.199999999999999956e+00
1.199999999999999956e+00
3.417744154882087493e-01
3.417744154882087493e-01
1.115154665586157732e-03
1.115154665586157732e-03
9.488140864216146331e-02
9.488140864216146331e-02
3.327656336246846980e-01
3.327656336246846980e-01
1.198414668578515613e-01
1.198414668578515613e-01
1.540230400500273711e-01
1.540230400500273711e-01
1.199999999999999956e+00
1.199999999999999956e+00
1.199999999999999956e+00
1.199999999999999956e+00
1.127578985933993527e-01
1.127578985933993527e-01
1.199999999999999956e+00
1.199999999999999956e+00
1.199999999999999956e+00
1.199999999999999956e+00
1.199999999999999956e+00
1.199999999999999956e+00
5.874304907070797555e-01
5.874304907070797555e-01
3.843250647141864262e-01
3.843250647141864262e-01
2.345554622796540145e-01
2.345554622796540145e-01
3.982580921856141987e-01
3.982580921856141987e-01
9.259132820893214988e-02
9.259132820893214988e-02
6.970586200383130926e-01
6.970586200383130926e-01
8.237198345631999707e-01
8.237198345631999707e-01
3.217856873808943585e-01
3.217856873808943585e-01
5.313665553459929747e-01
5.313665553459929747e-01
4.441280047903928829e-01
4.441280047903928829e-01
7.191152492623889003e-01
7.191152492623889003e-01
1.199999999999999956e+00
1.199999999999999956e+00
5.031793038310697908e-01
5.031793038310697908e-01
5.630839327874964662e-01
5.630839327874964662e-01
1.199999999999999956e+00
1.199999999999999956e+00
3.231205780702641750e-01
3.231205780702641750e-01
1.199999999999999956e+00
1.199999999999999956e+00
1.311467062420761109e-01
1.311467062420761109e-01
2.529042750892770974e-01
2.529042750892770974e-01
1.199999999999999956e+00
1.199999999999999956e+00
4.780670309589141187e-01
4.780670309589141187e-01
1.747433035755376063e-01
1.747433035755376063e-01
1.199999999999999956e+00
1.199999999999999956e+00
2.035566765283605695e-01
2.035566765283605695e-01
1.199999999999999956e+00
1.199999999999999956e+00
4.492293687360920384e-01
4.492293687360920384e-01
1.661300528760263628e-01
1.661300528760263628e-01
4.762790208715064200e-01
4.762790208715064200e-01
2.175897031138456228e-01
2.175897031138456228e-01
4.550510187080769042e-01
4.550510187080769042e-01
1.199999999999999956e+00
1.199999999999999956e+00
1.199999999999999956e+00
1.199999999999999956e+00
4.429376554988866954e-01
4.429376554988866954e-01
1.656350176109626648e-01
1.656350176109626648e-01
1.199999999999999956e+00
1.199999999999999956e+00
1.093375927738591269e-01
1.093375927738591269e-01
9.531663603427004139e-02
9.531663603427004139e-02
2.117640233938872518e-01
2.117640233938872518e-01
3.303899662083556454e-01
3.303899662083556454e-01
3.969936298911231898e-01
3.969936298911231898e-01
2.774577931134375453e-01
2.774577931134375453e-01
2.656859922415700792e-01
2.656859922415700792e-01
4.099624634800267398e-01
4.099624634800267398e-01
1.959445413373181108e-02
1.959445413373181108e-02
1.424987942533615520e-02
1.424987942533615520e-02
2.975246729532847745e-01
2.975246729532847745e-01
1.716305198522329436e-03
1.716305198522329436e-03
1.199999999999999956e+00
1.199999999999999956e+00
4.495529171000280377e-01
4.495529171000280377e-01
7.009446881497385373e-01
7.009446881497385373e-01
3.632922850035309459e-01
3.632922850035309459e-01
1.199999999999999956e+00
1.199999999999999956e+00
1.199999999999999956e+00
1.199999999999999956e+00
3.757103363682546271e-01
3.757103363682546271e-01
1.199999999999999956e+00
1.199999999999999956e+00
1.149559788544487343e-01
1.149559788544487343e-01
1.199999999999999956e+00
1.199999999999999956e+00
1.262207304710174227e-01
1.262207304710174227e-01
4.823987657477660784e-01
4.823987657477660784e-01
4.131894058899415190e-01
4.131894058899415190e-01
2.869372231507662518e-01
2.869372231507662518e-01
5.692370869139266043e-01
5.692370869139266043e-01
2.507499240613780822e-01
2.507499240613780822e-01
1.324260219486015633e-01
1.324260219486015633e-01
1.459101925318297688e-01
1.459101925318297688e-01
1.676685860112857585e-01
1.676685860112857585e-01
8.577160144469584413e-01
8.577160144469584413e-01
3.765804233905256093e-01
3.765804233905256093e-01
1.141908960821614721e-01
1.141908960821614721e-01
1.199999999999999956e+00
1.199999999999999956e+00
1.199999999999999956e+00
1.199999999999999956e+00
1.295308783667572239e-01
1.295308783667572239e-01
1.199999999999999956e+00
1.199999999999999956e+00
3.851497983879532683e-01
3.851497983879532683e-01
4.181514792166798888e-01
4.181514792166798888e-01
1.199999999999999956e+00
1.199999999999999956e+00
1.199999999999999956e+00
1.199999999999999956e+00
4.923429448657878904e-01
4.923429448657878904e-01
1.199999999999999956e+00
1.199999999999999956e+00
7.556499713280797614e-01
7.556499713280797614e-01
3.687851167629194737e-01
3.687851167629194737e-01
1.444225385387975548e-02
1.444225385387975548e-02
1.199999999999999956e+00
1.199999999999999956e+00
4.988252673517373781e-02
4.988252673517373781e-02
2.996479961034977935e-01
2.996479961034977935e-01
1.581734289772720459e-01
1.581734289772720459e-01
2.711413926348963527e-02
2.711413926348963527e-02
2.119242148752617794e-01
2.119242148752617794e-01
1.199999999999999956e+00
1.199999999999999956e+00
3.702787839930635205e-01
3.702787839930635205e-01
2.718150429506381860e-01
2.718150429506381860e-01
2.959798033219623870e-01
2.959798033219623870e-01
1.199999999999999956e+00
1.199999999999999956e+00
6.248729294351335062e-01
6.248729294351335062e-01
1.841167078492484677e-01
1.841167078492484677e-01
1.199999999999999956e+00
1.199999999999999956e+00
3.468160165240454229e-01
3.468160165240454229e-01
3.738516089963499489e-01
3.738516089963499489e-01
3.073097365593323027e-01
3.073097365593323027e-01
2.489093249709646016e-01
2.489093249709646016e-01
1.199999999999999956e+00
1.199999999999999956e+00
1.199999999999999956e+00
1.199999999999999956e+00
2.822123119414345349e-01
2.822123119414345349e-01
5.163496764607632405e-01
5.163496764607632405e-01
1.327037550550019540e-01
1.327037550550019540e-01
1.199999999999999956e+00
1.199999999999999956e+00
3.981491643974785499e-01
3.981491643974785499e-01
8.664510958530331763e-02
8.664510958530331763e-02
4.898047351159937057e-01
4.898047351159937057e-01
1.199999999999999956e+00
1.199999999999999956e+00
1.199999999999999956e+00
1.199999999999999956e+00
4.981400097545345407e-01
4.981400097545345407e-01
9.711691499204794242e-02
9.711691499204794242e-02
1.089524545313046433e-01
1.089524545313046433e-01
1.199999999999999956e+00
1.199999999999999956e+00
1.199999999999999956e+00
1.199999999999999956e+00
5.126342022200987281e-02
5.126342022200987281e-02
2.378470388419527404e-01
2.378470388419527404e-01
3.953535472492111791e-02
3.953535472492111791e-02
4.588264209970582264e-01
4.588264209970582264e-01
2.098963463243000427e-01
2.098963463243000427e-01
2.381321780622255579e-01
2.381321780622255579e-01
4.660824647855819070e-01
4.660824647855819070e-01
6.832157090141917528e-03
6.832157090141917528e-03
1.199999999999999956e+00
1.199999999999999956e+00
2.567110736383719227e-01
2.567110736383719227e-01
5.514077445353355866e-01
5.514077445353355866e-01
3.482288432032726866e-01
3.482288432032726866e-01
7.123558589952254383e-02
7.123558589952254383e-02
1.199999999999999956e+00
1.199999999999999956e+00
1.199999999999999956e+00
1.199999999999999956e+00
4.687759823944002702e-01
4.687759823944002702e-01
1.483879088050789885e-01
1.483879088050789885e-01
1.202779575246328170e+00
1.202779575246328170e+00
1.923089398507295267e-02
1.923089398507295267e-02
3.585556305850583301e-03
3.585556305850583301e-03
3.741457784414357612e-01
3.741457784414357612e-01
3.612120501556955743e-01
3.612120501556955743e-01
4.981472768781436966e-01
4.981472768781436966e-01
1.588472343704800949e-01
1.588472343704800949e-01
3.546257270470436485e-01
3.546257270470436485e-01
2.597170647410093625e-02
2.597170647410093625e-02
3.244901806590043680e-01
3.244901806590043680e-01
1.199999999999999956e+00
1.199999999999999956e+00
1.138774093014659483e-01
1.138774093014659483e-01
2.923621644793594210e-01
2.923621644793594210e-01
1.199999999999999956e+00
1.199999999999999956e+00
1.199999999999999956e+00
1.199999999999999956e+00
1.199999999999999956e+00
1.199999999999999956e+00
2.520476213659046949e-01
2.520476213659046949e-01
7.475244820117842026e-02
7.475244820117842026e-02
1.155383337671537086e-01
1.155383337671537086e-01
5.549207672617587628e-01
5.549207672617587628e-01
1.562996975793058407e-01
1.562996975793058407e-01
2.719984175069502519e-01
2.719984175069502519e-01
7.187921728405763377e-02
7.187921728405763377e-02
7.271044916068904185e-02
7.271044916068904185e-02
6.471427431413931952e-01
6.471427431413931952e-01
1.199999999999999956e+00
1.199999999999999956e+00
1.199999999999999956e+00
1.199999999999999956e+00
1.836495632165010272e-01
1.836495632165010272e-01
1.199999999999999956e+00
1.199999999999999956e+00
1.259143588498349009e-01
1.259143588498349009e-01
2.803031955430308475e-01
2.803031955430308475e-01
7.810314920279425310e-01
7.810314920279425310e-01
1.247481230531241742e-01
1.247481230531241742e-01
1.199999999999999956e+00
1.199999999999999956e+00
1.711704944656828598e-01
1.711704944656828598e-01
1.199999999999999956e+00
1.199999999999999956e+00
8.573389159227494394e-02
8.573389159227494394e-02
7.779372861299620467e-01
7.779372861299620467e-01
5.258825481698535809e-01
5.258825481698535809e-01
4.833900437846861547e-02
4.833900437846861547e-02
7.084973075958760358e-01
7.084973075958760358e-01
1.306255903015638570e-02
1.306255903015638570e-02
7.311460906138462779e-01
7.311460906138462779e-01
1.359924730268881332e-01
1.359924730268881332e-01
1.199999999999999956e+00
1.199999999999999956e+00
4.279111259044809934e-01
4.279111259044809934e-01
8.013379969852094664e-01
8.013379969852094664e-01
4.420417229215607424e-01
4.420417229215607424e-01
1.199999999999999956e+00
1.199999999999999956e+00
7.551636376448431776e-01
7.551636376448431776e-01
4.828000562702168819e-01
4.828000562702168819e-01
1.934563688650136892e-01
1.934563688650136892e-01
4.699225130670971473e-01
4.699225130670971473e-01
3.722835805633251116e-01
3.722835805633251116e-01
2.350648767580911513e-01
2.350648767580911513e-01
1.199999999999999956e+00
1.199999999999999956e+00
1.109283636295669839e-01
1.109283636295669839e-01
5.607033499893819828e-01
5.607033499893819828e-01
4.982331949096105994e-01
4.982331949096105994e-01
1.796374208151215734e-01
1.796374208151215734e-01
2.024214900493915281e-01
2.024214900493915281e-01
4.551161133780032841e-01
4.551161133780032841e-01
3.813525771287581967e-01
3.813525771287581967e-01
6.569808624189887869e-01
6.569808624189887869e-01
1.876855368281075409e-01
1.876855368281075409e-01
2.639473798838348761e-01
2.639473798838348761e-01
1.058994406630595075e-01
1.058994406630595075e-01
1.199999999999999956e+00
1.199999999999999956e+00
9.543705855321792109e-02
9.543705855321792109e-02
1.811162314469287882e-01
1.811162314469287882e-01
2.085869844861902925e-02
2.085869844861902925e-02
5.517155105027574669e-01
5.517155105027574669e-01
2.099074608839711920e-01
2.099074608839711920e-01
1.433675717052401433e-01
1.433675717052401433e-01
1.199999999999999956e+00
1.199999999999999956e+00
3.133806018484416867e-02
3.133806018484416867e-02
3.576373184762724616e-02
3.576373184762724616e-02
1.199999999999999956e+00
1.199999999999999956e+00
5.285583332862892059e-01
5.285583332862892059e-01
1.199999999999999956e+00
1.199999999999999956e+00
7.467103974315985049e-01
7.467103974315985049e-01
1.411640775503315848e-01
1.411640775503315848e-01
1.199999999999999956e+00
1.199999999999999956e+00
1.512092212973866756e-01
1.512092212973866756e-01
6.118386941137419349e-02
6.118386941137419349e-02
6.446206001876828573e-01
6.446206001876828573e-01
4.119423033853915062e-01
4.119423033853915062e-01
1.754438196413573778e-02
1.754438196413573778e-02
1.199999999999999956e+00
1.199999999999999956e+00
2.713534858076120382e-01
2.713534858076120382e-01
3.098151987143749064e-01
3.098151987143749064e-01
1.199999999999999956e+00
1.199999999999999956e+00
2.787447831058094128e-01
2.787447831058094128e-01
1.872794284001330911e-01
1.872794284001330911e-01
5.943211114194451028e-01
5.943211114194451028e-01
3.371165446032065027e-02
3.371165446032065027e-02
1.199999999999999956e+00
1.199999999999999956e+00
1.199999999999999956e+00
1.199999999999999956e+00
1.199999999999999956e+00
1.199999999999999956e+00
1.199999999999999956e+00
1.199999999999999956e+00
4.248892448080385242e-01
4.248892448080385242e-01
7.189222153729762921e-01
7.189222153729762921e-01
2.025181254709313705e-01
2.025181254709313705e-01
1.381353094462259290e-01
1.381353094462259290e-01
1.468806208619924669e-01
1.468806208619924669e-01
1.199999999999999956e+00
1.199999999999999956e+00
2.899690430791281373e-02
2.899690430791281373e-02
1.116903251984966650e+00
1.116903251984966650e+00
3.813047789336145854e-01
3.813047789336145854e-01
4.980313925736596925e-01
4.980313925736596925e-01
3.478358337100476705e-01
3.478358337100476705e-01
1.199999999999999956e+00
1.199999999999999956e+00
3.194967707031947102e-01
3.194967707031947102e-01
4.190534367170892227e-02
4.190534367170892227e-02
2.297049200535756786e-01
2.297049200535756786e-01
1.998521500617844726e-01
1.998521500617844726e-01
2.380977133579279537e-01
2.380977133579279537e-01
1.199999999999999956e+00
1.199999999999999956e+00
6.190239860582001930e-01
6.190239860582001930e-01
4.931855979396552181e-01
4.931855979396552181e-01
7.632839088725136556e-02
7.632839088725136556e-02
1.199999999999999956e+00
1.199999999999999956e+00
1.199999999999999956e+00
1.199999999999999956e+00
1.199999999999999956e+00
1.199999999999999956e+00
1.857522028258902225e-01
1.857522028258902225e-01
5.895505975098356763e-03
5.895505975098356763e-03
4.547655758181408103e-01
4.547655758181408103e-01
4.973518042559389452e-01
4.973518042559389452e-01
1.040073407982815834e-01
1.040073407982815834e-01
3.491792652764896809e-01
3.491792652764896809e-01
1.508566832891186094e-01
1.508566832891186094e-01
4.812689929680748491e-01
4.812689929680748491e-01
6.994772247220024108e-02
6.994772247220024108e-02
2.887493110175765043e-01
2.887493110175765043e-01
4.381541840704769597e-01
4.381541840704769597e-01
2.295070148705285473e-01
2.295070148705285473e-01
1.359097153032456928e-01
1.359097153032456928e-01
1.227841573180486479e-01
1.227841573180486479e-01
5.229297833373928173e-01
5.229297833373928173e-01
2.183696817357172193e-01
2.183696817357172193e-01
9.329189740267727860e-04
9.329189740267727860e-04
5.603281434449892684e-01
5.603281434449892684e-01
3.130107450894924481e-01
3.130107450894924481e-01
3.526323242758519494e-01
3.526323242758519494e-01
4.364491315246070702e-01
4.364491315246070702e-01
6.200040747105989292e-01
6.200040747105989292e-01
6.585733361148591314e-01
6.585733361148591314e-01
1.199999999999999956e+00
1.199999999999999956e+00
4.292842090047648274e-01
4.292842090047648274e-01
1.353564510137465482e-01
1.353564510137465482e-01
1.199999999999999956e+00
1.199999999999999956e+00
3.005306387672037616e-01
3.005306387672037616e-01
2.142246857060587928e-01
2.142246857060587928e-01
1.199999999999999956e+00
1.199999999999999956e+00
4.420433396894751787e-02
4.420433396894751787e-02
1.199999999999999956e+00
1.199999999999999956e+00
1.199999999999999956e+00
1.199999999999999956e+00
1.884272640988461922e-01
1.884272640988461922e-01
2.195172895840605612e-02
2.195172895840605612e-02
3.833470800088248920e-01
3.833470800088248920e-01
1.009177259034731372e-03
1.009177259034731372e-03
1.199999999999999956e+00
1.199999999999999956e+00
1.199999999999999956e+00
1.199999999999999956e+00
2.890357239741260242e-01
2.890357239741260242e-01
9.371755480768073632e-02
9.371755480768073632e-02
1.706946060997578674e-01
1.706946060997578674e-01
6.215485504107850501e-01
6.215485504107850501e-01
1.199999999999999956e+00
1.199999999999999956e+00
2.352340122720025795e-01
2.352340122720025795e-01
1.199999999999999956e+00
1.199999999999999956e+00
3.897911243060758757e-01
3.897911243060758757e-01
1.199999999999999956e+00
1.199999999999999956e+00
9.629835371459703752e-02
9.629835371459703752e-02
1.853036658754547150e-01
1.853036658754547150e-01
1.030230171806126860e-01
1.030230171806126860e-01
5.624371492486942570e-01
5.624371492486942570e-01
1.755373999212495872e-01
1.755373999212495872e-01
1.001599942582408059e-01
1.001599942582408059e-01
6.300557765817380584e-01
6.300557765817380584e-01
1.194823657308743958e-01
1.194823657308743958e-01
2.219255676376906058e-02
2.219255676376906058e-02
1.199999999999999956e+00
1.199999999999999956e+00
1.199999999999999956e+00
1.199999999999999956e+00
1.199999999999999956e+00
1.199999999999999956e+00
1.199999999999999956e+00
1.199999999999999956e+00
1.199999999999999956e+00
1.199999999999999956e+00
1.582109469773957180e-02
1.582109469773957180e-02
1.553651047448473266e-01
1.553651047448473266e-01
1.199999999999999956e+00
1.199999999999999956e+00
3.372957949060595428e-01
3.372957949060595428e-01
5.842483939624346645e-01
5.842483939624346645e-01
2.320583016608349647e-01
2.320583016608349647e-01
3.972723418592634670e-01
3.972723418592634670e-01
3.047642926464265711e-01
3.047642926464265711e-01
1.199999999999999956e+00
1.199999999999999956e+00
3.014994238098507306e-01
3.014994238098507306e-01
2.442790586307876655e-01
2.442790586307876655e-01
4.199360054347425764e-01
4.199360054347425764e-01
3.619891168943422527e-02
3.619891168943422527e-02
5.284541016706819638e-01
5.284541016706819638e-01
1.084138053590322670e+00
1.084138053590322670e+00
1.181615816160364596e-01
1.181615816160364596e-01
3.402859625642909447e-01
3.402859625642909447e-01
4.332442947362154240e-02
4.332442947362154240e-02
6.721389481466567561e-01
6.721389481466567561e-01
2.818391980419036186e-02
2.818391980419036186e-02
3.168866056629462968e-01
3.168866056629462968e-01
9.584318167957616152e-01
9.584318167957616152e-01
5.025403606161141790e-01
5.025403606161141790e-01
2.085282638106740749e-01
2.085282638106740749e-01
4.949285458454275033e-02
4.949285458454275033e-02
2.563722356007087644e-01
2.563722356007087644e-01
1.199999999999999956e+00
1.199999999999999956e+00
4.522391377569734416e-01
4.522391377569734416e-01
9.834915328700536419e-01
9.834915328700536419e-01
1.321572193347506918e-01
1.321572193347506918e-01
5.327212905852953817e-01
5.327212905852953817e-01
9.184473314651367404e-02
9.184473314651367404e-02
3.715248636822196526e-03
3.715248636822196526e-03
7.712229468034351720e-01
7.712229468034351720e-01
2.453675843589590289e-01
2.453675843589590289e-01
3.524324064923362587e-01
3.524324064923362587e-01
2.661177437804846946e-01
2.661177437804846946e-01
7.042459713985236291e-01
7.042459713985236291e-01
2.977431060905458282e-02
2.977431060905458282e-02
1.199999999999999956e+00
1.199999999999999956e+00
6.856765145510158588e-01
6.856765145510158588e-01
4.238017370043691834e-01
4.238017370043691834e-01
1.963348230738595768e-02
1.963348230738595768e-02
1.022401166801881200e-01
1.022401166801881200e-01
1.623020908965940867e-01
1.623020908965940867e-01
1.986085411893160901e-01
1.986085411893160901e-01
6.426788935940498382e-01
6.426788935940498382e-01
8.975396710782345133e-01
8.975396710782345133e-01
3.247166146354006355e-01
3.247166146354006355e-01
7.148924433371713905e-01
7.148924433371713905e-01
3.087010429705523418e-01
3.087010429705523418e-01
1.390223061480049538e-01
1.390223061480049538e-01
3.271618558286022438e-01
3.271618558286022438e-01
1.146088591570603027e-01
1.146088591570603027e-01
1.003212390215692668e-01
1.003212390215692668e-01
3.642882465973084627e-01
3.642882465973084627e-01
2.318794948341674697e-02
2.318794948341674697e-02
6.626521453237455006e-01
6.626521453237455006e-01
1.199999999999999956e+00
1.199999999999999956e+00
1.757772331623648210e-01
1.757772331623648210e-01
1.199999999999999956e+00
1.199999999999999956e+00
4.004394486619314297e-01
4.004394486619314297e-01
6.752034620643132534e-01
6.752034620643132534e-01
3.653775943875054583e-02
3.653775943875054583e-02
1.199999999999999956e+00
1.199999999999999956e+00
1.938510773741192184e-01
1.938510773741192184e-01
1.008530756796918726e-01
1.008530756796918726e-01
2.681828824093550057e-01
2.681828824093550057e-01
7.570377135722274886e-01
7.570377135722274886e-01
5.328175192894281376e-02
5.328175192894281376e-02
4.095756152016014062e-01
4.095756152016014062e-01
2.751059299464048702e-01
2.751059299464048702e-01
1.746826433002628687e-01
1.746826433002628687e-01
7.881812759707172988e-01
7.881812759707172988e-01
1.263935943960741992e-01
1.263935943960741992e-01
2.355802165492826283e-01
2.355802165492826283e-01
1.178319036463458258e-01
1.178319036463458258e-01
1.199999999999999956e+00
1.199999999999999956e+00
2.635087114854781087e-01
2.635087114854781087e-01
1.436529773249379527e-01
1.436529773249379527e-01
7.928802942459003411e-01
7.928802942459003411e-01
2.324238683938731342e-01
2.324238683938731342e-01
2.329422444212495558e-01
2.329422444212495558e-01
9.784477166979617391e-03
9.784477166979617391e-03
1.199999999999999956e+00
1.199999999999999956e+00
2.494754447442955603e-01
2.494754447442955603e-01
2.715992372965070900e-01
2.715992372965070900e-01
7.727654089492236311e-02
7.727654089492236311e-02
6.418187470750517098e-01
6.418187470750517098e-01
2.790768495659708137e-02
2.790768495659708137e-02
3.298451034081246735e-01
3.298451034081246735e-01
1.245297126999346526e-01
1.245297126999346526e-01
4.349331498488704928e-01
4.349331498488704928e-01
1.267433343914531607e-01
1.267433343914531607e-01
5.401208602413992699e-02
5.401208602413992699e-02
6.785630023362482222e-01
6.785630023362482222e-01
1.042292013240210535e-01
1.042292013240210535e-01
2.406026746695713592e-01
2.406026746695713592e-01
4.086706135018916553e-01
4.086706135018916553e-01
3.917883745736527867e-01
3.917883745736527867e-01
3.156365901078447139e-02
3.156365901078447139e-02
3.061436956410911736e-01
3.061436956410911736e-01
2.523910251041967118e-02
2.523910251041967118e-02
3.361446239482481224e-01
3.361446239482481224e-01
7.382266941141844008e-01
7.382266941141844008e-01
4.903009526882582958e-01
4.903009526882582958e-01
9.090072113138986110e-02
9.090072113138986110e-02
1.223254015463413544e-02
1.223254015463413544e-02
6.091337683989681007e-02
6.091337683989681007e-02
1.199999999999999956e+00
1.199999999999999956e+00
7.288160589098146014e-01
7.288160589098146014e-01
6.377231809893580960e-01
6.377231809893580960e-01
5.189943347083059155e-01
5.189943347083059155e-01
5.029764244738631485e-01
5.029764244738631485e-01
3.101549587197927060e-01
3.101549587197927060e-01
1.976075044583492091e-01
1.976075044583492091e-01
1.794166712140917719e-01
1.794166712140917719e-01
4.820748587887781489e-01
4.820748587887781489e-01
3.973239139068446280e-02
3.973239139068446280e-02
1.497297526465375950e-01
1.497297526465375950e-01
1.412534805085356171e-01
1.412534805085356171e-01
4.712347185390458049e-01
4.712347185390458049e-01
1.000316719276361233e-01
1.000316719276361233e-01
1.163622907236412818e+00
1.163622907236412818e+00
3.787574444779728822e-01
3.787574444779728822e-01
6.230528349500439322e-01
6.230528349500439322e-01
7.053980560242319175e-02
7.053980560242319175e-02
1.633587707016567747e-01
1.633587707016567747e-01
1.199999999999999956e+00
1.199999999999999956e+00
2.439726188569341370e-01
2.439726188569341370e-01
4.738200955758728461e-02
4.738200955758728461e-02
1.199999999999999956e+00
1.199999999999999956e+00
6.208704551420304862e-02
6.208704551420304862e-02
1.199999999999999956e+00
1.199999999999999956e+00
3.659704873073518772e-01
3.659704873073518772e-01
7.573308041697635051e-01
7.573308041697635051e-01
3.627199440711793010e-01
3.627199440711793010e-01
1.199999999999999956e+00
1.199999999999999956e+00
1.153646090527931864e-02
1.153646090527931864e-02
3.855816467194793373e-02
3.855816467194793373e-02
8.186984288113150487e-01
8.186984288113150487e-01
1.199999999999999956e+00
1.199999999999999956e+00
6.540838437814934236e-01
6.540838437814934236e-01
2.921736590735875549e-01
2.921736590735875549e-01
6.463961770592160372e-01
6.463961770592160372e-01
4.692371754868103761e-01
4.692371754868103761e-01
2.780301425179744768e-01
2.780301425179744768e-01
6.508315693161516313e-02
6.508315693161516313e-02
1.497384669605730245e-01
1.497384669605730245e-01
1.199999999999999956e+00
1.199999999999999956e+00
1.199999999999999956e+00
1.199999999999999956e+00
7.500735320146617591e-02
7.500735320146617591e-02
1.199999999999999956e+00
1.199999999999999956e+00
6.173248315076315107e-01
6.173248315076315107e-01
9.598387125817436916e-02
9.598387125817436916e-02
7.031560282562319963e-02
7.031560282562319963e-02
1.199999999999999956e+00
1.199999999999999956e+00
3.553996248504645572e-01
3.553996248504645572e-01
5.854944122978074095e-01
5.854944122978074095e-01
3.475821339765663431e-01
3.475821339765663431e-01
1.199999999999999956e+00
1.199999999999999956e+00
8.065230383577820517e-01
8.065230383577820517e-01
7.085952466461306054e-01
7.085952466461306054e-01
6.622606154450191296e-01
6.622606154450191296e-01
4.727974330819992299e-02
4.727974330819992299e-02
5.710564697502468201e-01
5.710564697502468201e-01
5.688380776453855203e-02
5.688380776453855203e-02
1.987590515859465334e-01
1.987590515859465334e-01
1.199999999999999956e+00
1.199999999999999956e+00
1.199999999999999956e+00
1.199999999999999956e+00
1.901759810447227125e-02
1.901759810447227125e-02
1.562514391958082574e-02
1.562514391958082574e-02
7.042570313655775738e-02
7.042570313655775738e-02
5.104078798598946642e-01
5.104078798598946642e-01
7.185014468683658118e-01
7.185014468683658118e-01
7.939833485450081829e-02
7.939833485450081829e-02
1.693307145714302853e-01
1.693307145714302853e-01
4.603478454877032444e-01
4.603478454877032444e-01
1.199999999999999956e+00
1.199999999999999956e+00
4.669701711624061891e-01
4.669701711624061891e-01
1.825432484044842846e-02
1.825432484044842846e-02
2.826080094955045752e-01
2.826080094955045752e-01
1.202739342459601818e-01
1.202739342459601818e-01
2.239490863108823879e-02
2.239490863108823879e-02
2.375468707512873312e-01
2.375468707512873312e-01
5.513855053456804406e-02
5.513855053456804406e-02
4.956211809834020210e-01
4.956211809834020210e-01
2.775521575962059950e-01
2.775521575962059950e-01
1.241856945440738685e-01
1.241856945440738685e-01
6.829686758010407310e-02
6.829686758010407310e-02
3.790506514132058191e-01
3.790506514132058191e-01
5.080408815769971165e-02
5.080408815769971165e-02
4.218166569655486531e-01
4.218166569655486531e-01
5.943963369071926239e-01
5.943963369071926239e-01
2.349645205943180770e-02
2.349645205943180770e-02
1.199999999999999956e+00
1.199999999999999956e+00
6.416338082236476559e-02
6.416338082236476559e-02
4.250039975090522115e-02
4.250039975090522115e-02
5.043835320672938188e-02
5.043835320672938188e-02
6.598099083349920346e-02
6.598099083349920346e-02
1.383548471246494049e-01
1.383548471246494049e-01
2.318407968783671169e-01
2.318407968783671169e-01
3.465921482216418603e-01
3.465921482216418603e-01
5.088102933476712497e-01
5.088102933476712497e-01
2.845975918813340444e-01
2.845975918813340444e-01
4.488869109595938073e-02
4.488869109595938073e-02
4.635231772082195473e-02
4.635231772082195473e-02
1.034525851267461410e-01
1.034525851267461410e-01
1.057908878341610875e-01
1.057908878341610875e-01
5.424333015553538528e-01
5.424333015553538528e-01
4.643646479635896163e-02
4.643646479635896163e-02
1.199999999999999956e+00
1.199999999999999956e+00
1.660634654975855495e-01
1.660634654975855495e-01
4.422843557011880977e-02
4.422843557011880977e-02
1.916670139420309504e-02
1.916670139420309504e-02
9.760694047931638140e-03
9.760694047931638140e-03
2.110453604460167110e-01
2.110453604460167110e-01
3.956328107135260175e-01
3.956328107135260175e-01
1.525253581749353993e-01
1.525253581749353993e-01
8.324640020219995495e-01
8.324640020219995495e-01
2.588923468380395498e-02
2.588923468380395498e-02
7.752326875872597167e-01
7.752326875872597167e-01
4.775978313108287243e-01
4.775978313108287243e-01
7.661919277503824732e-01
7.661919277503824732e-01
1.199999999999999956e+00
1.199999999999999956e+00
1.199999999999999956e+00
1.199999999999999956e+00
4.224140152211486310e-01
4.224140152211486310e-01
1.321812408758728241e-01
1.321812408758728241e-01
1.101786725906483827e-01
1.101786725906483827e-01
1.306626911843292438e-01
1.306626911843292438e-01
6.621588771599040690e-01
6.621588771599040690e-01
1.861359928605949010e-01
1.861359928605949010e-01
6.326912114993534786e-01
6.326912114993534786e-01
5.648878595163553396e-01
5.648878595163553396e-01
4.236454884748266925e-01
4.236454884748266925e-01
3.915345158766290190e-01
3.915345158766290190e-01
1.199999999999999956e+00
1.199999999999999956e+00
1.589109760653426850e-01
1.589109760653426850e-01
4.262375953392919664e-02
4.262375953392919664e-02
2.404398618550319111e-01
2.404398618550319111e-01
3.581092528932889874e-01
3.581092528932889874e-01
2.536136595962139306e-02
2.536136595962139306e-02
1.199999999999999956e+00
1.199999999999999956e+00
7.545572164532965420e-02
7.545572164532965420e-02
3.355470289731214972e-01
3.355470289731214972e-01
5.365622298365868570e-01
5.365622298365868570e-01
1.199999999999999956e+00
1.199999999999999956e+00
1.805218024980970171e-01
1.805218024980970171e-01
1.556736451199179916e-01
1.556736451199179916e-01
1.876803791695340617e-01
1.876803791695340617e-01
2.189329710621571723e-01
2.189329710621571723e-01
5.606929575851531400e-01
5.606929575851531400e-01
1.791941914140339209e-01
1.791941914140339209e-01
1.115973043897789951e-01
1.115973043897789951e-01
4.405938216618873193e-01
4.405938216618873193e-01
1.199999999999999956e+00
1.199999999999999956e+00
6.236059630244189522e-02
6.236059630244189522e-02
6.381441989412307836e-02
6.381441989412307836e-02
2.672157965147392220e-02
2.672157965147392220e-02
7.709886458016760313e-01
7.709886458016760313e-01
5.082358144892581420e-01
5.082358144892581420e-01
1.199999999999999956e+00
1.199999999999999956e+00
3.456385599449270374e-01
3.456385599449270374e-01
1.199999999999999956e+00
1.199999999999999956e+00
3.527758057453149743e-01
3.527758057453149743e-01
2.902825064765909846e-01
2.902825064765909846e-01
1.168535792379433169e-01
1.168535792379433169e-01
1.199999999999999956e+00
1.199999999999999956e+00
1.199999999999999956e+00
1.199999999999999956e+00
6.084519089313322748e-01
6.084519089313322748e-01
7.115231964265740505e-02
7.115231964265740505e-02
6.084875129288301876e-01
6.084875129288301876e-01
2.610607519373424057e-01
2.610607519373424057e-01
6.546616448989146797e-02
6.546616448989146797e-02
7.673894098283498555e-02
7.673894098283498555e-02
1.199999999999999956e+00
1.199999999999999956e+00
8.001187905345040485e-02
8.001187905345040485e-02
2.259126889930991866e-01
2.259126889930991866e-01
3.067127611165195722e-01
3.067127611165195722e-01
4.152727948972466665e-01
4.152727948972466665e-01
2.392921137342638449e-01
2.392921137342638449e-01
2.481431262131605919e-01
2.481431262131605919e-01
4.192514227216572742e-01
4.192514227216572742e-01
6.025935759555882676e-01
6.025935759555882676e-01
8.699087936889304817e-02
8.699087936889304817e-02
1.199999999999999956e+00
1.199999999999999956e+00
2.373657515436742860e-01
2.373657515436742860e-01
1.422151813742065785e-01
1.422151813742065785e-01
1.199999999999999956e+00
1.199999999999999956e+00
1.390954578418957810e-01
1.390954578418957810e-01
1.227335522855741989e-01
1.227335522855741989e-01
2.630990284937616552e-01
2.630990284937616552e-01
5.635889556062918804e-02
5.635889556062918804e-02
3.514377068583459662e-01
3.514377068583459662e-01
3.117090305214105603e-04
3.117090305214105603e-04
1.199999999999999956e+00
1.199999999999999956e+00
1.237405784792323937e-01
1.237405784792323937e-01
4.291109277657456644e-01
4.291109277657456644e-01
1.554244219799409965e-01
1.554244219799409965e-01
5.084115756750601234e-02
5.084115756750601234e-02
2.246890025905059207e-01
2.246890025905059207e-01
1.024914163934951966e-01
1.024914163934951966e-01
2.010795903426657039e-01
2.010795903426657039e-01
1.199999999999999956e+00
1.199999999999999956e+00
5.021701853997181941e-02
5.021701853997181941e-02
1.110824645361189744e-01
1.110824645361189744e-01
2.292713057539603472e-01
2.292713057539603472e-01
2.765049782512620236e-01
2.765049782512620236e-01
8.713100997603817621e-02
8.713100997603817621e-02
4.142142414773776482e-02
4.142142414773776482e-02
3.893555138224709666e-01
3.893555138224709666e-01
3.455020402694866100e-01
3.455020402694866100e-01
1.416080793433359495e-03
1.416080793433359495e-03
2.658538802110405608e-01
2.658538802110405608e-01
8.072811174911603480e-03
8.072811174911603480e-03
8.507665044048841330e-02
8.507665044048841330e-02
3.935622032739671261e-01
3.935622032739671261e-01
3.278499687943019492e-01
3.278499687943019492e-01
3.004493955955475637e-01
3.004493955955475637e-01
1.853448325776016203e-01
1.853448325776016203e-01
2.535966421141011007e-01
2.535966421141011007e-01
1.004909273812108622e-01
1.004909273812108622e-01
1.788391119218630254e-01
1.788391119218630254e-01
7.917580205348785649e-02
7.917580205348785649e-02
2.689937661028253824e-01
2.689937661028253824e-01
1.663339567139068276e-01
1.663339567139068276e-01
8.096515466747677969e-02
8.096515466747677969e-02
3.268002717787013012e-01
3.268002717787013012e-01
8.354332465011076181e-01
8.354332465011076181e-01
4.660388617778397080e-01
4.660388617778397080e-01
2.209875411432075110e-01
2.209875411432075110e-01
1.179806365614717578e-03
1.179806365614717578e-03
5.154160423741890318e-01
5.154160423741890318e-01
1.199999999999999956e+00
1.199999999999999956e+00
2.510810618240892356e-01
2.510810618240892356e-01
