5.971441661608075657e-01
5.971441661608075657e-01
7.956233238731429402e-01
7.956233238731429402e-01
1.199999999999999956e+00
1.199999999999999956e+00
1.199999999999999956e+00
1.199999999999999956e+00
1.199999999999999956e+00
1.199999999999999956e+00
1.199999999999999956e+00
1.199999999999999956e+00
5.804952963379887976e-01
5.804952963379887976e-01
2.438164572128577179e-01
2.438164572128577179e-01
3.252679331233839788e-01
3.252679331233839788e-01
1.199999999999999956e+00
1.199999999999999956e+00
1.707428862810376341e-02
1.707428862810376341e-02
1.199999999999999956e+00
1.199999999999999956e+00
2.434169034629756617e-02
2.434169034629756617e-02
1.199999999999999956e+00
1.199999999999999956e+00
1.581521587056394229e-01
1.581521587056394229e-01
2.026832995271131976e-01
2.026832995271131976e-01
2.323275391347194851e-01
2.323275391347194851e-01
2.152583429387576186e-01
2.152583429387576186e-01
7.873772135166228203e-01
7.873772135166228203e-01
1.199999999999999956e+00
1.199999999999999956e+00
1.199999999999999956e+00
1.199999999999999956e+00
2.071313660758947184e-02
2.071313660758947184e-02
2.350604503150200419e-01
2.350604503150200419e-01
1.199999999999999956e+00
1.199999999999999956e+00
1.081780295281008053e+00
1.081780295281008053e+00
4.063468622267503161e-01
4.063468622267503161e-01
6.145424157247093844e-02
6.145424157247093844e-02
1.199999999999999956e+00
1.199999999999999956e+00
1.199999999999999956e+00
1.199999999999999956e+00
2.732887110613241854e-01
2.732887110613241854e-01
4.188695175389554048e-01
4.188695175389554048e-01
2.911403883918388114e-01
2.911403883918388114e-01
1.199999999999999956e+00
1.199999999999999956e+00
3.975535548545226505e-01
3.975535548545226505e-01
1.199999999999999956e+00
1.199999999999999956e+00
5.015663525458975702e-02
5.015663525458975702e-02
2.277963642411798273e-01
2.277963642411798273e-01
3.310767731151289528e-01
3.310767731151289528e-01
3.111696630070467373e-01
3.111696630070467373e-01
1.199999999999999956e+00
1.199999999999999956e+00
2.697606816846113698e-01
2.697606816846113698e-01
9.880393120803471207e-02
9.880393120803471207e-02
4.738250305246407001e-01
4.738250305246407001e-01
1.199999999999999956e+00
1.199999999999999956e+00
4.241520499911284325e-01
4.241520499911284325e-01
1.199999999999999956e+00
1.199999999999999956e+00
6.501931919655875580e-01
6.501931919655875580e-01
3.791451224215256488e-01
3.791451224215256488e-01
1.065822154783602899e-01
1.065822154783602899e-01
1.821943410901543936e-01
1.821943410901543936e-01
1.056480343951250456e-01
1.056480343951250456e-01
2.802589187046875541e-01
2.802589187046875541e-01
2.608862239255362314e-01
2.608862239255362314e-01
2.150581373801984941e-01
2.150581373801984941e-01
2.034935714561260933e-01
2.034935714561260933e-01
1.073382759030271361e-01
1.073382759030271361e-01
5.198755382030475491e-01
5.198755382030475491e-01
1.583945719996231738e-01
1.583945719996231738e-01
8.275232834324831865e-02
8.275232834324831865e-02
1.490162737717289909e-01
1.490162737717289909e-01
1.199999999999999956e+00
1.199999999999999956e+00
1.005704426951858771e-01
1.005704426951858771e-01
1.199999999999999956e+00
1.199999999999999956e+00
2.691855644454397845e-01
2.691855644454397845e-01
1.836510639977993187e-01
1.836510639977993187e-01
1.609101896482793559e-01
1.609101896482793559e-01
3.667996535456680487e-03
3.667996535456680487e-03
1.199999999999999956e+00
1.199999999999999956e+00
1.492061786109925570e-01
1.492061786109925570e-01
4.644857916617293192e-01
4.644857916617293192e-01
1.199999999999999956e+00
1.199999999999999956e+00
2.158612896560618832e-02
2.158612896560618832e-02
1.199999999999999956e+00
1.199999999999999956e+00
1.199999999999999956e+00
1.199999999999999956e+00
1.199999999999999956e+00
1.199999999999999956e+00
3.911996735933660485e-01
3.911996735933660485e-01
1.199999999999999956e+00
1.199999999999999956e+00
1.199999999999999956e+00
1.199999999999999956e+00
5.105255016798803114e-01
5.105255016798803114e-01
4.348732784913420663e-02
4.348732784913420663e-02
1.042319399642148564e-01
1.042319399642148564e-01
2.725160561570573806e-02
2.725160561570573806e-02
7.151210042073363748e-01
7.151210042073363748e-01
2.668199438570409976e-01
2.668199438570409976e-01
4.969492104013352729e-01
4.969492104013352729e-01
2.791695312716175326e-01
2.791695312716175326e-01
1.199999999999999956e+00
1.199999999999999956e+00
1.199999999999999956e+00
1.199999999999999956e+00
1.199999999999999956e+00
1.199999999999999956e+00
1.199999999999999956e+00
1.199999999999999956e+00
1.802490560025119815e-01
1.802490560025119815e-01
5.326087896789719611e-01
5.326087896789719611e-01
1.199999999999999956e+00
1.199999999999999956e+00
2.782611326909610328e-01
2.782611326909610328e-01
7.893017587050085715e-02
7.893017587050085715e-02
1.199999999999999956e+00
1.199999999999999956e+00
1.311672408362318798e-01
1.311672408362318798e-01
1.199999999999999956e+00
1.199999999999999956e+00
1.623407913118128931e-01
1.623407913118128931e-01
3.243140166094405363e-01
3.243140166094405363e-01
2.100027094303019704e-01
2.100027094303019704e-01
2.567477252621603312e-01
2.567477252621603312e-01
1.199999999999999956e+00
1.199999999999999956e+00
1.160063294844695669e-01
1.160063294844695669e-01
1.199999999999999956e+00
1.199999999999999956e+00
7.485660810777093610e-02
7.485660810777093610e-02
5.147200653190926456e-01
5.147200653190926456e-01
1.199999999999999956e+00
1.199999999999999956e+00
4.958337070110476197e-01
4.958337070110476197e-01
9.578835510198252523e-02
9.578835510198252523e-02
3.048279159914688008e-02
3.048279159914688008e-02
7.372455528633341526e-01
7.372455528633341526e-01
1.199999999999999956e+00
1.199999999999999956e+00
5.994961538903341713e-01
5.994961538903341713e-01
1.525452585415555673e-01
1.525452585415555673e-01
2.802083211829929366e-01
2.802083211829929366e-01
8.302839154366775665e-02
8.302839154366775665e-02
3.980970230534395804e-01
3.980970230534395804e-01
4.908678508034550747e-01
4.908678508034550747e-01
1.199999999999999956e+00
1.199999999999999956e+00
1.199999999999999956e+00
1.199999999999999956e+00
5.441821297742491237e-02
5.441821297742491237e-02
2.116760890714070864e-01
2.116760890714070864e-01
1.446746102267736367e-01
1.446746102267736367e-01
3.650583483699560566e-02
3.650583483699560566e-02
3.498682792434732458e-01
3.498682792434732458e-01
8.155274042808041690e-02
8.155274042808041690e-02
1.199999999999999956e+00
1.199999999999999956e+00
6.657173541336079969e-01
6.657173541336079969e-01
1.199999999999999956e+00
1.199999999999999956e+00
1.199999999999999956e+00
1.199999999999999956e+00
1.199999999999999956e+00
1.199999999999999956e+00
2.927760890976676134e-01
2.927760890976676134e-01
2.364624397580811221e-02
2.364624397580811221e-02
2.890967622810698967e-01
2.890967622810698967e-01
6.875748558896450646e-01
6.875748558896450646e-01
1.311997036513628812e-01
1.311997036513628812e-01
3.355595371280880035e-01
3.355595371280880035e-01
7.993291092215723537e-02
7.993291092215723537e-02
1.522319599847116178e-01
1.522319599847116178e-01
1.002340434810524566e-01
1.002340434810524566e-01
1.199999999999999956e+00
1.199999999999999956e+00
1.130021139904783811e-01
1.130021139904783811e-01
6.784015690470597271e-01
6.784015690470597271e-01
7.104971040764422874e-01
7.104971040764422874e-01
6.308015219560945130e-01
6.308015219560945130e-01
5.911458672012527560e-02
5.911458672012527560e-02
1.199999999999999956e+00
1.199999999999999956e+00
2.520511394590176368e-01
2.520511394590176368e-01
4.137969662736480370e-01
4.137969662736480370e-01
3.454757999794726420e-01
3.454757999794726420e-01
6.197118706598122584e-01
6.197118706598122584e-01
7.215731397440845463e-01
7.215731397440845463e-01
6.638803607381587035e-01
6.638803607381587035e-01
5.919022780824535479e-01
5.919022780824535479e-01
2.167406379566998997e-01
2.167406379566998997e-01
7.655398691332523931e-02
7.655398691332523931e-02
3.014821809157752774e-01
3.014821809157752774e-01
2.386232387657772902e-01
2.386232387657772902e-01
3.406407810970484840e-01
3.406407810970484840e-01
1.525479939585579758e-01
1.525479939585579758e-01
3.277607834322953106e-01
3.277607834322953106e-01
1.199999999999999956e+00
1.199999999999999956e+00
6.094584125865682989e-01
6.094584125865682989e-01
1.199999999999999956e+00
1.199999999999999956e+00
1.397507263510029130e-01
1.397507263510029130e-01
1.576892707429198015e-01
1.576892707429198015e-01
1.199999999999999956e+00
1.199999999999999956e+00
4.184065152582364111e-01
4.184065152582364111e-01
1.199999999999999956e+00
1.199999999999999956e+00
3.989888115681742842e-01
3.989888115681742842e-01
4.767079995969163986e-01
4.767079995969163986e-01
1.199999999999999956e+00
1.199999999999999956e+00
4.713657812708328954e-01
4.713657812708328954e-01
4.180149098329182245e-01
4.180149098329182245e-01
2.512028702782970191e-01
2.512028702782970191e-01
1.730008194472827943e-01
1.730008194472827943e-01
3.108835343732806455e-01
3.108835343732806455e-01
3.000542016969068304e-01
3.000542016969068304e-01
5.176269690387276246e-01
5.176269690387276246e-01
2.535883778960796864e-01
2.535883778960796864e-01
6.439706965299900332e-02
6.439706965299900332e-02
7.847863562802270820e-02
7.847863562802270820e-02
4.864689473823159971e-01
4.864689473823159971e-01
8.587526163683656399e-01
8.587526163683656399e-01
1.527274543546913721e-01
1.527274543546913721e-01
6.156680780027929956e-01
6.156680780027929956e-01
5.301822404519888066e-01
5.301822404519888066e-01
1.356634592058648947e-01
1.356634592058648947e-01
1.422207103480222640e-02
1.422207103480222640e-02
1.199999999999999956e+00
1.199999999999999956e+00
1.778064484464637884e-01
1.778064484464637884e-01
1.199999999999999956e+00
1.199999999999999956e+00
4.164481470966979737e-01
4.164481470966979737e-01
4.052077513776407292e-02
4.052077513776407292e-02
1.199999999999999956e+00
1.199999999999999956e+00
1.199999999999999956e+00
1.199999999999999956e+00
1.199999999999999956e+00
1.199999999999999956e+00
4.821096914053288884e-01
4.821096914053288884e-01
2.602328986850188097e-01
2.602328986850188097e-01
5.560879912955359050e-02
5.560879912955359050e-02
1.199999999999999956e+00
1.199999999999999956e+00
1.199999999999999956e+00
1.199999999999999956e+00
1.199999999999999956e+00
1.199999999999999956e+00
2.871031093873530615e-01
2.871031093873530615e-01
1.199999999999999956e+00
1.199999999999999956e+00
1.199999999999999956e+00
1.199999999999999956e+00
4.168478194803490466e-01
4.168478194803490466e-01
6.032384376978499052e-01
6.032384376978499052e-01
4.524462049748657622e-01
4.524462049748657622e-01
3.424817651026703658e-01
3.424817651026703658e-01
1.508646898642004297e-01
1.508646898642004297e-01
7.863344829957339410e-01
7.863344829957339410e-01
3.801569575838477100e-01
3.801569575838477100e-01
2.194793778786149618e-01
2.194793778786149618e-01
1.665558910650623003e-01
1.665558910650623003e-01
2.179628574106411976e-01
2.179628574106411976e-01
1.283213707256610492e-01
1.283213707256610492e-01
4.098330307940519224e-01
4.098330307940519224e-01
2.030840534100090500e-04
2.030840534100090500e-04
5.024915691348000868e-01
5.024915691348000868e-01
2.062029867366215186e-01
2.062029867366215186e-01
4.073208100886033245e-01
4.073208100886033245e-01
1.083607598523262494e+00
1.083607598523262494e+00
3.584671001383483713e-01
3.584671001383483713e-01
7.285153681978949816e-03
7.285153681978949816e-03
1.199999999999999956e+00
1.199999999999999956e+00
4.521541637483120768e-01
4.521541637483120768e-01
3.277615882556368376e-01
3.277615882556368376e-01
1.287865630379053383e-01
1.287865630379053383e-01
8.198600342668688201e-02
8.198600342668688201e-02
1.199999999999999956e+00
1.199999999999999956e+00
6.032011801622610969e-01
6.032011801622610969e-01
3.922019696456024995e-01
3.922019696456024995e-01
3.372959703416182897e-01
3.372959703416182897e-01
1.199999999999999956e+00
1.199999999999999956e+00
1.199999999999999956e+00
1.199999999999999956e+00
4.203606497222951432e-01
4.203606497222951432e-01
9.571548394842853691e-01
9.571548394842853691e-01
5.798664909524970934e-01
5.798664909524970934e-01
5.163320505503732338e-01
5.163320505503732338e-01
2.550464237231110376e-01
2.550464237231110376e-01
1.176780031318717668e-01
1.176780031318717668e-01
7.516420850214668992e-01
7.516420850214668992e-01
9.261155927748451200e-01
9.261155927748451200e-01
1.363252289112561744e-01
1.363252289112561744e-01
1.199999999999999956e+00
1.199999999999999956e+00
1.747261400266025000e-01
1.747261400266025000e-01
2.607949275965060210e-01
2.607949275965060210e-01
2.815664217234122302e-01
2.815664217234122302e-01
3.868838964516574386e-01
3.868838964516574386e-01
5.243711352002730086e-01
5.243711352002730086e-01
1.098831908126820106e-01
1.098831908126820106e-01
8.457142504291375040e-01
8.457142504291375040e-01
1.146285607282897107e-01
1.146285607282897107e-01
5.018686536981404878e-01
5.018686536981404878e-01
2.831043136067024069e-01
2.831043136067024069e-01
6.474314617898616064e-02
6.474314617898616064e-02
1.199999999999999956e+00
1.199999999999999956e+00
6.282246794269454870e-01
6.282246794269454870e-01
1.199999999999999956e+00
1.199999999999999956e+00
4.333567752356362601e-01
4.333567752356362601e-01
5.002337726422195763e-01
5.002337726422195763e-01
4.394712403398662315e-01
4.394712403398662315e-01
2.591080868156172001e-01
2.591080868156172001e-01
1.199999999999999956e+00
1.199999999999999956e+00
9.850779267920819482e-01
9.850779267920819482e-01
5.919574915606616861e-01
5.919574915606616861e-01
1.603893877908384447e-01
1.603893877908384447e-01
3.384535007279693142e-01
3.384535007279693142e-01
5.135855937788960657e-02
5.135855937788960657e-02
1.199999999999999956e+00
1.199999999999999956e+00
4.347278449922225008e-01
4.347278449922225008e-01
2.724625427793219701e-01
2.724625427793219701e-01
1.878298159364288067e-01
1.878298159364288067e-01
8.021578721033102433e-01
8.021578721033102433e-01
7.887039212903910190e-01
7.887039212903910190e-01
1.881603522419552643e-01
1.881603522419552643e-01
1.199999999999999956e+00
1.199999999999999956e+00
4.145709320446613333e-01
4.145709320446613333e-01
5.461330935192731939e-01
5.461330935192731939e-01
1.199999999999999956e+00
1.199999999999999956e+00
5.324916009505037406e-01
5.324916009505037406e-01
3.485225634578511533e-01
3.485225634578511533e-01
1.199999999999999956e+00
1.199999999999999956e+00
1.710483009512172581e-01
1.710483009512172581e-01
9.816140009671653344e-02
9.816140009671653344e-02
6.582721433904716868e-01
6.582721433904716868e-01
7.095398679212165938e-01
7.095398679212165938e-01
5.329211195712700855e-01
5.329211195712700855e-01
7.363998803114409908e-01
7.363998803114409908e-01
1.296757544735964163e-01
1.296757544735964163e-01
1.748509557884104226e-01
1.748509557884104226e-01
5.771844209076241183e-01
5.771844209076241183e-01
2.773258257295171392e-01
2.773258257295171392e-01
9.966733042887677974e-02
9.966733042887677974e-02
3.964887094781908150e-01
3.964887094781908150e-01
5.089517331202874084e-01
5.089517331202874084e-01
5.275886405481791108e-01
5.275886405481791108e-01
1.199999999999999956e+00
1.199999999999999956e+00
1.199999999999999956e+00
1.199999999999999956e+00
5.190639144153554041e-02
5.190639144153554041e-02
4.303596931811949355e-01
4.303596931811949355e-01
4.297919620739580338e-01
4.297919620739580338e-01
4.652324416422283782e-01
4.652324416422283782e-01
2.203884639661853884e-01
2.203884639661853884e-01
2.255198222026348620e-02
2.255198222026348620e-02
5.025851668757728152e-01
5.025851668757728152e-01
5.029378162999875723e-01
5.029378162999875723e-01
8.239894477893655589e-02
8.239894477893655589e-02
1.921077758777248734e-01
1.921077758777248734e-01
1.199999999999999956e+00
1.199999999999999956e+00
1.199999999999999956e+00
1.199999999999999956e+00
1.199999999999999956e+00
1.199999999999999956e+00
1.199999999999999956e+00
1.199999999999999956e+00
6.553211300327805855e-01
6.553211300327805855e-01
1.199999999999999956e+00
1.199999999999999956e+00
1.204919500810178179e-01
1.204919500810178179e-01
1.071527342932930005e-01
1.071527342932930005e-01
2.681137760155773431e-01
2.681137760155773431e-01
7.850832374647435941e-02
7.850832374647435941e-02
1.199999999999999956e+00
1.199999999999999956e+00
4.885881823073441876e-01
4.885881823073441876e-01
1.420863491699292103e-01
1.420863491699292103e-01
3.393305317338535243e-01
3.393305317338535243e-01
7.985101863000455824e-02
7.985101863000455824e-02
6.880412086111342695e-01
6.880412086111342695e-01
3.151803072121496796e-01
3.151803072121496796e-01
5.374405559410749822e-01
5.374405559410749822e-01
5.227977606656879911e-02
5.227977606656879911e-02
4.409893119217777602e-01
4.409893119217777602e-01
1.539787568295841735e-01
1.539787568295841735e-01
1.199999999999999956e+00
1.199999999999999956e+00
5.188959235237148304e-01
5.188959235237148304e-01
1.938217437129240717e-01
1.938217437129240717e-01
2.094963254771902220e-02
2.094963254771902220e-02
3.035576358431606447e-01
3.035576358431606447e-01
3.351131952042815665e-01
3.351131952042815665e-01
1.199999999999999956e+00
1.199999999999999956e+00
1.886705356772347963e-01
1.886705356772347963e-01
1.199999999999999956e+00
1.199999999999999956e+00
3.316289866773524664e-01
3.316289866773524664e-01
8.195808381783618868e-02
8.195808381783618868e-02
5.912477078149243059e-01
5.912477078149243059e-01
3.953436469375046225e-01
3.953436469375046225e-01
1.468106761767275226e-01
1.468106761767275226e-01
1.671347453827285168e-01
1.671347453827285168e-01
6.828449069789286341e-01
6.828449069789286341e-01
2.556926008460093658e-01
2.556926008460093658e-01
1.199999999999999956e+00
1.199999999999999956e+00
2.238363380788799262e-01
2.238363380788799262e-01
5.271226988368047511e-03
5.271226988368047511e-03
1.199999999999999956e+00
1.199999999999999956e+00
3.312437783401993574e-01
3.312437783401993574e-01
6.420009144520671951e-01
6.420009144520671951e-01
3.712381911454268324e-02
3.712381911454268324e-02
8.747626697905547255e-02
8.747626697905547255e-02
1.199999999999999956e+00
1.199999999999999956e+00
1.900356019322486656e-01
1.900356019322486656e-01
1.423575423660299599e-01
1.423575423660299599e-01
5.415142961618137907e-01
5.415142961618137907e-01
7.159115641462486801e-01
7.159115641462486801e-01
5.965997515835345238e-02
5.965997515835345238e-02
2.421363747148915224e-01
2.421363747148915224e-01
2.017981656737785900e-01
2.017981656737785900e-01
4.841339167139077637e-01
4.841339167139077637e-01
3.441555296387954765e-01
3.441555296387954765e-01
1.385268472151620356e-01
1.385268472151620356e-01
1.462796942129357958e-01
1.462796942129357958e-01
4.442093102874887234e-01
4.442093102874887234e-01
2.436978309880796500e-01
2.436978309880796500e-01
1.199999999999999956e+00
1.199999999999999956e+00
2.086802804329469518e-01
2.086802804329469518e-01
1.570782415325150116e-01
1.570782415325150116e-01
3.474558543297199265e-01
3.474558543297199265e-01
3.566909567058610953e-01
3.566909567058610953e-01
5.746751796893154740e-01
5.746751796893154740e-01
2.526760467206691230e-01
2.526760467206691230e-01
2.340294505136081282e-01
2.340294505136081282e-01
5.702426820195273249e-01
5.702426820195273249e-01
1.199999999999999956e+00
1.199999999999999956e+00
1.842670579988728852e-01
1.842670579988728852e-01
8.277938558109701472e-02
8.277938558109701472e-02
1.410054405912220810e-01
1.410054405912220810e-01
1.199999999999999956e+00
1.199999999999999956e+00
5.915952677801880055e-01
5.915952677801880055e-01
1.199999999999999956e+00
1.199999999999999956e+00
2.821928246872626445e-01
2.821928246872626445e-01
1.199999999999999956e+00
1.199999999999999956e+00
6.514751386890250684e-01
6.514751386890250684e-01
1.061088810809270450e-01
1.061088810809270450e-01
1.014143207437082084e-01
1.014143207437082084e-01
1.199999999999999956e+00
1.199999999999999956e+00
1.199999999999999956e+00
1.199999999999999956e+00
6.134821372754002411e-01
6.134821372754002411e-01
1.585205972285170795e-01
1.585205972285170795e-01
3.210083333174240106e-01
3.210083333174240106e-01
1.970343992195528748e-01
1.970343992195528748e-01
4.555556494271140733e-01
4.555556494271140733e-01
3.441760511897119512e-01
3.441760511897119512e-01
5.192968849249480767e-01
5.192968849249480767e-01
3.552357630049916143e-02
3.552357630049916143e-02
1.199999999999999956e+00
1.199999999999999956e+00
1.570166476136996003e-01
1.570166476136996003e-01
4.994906564644218533e-02
4.994906564644218533e-02
4.297381210428501408e-01
4.297381210428501408e-01
1.199999999999999956e+00
1.199999999999999956e+00
6.375274607031300445e-02
6.375274607031300445e-02
2.419952500890697744e-01
2.419952500890697744e-01
1.035673979590893579e+00
1.035673979590893579e+00
1.199999999999999956e+00
1.199999999999999956e+00
1.644611440628463983e-01
1.644611440628463983e-01
1.673699017517252252e-02
1.673699017517252252e-02
5.110503589028213972e-02
5.110503589028213972e-02
2.934209260183780477e-01
2.934209260183780477e-01
6.405475412886154629e-01
6.405475412886154629e-01
7.512858272550233113e-03
7.512858272550233113e-03
5.299999871993835709e-01
5.299999871993835709e-01
4.132735134649174746e-01
4.132735134649174746e-01
4.994058371603327662e-01
4.994058371603327662e-01
4.857396324516380717e-03
4.857396324516380717e-03
2.299502280896767170e-01
2.299502280896767170e-01
1.199999999999999956e+00
1.199999999999999956e+00
2.791793867203979929e-01
2.791793867203979929e-01
1.199999999999999956e+00
1.199999999999999956e+00
2.450936226076844138e-02
2.450936226076844138e-02
2.925356325315641715e-01
2.925356325315641715e-01
2.006194517896348894e-01
2.006194517896348894e-01
4.094712039801987058e-01
4.094712039801987058e-01
4.033574967554289792e-01
4.033574967554289792e-01
1.199999999999999956e+00
1.199999999999999956e+00
1.199999999999999956e+00
1.199999999999999956e+00
5.578572394044983840e-01
5.578572394044983840e-01
2.325412836239262315e-01
2.325412836239262315e-01
3.185354660881182798e-01
3.185354660881182798e-01
6.163213756859319686e-02
6.163213756859319686e-02
3.206321292425386993e-01
3.206321292425386993e-01
3.741300317035034517e-01
3.741300317035034517e-01
5.498822923925529293e-01
5.498822923925529293e-01
4.063455455248441428e-01
4.063455455248441428e-01
2.661654966138841671e-01
2.661654966138841671e-01
2.087436258254267707e-01
2.087436258254267707e-01
8.253102918235648566e-01
8.253102918235648566e-01
1.454528870411127828e-01
1.454528870411127828e-01
1.885472762474977859e-01
1.885472762474977859e-01
1.329772478238265832e-01
1.329772478238265832e-01
1.324020981399625374e-01
1.324020981399625374e-01
1.517551201098624736e-01
1.517551201098624736e-01
1.199999999999999956e+00
1.199999999999999956e+00
1.199999999999999956e+00
1.199999999999999956e+00
7.111345169675119260e-02
7.111345169675119260e-02
4.653145865778182122e-01
4.653145865778182122e-01
1.192468771894415192e-01
1.192468771894415192e-01
1.573017832150571671e-01
1.573017832150571671e-01
3.367157670241970879e-01
3.367157670241970879e-01
1.214527323270694348e-01
1.214527323270694348e-01
1.199999999999999956e+00
1.199999999999999956e+00
1.199999999999999956e+00
1.199999999999999956e+00
1.569344225869290232e-01
1.569344225869290232e-01
1.199999999999999956e+00
1.199999999999999956e+00
1.319883875485845237e-01
1.319883875485845237e-01
1.328681225674193528e-02
1.328681225674193528e-02
7.059635324670251455e-01
7.059635324670251455e-01
2.934308496259159793e-01
2.934308496259159793e-01
4.975166249818329667e-01
4.975166249818329667e-01
4.107101891709348009e-03
4.107101891709348009e-03
5.756045032040534304e-01
5.756045032040534304e-01
3.898946325871487373e-01
3.898946325871487373e-01
2.452821273090925180e-01
2.452821273090925180e-01
1.199999999999999956e+00
1.199999999999999956e+00
7.590246283050605669e-02
7.590246283050605669e-02
7.920084832921796547e-01
7.920084832921796547e-01
4.703930507704746633e-01
4.703930507704746633e-01
1.199999999999999956e+00
1.199999999999999956e+00
6.269224856908506283e-02
6.269224856908506283e-02
5.398786741522373922e-02
5.398786741522373922e-02
1.515991632403351497e-01
1.515991632403351497e-01
1.199999999999999956e+00
1.199999999999999956e+00
1.887034676816619072e-01
1.887034676816619072e-01
2.730953630552216960e-01
2.730953630552216960e-01
3.256428645568251179e-01
3.256428645568251179e-01
6.956127736090517155e-02
6.956127736090517155e-02
1.199999999999999956e+00
1.199999999999999956e+00
3.343192152717592847e-01
3.343192152717592847e-01
3.629210578474475479e-01
3.629210578474475479e-01
6.521916280108874808e-01
6.521916280108874808e-01
4.881927649527526558e-01
4.881927649527526558e-01
1.199999999999999956e+00
1.199999999999999956e+00
7.387306237607522696e-01
7.387306237607522696e-01
2.380975838456893534e-01
2.380975838456893534e-01
3.543677374389127555e-01
3.543677374389127555e-01
1.752629511277509211e-01
1.752629511277509211e-01
7.682345562986291065e-02
7.682345562986291065e-02
6.661240345395258444e-01
6.661240345395258444e-01
7.809417414573638361e-02
7.809417414573638361e-02
1.995771653005978530e-01
1.995771653005978530e-01
5.575333293155964043e-01
5.575333293155964043e-01
2.814039072761737592e-01
2.814039072761737592e-01
5.474611680615517617e-01
5.474611680615517617e-01
6.576073569598582698e-03
6.576073569598582698e-03
2.793138454027639384e-01
2.793138454027639384e-01
1.571246044532839947e-01
1.571246044532839947e-01
8.261601721479160387e-01
8.261601721479160387e-01
1.199999999999999956e+00
1.199999999999999956e+00
4.703872956748256229e-02
4.703872956748256229e-02
1.199999999999999956e+00
1.199999999999999956e+00
1.637135945280613625e-01
1.637135945280613625e-01
4.282951096887679943e-01
4.282951096887679943e-01
1.240848808950134607e-01
1.240848808950134607e-01
3.917606549743728184e-02
3.917606549743728184e-02
8.631729758629359817e-02
8.631729758629359817e-02
8.847004863294354315e-01
8.847004863294354315e-01
4.631690959090625781e-01
4.631690959090625781e-01
7.065056378847027474e-02
7.065056378847027474e-02
1.860645660139217394e-01
1.860645660139217394e-01
4.517522038513919203e-01
4.517522038513919203e-01
2.085438626295231870e-02
2.085438626295231870e-02
3.388097347503250534e-01
3.388097347503250534e-01
3.751291025443793253e-02
3.751291025443793253e-02
3.683242715157634267e-02
3.683242715157634267e-02
1.357998236276065085e-01
1.357998236276065085e-01
3.146684532084366714e-01
3.146684532084366714e-01
9.877867152425791331e-02
9.877867152425791331e-02
8.149936637090503533e-01
8.149936637090503533e-01
3.951711133817940036e-01
3.951711133817940036e-01
3.349908896986975027e-02
3.349908896986975027e-02
3.131893762881595711e-01
3.131893762881595711e-01
1.199999999999999956e+00
1.199999999999999956e+00
1.199999999999999956e+00
1.199999999999999956e+00
4.828788935270207638e-02
4.828788935270207638e-02
4.900200690732395836e-01
4.900200690732395836e-01
3.525485644603174595e-01
3.525485644603174595e-01
3.462942893983051995e-01
3.462942893983051995e-01
1.199999999999999956e+00
1.199999999999999956e+00
1.199999999999999956e+00
1.199999999999999956e+00
3.044785036365745268e-01
3.044785036365745268e-01
3.365287382615828604e-01
3.365287382615828604e-01
4.751212152679659129e-01
4.751212152679659129e-01
1.125045134566110133e-01
1.125045134566110133e-01
1.199999999999999956e+00
1.199999999999999956e+00
4.688285469442650399e-02
4.688285469442650399e-02
1.517950356482502816e-01
1.517950356482502816e-01
1.540361171268385121e-01
1.540361171268385121e-01
1.199999999999999956e+00
1.199999999999999956e+00
6.025404063510251401e-02
6.025404063510251401e-02
1.188700264347692936e-01
1.188700264347692936e-01
4.584294866346826369e-01
4.584294866346826369e-01
1.476265833337546234e-02
1.476265833337546234e-02
6.186268868873300297e-01
6.186268868873300297e-01
1.199999999999999956e+00
1.199999999999999956e+00
5.269795019027151417e-01
5.269795019027151417e-01
1.146653766127058161e-01
1.146653766127058161e-01
3.989241120072481994e-01
3.989241120072481994e-01
4.750255465556412621e-02
4.750255465556412621e-02
3.766164234794402432e-01
3.766164234794402432e-01
2.953794215794248168e-01
2.953794215794248168e-01
1.650892476523794367e-02
1.650892476523794367e-02
3.755781193816535857e-01
3.755781193816535857e-01
1.464621989917653244e-01
1.464621989917653244e-01
1.199999999999999956e+00
1.199999999999999956e+00
3.287124612172592775e-01
3.287124612172592775e-01
1.944067777217863280e-01
1.944067777217863280e-01
2.794351216569444518e-01
2.794351216569444518e-01
8.362606702940321435e-02
8.362606702940321435e-02
1.392109529018194236e-01
1.392109529018194236e-01
1.199999999999999956e+00
1.199999999999999956e+00
2.567623872753902609e-02
2.567623872753902609e-02
1.604050317975119766e-01
1.604050317975119766e-01
1.199999999999999956e+00
1.199999999999999956e+00
1.168946128605475449e-01
1.168946128605475449e-01
2.092183294723954645e-01
2.092183294723954645e-01
6.149655330435527256e-01
6.149655330435527256e-01
1.464945724363616308e-01
1.464945724363616308e-01
5.330482842473305283e-01
5.330482842473305283e-01
9.578103338421328772e-01
9.578103338421328772e-01
8.929286519220390461e-02
8.929286519220390461e-02
1.199999999999999956e+00
1.199999999999999956e+00
7.529692403223197106e-01
7.529692403223197106e-01
1.281528538000212547e-01
1.281528538000212547e-01
2.546813546325392141e-01
2.546813546325392141e-01
4.137467116647299825e-01
4.137467116647299825e-01
2.966282942138244796e-02
2.966282942138244796e-02
6.897848159270258961e-01
6.897848159270258961e-01
1.379525622564954090e-01
1.379525622564954090e-01
1.199999999999999956e+00
1.199999999999999956e+00
1.199999999999999956e+00
1.199999999999999956e+00
1.331481639179605062e-02
1.331481639179605062e-02
2.439511520644742915e-01
2.439511520644742915e-01
3.331667172916091824e-01
3.331667172916091824e-01
1.199999999999999956e+00
1.199999999999999956e+00
4.669139369152683350e-01
4.669139369152683350e-01
1.199999999999999956e+00
1.199999999999999956e+00
1.199999999999999956e+00
1.199999999999999956e+00
2.959207821919402348e-01
2.959207821919402348e-01
2.021766982773978705e-01
2.021766982773978705e-01
3.729497794799165739e-02
3.729497794799165739e-02
5.211276455613714914e-02
5.211276455613714914e-02
1.199999999999999956e+00
1.199999999999999956e+00
1.199999999999999956e+00
1.199999999999999956e+00
3.678631198516084111e-01
3.678631198516084111e-01
1.466738851830261085e-02
1.466738851830261085e-02
6.757915013763000633e-01
6.757915013763000633e-01
4.207622409349174863e-01
4.207622409349174863e-01
3.771641423815887961e-01
3.771641423815887961e-01
2.543567451155846482e-01
2.543567451155846482e-01
3.688628038694456990e-01
3.688628038694456990e-01
7.058299664679218433e-02
7.058299664679218433e-02
7.325066294049784044e-02
7.325066294049784044e-02
1.199999999999999956e+00
1.199999999999999956e+00
4.577411266671955747e-01
4.577411266671955747e-01
1.455809876254821333e-01
1.455809876254821333e-01
1.199999999999999956e+00
1.199999999999999956e+00
3.441119780173063081e-02
3.441119780173063081e-02
2.143128923777905814e-01
2.143128923777905814e-01
2.794795674843890132e-01
2.794795674843890132e-01
1.199999999999999956e+00
1.199999999999999956e+00
1.866361482610544853e-01
1.866361482610544853e-01
3.000524993148132591e-01
3.000524993148132591e-01
1.199999999999999956e+00
1.199999999999999956e+00
3.020514728105124225e-01
3.020514728105124225e-01
6.293697996472500389e-01
6.293697996472500389e-01
1.683016017573258638e-01
1.683016017573258638e-01
1.199999999999999956e+00
1.199999999999999956e+00
1.199999999999999956e+00
1.199999999999999956e+00
4.881517055123722471e-01
4.881517055123722471e-01
8.082054480839165334e-02
8.082054480839165334e-02
6.642766416964589193e-03
6.642766416964589193e-03
1.031634704272436781e-01
1.031634704272436781e-01
3.770243771481817108e-01
3.770243771481817108e-01
1.600610466985807334e-01
1.600610466985807334e-01
1.199999999999999956e+00
1.199999999999999956e+00
6.330107997224996286e-01
6.330107997224996286e-01
1.199999999999999956e+00
1.199999999999999956e+00
3.097471911174710102e-01
3.097471911174710102e-01
4.648692035862482808e-01
4.648692035862482808e-01
2.249971585456325696e-01
2.249971585456325696e-01
9.263461036507534274e-01
9.263461036507534274e-01
3.483728406906612118e-01
3.483728406906612118e-01
1.350266420992730920e-01
1.350266420992730920e-01
2.982528402724984526e-02
2.982528402724984526e-02
4.039657994418807165e-03
4.039657994418807165e-03
1.453434089890499881e-02
1.453434089890499881e-02
5.375100753012148624e-01
5.375100753012148624e-01
6.937825790815721483e-01
6.937825790815721483e-01
1.199999999999999956e+00
1.199999999999999956e+00
4.871897920789777792e-01
4.871897920789777792e-01
3.885505752450045258e-01
3.885505752450045258e-01
9.385570469503837221e-02
9.385570469503837221e-02
1.199999999999999956e+00
1.199999999999999956e+00
7.098111641863366628e-02
7.098111641863366628e-02
4.073785215887951172e-01
4.073785215887951172e-01
3.092786076254271377e-01
3.092786076254271377e-01
6.468083471752227032e-02
6.468083471752227032e-02
5.847321002643545915e-03
5.847321002643545915e-03
9.604595743423842424e-02
9.604595743423842424e-02
1.418969464315721907e-01
1.418969464315721907e-01
8.657763623443581746e-02
8.657763623443581746e-02
3.593377975975891037e-01
3.593377975975891037e-01
2.732640446681398050e-01
2.732640446681398050e-01
1.355813721648062020e-01
1.355813721648062020e-01
1.898141772482557221e-01
1.898141772482557221e-01
1.817054614354805531e-01
1.817054614354805531e-01
3.038835574956201824e-01
3.038835574956201824e-01
1.199999999999999956e+00
1.199999999999999956e+00
9.621070692544088365e-02
9.621070692544088365e-02
3.874470808467783134e-01
3.874470808467783134e-01
2.821415663782757544e-01
2.821415663782757544e-01
2.999211442470558486e-01
2.999211442470558486e-01
1.199999999999999956e+00
1.199999999999999956e+00
3.273610607737559297e-01
3.273610607737559297e-01
5.941636974226206791e-02
5.941636974226206791e-02
2.630445608984053329e-01
2.630445608984053329e-01
2.713414364014041236e-01
2.713414364014041236e-01
3.153662364981396071e-01
3.153662364981396071e-01
5.587879675410936109e-01
5.587879675410936109e-01
7.293953623238274009e-01
7.293953623238274009e-01
1.199999999999999956e+00
1.199999999999999956e+00
3.426445967532706222e-02
3.426445967532706222e-02
1.675720370197042175e-01
1.675720370197042175e-01
2.943056064191827970e-01
2.943056064191827970e-01
6.727190522688897278e-02
6.727190522688897278e-02
1.305775059036484026e-02
1.305775059036484026e-02
5.739510441004588293e-01
5.739510441004588293e-01
1.199999999999999956e+00
1.199999999999999956e+00
2.110456652946248735e-01
2.110456652946248735e-01
1.903972228536537914e-01
1.903972228536537914e-01
1.401682909090805618e-01
1.401682909090805618e-01
9.348944057349113657e-02
9.348944057349113657e-02
1.428427058033213126e-01
1.428427058033213126e-01
1.992998698452722595e-01
1.992998698452722595e-01
3.407008976513539733e-01
3.407008976513539733e-01
4.811904256720073159e-02
4.811904256720073159e-02
9.470870496543885020e-01
9.470870496543885020e-01
2.767331910298670428e-01
2.767331910298670428e-01
3.114386150230671543e-02
3.114386150230671543e-02
6.172739469934329648e-01
6.172739469934329648e-01
1.487340919143800844e-01
1.487340919143800844e-01
4.194282071454195071e-01
4.194282071454195071e-01
5.327181333384646278e-01
5.327181333384646278e-01
1.199999999999999956e+00
1.199999999999999956e+00
1.055838888740934234e-01
1.055838888740934234e-01
1.199999999999999956e+00
1.199999999999999956e+00
7.664620431803079725e-01
7.664620431803079725e-01
2.574206787890481393e-02
2.574206787890481393e-02
6.116548791105633209e-02
6.116548791105633209e-02
1.158629247606224599e-01
1.158629247606224599e-01
2.272215568762038229e-01
2.272215568762038229e-01
5.656987647426124921e-01
5.656987647426124921e-01
9.770800729873722890e-02
9.770800729873722890e-02
3.045055900014872474e-01
3.045055900014872474e-01
2.692271084976674209e-02
2.692271084976674209e-02
