4.629374443442872966e-01
4.629374443442872966e-01
1.832846163984179211e-01
1.832846163984179211e-01
3.111272250533063111e-01
3.111272250533063111e-01
2.736146858499572954e-01
2.736146858499572954e-01
1.199999999999999956e+00
1.199999999999999956e+00
2.304467339121079594e-01
2.304467339121079594e-01
7.086572022556274220e-02
7.086572022556274220e-02
1.540196148742745685e-01
1.540196148742745685e-01
1.640145568080606242e-01
1.640145568080606242e-01
1.199999999999999956e+00
1.199999999999999956e+00
5.026006083424177096e-01
5.026006083424177096e-01
2.652583607911573882e-01
2.652583607911573882e-01
1.199999999999999956e+00
1.199999999999999956e+00
6.737218667774129421e-02
6.737218667774129421e-02
4.219778283420463350e-01
4.219778283420463350e-01
4.239774040119810294e-01
4.239774040119810294e-01
2.333947456454750491e-02
2.333947456454750491e-02
3.534672732666642170e-01
3.534672732666642170e-01
6.433444288144573031e-01
6.433444288144573031e-01
6.153702433880218342e-02
6.153702433880218342e-02
1.344184971469707668e-01
1.344184971469707668e-01
1.199999999999999956e+00
1.199999999999999956e+00
1.199999999999999956e+00
1.199999999999999956e+00
5.135371936069542675e-01
5.135371936069542675e-01
8.925249338076736150e-01
8.925249338076736150e-01
1.790231268744500448e-01
1.790231268744500448e-01
3.979323318513692254e-01
3.979323318513692254e-01
1.199999999999999956e+00
1.199999999999999956e+00
1.199999999999999956e+00
1.199999999999999956e+00
6.660031715605853053e-01
6.660031715605853053e-01
4.233336896790256820e-01
4.233336896790256820e-01
1.199999999999999956e+00
1.199999999999999956e+00
2.653979749747998329e-01
2.653979749747998329e-01
5.532557381161533616e-01
5.532557381161533616e-01
8.245070765291172277e-02
8.245070765291172277e-02
2.903971735341253635e-01
2.903971735341253635e-01
2.404637668547493501e-01
2.404637668547493501e-01
3.052072137249051131e-01
3.052072137249051131e-01
6.342211649391054085e-01
6.342211649391054085e-01
3.869311069314496643e-01
3.869311069314496643e-01
6.814708131238522704e-01
6.814708131238522704e-01
8.336400319415661342e-02
8.336400319415661342e-02
3.755395315715497340e-01
3.755395315715497340e-01
1.199999999999999956e+00
1.199999999999999956e+00
4.077144978638272410e-01
4.077144978638272410e-01
1.199999999999999956e+00
1.199999999999999956e+00
6.898185383258307324e-01
6.898185383258307324e-01
6.150278580440670523e-02
6.150278580440670523e-02
3.224627961972819645e-01
3.224627961972819645e-01
1.148593463554586497e-01
1.148593463554586497e-01
1.199999999999999956e+00
1.199999999999999956e+00
7.139600071805887044e-03
7.139600071805887044e-03
3.025248332624607128e-01
3.025248332624607128e-01
3.100156259106011669e-01
3.100156259106011669e-01
3.764790453350250754e-01
3.764790453350250754e-01
6.015056738513833157e-01
6.015056738513833157e-01
1.775489121845993251e-02
1.775489121845993251e-02
1.199999999999999956e+00
1.199999999999999956e+00
5.144379559230623233e-02
5.144379559230623233e-02
2.321287433943292067e-01
2.321287433943292067e-01
2.747997646839859254e-01
2.747997646839859254e-01
1.199999999999999956e+00
1.199999999999999956e+00
4.037728832815820623e-01
4.037728832815820623e-01
1.199999999999999956e+00
1.199999999999999956e+00
1.831040360634654807e-01
1.831040360634654807e-01
3.168241361218049890e-01
3.168241361218049890e-01
1.045520953728230396e+00
1.045520953728230396e+00
1.414612436286951935e-01
1.414612436286951935e-01
7.261433059105329990e-01
7.261433059105329990e-01
2.696536535852206984e-01
2.696536535852206984e-01
3.959343367823414672e-01
3.959343367823414672e-01
8.394976170192856024e-01
8.394976170192856024e-01
4.324119219153129134e-01
4.324119219153129134e-01
1.199999999999999956e+00
1.199999999999999956e+00
1.199999999999999956e+00
1.199999999999999956e+00
2.413872489080277350e-01
2.413872489080277350e-01
1.700660922707751821e-01
1.700660922707751821e-01
1.871185257179188571e-02
1.871185257179188571e-02
2.588265428531382750e-01
2.588265428531382750e-01
1.199999999999999956e+00
1.199999999999999956e+00
3.596831972830362434e-02
3.596831972830362434e-02
5.006658342022970443e-01
5.006658342022970443e-01
4.334462349512088197e-01
4.334462349512088197e-01
1.199999999999999956e+00
1.199999999999999956e+00
9.648418234677434702e-02
9.648418234677434702e-02
7.247593856152003688e-01
7.247593856152003688e-01
1.199999999999999956e+00
1.199999999999999956e+00
4.249479290111278229e-01
4.249479290111278229e-01
1.497817797226723424e-02
1.497817797226723424e-02
8.601555059043693163e-02
8.601555059043693163e-02
1.199999999999999956e+00
1.199999999999999956e+00
2.612081887057638996e-01
2.612081887057638996e-01
2.533392983133850307e-01
2.533392983133850307e-01
1.199999999999999956e+00
1.199999999999999956e+00
7.799615244702684524e-02
7.799615244702684524e-02
6.310401106491977385e-01
6.310401106491977385e-01
1.084893456674891205e-01
1.084893456674891205e-01
4.357819307521266783e-01
4.357819307521266783e-01
1.199999999999999956e+00
1.199999999999999956e+00
1.199999999999999956e+00
1.199999999999999956e+00
1.199999999999999956e+00
1.199999999999999956e+00
1.199999999999999956e+00
1.199999999999999956e+00
1.181106006859785895e-01
1.181106006859785895e-01
8.762557535552555066e-02
8.762557535552555066e-02
1.699567269621460319e-01
1.699567269621460319e-01
2.529835266590540477e-01
2.529835266590540477e-01
7.867600007684605323e-02
7.867600007684605323e-02
2.618944394632322648e-01
2.618944394632322648e-01
2.770070128565597090e-01
2.770070128565597090e-01
1.454365718315807077e-01
1.454365718315807077e-01
1.574924475763282428e-01
1.574924475763282428e-01
4.231985416804148747e-02
4.231985416804148747e-02
4.786921836417417503e-02
4.786921836417417503e-02
3.236612941341374672e-01
3.236612941341374672e-01
4.561440996238042000e-02
4.561440996238042000e-02
2.867138087819072201e-01
2.867138087819072201e-01
1.199999999999999956e+00
1.199999999999999956e+00
1.199999999999999956e+00
1.199999999999999956e+00
2.962362777306449813e-01
2.962362777306449813e-01
1.199999999999999956e+00
1.199999999999999956e+00
1.199999999999999956e+00
1.199999999999999956e+00
5.170444463449593853e-01
5.170444463449593853e-01
2.756070175279656254e-01
2.756070175279656254e-01
1.199999999999999956e+00
1.199999999999999956e+00
4.739169573999928858e-02
4.739169573999928858e-02
1.199999999999999956e+00
1.199999999999999956e+00
3.374829451569688610e-01
3.374829451569688610e-01
5.763490193034587206e-01
5.763490193034587206e-01
5.030976547263085186e-01
5.030976547263085186e-01
2.314180771224167987e-01
2.314180771224167987e-01
3.715506002359076354e-01
3.715506002359076354e-01
3.670220887088155859e-01
3.670220887088155859e-01
7.022208101588900409e-01
7.022208101588900409e-01
5.887143783102753991e-01
5.887143783102753991e-01
5.227342108108201657e-01
5.227342108108201657e-01
5.439564160797637493e-01
5.439564160797637493e-01
3.428625352621153533e-01
3.428625352621153533e-01
1.199999999999999956e+00
1.199999999999999956e+00
7.354094593831861371e-01
7.354094593831861371e-01
1.199999999999999956e+00
1.199999999999999956e+00
1.199999999999999956e+00
1.199999999999999956e+00
3.108043611414230880e-03
3.108043611414230880e-03
2.987271164833792403e-01
2.987271164833792403e-01
1.199999999999999956e+00
1.199999999999999956e+00
4.278390998822083624e-01
4.278390998822083624e-01
2.674059985613336243e-01
2.674059985613336243e-01
1.199999999999999956e+00
1.199999999999999956e+00
1.199999999999999956e+00
1.199999999999999956e+00
1.152441450303902937e-01
1.152441450303902937e-01
4.038363288057933431e-01
4.038363288057933431e-01
3.783238115863690049e-02
3.783238115863690049e-02
2.104455647293946852e-01
2.104455647293946852e-01
2.232370284589957898e-01
2.232370284589957898e-01
1.901719677864827096e-01
1.901719677864827096e-01
1.199999999999999956e+00
1.199999999999999956e+00
1.987298506436771806e-01
1.987298506436771806e-01
2.210486019386813661e-01
2.210486019386813661e-01
1.199999999999999956e+00
1.199999999999999956e+00
4.550112567259834151e-01
4.550112567259834151e-01
3.791882138510321854e-01
3.791882138510321854e-01
1.199999999999999956e+00
1.199999999999999956e+00
1.199999999999999956e+00
1.199999999999999956e+00
1.199999999999999956e+00
1.199999999999999956e+00
3.083316052759280668e-01
3.083316052759280668e-01
7.555046215021948841e-01
7.555046215021948841e-01
1.199999999999999956e+00
1.199999999999999956e+00
2.010739947823617924e-01
2.010739947823617924e-01
5.462389068898904076e-01
5.462389068898904076e-01
6.422672738247516833e-01
6.422672738247516833e-01
1.864051310849064169e-01
1.864051310849064169e-01
2.923014162007245287e-01
2.923014162007245287e-01
4.126110612834518743e-02
4.126110612834518743e-02
1.719500350371789554e-01
1.719500350371789554e-01
6.843929484021854526e-02
6.843929484021854526e-02
1.199999999999999956e+00
1.199999999999999956e+00
7.080032766142356770e-01
7.080032766142356770e-01
3.542012351496594547e-01
3.542012351496594547e-01
1.199999999999999956e+00
1.199999999999999956e+00
3.109971931469646678e-01
3.109971931469646678e-01
1.199999999999999956e+00
1.199999999999999956e+00
6.560618153395993135e-02
6.560618153395993135e-02
1.199999999999999956e+00
1.199999999999999956e+00
2.498576395723376420e-01
2.498576395723376420e-01
7.155854546686077899e-01
7.155854546686077899e-01
1.199999999999999956e+00
1.199999999999999956e+00
3.432545858844695541e-01
3.432545858844695541e-01
1.199999999999999956e+00
1.199999999999999956e+00
1.199999999999999956e+00
1.199999999999999956e+00
7.936288747274578004e-02
7.936288747274578004e-02
4.691193238773879171e-01
4.691193238773879171e-01
1.199999999999999956e+00
1.199999999999999956e+00
1.199999999999999956e+00
1.199999999999999956e+00
7.111844748043144593e-01
7.111844748043144593e-01
7.813085138840284438e-01
7.813085138840284438e-01
8.080635988712558948e-02
8.080635988712558948e-02
3.927436681272431507e-01
3.927436681272431507e-01
5.595525374487309023e-01
5.595525374487309023e-01
1.853545026437243004e-01
1.853545026437243004e-01
1.199999999999999956e+00
1.199999999999999956e+00
1.743743717569553597e-01
1.743743717569553597e-01
2.719878182030804337e-01
2.719878182030804337e-01
2.518618162920099879e-01
2.518618162920099879e-01
2.569498869471892322e-01
2.569498869471892322e-01
4.423741033744766488e-02
4.423741033744766488e-02
9.127440042331862180e-02
9.127440042331862180e-02
1.199999999999999956e+00
1.199999999999999956e+00
6.784799134340896432e-02
6.784799134340896432e-02
2.696001776109285264e-01
2.696001776109285264e-01
1.992361330170329403e-01
1.992361330170329403e-01
5.826287173764567173e-01
5.826287173764567173e-01
4.302634141084102914e-01
4.302634141084102914e-01
1.199999999999999956e+00
1.199999999999999956e+00
3.044570135359763677e-03
3.044570135359763677e-03
1.199999999999999956e+00
1.199999999999999956e+00
2.825291407206658723e-01
2.825291407206658723e-01
8.208918571554806309e-01
8.208918571554806309e-01
1.043954516889432499e-01
1.043954516889432499e-01
5.465428159953190923e-03
5.465428159953190923e-03
9.764726398018638842e-02
9.764726398018638842e-02
2.590687872082607091e-01
2.590687872082607091e-01
4.464999874272488900e-01
4.464999874272488900e-01
1.266000405489837999e-01
1.266000405489837999e-01
2.187968468909975150e-01
2.187968468909975150e-01
1.199999999999999956e+00
1.199999999999999956e+00
4.381040142973359475e-02
4.381040142973359475e-02
1.199999999999999956e+00
1.199999999999999956e+00
5.235237101182587116e-01
5.235237101182587116e-01
1.199999999999999956e+00
1.199999999999999956e+00
1.199999999999999956e+00
1.199999999999999956e+00
1.199999999999999956e+00
1.199999999999999956e+00
1.199999999999999956e+00
1.199999999999999956e+00
1.199999999999999956e+00
1.199999999999999956e+00
1.865281838767114675e-01
1.865281838767114675e-01
1.199999999999999956e+00
1.199999999999999956e+00
1.199999999999999956e+00
1.199999999999999956e+00
2.509659524351100512e-01
2.509659524351100512e-01
5.166307893252576333e-01
5.166307893252576333e-01
1.199999999999999956e+00
1.199999999999999956e+00
5.020948767761846954e-01
5.020948767761846954e-01
3.400953081606219452e-01
3.400953081606219452e-01
3.036154594055918698e-01
3.036154594055918698e-01
2.341255504764846729e-01
2.341255504764846729e-01
3.929418323973814520e-01
3.929418323973814520e-01
1.953462259280732694e-01
1.953462259280732694e-01
7.107088404097240408e-01
7.107088404097240408e-01
6.514403874071772460e-02
6.514403874071772460e-02
3.256108911421351504e-01
3.256108911421351504e-01
1.199999999999999956e+00
1.199999999999999956e+00
3.499907852597056862e-02
3.499907852597056862e-02
5.407436224422024207e-02
5.407436224422024207e-02
4.386019794349140799e-01
4.386019794349140799e-01
2.599705296777218844e-01
2.599705296777218844e-01
2.114911875235319094e-01
2.114911875235319094e-01
1.199999999999999956e+00
1.199999999999999956e+00
5.018134673574584648e-01
5.018134673574584648e-01
5.738990195767107449e-02
5.738990195767107449e-02
5.093125187764498130e-02
5.093125187764498130e-02
2.612148349914759082e-01
2.612148349914759082e-01
4.922160410156006249e-01
4.922160410156006249e-01
1.199999999999999956e+00
1.199999999999999956e+00
2.839285887709459000e-01
2.839285887709459000e-01
7.642095024678387249e-02
7.642095024678387249e-02
1.199999999999999956e+00
1.199999999999999956e+00
6.886042450929045211e-01
6.886042450929045211e-01
2.148978048174343680e-01
2.148978048174343680e-01
7.677240313275951467e-01
7.677240313275951467e-01
7.067452822168006632e-01
7.067452822168006632e-01
1.137974800199267333e-01
1.137974800199267333e-01
3.198136028128703012e-01
3.198136028128703012e-01
5.511381726060193137e-02
5.511381726060193137e-02
3.976956448809008948e-02
3.976956448809008948e-02
4.913102609807376564e-02
4.913102609807376564e-02
1.746223412302558842e-01
1.746223412302558842e-01
1.199999999999999956e+00
1.199999999999999956e+00
4.926549595121549330e-01
4.926549595121549330e-01
1.199999999999999956e+00
1.199999999999999956e+00
1.199999999999999956e+00
1.199999999999999956e+00
9.547562976025780745e-02
9.547562976025780745e-02
4.726145106160978826e-01
4.726145106160978826e-01
2.665670085275033685e-01
2.665670085275033685e-01
1.785805660717268151e-01
1.785805660717268151e-01
4.752570352423870492e-01
4.752570352423870492e-01
1.199999999999999956e+00
1.199999999999999956e+00
3.161133250988965582e-01
3.161133250988965582e-01
1.199999999999999956e+00
1.199999999999999956e+00
3.796359825561334556e-01
3.796359825561334556e-01
1.199999999999999956e+00
1.199999999999999956e+00
3.058177479023542755e-01
3.058177479023542755e-01
5.886243728432359879e-01
5.886243728432359879e-01
1.102819421464004690e-01
1.102819421464004690e-01
2.811318465857081186e-02
2.811318465857081186e-02
6.699161547508403203e-01
6.699161547508403203e-01
2.349815089572358448e-02
2.349815089572358448e-02
1.423468557543836333e-01
1.423468557543836333e-01
5.971947485468044325e-01
5.971947485468044325e-01
3.547760586145211059e-01
3.547760586145211059e-01
1.199999999999999956e+00
1.199999999999999956e+00
6.264546961278712189e-02
6.264546961278712189e-02
4.720353981459396997e-01
4.720353981459396997e-01
6.470417731690443208e-01
6.470417731690443208e-01
8.574208561923821748e-01
8.574208561923821748e-01
3.036520699799338807e-01
3.036520699799338807e-01
4.252439479314077536e-02
4.252439479314077536e-02
5.109497977066789209e-01
5.109497977066789209e-01
1.723562494004114432e-01
1.723562494004114432e-01
7.316321405081845919e-01
7.316321405081845919e-01
5.501031424053253599e-02
5.501031424053253599e-02
1.199999999999999956e+00
1.199999999999999956e+00
1.637036617880116007e-01
1.637036617880116007e-01
5.018578586130764130e-01
5.018578586130764130e-01
1.491401940320143393e-01
1.491401940320143393e-01
2.488856360813908319e-02
2.488856360813908319e-02
4.153136313722665673e-01
4.153136313722665673e-01
1.199999999999999956e+00
1.199999999999999956e+00
3.017150146630688812e-01
3.017150146630688812e-01
1.199999999999999956e+00
1.199999999999999956e+00
3.886307447203885546e-01
3.886307447203885546e-01
2.182351380560893228e-01
2.182351380560893228e-01
3.469134423419235613e-01
3.469134423419235613e-01
5.846015241004808294e-01
5.846015241004808294e-01
3.184068222816183180e-01
3.184068222816183180e-01
3.140084167696459705e-01
3.140084167696459705e-01
2.736421093698224172e-01
2.736421093698224172e-01
1.199999999999999956e+00
1.199999999999999956e+00
4.883063031421071981e-02
4.883063031421071981e-02
1.147749798999410376e-02
1.147749798999410376e-02
1.700411408091501153e-01
1.700411408091501153e-01
3.675673673402392039e-01
3.675673673402392039e-01
5.439775599623583036e-01
5.439775599623583036e-01
6.499144411712048930e-01
6.499144411712048930e-01
1.199999999999999956e+00
1.199999999999999956e+00
3.569998555003420782e-01
3.569998555003420782e-01
1.763135171266216050e-01
1.763135171266216050e-01
1.199999999999999956e+00
1.199999999999999956e+00
6.573812817983439860e-01
6.573812817983439860e-01
1.445050139753728535e-01
1.445050139753728535e-01
5.162516927357814200e-01
5.162516927357814200e-01
1.199999999999999956e+00
1.199999999999999956e+00
3.558874371247602170e-02
3.558874371247602170e-02
1.660624146829504932e-01
1.660624146829504932e-01
1.199999999999999956e+00
1.199999999999999956e+00
2.258874209102653963e-01
2.258874209102653963e-01
7.856901470937978083e-01
7.856901470937978083e-01
1.620002349501023509e-01
1.620002349501023509e-01
5.869279612157189963e-01
5.869279612157189963e-01
1.055155300848054784e-02
1.055155300848054784e-02
1.199999999999999956e+00
1.199999999999999956e+00
6.793073876222037732e-01
6.793073876222037732e-01
3.336498575468496014e-02
3.336498575468496014e-02
1.678542763753291533e-01
1.678542763753291533e-01
4.610444353111137206e-02
4.610444353111137206e-02
2.662939015975198664e-01
2.662939015975198664e-01
1.842028737219678636e-01
1.842028737219678636e-01
2.237694205992523944e-01
2.237694205992523944e-01
9.504478617677401819e-02
9.504478617677401819e-02
6.847118553477353764e-01
6.847118553477353764e-01
3.641179229998383615e-01
3.641179229998383615e-01
8.604903791061897789e-02
8.604903791061897789e-02
1.523668852486934622e-01
1.523668852486934622e-01
3.788533209650328248e-01
3.788533209650328248e-01
5.162065748656340380e-01
5.162065748656340380e-01
2.387688870455628720e-01
2.387688870455628720e-01
1.199999999999999956e+00
1.199999999999999956e+00
2.168259018944961314e-01
2.168259018944961314e-01
3.518385590924029693e-01
3.518385590924029693e-01
4.548631179485144727e-01
4.548631179485144727e-01
1.651836754010593822e-01
1.651836754010593822e-01
1.718296332199856224e-01
1.718296332199856224e-01
4.162015025020783243e-01
4.162015025020783243e-01
1.199999999999999956e+00
1.199999999999999956e+00
1.199999999999999956e+00
1.199999999999999956e+00
1.376849630401164384e-02
1.376849630401164384e-02
2.835746141465486647e-01
2.835746141465486647e-01
5.597305125150969785e-03
5.597305125150969785e-03
3.498249656914095840e-02
3.498249656914095840e-02
2.810828763805159891e-01
2.810828763805159891e-01
7.390196575647901556e-01
7.390196575647901556e-01
5.612429787839744444e-01
5.612429787839744444e-01
3.729085674052030897e-02
3.729085674052030897e-02
4.551668049488107326e-01
4.551668049488107326e-01
3.157384797349346850e-01
3.157384797349346850e-01
1.199999999999999956e+00
1.199999999999999956e+00
2.411516419369214848e-01
2.411516419369214848e-01
3.507237213630304273e-01
3.507237213630304273e-01
1.371047517580545883e-01
1.371047517580545883e-01
2.158276794538852017e-01
2.158276794538852017e-01
5.263356059986010749e-01
5.263356059986010749e-01
5.526444634497552910e-02
5.526444634497552910e-02
1.601203793744632731e-01
1.601203793744632731e-01
6.537660996330951768e-01
6.537660996330951768e-01
2.593172714300696069e-01
2.593172714300696069e-01
9.522251710919321654e-02
9.522251710919321654e-02
4.982546878663856038e-01
4.982546878663856038e-01
2.703600666521459028e-01
2.703600666521459028e-01
1.419194570751614870e-01
1.419194570751614870e-01
2.716520361362270361e-02
2.716520361362270361e-02
2.284086856248101760e-01
2.284086856248101760e-01
1.145155055382296033e-01
1.145155055382296033e-01
2.101741812026610978e-01
2.101741812026610978e-01
4.652353331240315359e-01
4.652353331240315359e-01
1.736999100593921430e-01
1.736999100593921430e-01
3.441868132360162424e-01
3.441868132360162424e-01
1.199999999999999956e+00
1.199999999999999956e+00
1.199999999999999956e+00
1.199999999999999956e+00
2.384476379829542081e-01
2.384476379829542081e-01
4.212805603434700008e-01
4.212805603434700008e-01
3.578801996375347017e-02
3.578801996375347017e-02
2.314611634595217515e-01
2.314611634595217515e-01
1.488201012484646479e-01
1.488201012484646479e-01
5.811639817910018158e-01
5.811639817910018158e-01
1.199999999999999956e+00
1.199999999999999956e+00
1.199999999999999956e+00
1.199999999999999956e+00
7.032571865014298762e-01
7.032571865014298762e-01
4.327055357069276020e-02
4.327055357069276020e-02
7.751812031043053830e-03
7.751812031043053830e-03
2.295688635899865992e-01
2.295688635899865992e-01
9.721685068765275606e-01
9.721685068765275606e-01
2.652460869659105658e-01
2.652460869659105658e-01
5.019939190671273144e-01
5.019939190671273144e-01
3.623911687792736452e-02
3.623911687792736452e-02
7.898806029460726796e-02
7.898806029460726796e-02
1.199999999999999956e+00
1.199999999999999956e+00
3.034196705816170070e-01
3.034196705816170070e-01
2.532666489109531294e-01
2.532666489109531294e-01
1.199999999999999956e+00
1.199999999999999956e+00
3.381428567243651151e-01
3.381428567243651151e-01
7.053557369787406550e-01
7.053557369787406550e-01
4.731895197777015449e-02
4.731895197777015449e-02
1.199999999999999956e+00
1.199999999999999956e+00
4.874077688750318993e-01
4.874077688750318993e-01
3.781445380016847380e-01
3.781445380016847380e-01
3.996617320655853067e-01
3.996617320655853067e-01
5.346244003093474362e-01
5.346244003093474362e-01
3.274846194018367629e-01
3.274846194018367629e-01
4.356783987450910667e-01
4.356783987450910667e-01
1.199999999999999956e+00
1.199999999999999956e+00
5.501713069726424377e-02
5.501713069726424377e-02
1.199999999999999956e+00
1.199999999999999956e+00
1.199999999999999956e+00
1.199999999999999956e+00
3.872629226444992412e-01
3.872629226444992412e-01
2.302444322406486943e-02
2.302444322406486943e-02
1.758313297429218158e-01
1.758313297429218158e-01
1.199999999999999956e+00
1.199999999999999956e+00
1.042539086726143316e-01
1.042539086726143316e-01
1.244138795039678946e+00
1.244138795039678946e+00
1.894616466608596006e-01
1.894616466608596006e-01
6.615299389112248019e-01
6.615299389112248019e-01
1.517716032983251473e-01
1.517716032983251473e-01
2.900738877811297467e-01
2.900738877811297467e-01
4.672074931887021387e-01
4.672074931887021387e-01
2.726777191869416295e-03
2.726777191869416295e-03
3.285506554063198914e-01
3.285506554063198914e-01
5.359816467785872424e-03
5.359816467785872424e-03
9.123650351421316862e-02
9.123650351421316862e-02
7.732450517492557296e-01
7.732450517492557296e-01
6.129614282480001508e-01
6.129614282480001508e-01
6.974380281611233801e-02
6.974380281611233801e-02
1.176859541664177500e-01
1.176859541664177500e-01
1.199999999999999956e+00
1.199999999999999956e+00
2.022762063025822232e-01
2.022762063025822232e-01
1.199999999999999956e+00
1.199999999999999956e+00
3.226064839853205468e-01
3.226064839853205468e-01
2.081899012825594308e-01
2.081899012825594308e-01
1.199999999999999956e+00
1.199999999999999956e+00
2.234388992758612746e-01
2.234388992758612746e-01
3.222416439020454604e-01
3.222416439020454604e-01
2.112089035330095010e-01
2.112089035330095010e-01
4.556099918157519579e-01
4.556099918157519579e-01
5.877315050311663347e-01
5.877315050311663347e-01
4.480892013304246108e-02
4.480892013304246108e-02
1.895499861611487924e-01
1.895499861611487924e-01
4.169467526029582705e-01
4.169467526029582705e-01
5.625973966772227497e-01
5.625973966772227497e-01
7.289798896306982634e-01
7.289798896306982634e-01
8.726375223426703631e-02
8.726375223426703631e-02
1.364462477151774482e-02
1.364462477151774482e-02
4.476513690214263264e-01
4.476513690214263264e-01
4.388572276015922369e-01
4.388572276015922369e-01
5.758316184015214168e-01
5.758316184015214168e-01
1.199999999999999956e+00
1.199999999999999956e+00
3.350093877233817352e-01
3.350093877233817352e-01
1.411265425828180965e-02
1.411265425828180965e-02
2.638084778687765364e-01
2.638084778687765364e-01
6.216488387242811164e-01
6.216488387242811164e-01
4.998911197952014551e-01
4.998911197952014551e-01
2.612119775827763737e-02
2.612119775827763737e-02
2.749234700282887287e-02
2.749234700282887287e-02
5.026296144380978381e-01
5.026296144380978381e-01
4.214760416860534320e-02
4.214760416860534320e-02
1.136874180668835388e-01
1.136874180668835388e-01
1.199999999999999956e+00
1.199999999999999956e+00
6.864823657465561613e-02
6.864823657465561613e-02
1.199999999999999956e+00
1.199999999999999956e+00
4.457560877574326952e-01
4.457560877574326952e-01
7.806582020318207638e-02
7.806582020318207638e-02
4.033435095162375000e-02
4.033435095162375000e-02
1.016439468790705514e-01
1.016439468790705514e-01
1.493245135083336728e-01
1.493245135083336728e-01
1.965408209609470491e-02
1.965408209609470491e-02
1.900585892506833074e-01
1.900585892506833074e-01
1.199999999999999956e+00
1.199999999999999956e+00
5.037110045735039288e-01
5.037110045735039288e-01
1.232870804891655347e-01
1.232870804891655347e-01
4.253994811036708734e-01
4.253994811036708734e-01
1.854129824173699759e-01
1.854129824173699759e-01
3.574832995278943160e-01
3.574832995278943160e-01
4.184384761676345210e-01
4.184384761676345210e-01
3.862486586869872673e-01
3.862486586869872673e-01
1.199999999999999956e+00
1.199999999999999956e+00
2.763885119893401132e-01
2.763885119893401132e-01
3.797554344720830422e-01
3.797554344720830422e-01
2.894565936059376177e-01
2.894565936059376177e-01
2.432350591816644647e-01
2.432350591816644647e-01
9.677419624848197094e-03
9.677419624848197094e-03
3.718357103271360820e-01
3.718357103271360820e-01
1.254674784250973674e-01
1.254674784250973674e-01
4.918491459704557936e-03
4.918491459704557936e-03
2.470939627527814209e-01
2.470939627527814209e-01
3.121919494654981087e-01
3.121919494654981087e-01
1.679423631527245109e-02
1.679423631527245109e-02
2.611584766830869486e-01
2.611584766830869486e-01
6.902171357903901239e-01
6.902171357903901239e-01
3.148044186529950217e-01
3.148044186529950217e-01
6.797818972377457358e-01
6.797818972377457358e-01
3.643264984069500834e-01
3.643264984069500834e-01
1.045878767217879174e-01
1.045878767217879174e-01
2.712116156504097986e-01
2.712116156504097986e-01
2.477878520441420193e-02
2.477878520441420193e-02
1.362667288663903242e-01
1.362667288663903242e-01
2.026543066714763808e-01
2.026543066714763808e-01
5.014353475864305465e-03
5.014353475864305465e-03
4.780502513276779775e-01
4.780502513276779775e-01
1.620591480817101249e-01
1.620591480817101249e-01
2.699374671259734959e-01
2.699374671259734959e-01
5.485783044075337456e-02
5.485783044075337456e-02
6.393596568831907412e-01
6.393596568831907412e-01
1.199999999999999956e+00
1.199999999999999956e+00
1.655084584188362407e-01
1.655084584188362407e-01
6.056554507409112574e-04
6.056554507409112574e-04
3.573687680778018794e-01
3.573687680778018794e-01
6.505712270702843636e-01
6.505712270702843636e-01
1.047992859845269797e-01
1.047992859845269797e-01
9.184390704782616766e-01
9.184390704782616766e-01
1.137345702390418628e-01
1.137345702390418628e-01
1.199999999999999956e+00
1.199999999999999956e+00
5.560056098268807423e-01
5.560056098268807423e-01
1.353142789579500072e-01
1.353142789579500072e-01
3.792345349094000673e-02
3.792345349094000673e-02
2.828170091599376823e-01
2.828170091599376823e-01
5.354598276816838753e-01
5.354598276816838753e-01
1.005749907258840503e-01
1.005749907258840503e-01
3.404992506022961329e-01
3.404992506022961329e-01
1.127059084744630457e-01
1.127059084744630457e-01
5.958256905013042948e-01
5.958256905013042948e-01
1.199999999999999956e+00
1.199999999999999956e+00
1.199999999999999956e+00
1.199999999999999956e+00
3.576971147828693354e-02
3.576971147828693354e-02
4.246961299382694399e-01
4.246961299382694399e-01
7.630092946635884665e-01
7.630092946635884665e-01
6.773840365780445794e-01
6.773840365780445794e-01
1.451427467496649582e-01
1.451427467496649582e-01
2.528799402138270369e-01
2.528799402138270369e-01
2.859629177246129084e-01
2.859629177246129084e-01
4.190882786169536356e-01
4.190882786169536356e-01
3.074734980559760689e-01
3.074734980559760689e-01
4.774700419255552553e-01
4.774700419255552553e-01
1.199999999999999956e+00
1.199999999999999956e+00
1.077652973825086041e-01
1.077652973825086041e-01
4.586776381009821657e-02
4.586776381009821657e-02
2.744757343942375583e-01
2.744757343942375583e-01
1.931058170098873539e-01
1.931058170098873539e-01
2.904128807295549564e-01
2.904128807295549564e-01
4.635819358480974817e-01
4.635819358480974817e-01
1.199999999999999956e+00
1.199999999999999956e+00
1.199999999999999956e+00
1.199999999999999956e+00
4.796089799761367178e-01
4.796089799761367178e-01
3.498094487434274570e-03
3.498094487434274570e-03
1.199999999999999956e+00
1.199999999999999956e+00
2.177618393225569382e-01
2.177618393225569382e-01
4.669404651929991434e-01
4.669404651929991434e-01
2.925863555650331516e-01
2.925863555650331516e-01
1.503310685848230077e-01
1.503310685848230077e-01
1.187951887022783981e-01
1.187951887022783981e-01
5.871725335491916331e-01
5.871725335491916331e-01
1.185383036052183557e-02
1.185383036052183557e-02
1.789498463305732590e-01
1.789498463305732590e-01
3.321875278977411416e-01
3.321875278977411416e-01
2.365771400294352372e-02
2.365771400294352372e-02
3.521637419377597333e-01
3.521637419377597333e-01
3.043092145040340868e-02
3.043092145040340868e-02
3.711819764542200195e-01
3.711819764542200195e-01
6.212751990505286509e-02
6.212751990505286509e-02
2.496022272852963519e-01
2.496022272852963519e-01
5.080568622044133731e-01
5.080568622044133731e-01
2.493044116846027461e-02
2.493044116846027461e-02
1.690014102124045570e-01
1.690014102124045570e-01
3.494649298190843911e-01
3.494649298190843911e-01
5.145314934739643187e-01
5.145314934739643187e-01
1.199999999999999956e+00
1.199999999999999956e+00
2.715992204834362100e-01
2.715992204834362100e-01
6.237652123378142899e-02
6.237652123378142899e-02
5.897942643568704346e-02
5.897942643568704346e-02
1.297513554597315155e-01
1.297513554597315155e-01
1.476120188448183136e-02
1.476120188448183136e-02
7.276145767594716096e-02
7.276145767594716096e-02
2.410475718018301183e-01
2.410475718018301183e-01
9.967243568673502807e-01
9.967243568673502807e-01
3.772457203960363770e-02
3.772457203960363770e-02
2.416784445391000902e-01
2.416784445391000902e-01
7.503347897122930599e-02
7.503347897122930599e-02
3.037280828850323910e-01
3.037280828850323910e-01
1.222838853973333972e-01
1.222838853973333972e-01
5.390655273534893377e-01
5.390655273534893377e-01
1.696655528375129451e-02
1.696655528375129451e-02
4.868502425245555543e-01
4.868502425245555543e-01
3.565338868410587725e-02
3.565338868410587725e-02
1.199999999999999956e+00
1.199999999999999956e+00
1.521687426768910667e-01
1.521687426768910667e-01
1.199999999999999956e+00
1.199999999999999956e+00
7.867132037065170669e-02
7.867132037065170669e-02
6.101173331556379864e-01
6.101173331556379864e-01
1.589129558801875008e-01
1.589129558801875008e-01
3.086485177103069910e-01
3.086485177103069910e-01
3.632033183804741494e-01
3.632033183804741494e-01
5.273866949442763685e-01
5.273866949442763685e-01
1.199999999999999956e+00
1.199999999999999956e+00
2.210227956817231165e-01
2.210227956817231165e-01
2.734015735642827405e-01
2.734015735642827405e-01
1.199999999999999956e+00
1.199999999999999956e+00
1.592200898818665333e-01
1.592200898818665333e-01
8.574512992659011346e-02
8.574512992659011346e-02
7.501579540125296042e-01
7.501579540125296042e-01
3.467455667181429946e-01
3.467455667181429946e-01
1.922548755081097266e-02
1.922548755081097266e-02
7.322112191762594757e-02
7.322112191762594757e-02
1.199999999999999956e+00
1.199999999999999956e+00
1.440070929088931896e-02
1.440070929088931896e-02
7.039389960785572692e-03
7.039389960785572692e-03
3.340420336158867465e-01
3.340420336158867465e-01
2.998407539859552773e-01
2.998407539859552773e-01
9.019465043827950002e-01
9.019465043827950002e-01
2.402316483194359975e-01
2.402316483194359975e-01
1.890423561732900992e-01
1.890423561732900992e-01
1.199999999999999956e+00
1.199999999999999956e+00
4.196535990616707679e-01
4.196535990616707679e-01
2.722834452274363604e-01
2.722834452274363604e-01
1.199999999999999956e+00
1.199999999999999956e+00
2.454072180758961330e-01
2.454072180758961330e-01
1.260470542630615955e-02
1.260470542630615955e-02
9.637123141108920876e-01
9.637123141108920876e-01
1.199999999999999956e+00
1.199999999999999956e+00
1.144112840139618762e-03
1.144112840139618762e-03
2.353766250747878763e-01
2.353766250747878763e-01
3.194982294283745805e-01
3.194982294283745805e-01
1.199999999999999956e+00
1.199999999999999956e+00
2.906290965607700727e-01
2.906290965607700727e-01
5.913485502521889647e-02
5.913485502521889647e-02
1.199999999999999956e+00
1.199999999999999956e+00
6.035936816299815322e-02
6.035936816299815322e-02
1.128851378719141901e-01
1.128851378719141901e-01
1.199999999999999956e+00
1.199999999999999956e+00
1.199999999999999956e+00
1.199999999999999956e+00
1.093739109326352210e+00
1.093739109326352210e+00
1.199999999999999956e+00
1.199999999999999956e+00
1.678157271337117895e-01
1.678157271337117895e-01
1.199999999999999956e+00
1.199999999999999956e+00
7.745737350585077396e-02
7.745737350585077396e-02
2.754416604128309340e-02
2.754416604128309340e-02
1.838481993425695737e-01
1.838481993425695737e-01
1.199999999999999956e+00
1.199999999999999956e+00
1.199999999999999956e+00
1.199999999999999956e+00
1.484053870921079044e-01
1.484053870921079044e-01
1.199999999999999956e+00
1.199999999999999956e+00
2.781560971140807359e-01
2.781560971140807359e-01
2.954234300540986569e-01
2.954234300540986569e-01
2.249406708297248536e-01
2.249406708297248536e-01
8.498401704035166149e-02
8.498401704035166149e-02
5.039460408477026698e-01
5.039460408477026698e-01
2.919130672601172316e-02
2.919130672601172316e-02
1.199999999999999956e+00
1.199999999999999956e+00
5.342084312130539470e-01
5.342084312130539470e-01
1.199999999999999956e+00
1.199999999999999956e+00
1.199999999999999956e+00
1.199999999999999956e+00
4.323694688025642718e-01
4.323694688025642718e-01
1.199999999999999956e+00
1.199999999999999956e+00
1.201558004414740068e-02
1.201558004414740068e-02
3.874514430955777189e-01
3.874514430955777189e-01
2.783359703924885853e-01
2.783359703924885853e-01
3.952875538946512557e-01
3.952875538946512557e-01
2.278898511841312979e-01
2.278898511841312979e-01
3.697855102841948738e-02
3.697855102841948738e-02
2.200667952714608910e-01
2.200667952714608910e-01
1.199999999999999956e+00
1.199999999999999956e+00
7.915001264490219290e-02
7.915001264490219290e-02
1.199999999999999956e+00
1.199999999999999956e+00
1.825113610865478631e-01
1.825113610865478631e-01
1.199999999999999956e+00
1.199999999999999956e+00
1.041642649773411478e+00
1.041642649773411478e+00
1.717865030634595780e-01
1.717865030634595780e-01
3.018732392183010038e-01
3.018732392183010038e-01
7.416923403432224005e-02
7.416923403432224005e-02
2.974763959068266878e-02
2.974763959068266878e-02
3.769110325927856886e-01
3.769110325927856886e-01
1.199999999999999956e+00
1.199999999999999956e+00
1.199999999999999956e+00
1.199999999999999956e+00
2.509204623287841218e-01
2.509204623287841218e-01
6.784783217089427332e-01
6.784783217089427332e-01
4.857487897134083604e-02
4.857487897134083604e-02
4.484668343554386039e-01
4.484668343554386039e-01
5.166454894356430350e-01
5.166454894356430350e-01
1.053087999624079396e-01
1.053087999624079396e-01
8.870340835548182201e-02
8.870340835548182201e-02
1.087473306401798984e-01
1.087473306401798984e-01
1.199999999999999956e+00
1.199999999999999956e+00
2.801720721110255441e-02
2.801720721110255441e-02
1.040947922521238446e-02
1.040947922521238446e-02
5.153931061642537115e-01
5.153931061642537115e-01
1.791265338307130583e-01
1.791265338307130583e-01
2.664499398205515956e-01
2.664499398205515956e-01
1.846314264102749680e-01
1.846314264102749680e-01
2.702817122275089634e-01
2.702817122275089634e-01
8.466536265746887890e-02
8.466536265746887890e-02
5.259199172594842819e-01
5.259199172594842819e-01
1.199999999999999956e+00
1.199999999999999956e+00
3.096936486960830126e-01
3.096936486960830126e-01
1.491597121737160137e-01
1.491597121737160137e-01
4.270708627378243250e-02
4.270708627378243250e-02
8.616567816306607008e-02
8.616567816306607008e-02
1.199999999999999956e+00
1.199999999999999956e+00
5.130587822701467848e-01
5.130587822701467848e-01
1.848634502186525530e-01
1.848634502186525530e-01
1.452712868092825571e-01
1.452712868092825571e-01
2.244667046030544011e-01
2.244667046030544011e-01
3.072814037229663897e-02
3.072814037229663897e-02
1.461799658854887052e-01
1.461799658854887052e-01
1.967513142599401910e-01
1.967513142599401910e-01
6.101468126587747953e-01
6.101468126587747953e-01
3.169432166260812700e-01
3.169432166260812700e-01
1.268529651958837934e-01
1.268529651958837934e-01
7.139839427517655213e-02
7.139839427517655213e-02
2.264819849685126285e-02
2.264819849685126285e-02
9.221224894030156660e-01
9.221224894030156660e-01
6.811894031483436973e-02
6.811894031483436973e-02
1.018952464628849752e-01
1.018952464628849752e-01
8.140402663787706106e-02
8.140402663787706106e-02
