1.049931548132611997e-01
1.049931548132611997e-01
3.114545301281230194e-01
3.114545301281230194e-01
6.311161090802095419e-01
6.311161090802095419e-01
1.199999999999999956e+00
1.199999999999999956e+00
1.199999999999999956e+00
1.199999999999999956e+00
1.199999999999999956e+00
1.199999999999999956e+00
4.040797791191344523e-02
4.040797791191344523e-02
1.199999999999999956e+00
1.199999999999999956e+00
9.302216552328718135e-02
9.302216552328718135e-02
5.933596791529965192e-02
5.933596791529965192e-02
3.282000821859305528e-01
3.282000821859305528e-01
3.065137551598854926e-01
3.065137551598854926e-01
1.716005695343493509e-01
1.716005695343493509e-01
6.089091923775857840e-02
6.089091923775857840e-02
2.275219965675817912e-01
2.275219965675817912e-01
4.212795398385458245e-01
4.212795398385458245e-01
7.122006660513702236e-02
7.122006660513702236e-02
6.111760205378273803e-01
6.111760205378273803e-01
8.315476392136869066e-01
8.315476392136869066e-01
6.592270957346118010e-01
6.592270957346118010e-01
7.441201413521523200e-01
7.441201413521523200e-01
6.195181651802834644e-01
6.195181651802834644e-01
1.099455256989887997e-01
1.099455256989887997e-01
5.142684378278246371e-02
5.142684378278246371e-02
1.199999999999999956e+00
1.199999999999999956e+00
2.619827060272969521e-01
2.619827060272969521e-01
3.469711790277994479e-01
3.469711790277994479e-01
5.432178561371321379e-01
5.432178561371321379e-01
2.829620492868141213e-01
2.829620492868141213e-01
1.803289117780881023e-01
1.803289117780881023e-01
4.938139036969211304e-01
4.938139036969211304e-01
1.410275676839458370e-01
1.410275676839458370e-01
4.178538267972064374e-02
4.178538267972064374e-02
2.128253121443107049e-02
2.128253121443107049e-02
1.199999999999999956e+00
1.199999999999999956e+00
2.959502875580488079e-01
2.959502875580488079e-01
2.883817835533226126e-01
2.883817835533226126e-01
8.654397893345337767e-02
8.654397893345337767e-02
1.066592978478253378e-01
1.066592978478253378e-01
5.901144814173341357e-01
5.901144814173341357e-01
1.352732332733139198e-01
1.352732332733139198e-01
1.168710415355538323e-01
1.168710415355538323e-01
1.658860134198409664e-01
1.658860134198409664e-01
1.199999999999999956e+00
1.199999999999999956e+00
1.260537200946518048e-02
1.260537200946518048e-02
1.199999999999999956e+00
1.199999999999999956e+00
1.199999999999999956e+00
1.199999999999999956e+00
2.169683665064692235e-02
2.169683665064692235e-02
1.199999999999999956e+00
1.199999999999999956e+00
7.848628217455223544e-01
7.848628217455223544e-01
1.199999999999999956e+00
1.199999999999999956e+00
2.294770051219298390e-02
2.294770051219298390e-02
2.506342283364634271e-01
2.506342283364634271e-01
7.072274343529245666e-01
7.072274343529245666e-01
3.591353947902606869e-01
3.591353947902606869e-01
1.011511679533369235e-01
1.011511679533369235e-01
2.099534918789785487e-01
2.099534918789785487e-01
1.199999999999999956e+00
1.199999999999999956e+00
4.789526070401332186e-02
4.789526070401332186e-02
1.199999999999999956e+00
1.199999999999999956e+00
1.199999999999999956e+00
1.199999999999999956e+00
4.573555537082114042e-01
4.573555537082114042e-01
4.612310803054738284e-01
4.612310803054738284e-01
2.982964497821212757e-01
2.982964497821212757e-01
1.537250032241841424e-01
1.537250032241841424e-01
1.199999999999999956e+00
1.199999999999999956e+00
1.719572442172538629e-01
1.719572442172538629e-01
6.293703771690363213e-01
6.293703771690363213e-01
1.199999999999999956e+00
1.199999999999999956e+00
7.006172174260455465e-01
7.006172174260455465e-01
3.929497453225569426e-01
3.929497453225569426e-01
6.383154808008424386e-01
6.383154808008424386e-01
4.871038339071609435e-01
4.871038339071609435e-01
6.036546044330974858e-01
6.036546044330974858e-01
5.731976973311196932e-01
5.731976973311196932e-01
2.276777861773963962e-01
2.276777861773963962e-01
1.199999999999999956e+00
1.199999999999999956e+00
1.828121667642848003e-01
1.828121667642848003e-01
6.161567887939761734e-02
6.161567887939761734e-02
1.199999999999999956e+00
1.199999999999999956e+00
1.199999999999999956e+00
1.199999999999999956e+00
4.113695215629207258e-01
4.113695215629207258e-01
1.199999999999999956e+00
1.199999999999999956e+00
3.177573056618886449e-01
3.177573056618886449e-01
2.160464918800319711e-01
2.160464918800319711e-01
5.044866780456427335e-01
5.044866780456427335e-01
7.068318997520749158e-02
7.068318997520749158e-02
2.562732328269827220e-01
2.562732328269827220e-01
2.914588520407552230e-01
2.914588520407552230e-01
1.602037179528413846e-01
1.602037179528413846e-01
1.199999999999999956e+00
1.199999999999999956e+00
1.789648258704426009e-01
1.789648258704426009e-01
1.199999999999999956e+00
1.199999999999999956e+00
7.750718880482294626e-01
7.750718880482294626e-01
2.485255340175917260e-01
2.485255340175917260e-01
3.365322495791144841e-01
3.365322495791144841e-01
1.836250458834860488e-01
1.836250458834860488e-01
2.321514979908030352e-01
2.321514979908030352e-01
5.804390339953556799e-01
5.804390339953556799e-01
1.357038166063343210e-01
1.357038166063343210e-01
6.691702135049588662e-01
6.691702135049588662e-01
1.199999999999999956e+00
1.199999999999999956e+00
1.199999999999999956e+00
1.199999999999999956e+00
1.199999999999999956e+00
1.199999999999999956e+00
1.976311453580977817e-01
1.976311453580977817e-01
1.199999999999999956e+00
1.199999999999999956e+00
1.020985997090735786e+00
1.020985997090735786e+00
4.052142143701890631e-01
4.052142143701890631e-01
4.253838425872025208e-02
4.253838425872025208e-02
1.199999999999999956e+00
1.199999999999999956e+00
8.436076369749421211e-01
8.436076369749421211e-01
5.402635814558433003e-01
5.402635814558433003e-01
4.688997228547989171e-01
4.688997228547989171e-01
1.025422829110117950e+00
1.025422829110117950e+00
1.042926113981941516e-01
1.042926113981941516e-01
1.565197068336161013e-01
1.565197068336161013e-01
1.813010603430108281e-01
1.813010603430108281e-01
2.087819044201183749e-01
2.087819044201183749e-01
2.072166782936941398e-01
2.072166782936941398e-01
1.199999999999999956e+00
1.199999999999999956e+00
1.199999999999999956e+00
1.199999999999999956e+00
4.378595062719154406e-03
4.378595062719154406e-03
5.712694723814918524e-02
5.712694723814918524e-02
8.430417984110057106e-02
8.430417984110057106e-02
1.199999999999999956e+00
1.199999999999999956e+00
1.199999999999999956e+00
1.199999999999999956e+00
9.523713714792528817e-01
9.523713714792528817e-01
1.199999999999999956e+00
1.199999999999999956e+00
4.324494233642244279e-01
4.324494233642244279e-01
3.154824486923944460e-01
3.154824486923944460e-01
1.381234847975404134e-01
1.381234847975404134e-01
1.430424180065580086e-01
1.430424180065580086e-01
1.510944770684673200e-01
1.510944770684673200e-01
3.237436596153259183e-01
3.237436596153259183e-01
2.386547479634285041e-01
2.386547479634285041e-01
3.835344655588066032e-01
3.835344655588066032e-01
1.199999999999999956e+00
1.199999999999999956e+00
1.860596883640507626e-01
1.860596883640507626e-01
1.199999999999999956e+00
1.199999999999999956e+00
1.843483094126009969e-01
1.843483094126009969e-01
2.541492007835098946e-02
2.541492007835098946e-02
2.973022973884674180e-01
2.973022973884674180e-01
2.862099865358559425e-01
2.862099865358559425e-01
1.199999999999999956e+00
1.199999999999999956e+00
5.479285149092761875e-01
5.479285149092761875e-01
3.574720314330880888e-01
3.574720314330880888e-01
8.761424861392262953e-01
8.761424861392262953e-01
7.624827781610573618e-01
7.624827781610573618e-01
1.199999999999999956e+00
1.199999999999999956e+00
1.199999999999999956e+00
1.199999999999999956e+00
3.584917481020479663e-02
3.584917481020479663e-02
1.199999999999999956e+00
1.199999999999999956e+00
1.142903671252930575e-01
1.142903671252930575e-01
3.515289262520902569e-01
3.515289262520902569e-01
7.268851364217407962e-01
7.268851364217407962e-01
2.343617530492544399e-01
2.343617530492544399e-01
2.640259243120170463e-01
2.640259243120170463e-01
4.867328953823373688e-02
4.867328953823373688e-02
1.199999999999999956e+00
1.199999999999999956e+00
2.142424805659219889e-01
2.142424805659219889e-01
9.742257036279283744e-02
9.742257036279283744e-02
5.297627241529164754e-01
5.297627241529164754e-01
5.244285434689633929e-01
5.244285434689633929e-01
2.138205366484242365e-01
2.138205366484242365e-01
2.421351766631586466e-01
2.421351766631586466e-01
3.499769724823179606e-01
3.499769724823179606e-01
1.199999999999999956e+00
1.199999999999999956e+00
9.522833850028215863e-02
9.522833850028215863e-02
1.276065329379438319e-02
1.276065329379438319e-02
6.733809673203334789e-01
6.733809673203334789e-01
4.551670539323036113e-01
4.551670539323036113e-01
1.199999999999999956e+00
1.199999999999999956e+00
1.199999999999999956e+00
1.199999999999999956e+00
2.691792247821710449e-01
2.691792247821710449e-01
1.737665849229678150e-01
1.737665849229678150e-01
2.080744735445460014e-01
2.080744735445460014e-01
1.199999999999999956e+00
1.199999999999999956e+00
1.472731698227879582e-01
1.472731698227879582e-01
2.022355313195290938e-01
2.022355313195290938e-01
1.199999999999999956e+00
1.199999999999999956e+00
7.486697866409795787e-02
7.486697866409795787e-02
6.015121748191133433e-01
6.015121748191133433e-01
9.829645268539793923e-02
9.829645268539793923e-02
1.199999999999999956e+00
1.199999999999999956e+00
2.945336020463694693e-01
2.945336020463694693e-01
4.824971022015503985e-01
4.824971022015503985e-01
8.068362495618171260e-02
8.068362495618171260e-02
6.013615762866622028e-01
6.013615762866622028e-01
5.584199951387991412e-02
5.584199951387991412e-02
3.451265395027785371e-02
3.451265395027785371e-02
1.886634028879313751e-01
1.886634028879313751e-01
1.578144113026377360e-01
1.578144113026377360e-01
1.127234281530196808e-01
1.127234281530196808e-01
8.081064355263375965e-02
8.081064355263375965e-02
1.199999999999999956e+00
1.199999999999999956e+00
1.199999999999999956e+00
1.199999999999999956e+00
3.380430163662705989e-01
3.380430163662705989e-01
2.819476296246165581e-01
2.819476296246165581e-01
8.341583197323464149e-02
8.341583197323464149e-02
1.199999999999999956e+00
1.199999999999999956e+00
1.199999999999999956e+00
1.199999999999999956e+00
1.199999999999999956e+00
1.199999999999999956e+00
1.199999999999999956e+00
1.199999999999999956e+00
5.255395881883377918e-01
5.255395881883377918e-01
1.670979164419505655e-02
1.670979164419505655e-02
6.189162303670840970e-01
6.189162303670840970e-01
4.619937111812257857e-01
4.619937111812257857e-01
1.199999999999999956e+00
1.199999999999999956e+00
9.276510825003774219e-01
9.276510825003774219e-01
5.954900246076248044e-02
5.954900246076248044e-02
3.841674828367848127e-01
3.841674828367848127e-01
1.199999999999999956e+00
1.199999999999999956e+00
2.774669903644478852e-01
2.774669903644478852e-01
2.186416830074292550e-01
2.186416830074292550e-01
1.199999999999999956e+00
1.199999999999999956e+00
1.003783587991845770e-02
1.003783587991845770e-02
9.655408508688760605e-02
9.655408508688760605e-02
1.199999999999999956e+00
1.199999999999999956e+00
2.714898211762504787e-01
2.714898211762504787e-01
4.380008617868464960e-01
4.380008617868464960e-01
5.939976224206038324e-01
5.939976224206038324e-01
1.199999999999999956e+00
1.199999999999999956e+00
1.990965405608413619e-01
1.990965405608413619e-01
4.636918194330984049e-05
4.636918194330984049e-05
5.656582479135496139e-02
5.656582479135496139e-02
2.350641805200656131e-01
2.350641805200656131e-01
4.293312535598769464e-01
4.293312535598769464e-01
3.488563906991744012e-01
3.488563906991744012e-01
1.710306838364920035e-01
1.710306838364920035e-01
1.669124443545955128e-01
1.669124443545955128e-01
1.466994497227646077e-01
1.466994497227646077e-01
1.688694890421538197e-01
1.688694890421538197e-01
2.445834629641512326e-01
2.445834629641512326e-01
1.199999999999999956e+00
1.199999999999999956e+00
3.229634259286510156e-01
3.229634259286510156e-01
5.219625886808547666e-01
5.219625886808547666e-01
1.199999999999999956e+00
1.199999999999999956e+00
1.199999999999999956e+00
1.199999999999999956e+00
1.199999999999999956e+00
1.199999999999999956e+00
1.373938725726545074e-01
1.373938725726545074e-01
4.484570531937356330e-01
4.484570531937356330e-01
4.907143345911404997e-01
4.907143345911404997e-01
1.199999999999999956e+00
1.199999999999999956e+00
2.869252528305379912e-01
2.869252528305379912e-01
4.639744385577999619e-01
4.639744385577999619e-01
2.166964845297790210e-01
2.166964845297790210e-01
7.826866224792949911e-02
7.826866224792949911e-02
1.231233135309662413e-01
1.231233135309662413e-01
2.023072339086851024e-02
2.023072339086851024e-02
3.258381781176188791e-02
3.258381781176188791e-02
1.199999999999999956e+00
1.199999999999999956e+00
6.299413331193998156e-01
6.299413331193998156e-01
6.628092414095962392e-02
6.628092414095962392e-02
1.099812812208510737e-01
1.099812812208510737e-01
7.325431341347237169e-01
7.325431341347237169e-01
1.199999999999999956e+00
1.199999999999999956e+00
1.645470366052610364e-02
1.645470366052610364e-02
3.034076052531008427e-01
3.034076052531008427e-01
1.199999999999999956e+00
1.199999999999999956e+00
8.538302971652494966e-02
8.538302971652494966e-02
3.091503755076246973e-01
3.091503755076246973e-01
5.264993821774581750e-01
5.264993821774581750e-01
5.292505441590606985e-01
5.292505441590606985e-01
1.831101061290458035e-02
1.831101061290458035e-02
4.229391890897156447e-02
4.229391890897156447e-02
1.379049554295409541e-01
1.379049554295409541e-01
3.754361184928256545e-02
3.754361184928256545e-02
1.750483081627239590e-01
1.750483081627239590e-01
1.199999999999999956e+00
1.199999999999999956e+00
6.654725543944302324e-02
6.654725543944302324e-02
3.309772995288655095e-01
3.309772995288655095e-01
2.549113532069310906e-01
2.549113532069310906e-01
3.039347749900729867e-01
3.039347749900729867e-01
2.369793233137251764e-01
2.369793233137251764e-01
1.375386152924349126e-01
1.375386152924349126e-01
1.874031914370307694e-01
1.874031914370307694e-01
1.410409197358191702e-01
1.410409197358191702e-01
1.506413252871469793e-02
1.506413252871469793e-02
2.270751513130620514e-01
2.270751513130620514e-01
4.565496845322581376e-01
4.565496845322581376e-01
8.994882713540508501e-02
8.994882713540508501e-02
3.132011293060649737e-01
3.132011293060649737e-01
3.798005675734560382e-01
3.798005675734560382e-01
1.257863472217755907e-01
1.257863472217755907e-01
3.631213985627844698e-01
3.631213985627844698e-01
3.676824792408905918e-02
3.676824792408905918e-02
1.199999999999999956e+00
1.199999999999999956e+00
1.199999999999999956e+00
1.199999999999999956e+00
1.243722964851381313e-01
1.243722964851381313e-01
2.371990330003367342e-01
2.371990330003367342e-01
1.199999999999999956e+00
1.199999999999999956e+00
6.321169667444639373e-01
6.321169667444639373e-01
7.497589216698685721e-02
7.497589216698685721e-02
1.199999999999999956e+00
1.199999999999999956e+00
9.599505511553841908e-01
9.599505511553841908e-01
1.111327685762636686e-01
1.111327685762636686e-01
1.199999999999999956e+00
1.199999999999999956e+00
1.199999999999999956e+00
1.199999999999999956e+00
9.943119351457062327e-02
9.943119351457062327e-02
6.350515620020241725e-02
6.350515620020241725e-02
3.226478796018297790e-01
3.226478796018297790e-01
6.776467480454458070e-02
6.776467480454458070e-02
1.381980631628890177e-01
1.381980631628890177e-01
2.820987358338587492e-01
2.820987358338587492e-01
4.505325949242435790e-01
4.505325949242435790e-01
6.783694462006821524e-02
6.783694462006821524e-02
1.199999999999999956e+00
1.199999999999999956e+00
1.199999999999999956e+00
1.199999999999999956e+00
1.199999999999999956e+00
1.199999999999999956e+00
2.567703680847423509e-01
2.567703680847423509e-01
1.011293006332353528e+00
1.011293006332353528e+00
5.460825343490969264e-01
5.460825343490969264e-01
1.025107189272426167e-01
1.025107189272426167e-01
1.199999999999999956e+00
1.199999999999999956e+00
3.902121501428079120e-01
3.902121501428079120e-01
7.097339111562496194e-01
7.097339111562496194e-01
1.317149812759434852e-02
1.317149812759434852e-02
1.199999999999999956e+00
1.199999999999999956e+00
7.202039029850873519e-02
7.202039029850873519e-02
1.188254168844968400e-01
1.188254168844968400e-01
1.199999999999999956e+00
1.199999999999999956e+00
1.026670980667557381e-01
1.026670980667557381e-01
3.102237167279788821e-01
3.102237167279788821e-01
4.487952130943395623e-01
4.487952130943395623e-01
2.167647021784420147e-01
2.167647021784420147e-01
9.710573284962971397e-02
9.710573284962971397e-02
1.199999999999999956e+00
1.199999999999999956e+00
4.609111469870467714e-01
4.609111469870467714e-01
1.455621813283107524e-01
1.455621813283107524e-01
2.320781615202663350e-01
2.320781615202663350e-01
3.944451341769688035e-01
3.944451341769688035e-01
4.561334791760540686e-02
4.561334791760540686e-02
1.199999999999999956e+00
1.199999999999999956e+00
1.469590428562666806e-01
1.469590428562666806e-01
2.323037513717406688e-01
2.323037513717406688e-01
1.199999999999999956e+00
1.199999999999999956e+00
8.694983328704731784e-01
8.694983328704731784e-01
1.199999999999999956e+00
1.199999999999999956e+00
4.146430212120368053e-02
4.146430212120368053e-02
1.199999999999999956e+00
1.199999999999999956e+00
2.294857171700884213e-01
2.294857171700884213e-01
1.091088879054439992e-01
1.091088879054439992e-01
2.352748132762730870e-01
2.352748132762730870e-01
1.124471224862457208e-01
1.124471224862457208e-01
2.280510748812612509e-01
2.280510748812612509e-01
5.542031534061914178e-01
5.542031534061914178e-01
6.622340638942862956e-01
6.622340638942862956e-01
2.490136812664058841e-01
2.490136812664058841e-01
1.305570067065777995e-01
1.305570067065777995e-01
5.928955522034682346e-01
5.928955522034682346e-01
1.199999999999999956e+00
1.199999999999999956e+00
3.061589051811005047e-01
3.061589051811005047e-01
2.616435305210993434e-01
2.616435305210993434e-01
2.048881717358054522e-01
2.048881717358054522e-01
3.787073678231260287e-01
3.787073678231260287e-01
4.345443535933912055e-02
4.345443535933912055e-02
1.199999999999999956e+00
1.199999999999999956e+00
1.354752388723731715e-01
1.354752388723731715e-01
9.831146981985794397e-02
9.831146981985794397e-02
1.692638014906977517e-01
1.692638014906977517e-01
3.217120517225803278e-01
3.217120517225803278e-01
5.411005180089233368e-01
5.411005180089233368e-01
1.629120251717065815e-02
1.629120251717065815e-02
4.345040315424953947e-01
4.345040315424953947e-01
4.705785580046832894e-01
4.705785580046832894e-01
6.636587658346969620e-01
6.636587658346969620e-01
7.768963860261796084e-02
7.768963860261796084e-02
6.797094016696942909e-01
6.797094016696942909e-01
9.977106353889093615e-01
9.977106353889093615e-01
2.978886036220031452e-01
2.978886036220031452e-01
7.138569003923303513e-02
7.138569003923303513e-02
1.199999999999999956e+00
1.199999999999999956e+00
5.806788911502162032e-01
5.806788911502162032e-01
5.620326946770565213e-01
5.620326946770565213e-01
2.540723399205712107e-01
2.540723399205712107e-01
1.199999999999999956e+00
1.199999999999999956e+00
2.358801074756317895e-01
2.358801074756317895e-01
1.082510331918801749e-01
1.082510331918801749e-01
1.723680591590149025e-01
1.723680591590149025e-01
3.017225880462781618e-01
3.017225880462781618e-01
3.979640440461843509e-01
3.979640440461843509e-01
1.199999999999999956e+00
1.199999999999999956e+00
1.738454287043245672e-01
1.738454287043245672e-01
3.183583462121705732e-01
3.183583462121705732e-01
2.209613602624339781e-03
2.209613602624339781e-03
2.140705346640354723e-01
2.140705346640354723e-01
1.199999999999999956e+00
1.199999999999999956e+00
3.206863044760642767e-01
3.206863044760642767e-01
1.199999999999999956e+00
1.199999999999999956e+00
6.732819401418161931e-01
6.732819401418161931e-01
1.199999999999999956e+00
1.199999999999999956e+00
3.589651425741312574e-01
3.589651425741312574e-01
5.666769461805828412e-01
5.666769461805828412e-01
1.199999999999999956e+00
1.199999999999999956e+00
6.923785346691461173e-01
6.923785346691461173e-01
6.619221432722902643e-01
6.619221432722902643e-01
1.539729767476027689e-01
1.539729767476027689e-01
1.199999999999999956e+00
1.199999999999999956e+00
7.046828990772278922e-02
7.046828990772278922e-02
6.356973664282800085e-01
6.356973664282800085e-01
1.199999999999999956e+00
1.199999999999999956e+00
7.941361888464486540e-01
7.941361888464486540e-01
1.199999999999999956e+00
1.199999999999999956e+00
3.802668455287078197e-01
3.802668455287078197e-01
6.219680911563497672e-01
6.219680911563497672e-01
6.011126340442702887e-01
6.011126340442702887e-01
5.614862256802736207e-01
5.614862256802736207e-01
1.199999999999999956e+00
1.199999999999999956e+00
5.706281767069659033e-02
5.706281767069659033e-02
1.252427206467190690e-01
1.252427206467190690e-01
1.199999999999999956e+00
1.199999999999999956e+00
2.648266945407754536e-01
2.648266945407754536e-01
6.508555173345187406e-01
6.508555173345187406e-01
2.171531218046068856e-01
2.171531218046068856e-01
1.199999999999999956e+00
1.199999999999999956e+00
2.236749205121101314e-01
2.236749205121101314e-01
3.881822868686308770e-01
3.881822868686308770e-01
5.459454159093831693e-01
5.459454159093831693e-01
3.354272270541887591e-01
3.354272270541887591e-01
6.978420016958836181e-01
6.978420016958836181e-01
5.480827095678341560e-02
5.480827095678341560e-02
3.041776031554813131e-01
3.041776031554813131e-01
1.066093518455153710e-01
1.066093518455153710e-01
6.096083435552913654e-01
6.096083435552913654e-01
7.483772838939253269e-01
7.483772838939253269e-01
3.978712314085691704e-01
3.978712314085691704e-01
2.773123765605816082e-01
2.773123765605816082e-01
2.212401025277918321e-01
2.212401025277918321e-01
4.065922638056302940e-01
4.065922638056302940e-01
1.199999999999999956e+00
1.199999999999999956e+00
1.199999999999999956e+00
1.199999999999999956e+00
7.495017969465347374e-01
7.495017969465347374e-01
1.199999999999999956e+00
1.199999999999999956e+00
1.199999999999999956e+00
1.199999999999999956e+00
5.565919038868551993e-01
5.565919038868551993e-01
5.723701660508254685e-01
5.723701660508254685e-01
6.237152318311378618e-02
6.237152318311378618e-02
1.199999999999999956e+00
1.199999999999999956e+00
2.074417682987320100e-01
2.074417682987320100e-01
4.455898632898649403e-01
4.455898632898649403e-01
2.003231441862593776e-01
2.003231441862593776e-01
3.471190197335947136e-01
3.471190197335947136e-01
4.484524991359153390e-01
4.484524991359153390e-01
2.205463549768898468e-01
2.205463549768898468e-01
1.199999999999999956e+00
1.199999999999999956e+00
2.411940680242226076e-01
2.411940680242226076e-01
1.040305858238045611e-01
1.040305858238045611e-01
2.988803920054393659e-01
2.988803920054393659e-01
4.583802423196751269e-02
4.583802423196751269e-02
1.199999999999999956e+00
1.199999999999999956e+00
1.840830714004403068e-01
1.840830714004403068e-01
4.443446485397598567e-01
4.443446485397598567e-01
1.199999999999999956e+00
1.199999999999999956e+00
1.199999999999999956e+00
1.199999999999999956e+00
3.632092489347691355e-01
3.632092489347691355e-01
1.199999999999999956e+00
1.199999999999999956e+00
2.225779211401150981e-01
2.225779211401150981e-01
1.049960919434375362e-01
1.049960919434375362e-01
4.014111777842850337e-01
4.014111777842850337e-01
1.298249553309944460e-01
1.298249553309944460e-01
1.192899488492618759e-01
1.192899488492618759e-01
4.433708644677161193e-01
4.433708644677161193e-01
4.223870398383109404e-01
4.223870398383109404e-01
4.415401622706028456e-02
4.415401622706028456e-02
2.352971399364182092e-01
2.352971399364182092e-01
3.459702847276593385e-01
3.459702847276593385e-01
7.046361790719889440e-01
7.046361790719889440e-01
6.650806089973925438e-03
6.650806089973925438e-03
1.199999999999999956e+00
1.199999999999999956e+00
2.669224666237418053e-01
2.669224666237418053e-01
1.068834957753815457e-01
1.068834957753815457e-01
8.383895590343581894e-02
8.383895590343581894e-02
5.492869207537157683e-01
5.492869207537157683e-01
3.443525671211684624e-01
3.443525671211684624e-01
1.644884147878742930e-01
1.644884147878742930e-01
1.199999999999999956e+00
1.199999999999999956e+00
2.387506230586599887e-01
2.387506230586599887e-01
1.199999999999999956e+00
1.199999999999999956e+00
4.910772896290191980e-01
4.910772896290191980e-01
6.675919812622814475e-02
6.675919812622814475e-02
6.457193194368842093e-01
6.457193194368842093e-01
1.199999999999999956e+00
1.199999999999999956e+00
2.811912864036749116e-01
2.811912864036749116e-01
2.465139569933001359e-02
2.465139569933001359e-02
7.782878741508432452e-02
7.782878741508432452e-02
1.995392255135145232e-01
1.995392255135145232e-01
5.261454158258997982e-01
5.261454158258997982e-01
2.108441503262452332e-01
2.108441503262452332e-01
1.037901732860285198e-01
1.037901732860285198e-01
1.100549638478491923e-02
1.100549638478491923e-02
3.712986774807022217e-01
3.712986774807022217e-01
1.199999999999999956e+00
1.199999999999999956e+00
3.625863712771953962e-01
3.625863712771953962e-01
1.199999999999999956e+00
1.199999999999999956e+00
9.477113956200415856e-01
9.477113956200415856e-01
8.361141562077350695e-03
8.361141562077350695e-03
1.025736886721844154e-01
1.025736886721844154e-01
5.763958923731967721e-01
5.763958923731967721e-01
1.265244682507189189e-01
1.265244682507189189e-01
4.859751394376342626e-01
4.859751394376342626e-01
1.199999999999999956e+00
1.199999999999999956e+00
3.898222659656119110e-02
3.898222659656119110e-02
7.843102639637005158e-01
7.843102639637005158e-01
4.380834141363196821e-01
4.380834141363196821e-01
3.782097200822754149e-03
3.782097200822754149e-03
3.191829515555729135e-01
3.191829515555729135e-01
6.946708638486099874e-01
6.946708638486099874e-01
1.199999999999999956e+00
1.199999999999999956e+00
4.272379849634155291e-01
4.272379849634155291e-01
2.702058412688649880e-01
2.702058412688649880e-01
1.809156898134265945e-01
1.809156898134265945e-01
1.354549436641412988e-02
1.354549436641412988e-02
1.324645020087604763e-01
1.324645020087604763e-01
1.002733535824430922e+00
1.002733535824430922e+00
6.797370072335495728e-02
6.797370072335495728e-02
1.969032243293561135e-01
1.969032243293561135e-01
3.642738839831636266e-01
3.642738839831636266e-01
1.710826716458004604e-01
1.710826716458004604e-01
1.825962532646906444e-01
1.825962532646906444e-01
4.104645699580182217e-01
4.104645699580182217e-01
1.375312096783716242e-01
1.375312096783716242e-01
1.199999999999999956e+00
1.199999999999999956e+00
2.733497562374222478e-01
2.733497562374222478e-01
4.194383757189898976e-01
4.194383757189898976e-01
6.642592552224475533e-01
6.642592552224475533e-01
2.280906070732086899e-01
2.280906070732086899e-01
1.199999999999999956e+00
1.199999999999999956e+00
5.157693244848703396e-01
5.157693244848703396e-01
3.119766471657799412e-01
3.119766471657799412e-01
9.120309707030689328e-01
9.120309707030689328e-01
2.367222418646746096e-01
2.367222418646746096e-01
2.110295666114454516e-01
2.110295666114454516e-01
1.391849844672254088e-01
1.391849844672254088e-01
2.566497923572534368e-01
2.566497923572534368e-01
4.908620025835726958e-02
4.908620025835726958e-02
7.328831969491799402e-03
7.328831969491799402e-03
5.543696592106815979e-01
5.543696592106815979e-01
1.199999999999999956e+00
1.199999999999999956e+00
3.918412977726677404e-01
3.918412977726677404e-01
3.516549608355850620e-01
3.516549608355850620e-01
5.742445134780321814e-01
5.742445134780321814e-01
3.205645395005378151e-01
3.205645395005378151e-01
3.314119270340318280e-01
3.314119270340318280e-01
1.192794338244928670e-01
1.192794338244928670e-01
1.199999999999999956e+00
1.199999999999999956e+00
7.624537339428706373e-01
7.624537339428706373e-01
1.199999999999999956e+00
1.199999999999999956e+00
4.534125871330772495e-01
4.534125871330772495e-01
9.765000092456033176e-02
9.765000092456033176e-02
1.580314888057666456e-01
1.580314888057666456e-01
3.430528853823544000e-01
3.430528853823544000e-01
1.592990024573483210e-01
1.592990024573483210e-01
6.360893557680658006e-01
6.360893557680658006e-01
1.199999999999999956e+00
1.199999999999999956e+00
1.199999999999999956e+00
1.199999999999999956e+00
3.562001901326550257e-01
3.562001901326550257e-01
4.160939862291164471e-02
4.160939862291164471e-02
1.007106252736902630e-01
1.007106252736902630e-01
5.452152242686199024e-01
5.452152242686199024e-01
1.199999999999999956e+00
1.199999999999999956e+00
5.164433775649882735e-02
5.164433775649882735e-02
2.658311033667334899e-01
2.658311033667334899e-01
1.069297993046894879e+00
1.069297993046894879e+00
2.356948862216573515e-01
2.356948862216573515e-01
8.044348552529723140e-02
8.044348552529723140e-02
2.431578941950589545e-01
2.431578941950589545e-01
1.780198473808410065e-02
1.780198473808410065e-02
1.199999999999999956e+00
1.199999999999999956e+00
1.199999999999999956e+00
1.199999999999999956e+00
2.275252512726607113e-01
2.275252512726607113e-01
6.017208037619133920e-01
6.017208037619133920e-01
1.417826254799758878e-01
1.417826254799758878e-01
4.448429626682401938e-01
4.448429626682401938e-01
1.975339335835817334e-01
1.975339335835817334e-01
3.358355271947848289e-03
3.358355271947848289e-03
1.304061213807216346e-01
1.304061213807216346e-01
4.222798485604822155e-02
4.222798485604822155e-02
1.606005327148447848e-01
1.606005327148447848e-01
3.592352752515695635e-01
3.592352752515695635e-01
2.805243598795021942e-01
2.805243598795021942e-01
2.421448855854781701e-01
2.421448855854781701e-01
1.024643192573854167e-01
1.024643192573854167e-01
3.080914316172667089e-01
3.080914316172667089e-01
7.170597625697081590e-01
7.170597625697081590e-01
8.443865030347716405e-02
8.443865030347716405e-02
9.047085167864331590e-01
9.047085167864331590e-01
5.888975677316602431e-01
5.888975677316602431e-01
1.980383245375395562e-01
1.980383245375395562e-01
5.718410856251938679e-01
5.718410856251938679e-01
3.348021732463619671e-01
3.348021732463619671e-01
1.199999999999999956e+00
1.199999999999999956e+00
3.041832845767872273e-01
3.041832845767872273e-01
1.199999999999999956e+00
1.199999999999999956e+00
1.199999999999999956e+00
1.199999999999999956e+00
3.278604066797681238e-01
3.278604066797681238e-01
1.199999999999999956e+00
1.199999999999999956e+00
3.512879941653803684e-01
3.512879941653803684e-01
8.006313220685096210e-01
8.006313220685096210e-01
1.199999999999999956e+00
1.199999999999999956e+00
1.199999999999999956e+00
1.199999999999999956e+00
1.799829947201145586e-01
1.799829947201145586e-01
3.417666886599983467e-02
3.417666886599983467e-02
2.034306220610643534e-01
2.034306220610643534e-01
1.402907010240637964e-01
1.402907010240637964e-01
8.803422112930586740e-02
8.803422112930586740e-02
6.573048820704784079e-02
6.573048820704784079e-02
5.171801433436358508e-02
5.171801433436358508e-02
2.668175029161745093e-01
2.668175029161745093e-01
9.188161579060607487e-01
9.188161579060607487e-01
2.493964841397363075e-01
2.493964841397363075e-01
2.270858452853635745e-01
2.270858452853635745e-01
3.908802887353302058e-01
3.908802887353302058e-01
5.058251529031349003e-01
5.058251529031349003e-01
5.223226214823540881e-01
5.223226214823540881e-01
3.469045112625556149e-01
3.469045112625556149e-01
2.853752498923643049e-02
2.853752498923643049e-02
1.430581136496152789e-02
1.430581136496152789e-02
1.199999999999999956e+00
1.199999999999999956e+00
5.176007640443028857e-01
5.176007640443028857e-01
4.076212837623234275e-01
4.076212837623234275e-01
1.199999999999999956e+00
1.199999999999999956e+00
3.120803746014495506e-01
3.120803746014495506e-01
1.199999999999999956e+00
1.199999999999999956e+00
9.290778500594254474e-02
9.290778500594254474e-02
1.199999999999999956e+00
1.199999999999999956e+00
8.315038153571334412e-02
8.315038153571334412e-02
2.913326559512260591e-02
2.913326559512260591e-02
2.410097569898376202e-01
2.410097569898376202e-01
5.912811239731541324e-02
5.912811239731541324e-02
5.790077694585395174e-02
5.790077694585395174e-02
9.296042758697108110e-02
9.296042758697108110e-02
1.048019692584098161e-01
1.048019692584098161e-01
6.452681041919132443e-02
6.452681041919132443e-02
1.551926223025396068e-01
1.551926223025396068e-01
1.815758206154167442e-01
1.815758206154167442e-01
3.685943146672792659e-01
3.685943146672792659e-01
8.170824575249659161e-02
8.170824575249659161e-02
4.854953817901896951e-01
4.854953817901896951e-01
1.028278603547855101e-02
1.028278603547855101e-02
9.064148427371118699e-02
9.064148427371118699e-02
9.791967477398949571e-02
9.791967477398949571e-02
7.296781892948325972e-03
7.296781892948325972e-03
2.579168330561941447e-02
2.579168330561941447e-02
5.543096633237959425e-02
5.543096633237959425e-02
1.199999999999999956e+00
1.199999999999999956e+00
7.049286409417950816e-01
7.049286409417950816e-01
2.941326910566564590e-01
2.941326910566564590e-01
1.199999999999999956e+00
1.199999999999999956e+00
6.515989778361330753e-02
6.515989778361330753e-02
2.859815113010690246e-01
2.859815113010690246e-01
1.083106991349657849e-01
1.083106991349657849e-01
1.326366217040705897e-01
1.326366217040705897e-01
6.879160048626907775e-01
6.879160048626907775e-01
2.700845473241765826e-01
2.700845473241765826e-01
5.191776101646791153e-01
5.191776101646791153e-01
1.199999999999999956e+00
1.199999999999999956e+00
7.095139270317746272e-01
7.095139270317746272e-01
3.216473564282703590e-01
3.216473564282703590e-01
3.332043229613382840e-01
3.332043229613382840e-01
3.052689783631537535e-01
3.052689783631537535e-01
1.166734550920406205e-01
1.166734550920406205e-01
2.610503397257996627e-01
2.610503397257996627e-01
5.322930670979649781e-01
5.322930670979649781e-01
1.777702152748782960e-01
1.777702152748782960e-01
1.199999999999999956e+00
1.199999999999999956e+00
5.402231550952926176e-01
5.402231550952926176e-01
1.590363545498197917e-01
1.590363545498197917e-01
1.078536323389899243e-01
1.078536323389899243e-01
3.687439988427028137e-01
3.687439988427028137e-01
1.199999999999999956e+00
1.199999999999999956e+00
6.986852922149010270e-02
6.986852922149010270e-02
8.950996284940021530e-02
8.950996284940021530e-02
1.300130077560469333e-01
1.300130077560469333e-01
1.787924952289576819e-01
1.787924952289576819e-01
1.512327895127241473e-01
1.512327895127241473e-01
1.155853599816058508e-01
1.155853599816058508e-01
3.822043680942490695e-01
3.822043680942490695e-01
7.772722624209239817e-02
7.772722624209239817e-02
1.901868522433965980e-01
1.901868522433965980e-01
1.104212578595825112e-01
1.104212578595825112e-01
1.019477760893933022e-01
1.019477760893933022e-01
6.043904776453312699e-01
6.043904776453312699e-01
2.689703263968737934e-01
2.689703263968737934e-01
1.199999999999999956e+00
1.199999999999999956e+00
4.230548560676138381e-01
4.230548560676138381e-01
3.158708439945654423e-01
3.158708439945654423e-01
1.784558663927559297e-01
1.784558663927559297e-01
3.509426727198699386e-02
3.509426727198699386e-02
2.269661822828146769e-01
2.269661822828146769e-01
2.487701118237833908e-01
2.487701118237833908e-01
2.164631648424989729e-01
2.164631648424989729e-01
6.656151213476859362e-03
6.656151213476859362e-03
3.066209751987959004e-02
3.066209751987959004e-02
2.198261935202017181e-01
2.198261935202017181e-01
1.071786679517303109e-01
1.071786679517303109e-01
1.512870846658028734e-01
1.512870846658028734e-01
4.939764915884195529e-01
4.939764915884195529e-01
5.433683621946167053e-02
5.433683621946167053e-02
5.624863056276870887e-01
5.624863056276870887e-01
7.727318331451475675e-02
7.727318331451475675e-02
2.093166965532431562e-02
2.093166965532431562e-02
4.211010099770751136e-01
4.211010099770751136e-01
3.031442319982166067e-01
3.031442319982166067e-01
5.773161332834136905e-01
5.773161332834136905e-01
2.409420790938369139e-01
2.409420790938369139e-01
3.421012188936770754e-02
3.421012188936770754e-02
4.458960505690503506e-01
4.458960505690503506e-01
7.366101317855962283e-02
7.366101317855962283e-02
7.842536308596589345e-01
7.842536308596589345e-01
6.042967638402836350e-01
6.042967638402836350e-01
6.579465047297809732e-02
6.579465047297809732e-02
1.044087451188622895e+00
1.044087451188622895e+00
1.199999999999999956e+00
1.199999999999999956e+00
7.552937875229304154e-01
7.552937875229304154e-01
8.963171423774674018e-02
8.963171423774674018e-02
1.282963656585457135e-01
1.282963656585457135e-01
7.501808587610430124e-01
7.501808587610430124e-01
1.311646555188038243e-02
1.311646555188038243e-02
3.783183604216239782e-01
3.783183604216239782e-01
3.002053895472527878e-01
3.002053895472527878e-01
1.295613315800502596e-01
1.295613315800502596e-01
