1.199999999999999956e+00
1.199999999999999956e+00
1.199999999999999956e+00
1.199999999999999956e+00
8.106751563237928060e-02
8.106751563237928060e-02
1.199999999999999956e+00
1.199999999999999956e+00
1.199999999999999956e+00
1.199999999999999956e+00
1.199999999999999956e+00
1.199999999999999956e+00
1.199999999999999956e+00
1.199999999999999956e+00
3.104894658144776234e-02
3.104894658144776234e-02
1.199999999999999956e+00
1.199999999999999956e+00
1.199999999999999956e+00
1.199999999999999956e+00
1.199999999999999956e+00
1.199999999999999956e+00
1.199999999999999956e+00
1.199999999999999956e+00
3.848693742000701690e-01
3.848693742000701690e-01
1.199999999999999956e+00
1.199999999999999956e+00
3.685261798264549138e-01
3.685261798264549138e-01
8.737981106034240983e-03
8.737981106034240983e-03
2.516439205026258508e-01
2.516439205026258508e-01
3.683878389297033373e-01
3.683878389297033373e-01
4.130273169546194202e-03
4.130273169546194202e-03
5.010567691746473096e-02
5.010567691746473096e-02
1.350335263959941134e-02
1.350335263959941134e-02
1.199999999999999956e+00
1.199999999999999956e+00
2.192818263926199496e-01
2.192818263926199496e-01
1.199999999999999956e+00
1.199999999999999956e+00
4.241747594067656890e-01
4.241747594067656890e-01
5.723382325309341045e-02
5.723382325309341045e-02
5.895625896530972687e-01
5.895625896530972687e-01
9.865652209954017815e-02
9.865652209954017815e-02
1.199999999999999956e+00
1.199999999999999956e+00
5.481587786564435794e-01
5.481587786564435794e-01
3.367431585444861097e-01
3.367431585444861097e-01
1.199999999999999956e+00
1.199999999999999956e+00
1.034940401938721499e-01
1.034940401938721499e-01
3.665233987175431363e-01
3.665233987175431363e-01
1.199999999999999956e+00
1.199999999999999956e+00
2.565041445313788193e-01
2.565041445313788193e-01
5.056979277338198298e-01
5.056979277338198298e-01
1.199999999999999956e+00
1.199999999999999956e+00
1.662368021097401782e-01
1.662368021097401782e-01
1.577153449132027152e-01
1.577153449132027152e-01
1.209370564288656802e-01
1.209370564288656802e-01
2.608858265182740221e-01
2.608858265182740221e-01
2.154807271174097316e-01
2.154807271174097316e-01
1.276272460412022081e-01
1.276272460412022081e-01
2.582582443191829280e-01
2.582582443191829280e-01
2.628957813016892797e-01
2.628957813016892797e-01
3.499326719560054144e-01
3.499326719560054144e-01
1.199999999999999956e+00
1.199999999999999956e+00
9.005662848995639180e-01
9.005662848995639180e-01
6.151148804323197661e-02
6.151148804323197661e-02
4.896183379794420004e-02
4.896183379794420004e-02
4.574923135778807270e-01
4.574923135778807270e-01
4.804920275983304290e-01
4.804920275983304290e-01
1.199999999999999956e+00
1.199999999999999956e+00
9.214193732444557472e-02
9.214193732444557472e-02
1.199999999999999956e+00
1.199999999999999956e+00
9.832996765010904028e-02
9.832996765010904028e-02
1.046334753109202653e+00
1.046334753109202653e+00
1.148842784972090164e-01
1.148842784972090164e-01
1.052719902821719344e-01
1.052719902821719344e-01
1.093520118451093426e-01
1.093520118451093426e-01
2.463212104297163307e-01
2.463212104297163307e-01
4.208960120346765810e-01
4.208960120346765810e-01
1.199999999999999956e+00
1.199999999999999956e+00
2.832911066289619528e-01
2.832911066289619528e-01
7.203323882532290945e-01
7.203323882532290945e-01
3.571371489563169299e-01
3.571371489563169299e-01
1.199999999999999956e+00
1.199999999999999956e+00
4.439805762806238454e-02
4.439805762806238454e-02
4.606079596066888632e-02
4.606079596066888632e-02
1.125488756826996006e+00
1.125488756826996006e+00
5.308299463580760102e-01
5.308299463580760102e-01
8.857661754144115218e-02
8.857661754144115218e-02
1.199999999999999956e+00
1.199999999999999956e+00
1.199999999999999956e+00
1.199999999999999956e+00
7.758010085840816306e-02
7.758010085840816306e-02
1.199999999999999956e+00
1.199999999999999956e+00
1.199999999999999956e+00
1.199999999999999956e+00
1.941814287654697324e-01
1.941814287654697324e-01
5.852958338270738414e-01
5.852958338270738414e-01
3.731517198321428475e-01
3.731517198321428475e-01
1.199999999999999956e+00
1.199999999999999956e+00
4.433721640356491633e-01
4.433721640356491633e-01
5.612002467007898288e-01
5.612002467007898288e-01
2.956029804165216657e-02
2.956029804165216657e-02
9.241060952861215316e-01
9.241060952861215316e-01
2.083051015326623789e-01
2.083051015326623789e-01
3.309358558258378991e-01
3.309358558258378991e-01
4.380461271184756256e-01
4.380461271184756256e-01
2.265454695359618575e-01
2.265454695359618575e-01
1.199999999999999956e+00
1.199999999999999956e+00
5.829684108873898207e-01
5.829684108873898207e-01
4.578410111469379817e-01
4.578410111469379817e-01
1.199999999999999956e+00
1.199999999999999956e+00
3.914880262381171816e-01
3.914880262381171816e-01
2.722017947424663631e-01
2.722017947424663631e-01
1.199999999999999956e+00
1.199999999999999956e+00
3.107397315240347790e-01
3.107397315240347790e-01
4.354980912124999937e-01
4.354980912124999937e-01
1.199999999999999956e+00
1.199999999999999956e+00
4.649771611955358930e-01
4.649771611955358930e-01
1.418151245628133383e-01
1.418151245628133383e-01
1.199999999999999956e+00
1.199999999999999956e+00
1.298675297270817930e-01
1.298675297270817930e-01
4.305142741810672469e-01
4.305142741810672469e-01
5.457700034996707528e-01
5.457700034996707528e-01
2.335970620650044960e-01
2.335970620650044960e-01
3.778209870172317686e-01
3.778209870172317686e-01
1.199999999999999956e+00
1.199999999999999956e+00
1.199999999999999956e+00
1.199999999999999956e+00
1.199999999999999956e+00
1.199999999999999956e+00
6.938662565596031007e-01
6.938662565596031007e-01
4.939869240502438585e-01
4.939869240502438585e-01
1.858137222525251819e-01
1.858137222525251819e-01
1.199999999999999956e+00
1.199999999999999956e+00
9.023091145877235597e-01
9.023091145877235597e-01
4.181673688708045233e-01
4.181673688708045233e-01
2.082862540833517184e-01
2.082862540833517184e-01
1.239515430334600793e-01
1.239515430334600793e-01
1.199999999999999956e+00
1.199999999999999956e+00
2.033465077205196259e-01
2.033465077205196259e-01
7.073096209705709292e-01
7.073096209705709292e-01
2.947305432272590009e-01
2.947305432272590009e-01
1.630048192399403406e-01
1.630048192399403406e-01
1.199999999999999956e+00
1.199999999999999956e+00
8.480633358239998698e-02
8.480633358239998698e-02
1.953148580111873367e-01
1.953148580111873367e-01
1.199999999999999956e+00
1.199999999999999956e+00
1.199999999999999956e+00
1.199999999999999956e+00
4.679941771509574244e-01
4.679941771509574244e-01
1.527185294188556364e-01
1.527185294188556364e-01
5.283370378640143278e-02
5.283370378640143278e-02
4.770357049324346344e-01
4.770357049324346344e-01
2.596899713641867002e-01
2.596899713641867002e-01
1.199999999999999956e+00
1.199999999999999956e+00
1.199999999999999956e+00
1.199999999999999956e+00
4.582593674084068924e-01
4.582593674084068924e-01
1.199999999999999956e+00
1.199999999999999956e+00
1.199999999999999956e+00
1.199999999999999956e+00
2.999660537517312084e-02
2.999660537517312084e-02
5.364672697677906887e-01
5.364672697677906887e-01
6.110815917594816238e-01
6.110815917594816238e-01
5.136822283865799532e-01
5.136822283865799532e-01
1.199999999999999956e+00
1.199999999999999956e+00
1.420865493662644419e-01
1.420865493662644419e-01
6.020047962749166537e-01
6.020047962749166537e-01
1.199999999999999956e+00
1.199999999999999956e+00
1.558980428665585061e-01
1.558980428665585061e-01
3.348977486533304404e-01
3.348977486533304404e-01
4.026055451834936183e-01
4.026055451834936183e-01
1.199999999999999956e+00
1.199999999999999956e+00
1.199999999999999956e+00
1.199999999999999956e+00
1.199999999999999956e+00
1.199999999999999956e+00
4.492294718676202447e-01
4.492294718676202447e-01
2.954202242293704761e-01
2.954202242293704761e-01
2.532327394088164096e-01
2.532327394088164096e-01
1.458056128455575695e-01
1.458056128455575695e-01
1.841389248400228384e-02
1.841389248400228384e-02
1.199999999999999956e+00
1.199999999999999956e+00
6.330904794852548756e-01
6.330904794852548756e-01
1.199999999999999956e+00
1.199999999999999956e+00
1.553813067354862243e-01
1.553813067354862243e-01
2.431551213404147260e-01
2.431551213404147260e-01
5.223065350527887896e-01
5.223065350527887896e-01
4.801383516770378335e-01
4.801383516770378335e-01
3.743917641803012342e-01
3.743917641803012342e-01
2.810415696738849389e-01
2.810415696738849389e-01
1.199999999999999956e+00
1.199999999999999956e+00
1.199999999999999956e+00
1.199999999999999956e+00
1.377212073444769314e-01
1.377212073444769314e-01
2.506477640855306888e-01
2.506477640855306888e-01
1.199999999999999956e+00
1.199999999999999956e+00
2.436976458236475573e-01
2.436976458236475573e-01
2.197424159162081336e-01
2.197424159162081336e-01
1.199999999999999956e+00
1.199999999999999956e+00
4.112025817084360296e-02
4.112025817084360296e-02
4.748822315866300103e-01
4.748822315866300103e-01
3.111230204266024479e-01
3.111230204266024479e-01
1.199999999999999956e+00
1.199999999999999956e+00
4.230154397407271533e-02
4.230154397407271533e-02
2.167600652350531731e-01
2.167600652350531731e-01
1.275690605668342303e-01
1.275690605668342303e-01
7.320954503764904864e-01
7.320954503764904864e-01
1.199999999999999956e+00
1.199999999999999956e+00
3.658535696147932614e-01
3.658535696147932614e-01
5.964540859564246289e-02
5.964540859564246289e-02
4.018584137075658091e-01
4.018584137075658091e-01
8.376477986087312866e-01
8.376477986087312866e-01
1.199999999999999956e+00
1.199999999999999956e+00
6.604455445056346408e-01
6.604455445056346408e-01
1.055326009579245605e+00
1.055326009579245605e+00
7.608225213732539016e-01
7.608225213732539016e-01
8.956391377889665918e-04
8.956391377889665918e-04
1.271798082430751209e-01
1.271798082430751209e-01
7.026624558252891894e-02
7.026624558252891894e-02
7.008694812706727229e-01
7.008694812706727229e-01
2.005181083110662843e-01
2.005181083110662843e-01
8.915968892469035012e-01
8.915968892469035012e-01
1.033081976201049718e-01
1.033081976201049718e-01
1.199999999999999956e+00
1.199999999999999956e+00
3.208674318673988002e-01
3.208674318673988002e-01
2.975029029592723973e-02
2.975029029592723973e-02
3.674954764025263332e-01
3.674954764025263332e-01
1.199999999999999956e+00
1.199999999999999956e+00
2.764305079707565227e-01
2.764305079707565227e-01
3.623621705148235006e-01
3.623621705148235006e-01
6.470433408916089757e-01
6.470433408916089757e-01
3.062952645665610873e-01
3.062952645665610873e-01
3.178117172560076392e-02
3.178117172560076392e-02
2.779335204291057126e-02
2.779335204291057126e-02
4.652463518364525763e-01
4.652463518364525763e-01
3.713453994493914889e-01
3.713453994493914889e-01
3.766480002291536233e-02
3.766480002291536233e-02
1.125476759075779987e-01
1.125476759075779987e-01
1.863074095736643176e-01
1.863074095736643176e-01
1.057823707690043052e-01
1.057823707690043052e-01
4.229479231572781661e-02
4.229479231572781661e-02
3.030996071696300254e-01
3.030996071696300254e-01
7.431523961977490322e-02
7.431523961977490322e-02
1.199999999999999956e+00
1.199999999999999956e+00
9.494574845179337697e-02
9.494574845179337697e-02
2.761010204734987150e-02
2.761010204734987150e-02
1.199999999999999956e+00
1.199999999999999956e+00
3.217856686880554706e-01
3.217856686880554706e-01
1.143605343581610284e-01
1.143605343581610284e-01
6.882277269207102144e-01
6.882277269207102144e-01
3.950397906272128112e-02
3.950397906272128112e-02
1.199999999999999956e+00
1.199999999999999956e+00
1.199999999999999956e+00
1.199999999999999956e+00
3.642567350717085262e-02
3.642567350717085262e-02
8.019181511956419151e-01
8.019181511956419151e-01
1.199999999999999956e+00
1.199999999999999956e+00
7.944192425891102305e-01
7.944192425891102305e-01
1.199999999999999956e+00
1.199999999999999956e+00
1.199999999999999956e+00
1.199999999999999956e+00
1.199999999999999956e+00
1.199999999999999956e+00
1.816021781996978723e-01
1.816021781996978723e-01
8.844625320255180070e-03
8.844625320255180070e-03
4.622385860722939832e-02
4.622385860722939832e-02
1.199999999999999956e+00
1.199999999999999956e+00
1.199999999999999956e+00
1.199999999999999956e+00
8.442025591889633362e-02
8.442025591889633362e-02
8.994687709599591408e-02
8.994687709599591408e-02
2.030649973455322110e-01
2.030649973455322110e-01
1.706439977762271576e-01
1.706439977762271576e-01
1.199999999999999956e+00
1.199999999999999956e+00
1.510764292349690840e-02
1.510764292349690840e-02
1.199999999999999956e+00
1.199999999999999956e+00
9.681448344335918943e-02
9.681448344335918943e-02
3.512499353915500833e-01
3.512499353915500833e-01
2.630939778647528246e-02
2.630939778647528246e-02
4.271661342849288889e-01
4.271661342849288889e-01
1.199999999999999956e+00
1.199999999999999956e+00
3.591841251785764522e-01
3.591841251785764522e-01
3.632132307859515241e-01
3.632132307859515241e-01
5.485304044679083502e-01
5.485304044679083502e-01
6.463557388185439123e-01
6.463557388185439123e-01
3.248574858347751948e-01
3.248574858347751948e-01
6.665067106845843359e-01
6.665067106845843359e-01
3.364033362890299639e-01
3.364033362890299639e-01
1.876615634552031564e-01
1.876615634552031564e-01
1.199999999999999956e+00
1.199999999999999956e+00
1.199999999999999956e+00
1.199999999999999956e+00
1.199999999999999956e+00
1.199999999999999956e+00
2.473683556987565368e-01
2.473683556987565368e-01
9.535331166680366399e-02
9.535331166680366399e-02
3.298312979832621755e-02
3.298312979832621755e-02
3.320337713586541534e-02
3.320337713586541534e-02
5.260855316335182330e-01
5.260855316335182330e-01
1.494380544071927386e-01
1.494380544071927386e-01
1.199999999999999956e+00
1.199999999999999956e+00
1.199999999999999956e+00
1.199999999999999956e+00
2.770648970593622695e-01
2.770648970593622695e-01
2.796821108293476299e-01
2.796821108293476299e-01
2.863855672806508434e-01
2.863855672806508434e-01
2.275576054159882400e-01
2.275576054159882400e-01
1.199999999999999956e+00
1.199999999999999956e+00
9.434951102430647052e-02
9.434951102430647052e-02
1.199999999999999956e+00
1.199999999999999956e+00
2.654123828857880840e-02
2.654123828857880840e-02
2.252869231922372539e-01
2.252869231922372539e-01
2.453336781567258817e-01
2.453336781567258817e-01
8.349585403574583120e-02
8.349585403574583120e-02
6.026467406503925872e-01
6.026467406503925872e-01
7.610233595174138443e-01
7.610233595174138443e-01
5.680463757346740916e-01
5.680463757346740916e-01
2.286650701297849031e-01
2.286650701297849031e-01
2.923982196662014976e-01
2.923982196662014976e-01
1.199999999999999956e+00
1.199999999999999956e+00
1.554042081343239290e-01
1.554042081343239290e-01
1.199999999999999956e+00
1.199999999999999956e+00
2.243238541459953717e-01
2.243238541459953717e-01
3.439577242024677850e-01
3.439577242024677850e-01
4.548556416610107650e-02
4.548556416610107650e-02
1.199999999999999956e+00
1.199999999999999956e+00
3.381169795867182137e-01
3.381169795867182137e-01
1.199999999999999956e+00
1.199999999999999956e+00
1.199999999999999956e+00
1.199999999999999956e+00
3.369720876260880182e-02
3.369720876260880182e-02
1.199999999999999956e+00
1.199999999999999956e+00
1.602468692991478316e-01
1.602468692991478316e-01
3.227787035808704630e-01
3.227787035808704630e-01
1.199999999999999956e+00
1.199999999999999956e+00
1.199999999999999956e+00
1.199999999999999956e+00
1.952072361544749668e-01
1.952072361544749668e-01
2.346150119174698068e-01
2.346150119174698068e-01
1.199999999999999956e+00
1.199999999999999956e+00
4.987787482891233859e-01
4.987787482891233859e-01
4.246203972559993156e-01
4.246203972559993156e-01
1.335494203149206471e-01
1.335494203149206471e-01
1.199999999999999956e+00
1.199999999999999956e+00
3.156028786786534979e-01
3.156028786786534979e-01
2.512518002397186034e-01
2.512518002397186034e-01
1.504046452309272253e-01
1.504046452309272253e-01
4.833151012939421176e-01
4.833151012939421176e-01
1.001074543303716924e+00
1.001074543303716924e+00
1.199999999999999956e+00
1.199999999999999956e+00
4.942559999487548816e-02
4.942559999487548816e-02
2.264965720253215020e-01
2.264965720253215020e-01
1.199999999999999956e+00
1.199999999999999956e+00
2.483321486680781232e-01
2.483321486680781232e-01
6.261623201983194109e-01
6.261623201983194109e-01
7.364877259404634113e-02
7.364877259404634113e-02
1.199999999999999956e+00
1.199999999999999956e+00
2.579616097568808164e-01
2.579616097568808164e-01
1.199999999999999956e+00
1.199999999999999956e+00
3.384398972659474203e-01
3.384398972659474203e-01
2.259087180788909022e-01
2.259087180788909022e-01
2.596581554802319114e-01
2.596581554802319114e-01
3.799762279221985395e-01
3.799762279221985395e-01
1.538879960502296529e-01
1.538879960502296529e-01
1.199999999999999956e+00
1.199999999999999956e+00
1.199999999999999956e+00
1.199999999999999956e+00
3.029934456397495035e-01
3.029934456397495035e-01
5.268465889200291130e-01
5.268465889200291130e-01
1.130995470272532222e-01
1.130995470272532222e-01
1.462147082753232075e-01
1.462147082753232075e-01
1.199999999999999956e+00
1.199999999999999956e+00
1.463447427197170081e-01
1.463447427197170081e-01
9.740650203249534567e-02
9.740650203249534567e-02
5.145822642632517097e-01
5.145822642632517097e-01
1.199999999999999956e+00
1.199999999999999956e+00
4.444698260633435649e-01
4.444698260633435649e-01
9.193299127654955272e-02
9.193299127654955272e-02
2.265677787228542739e-01
2.265677787228542739e-01
6.360358567048347567e-01
6.360358567048347567e-01
2.172805654177926982e-01
2.172805654177926982e-01
4.773056045968834815e-01
4.773056045968834815e-01
1.199999999999999956e+00
1.199999999999999956e+00
1.564544508402988532e-01
1.564544508402988532e-01
5.402494121992266196e-01
5.402494121992266196e-01
5.411641604059302946e-01
5.411641604059302946e-01
3.814524001118626551e-01
3.814524001118626551e-01
3.050942555988457316e-01
3.050942555988457316e-01
3.024622623615209199e-03
3.024622623615209199e-03
1.199999999999999956e+00
1.199999999999999956e+00
1.199999999999999956e+00
1.199999999999999956e+00
2.729261193620464154e-01
2.729261193620464154e-01
1.199999999999999956e+00
1.199999999999999956e+00
1.199999999999999956e+00
1.199999999999999956e+00
3.748367387180457921e-01
3.748367387180457921e-01
3.327336903324107364e-01
3.327336903324107364e-01
9.714340678221093650e-02
9.714340678221093650e-02
1.512266498656690272e-01
1.512266498656690272e-01
3.589175806455988660e-01
3.589175806455988660e-01
3.003429287263295056e-01
3.003429287263295056e-01
1.199999999999999956e+00
1.199999999999999956e+00
1.390866560165344434e-01
1.390866560165344434e-01
4.618087384349689462e-02
4.618087384349689462e-02
1.199999999999999956e+00
1.199999999999999956e+00
1.199999999999999956e+00
1.199999999999999956e+00
1.199999999999999956e+00
1.199999999999999956e+00
2.910266727525847030e-01
2.910266727525847030e-01
7.311099019592202097e-01
7.311099019592202097e-01
4.547712194654787710e-02
4.547712194654787710e-02
2.502588114204122929e-02
2.502588114204122929e-02
1.199999999999999956e+00
1.199999999999999956e+00
1.839126010731740868e-01
1.839126010731740868e-01
2.543096610687579640e-01
2.543096610687579640e-01
2.240550955258375498e-01
2.240550955258375498e-01
1.091344941563595627e-01
1.091344941563595627e-01
2.108981983966707885e-01
2.108981983966707885e-01
1.199999999999999956e+00
1.199999999999999956e+00
1.810408617530443257e-02
1.810408617530443257e-02
2.938860690411072007e-01
2.938860690411072007e-01
3.692851898857963389e-01
3.692851898857963389e-01
3.316079432855969372e-02
3.316079432855969372e-02
2.688194795561308359e-01
2.688194795561308359e-01
1.199999999999999956e+00
1.199999999999999956e+00
2.630649648722095946e-01
2.630649648722095946e-01
1.199999999999999956e+00
1.199999999999999956e+00
1.199999999999999956e+00
1.199999999999999956e+00
9.039742725571861537e-02
9.039742725571861537e-02
3.355479896308648513e-01
3.355479896308648513e-01
9.643768787328538261e-02
9.643768787328538261e-02
1.199999999999999956e+00
1.199999999999999956e+00
3.653670019745600683e-01
3.653670019745600683e-01
1.199999999999999956e+00
1.199999999999999956e+00
1.599142615494645869e-01
1.599142615494645869e-01
3.277833637640097386e-01
3.277833637640097386e-01
2.105863136407402081e-01
2.105863136407402081e-01
1.199999999999999956e+00
1.199999999999999956e+00
1.823006346588925131e-01
1.823006346588925131e-01
1.960780359311787291e-01
1.960780359311787291e-01
2.886714877333991236e-01
2.886714877333991236e-01
8.827563537258735771e-01
8.827563537258735771e-01
7.102169145785759419e-01
7.102169145785759419e-01
1.199999999999999956e+00
1.199999999999999956e+00
1.913043635934360276e-01
1.913043635934360276e-01
1.199999999999999956e+00
1.199999999999999956e+00
1.075116729896767320e-01
1.075116729896767320e-01
2.077726179182882160e-01
2.077726179182882160e-01
2.812889519882791345e-02
2.812889519882791345e-02
1.653183127539561426e-01
1.653183127539561426e-01
3.594662481710945157e-01
3.594662481710945157e-01
1.941866675406804799e-01
1.941866675406804799e-01
3.700690758880488800e-03
3.700690758880488800e-03
1.199999999999999956e+00
1.199999999999999956e+00
1.199999999999999956e+00
1.199999999999999956e+00
3.109258159170760760e-02
3.109258159170760760e-02
3.838595390619901071e-01
3.838595390619901071e-01
1.199999999999999956e+00
1.199999999999999956e+00
4.607752768378788888e-01
4.607752768378788888e-01
4.339249564680870974e-01
4.339249564680870974e-01
3.306938256024757883e-01
3.306938256024757883e-01
1.449601193645295716e-01
1.449601193645295716e-01
1.516356114601152827e-01
1.516356114601152827e-01
8.115101478059577600e-01
8.115101478059577600e-01
6.686017960966382512e-02
6.686017960966382512e-02
1.199999999999999956e+00
1.199999999999999956e+00
1.979456855938565088e-02
1.979456855938565088e-02
4.552127711320410608e-01
4.552127711320410608e-01
1.199999999999999956e+00
1.199999999999999956e+00
3.843767617079054677e-01
3.843767617079054677e-01
2.401939035698372471e-01
2.401939035698372471e-01
3.422878224103253347e-02
3.422878224103253347e-02
2.585125664663970868e-01
2.585125664663970868e-01
1.199999999999999956e+00
1.199999999999999956e+00
4.596568722485228631e-01
4.596568722485228631e-01
1.199999999999999956e+00
1.199999999999999956e+00
1.199999999999999956e+00
1.199999999999999956e+00
1.199999999999999956e+00
1.199999999999999956e+00
1.199999999999999956e+00
1.199999999999999956e+00
1.199999999999999956e+00
1.199999999999999956e+00
2.217560135565773694e-01
2.217560135565773694e-01
3.919996586112152182e-01
3.919996586112152182e-01
2.678821168211210912e-02
2.678821168211210912e-02
8.826147079243196192e-01
8.826147079243196192e-01
5.087240572558812124e-01
5.087240572558812124e-01
1.199999999999999956e+00
1.199999999999999956e+00
4.835419822843463056e-01
4.835419822843463056e-01
6.610598590326079993e-01
6.610598590326079993e-01
1.779317044973821593e-01
1.779317044973821593e-01
3.471876612672925022e-01
3.471876612672925022e-01
1.304903287140162238e-01
1.304903287140162238e-01
1.757291064939723868e-01
1.757291064939723868e-01
4.485310571672677660e-01
4.485310571672677660e-01
2.894425379971403145e-01
2.894425379971403145e-01
2.511591436706292479e-01
2.511591436706292479e-01
6.343491469092310542e-02
6.343491469092310542e-02
1.199999999999999956e+00
1.199999999999999956e+00
4.674597476332666424e-01
4.674597476332666424e-01
3.735257673779628085e-02
3.735257673779628085e-02
5.698139651580674814e-02
5.698139651580674814e-02
1.661341348987284069e-02
1.661341348987284069e-02
5.462390311575270330e-01
5.462390311575270330e-01
1.199999999999999956e+00
1.199999999999999956e+00
3.665253326270782042e-01
3.665253326270782042e-01
1.998350896071678928e-01
1.998350896071678928e-01
5.040857891259348245e-01
5.040857891259348245e-01
1.675631538271497023e-01
1.675631538271497023e-01
7.334868695634604030e-02
7.334868695634604030e-02
3.841670405495016816e-01
3.841670405495016816e-01
1.957684335179229462e-01
1.957684335179229462e-01
4.257634180956826331e-02
4.257634180956826331e-02
2.430704583866176438e-01
2.430704583866176438e-01
2.852742166313967376e-01
2.852742166313967376e-01
1.341088377635789308e-01
1.341088377635789308e-01
2.318218343009996463e-01
2.318218343009996463e-01
5.051481517783863451e-01
5.051481517783863451e-01
8.081095531783772934e-01
8.081095531783772934e-01
4.085585956351182602e-01
4.085585956351182602e-01
7.135532531621231744e-02
7.135532531621231744e-02
6.657547276720457430e-02
6.657547276720457430e-02
2.880074628512478419e-01
2.880074628512478419e-01
1.551460883069605626e-02
1.551460883069605626e-02
4.118951638923671471e-02
4.118951638923671471e-02
7.467893200606937065e-02
7.467893200606937065e-02
9.980539604712801438e-02
9.980539604712801438e-02
3.752843826431029317e-01
3.752843826431029317e-01
1.044694323716470752e+00
1.044694323716470752e+00
1.199999999999999956e+00
1.199999999999999956e+00
5.251708079788310404e-03
5.251708079788310404e-03
1.199999999999999956e+00
1.199999999999999956e+00
4.767191452497709370e-01
4.767191452497709370e-01
2.454124859149179605e-01
2.454124859149179605e-01
1.617028067494816757e-01
1.617028067494816757e-01
1.199999999999999956e+00
1.199999999999999956e+00
1.199999999999999956e+00
1.199999999999999956e+00
2.496731036208613974e-01
2.496731036208613974e-01
1.199999999999999956e+00
1.199999999999999956e+00
1.199999999999999956e+00
1.199999999999999956e+00
1.199999999999999956e+00
1.199999999999999956e+00
2.080554816413366093e-01
2.080554816413366093e-01
5.731052712525475101e-01
5.731052712525475101e-01
1.013105683527614209e+00
1.013105683527614209e+00
2.770718976413432122e-01
2.770718976413432122e-01
1.199999999999999956e+00
1.199999999999999956e+00
1.241364092787280993e-01
1.241364092787280993e-01
2.472016154412573496e-02
2.472016154412573496e-02
1.604417915229707225e-01
1.604417915229707225e-01
3.858536805054685881e-01
3.858536805054685881e-01
1.000004048093284803e-01
1.000004048093284803e-01
1.261660531846464095e-01
1.261660531846464095e-01
1.199999999999999956e+00
1.199999999999999956e+00
1.925775383949158703e-01
1.925775383949158703e-01
1.199999999999999956e+00
1.199999999999999956e+00
1.113715566982236727e+00
1.113715566982236727e+00
9.004643295640625544e-02
9.004643295640625544e-02
2.901578485876087909e-01
2.901578485876087909e-01
8.914480600868071036e-01
8.914480600868071036e-01
1.329644164699000652e-01
1.329644164699000652e-01
1.199999999999999956e+00
1.199999999999999956e+00
4.653054046962964430e-01
4.653054046962964430e-01
1.199999999999999956e+00
1.199999999999999956e+00
1.199999999999999956e+00
1.199999999999999956e+00
1.794606280525329889e-01
1.794606280525329889e-01
1.199999999999999956e+00
1.199999999999999956e+00
1.199999999999999956e+00
1.199999999999999956e+00
1.690040013044877831e-01
1.690040013044877831e-01
2.103486412770058933e-01
2.103486412770058933e-01
1.199999999999999956e+00
1.199999999999999956e+00
1.114454759735932221e-01
1.114454759735932221e-01
2.521497837338541048e-01
2.521497837338541048e-01
2.837617299373787483e-01
2.837617299373787483e-01
1.695319261430717761e-01
1.695319261430717761e-01
2.516547631906192461e-01
2.516547631906192461e-01
2.894619680360972502e-01
2.894619680360972502e-01
5.610154192100292869e-01
5.610154192100292869e-01
1.199999999999999956e+00
1.199999999999999956e+00
2.767770146648274726e-02
2.767770146648274726e-02
1.199999999999999956e+00
1.199999999999999956e+00
1.275699123385606315e-01
1.275699123385606315e-01
3.594263041504546785e-01
3.594263041504546785e-01
1.056077311111986328e+00
1.056077311111986328e+00
5.339718820787129339e-01
5.339718820787129339e-01
1.208508683703390790e-01
1.208508683703390790e-01
2.710270859569764434e-01
2.710270859569764434e-01
2.462942962150952708e-01
2.462942962150952708e-01
2.901160922671217612e-01
2.901160922671217612e-01
1.401396795854400468e-01
1.401396795854400468e-01
6.698025168952472796e-01
6.698025168952472796e-01
1.199999999999999956e+00
1.199999999999999956e+00
4.384313990106922798e-01
4.384313990106922798e-01
4.283533974436045111e-01
4.283533974436045111e-01
6.908724552042476708e-01
6.908724552042476708e-01
2.279104013869412138e-01
2.279104013869412138e-01
1.022546440925886091e-01
1.022546440925886091e-01
3.306926409928532262e-01
3.306926409928532262e-01
1.055139580933650012e-01
1.055139580933650012e-01
2.854941785533139931e-01
2.854941785533139931e-01
5.154105947542108046e-01
5.154105947542108046e-01
1.338931332969215543e-02
1.338931332969215543e-02
2.558121963687995382e-01
2.558121963687995382e-01
3.429387012536508350e-02
3.429387012536508350e-02
1.199999999999999956e+00
1.199999999999999956e+00
1.789869789414967327e-01
1.789869789414967327e-01
3.359709141565614399e-01
3.359709141565614399e-01
5.847184194778699828e-02
5.847184194778699828e-02
2.664066981613293916e-01
2.664066981613293916e-01
2.719123757254421903e-01
2.719123757254421903e-01
4.860607507269145700e-01
4.860607507269145700e-01
1.534792888598516536e-01
1.534792888598516536e-01
3.081195110329228437e-01
3.081195110329228437e-01
2.147284686722655267e-01
2.147284686722655267e-01
8.573355355913655496e-01
8.573355355913655496e-01
1.199999999999999956e+00
1.199999999999999956e+00
3.572850690743195057e-01
3.572850690743195057e-01
5.215498601861258410e-02
5.215498601861258410e-02
5.711874663062679325e-01
5.711874663062679325e-01
2.284334471627127994e-01
2.284334471627127994e-01
2.798333735372148245e-01
2.798333735372148245e-01
6.201858708659058195e-01
6.201858708659058195e-01
2.579003379026625561e-02
2.579003379026625561e-02
7.650584790777172073e-02
7.650584790777172073e-02
5.388919925783972609e-01
5.388919925783972609e-01
3.762373670645300511e-02
3.762373670645300511e-02
1.199999999999999956e+00
1.199999999999999956e+00
9.482664078598748714e-02
9.482664078598748714e-02
1.199999999999999956e+00
1.199999999999999956e+00
1.756788076105827989e-01
1.756788076105827989e-01
1.199999999999999956e+00
1.199999999999999956e+00
2.250055170911249292e-01
2.250055170911249292e-01
3.493850748916425553e-01
3.493850748916425553e-01
4.025781230343550288e-01
4.025781230343550288e-01
6.042289593891388144e-02
6.042289593891388144e-02
1.199999999999999956e+00
1.199999999999999956e+00
5.004289878049456020e-01
5.004289878049456020e-01
4.161518596481865173e-01
4.161518596481865173e-01
1.043522187550709024e+00
1.043522187550709024e+00
5.892848400459831382e-01
5.892848400459831382e-01
1.227317648121270643e+00
1.227317648121270643e+00
3.994696129676941071e-02
3.994696129676941071e-02
3.316865410750674537e-01
3.316865410750674537e-01
3.653890343692287046e-01
3.653890343692287046e-01
1.870670696210877115e-01
1.870670696210877115e-01
3.635539746006029027e-01
3.635539746006029027e-01
1.199999999999999956e+00
1.199999999999999956e+00
9.366440606835280125e-02
9.366440606835280125e-02
9.313939523398019615e-02
9.313939523398019615e-02
3.769218847292806207e-01
3.769218847292806207e-01
4.834395504761573176e-02
4.834395504761573176e-02
5.483925728659379273e-02
5.483925728659379273e-02
1.495842468725979701e-01
1.495842468725979701e-01
4.636401232024589536e-01
4.636401232024589536e-01
1.199999999999999956e+00
1.199999999999999956e+00
1.377972942979160120e-01
1.377972942979160120e-01
2.196067179258150981e-01
2.196067179258150981e-01
2.538880593060013902e-02
2.538880593060013902e-02
1.607648569969658547e-01
1.607648569969658547e-01
4.290286380781667130e-01
4.290286380781667130e-01
2.733643650465296740e-02
2.733643650465296740e-02
2.368096514682015707e-01
2.368096514682015707e-01
3.816651772336708548e-02
3.816651772336708548e-02
3.463404994815832971e-01
3.463404994815832971e-01
3.362137906167066981e-01
3.362137906167066981e-01
8.046985953972459749e-01
8.046985953972459749e-01
2.615801145455984300e-01
2.615801145455984300e-01
2.203041742195979147e-01
2.203041742195979147e-01
9.887284973433739521e-02
9.887284973433739521e-02
1.608270774643146342e-02
1.608270774643146342e-02
1.788489489979649405e-01
1.788489489979649405e-01
3.345284247995916616e-01
3.345284247995916616e-01
2.653660760348239833e-01
2.653660760348239833e-01
2.429423037479565284e-01
2.429423037479565284e-01
4.552318122142125500e-01
4.552318122142125500e-01
7.665720013157089063e-01
7.665720013157089063e-01
4.916932563514261334e-01
4.916932563514261334e-01
1.469226836154948479e-01
1.469226836154948479e-01
7.829249746260353790e-03
7.829249746260353790e-03
1.127964264772661346e-01
1.127964264772661346e-01
1.199999999999999956e+00
1.199999999999999956e+00
2.402506974827247344e-01
2.402506974827247344e-01
1.926707852326441650e-01
1.926707852326441650e-01
2.590387291129482850e-01
2.590387291129482850e-01
9.280578773618855526e-02
9.280578773618855526e-02
1.478782106563729104e-01
1.478782106563729104e-01
2.942730968294057226e-01
2.942730968294057226e-01
2.455236911222116042e-02
2.455236911222116042e-02
2.261474079100871948e-01
2.261474079100871948e-01
3.167170203385951677e-01
3.167170203385951677e-01
1.199999999999999956e+00
1.199999999999999956e+00
2.566019343405498421e-01
2.566019343405498421e-01
1.199999999999999956e+00
1.199999999999999956e+00
3.302945711077465707e-01
3.302945711077465707e-01
4.992953001352457010e-01
4.992953001352457010e-01
6.082489526134056135e-01
6.082489526134056135e-01
1.199999999999999956e+00
1.199999999999999956e+00
4.619067254238499176e-01
4.619067254238499176e-01
6.911219217704381301e-02
6.911219217704381301e-02
9.963903859166429733e-01
9.963903859166429733e-01
1.199999999999999956e+00
1.199999999999999956e+00
3.653049920665375760e-02
3.653049920665375760e-02
3.899631630928284132e-01
3.899631630928284132e-01
1.130586516291635923e-02
1.130586516291635923e-02
4.100889827266543941e-01
4.100889827266543941e-01
4.071445762547448166e-01
4.071445762547448166e-01
9.648843499542272828e-02
9.648843499542272828e-02
3.739207672991574638e-01
3.739207672991574638e-01
1.444481531903050731e-01
1.444481531903050731e-01
5.116490806317911533e-01
5.116490806317911533e-01
1.199999999999999956e+00
1.199999999999999956e+00
1.284254183193485055e-01
1.284254183193485055e-01
5.481317559452464350e-01
5.481317559452464350e-01
1.785382152414333179e-01
1.785382152414333179e-01
7.645176734622735060e-01
7.645176734622735060e-01
1.358584867439897592e-01
1.358584867439897592e-01
4.833043813510317088e-01
4.833043813510317088e-01
5.039872607557750461e-01
5.039872607557750461e-01
1.464311324802010927e-01
1.464311324802010927e-01
3.212342302803180005e-01
3.212342302803180005e-01
2.202983977818774586e-01
2.202983977818774586e-01
8.581862736241233081e-02
8.581862736241233081e-02
1.418167525689059683e-01
1.418167525689059683e-01
1.199999999999999956e+00
1.199999999999999956e+00
4.030438802279099342e-01
4.030438802279099342e-01
2.123923842747192925e-01
2.123923842747192925e-01
4.171127299799180094e-02
4.171127299799180094e-02
