7.168627912170045802e-01
7.168627912170045802e-01
1.199999999999999956e+00
1.199999999999999956e+00
1.199999999999999956e+00
1.199999999999999956e+00
1.199999999999999956e+00
1.199999999999999956e+00
1.199999999999999956e+00
1.199999999999999956e+00
1.867291074271703044e-01
1.867291074271703044e-01
1.579706305525604981e-01
1.579706305525604981e-01
1.610324481732702817e-01
1.610324481732702817e-01
1.640902875630667612e-01
1.640902875630667612e-01
2.723228663390032667e-01
2.723228663390032667e-01
7.250188975712777706e-02
7.250188975712777706e-02
5.152889573041018467e-01
5.152889573041018467e-01
1.130883206875233499e-01
1.130883206875233499e-01
1.341118286510961932e-01
1.341118286510961932e-01
1.264878939661301105e-01
1.264878939661301105e-01
1.199999999999999956e+00
1.199999999999999956e+00
6.401523787242590080e-01
6.401523787242590080e-01
6.514467599922151297e-01
6.514467599922151297e-01
6.258406268615861467e-01
6.258406268615861467e-01
1.199999999999999956e+00
1.199999999999999956e+00
2.207447544309905085e-01
2.207447544309905085e-01
6.118239830018591396e-01
6.118239830018591396e-01
1.199999999999999956e+00
1.199999999999999956e+00
2.163690767046641816e-01
2.163690767046641816e-01
2.302880790862544408e-02
2.302880790862544408e-02
3.532618883238896057e-01
3.532618883238896057e-01
5.572940124080405511e-01
5.572940124080405511e-01
5.835800837311223566e-01
5.835800837311223566e-01
2.063138769727525246e-01
2.063138769727525246e-01
1.374365489545658903e-01
1.374365489545658903e-01
1.199999999999999956e+00
1.199999999999999956e+00
1.295990576188203736e-01
1.295990576188203736e-01
1.199999999999999956e+00
1.199999999999999956e+00
3.486600305023800361e-01
3.486600305023800361e-01
2.504388958416796651e-01
2.504388958416796651e-01
9.992381622396799834e-01
9.992381622396799834e-01
7.220544371885649626e-02
7.220544371885649626e-02
2.508959796455185187e-01
2.508959796455185187e-01
1.125797883663977733e-01
1.125797883663977733e-01
2.930460826772805505e-01
2.930460826772805505e-01
4.617453431326643543e-01
4.617453431326643543e-01
1.199999999999999956e+00
1.199999999999999956e+00
4.018818832014755538e-01
4.018818832014755538e-01
2.662246732629994228e-01
2.662246732629994228e-01
4.116588373865123218e-01
4.116588373865123218e-01
6.967464363580054831e-01
6.967464363580054831e-01
4.431177215421070424e-03
4.431177215421070424e-03
1.199999999999999956e+00
1.199999999999999956e+00
1.199999999999999956e+00
1.199999999999999956e+00
3.821179138838282086e-01
3.821179138838282086e-01
1.199999999999999956e+00
1.199999999999999956e+00
1.199999999999999956e+00
1.199999999999999956e+00
1.108096948102810092e-01
1.108096948102810092e-01
5.950069411156033716e-02
5.950069411156033716e-02
5.678241494856870464e-01
5.678241494856870464e-01
6.527551473005470672e-01
6.527551473005470672e-01
4.005159096737720970e-01
4.005159096737720970e-01
1.379544375543165502e-01
1.379544375543165502e-01
1.199999999999999956e+00
1.199999999999999956e+00
7.609963862984221450e-01
7.609963862984221450e-01
5.284634260339574618e-01
5.284634260339574618e-01
6.277641513422473896e-01
6.277641513422473896e-01
1.199999999999999956e+00
1.199999999999999956e+00
1.199999999999999956e+00
1.199999999999999956e+00
2.014602825990106094e-01
2.014602825990106094e-01
5.521893048112852531e-01
5.521893048112852531e-01
1.199999999999999956e+00
1.199999999999999956e+00
7.634518876072663440e-01
7.634518876072663440e-01
1.199999999999999956e+00
1.199999999999999956e+00
2.579919208163931610e-01
2.579919208163931610e-01
3.806118625200283212e-01
3.806118625200283212e-01
9.843666457888013144e-03
9.843666457888013144e-03
2.586979956953650017e-01
2.586979956953650017e-01
7.321758093821746360e-01
7.321758093821746360e-01
1.199999999999999956e+00
1.199999999999999956e+00
3.455752839253931619e-01
3.455752839253931619e-01
7.012875357902168538e-01
7.012875357902168538e-01
1.199999999999999956e+00
1.199999999999999956e+00
2.940262806805107876e-01
2.940262806805107876e-01
3.584707302163872011e-01
3.584707302163872011e-01
2.163224642173695311e-01
2.163224642173695311e-01
7.489212951552993713e-01
7.489212951552993713e-01
4.299312823189790911e-01
4.299312823189790911e-01
5.404519881066310871e-01
5.404519881066310871e-01
2.218788239845222443e-01
2.218788239845222443e-01
1.199999999999999956e+00
1.199999999999999956e+00
6.427625250928007405e-01
6.427625250928007405e-01
2.737771054004882812e-02
2.737771054004882812e-02
9.523580130051245707e-02
9.523580130051245707e-02
1.199999999999999956e+00
1.199999999999999956e+00
1.199999999999999956e+00
1.199999999999999956e+00
4.826058840169384911e-01
4.826058840169384911e-01
2.612846209156819421e-01
2.612846209156819421e-01
1.199999999999999956e+00
1.199999999999999956e+00
3.772408923403695880e-02
3.772408923403695880e-02
1.279479094211415785e-02
1.279479094211415785e-02
7.834567472531822618e-01
7.834567472531822618e-01
9.089320187968241704e-02
9.089320187968241704e-02
1.199999999999999956e+00
1.199999999999999956e+00
9.049503251755568189e-02
9.049503251755568189e-02
1.734980786946549169e-01
1.734980786946549169e-01
4.387690347149515030e-02
4.387690347149515030e-02
2.086975871091513168e-01
2.086975871091513168e-01
1.199999999999999956e+00
1.199999999999999956e+00
1.199999999999999956e+00
1.199999999999999956e+00
2.729042883318487100e-01
2.729042883318487100e-01
1.199999999999999956e+00
1.199999999999999956e+00
2.234245186163833496e-01
2.234245186163833496e-01
2.480383643064595356e-01
2.480383643064595356e-01
5.508323063076947523e-01
5.508323063076947523e-01
4.072216102714301122e-01
4.072216102714301122e-01
1.199999999999999956e+00
1.199999999999999956e+00
3.006711204280009819e-01
3.006711204280009819e-01
4.444903510998905460e-01
4.444903510998905460e-01
2.709731034217585655e-01
2.709731034217585655e-01
1.199999999999999956e+00
1.199999999999999956e+00
2.946621513058409469e-01
2.946621513058409469e-01
2.422063405712826523e-01
2.422063405712826523e-01
3.967973327337462330e-02
3.967973327337462330e-02
4.496423640578088854e-01
4.496423640578088854e-01
6.915537781526420735e-01
6.915537781526420735e-01
1.199999999999999956e+00
1.199999999999999956e+00
5.281923035922083676e-01
5.281923035922083676e-01
1.199999999999999956e+00
1.199999999999999956e+00
1.199999999999999956e+00
1.199999999999999956e+00
1.199999999999999956e+00
1.199999999999999956e+00
7.511760783762597149e-02
7.511760783762597149e-02
4.453680715082302538e-02
4.453680715082302538e-02
7.093169166948434246e-01
7.093169166948434246e-01
4.872671312018997392e-02
4.872671312018997392e-02
2.531804006347979086e-01
2.531804006347979086e-01
1.199999999999999956e+00
1.199999999999999956e+00
5.786413811729439471e-01
5.786413811729439471e-01
4.825796940530163726e-01
4.825796940530163726e-01
1.845024825784880376e-02
1.845024825784880376e-02
1.199999999999999956e+00
1.199999999999999956e+00
4.118940652737750341e-01
4.118940652737750341e-01
1.199999999999999956e+00
1.199999999999999956e+00
3.345745121597560878e-01
3.345745121597560878e-01
9.720887051877054319e-02
9.720887051877054319e-02
3.496774293534494760e-01
3.496774293534494760e-01
4.685614297028597441e-01
4.685614297028597441e-01
1.881528152355426420e-01
1.881528152355426420e-01
1.199999999999999956e+00
1.199999999999999956e+00
6.012579801810822300e-01
6.012579801810822300e-01
1.318784602989109822e-01
1.318784602989109822e-01
1.199999999999999956e+00
1.199999999999999956e+00
1.199999999999999956e+00
1.199999999999999956e+00
1.199999999999999956e+00
1.199999999999999956e+00
1.199999999999999956e+00
1.199999999999999956e+00
5.339443927395949308e-01
5.339443927395949308e-01
7.988204456222228189e-02
7.988204456222228189e-02
2.290873523557855895e-01
2.290873523557855895e-01
1.018008308834162268e+00
1.018008308834162268e+00
3.199853144476265676e-01
3.199853144476265676e-01
8.331519240370123883e-03
8.331519240370123883e-03
2.796913910433947437e-01
2.796913910433947437e-01
4.890237548997634076e-01
4.890237548997634076e-01
4.636803180810071812e-01
4.636803180810071812e-01
1.199999999999999956e+00
1.199999999999999956e+00
2.109838967448186553e-01
2.109838967448186553e-01
1.199999999999999956e+00
1.199999999999999956e+00
3.189447070915957805e-01
3.189447070915957805e-01
7.677986831776395515e-02
7.677986831776395515e-02
1.199999999999999956e+00
1.199999999999999956e+00
1.512141080850881447e-01
1.512141080850881447e-01
1.199999999999999956e+00
1.199999999999999956e+00
2.189552319401748270e-01
2.189552319401748270e-01
1.199999999999999956e+00
1.199999999999999956e+00
1.144083206922826695e-01
1.144083206922826695e-01
1.334217708725714269e-01
1.334217708725714269e-01
1.199999999999999956e+00
1.199999999999999956e+00
1.337891311015115270e-01
1.337891311015115270e-01
1.678781661721553964e-01
1.678781661721553964e-01
1.199999999999999956e+00
1.199999999999999956e+00
3.162582798456943234e-01
3.162582798456943234e-01
2.020229068444727438e-01
2.020229068444727438e-01
4.269016018332065787e-01
4.269016018332065787e-01
1.199999999999999956e+00
1.199999999999999956e+00
7.164564299581045737e-02
7.164564299581045737e-02
2.182323109726104493e-01
2.182323109726104493e-01
4.487570602509721035e-02
4.487570602509721035e-02
2.740540766239644710e-01
2.740540766239644710e-01
3.616966988459544563e-01
3.616966988459544563e-01
2.341784056083084098e-01
2.341784056083084098e-01
1.199999999999999956e+00
1.199999999999999956e+00
2.290764075791450749e-01
2.290764075791450749e-01
1.199999999999999956e+00
1.199999999999999956e+00
2.166508010277546914e-01
2.166508010277546914e-01
5.459727305197036307e-01
5.459727305197036307e-01
8.144133388235286208e-02
8.144133388235286208e-02
5.597656212108844676e-01
5.597656212108844676e-01
2.426374201869261893e-01
2.426374201869261893e-01
2.632123611631686025e-02
2.632123611631686025e-02
1.199999999999999956e+00
1.199999999999999956e+00
1.469410318577493435e-01
1.469410318577493435e-01
1.341995366827568315e-01
1.341995366827568315e-01
1.199999999999999956e+00
1.199999999999999956e+00
4.004746181973621866e-01
4.004746181973621866e-01
2.819040987443281465e-01
2.819040987443281465e-01
8.184428725488407386e-02
8.184428725488407386e-02
3.930784796333226527e-01
3.930784796333226527e-01
1.354561470982963145e-01
1.354561470982963145e-01
1.540475068279875681e-01
1.540475068279875681e-01
6.595945831611617349e-02
6.595945831611617349e-02
4.304820652606181075e-01
4.304820652606181075e-01
3.992766523213307495e-01
3.992766523213307495e-01
1.731194031631861918e-01
1.731194031631861918e-01
8.238694319762285279e-01
8.238694319762285279e-01
1.347542806510713953e-01
1.347542806510713953e-01
5.994294852399919549e-01
5.994294852399919549e-01
7.444517574993544384e-01
7.444517574993544384e-01
1.199999999999999956e+00
1.199999999999999956e+00
9.779825062190508067e-01
9.779825062190508067e-01
1.199999999999999956e+00
1.199999999999999956e+00
5.740520306084709867e-01
5.740520306084709867e-01
1.265737267881712202e-01
1.265737267881712202e-01
1.223174979127019529e-01
1.223174979127019529e-01
4.982151914016016980e-01
4.982151914016016980e-01
1.595654956532861490e-01
1.595654956532861490e-01
1.211565885799678610e-01
1.211565885799678610e-01
4.777196126727776826e-01
4.777196126727776826e-01
1.199999999999999956e+00
1.199999999999999956e+00
6.069897986083822028e-01
6.069897986083822028e-01
1.807862036476739487e-01
1.807862036476739487e-01
1.199999999999999956e+00
1.199999999999999956e+00
2.997997853031031390e-01
2.997997853031031390e-01
1.199999999999999956e+00
1.199999999999999956e+00
6.244625206756199143e-02
6.244625206756199143e-02
1.199999999999999956e+00
1.199999999999999956e+00
1.989138502995786983e-01
1.989138502995786983e-01
2.274056110815780019e-01
2.274056110815780019e-01
2.540396308877583276e-01
2.540396308877583276e-01
2.027642300365416483e-01
2.027642300365416483e-01
2.784032118260993394e-01
2.784032118260993394e-01
1.101862641960153627e-01
1.101862641960153627e-01
4.101041421718251145e-01
4.101041421718251145e-01
4.949375754655189752e-01
4.949375754655189752e-01
3.818313807565939522e-01
3.818313807565939522e-01
1.870308274222327594e-01
1.870308274222327594e-01
7.445225818572087650e-01
7.445225818572087650e-01
1.265422244067402995e-02
1.265422244067402995e-02
2.162193606469757778e-01
2.162193606469757778e-01
2.960355430233453933e-01
2.960355430233453933e-01
3.499898589549408356e-01
3.499898589549408356e-01
6.560782545969158219e-01
6.560782545969158219e-01
1.002995229694759183e-01
1.002995229694759183e-01
1.565836884654852046e-01
1.565836884654852046e-01
3.399308105748731768e-01
3.399308105748731768e-01
5.313069574395533623e-01
5.313069574395533623e-01
1.199999999999999956e+00
1.199999999999999956e+00
3.553892560743915907e-01
3.553892560743915907e-01
3.371951339417179061e-01
3.371951339417179061e-01
1.199999999999999956e+00
1.199999999999999956e+00
1.199999999999999956e+00
1.199999999999999956e+00
1.199999999999999956e+00
1.199999999999999956e+00
3.196909282202494568e-02
3.196909282202494568e-02
1.667744159530544223e-01
1.667744159530544223e-01
3.825420629538938688e-01
3.825420629538938688e-01
5.612235775928137854e-03
5.612235775928137854e-03
1.199999999999999956e+00
1.199999999999999956e+00
4.994838633830706032e-01
4.994838633830706032e-01
1.461522264021787587e-01
1.461522264021787587e-01
3.104517747198256017e-01
3.104517747198256017e-01
2.982628404010805381e-02
2.982628404010805381e-02
1.173858072596094537e-01
1.173858072596094537e-01
4.536484315323243144e-01
4.536484315323243144e-01
7.102448378110347293e-02
7.102448378110347293e-02
2.085240371633543047e-02
2.085240371633543047e-02
1.199999999999999956e+00
1.199999999999999956e+00
6.703987020424426180e-02
6.703987020424426180e-02
1.199999999999999956e+00
1.199999999999999956e+00
4.423303749165929388e-01
4.423303749165929388e-01
3.315098575289212590e-01
3.315098575289212590e-01
1.199999999999999956e+00
1.199999999999999956e+00
1.811335876563361091e-01
1.811335876563361091e-01
1.199999999999999956e+00
1.199999999999999956e+00
1.048419097304440495e+00
1.048419097304440495e+00
2.986721422381914404e-01
2.986721422381914404e-01
2.781749268164125932e-01
2.781749268164125932e-01
1.199999999999999956e+00
1.199999999999999956e+00
1.230622325625244234e-01
1.230622325625244234e-01
4.417186157933382096e-01
4.417186157933382096e-01
1.199999999999999956e+00
1.199999999999999956e+00
1.052878087323819573e-01
1.052878087323819573e-01
2.342791281080249810e-01
2.342791281080249810e-01
1.199999999999999956e+00
1.199999999999999956e+00
6.758206539553701653e-02
6.758206539553701653e-02
3.737062106483996504e-01
3.737062106483996504e-01
7.181808667777836441e-02
7.181808667777836441e-02
2.222069245050805886e-01
2.222069245050805886e-01
1.469386637173410448e-01
1.469386637173410448e-01
1.138169323546110584e-01
1.138169323546110584e-01
1.199999999999999956e+00
1.199999999999999956e+00
1.764782092329783211e-02
1.764782092329783211e-02
3.948720706944207071e-01
3.948720706944207071e-01
1.287740530632844327e-01
1.287740530632844327e-01
1.199999999999999956e+00
1.199999999999999956e+00
2.598596517630537561e-01
2.598596517630537561e-01
6.000848320359036814e-01
6.000848320359036814e-01
2.468679175353650224e-01
2.468679175353650224e-01
1.199999999999999956e+00
1.199999999999999956e+00
1.992773448423229288e-01
1.992773448423229288e-01
2.407260185988516557e-02
2.407260185988516557e-02
9.312641962412848695e-02
9.312641962412848695e-02
1.199999999999999956e+00
1.199999999999999956e+00
2.684557299844472222e-01
2.684557299844472222e-01
1.292612233682154804e-02
1.292612233682154804e-02
1.194568804939969281e-01
1.194568804939969281e-01
6.369390081089464084e-02
6.369390081089464084e-02
7.698806127413558575e-02
7.698806127413558575e-02
1.416390716072484512e-01
1.416390716072484512e-01
1.089421755056829977e-01
1.089421755056829977e-01
1.199999999999999956e+00
1.199999999999999956e+00
5.856057426333841631e-01
5.856057426333841631e-01
5.068735940822461927e-01
5.068735940822461927e-01
9.127884062955322619e-01
9.127884062955322619e-01
6.629407819492745269e-01
6.629407819492745269e-01
1.199999999999999956e+00
1.199999999999999956e+00
1.332580617278820989e-01
1.332580617278820989e-01
6.323334597508768057e-03
6.323334597508768057e-03
8.705039216030852067e-01
8.705039216030852067e-01
1.199999999999999956e+00
1.199999999999999956e+00
2.626629608329035803e-01
2.626629608329035803e-01
2.288899504971596832e-01
2.288899504971596832e-01
1.497492918725357447e-01
1.497492918725357447e-01
2.059351047435142579e-01
2.059351047435142579e-01
1.089739157481886024e-02
1.089739157481886024e-02
1.199999999999999956e+00
1.199999999999999956e+00
1.199999999999999956e+00
1.199999999999999956e+00
5.150989927702021021e-02
5.150989927702021021e-02
2.251816444794570993e-01
2.251816444794570993e-01
3.724439775662427010e-01
3.724439775662427010e-01
1.254947339107728710e-01
1.254947339107728710e-01
1.199999999999999956e+00
1.199999999999999956e+00
3.450337713225232888e-02
3.450337713225232888e-02
2.286712537342638213e-02
2.286712537342638213e-02
1.856684782787685339e-01
1.856684782787685339e-01
2.543768186155239211e-02
2.543768186155239211e-02
5.262446865017941788e-02
5.262446865017941788e-02
2.345268768277193050e-01
2.345268768277193050e-01
1.199999999999999956e+00
1.199999999999999956e+00
9.649655404195092365e-03
9.649655404195092365e-03
5.715143604874539651e-01
5.715143604874539651e-01
5.091450705859984494e-01
5.091450705859984494e-01
1.649005907260549797e-01
1.649005907260549797e-01
1.134363728981777619e-01
1.134363728981777619e-01
1.954783032419001032e-01
1.954783032419001032e-01
1.536500929802092352e-01
1.536500929802092352e-01
3.658111790160055721e-01
3.658111790160055721e-01
5.392363172684512540e-02
5.392363172684512540e-02
6.472380648794783253e-01
6.472380648794783253e-01
1.199999999999999956e+00
1.199999999999999956e+00
2.252833655685877179e-01
2.252833655685877179e-01
1.058264329406059523e-01
1.058264329406059523e-01
6.557855927411928576e-01
6.557855927411928576e-01
1.757502808854943532e-01
1.757502808854943532e-01
7.796477349613337715e-01
7.796477349613337715e-01
2.272472303618346123e-02
2.272472303618346123e-02
1.199999999999999956e+00
1.199999999999999956e+00
1.199999999999999956e+00
1.199999999999999956e+00
7.261252553900199302e-01
7.261252553900199302e-01
9.428811579961640654e-02
9.428811579961640654e-02
1.199999999999999956e+00
1.199999999999999956e+00
2.143814564798559585e-01
2.143814564798559585e-01
1.027096990127058240e-01
1.027096990127058240e-01
3.176120737313662956e-01
3.176120737313662956e-01
1.363874444262752339e-01
1.363874444262752339e-01
1.199999999999999956e+00
1.199999999999999956e+00
1.199999999999999956e+00
1.199999999999999956e+00
1.199999999999999956e+00
1.199999999999999956e+00
3.083869200096571728e-01
3.083869200096571728e-01
1.199999999999999956e+00
1.199999999999999956e+00
1.199999999999999956e+00
1.199999999999999956e+00
1.645541183990640310e-01
1.645541183990640310e-01
4.730664639196532906e-02
4.730664639196532906e-02
1.199999999999999956e+00
1.199999999999999956e+00
2.731053311049757570e-01
2.731053311049757570e-01
7.828049769339011366e-02
7.828049769339011366e-02
1.199999999999999956e+00
1.199999999999999956e+00
4.934944180539954650e-01
4.934944180539954650e-01
1.199999999999999956e+00
1.199999999999999956e+00
1.199999999999999956e+00
1.199999999999999956e+00
2.188120038920089439e-01
2.188120038920089439e-01
1.241879526064733064e-01
1.241879526064733064e-01
2.046261788954058525e-01
2.046261788954058525e-01
2.457654330046174784e-01
2.457654330046174784e-01
1.199999999999999956e+00
1.199999999999999956e+00
3.472117047215777519e-01
3.472117047215777519e-01
7.251651868561506675e-02
7.251651868561506675e-02
1.992214382192729338e-01
1.992214382192729338e-01
8.724434326604796341e-02
8.724434326604796341e-02
4.725364844511972806e-02
4.725364844511972806e-02
4.050342499054950668e-02
4.050342499054950668e-02
1.362982059995543616e-01
1.362982059995543616e-01
1.199999999999999956e+00
1.199999999999999956e+00
1.083617582190452011e-01
1.083617582190452011e-01
1.199999999999999956e+00
1.199999999999999956e+00
2.667186366386420371e-01
2.667186366386420371e-01
2.670406672118281199e-01
2.670406672118281199e-01
3.993494074213572997e-02
3.993494074213572997e-02
1.515223829703646052e-01
1.515223829703646052e-01
3.322917432140133909e-01
3.322917432140133909e-01
4.652016036131866733e-02
4.652016036131866733e-02
9.174644312156990389e-02
9.174644312156990389e-02
5.043345374379833990e-01
5.043345374379833990e-01
2.261166641211344863e-01
2.261166641211344863e-01
1.199999999999999956e+00
1.199999999999999956e+00
5.444864979466721433e-01
5.444864979466721433e-01
2.202671627901605922e-01
2.202671627901605922e-01
5.898822027097448961e-01
5.898822027097448961e-01
1.969257396248129122e-01
1.969257396248129122e-01
4.552723711339189960e-01
4.552723711339189960e-01
1.199999999999999956e+00
1.199999999999999956e+00
5.153194949436240568e-01
5.153194949436240568e-01
1.378280763911433060e-01
1.378280763911433060e-01
1.199999999999999956e+00
1.199999999999999956e+00
4.108383382027696040e-01
4.108383382027696040e-01
1.439653699533004205e-01
1.439653699533004205e-01
2.215997110902361844e-01
2.215997110902361844e-01
3.044312336014349807e-01
3.044312336014349807e-01
1.199999999999999956e+00
1.199999999999999956e+00
3.325908560982383105e-02
3.325908560982383105e-02
9.961180954956392331e-01
9.961180954956392331e-01
9.049770213000405406e-01
9.049770213000405406e-01
3.255657880739634691e-02
3.255657880739634691e-02
1.492069939988700800e-01
1.492069939988700800e-01
3.112918004805174943e-02
3.112918004805174943e-02
7.870334163731575183e-02
7.870334163731575183e-02
5.231641873858374758e-01
5.231641873858374758e-01
1.310173731978727385e-01
1.310173731978727385e-01
3.009310657432257008e-01
3.009310657432257008e-01
3.250872226589558989e-01
3.250872226589558989e-01
1.199999999999999956e+00
1.199999999999999956e+00
2.015656162582011857e-01
2.015656162582011857e-01
1.199999999999999956e+00
1.199999999999999956e+00
4.710005345801082655e-01
4.710005345801082655e-01
5.572370368461977419e-01
5.572370368461977419e-01
1.199999999999999956e+00
1.199999999999999956e+00
7.287359725633939522e-01
7.287359725633939522e-01
6.569969867470580593e-02
6.569969867470580593e-02
3.016052980455195542e-01
3.016052980455195542e-01
4.067209350579868432e-01
4.067209350579868432e-01
3.337879837523700655e-01
3.337879837523700655e-01
3.830136468085679757e-01
3.830136468085679757e-01
1.229126107407566004e-01
1.229126107407566004e-01
5.118258358695325638e-01
5.118258358695325638e-01
1.199999999999999956e+00
1.199999999999999956e+00
1.210390970880806383e-01
1.210390970880806383e-01
4.127610441743170822e-01
4.127610441743170822e-01
1.204463800470201990e-01
1.204463800470201990e-01
6.955777741255049496e-02
6.955777741255049496e-02
1.365476818317180596e-01
1.365476818317180596e-01
5.058745623044503814e-01
5.058745623044503814e-01
1.812658216549358492e-01
1.812658216549358492e-01
1.520655814888363377e-01
1.520655814888363377e-01
9.727704425756027173e-02
9.727704425756027173e-02
3.781804370944086835e-01
3.781804370944086835e-01
4.239346998772690056e-01
4.239346998772690056e-01
1.199999999999999956e+00
1.199999999999999956e+00
1.542491276918772081e-01
1.542491276918772081e-01
9.966907572695760109e-02
9.966907572695760109e-02
4.234963865245679471e-01
4.234963865245679471e-01
2.380510249096770004e-01
2.380510249096770004e-01
7.421529722564382259e-02
7.421529722564382259e-02
2.182196208859376041e-01
2.182196208859376041e-01
1.199999999999999956e+00
1.199999999999999956e+00
1.199999999999999956e+00
1.199999999999999956e+00
2.663111175400268982e-01
2.663111175400268982e-01
2.092185884553851016e-01
2.092185884553851016e-01
2.015002060412969531e-02
2.015002060412969531e-02
7.061381768839737616e-02
7.061381768839737616e-02
1.199999999999999956e+00
1.199999999999999956e+00
1.433760622773369853e-01
1.433760622773369853e-01
5.745232332372792738e-01
5.745232332372792738e-01
1.199999999999999956e+00
1.199999999999999956e+00
5.869124514189355893e-03
5.869124514189355893e-03
6.775929139854914851e-01
6.775929139854914851e-01
1.138319384367328935e+00
1.138319384367328935e+00
2.410262392788004027e-02
2.410262392788004027e-02
2.857190918615566677e-02
2.857190918615566677e-02
6.397872349589313057e-01
6.397872349589313057e-01
3.500885515521126590e-01
3.500885515521126590e-01
2.513364882434578895e-01
2.513364882434578895e-01
5.378750782218360005e-01
5.378750782218360005e-01
2.552359576689274823e-01
2.552359576689274823e-01
9.820752449154590558e-02
9.820752449154590558e-02
2.949921531480032000e-01
2.949921531480032000e-01
4.527263691580271088e-01
4.527263691580271088e-01
1.199999999999999956e+00
1.199999999999999956e+00
4.303081587130416219e-01
4.303081587130416219e-01
4.014745502359203660e-02
4.014745502359203660e-02
1.243754445680896881e-01
1.243754445680896881e-01
8.494798336731474320e-04
8.494798336731474320e-04
5.148437269565271368e-01
5.148437269565271368e-01
3.178880061797069168e-01
3.178880061797069168e-01
1.199999999999999956e+00
1.199999999999999956e+00
1.199999999999999956e+00
1.199999999999999956e+00
1.199999999999999956e+00
1.199999999999999956e+00
6.337429731911884074e-04
6.337429731911884074e-04
9.164805224573693843e-02
9.164805224573693843e-02
5.484730554752290099e-02
5.484730554752290099e-02
1.199999999999999956e+00
1.199999999999999956e+00
1.199999999999999956e+00
1.199999999999999956e+00
1.965726935990152469e-01
1.965726935990152469e-01
6.206870893855214177e-01
6.206870893855214177e-01
1.199999999999999956e+00
1.199999999999999956e+00
6.726409024538164694e-01
6.726409024538164694e-01
1.432763401475543180e-02
1.432763401475543180e-02
3.025805047622458499e-01
3.025805047622458499e-01
2.715860918079024411e-01
2.715860918079024411e-01
1.368380865807957980e-01
1.368380865807957980e-01
7.031004787541064727e-02
7.031004787541064727e-02
1.199999999999999956e+00
1.199999999999999956e+00
1.749483390305861807e-01
1.749483390305861807e-01
1.255050039275288354e-01
1.255050039275288354e-01
1.199999999999999956e+00
1.199999999999999956e+00
7.982896882196955854e-03
7.982896882196955854e-03
6.006386294806289605e-01
6.006386294806289605e-01
2.113427694079514640e-01
2.113427694079514640e-01
2.388543051931370231e-01
2.388543051931370231e-01
5.974686033853779943e-01
5.974686033853779943e-01
1.199999999999999956e+00
1.199999999999999956e+00
4.980830008012734206e-02
4.980830008012734206e-02
5.065009158598591243e-01
5.065009158598591243e-01
1.199999999999999956e+00
1.199999999999999956e+00
9.434076901803752913e-01
9.434076901803752913e-01
2.792454558699161704e-01
2.792454558699161704e-01
1.252416724875397291e-01
1.252416724875397291e-01
1.564777872615050469e-01
1.564777872615050469e-01
5.959761413366459343e-02
5.959761413366459343e-02
3.262915847638474948e-03
3.262915847638474948e-03
1.347096113031459319e-01
1.347096113031459319e-01
1.394384072306491251e-01
1.394384072306491251e-01
1.425268503864753344e-01
1.425268503864753344e-01
1.989003015092546955e-01
1.989003015092546955e-01
3.546157258195543616e-01
3.546157258195543616e-01
1.140139360497810728e+00
1.140139360497810728e+00
2.237740923026295958e-01
2.237740923026295958e-01
1.210568240864356576e-01
1.210568240864356576e-01
1.199999999999999956e+00
1.199999999999999956e+00
5.627087294567667541e-01
5.627087294567667541e-01
7.485828725539680484e-01
7.485828725539680484e-01
3.403708834425578367e-01
3.403708834425578367e-01
1.759928169191316283e-01
1.759928169191316283e-01
4.222269892814473069e-02
4.222269892814473069e-02
1.032690470858371734e-01
1.032690470858371734e-01
6.681570192067958214e-01
6.681570192067958214e-01
9.982944219116376972e-02
9.982944219116376972e-02
2.854409834132879548e-02
2.854409834132879548e-02
7.070727865781820110e-02
7.070727865781820110e-02
4.302106420876795068e-01
4.302106420876795068e-01
1.199999999999999956e+00
1.199999999999999956e+00
8.460296640216791175e-02
8.460296640216791175e-02
6.098870548237849132e-01
6.098870548237849132e-01
7.623206103146411283e-02
7.623206103146411283e-02
7.140780376876963709e-02
7.140780376876963709e-02
1.199999999999999956e+00
1.199999999999999956e+00
9.199491230193395097e-01
9.199491230193395097e-01
7.982959024920660562e-01
7.982959024920660562e-01
5.377518397558529728e-02
5.377518397558529728e-02
6.065103077832219303e-02
6.065103077832219303e-02
2.112563296554839654e-01
2.112563296554839654e-01
3.712320372363389631e-01
3.712320372363389631e-01
3.416435419491022779e-02
3.416435419491022779e-02
1.199999999999999956e+00
1.199999999999999956e+00
5.428277751825040824e-04
5.428277751825040824e-04
8.102148172398440096e-01
8.102148172398440096e-01
1.439228522283008405e-01
1.439228522283008405e-01
8.673192486588780781e-02
8.673192486588780781e-02
5.632323026529966192e-01
5.632323026529966192e-01
5.381000673724082306e-01
5.381000673724082306e-01
1.199999999999999956e+00
1.199999999999999956e+00
1.199999999999999956e+00
1.199999999999999956e+00
3.894369266232320381e-01
3.894369266232320381e-01
3.587764532575371621e-03
3.587764532575371621e-03
3.820334722226003676e-01
3.820334722226003676e-01
7.189806345472469218e-01
7.189806345472469218e-01
2.686662657198625737e-01
2.686662657198625737e-01
2.601186708332075756e-02
2.601186708332075756e-02
4.496990804182227075e-01
4.496990804182227075e-01
3.079372303377215236e-01
3.079372303377215236e-01
3.423564550127540795e-01
3.423564550127540795e-01
1.666103668102341118e-01
1.666103668102341118e-01
1.084652317882257161e-01
1.084652317882257161e-01
8.123193827555069690e-02
8.123193827555069690e-02
3.001679757375776414e-01
3.001679757375776414e-01
1.982904131359354283e-01
1.982904131359354283e-01
2.209650971488363036e-01
2.209650971488363036e-01
1.199999999999999956e+00
1.199999999999999956e+00
3.031049449342239632e-01
3.031049449342239632e-01
3.093629372531306876e-01
3.093629372531306876e-01
2.895881491326518509e-01
2.895881491326518509e-01
1.199999999999999956e+00
1.199999999999999956e+00
1.489422256670233646e-01
1.489422256670233646e-01
5.113003086618036486e-01
5.113003086618036486e-01
1.180383033310152679e-01
1.180383033310152679e-01
9.500916508174298003e-02
9.500916508174298003e-02
1.199999999999999956e+00
1.199999999999999956e+00
5.474719823344625230e-02
5.474719823344625230e-02
7.498016374256115668e-01
7.498016374256115668e-01
1.761031504540112591e-01
1.761031504540112591e-01
6.453541987955638444e-03
6.453541987955638444e-03
3.504066373436599824e-02
3.504066373436599824e-02
1.199999999999999956e+00
1.199999999999999956e+00
3.302260099876417887e-01
3.302260099876417887e-01
9.102410147944484109e-02
9.102410147944484109e-02
3.763114081357079588e-01
3.763114081357079588e-01
3.013352415879154700e-01
3.013352415879154700e-01
1.199999999999999956e+00
1.199999999999999956e+00
1.199999999999999956e+00
1.199999999999999956e+00
4.863832560119391579e-01
4.863832560119391579e-01
6.885411838778414395e-02
6.885411838778414395e-02
2.584770905217463333e-01
2.584770905217463333e-01
6.665071380680791246e-02
6.665071380680791246e-02
1.578846838771862937e-01
1.578846838771862937e-01
3.821710899415946550e-01
3.821710899415946550e-01
3.103833854149575314e-02
3.103833854149575314e-02
1.172535610199365447e-01
1.172535610199365447e-01
2.716821054134199720e-02
2.716821054134199720e-02
2.355219380053841238e-01
2.355219380053841238e-01
1.199999999999999956e+00
1.199999999999999956e+00
1.491376961707442661e-01
1.491376961707442661e-01
1.994568085776279309e-01
1.994568085776279309e-01
6.766812683177946264e-01
6.766812683177946264e-01
1.049562989835946258e-01
1.049562989835946258e-01
1.199999999999999956e+00
1.199999999999999956e+00
2.837612632527756196e-01
2.837612632527756196e-01
1.296163252536280119e-01
1.296163252536280119e-01
1.199999999999999956e+00
1.199999999999999956e+00
5.812857466142201668e-01
5.812857466142201668e-01
2.679058347172053600e-01
2.679058347172053600e-01
6.057384044621771935e-02
6.057384044621771935e-02
1.372695597096303122e-01
1.372695597096303122e-01
4.545861040119367757e-01
4.545861040119367757e-01
4.043775370209996556e-01
4.043775370209996556e-01
1.199999999999999956e+00
1.199999999999999956e+00
3.570169490694269920e-01
3.570169490694269920e-01
3.200760428131602109e-01
3.200760428131602109e-01
1.199999999999999956e+00
1.199999999999999956e+00
3.016722749099639070e-02
3.016722749099639070e-02
4.856761798827687326e-01
4.856761798827687326e-01
3.084749733679605921e-01
3.084749733679605921e-01
9.540742073611779839e-01
9.540742073611779839e-01
2.505343018008970302e-01
2.505343018008970302e-01
2.950838141329439335e-01
2.950838141329439335e-01
2.492199015350680114e-01
2.492199015350680114e-01
9.006994682465203628e-01
9.006994682465203628e-01
2.217282430967444096e-01
2.217282430967444096e-01
9.215223536185530584e-01
9.215223536185530584e-01
2.230877714965013858e-01
2.230877714965013858e-01
4.882910163768502954e-01
4.882910163768502954e-01
4.110904665844499206e-01
4.110904665844499206e-01
1.357631223412975041e-01
1.357631223412975041e-01
5.408805662779567758e-01
5.408805662779567758e-01
6.461379384622716326e-01
6.461379384622716326e-01
3.028395590379381885e-01
3.028395590379381885e-01
1.967849667704378580e-02
1.967849667704378580e-02
3.347976811464322133e-01
3.347976811464322133e-01
2.045029724742842420e-02
2.045029724742842420e-02
1.316237723497760692e-01
1.316237723497760692e-01
1.117127543672588250e-02
1.117127543672588250e-02
1.321086852599045736e-01
1.321086852599045736e-01
2.360825029622656557e-01
2.360825029622656557e-01
1.199999999999999956e+00
1.199999999999999956e+00
3.318251689933833792e-01
3.318251689933833792e-01
2.748336914723691904e-01
2.748336914723691904e-01
7.788951654566178551e-02
7.788951654566178551e-02
4.308427601470414259e-01
4.308427601470414259e-01
5.371557794571163447e-01
5.371557794571163447e-01
1.199999999999999956e+00
1.199999999999999956e+00
4.041646619853869749e-02
4.041646619853869749e-02
4.665203076876578425e-01
4.665203076876578425e-01
6.348949552735506652e-01
6.348949552735506652e-01
2.683009324161157449e-01
2.683009324161157449e-01
6.766619986108994844e-01
6.766619986108994844e-01
1.199999999999999956e+00
1.199999999999999956e+00
1.199999999999999956e+00
1.199999999999999956e+00
1.825237745909283893e-01
1.825237745909283893e-01
6.047064797017420029e-02
6.047064797017420029e-02
1.730679863882467751e-01
1.730679863882467751e-01
1.629649984245186423e-01
1.629649984245186423e-01
7.850646352299076383e-03
7.850646352299076383e-03
1.199999999999999956e+00
1.199999999999999956e+00
3.590629089940266389e-02
3.590629089940266389e-02
2.333772050126970213e-02
2.333772050126970213e-02
5.919789469554033456e-02
5.919789469554033456e-02
2.398335227561536609e-01
2.398335227561536609e-01
3.201557657838584314e-02
3.201557657838584314e-02
5.899948614317544054e-02
5.899948614317544054e-02
1.199999999999999956e+00
1.199999999999999956e+00
1.199999999999999956e+00
1.199999999999999956e+00
2.445512978801794302e-01
2.445512978801794302e-01
1.199999999999999956e+00
1.199999999999999956e+00

