5.848691294021802767e-01
5.848691294021802767e-01
1.199999999999999956e+00
1.199999999999999956e+00
1.235376026669287308e-01
1.235376026669287308e-01
1.199999999999999956e+00
1.199999999999999956e+00
1.457308203718218065e-01
1.457308203718218065e-01
1.199999999999999956e+00
1.199999999999999956e+00
1.635100100268817025e-01
1.635100100268817025e-01
1.199999999999999956e+00
1.199999999999999956e+00
1.720787508549700626e-02
1.720787508549700626e-02
1.199999999999999956e+00
1.199999999999999956e+00
1.199999999999999956e+00
1.199999999999999956e+00
1.199999999999999956e+00
1.199999999999999956e+00
3.212065635219579773e-01
3.212065635219579773e-01
9.666651290001523900e-02
9.666651290001523900e-02
2.905619914466304188e-01
2.905619914466304188e-01
5.346965940169853271e-01
5.346965940169853271e-01
6.802517557807997717e-01
6.802517557807997717e-01
2.391729470150877335e-02
2.391729470150877335e-02
1.005083348652439090e+00
1.005083348652439090e+00
2.344745546765076016e-01
2.344745546765076016e-01
2.707423712402810545e-01
2.707423712402810545e-01
4.804025619523007440e-01
4.804025619523007440e-01
1.165765424752926160e-01
1.165765424752926160e-01
1.199999999999999956e+00
1.199999999999999956e+00
6.782031439909497195e-01
6.782031439909497195e-01
1.199999999999999956e+00
1.199999999999999956e+00
1.199999999999999956e+00
1.199999999999999956e+00
3.851980203632339173e-01
3.851980203632339173e-01
1.199999999999999956e+00
1.199999999999999956e+00
6.139495585235739128e-01
6.139495585235739128e-01
2.163997829775657911e-01
2.163997829775657911e-01
1.473110581630846516e-01
1.473110581630846516e-01
5.731873219024537225e-02
5.731873219024537225e-02
5.358701701816401958e-02
5.358701701816401958e-02
1.199999999999999956e+00
1.199999999999999956e+00
1.781881903001376888e-01
1.781881903001376888e-01
2.029347202240296688e-01
2.029347202240296688e-01
1.199999999999999956e+00
1.199999999999999956e+00
1.258452508333229337e-02
1.258452508333229337e-02
4.620562159113536516e-01
4.620562159113536516e-01
4.864457502834280689e-01
4.864457502834280689e-01
1.819742631916723141e-01
1.819742631916723141e-01
3.752359042322701566e-01
3.752359042322701566e-01
5.473887092422498046e-01
5.473887092422498046e-01
5.810759501694430229e-01
5.810759501694430229e-01
1.513430779115683411e-02
1.513430779115683411e-02
3.187923377743389075e-01
3.187923377743389075e-01
1.199999999999999956e+00
1.199999999999999956e+00
1.088830703441432679e-01
1.088830703441432679e-01
1.199999999999999956e+00
1.199999999999999956e+00
2.635901680144929204e-01
2.635901680144929204e-01
3.501663003921307027e-01
3.501663003921307027e-01
6.571047282927113820e-01
6.571047282927113820e-01
1.199999999999999956e+00
1.199999999999999956e+00
2.472741502745821052e-01
2.472741502745821052e-01
1.127601545298227426e-01
1.127601545298227426e-01
3.614494236967781826e-01
3.614494236967781826e-01
3.497747699796527332e-02
3.497747699796527332e-02
1.867798365539336536e-01
1.867798365539336536e-01
1.119721775323522239e-01
1.119721775323522239e-01
1.199999999999999956e+00
1.199999999999999956e+00
8.752101116846028317e-01
8.752101116846028317e-01
1.199999999999999956e+00
1.199999999999999956e+00
1.829096695746896817e-01
1.829096695746896817e-01
1.210253806239583452e-01
1.210253806239583452e-01
6.983954436207794048e-02
6.983954436207794048e-02
2.940352825816302529e-01
2.940352825816302529e-01
2.103195632015507077e-01
2.103195632015507077e-01
3.647116572973859716e-01
3.647116572973859716e-01
7.019854954593987562e-02
7.019854954593987562e-02
3.874305262919321424e-01
3.874305262919321424e-01
2.273115967722636188e-01
2.273115967722636188e-01
2.714835117760196481e-01
2.714835117760196481e-01
3.518896212476054774e-01
3.518896212476054774e-01
1.199999999999999956e+00
1.199999999999999956e+00
1.108557031464070253e-01
1.108557031464070253e-01
1.199999999999999956e+00
1.199999999999999956e+00
1.199999999999999956e+00
1.199999999999999956e+00
3.170024374977244985e-01
3.170024374977244985e-01
4.100034506341518892e-01
4.100034506341518892e-01
2.313451062596602048e-01
2.313451062596602048e-01
3.843415516471718196e-01
3.843415516471718196e-01
2.011807578914068528e-01
2.011807578914068528e-01
1.199999999999999956e+00
1.199999999999999956e+00
1.231834066856680177e-01
1.231834066856680177e-01
5.405906038915063716e-01
5.405906038915063716e-01
1.556857585629844443e-01
1.556857585629844443e-01
4.864861852144483634e-01
4.864861852144483634e-01
8.681203165087157669e-02
8.681203165087157669e-02
4.666341875755880423e-04
4.666341875755880423e-04
9.548289676802945714e-02
9.548289676802945714e-02
1.654561361116289597e-01
1.654561361116289597e-01
1.523693830682163464e-01
1.523693830682163464e-01
1.199999999999999956e+00
1.199999999999999956e+00
4.946579902441264887e-01
4.946579902441264887e-01
5.570783745332392733e-01
5.570783745332392733e-01
1.199999999999999956e+00
1.199999999999999956e+00
2.633160631822410447e-01
2.633160631822410447e-01
1.984471886551944786e-01
1.984471886551944786e-01
1.129459081499536305e-02
1.129459081499536305e-02
1.199999999999999956e+00
1.199999999999999956e+00
1.199999999999999956e+00
1.199999999999999956e+00
1.199999999999999956e+00
1.199999999999999956e+00
1.199999999999999956e+00
1.199999999999999956e+00
1.199999999999999956e+00
1.199999999999999956e+00
3.042191906120291778e-01
3.042191906120291778e-01
1.199999999999999956e+00
1.199999999999999956e+00
1.199999999999999956e+00
1.199999999999999956e+00
7.431442717183682489e-02
7.431442717183682489e-02
2.042373043675041466e-01
2.042373043675041466e-01
5.129353538011137692e-01
5.129353538011137692e-01
4.886678699867683662e-01
4.886678699867683662e-01
2.824639139083844341e-01
2.824639139083844341e-01
1.199999999999999956e+00
1.199999999999999956e+00
1.773012647973911393e-01
1.773012647973911393e-01
5.102450444833652732e-01
5.102450444833652732e-01
4.346445055651990685e-01
4.346445055651990685e-01
2.670323783147465768e-01
2.670323783147465768e-01
1.199999999999999956e+00
1.199999999999999956e+00
2.602007888675090252e-01
2.602007888675090252e-01
7.095734330514407162e-01
7.095734330514407162e-01
6.582982998356682325e-01
6.582982998356682325e-01
5.681260394490598165e-01
5.681260394490598165e-01
2.524071636778987271e-01
2.524071636778987271e-01
1.135609838740555544e-01
1.135609838740555544e-01
5.099269318690584640e-01
5.099269318690584640e-01
2.312252034997551997e-01
2.312252034997551997e-01
1.199999999999999956e+00
1.199999999999999956e+00
1.933918244460388625e-01
1.933918244460388625e-01
5.406319392388704292e-01
5.406319392388704292e-01
4.042124204756010752e-01
4.042124204756010752e-01
1.199999999999999956e+00
1.199999999999999956e+00
1.199999999999999956e+00
1.199999999999999956e+00
2.092900187606486218e-01
2.092900187606486218e-01
2.091119665714956666e-01
2.091119665714956666e-01
1.499553467771464754e-01
1.499553467771464754e-01
1.843465629424889951e-01
1.843465629424889951e-01
8.917696845068809886e-01
8.917696845068809886e-01
3.863096335633799949e-01
3.863096335633799949e-01
4.574203590404659625e-01
4.574203590404659625e-01
4.303467714478467071e-02
4.303467714478467071e-02
6.698470272664086567e-01
6.698470272664086567e-01
1.674049155455549498e-01
1.674049155455549498e-01
5.237127833325899706e-01
5.237127833325899706e-01
5.596387967878636571e-01
5.596387967878636571e-01
1.199999999999999956e+00
1.199999999999999956e+00
7.451488308413640738e-01
7.451488308413640738e-01
1.199999999999999956e+00
1.199999999999999956e+00
1.199999999999999956e+00
1.199999999999999956e+00
7.172843082252818858e-01
7.172843082252818858e-01
2.717519779503161925e-01
2.717519779503161925e-01
1.227052429423276109e-02
1.227052429423276109e-02
2.021784281248141871e-02
2.021784281248141871e-02
4.260145923033201720e-01
4.260145923033201720e-01
4.307167154345722948e-01
4.307167154345722948e-01
1.199999999999999956e+00
1.199999999999999956e+00
7.039798541734264281e-02
7.039798541734264281e-02
5.133137693172793448e-01
5.133137693172793448e-01
1.199999999999999956e+00
1.199999999999999956e+00
8.964683206739747223e-02
8.964683206739747223e-02
1.041307100240252553e-01
1.041307100240252553e-01
1.655943330926813728e-01
1.655943330926813728e-01
9.244792293264125771e-02
9.244792293264125771e-02
6.705398292531995486e-01
6.705398292531995486e-01
1.851066711591811964e-01
1.851066711591811964e-01
1.208235780936127157e-01
1.208235780936127157e-01
5.445044846536692962e-01
5.445044846536692962e-01
3.804656466266406745e-01
3.804656466266406745e-01
1.199999999999999956e+00
1.199999999999999956e+00
2.950433170262781735e-01
2.950433170262781735e-01
4.417040597970883775e-01
4.417040597970883775e-01
8.370348599827176495e-02
8.370348599827176495e-02
3.779134780285757778e-01
3.779134780285757778e-01
1.199999999999999956e+00
1.199999999999999956e+00
5.743075894969275064e-01
5.743075894969275064e-01
1.054340453062033167e-01
1.054340453062033167e-01
2.699724851185404950e-01
2.699724851185404950e-01
1.738834799020813615e-02
1.738834799020813615e-02
1.199999999999999956e+00
1.199999999999999956e+00
1.199999999999999956e+00
1.199999999999999956e+00
5.911237237928893551e-01
5.911237237928893551e-01
1.199999999999999956e+00
1.199999999999999956e+00
1.199999999999999956e+00
1.199999999999999956e+00
3.545696371604938890e-01
3.545696371604938890e-01
1.747720163340861221e-01
1.747720163340861221e-01
5.293470941626867710e-01
5.293470941626867710e-01
3.863351432214345293e-01
3.863351432214345293e-01
7.326710482087794851e-01
7.326710482087794851e-01
1.199999999999999956e+00
1.199999999999999956e+00
6.211156318881750904e-01
6.211156318881750904e-01
1.199999999999999956e+00
1.199999999999999956e+00
5.075899367851027799e-01
5.075899367851027799e-01
1.199999999999999956e+00
1.199999999999999956e+00
1.560970127970511268e-01
1.560970127970511268e-01
1.357739719494865938e-01
1.357739719494865938e-01
4.503008582886229849e-01
4.503008582886229849e-01
1.572047476625625384e-01
1.572047476625625384e-01
1.467485997479575643e-01
1.467485997479575643e-01
1.199999999999999956e+00
1.199999999999999956e+00
2.253105983166710929e-02
2.253105983166710929e-02
3.748504296456302287e-02
3.748504296456302287e-02
4.647534014327632801e-01
4.647534014327632801e-01
2.525561737010056929e-01
2.525561737010056929e-01
2.054325410044519629e-01
2.054325410044519629e-01
2.197553899251649401e-01
2.197553899251649401e-01
1.019640525067223163e-01
1.019640525067223163e-01
1.199999999999999956e+00
1.199999999999999956e+00
1.094409263688282813e-01
1.094409263688282813e-01
1.199999999999999956e+00
1.199999999999999956e+00
8.549913311587037379e-02
8.549913311587037379e-02
3.251383798199947717e-01
3.251383798199947717e-01
1.421916409466110476e-01
1.421916409466110476e-01
1.199999999999999956e+00
1.199999999999999956e+00
5.632312769962544152e-01
5.632312769962544152e-01
1.199999999999999956e+00
1.199999999999999956e+00
1.056035951694283548e-01
1.056035951694283548e-01
1.199999999999999956e+00
1.199999999999999956e+00
5.962080982761359949e-02
5.962080982761359949e-02
1.199999999999999956e+00
1.199999999999999956e+00
2.143360260091112246e-01
2.143360260091112246e-01
8.508401503764965179e-01
8.508401503764965179e-01
3.629440660176033173e-01
3.629440660176033173e-01
1.392535600817961794e-01
1.392535600817961794e-01
7.977681598675495644e-02
7.977681598675495644e-02
1.289830178860557064e-02
1.289830178860557064e-02
1.121660541283605594e+00
1.121660541283605594e+00
7.923422024941180197e-01
7.923422024941180197e-01
1.199999999999999956e+00
1.199999999999999956e+00
2.441109987497351030e-01
2.441109987497351030e-01
1.199999999999999956e+00
1.199999999999999956e+00
4.413581382957492139e-01
4.413581382957492139e-01
2.425742951977302164e-01
2.425742951977302164e-01
4.117983571848689017e-01
4.117983571848689017e-01
1.092614960790585371e-01
1.092614960790585371e-01
5.843026155428058255e-01
5.843026155428058255e-01
5.729669474926810113e-02
5.729669474926810113e-02
1.199999999999999956e+00
1.199999999999999956e+00
3.306330473075623222e-01
3.306330473075623222e-01
1.199999999999999956e+00
1.199999999999999956e+00
3.616413338499184782e-01
3.616413338499184782e-01
1.487089237210021675e-01
1.487089237210021675e-01
1.199999999999999956e+00
1.199999999999999956e+00
5.105918694602440411e-01
5.105918694602440411e-01
1.199999999999999956e+00
1.199999999999999956e+00
3.265450931976875137e-02
3.265450931976875137e-02
7.680999413065633941e-02
7.680999413065633941e-02
1.199999999999999956e+00
1.199999999999999956e+00
6.107227314891558456e-02
6.107227314891558456e-02
1.199999999999999956e+00
1.199999999999999956e+00
1.199999999999999956e+00
1.199999999999999956e+00
4.771127281784077745e-01
4.771127281784077745e-01
4.370476018677196262e-01
4.370476018677196262e-01
4.760074210764466685e-01
4.760074210764466685e-01
3.859664321088640548e-01
3.859664321088640548e-01
7.841858830410494696e-02
7.841858830410494696e-02
1.199999999999999956e+00
1.199999999999999956e+00
1.854552033743823991e-02
1.854552033743823991e-02
3.609148966322316410e-01
3.609148966322316410e-01
6.809844491328469474e-01
6.809844491328469474e-01
1.199999999999999956e+00
1.199999999999999956e+00
1.199999999999999956e+00
1.199999999999999956e+00
4.593285867036732140e-01
4.593285867036732140e-01
1.199999999999999956e+00
1.199999999999999956e+00
1.199999999999999956e+00
1.199999999999999956e+00
1.767429115350846736e-01
1.767429115350846736e-01
4.487940289810787853e-02
4.487940289810787853e-02
2.682171822633279690e-01
2.682171822633279690e-01
1.199999999999999956e+00
1.199999999999999956e+00
9.888744760875464723e-02
9.888744760875464723e-02
1.199999999999999956e+00
1.199999999999999956e+00
1.199999999999999956e+00
1.199999999999999956e+00
2.191024838724217050e-01
2.191024838724217050e-01
9.549577509647058093e-01
9.549577509647058093e-01
1.199999999999999956e+00
1.199999999999999956e+00
7.302062227700116814e-01
7.302062227700116814e-01
6.777394496781127264e-01
6.777394496781127264e-01
2.070007713899500446e-01
2.070007713899500446e-01
1.199999999999999956e+00
1.199999999999999956e+00
1.081796850852059233e-01
1.081796850852059233e-01
4.581683690472935777e-01
4.581683690472935777e-01
1.199999999999999956e+00
1.199999999999999956e+00
6.203753246071800481e-02
6.203753246071800481e-02
3.589322592416263058e-01
3.589322592416263058e-01
2.132307627050566978e-01
2.132307627050566978e-01
3.210214247604619153e-01
3.210214247604619153e-01
1.576237154964382492e-01
1.576237154964382492e-01
1.199999999999999956e+00
1.199999999999999956e+00
3.777364926893320152e-01
3.777364926893320152e-01
6.490966876259576246e-01
6.490966876259576246e-01
1.199999999999999956e+00
1.199999999999999956e+00
1.199999999999999956e+00
1.199999999999999956e+00
5.990602239925885142e-02
5.990602239925885142e-02
5.537760002678379090e-01
5.537760002678379090e-01
1.199999999999999956e+00
1.199999999999999956e+00
1.199999999999999956e+00
1.199999999999999956e+00
1.199999999999999956e+00
1.199999999999999956e+00
1.753229727124523685e-01
1.753229727124523685e-01
3.631782814573889517e-01
3.631782814573889517e-01
7.407911978864549774e-01
7.407911978864549774e-01
2.025428761835422753e-01
2.025428761835422753e-01
7.889209699011831556e-02
7.889209699011831556e-02
5.021254211721683236e-02
5.021254211721683236e-02
5.180620944262923772e-02
5.180620944262923772e-02
3.649268902596433106e-01
3.649268902596433106e-01
8.539017152638507524e-02
8.539017152638507524e-02
1.887070651464508309e-01
1.887070651464508309e-01
1.393930740134038393e-01
1.393930740134038393e-01
1.199999999999999956e+00
1.199999999999999956e+00
1.034949659941163835e+00
1.034949659941163835e+00
4.084398150380615794e-02
4.084398150380615794e-02
7.997740976223436382e-01
7.997740976223436382e-01
2.616268037830579707e-01
2.616268037830579707e-01
2.725801002750779523e-01
2.725801002750779523e-01
8.458025062298703267e-02
8.458025062298703267e-02
8.470439668851573178e-02
8.470439668851573178e-02
1.670130960009514609e-01
1.670130960009514609e-01
1.199999999999999956e+00
1.199999999999999956e+00
4.950819744334093442e-01
4.950819744334093442e-01
3.405723065793610921e-02
3.405723065793610921e-02
9.207545957509393197e-01
9.207545957509393197e-01
3.638843025749879945e-01
3.638843025749879945e-01
4.021192244257970616e-01
4.021192244257970616e-01
8.481143139234094130e-01
8.481143139234094130e-01
1.199999999999999956e+00
1.199999999999999956e+00
9.344450731493525453e-02
9.344450731493525453e-02
1.363346258712824603e-02
1.363346258712824603e-02
3.228180616544360504e-01
3.228180616544360504e-01
1.199999999999999956e+00
1.199999999999999956e+00
1.199999999999999956e+00
1.199999999999999956e+00
1.199999999999999956e+00
1.199999999999999956e+00
1.404560635905201804e-01
1.404560635905201804e-01
5.601681961343530913e-01
5.601681961343530913e-01
4.912689340332280219e-01
4.912689340332280219e-01
1.799232964064638729e-01
1.799232964064638729e-01
8.922331301953490001e-01
8.922331301953490001e-01
1.199999999999999956e+00
1.199999999999999956e+00
9.070101157428602607e-04
9.070101157428602607e-04
4.106718764597772631e-01
4.106718764597772631e-01
2.608957350323132252e-01
2.608957350323132252e-01
7.187014712462048704e-01
7.187014712462048704e-01
8.020125748914378461e-01
8.020125748914378461e-01
2.671291709220721122e-01
2.671291709220721122e-01
2.864872716199808877e-01
2.864872716199808877e-01
2.320281375371253674e-01
2.320281375371253674e-01
3.620767321509960144e-03
3.620767321509960144e-03
1.199999999999999956e+00
1.199999999999999956e+00
8.644904092642308191e-02
8.644904092642308191e-02
1.199999999999999956e+00
1.199999999999999956e+00
6.170074202698931920e-01
6.170074202698931920e-01
1.813570616335151986e-01
1.813570616335151986e-01
4.591968389217152557e-01
4.591968389217152557e-01
5.815026248357816341e-01
5.815026248357816341e-01
1.199999999999999956e+00
1.199999999999999956e+00
1.199999999999999956e+00
1.199999999999999956e+00
9.830837468381670163e-02
9.830837468381670163e-02
1.199999999999999956e+00
1.199999999999999956e+00
4.517140385773476402e-02
4.517140385773476402e-02
4.234320681317231827e-01
4.234320681317231827e-01
1.142228987890539921e-01
1.142228987890539921e-01
1.199999999999999956e+00
1.199999999999999956e+00
1.513343211372449038e-01
1.513343211372449038e-01
1.199999999999999956e+00
1.199999999999999956e+00
1.060628093625386459e-01
1.060628093625386459e-01
4.897173297525752034e-01
4.897173297525752034e-01
1.556235242094284321e-01
1.556235242094284321e-01
5.068804939169329477e-02
5.068804939169329477e-02
2.995104169178426368e-01
2.995104169178426368e-01
6.295275222689556971e-01
6.295275222689556971e-01
3.695066174842920326e-01
3.695066174842920326e-01
7.575201581901802594e-02
7.575201581901802594e-02
2.253765730992207672e-01
2.253765730992207672e-01
6.570666729712972831e-01
6.570666729712972831e-01
1.916158827565956624e-01
1.916158827565956624e-01
1.199999999999999956e+00
1.199999999999999956e+00
1.370989639305726648e-01
1.370989639305726648e-01
1.932038639546401204e-01
1.932038639546401204e-01
2.068774649934408127e-01
2.068774649934408127e-01
6.809968976971253474e-02
6.809968976971253474e-02
1.199999999999999956e+00
1.199999999999999956e+00
5.221802139831487749e-02
5.221802139831487749e-02
2.662348733788250099e-01
2.662348733788250099e-01
2.258972619606081644e-01
2.258972619606081644e-01
3.944532005781012929e-01
3.944532005781012929e-01
6.082722710676113920e-01
6.082722710676113920e-01
4.501290945211828265e-01
4.501290945211828265e-01
2.105949826414879600e-02
2.105949826414879600e-02
1.622729406410046704e-01
1.622729406410046704e-01
1.119693315967200675e-01
1.119693315967200675e-01
2.243684087236762492e-01
2.243684087236762492e-01
1.361270358095803823e-01
1.361270358095803823e-01
4.276373212897111031e-01
4.276373212897111031e-01
2.596752643154042750e-01
2.596752643154042750e-01
1.199999999999999956e+00
1.199999999999999956e+00
3.109510679876379413e-01
3.109510679876379413e-01
3.756767587483494930e-01
3.756767587483494930e-01
5.998428358955869982e-02
5.998428358955869982e-02
1.199999999999999956e+00
1.199999999999999956e+00
2.153153078545719523e-01
2.153153078545719523e-01
1.199999999999999956e+00
1.199999999999999956e+00
1.199999999999999956e+00
1.199999999999999956e+00
6.116409122247596919e-01
6.116409122247596919e-01
1.784230647270255432e-01
1.784230647270255432e-01
7.032168393045205856e-02
7.032168393045205856e-02
1.515904293202260944e-01
1.515904293202260944e-01
1.199999999999999956e+00
1.199999999999999956e+00
6.220910554968687306e-02
6.220910554968687306e-02
6.025283660117124462e-01
6.025283660117124462e-01
1.199999999999999956e+00
1.199999999999999956e+00
6.697290900170076444e-01
6.697290900170076444e-01
3.745171222445069503e-01
3.745171222445069503e-01
1.817915063885566784e-01
1.817915063885566784e-01
1.199999999999999956e+00
1.199999999999999956e+00
1.199999999999999956e+00
1.199999999999999956e+00
4.155703217288860829e-01
4.155703217288860829e-01
1.830142232715483569e-02
1.830142232715483569e-02
1.212475589981145963e-01
1.212475589981145963e-01
1.199999999999999956e+00
1.199999999999999956e+00
5.606797977759476748e-01
5.606797977759476748e-01
3.978213050564254338e-01
3.978213050564254338e-01
2.819961796366773354e-01
2.819961796366773354e-01
2.640532557663854973e-01
2.640532557663854973e-01
1.080912993255837562e-01
1.080912993255837562e-01
2.130779876586242350e-01
2.130779876586242350e-01
5.365972873621541184e-02
5.365972873621541184e-02
6.391041967246101352e-02
6.391041967246101352e-02
1.045316832524403550e+00
1.045316832524403550e+00
5.044706367446294415e-02
5.044706367446294415e-02
1.302748811272919638e-01
1.302748811272919638e-01
4.655880082315436153e-01
4.655880082315436153e-01
4.581743327746821970e-02
4.581743327746821970e-02
1.199999999999999956e+00
1.199999999999999956e+00
3.037825446250496664e-01
3.037825446250496664e-01
3.469523411700711213e-01
3.469523411700711213e-01
3.972702494712087584e-01
3.972702494712087584e-01
1.199999999999999956e+00
1.199999999999999956e+00
2.948250721978354361e-01
2.948250721978354361e-01
4.516018907858160986e-02
4.516018907858160986e-02
5.626850056153913197e-03
5.626850056153913197e-03
1.273871921068890634e-01
1.273871921068890634e-01
1.199999999999999956e+00
1.199999999999999956e+00
2.718694663773966735e-01
2.718694663773966735e-01
1.810625150677790118e-01
1.810625150677790118e-01
1.199999999999999956e+00
1.199999999999999956e+00
1.199999999999999956e+00
1.199999999999999956e+00
4.454503019224542726e-01
4.454503019224542726e-01
8.138599900057356951e-02
8.138599900057356951e-02
9.647144938620952348e-02
9.647144938620952348e-02
1.199999999999999956e+00
1.199999999999999956e+00
6.948897182986609744e-01
6.948897182986609744e-01
8.649809871284447338e-01
8.649809871284447338e-01
1.199999999999999956e+00
1.199999999999999956e+00
3.570117861462430708e-01
3.570117861462430708e-01
4.183220657767054984e-01
4.183220657767054984e-01
1.541066336079809362e-01
1.541066336079809362e-01
2.958430521680242564e-01
2.958430521680242564e-01
3.066807172945991145e-01
3.066807172945991145e-01
4.294227737660059052e-01
4.294227737660059052e-01
1.199999999999999956e+00
1.199999999999999956e+00
1.199999999999999956e+00
1.199999999999999956e+00
7.162537672046730419e-01
7.162537672046730419e-01
5.605205908418025018e-01
5.605205908418025018e-01
3.228917406666271805e-01
3.228917406666271805e-01
1.199999999999999956e+00
1.199999999999999956e+00
6.382625884852146658e-01
6.382625884852146658e-01
1.199999999999999956e+00
1.199999999999999956e+00
6.069041459732511523e-01
6.069041459732511523e-01
1.500321221109070791e-01
1.500321221109070791e-01
1.655385745307360323e-01
1.655385745307360323e-01
1.703798599886945098e-01
1.703798599886945098e-01
1.033215048139227488e+00
1.033215048139227488e+00
4.574480981672353619e-01
4.574480981672353619e-01
1.673934024247951124e-01
1.673934024247951124e-01
7.134888453660113150e-01
7.134888453660113150e-01
1.021895106743449765e-02
1.021895106743449765e-02
2.125818264261757420e-02
2.125818264261757420e-02
1.199999999999999956e+00
1.199999999999999956e+00
7.335518741877979920e-01
7.335518741877979920e-01
1.199999999999999956e+00
1.199999999999999956e+00
4.668266479290142934e-01
4.668266479290142934e-01
1.609537979049334155e-01
1.609537979049334155e-01
3.933161399711170708e-02
3.933161399711170708e-02
6.053460916879280229e-02
6.053460916879280229e-02
5.114870827192707003e-04
5.114870827192707003e-04
3.493358629173441421e-01
3.493358629173441421e-01
2.490397594245981061e-01
2.490397594245981061e-01
1.199999999999999956e+00
1.199999999999999956e+00
7.799663342599136850e-01
7.799663342599136850e-01
3.934497601438640135e-01
3.934497601438640135e-01
2.695736338141714872e-01
2.695736338141714872e-01
4.043562153239738111e-01
4.043562153239738111e-01
6.754853950336888943e-04
6.754853950336888943e-04
5.209334390025709416e-01
5.209334390025709416e-01
5.179124065174882663e-01
5.179124065174882663e-01
3.844498725020493723e-01
3.844498725020493723e-01
8.725406611494795558e-03
8.725406611494795558e-03
3.578894091958802481e-01
3.578894091958802481e-01
3.066389467762272725e-01
3.066389467762272725e-01
1.028921479472176270e-01
1.028921479472176270e-01
5.200660164861518053e-01
5.200660164861518053e-01
2.039236201844681906e-01
2.039236201844681906e-01
1.199999999999999956e+00
1.199999999999999956e+00
5.115750786512459625e-01
5.115750786512459625e-01
4.429957457430452883e-01
4.429957457430452883e-01
1.292278797070957885e-01
1.292278797070957885e-01
1.081102856609409413e-01
1.081102856609409413e-01
2.605628168785925625e-01
2.605628168785925625e-01
5.657208093246002267e-01
5.657208093246002267e-01
3.384211959337534159e-01
3.384211959337534159e-01
1.199999999999999956e+00
1.199999999999999956e+00
1.199999999999999956e+00
1.199999999999999956e+00
2.925306874053137940e-01
2.925306874053137940e-01
9.533665330113239023e-02
9.533665330113239023e-02
4.964079946236781005e-02
4.964079946236781005e-02
1.199999999999999956e+00
1.199999999999999956e+00
1.334083913970742635e-02
1.334083913970742635e-02
1.199999999999999956e+00
1.199999999999999956e+00
1.199999999999999956e+00
1.199999999999999956e+00
1.199999999999999956e+00
1.199999999999999956e+00
1.855661796285179299e-01
1.855661796285179299e-01
1.199999999999999956e+00
1.199999999999999956e+00
2.888199458392491994e-02
2.888199458392491994e-02
1.199999999999999956e+00
1.199999999999999956e+00
1.954566131242110871e-02
1.954566131242110871e-02
5.927596605196454593e-01
5.927596605196454593e-01
1.686643028498598929e-01
1.686643028498598929e-01
1.199999999999999956e+00
1.199999999999999956e+00
1.199999999999999956e+00
1.199999999999999956e+00
3.416134576478362384e-01
3.416134576478362384e-01
1.122903201150270286e-01
1.122903201150270286e-01
5.103644422239455442e-02
5.103644422239455442e-02
3.272350809712231134e-01
3.272350809712231134e-01
2.400953040088314727e-02
2.400953040088314727e-02
2.562051813132930622e-01
2.562051813132930622e-01
2.388571344345486180e-01
2.388571344345486180e-01
7.530930923033689606e-01
7.530930923033689606e-01
2.515879424365278227e-01
2.515879424365278227e-01
1.400224495175405592e-01
1.400224495175405592e-01
3.507841258365794745e-01
3.507841258365794745e-01
3.594773957180847357e-01
3.594773957180847357e-01
6.109913868640703960e-01
6.109913868640703960e-01
1.014589229488288835e-01
1.014589229488288835e-01
7.347617142088271880e-01
7.347617142088271880e-01
4.290625562476012012e-01
4.290625562476012012e-01
4.725126840535368022e-02
4.725126840535368022e-02
3.915665868411188355e-01
3.915665868411188355e-01
8.691679605621484284e-02
8.691679605621484284e-02
1.199999999999999956e+00
1.199999999999999956e+00
1.664652132192242368e-02
1.664652132192242368e-02
1.199999999999999956e+00
1.199999999999999956e+00
2.642431189052846241e-01
2.642431189052846241e-01
1.199999999999999956e+00
1.199999999999999956e+00
4.110686531240348995e-01
4.110686531240348995e-01
3.204008655058861454e-01
3.204008655058861454e-01
1.499878734962353799e-01
1.499878734962353799e-01
4.888894004362267509e-01
4.888894004362267509e-01
1.199999999999999956e+00
1.199999999999999956e+00
3.733936292206496699e-01
3.733936292206496699e-01
6.741848187058366304e-02
6.741848187058366304e-02
1.591442985934893306e-01
1.591442985934893306e-01
1.525606064372590498e-01
1.525606064372590498e-01
1.053548673560689153e-02
1.053548673560689153e-02
1.199999999999999956e+00
1.199999999999999956e+00
1.199999999999999956e+00
1.199999999999999956e+00
1.199999999999999956e+00
1.199999999999999956e+00
1.887517292131751512e-01
1.887517292131751512e-01
2.591043373092286051e-01
2.591043373092286051e-01
3.123502817277331589e-01
3.123502817277331589e-01
2.340485992216578548e-01
2.340485992216578548e-01
1.199999999999999956e+00
1.199999999999999956e+00
1.199999999999999956e+00
1.199999999999999956e+00
4.673190019460865541e-02
4.673190019460865541e-02
1.199999999999999956e+00
1.199999999999999956e+00
1.268263147133661117e-01
1.268263147133661117e-01
1.425518512162901874e-01
1.425518512162901874e-01
1.058741348566516055e-01
1.058741348566516055e-01
1.207804406276972720e-01
1.207804406276972720e-01
8.709537941560722973e-02
8.709537941560722973e-02
1.045684784555622082e+00
1.045684784555622082e+00
1.199999999999999956e+00
1.199999999999999956e+00
4.371194235072322631e-01
4.371194235072322631e-01
3.627400565413654299e-01
3.627400565413654299e-01
1.867775604759714936e-01
1.867775604759714936e-01
2.976783240196192448e-01
2.976783240196192448e-01
1.431052654922992662e-01
1.431052654922992662e-01
1.199999999999999956e+00
1.199999999999999956e+00
3.093634286618343054e-01
3.093634286618343054e-01
6.397864494666900548e-01
6.397864494666900548e-01
1.199999999999999956e+00
1.199999999999999956e+00
1.729405186681237661e-01
1.729405186681237661e-01
6.924409248765406311e-01
6.924409248765406311e-01
1.199999999999999956e+00
1.199999999999999956e+00
2.046340458609368640e-01
2.046340458609368640e-01
1.367744111092975279e-01
1.367744111092975279e-01
1.011239624336273818e-01
1.011239624336273818e-01
1.411032983803208254e-02
1.411032983803208254e-02
2.765990086015464589e-01
2.765990086015464589e-01
2.427902634847644847e-01
2.427902634847644847e-01
4.136684269130369573e-01
4.136684269130369573e-01
5.021863080076262309e-02
5.021863080076262309e-02
1.199999999999999956e+00
1.199999999999999956e+00
2.034069565100322385e-01
2.034069565100322385e-01
4.037996498439474363e-02
4.037996498439474363e-02
1.008043063714563065e-01
1.008043063714563065e-01
4.880553393104080512e-02
4.880553393104080512e-02
6.620079655119046613e-01
6.620079655119046613e-01
1.851730475970955470e-01
1.851730475970955470e-01
2.392794968113275689e-01
2.392794968113275689e-01
7.327790159361587952e-01
7.327790159361587952e-01
4.665960473380736939e-02
4.665960473380736939e-02
7.759406212603371378e-01
7.759406212603371378e-01
8.546638909890165448e-02
8.546638909890165448e-02
9.669888245711112662e-02
9.669888245711112662e-02
4.288778680368700025e-01
4.288778680368700025e-01
1.187649428651355726e-01
1.187649428651355726e-01
1.199999999999999956e+00
1.199999999999999956e+00
1.199999999999999956e+00
1.199999999999999956e+00
1.395751181808530528e-01
1.395751181808530528e-01
1.199999999999999956e+00
1.199999999999999956e+00
1.250975700018074899e-01
1.250975700018074899e-01
1.081519444228324689e+00
1.081519444228324689e+00
1.502629540076353409e-01
1.502629540076353409e-01
1.154630779159667719e-01
1.154630779159667719e-01
5.707779834560898768e-01
5.707779834560898768e-01
1.199999999999999956e+00
1.199999999999999956e+00
4.183135439573794634e-01
4.183135439573794634e-01
6.178101067143414449e-01
6.178101067143414449e-01
5.034749767426732053e-02
5.034749767426732053e-02
1.199999999999999956e+00
1.199999999999999956e+00
1.672066843804684844e-01
1.672066843804684844e-01
1.199999999999999956e+00
1.199999999999999956e+00
8.002297411715961206e-02
8.002297411715961206e-02
5.810214857080121809e-02
5.810214857080121809e-02
2.877779516202097140e-02
2.877779516202097140e-02
8.405178957039152743e-02
8.405178957039152743e-02
7.231217195497796624e-02
7.231217195497796624e-02
4.472843877032408599e-01
4.472843877032408599e-01
3.294150077123125797e-02
3.294150077123125797e-02
6.711481414717247462e-01
6.711481414717247462e-01
4.318445125021930231e-01
4.318445125021930231e-01
1.750853127927735065e-01
1.750853127927735065e-01
8.969331830378131365e-02
8.969331830378131365e-02
1.199999999999999956e+00
1.199999999999999956e+00
1.199999999999999956e+00
1.199999999999999956e+00
3.510399066507279703e-02
3.510399066507279703e-02
1.692765984040074390e-01
1.692765984040074390e-01
1.368716964687644588e-01
1.368716964687644588e-01
1.199999999999999956e+00
1.199999999999999956e+00
6.988477318229369128e-02
6.988477318229369128e-02
3.331591173040061582e-01
3.331591173040061582e-01
2.171039682304060081e-02
2.171039682304060081e-02
5.565715145145732068e-01
5.565715145145732068e-01
7.692680263033385701e-02
7.692680263033385701e-02
8.410935263641947657e-01
8.410935263641947657e-01
4.571677372899602410e-01
4.571677372899602410e-01
6.475706515953167930e-01
6.475706515953167930e-01
4.245940353158985520e-02
4.245940353158985520e-02
1.543378591903346309e-01
1.543378591903346309e-01
1.370736529984904577e-02
1.370736529984904577e-02
2.903471989362634356e-02
2.903471989362634356e-02
4.077054544438998840e-02
4.077054544438998840e-02
5.764068645725117790e-01
5.764068645725117790e-01
3.275212723105744295e-01
3.275212723105744295e-01
1.199999999999999956e+00
1.199999999999999956e+00
1.199999999999999956e+00
1.199999999999999956e+00
2.717196233961280405e-01
2.717196233961280405e-01
1.199999999999999956e+00
1.199999999999999956e+00
3.735293961987175282e-02
3.735293961987175282e-02
3.628009541113269010e-01
3.628009541113269010e-01
2.586026183595855898e-01
2.586026183595855898e-01
2.582021742530777458e-02
2.582021742530777458e-02
4.748245544187503775e-01
4.748245544187503775e-01
4.060377210755744537e-02
4.060377210755744537e-02
1.912707749704846416e-02
1.912707749704846416e-02
1.199999999999999956e+00
1.199999999999999956e+00
3.144892676776436802e-01
3.144892676776436802e-01
1.079201393408638632e-01
1.079201393408638632e-01
5.487804566197975742e-01
5.487804566197975742e-01
3.920022707270406914e-02
3.920022707270406914e-02
7.999503575965505320e-02
7.999503575965505320e-02
9.344752436051802225e-02
9.344752436051802225e-02
2.327656385259904148e-01
2.327656385259904148e-01
2.923709862819773853e-01
2.923709862819773853e-01
1.199999999999999956e+00
1.199999999999999956e+00
4.119173393323894428e-01
4.119173393323894428e-01
5.198898925669025867e-02
5.198898925669025867e-02
1.199999999999999956e+00
1.199999999999999956e+00
2.774367829235243610e-01
2.774367829235243610e-01
4.666055808764005275e-02
4.666055808764005275e-02
3.568696548032564420e-01
3.568696548032564420e-01
3.507414174570546161e-01
3.507414174570546161e-01
7.679186579090235831e-01
7.679186579090235831e-01
1.329882283302749324e-01
1.329882283302749324e-01
3.539713337385434477e-01
3.539713337385434477e-01
5.703253446550288208e-01
5.703253446550288208e-01
1.246306765918554493e-01
1.246306765918554493e-01
1.199999999999999956e+00
1.199999999999999956e+00
2.712373072274292807e-01
2.712373072274292807e-01
1.136152081579909767e-01
1.136152081579909767e-01
4.511294992148533883e-02
4.511294992148533883e-02
2.664734453981523199e-01
2.664734453981523199e-01
1.199999999999999956e+00
1.199999999999999956e+00
6.201959028301269605e-02
6.201959028301269605e-02
6.429985023260086086e-02
6.429985023260086086e-02
2.712362727359081682e-01
2.712362727359081682e-01
2.711395157659410304e-01
2.711395157659410304e-01
4.350532086573547647e-02
4.350532086573547647e-02
2.837457687477424467e-02
2.837457687477424467e-02
1.860640247485259580e-01
1.860640247485259580e-01
1.291661274215277593e-02
1.291661274215277593e-02
1.400957273893428667e-02
1.400957273893428667e-02
1.199999999999999956e+00
1.199999999999999956e+00
4.639581522301254868e-01
4.639581522301254868e-01
1.374057806674585779e-04
1.374057806674585779e-04
4.031099845264879966e-01
4.031099845264879966e-01
2.565802636384108618e-02
2.565802636384108618e-02
2.935923257712524381e-01
2.935923257712524381e-01
