1.792631830037133001e-01
1.792631830037133001e-01
7.656035619793283287e-01
7.656035619793283287e-01
3.261241566560815763e-01
3.261241566560815763e-01
4.487527863448642629e-02
4.487527863448642629e-02
3.224678790354374436e-01
3.224678790354374436e-01
1.199999999999999956e+00
1.199999999999999956e+00
4.659239812887948640e-01
4.659239812887948640e-01
3.784335035188308161e-01
3.784335035188308161e-01
6.386834053627747920e-01
6.386834053627747920e-01
3.991573433429454476e-02
3.991573433429454476e-02
2.429501719561156792e-01
2.429501719561156792e-01
2.533626186862401042e-01
2.533626186862401042e-01
1.199999999999999956e+00
1.199999999999999956e+00
4.746476495554816655e-01
4.746476495554816655e-01
1.199999999999999956e+00
1.199999999999999956e+00
2.341051539443468332e-01
2.341051539443468332e-01
5.757150454709266674e-01
5.757150454709266674e-01
1.199999999999999956e+00
1.199999999999999956e+00
4.378467936500319846e-01
4.378467936500319846e-01
8.158792456284349459e-01
8.158792456284349459e-01
1.139424111570764009e-01
1.139424111570764009e-01
1.199999999999999956e+00
1.199999999999999956e+00
2.828226247585028941e-01
2.828226247585028941e-01
3.459425284579975557e-01
3.459425284579975557e-01
6.485565065818425790e-02
6.485565065818425790e-02
1.351804664431793812e-01
1.351804664431793812e-01
1.199999999999999956e+00
1.199999999999999956e+00
2.447084229403608327e-02
2.447084229403608327e-02
3.128792272778103123e-01
3.128792272778103123e-01
1.199999999999999956e+00
1.199999999999999956e+00
1.806567255185476117e-01
1.806567255185476117e-01
1.432631250379388099e-01
1.432631250379388099e-01
2.038732150613933869e-01
2.038732150613933869e-01
1.199999999999999956e+00
1.199999999999999956e+00
1.199999999999999956e+00
1.199999999999999956e+00
1.199999999999999956e+00
1.199999999999999956e+00
6.686907128930537347e-02
6.686907128930537347e-02
2.923532407197589889e-01
2.923532407197589889e-01
1.199999999999999956e+00
1.199999999999999956e+00
1.199999999999999956e+00
1.199999999999999956e+00
9.801058025566548870e-02
9.801058025566548870e-02
2.424014728244088326e-02
2.424014728244088326e-02
3.473625390352519382e-01
3.473625390352519382e-01
2.443202564072266270e-01
2.443202564072266270e-01
1.056096127346499491e+00
1.056096127346499491e+00
3.881429100719763214e-02
3.881429100719763214e-02
1.354883894608095440e-01
1.354883894608095440e-01
2.830298957662104320e-02
2.830298957662104320e-02
2.623292507717703281e-02
2.623292507717703281e-02
5.661353687943899982e-02
5.661353687943899982e-02
1.199999999999999956e+00
1.199999999999999956e+00
1.199999999999999956e+00
1.199999999999999956e+00
3.047506246615774850e-02
3.047506246615774850e-02
1.199999999999999956e+00
1.199999999999999956e+00
1.199999999999999956e+00
1.199999999999999956e+00
5.917136879407055572e-01
5.917136879407055572e-01
1.577212431689935246e-01
1.577212431689935246e-01
1.199999999999999956e+00
1.199999999999999956e+00
1.167755898796371872e+00
1.167755898796371872e+00
1.199999999999999956e+00
1.199999999999999956e+00
3.742149399923290209e-01
3.742149399923290209e-01
2.503125741326799325e-01
2.503125741326799325e-01
1.170549414217175316e-01
1.170549414217175316e-01
7.243345662251264583e-02
7.243345662251264583e-02
1.100469763706027476e-01
1.100469763706027476e-01
2.543772395135312503e-01
2.543772395135312503e-01
6.769058248957000867e-02
6.769058248957000867e-02
4.912179433020106289e-01
4.912179433020106289e-01
1.199999999999999956e+00
1.199999999999999956e+00
1.157113025869118961e-01
1.157113025869118961e-01
2.925729087532912831e-01
2.925729087532912831e-01
1.199999999999999956e+00
1.199999999999999956e+00
1.199999999999999956e+00
1.199999999999999956e+00
1.199999999999999956e+00
1.199999999999999956e+00
5.535100763868120444e-01
5.535100763868120444e-01
3.669625179896677802e-01
3.669625179896677802e-01
2.732812059881226663e-01
2.732812059881226663e-01
1.119433834106712045e+00
1.119433834106712045e+00
5.249748954857151872e-01
5.249748954857151872e-01
2.109317625097592852e-01
2.109317625097592852e-01
8.492513938043162736e-02
8.492513938043162736e-02
1.199999999999999956e+00
1.199999999999999956e+00
1.199999999999999956e+00
1.199999999999999956e+00
1.649336151096981729e-01
1.649336151096981729e-01
1.199999999999999956e+00
1.199999999999999956e+00
1.026041970398663961e-02
1.026041970398663961e-02
1.199999999999999956e+00
1.199999999999999956e+00
1.199999999999999956e+00
1.199999999999999956e+00
1.199999999999999956e+00
1.199999999999999956e+00
1.199999999999999956e+00
1.199999999999999956e+00
6.666751944500341753e-02
6.666751944500341753e-02
1.365301687278883125e-01
1.365301687278883125e-01
1.199999999999999956e+00
1.199999999999999956e+00
2.154564601508846544e-01
2.154564601508846544e-01
4.607994016335683063e-01
4.607994016335683063e-01
1.041196960599486722e-02
1.041196960599486722e-02
1.199999999999999956e+00
1.199999999999999956e+00
1.882341512714010845e-01
1.882341512714010845e-01
1.331442798889252016e-02
1.331442798889252016e-02
1.199999999999999956e+00
1.199999999999999956e+00
7.972892437145449873e-02
7.972892437145449873e-02
4.852009283606774637e-01
4.852009283606774637e-01
1.239966131155808560e-01
1.239966131155808560e-01
7.747980150960039891e-01
7.747980150960039891e-01
4.768064897096178090e-01
4.768064897096178090e-01
2.246156971413436620e-01
2.246156971413436620e-01
8.702575960135642275e-01
8.702575960135642275e-01
4.912565805759156468e-01
4.912565805759156468e-01
1.199999999999999956e+00
1.199999999999999956e+00
4.447281271281302573e-01
4.447281271281302573e-01
3.920655683410320114e-01
3.920655683410320114e-01
9.964088704062609714e-02
9.964088704062609714e-02
6.038602369080738885e-01
6.038602369080738885e-01
1.335737428235037605e-01
1.335737428235037605e-01
1.199999999999999956e+00
1.199999999999999956e+00
3.161749194839342803e-01
3.161749194839342803e-01
1.199999999999999956e+00
1.199999999999999956e+00
1.199999999999999956e+00
1.199999999999999956e+00
1.631037261359655766e-01
1.631037261359655766e-01
1.199999999999999956e+00
1.199999999999999956e+00
3.541478637846445787e-01
3.541478637846445787e-01
1.199999999999999956e+00
1.199999999999999956e+00
6.315501880988394490e-01
6.315501880988394490e-01
2.398936403403753581e-02
2.398936403403753581e-02
1.406282673742196565e-01
1.406282673742196565e-01
5.163626561442892504e-02
5.163626561442892504e-02
1.199999999999999956e+00
1.199999999999999956e+00
3.731916309065608228e-01
3.731916309065608228e-01
1.199999999999999956e+00
1.199999999999999956e+00
1.199999999999999956e+00
1.199999999999999956e+00
1.199999999999999956e+00
1.199999999999999956e+00
2.450234081901503380e-02
2.450234081901503380e-02
4.630563803179524318e-02
4.630563803179524318e-02
6.465282059787820224e-01
6.465282059787820224e-01
1.938073842571900740e-01
1.938073842571900740e-01
1.199999999999999956e+00
1.199999999999999956e+00
1.593000959849004972e-01
1.593000959849004972e-01
4.607356044666652273e-01
4.607356044666652273e-01
1.199999999999999956e+00
1.199999999999999956e+00
2.627411377892778788e-01
2.627411377892778788e-01
2.192193618567495617e-01
2.192193618567495617e-01
1.657138985191345948e-01
1.657138985191345948e-01
1.024358268029315344e-01
1.024358268029315344e-01
5.087280448824875734e-01
5.087280448824875734e-01
1.199999999999999956e+00
1.199999999999999956e+00
5.853577459965579946e-03
5.853577459965579946e-03
2.588569988628862673e-01
2.588569988628862673e-01
2.173231415675183076e-01
2.173231415675183076e-01
6.977467684451259533e-01
6.977467684451259533e-01
5.199585338446914839e-01
5.199585338446914839e-01
3.903684723474218354e-01
3.903684723474218354e-01
1.199999999999999956e+00
1.199999999999999956e+00
3.940292135613390201e-01
3.940292135613390201e-01
1.199999999999999956e+00
1.199999999999999956e+00
4.878605764881680518e-01
4.878605764881680518e-01
5.573308530050000154e-02
5.573308530050000154e-02
2.084216536379477069e-01
2.084216536379477069e-01
1.503795886713347185e-01
1.503795886713347185e-01
1.703392381398732836e-01
1.703392381398732836e-01
1.782510884625325420e-01
1.782510884625325420e-01
1.199999999999999956e+00
1.199999999999999956e+00
4.618290009197782431e-01
4.618290009197782431e-01
1.199999999999999956e+00
1.199999999999999956e+00
1.199999999999999956e+00
1.199999999999999956e+00
1.104689213390137453e-01
1.104689213390137453e-01
7.301827806539870069e-01
7.301827806539870069e-01
1.199999999999999956e+00
1.199999999999999956e+00
9.321121449304697881e-02
9.321121449304697881e-02
9.083931792435306907e-02
9.083931792435306907e-02
6.344293888780054846e-01
6.344293888780054846e-01
1.199999999999999956e+00
1.199999999999999956e+00
5.289504337502730635e-01
5.289504337502730635e-01
5.743033613371208990e-01
5.743033613371208990e-01
1.075801051273347214e-01
1.075801051273347214e-01
1.021022462238497658e-01
1.021022462238497658e-01
1.049216941527443200e-02
1.049216941527443200e-02
1.199999999999999956e+00
1.199999999999999956e+00
1.199999999999999956e+00
1.199999999999999956e+00
4.873499504584190567e-01
4.873499504584190567e-01
4.571838605879742778e-01
4.571838605879742778e-01
7.870061059391883496e-02
7.870061059391883496e-02
3.057782329697758539e-01
3.057782329697758539e-01
1.199999999999999956e+00
1.199999999999999956e+00
9.847339565969888409e-02
9.847339565969888409e-02
4.395799529434900599e-01
4.395799529434900599e-01
3.066160927726445107e-01
3.066160927726445107e-01
2.238115317297882934e-01
2.238115317297882934e-01
1.199999999999999956e+00
1.199999999999999956e+00
1.199999999999999956e+00
1.199999999999999956e+00
1.536015542513518017e-01
1.536015542513518017e-01
2.198369093490012693e-01
2.198369093490012693e-01
1.199999999999999956e+00
1.199999999999999956e+00
1.169946121278860919e-02
1.169946121278860919e-02
1.418311559362927798e-01
1.418311559362927798e-01
2.609729919048430213e-01
2.609729919048430213e-01
4.130959858782306537e-01
4.130959858782306537e-01
1.199999999999999956e+00
1.199999999999999956e+00
1.199999999999999956e+00
1.199999999999999956e+00
7.247721233789161666e-01
7.247721233789161666e-01
1.039247174087939707e-01
1.039247174087939707e-01
5.480096621316848937e-01
5.480096621316848937e-01
2.629084690945577285e-01
2.629084690945577285e-01
1.199999999999999956e+00
1.199999999999999956e+00
3.842149776860099841e-01
3.842149776860099841e-01
2.291469213625642320e-01
2.291469213625642320e-01
3.411193716529916098e-01
3.411193716529916098e-01
3.511321832151623745e-01
3.511321832151623745e-01
1.199999999999999956e+00
1.199999999999999956e+00
1.347858805925090941e-01
1.347858805925090941e-01
4.131733550940159261e-01
4.131733550940159261e-01
5.944973312506795365e-02
5.944973312506795365e-02
2.334492057487229377e-01
2.334492057487229377e-01
1.199999999999999956e+00
1.199999999999999956e+00
2.706470584876343177e-01
2.706470584876343177e-01
1.470600902494063611e-01
1.470600902494063611e-01
8.443557005020096984e-02
8.443557005020096984e-02
2.780829839870878062e-01
2.780829839870878062e-01
5.101130596060560185e-01
5.101130596060560185e-01
4.379459997176711750e-01
4.379459997176711750e-01
1.709359010590472683e-01
1.709359010590472683e-01
1.199999999999999956e+00
1.199999999999999956e+00
2.183451173452841398e-01
2.183451173452841398e-01
1.199999999999999956e+00
1.199999999999999956e+00
3.258167575689230877e-01
3.258167575689230877e-01
4.656885678438136833e-01
4.656885678438136833e-01
1.373613843065371320e-01
1.373613843065371320e-01
8.178803306729522105e-02
8.178803306729522105e-02
9.311453495629026245e-01
9.311453495629026245e-01
1.256304001336152609e+00
1.256304001336152609e+00
4.696794774458190602e-01
4.696794774458190602e-01
5.252272486889401210e-02
5.252272486889401210e-02
4.337472827881684312e-01
4.337472827881684312e-01
6.380327091745897905e-02
6.380327091745897905e-02
1.619931258278712316e-01
1.619931258278712316e-01
1.070349854817193025e-01
1.070349854817193025e-01
1.199999999999999956e+00
1.199999999999999956e+00
2.135340250310348298e-01
2.135340250310348298e-01
1.199999999999999956e+00
1.199999999999999956e+00
1.711647531281249579e-01
1.711647531281249579e-01
9.006962472050621393e-01
9.006962472050621393e-01
2.748950101855971440e-01
2.748950101855971440e-01
1.712337261037522734e-02
1.712337261037522734e-02
3.040091473822215118e-01
3.040091473822215118e-01
4.591477559854398871e-01
4.591477559854398871e-01
1.199999999999999956e+00
1.199999999999999956e+00
5.555414683427699618e-01
5.555414683427699618e-01
8.585566677503838617e-01
8.585566677503838617e-01
4.675261440969447624e-01
4.675261440969447624e-01
4.984401527252634717e-02
4.984401527252634717e-02
6.018436820779330398e-01
6.018436820779330398e-01
2.662998661581280624e-01
2.662998661581280624e-01
5.135223802736619270e-01
5.135223802736619270e-01
1.199999999999999956e+00
1.199999999999999956e+00
6.012518600191345541e-01
6.012518600191345541e-01
1.199999999999999956e+00
1.199999999999999956e+00
1.022078663092688827e-01
1.022078663092688827e-01
1.199999999999999956e+00
1.199999999999999956e+00
1.199999999999999956e+00
1.199999999999999956e+00
5.322327039233601398e-02
5.322327039233601398e-02
1.199999999999999956e+00
1.199999999999999956e+00
5.380007560944384537e-02
5.380007560944384537e-02
1.199999999999999956e+00
1.199999999999999956e+00
2.115645922977302806e-01
2.115645922977302806e-01
1.199999999999999956e+00
1.199999999999999956e+00
6.722362959120863346e-01
6.722362959120863346e-01
2.210883834107972845e-01
2.210883834107972845e-01
4.789522360365767728e-01
4.789522360365767728e-01
1.240968883271789114e-01
1.240968883271789114e-01
1.199999999999999956e+00
1.199999999999999956e+00
1.199999999999999956e+00
1.199999999999999956e+00
2.060813097972915564e-01
2.060813097972915564e-01
2.731780538664153185e-02
2.731780538664153185e-02
6.912850694417931319e-01
6.912850694417931319e-01
5.073338848747468433e-01
5.073338848747468433e-01
2.898833386380600952e-01
2.898833386380600952e-01
5.267412992931970184e-01
5.267412992931970184e-01
5.615612433328829312e-01
5.615612433328829312e-01
1.226733094885121833e-01
1.226733094885121833e-01
5.059736945963965171e-01
5.059736945963965171e-01
4.133080405175263566e-02
4.133080405175263566e-02
5.336746177297916338e-01
5.336746177297916338e-01
2.046418272474080646e-02
2.046418272474080646e-02
5.579871300661366496e-01
5.579871300661366496e-01
4.407685945396808691e-01
4.407685945396808691e-01
8.751331195492384474e-01
8.751331195492384474e-01
2.640294087889653030e-01
2.640294087889653030e-01
2.188187095873053156e-01
2.188187095873053156e-01
5.133722784692774654e-01
5.133722784692774654e-01
7.902423370557820625e-02
7.902423370557820625e-02
6.954123681957494751e-01
6.954123681957494751e-01
3.377797038022740672e-01
3.377797038022740672e-01
2.805075799858171570e-01
2.805075799858171570e-01
3.797688850533698091e-01
3.797688850533698091e-01
3.276583349177047966e-01
3.276583349177047966e-01
6.638997076574111311e-01
6.638997076574111311e-01
1.199999999999999956e+00
1.199999999999999956e+00
4.323701256734964748e-01
4.323701256734964748e-01
4.114375003589731961e-01
4.114375003589731961e-01
1.595234367795314023e-01
1.595234367795314023e-01
1.531017742060353515e-01
1.531017742060353515e-01
1.233591866291648964e-01
1.233591866291648964e-01
1.199999999999999956e+00
1.199999999999999956e+00
1.456601059165893997e-01
1.456601059165893997e-01
7.303796754818553394e-01
7.303796754818553394e-01
8.708578933849250858e-02
8.708578933849250858e-02
3.762006934265530456e-01
3.762006934265530456e-01
2.558329780486753510e-02
2.558329780486753510e-02
4.530869269787003023e-02
4.530869269787003023e-02
1.555393714885459910e-01
1.555393714885459910e-01
5.224070112502516849e-01
5.224070112502516849e-01
7.392095709653061231e-02
7.392095709653061231e-02
1.186341393473384735e-02
1.186341393473384735e-02
2.858306356897795386e-02
2.858306356897795386e-02
1.213221625083947819e-01
1.213221625083947819e-01
1.199999999999999956e+00
1.199999999999999956e+00
8.153612187410662912e-04
8.153612187410662912e-04
2.829788375593612626e-01
2.829788375593612626e-01
1.199999999999999956e+00
1.199999999999999956e+00
5.203384323292743474e-01
5.203384323292743474e-01
2.639360533262601893e-01
2.639360533262601893e-01
1.199999999999999956e+00
1.199999999999999956e+00
6.131813442633137212e-01
6.131813442633137212e-01
2.390812331192772311e-02
2.390812331192772311e-02
6.829851456833724299e-01
6.829851456833724299e-01
1.264935297822010751e-01
1.264935297822010751e-01
2.362743292009774621e-01
2.362743292009774621e-01
1.947147782664991611e-02
1.947147782664991611e-02
6.706937140499135384e-03
6.706937140499135384e-03
3.353287807151725808e-01
3.353287807151725808e-01
1.286336548320389430e-03
1.286336548320389430e-03
1.199999999999999956e+00
1.199999999999999956e+00
1.199999999999999956e+00
1.199999999999999956e+00
8.104072585389966443e-01
8.104072585389966443e-01
4.836324825224507240e-01
4.836324825224507240e-01
4.493038683338845818e-01
4.493038683338845818e-01
7.311290257230460554e-01
7.311290257230460554e-01
1.199999999999999956e+00
1.199999999999999956e+00
3.106442714052533027e-01
3.106442714052533027e-01
4.458868756872489403e-01
4.458868756872489403e-01
1.520559815263856362e-01
1.520559815263856362e-01
4.562791596216033696e-01
4.562791596216033696e-01
9.349658928776000133e-02
9.349658928776000133e-02
1.199999999999999956e+00
1.199999999999999956e+00
4.147348741981711773e-01
4.147348741981711773e-01
1.840386375892757442e-01
1.840386375892757442e-01
2.287540365188384453e-02
2.287540365188384453e-02
2.793820876763293826e-01
2.793820876763293826e-01
1.110887506648036704e-01
1.110887506648036704e-01
4.604279109630551869e-01
4.604279109630551869e-01
1.199999999999999956e+00
1.199999999999999956e+00
1.332292381813117987e-01
1.332292381813117987e-01
1.123671436133587137e-01
1.123671436133587137e-01
2.750995080647859470e-01
2.750995080647859470e-01
1.350426423229506290e-01
1.350426423229506290e-01
1.440146106007751670e-01
1.440146106007751670e-01
2.743804234538219089e-01
2.743804234538219089e-01
1.199999999999999956e+00
1.199999999999999956e+00
3.075588552066108594e-01
3.075588552066108594e-01
1.947702550620255268e-01
1.947702550620255268e-01
5.480842934208606243e-01
5.480842934208606243e-01
7.248433988555412766e-01
7.248433988555412766e-01
1.557196807771448199e-01
1.557196807771448199e-01
6.863128167647260247e-02
6.863128167647260247e-02
5.514416697888001595e-01
5.514416697888001595e-01
9.121052016888887559e-01
9.121052016888887559e-01
1.807594571841118491e-01
1.807594571841118491e-01
5.169715874500573766e-02
5.169715874500573766e-02
6.665693204344278477e-01
6.665693204344278477e-01
1.199999999999999956e+00
1.199999999999999956e+00
4.049469412224794285e-01
4.049469412224794285e-01
4.072172476914913408e-02
4.072172476914913408e-02
4.372003978561796178e-02
4.372003978561796178e-02
2.483434232692920962e-01
2.483434232692920962e-01
1.199999999999999956e+00
1.199999999999999956e+00
2.140396041299064689e-01
2.140396041299064689e-01
2.189994006154226680e-01
2.189994006154226680e-01
4.643424557703498268e-01
4.643424557703498268e-01
1.747664904463832325e-01
1.747664904463832325e-01
1.462926001647687352e-02
1.462926001647687352e-02
2.459612564385308398e-01
2.459612564385308398e-01
3.034544997861854387e-01
3.034544997861854387e-01
6.753133182129897882e-01
6.753133182129897882e-01
1.170024383262893430e-01
1.170024383262893430e-01
9.089332195636917744e-02
9.089332195636917744e-02
2.234252279833492949e-01
2.234252279833492949e-01
3.933300863034266959e-02
3.933300863034266959e-02
4.874912234959768997e-02
4.874912234959768997e-02
1.199999999999999956e+00
1.199999999999999956e+00
3.672873375126081141e-01
3.672873375126081141e-01
7.429198370661884571e-03
7.429198370661884571e-03
4.602205308272331874e-01
4.602205308272331874e-01
4.043110410544756284e-01
4.043110410544756284e-01
1.139511552755261836e-01
1.139511552755261836e-01
4.039255115297784027e-01
4.039255115297784027e-01
1.199999999999999956e+00
1.199999999999999956e+00
3.257434576052995467e-01
3.257434576052995467e-01
2.185502780184322147e-01
2.185502780184322147e-01
5.812193550515512008e-01
5.812193550515512008e-01
2.911890090874379999e-01
2.911890090874379999e-01
3.666904494683348448e-01
3.666904494683348448e-01
1.199999999999999956e+00
1.199999999999999956e+00
1.346852092821464730e-01
1.346852092821464730e-01
1.387860273598476579e-01
1.387860273598476579e-01
7.325238286464690052e-02
7.325238286464690052e-02
8.221521872308102941e-01
8.221521872308102941e-01
7.427458848074806885e-02
7.427458848074806885e-02
4.349208546860200419e-02
4.349208546860200419e-02
3.975027413307880009e-02
3.975027413307880009e-02
5.037064468731428102e-01
5.037064468731428102e-01
1.199999999999999956e+00
1.199999999999999956e+00
3.753505141110581866e-01
3.753505141110581866e-01
1.199999999999999956e+00
1.199999999999999956e+00
5.431363366834635054e-01
5.431363366834635054e-01
2.744152662604943393e-01
2.744152662604943393e-01
5.183026224527941261e-01
5.183026224527941261e-01
8.871356294044487889e-01
8.871356294044487889e-01
5.295443278892802974e-01
5.295443278892802974e-01
1.199999999999999956e+00
1.199999999999999956e+00
3.723271939903869399e-01
3.723271939903869399e-01
4.412637071447478299e-01
4.412637071447478299e-01
1.815457482126746347e-01
1.815457482126746347e-01
2.338235485612756848e-01
2.338235485612756848e-01
6.796889463620901795e-02
6.796889463620901795e-02
1.872632111373139507e-01
1.872632111373139507e-01
3.818443848947537800e-02
3.818443848947537800e-02
1.199999999999999956e+00
1.199999999999999956e+00
1.044871383754587546e-01
1.044871383754587546e-01
1.594547618175903292e-01
1.594547618175903292e-01
2.995853637647150625e-01
2.995853637647150625e-01
3.169607616702148634e-01
3.169607616702148634e-01
1.199999999999999956e+00
1.199999999999999956e+00
1.178241878410023064e-01
1.178241878410023064e-01
8.993514864636889539e-02
8.993514864636889539e-02
9.876649120945701910e-02
9.876649120945701910e-02
2.650848039215737417e-01
2.650848039215737417e-01
6.568510818231680648e-02
6.568510818231680648e-02
1.199999999999999956e+00
1.199999999999999956e+00
1.199999999999999956e+00
1.199999999999999956e+00
1.572184128603355824e-01
1.572184128603355824e-01
3.772654947055621988e-01
3.772654947055621988e-01
4.512390451359133033e-03
4.512390451359133033e-03
3.237537653702780016e-01
3.237537653702780016e-01
6.430583345854530286e-01
6.430583345854530286e-01
1.199999999999999956e+00
1.199999999999999956e+00
1.199999999999999956e+00
1.199999999999999956e+00
4.646343042659542011e-01
4.646343042659542011e-01
1.371325310508314244e-01
1.371325310508314244e-01
2.069538383937841730e-01
2.069538383937841730e-01
1.951386348144684979e-01
1.951386348144684979e-01
1.199999999999999956e+00
1.199999999999999956e+00
1.199999999999999956e+00
1.199999999999999956e+00
1.199999999999999956e+00
1.199999999999999956e+00
3.172540117403617743e-01
3.172540117403617743e-01
9.829201122385777811e-01
9.829201122385777811e-01
1.199999999999999956e+00
1.199999999999999956e+00
5.172907143299365629e-01
5.172907143299365629e-01
4.075505454015452833e-01
4.075505454015452833e-01
2.589416661767324906e-02
2.589416661767324906e-02
7.627149252619923846e-03
7.627149252619923846e-03
5.654806528641764807e-01
5.654806528641764807e-01
7.225923008954915350e-01
7.225923008954915350e-01
2.458891255919121444e-01
2.458891255919121444e-01
5.920964959568845165e-01
5.920964959568845165e-01
1.199999999999999956e+00
1.199999999999999956e+00
1.971564351079434507e-01
1.971564351079434507e-01
4.883197668834284716e-02
4.883197668834284716e-02
2.419946829281951206e-01
2.419946829281951206e-01
6.226350870648158509e-01
6.226350870648158509e-01
2.323551297157655515e-01
2.323551297157655515e-01
1.222492564224169319e-02
1.222492564224169319e-02
1.394102608883371341e-02
1.394102608883371341e-02
1.083921352840876012e-01
1.083921352840876012e-01
3.947419337735076361e-01
3.947419337735076361e-01
9.007570875469023131e-02
9.007570875469023131e-02
2.724237817723995092e-01
2.724237817723995092e-01
6.336871895647457897e-01
6.336871895647457897e-01
2.448572306966321221e-01
2.448572306966321221e-01
1.539201496052628459e-01
1.539201496052628459e-01
3.915519411719236009e-01
3.915519411719236009e-01
4.477666185189827508e-01
4.477666185189827508e-01
1.199999999999999956e+00
1.199999999999999956e+00
1.199999999999999956e+00
1.199999999999999956e+00
1.199999999999999956e+00
1.199999999999999956e+00
3.798362364530703528e-01
3.798362364530703528e-01
1.199999999999999956e+00
1.199999999999999956e+00
1.199999999999999956e+00
1.199999999999999956e+00
4.165966457972357095e-01
4.165966457972357095e-01
1.199999999999999956e+00
1.199999999999999956e+00
5.137632409286148061e-01
5.137632409286148061e-01
4.194136506777597084e-01
4.194136506777597084e-01
1.406841152851935894e-01
1.406841152851935894e-01
1.337211909219163108e-01
1.337211909219163108e-01
2.007838842956328335e-02
2.007838842956328335e-02
2.535001288068843284e-01
2.535001288068843284e-01
4.752008444443016066e-01
4.752008444443016066e-01
2.831210078587320100e-01
2.831210078587320100e-01
1.509880791268827793e-01
1.509880791268827793e-01
7.966253961586516885e-02
7.966253961586516885e-02
2.865052058756314413e-01
2.865052058756314413e-01
6.195586797959416053e-02
6.195586797959416053e-02
3.264669588660260580e-01
3.264669588660260580e-01
8.270902385223780073e-03
8.270902385223780073e-03
1.120738398701625477e-02
1.120738398701625477e-02
8.540607377902172115e-02
8.540607377902172115e-02
6.867452745542816650e-02
6.867452745542816650e-02
7.803619738294558239e-01
7.803619738294558239e-01
1.688891923247554105e-01
1.688891923247554105e-01
1.488000319330013699e-01
1.488000319330013699e-01
7.084564071715575284e-02
7.084564071715575284e-02
2.496998278080684447e-02
2.496998278080684447e-02
1.199999999999999956e+00
1.199999999999999956e+00
4.444399934515164824e-02
4.444399934515164824e-02
3.929507664981351373e-02
3.929507664981351373e-02
4.544738183584677294e-01
4.544738183584677294e-01
4.260979746962042514e-01
4.260979746962042514e-01
1.199999999999999956e+00
1.199999999999999956e+00
2.379717484790772053e-01
2.379717484790772053e-01
6.989475201055290743e-01
6.989475201055290743e-01
6.393415386854535143e-01
6.393415386854535143e-01
7.745833553300705832e-02
7.745833553300705832e-02
1.979519233707550119e-01
1.979519233707550119e-01
4.557092097631598553e-03
4.557092097631598553e-03
8.965109354751714665e-01
8.965109354751714665e-01
2.826647664604454713e-01
2.826647664604454713e-01
1.199999999999999956e+00
1.199999999999999956e+00
6.986848771731345165e-02
6.986848771731345165e-02
2.112421486513937907e-01
2.112421486513937907e-01
9.319803085843624268e-01
9.319803085843624268e-01
1.900125249872597344e-01
1.900125249872597344e-01
1.199999999999999956e+00
1.199999999999999956e+00
1.199999999999999956e+00
1.199999999999999956e+00
4.122493718085956660e-01
4.122493718085956660e-01
1.720472272744199768e-02
1.720472272744199768e-02
3.317793821753095007e-01
3.317793821753095007e-01
4.647545184939321228e-01
4.647545184939321228e-01
1.199999999999999956e+00
1.199999999999999956e+00
1.380677286886201893e-01
1.380677286886201893e-01
7.450524191193751145e-02
7.450524191193751145e-02
3.066399979369725526e-01
3.066399979369725526e-01
2.411208508197390868e-02
2.411208508197390868e-02
8.452653164488754811e-02
8.452653164488754811e-02
1.668769121771889741e-01
1.668769121771889741e-01
1.199999999999999956e+00
1.199999999999999956e+00
1.829103842292746987e-02
1.829103842292746987e-02
1.904266317293476507e-02
1.904266317293476507e-02
1.199999999999999956e+00
1.199999999999999956e+00
1.433371254487957047e-01
1.433371254487957047e-01
5.645796793991436635e-02
5.645796793991436635e-02
4.710928977427185638e-01
4.710928977427185638e-01
3.732359921496377630e-01
3.732359921496377630e-01
1.975670624866343039e-01
1.975670624866343039e-01
2.823641676597496430e-01
2.823641676597496430e-01
1.259492322955650667e-02
1.259492322955650667e-02
3.640523840562799873e-01
3.640523840562799873e-01
1.292857243282036911e-02
1.292857243282036911e-02
4.286289071983818283e-02
4.286289071983818283e-02
5.251240127691326753e-01
5.251240127691326753e-01
4.467044506216606425e-01
4.467044506216606425e-01
1.688332555815357655e-02
1.688332555815357655e-02
1.053839142418953712e+00
1.053839142418953712e+00
1.199999999999999956e+00
1.199999999999999956e+00
2.160018340671956139e-01
2.160018340671956139e-01
3.670842334455968192e-01
3.670842334455968192e-01
9.440913875464798655e-02
9.440913875464798655e-02
2.564295767595592968e-01
2.564295767595592968e-01
4.183788217220087979e-01
4.183788217220087979e-01
3.130611564592463147e-01
3.130611564592463147e-01
2.501004329018644695e-02
2.501004329018644695e-02
3.628952356675527735e-01
3.628952356675527735e-01
1.199999999999999956e+00
1.199999999999999956e+00
1.199999999999999956e+00
1.199999999999999956e+00
6.416530232475582407e-01
6.416530232475582407e-01
2.212420780243040674e-02
2.212420780243040674e-02
4.714400712447009423e-01
4.714400712447009423e-01
1.199999999999999956e+00
1.199999999999999956e+00
1.199999999999999956e+00
1.199999999999999956e+00
2.343285049256349853e-02
2.343285049256349853e-02
3.430945699242105018e-02
3.430945699242105018e-02
4.203197063861148774e-01
4.203197063861148774e-01
1.199999999999999956e+00
1.199999999999999956e+00
1.086634251222753228e-01
1.086634251222753228e-01
2.779701876406867611e-01
2.779701876406867611e-01
2.186561121474478731e-01
2.186561121474478731e-01
2.218664756634399216e-01
2.218664756634399216e-01
2.285038183734915962e-01
2.285038183734915962e-01
1.199999999999999956e+00
1.199999999999999956e+00
1.206375727104117002e-01
1.206375727104117002e-01
1.199999999999999956e+00
1.199999999999999956e+00
3.042776249291428634e-02
3.042776249291428634e-02
2.993860492890512148e-01
2.993860492890512148e-01
3.524709788937252508e-02
3.524709788937252508e-02
5.994239560477154782e-02
5.994239560477154782e-02
2.830425280098575191e-01
2.830425280098575191e-01
2.085411493678578781e-02
2.085411493678578781e-02
1.199999999999999956e+00
1.199999999999999956e+00
8.931559959692830786e-02
8.931559959692830786e-02
4.956895994459676880e-01
4.956895994459676880e-01
1.199999999999999956e+00
1.199999999999999956e+00
1.574452126079624592e-01
1.574452126079624592e-01
1.102337983829862617e-01
1.102337983829862617e-01
5.189607488305444383e-01
5.189607488305444383e-01
1.199999999999999956e+00
1.199999999999999956e+00
2.757856366847901142e-01
2.757856366847901142e-01
7.772914259810560778e-02
7.772914259810560778e-02
1.199999999999999956e+00
1.199999999999999956e+00
1.199999999999999956e+00
1.199999999999999956e+00
5.690799799427745213e-03
5.690799799427745213e-03
3.079227330294682097e-01
3.079227330294682097e-01
1.533524726812806604e-01
1.533524726812806604e-01
3.969852781977511458e-01
3.969852781977511458e-01
1.199999999999999956e+00
1.199999999999999956e+00
1.199999999999999956e+00
1.199999999999999956e+00
4.402627095042384586e-01
4.402627095042384586e-01
3.282917489250452431e-02
3.282917489250452431e-02
3.001942735183885103e-01
3.001942735183885103e-01
5.035805706720072883e-02
5.035805706720072883e-02
2.403914813388303706e-01
2.403914813388303706e-01
4.760718012686528389e-01
4.760718012686528389e-01
1.199999999999999956e+00
1.199999999999999956e+00
2.186965870639190346e-01
2.186965870639190346e-01
2.298165331044853821e-01
2.298165331044853821e-01
2.705161056209749448e-01
2.705161056209749448e-01
2.315558090714154305e-01
2.315558090714154305e-01
2.781312937506959584e-02
2.781312937506959584e-02
5.945616888775632006e-03
5.945616888775632006e-03
6.259655549119634566e-02
6.259655549119634566e-02
1.117621931481028730e-01
1.117621931481028730e-01
2.291369880869034356e-02
2.291369880869034356e-02
3.960131626708357500e-01
3.960131626708357500e-01
2.920926564932198599e-01
2.920926564932198599e-01
2.648630248149136945e-01
2.648630248149136945e-01
3.368132747736193311e-01
3.368132747736193311e-01
5.215179224699392213e-01
5.215179224699392213e-01
4.191570363706162983e-01
4.191570363706162983e-01
1.616412080060637690e-01
1.616412080060637690e-01
2.025859262670060557e-01
2.025859262670060557e-01
1.199999999999999956e+00
1.199999999999999956e+00
1.615532874297651023e-01
1.615532874297651023e-01
8.824505038694910319e-02
8.824505038694910319e-02
1.199999999999999956e+00
1.199999999999999956e+00
3.655719446225289548e-01
3.655719446225289548e-01
6.077107174041254667e-02
6.077107174041254667e-02
3.761363938253147743e-01
3.761363938253147743e-01
1.199999999999999956e+00
1.199999999999999956e+00
1.061271229894469759e+00
1.061271229894469759e+00
3.835529381050909459e-01
3.835529381050909459e-01
1.186625177477978188e-01
1.186625177477978188e-01
1.424484828550034721e-01
1.424484828550034721e-01
1.547478548880397708e-01
1.547478548880397708e-01
5.833433479058320881e-01
5.833433479058320881e-01
3.549873938639914184e-01
3.549873938639914184e-01
5.078421158996779955e-02
5.078421158996779955e-02
2.687733302401507096e-01
2.687733302401507096e-01
1.142180012133671430e-01
1.142180012133671430e-01
1.293957882720857960e-02
1.293957882720857960e-02
1.402852776345342167e-01
1.402852776345342167e-01
1.199999999999999956e+00
1.199999999999999956e+00
4.180557080030641512e-03
4.180557080030641512e-03
4.324277712725933809e-02
4.324277712725933809e-02
1.874735489724442261e-01
1.874735489724442261e-01
1.199999999999999956e+00
1.199999999999999956e+00
6.641957462315867255e-01
6.641957462315867255e-01
1.199999999999999956e+00
1.199999999999999956e+00
1.192306450108292504e-01
1.192306450108292504e-01
1.279788403530993657e-01
1.279788403530993657e-01
3.661042907579899197e-02
3.661042907579899197e-02
6.325229400258089614e-03
6.325229400258089614e-03
3.217145400943959288e-01
3.217145400943959288e-01
2.029989074503082414e-01
2.029989074503082414e-01
6.893202850651961033e-02
6.893202850651961033e-02
1.199999999999999956e+00
1.199999999999999956e+00
1.294944362317560216e-01
1.294944362317560216e-01
4.767487234731943024e-02
4.767487234731943024e-02
7.238025070114141590e-02
7.238025070114141590e-02
3.916305857473341145e-01
3.916305857473341145e-01
4.781601384080230027e-02
4.781601384080230027e-02
1.657734595862964122e-01
1.657734595862964122e-01
2.168521742352726989e-01
2.168521742352726989e-01
1.254655286608791775e-01
1.254655286608791775e-01
9.697920007088678407e-02
9.697920007088678407e-02
2.061133382792132984e-01
2.061133382792132984e-01
1.199999999999999956e+00
1.199999999999999956e+00
6.831321613106593194e-02
6.831321613106593194e-02
1.483899153621488498e-01
1.483899153621488498e-01
4.698405133654761645e-01
4.698405133654761645e-01
6.373175259377553137e-02
6.373175259377553137e-02
3.037877039910222843e-01
3.037877039910222843e-01
2.140040995762459985e-01
2.140040995762459985e-01
4.371103389037038212e-01
4.371103389037038212e-01
1.946233432407684649e-01
1.946233432407684649e-01
1.199630681599565124e-02
1.199630681599565124e-02
1.694628847646918457e-01
1.694628847646918457e-01
2.855453503357369138e-01
2.855453503357369138e-01
3.329911498987152274e-02
3.329911498987152274e-02
1.756117266590322135e-01
1.756117266590322135e-01
1.378525972340764218e-02
1.378525972340764218e-02
7.818153200817048315e-03
7.818153200817048315e-03
6.518688387479824875e-02
6.518688387479824875e-02
7.417928266990911901e-01
7.417928266990911901e-01
1.199999999999999956e+00
1.199999999999999956e+00
3.544453438579286964e-02
3.544453438579286964e-02
5.086689512047851830e-02
5.086689512047851830e-02
2.143331329319160816e-01
2.143331329319160816e-01
5.453032557215584109e-02
5.453032557215584109e-02
7.456540532274262556e-02
7.456540532274262556e-02
3.118090605551626301e-02
3.118090605551626301e-02
1.199999999999999956e+00
1.199999999999999956e+00
1.730981972032831842e-02
1.730981972032831842e-02
3.538180196154242646e-02
3.538180196154242646e-02
4.093355650930178280e-01
4.093355650930178280e-01
2.855202224782189546e-01
2.855202224782189546e-01
1.145059606818844111e+00
1.145059606818844111e+00
1.736925113352313088e-01
1.736925113352313088e-01
2.799913992244832950e-01
2.799913992244832950e-01
1.510327754855269045e-01
1.510327754855269045e-01
1.199999999999999956e+00
1.199999999999999956e+00
1.199999999999999956e+00
1.199999999999999956e+00
1.199999999999999956e+00
1.199999999999999956e+00
1.199999999999999956e+00
1.199999999999999956e+00
2.644113041673695763e-02
2.644113041673695763e-02
8.172285206876506169e-02
8.172285206876506169e-02
2.051815171411520977e-01
2.051815171411520977e-01
3.887410672521844912e-01
3.887410672521844912e-01
1.199999999999999956e+00
1.199999999999999956e+00
4.155312957935177187e-01
4.155312957935177187e-01
4.306532267106448209e-01
4.306532267106448209e-01
