1.199999999999999956e+00
1.199999999999999956e+00
1.228890264101529239e-01
1.228890264101529239e-01
2.638409638600013873e-01
2.638409638600013873e-01
1.420658934573910959e-02
1.420658934573910959e-02
1.199999999999999956e+00
1.199999999999999956e+00
1.199999999999999956e+00
1.199999999999999956e+00
5.255086307735010176e-02
5.255086307735010176e-02
1.864178969690799548e-01
1.864178969690799548e-01
1.199999999999999956e+00
1.199999999999999956e+00
3.124848441585577064e-01
3.124848441585577064e-01
1.777173194897571640e-01
1.777173194897571640e-01
5.156497360513243727e-02
5.156497360513243727e-02
1.600523325133632602e-01
1.600523325133632602e-01
5.133543780074734109e-02
5.133543780074734109e-02
5.662932824752427985e-01
5.662932824752427985e-01
2.262244528254588050e-01
2.262244528254588050e-01
3.809263127576170138e-01
3.809263127576170138e-01
1.506627828031806837e-01
1.506627828031806837e-01
8.812404294311133590e-01
8.812404294311133590e-01
1.199999999999999956e+00
1.199999999999999956e+00
4.142168645991355369e-01
4.142168645991355369e-01
1.553024012654934394e-01
1.553024012654934394e-01
8.206979468295205749e-02
8.206979468295205749e-02
6.805670817315769838e-01
6.805670817315769838e-01
1.199999999999999956e+00
1.199999999999999956e+00
7.361921597244606152e-01
7.361921597244606152e-01
1.199999999999999956e+00
1.199999999999999956e+00
3.443086393166984172e-01
3.443086393166984172e-01
3.987225165612602318e-01
3.987225165612602318e-01
1.199999999999999956e+00
1.199999999999999956e+00
2.144893328350235273e-01
2.144893328350235273e-01
5.032569940147647858e-02
5.032569940147647858e-02
1.199999999999999956e+00
1.199999999999999956e+00
1.199999999999999956e+00
1.199999999999999956e+00
2.373097858114671110e-01
2.373097858114671110e-01
7.016810341050315480e-02
7.016810341050315480e-02
1.375449379774749958e-01
1.375449379774749958e-01
5.492416934885907542e-01
5.492416934885907542e-01
1.775195416037280705e-01
1.775195416037280705e-01
3.810079899193336561e-01
3.810079899193336561e-01
1.199999999999999956e+00
1.199999999999999956e+00
1.133921392464635469e-01
1.133921392464635469e-01
9.050882460321435161e-04
9.050882460321435161e-04
1.199999999999999956e+00
1.199999999999999956e+00
1.958613820547297768e-01
1.958613820547297768e-01
1.199999999999999956e+00
1.199999999999999956e+00
2.822151538035310714e-01
2.822151538035310714e-01
1.199999999999999956e+00
1.199999999999999956e+00
1.199999999999999956e+00
1.199999999999999956e+00
4.522659520952008183e-01
4.522659520952008183e-01
3.078085935431907338e-01
3.078085935431907338e-01
3.340807629188161099e-01
3.340807629188161099e-01
4.322418721577566680e-01
4.322418721577566680e-01
6.436709301580914588e-02
6.436709301580914588e-02
1.199999999999999956e+00
1.199999999999999956e+00
5.679138662448824926e-01
5.679138662448824926e-01
9.083803628163561461e-02
9.083803628163561461e-02
1.199999999999999956e+00
1.199999999999999956e+00
6.924051995452241703e-01
6.924051995452241703e-01
4.885675936955194421e-01
4.885675936955194421e-01
8.017489808484473679e-01
8.017489808484473679e-01
1.199999999999999956e+00
1.199999999999999956e+00
7.337378026402943676e-02
7.337378026402943676e-02
2.836050267382543288e-01
2.836050267382543288e-01
5.894663824872835578e-01
5.894663824872835578e-01
5.990653891869273107e-01
5.990653891869273107e-01
3.979918903562746912e-01
3.979918903562746912e-01
6.644578970343999469e-01
6.644578970343999469e-01
1.191720938413058303e-02
1.191720938413058303e-02
1.328933205591434352e-01
1.328933205591434352e-01
5.296295540224672527e-01
5.296295540224672527e-01
5.743427544232716508e-01
5.743427544232716508e-01
1.902878253198581060e-01
1.902878253198581060e-01
4.410895295019845452e-01
4.410895295019845452e-01
6.321333112469275373e-02
6.321333112469275373e-02
2.997623081598254635e-01
2.997623081598254635e-01
5.978086790547892243e-02
5.978086790547892243e-02
2.823670798943809235e-01
2.823670798943809235e-01
5.126258631354844164e-01
5.126258631354844164e-01
1.931568429084153382e-01
1.931568429084153382e-01
5.784791791350418766e-01
5.784791791350418766e-01
5.223520939209980174e-01
5.223520939209980174e-01
7.351344276243738929e-02
7.351344276243738929e-02
5.100561577739666508e-02
5.100561577739666508e-02
5.676083273220822178e-01
5.676083273220822178e-01
6.050781725349595880e-02
6.050781725349595880e-02
1.199999999999999956e+00
1.199999999999999956e+00
2.577465444757469082e-01
2.577465444757469082e-01
4.893503485808798903e-01
4.893503485808798903e-01
3.131683546321682443e-01
3.131683546321682443e-01
2.759073369524334129e-01
2.759073369524334129e-01
1.199999999999999956e+00
1.199999999999999956e+00
1.199999999999999956e+00
1.199999999999999956e+00
2.118641541070320766e-01
2.118641541070320766e-01
3.015033746283507510e-01
3.015033746283507510e-01
1.199999999999999956e+00
1.199999999999999956e+00
3.616816495054817060e-01
3.616816495054817060e-01
2.210732405813304047e-01
2.210732405813304047e-01
5.866034291498127828e-01
5.866034291498127828e-01
2.286815732251052669e-01
2.286815732251052669e-01
2.699670665757087917e-01
2.699670665757087917e-01
5.137301748216385189e-01
5.137301748216385189e-01
3.854008519773550745e-01
3.854008519773550745e-01
1.347021460063172749e-01
1.347021460063172749e-01
1.453723231923798043e-01
1.453723231923798043e-01
1.017622982110557434e-02
1.017622982110557434e-02
3.589972777069709853e-01
3.589972777069709853e-01
1.309193017319307609e-02
1.309193017319307609e-02
3.010001461804291401e-01
3.010001461804291401e-01
1.155872203607872239e-01
1.155872203607872239e-01
1.419644231384362687e-01
1.419644231384362687e-01
1.199999999999999956e+00
1.199999999999999956e+00
1.199999999999999956e+00
1.199999999999999956e+00
1.199999999999999956e+00
1.199999999999999956e+00
6.552755397894707290e-01
6.552755397894707290e-01
4.005436939348614445e-01
4.005436939348614445e-01
1.368457586191915432e-01
1.368457586191915432e-01
9.927655602243645738e-02
9.927655602243645738e-02
1.199999999999999956e+00
1.199999999999999956e+00
1.601102322502210296e-01
1.601102322502210296e-01
1.199999999999999956e+00
1.199999999999999956e+00
1.199999999999999956e+00
1.199999999999999956e+00
5.029019530675460370e-01
5.029019530675460370e-01
1.095282513395656326e-01
1.095282513395656326e-01
2.688547949992363129e-01
2.688547949992363129e-01
3.717491284192643297e-01
3.717491284192643297e-01
3.653952615131801362e-01
3.653952615131801362e-01
1.199999999999999956e+00
1.199999999999999956e+00
2.774383475883598904e-01
2.774383475883598904e-01
1.199999999999999956e+00
1.199999999999999956e+00
6.018590839333686215e-01
6.018590839333686215e-01
1.199999999999999956e+00
1.199999999999999956e+00
1.199999999999999956e+00
1.199999999999999956e+00
3.963284960724227091e-01
3.963284960724227091e-01
1.199999999999999956e+00
1.199999999999999956e+00
1.199999999999999956e+00
1.199999999999999956e+00
6.386065898237150984e-01
6.386065898237150984e-01
1.996508157111151135e-02
1.996508157111151135e-02
5.487466613199170062e-01
5.487466613199170062e-01
4.173121723189530119e-01
4.173121723189530119e-01
6.151877166938300896e-03
6.151877166938300896e-03
7.492829252715553778e-01
7.492829252715553778e-01
2.737794777537868596e-01
2.737794777537868596e-01
1.018539175671118735e-01
1.018539175671118735e-01
3.289796505069948473e-01
3.289796505069948473e-01
2.364447813236376650e-01
2.364447813236376650e-01
1.918452308385412697e-01
1.918452308385412697e-01
4.123328979234175407e-01
4.123328979234175407e-01
1.199999999999999956e+00
1.199999999999999956e+00
1.199999999999999956e+00
1.199999999999999956e+00
1.571057132881806262e-01
1.571057132881806262e-01
1.199999999999999956e+00
1.199999999999999956e+00
4.286517582959598061e-01
4.286517582959598061e-01
5.530991474737759900e-02
5.530991474737759900e-02
1.049036617599930166e+00
1.049036617599930166e+00
8.120509881149495790e-02
8.120509881149495790e-02
8.044389591278822138e-02
8.044389591278822138e-02
1.157309236911346351e-01
1.157309236911346351e-01
3.954128948431946677e-02
3.954128948431946677e-02
5.372566193188145212e-01
5.372566193188145212e-01
8.731509560260074243e-02
8.731509560260074243e-02
4.729970273940161118e-01
4.729970273940161118e-01
2.943276924734454236e-01
2.943276924734454236e-01
1.420631712415821313e-01
1.420631712415821313e-01
1.891217001883846172e-01
1.891217001883846172e-01
1.199999999999999956e+00
1.199999999999999956e+00
5.689219970018360995e-01
5.689219970018360995e-01
2.519939244196131023e-01
2.519939244196131023e-01
5.059520827803303256e-01
5.059520827803303256e-01
6.401098380044234482e-01
6.401098380044234482e-01
1.532067511481754463e-01
1.532067511481754463e-01
3.247015337407994223e-02
3.247015337407994223e-02
1.199999999999999956e+00
1.199999999999999956e+00
2.448895842947458878e-01
2.448895842947458878e-01
1.055171947262139587e-01
1.055171947262139587e-01
1.199999999999999956e+00
1.199999999999999956e+00
1.199999999999999956e+00
1.199999999999999956e+00
7.034105990086760019e-02
7.034105990086760019e-02
8.081803769643944313e-02
8.081803769643944313e-02
2.218184045785703273e-01
2.218184045785703273e-01
2.921124207693582830e-01
2.921124207693582830e-01
6.111611311166615934e-01
6.111611311166615934e-01
1.144243832914721148e-01
1.144243832914721148e-01
1.199999999999999956e+00
1.199999999999999956e+00
3.063467639360030192e-01
3.063467639360030192e-01
6.626883649858548997e-02
6.626883649858548997e-02
1.529107294579644949e-01
1.529107294579644949e-01
1.199999999999999956e+00
1.199999999999999956e+00
3.806532502988702049e-01
3.806532502988702049e-01
1.390045090667877681e-01
1.390045090667877681e-01
9.994818777130638765e-02
9.994818777130638765e-02
5.347650504641617009e-02
5.347650504641617009e-02
6.448488818989384606e-03
6.448488818989384606e-03
1.199999999999999956e+00
1.199999999999999956e+00
1.199999999999999956e+00
1.199999999999999956e+00
4.494246960531436130e-01
4.494246960531436130e-01
1.199999999999999956e+00
1.199999999999999956e+00
1.199999999999999956e+00
1.199999999999999956e+00
1.020148440447646715e-01
1.020148440447646715e-01
4.531378889224456086e-01
4.531378889224456086e-01
2.802887141521936409e-01
2.802887141521936409e-01
2.181362351479419481e-01
2.181362351479419481e-01
1.199999999999999956e+00
1.199999999999999956e+00
1.199999999999999956e+00
1.199999999999999956e+00
8.587805675299743646e-02
8.587805675299743646e-02
1.199999999999999956e+00
1.199999999999999956e+00
1.468321414018440574e-01
1.468321414018440574e-01
4.215015083544512153e-01
4.215015083544512153e-01
3.453176613323807320e-01
3.453176613323807320e-01
4.320298334976639953e-01
4.320298334976639953e-01
6.767096127580902731e-01
6.767096127580902731e-01
1.199999999999999956e+00
1.199999999999999956e+00
1.447310859407742178e-01
1.447310859407742178e-01
2.294102757286712591e-01
2.294102757286712591e-01
3.348272961082967430e-02
3.348272961082967430e-02
1.581789913889198873e-01
1.581789913889198873e-01
1.058276560052915927e-01
1.058276560052915927e-01
8.970293048126277979e-02
8.970293048126277979e-02
1.199999999999999956e+00
1.199999999999999956e+00
8.021898546409231626e-03
8.021898546409231626e-03
1.199999999999999956e+00
1.199999999999999956e+00
7.066588230988175567e-01
7.066588230988175567e-01
4.057850227448882574e-01
4.057850227448882574e-01
7.235462931252124863e-02
7.235462931252124863e-02
4.472697450488205551e-01
4.472697450488205551e-01
9.692114445789856703e-02
9.692114445789856703e-02
3.381975967279655659e-01
3.381975967279655659e-01
4.227546167666436094e-01
4.227546167666436094e-01
1.199999999999999956e+00
1.199999999999999956e+00
8.056645559090672148e-02
8.056645559090672148e-02
4.826332088739948567e-01
4.826332088739948567e-01
1.652741841513435117e-01
1.652741841513435117e-01
1.372692083729465107e-01
1.372692083729465107e-01
6.663184522395770859e-02
6.663184522395770859e-02
1.199999999999999956e+00
1.199999999999999956e+00
1.314039002481636742e-01
1.314039002481636742e-01
3.966143235273809076e-01
3.966143235273809076e-01
5.959120020935867457e-01
5.959120020935867457e-01
2.176711016650332842e-01
2.176711016650332842e-01
1.026230693851706843e-01
1.026230693851706843e-01
1.879141114902787846e-01
1.879141114902787846e-01
2.381007081762382682e-01
2.381007081762382682e-01
1.199999999999999956e+00
1.199999999999999956e+00
3.965683699292735787e-01
3.965683699292735787e-01
2.232182962226462175e-01
2.232182962226462175e-01
1.291795196043093730e-01
1.291795196043093730e-01
6.546044374055021153e-02
6.546044374055021153e-02
1.199999999999999956e+00
1.199999999999999956e+00
1.199999999999999956e+00
1.199999999999999956e+00
1.033239681762396639e-01
1.033239681762396639e-01
2.570693653207011820e-01
2.570693653207011820e-01
8.042952723225372802e-01
8.042952723225372802e-01
4.187868787916003699e-01
4.187868787916003699e-01
1.502399210561255749e-01
1.502399210561255749e-01
4.786181587746254351e-01
4.786181587746254351e-01
5.764390765131427452e-01
5.764390765131427452e-01
9.553696918932358395e-02
9.553696918932358395e-02
1.612155813740963062e-01
1.612155813740963062e-01
1.199999999999999956e+00
1.199999999999999956e+00
5.844981287411319393e-01
5.844981287411319393e-01
3.720073402036094129e-02
3.720073402036094129e-02
2.385067418409926587e-01
2.385067418409926587e-01
4.912861138801440930e-01
4.912861138801440930e-01
6.791336788997948126e-01
6.791336788997948126e-01
3.890234876329563135e-02
3.890234876329563135e-02
4.652420995446764351e-01
4.652420995446764351e-01
5.210652932992632103e-01
5.210652932992632103e-01
1.199999999999999956e+00
1.199999999999999956e+00
2.951927288397708515e-03
2.951927288397708515e-03
1.437488452201055866e-01
1.437488452201055866e-01
3.483070645270180399e-01
3.483070645270180399e-01
1.199999999999999956e+00
1.199999999999999956e+00
5.268789782966559754e-01
5.268789782966559754e-01
2.635202791337482031e-01
2.635202791337482031e-01
7.506769132575187575e-02
7.506769132575187575e-02
4.184678380361098876e-02
4.184678380361098876e-02
1.199999999999999956e+00
1.199999999999999956e+00
1.804735643048466509e-01
1.804735643048466509e-01
2.843675423592797458e-01
2.843675423592797458e-01
3.511760144434690201e-01
3.511760144434690201e-01
1.224412791330835824e-02
1.224412791330835824e-02
5.663729951554117292e-01
5.663729951554117292e-01
1.232413762104271338e-01
1.232413762104271338e-01
1.199999999999999956e+00
1.199999999999999956e+00
1.199999999999999956e+00
1.199999999999999956e+00
2.302603954627243169e-02
2.302603954627243169e-02
4.875748219508866388e-01
4.875748219508866388e-01
4.165258271800182932e-01
4.165258271800182932e-01
6.465837353955716793e-01
6.465837353955716793e-01
2.980207478667655507e-02
2.980207478667655507e-02
3.301535032031423511e-01
3.301535032031423511e-01
3.292978448165177485e-01
3.292978448165177485e-01
2.803136459613413400e-01
2.803136459613413400e-01
4.223709567028018919e-01
4.223709567028018919e-01
4.432786227405585144e-01
4.432786227405585144e-01
1.199999999999999956e+00
1.199999999999999956e+00
4.789347583274649600e-01
4.789347583274649600e-01
1.199999999999999956e+00
1.199999999999999956e+00
5.696974014339173387e-01
5.696974014339173387e-01
5.303375534933252311e-01
5.303375534933252311e-01
3.910619814189468246e-01
3.910619814189468246e-01
3.253316167502056655e-01
3.253316167502056655e-01
7.345381987046887273e-01
7.345381987046887273e-01
2.071615993571029879e-01
2.071615993571029879e-01
5.629674289756567834e-02
5.629674289756567834e-02
2.769289158869932543e-01
2.769289158869932543e-01
1.196023538316920432e-01
1.196023538316920432e-01
1.199999999999999956e+00
1.199999999999999956e+00
1.199999999999999956e+00
1.199999999999999956e+00
2.786051332764796773e-01
2.786051332764796773e-01
4.821423360068788355e-01
4.821423360068788355e-01
5.510626902921986203e-02
5.510626902921986203e-02
1.199999999999999956e+00
1.199999999999999956e+00
8.816454790892960247e-01
8.816454790892960247e-01
7.630160138336576914e-01
7.630160138336576914e-01
1.057040655432505728e-02
1.057040655432505728e-02
1.199999999999999956e+00
1.199999999999999956e+00
1.199999999999999956e+00
1.199999999999999956e+00
1.199999999999999956e+00
1.199999999999999956e+00
1.573617750059300158e-01
1.573617750059300158e-01
3.504037572041970861e-01
3.504037572041970861e-01
2.054563880991067681e-01
2.054563880991067681e-01
4.046021377309461653e-01
4.046021377309461653e-01
1.265258490242431033e-01
1.265258490242431033e-01
1.254227446885015917e-01
1.254227446885015917e-01
1.843792236016470465e-01
1.843792236016470465e-01
6.925675796509600524e-01
6.925675796509600524e-01
1.199999999999999956e+00
1.199999999999999956e+00
1.199999999999999956e+00
1.199999999999999956e+00
5.336131746345785798e-01
5.336131746345785798e-01
2.176441913612348067e-01
2.176441913612348067e-01
3.530585520531587806e-01
3.530585520531587806e-01
1.199999999999999956e+00
1.199999999999999956e+00
3.567748314562206868e-01
3.567748314562206868e-01
2.113326469476988767e-01
2.113326469476988767e-01
4.934460022799026513e-01
4.934460022799026513e-01
2.200880736911064450e-01
2.200880736911064450e-01
1.199999999999999956e+00
1.199999999999999956e+00
3.027775647901919109e-01
3.027775647901919109e-01
3.786965282765481500e-01
3.786965282765481500e-01
7.628479891935704416e-01
7.628479891935704416e-01
9.468557500369206847e-01
9.468557500369206847e-01
1.199999999999999956e+00
1.199999999999999956e+00
1.074982225911856049e-01
1.074982225911856049e-01
1.199999999999999956e+00
1.199999999999999956e+00
5.435702194716440783e-02
5.435702194716440783e-02
1.115211905287123301e-01
1.115211905287123301e-01
1.336961954534725550e-01
1.336961954534725550e-01
1.199999999999999956e+00
1.199999999999999956e+00
2.284902504644668181e-02
2.284902504644668181e-02
2.448582256176230210e-01
2.448582256176230210e-01
1.199999999999999956e+00
1.199999999999999956e+00
3.680076128509059963e-01
3.680076128509059963e-01
5.569512224862122052e-02
5.569512224862122052e-02
1.199999999999999956e+00
1.199999999999999956e+00
2.682818362603421325e-01
2.682818362603421325e-01
4.336361069865677931e-01
4.336361069865677931e-01
9.580810895791466164e-01
9.580810895791466164e-01
2.258221510793771702e-01
2.258221510793771702e-01
5.171683436239810083e-01
5.171683436239810083e-01
1.431116111332617347e-01
1.431116111332617347e-01
3.576281216733855906e-01
3.576281216733855906e-01
1.199999999999999956e+00
1.199999999999999956e+00
4.347569367513731686e-01
4.347569367513731686e-01
1.199999999999999956e+00
1.199999999999999956e+00
3.328284449433761560e-01
3.328284449433761560e-01
1.199999999999999956e+00
1.199999999999999956e+00
3.664010876005447948e-01
3.664010876005447948e-01
6.396649717907865185e-01
6.396649717907865185e-01
1.199999999999999956e+00
1.199999999999999956e+00
1.199999999999999956e+00
1.199999999999999956e+00
5.777787421754274622e-01
5.777787421754274622e-01
2.101114015051647466e-01
2.101114015051647466e-01
3.330367627037192357e-01
3.330367627037192357e-01
8.629289026232084270e-02
8.629289026232084270e-02
6.479002228071928382e-01
6.479002228071928382e-01
4.069637038640282478e-01
4.069637038640282478e-01
1.872085162616632381e-01
1.872085162616632381e-01
6.278310800376600831e-01
6.278310800376600831e-01
4.475100769458292271e-01
4.475100769458292271e-01
4.811492099776760734e-01
4.811492099776760734e-01
4.282204703538494694e-01
4.282204703538494694e-01
5.387891264483510856e-01
5.387891264483510856e-01
5.300933163493837252e-01
5.300933163493837252e-01
1.860517066225504945e-01
1.860517066225504945e-01
3.492095905787247490e-01
3.492095905787247490e-01
2.634321441370231498e-01
2.634321441370231498e-01
1.964293588424438630e-01
1.964293588424438630e-01
5.702670149540084443e-01
5.702670149540084443e-01
1.199999999999999956e+00
1.199999999999999956e+00
1.568001223249489706e-01
1.568001223249489706e-01
5.517042303230340616e-01
5.517042303230340616e-01
2.546957552400869740e-01
2.546957552400869740e-01
4.023253207049558577e-01
4.023253207049558577e-01
6.214384469545543022e-01
6.214384469545543022e-01
4.555211039042994514e-02
4.555211039042994514e-02
1.199999999999999956e+00
1.199999999999999956e+00
2.925792875960221973e-01
2.925792875960221973e-01
7.571160940718922872e-01
7.571160940718922872e-01
1.523456487991150521e-01
1.523456487991150521e-01
1.199999999999999956e+00
1.199999999999999956e+00
2.146143945288284116e-01
2.146143945288284116e-01
3.820694002700268377e-01
3.820694002700268377e-01
4.384413114900851949e-01
4.384413114900851949e-01
2.485692369550670036e-02
2.485692369550670036e-02
2.306075381023213466e-01
2.306075381023213466e-01
1.512491007276149380e-01
1.512491007276149380e-01
4.563773700564567881e-01
4.563773700564567881e-01
2.047439775429253650e-01
2.047439775429253650e-01
1.292739460827471154e-01
1.292739460827471154e-01
1.926541196642180542e-01
1.926541196642180542e-01
5.639525440106754051e-01
5.639525440106754051e-01
1.199999999999999956e+00
1.199999999999999956e+00
1.817044207483510809e-01
1.817044207483510809e-01
1.199999999999999956e+00
1.199999999999999956e+00
1.149332725006856210e-01
1.149332725006856210e-01
8.335063463387161475e-02
8.335063463387161475e-02
6.578321666992395511e-02
6.578321666992395511e-02
5.832595036947915146e-01
5.832595036947915146e-01
4.330398682751339379e-02
4.330398682751339379e-02
1.986810145212248857e-01
1.986810145212248857e-01
1.199999999999999956e+00
1.199999999999999956e+00
3.814703425477011245e-01
3.814703425477011245e-01
5.456266278836167244e-02
5.456266278836167244e-02
4.257567071425244487e-01
4.257567071425244487e-01
2.827343479831315176e-02
2.827343479831315176e-02
5.058636894939507744e-01
5.058636894939507744e-01
3.929909277420404190e-02
3.929909277420404190e-02
6.377200109998368838e-01
6.377200109998368838e-01
4.057092242218041100e-01
4.057092242218041100e-01
6.608845932790891053e-02
6.608845932790891053e-02
1.050766676876824096e-01
1.050766676876824096e-01
1.978212248026466891e-01
1.978212248026466891e-01
2.016234725777165948e-01
2.016234725777165948e-01
5.409745618445341853e-01
5.409745618445341853e-01
1.199999999999999956e+00
1.199999999999999956e+00
1.199999999999999956e+00
1.199999999999999956e+00
1.807116060227346166e-01
1.807116060227346166e-01
6.022210163741474886e-01
6.022210163741474886e-01
1.199999999999999956e+00
1.199999999999999956e+00
1.199999999999999956e+00
1.199999999999999956e+00
1.741223157178826419e-01
1.741223157178826419e-01
3.155748224639033650e-02
3.155748224639033650e-02
1.878863034425748424e-01
1.878863034425748424e-01
1.262279688278405421e-01
1.262279688278405421e-01
3.932573776214854377e-01
3.932573776214854377e-01
1.199999999999999956e+00
1.199999999999999956e+00
8.796766584853388249e-02
8.796766584853388249e-02
6.772390377162347264e-01
6.772390377162347264e-01
1.802693708957947838e-01
1.802693708957947838e-01
3.220410366104598521e-01
3.220410366104598521e-01
7.050975275397212139e-01
7.050975275397212139e-01
2.224369567460368069e-01
2.224369567460368069e-01
6.347201845874660131e-02
6.347201845874660131e-02
8.692063063490315655e-02
8.692063063490315655e-02
3.749148624466426272e-01
3.749148624466426272e-01
8.258765783218996459e-02
8.258765783218996459e-02
3.974366784465051261e-02
3.974366784465051261e-02
4.794711958476052249e-01
4.794711958476052249e-01
1.142111601703502954e-01
1.142111601703502954e-01
2.062577118676922356e-03
2.062577118676922356e-03
3.233490711067648488e-02
3.233490711067648488e-02
9.458415366028554150e-01
9.458415366028554150e-01
2.148041187341616642e-01
2.148041187341616642e-01
3.610146759841365016e-01
3.610146759841365016e-01
3.139264241224762331e-01
3.139264241224762331e-01
1.064242298723112157e+00
1.064242298723112157e+00
2.301698409235123366e-01
2.301698409235123366e-01
1.199999999999999956e+00
1.199999999999999956e+00
9.109342131963701905e-02
9.109342131963701905e-02
1.166908463031193666e+00
1.166908463031193666e+00
1.199999999999999956e+00
1.199999999999999956e+00
9.551731359501958174e-02
9.551731359501958174e-02
1.199999999999999956e+00
1.199999999999999956e+00
8.932744193093561380e-02
8.932744193093561380e-02
2.263218468141877937e-01
2.263218468141877937e-01
1.199999999999999956e+00
1.199999999999999956e+00
1.199999999999999956e+00
1.199999999999999956e+00
6.071235215381290407e-02
6.071235215381290407e-02
5.445086069906937554e-02
5.445086069906937554e-02
2.825890759123979024e-01
2.825890759123979024e-01
3.997988992173613365e-01
3.997988992173613365e-01
4.368741918719685202e-01
4.368741918719685202e-01
8.622474397655262024e-01
8.622474397655262024e-01
3.329984113754292929e-01
3.329984113754292929e-01
1.199999999999999956e+00
1.199999999999999956e+00
4.212896892976573660e-01
4.212896892976573660e-01
3.415085708880260529e-01
3.415085708880260529e-01
3.424787871212609525e-01
3.424787871212609525e-01
6.672020015805069093e-01
6.672020015805069093e-01
4.992648029890609657e-02
4.992648029890609657e-02
2.793040700416377642e-01
2.793040700416377642e-01
2.252157481268703687e-01
2.252157481268703687e-01
8.631951751625327462e-02
8.631951751625327462e-02
1.199999999999999956e+00
1.199999999999999956e+00
3.169000402276054840e-01
3.169000402276054840e-01
7.471740863667257655e-03
7.471740863667257655e-03
1.199999999999999956e+00
1.199999999999999956e+00
1.768801571711518528e-01
1.768801571711518528e-01
5.930909720508718147e-02
5.930909720508718147e-02
6.062175542538499329e-01
6.062175542538499329e-01
6.911532401796375291e-01
6.911532401796375291e-01
1.199999999999999956e+00
1.199999999999999956e+00
1.929376673994562530e-01
1.929376673994562530e-01
7.226927944789390823e-02
7.226927944789390823e-02
1.199999999999999956e+00
1.199999999999999956e+00
4.044392004996586465e-01
4.044392004996586465e-01
2.004308244956568841e-01
2.004308244956568841e-01
5.192694162721599449e-01
5.192694162721599449e-01
3.718426325955575401e-02
3.718426325955575401e-02
1.199999999999999956e+00
1.199999999999999956e+00
1.199999999999999956e+00
1.199999999999999956e+00
3.102073791395430491e-01
3.102073791395430491e-01
1.650688420285935931e-01
1.650688420285935931e-01
2.043055986832580939e-01
2.043055986832580939e-01
2.876516445355519758e-01
2.876516445355519758e-01
1.067196616333850462e-01
1.067196616333850462e-01
1.226722372470023803e-01
1.226722372470023803e-01
3.097479435753271171e-02
3.097479435753271171e-02
1.199999999999999956e+00
1.199999999999999956e+00
1.199999999999999956e+00
1.199999999999999956e+00
9.909720481606894282e-02
9.909720481606894282e-02
6.514050795975071528e-01
6.514050795975071528e-01
5.536693192706222677e-02
5.536693192706222677e-02
6.118686324297151549e-03
6.118686324297151549e-03
5.645178093510683226e-02
5.645178093510683226e-02
3.268384179853911498e-01
3.268384179853911498e-01
3.017622211179873393e-01
3.017622211179873393e-01
1.356464730514300998e-01
1.356464730514300998e-01
1.199999999999999956e+00
1.199999999999999956e+00
2.858557690015801067e-01
2.858557690015801067e-01
3.834110631333988994e-01
3.834110631333988994e-01
4.015064199869186057e-01
4.015064199869186057e-01
2.762436837053705487e-03
2.762436837053705487e-03
2.449010922539175336e-02
2.449010922539175336e-02
1.199999999999999956e+00
1.199999999999999956e+00
6.012589701675636888e-01
6.012589701675636888e-01
4.047872449931518846e-01
4.047872449931518846e-01
1.718898132719787197e-01
1.718898132719787197e-01
5.086477024084166132e-01
5.086477024084166132e-01
4.240624031925085413e-01
4.240624031925085413e-01
1.199999999999999956e+00
1.199999999999999956e+00
1.199999999999999956e+00
1.199999999999999956e+00
4.330607068605352161e-01
4.330607068605352161e-01
2.501442783391767677e-02
2.501442783391767677e-02
3.334931529422813234e-01
3.334931529422813234e-01
5.043716148947741118e-01
5.043716148947741118e-01
1.979525624393947136e-01
1.979525624393947136e-01
7.443848697346502896e-02
7.443848697346502896e-02
4.822776267907111225e-02
4.822776267907111225e-02
5.973172148248189206e-01
5.973172148248189206e-01
6.500144025590188189e-03
6.500144025590188189e-03
4.471190699273385610e-02
4.471190699273385610e-02
5.631446372751768709e-02
5.631446372751768709e-02
1.199999999999999956e+00
1.199999999999999956e+00
2.625806463767673682e-01
2.625806463767673682e-01
2.732802798383712761e-01
2.732802798383712761e-01
1.182644887385472937e-01
1.182644887385472937e-01
1.199999999999999956e+00
1.199999999999999956e+00
1.821523253101328399e-01
1.821523253101328399e-01
1.392310858721634570e-01
1.392310858721634570e-01
6.464475804100572494e-03
6.464475804100572494e-03
1.199999999999999956e+00
1.199999999999999956e+00
1.669356122595861691e-01
1.669356122595861691e-01
3.321809267608960003e-01
3.321809267608960003e-01
1.199999999999999956e+00
1.199999999999999956e+00
2.394197253039544171e-01
2.394197253039544171e-01
4.640335964982980621e-02
4.640335964982980621e-02
3.925629868772157471e-01
3.925629868772157471e-01
5.830815290912226834e-01
5.830815290912226834e-01
1.159308008023919173e-01
1.159308008023919173e-01
3.992035738497723418e-01
3.992035738497723418e-01
1.199999999999999956e+00
1.199999999999999956e+00
9.798820087867521345e-02
9.798820087867521345e-02
1.336811983721297448e-01
1.336811983721297448e-01
6.912872027055012580e-01
6.912872027055012580e-01
1.199999999999999956e+00
1.199999999999999956e+00
5.463338282955952918e-01
5.463338282955952918e-01
1.199999999999999956e+00
1.199999999999999956e+00
1.269418380577792271e-01
1.269418380577792271e-01
6.977414755722891743e-03
6.977414755722891743e-03
2.176898518514938652e-01
2.176898518514938652e-01
3.581440450250700791e-01
3.581440450250700791e-01
4.043281945347709239e-01
4.043281945347709239e-01
1.199999999999999956e+00
1.199999999999999956e+00
1.199999999999999956e+00
1.199999999999999956e+00
7.202709342487181310e-01
7.202709342487181310e-01
1.199999999999999956e+00
1.199999999999999956e+00
1.199999999999999956e+00
1.199999999999999956e+00
3.272044781773643662e-01
3.272044781773643662e-01
4.591020005979123790e-03
4.591020005979123790e-03
5.034720302556801030e-01
5.034720302556801030e-01
1.199999999999999956e+00
1.199999999999999956e+00
4.299128224026002032e-01
4.299128224026002032e-01
7.220063407806599498e-01
7.220063407806599498e-01
3.733730729959149341e-01
3.733730729959149341e-01
2.370142787178495247e-01
2.370142787178495247e-01
1.199999999999999956e+00
1.199999999999999956e+00
1.221238085851108490e-01
1.221238085851108490e-01
3.184437360236749281e-01
3.184437360236749281e-01
8.091660005109152509e-02
8.091660005109152509e-02
8.762761620866957660e-03
8.762761620866957660e-03
4.391643412624717802e-01
4.391643412624717802e-01
1.853906335047011966e-01
1.853906335047011966e-01
2.515101808192341665e-02
2.515101808192341665e-02
1.199999999999999956e+00
1.199999999999999956e+00
1.199999999999999956e+00
1.199999999999999956e+00
2.053661871645718340e-01
2.053661871645718340e-01
1.027679411818445826e-01
1.027679411818445826e-01
2.042305993006836295e-01
2.042305993006836295e-01
1.199999999999999956e+00
1.199999999999999956e+00
1.199999999999999956e+00
1.199999999999999956e+00
3.213277972998467846e-01
3.213277972998467846e-01
4.404805435003160685e-01
4.404805435003160685e-01
3.418287612741840453e-01
3.418287612741840453e-01
2.200244015920981566e-01
2.200244015920981566e-01
2.602871984548070228e-01
2.602871984548070228e-01
7.351255038444522161e-02
7.351255038444522161e-02
2.121703494434162146e-02
2.121703494434162146e-02
1.893126060716310288e-01
1.893126060716310288e-01
1.199999999999999956e+00
1.199999999999999956e+00
2.335026760485826580e-01
2.335026760485826580e-01
1.199999999999999956e+00
1.199999999999999956e+00
4.726401142071072758e-01
4.726401142071072758e-01
4.392920699970370713e-01
4.392920699970370713e-01
7.195337092771676435e-01
7.195337092771676435e-01
7.493238262520511839e-01
7.493238262520511839e-01
4.912581414290174975e-02
4.912581414290174975e-02
7.261229476073011169e-02
7.261229476073011169e-02
5.765554867175856080e-01
5.765554867175856080e-01
1.199999999999999956e+00
1.199999999999999956e+00
2.094103416974880949e-01
2.094103416974880949e-01
1.066506768628527002e+00
1.066506768628527002e+00
1.199999999999999956e+00
1.199999999999999956e+00
4.331708910073912566e-01
4.331708910073912566e-01
7.486713934349787936e-01
7.486713934349787936e-01
5.184970179620805864e-01
5.184970179620805864e-01
9.594329824161365039e-01
9.594329824161365039e-01
2.776010853613161689e-01
2.776010853613161689e-01
6.294237184642073046e-01
6.294237184642073046e-01
1.752827664939494712e-01
1.752827664939494712e-01
5.461293061367052948e-01
5.461293061367052948e-01
1.199999999999999956e+00
1.199999999999999956e+00
6.021821483323751556e-01
6.021821483323751556e-01
2.848821186398208805e-01
2.848821186398208805e-01
1.667928806428913557e-01
1.667928806428913557e-01
1.095651068545654278e-01
1.095651068545654278e-01
5.633403422726351861e-01
5.633403422726351861e-01
1.081159600758975145e-02
1.081159600758975145e-02
1.199999999999999956e+00
1.199999999999999956e+00
3.028213378643748732e-01
3.028213378643748732e-01
4.354020102669309278e-01
4.354020102669309278e-01
5.165723148769034712e-01
5.165723148769034712e-01
1.199999999999999956e+00
1.199999999999999956e+00
1.199999999999999956e+00
1.199999999999999956e+00
2.036363983976148193e-02
2.036363983976148193e-02
2.720601889087314595e-01
2.720601889087314595e-01
3.330619381997784179e-01
3.330619381997784179e-01
2.116425765893178434e-01
2.116425765893178434e-01
2.231864888835813354e-01
2.231864888835813354e-01
1.199999999999999956e+00
1.199999999999999956e+00
6.328284083690981499e-01
6.328284083690981499e-01
8.914553295549453305e-01
8.914553295549453305e-01
7.880754272187577847e-01
7.880754272187577847e-01
4.344457943184076160e-02
4.344457943184076160e-02
2.103709832539991109e-01
2.103709832539991109e-01
2.426529336269206694e-01
2.426529336269206694e-01
1.199999999999999956e+00
1.199999999999999956e+00
4.144786638707785298e-01
4.144786638707785298e-01
2.039986570545210542e-01
2.039986570545210542e-01
5.561341644652056807e-04
5.561341644652056807e-04
5.980093388711339442e-01
5.980093388711339442e-01
2.816477692756030882e-01
2.816477692756030882e-01
3.067998840624290846e-01
3.067998840624290846e-01
2.560658722307282181e-04
2.560658722307282181e-04
7.398018084451184195e-02
7.398018084451184195e-02
1.268828936275865488e-02
1.268828936275865488e-02
8.043585348353246567e-02
8.043585348353246567e-02
2.860421663975403761e-01
2.860421663975403761e-01
2.366793333316046660e-02
2.366793333316046660e-02
3.195360798537826095e-03
3.195360798537826095e-03
2.626698510147364440e-01
2.626698510147364440e-01
5.139411781462623896e-01
5.139411781462623896e-01
1.199999999999999956e+00
1.199999999999999956e+00
1.537250693867432405e-01
1.537250693867432405e-01
7.861312145594256950e-02
7.861312145594256950e-02
3.295349078606635285e-01
3.295349078606635285e-01
9.433240506346167453e-02
9.433240506346167453e-02
1.374855033689697803e-01
1.374855033689697803e-01
1.199999999999999956e+00
1.199999999999999956e+00
3.472739282856902171e-02
3.472739282856902171e-02
2.406728237119648214e-02
2.406728237119648214e-02
3.001867246573797776e-01
3.001867246573797776e-01
1.407827259626960315e-01
1.407827259626960315e-01
3.415013298283517407e-01
3.415013298283517407e-01
1.099236244952358707e-02
1.099236244952358707e-02
2.920931966945424785e-01
2.920931966945424785e-01
8.067678474555342039e-01
8.067678474555342039e-01
1.199999999999999956e+00
1.199999999999999956e+00
2.062070174411853030e-01
2.062070174411853030e-01
2.132721951233508551e-01
2.132721951233508551e-01
8.267353588509195050e-02
8.267353588509195050e-02
9.241384094829158125e-02
9.241384094829158125e-02
2.717005162921500849e-01
2.717005162921500849e-01
2.201752458885493091e-01
2.201752458885493091e-01
1.084194729637158794e+00
1.084194729637158794e+00
5.608902524584999383e-02
5.608902524584999383e-02
5.875048042733702625e-01
5.875048042733702625e-01
4.017061423114628993e-02
4.017061423114628993e-02
3.452117821336118109e-01
3.452117821336118109e-01
1.244273429219594357e-01
1.244273429219594357e-01
4.512832784006606812e-01
4.512832784006606812e-01
3.593315662378276498e-03
3.593315662378276498e-03
1.199999999999999956e+00
1.199999999999999956e+00
1.215637328357245805e-01
1.215637328357245805e-01
2.371662147837554357e-01
2.371662147837554357e-01
1.137171247062197382e-01
1.137171247062197382e-01
6.292618441084201208e-01
6.292618441084201208e-01
3.398481002971496800e-01
3.398481002971496800e-01
2.838397741133966840e-02
2.838397741133966840e-02
4.485561428463814559e-01
4.485561428463814559e-01
2.566979312985068207e-01
2.566979312985068207e-01
1.714035604911621491e-01
1.714035604911621491e-01
6.122326611964399312e-01
6.122326611964399312e-01
2.612488399342090262e-02
2.612488399342090262e-02
1.286407021909735660e-01
1.286407021909735660e-01
2.805909295007651474e-02
2.805909295007651474e-02
3.858748847449390285e-01
3.858748847449390285e-01
7.091546869022061217e-02
7.091546869022061217e-02
7.813663008638056795e-02
7.813663008638056795e-02
1.185769961255383892e-01
1.185769961255383892e-01
1.199999999999999956e+00
1.199999999999999956e+00
6.351421671811681158e-01
6.351421671811681158e-01
2.592352760417348731e-02
2.592352760417348731e-02
5.041005014037954757e-01
5.041005014037954757e-01
1.885298656048611798e-01
1.885298656048611798e-01
6.356640099597016258e-01
6.356640099597016258e-01
2.203839663184356257e-01
2.203839663184356257e-01
4.166389182843441286e-02
4.166389182843441286e-02
8.947072143600698357e-02
8.947072143600698357e-02
1.606171493505132233e-02
1.606171493505132233e-02
1.199999999999999956e+00
1.199999999999999956e+00
6.276737903227571636e-01
6.276737903227571636e-01
1.199999999999999956e+00
1.199999999999999956e+00
3.137697308320631651e-01
3.137697308320631651e-01
1.199999999999999956e+00
1.199999999999999956e+00
2.701787784887031418e-01
2.701787784887031418e-01
1.199999999999999956e+00
1.199999999999999956e+00
5.964543713364248712e-01
5.964543713364248712e-01
1.458584462849790153e-01
1.458584462849790153e-01
1.199999999999999956e+00
1.199999999999999956e+00
