1.199999999999999956e+00
1.199999999999999956e+00
9.615490057170254790e-02
9.615490057170254790e-02
4.157281355155760250e-01
4.157281355155760250e-01
5.519546400973991684e-02
5.519546400973991684e-02
1.199999999999999956e+00
1.199999999999999956e+00
3.933435953860631717e-01
3.933435953860631717e-01
1.310321663601385911e-01
1.310321663601385911e-01
3.786137285592030555e-01
3.786137285592030555e-01
1.199999999999999956e+00
1.199999999999999956e+00
3.523377622345641447e-02
3.523377622345641447e-02
1.262995932282500455e-01
1.262995932282500455e-01
1.199999999999999956e+00
1.199999999999999956e+00
5.644933645693626101e-01
5.644933645693626101e-01
8.083903199705393394e-01
8.083903199705393394e-01
1.199999999999999956e+00
1.199999999999999956e+00
7.018873241715137823e-01
7.018873241715137823e-01
4.258500470773645685e-01
4.258500470773645685e-01
7.675093930038666412e-02
7.675093930038666412e-02
1.199999999999999956e+00
1.199999999999999956e+00
1.861557360952225681e-01
1.861557360952225681e-01
2.284540787796882633e-01
2.284540787796882633e-01
1.127188108440786651e+00
1.127188108440786651e+00
5.755562997391754365e-01
5.755562997391754365e-01
1.199999999999999956e+00
1.199999999999999956e+00
1.199999999999999956e+00
1.199999999999999956e+00
6.413423714909312068e-01
6.413423714909312068e-01
1.199999999999999956e+00
1.199999999999999956e+00
1.004408497512750076e+00
1.004408497512750076e+00
6.245070503411158658e-01
6.245070503411158658e-01
3.696215855655534122e-01
3.696215855655534122e-01
1.199999999999999956e+00
1.199999999999999956e+00
1.199999999999999956e+00
1.199999999999999956e+00
7.144973902741302840e-01
7.144973902741302840e-01
1.233412820099182156e-01
1.233412820099182156e-01
3.697580806873062009e-01
3.697580806873062009e-01
1.199999999999999956e+00
1.199999999999999956e+00
7.304589943261513563e-02
7.304589943261513563e-02
4.577122994777518272e-01
4.577122994777518272e-01
2.722509586819707450e-02
2.722509586819707450e-02
1.199999999999999956e+00
1.199999999999999956e+00
1.254447417890950933e-01
1.254447417890950933e-01
1.199999999999999956e+00
1.199999999999999956e+00
5.177773497554130633e-02
5.177773497554130633e-02
4.375885189519652663e-01
4.375885189519652663e-01
1.199999999999999956e+00
1.199999999999999956e+00
2.756813751204719234e-02
2.756813751204719234e-02
1.199999999999999956e+00
1.199999999999999956e+00
4.817328243425875178e-02
4.817328243425875178e-02
5.811691173428971124e-01
5.811691173428971124e-01
9.875317924320886620e-02
9.875317924320886620e-02
1.199999999999999956e+00
1.199999999999999956e+00
3.896573635200248353e-01
3.896573635200248353e-01
1.107826132456672386e-01
1.107826132456672386e-01
2.029972898058375330e-01
2.029972898058375330e-01
1.199999999999999956e+00
1.199999999999999956e+00
1.199999999999999956e+00
1.199999999999999956e+00
1.199999999999999956e+00
1.199999999999999956e+00
3.405601587770155647e-01
3.405601587770155647e-01
2.322373383538459818e-02
2.322373383538459818e-02
1.568601685634866405e-01
1.568601685634866405e-01
6.406211647955423194e-01
6.406211647955423194e-01
7.150892903619185947e-01
7.150892903619185947e-01
3.270337458557682764e-01
3.270337458557682764e-01
2.979698700041603643e-01
2.979698700041603643e-01
3.522882818879985445e-01
3.522882818879985445e-01
6.892760168340476834e-02
6.892760168340476834e-02
1.199999999999999956e+00
1.199999999999999956e+00
4.226681617718937578e-01
4.226681617718937578e-01
1.199999999999999956e+00
1.199999999999999956e+00
7.914733244454978944e-01
7.914733244454978944e-01
4.738962444249658623e-02
4.738962444249658623e-02
3.696808525957230862e-01
3.696808525957230862e-01
1.199999999999999956e+00
1.199999999999999956e+00
1.199999999999999956e+00
1.199999999999999956e+00
9.320487559840201497e-02
9.320487559840201497e-02
4.382352950727783636e-01
4.382352950727783636e-01
5.705685954973888085e-01
5.705685954973888085e-01
4.404806123768775783e-01
4.404806123768775783e-01
5.907648335605782952e-01
5.907648335605782952e-01
5.315537949306265997e-01
5.315537949306265997e-01
8.051528920602646355e-02
8.051528920602646355e-02
1.062438250923222194e-01
1.062438250923222194e-01
1.199999999999999956e+00
1.199999999999999956e+00
1.199999999999999956e+00
1.199999999999999956e+00
1.449801006312100848e-01
1.449801006312100848e-01
3.268420308292430132e-01
3.268420308292430132e-01
2.528749044379271504e-01
2.528749044379271504e-01
2.221551857989262357e-01
2.221551857989262357e-01
4.615820610348764785e-01
4.615820610348764785e-01
5.590474134383167648e-01
5.590474134383167648e-01
2.407101753586646797e-01
2.407101753586646797e-01
8.177235043398454195e-01
8.177235043398454195e-01
1.156746375898952683e-01
1.156746375898952683e-01
1.199999999999999956e+00
1.199999999999999956e+00
7.086649707182282043e-01
7.086649707182282043e-01
1.199999999999999956e+00
1.199999999999999956e+00
1.199999999999999956e+00
1.199999999999999956e+00
1.199999999999999956e+00
1.199999999999999956e+00
1.071139887517084388e-01
1.071139887517084388e-01
7.185591002334362765e-01
7.185591002334362765e-01
1.199999999999999956e+00
1.199999999999999956e+00
1.084273604835479382e-01
1.084273604835479382e-01
6.754003336512321987e-01
6.754003336512321987e-01
1.466901782218080486e-01
1.466901782218080486e-01
1.199999999999999956e+00
1.199999999999999956e+00
2.079723753714067883e-02
2.079723753714067883e-02
1.273521782511451705e-01
1.273521782511451705e-01
1.199999999999999956e+00
1.199999999999999956e+00
1.199999999999999956e+00
1.199999999999999956e+00
7.950892696983111740e-01
7.950892696983111740e-01
2.615631141686921568e-01
2.615631141686921568e-01
4.265723448311455890e-01
4.265723448311455890e-01
1.836855140120517982e-01
1.836855140120517982e-01
1.199999999999999956e+00
1.199999999999999956e+00
1.199999999999999956e+00
1.199999999999999956e+00
3.369548450665164618e-01
3.369548450665164618e-01
1.199999999999999956e+00
1.199999999999999956e+00
1.199999999999999956e+00
1.199999999999999956e+00
3.200152397375437552e-01
3.200152397375437552e-01
8.788583638984418522e-01
8.788583638984418522e-01
1.107672906352328290e-01
1.107672906352328290e-01
1.199999999999999956e+00
1.199999999999999956e+00
6.564341937796280835e-01
6.564341937796280835e-01
1.199999999999999956e+00
1.199999999999999956e+00
2.853497867753182482e-01
2.853497867753182482e-01
5.329202502450999246e-01
5.329202502450999246e-01
5.890606199399692905e-02
5.890606199399692905e-02
6.853384145187690901e-02
6.853384145187690901e-02
5.874576251870253785e-01
5.874576251870253785e-01
7.688673527130965302e-02
7.688673527130965302e-02
1.199999999999999956e+00
1.199999999999999956e+00
3.876935375743500445e-01
3.876935375743500445e-01
5.159162454136954068e-01
5.159162454136954068e-01
6.469059602674436249e-01
6.469059602674436249e-01
1.199999999999999956e+00
1.199999999999999956e+00
6.969324187929303027e-02
6.969324187929303027e-02
8.472239957117363995e-02
8.472239957117363995e-02
1.086753439908395846e-01
1.086753439908395846e-01
1.228331489865459175e-01
1.228331489865459175e-01
4.507595483451981577e-02
4.507595483451981577e-02
2.680093920605232660e-01
2.680093920605232660e-01
3.123071834208537290e-01
3.123071834208537290e-01
1.199999999999999956e+00
1.199999999999999956e+00
3.149563317998425177e-02
3.149563317998425177e-02
1.199999999999999956e+00
1.199999999999999956e+00
8.561296104790555583e-02
8.561296104790555583e-02
3.368907120123595389e-01
3.368907120123595389e-01
1.199999999999999956e+00
1.199999999999999956e+00
1.199999999999999956e+00
1.199999999999999956e+00
5.266860984398844536e-01
5.266860984398844536e-01
1.199999999999999956e+00
1.199999999999999956e+00
1.199999999999999956e+00
1.199999999999999956e+00
4.251810480191589581e-01
4.251810480191589581e-01
1.199999999999999956e+00
1.199999999999999956e+00
1.516244883963845935e-01
1.516244883963845935e-01
7.957502045601999585e-01
7.957502045601999585e-01
3.148598170549115477e-02
3.148598170549115477e-02
1.199999999999999956e+00
1.199999999999999956e+00
2.918246081598520614e-01
2.918246081598520614e-01
1.199999999999999956e+00
1.199999999999999956e+00
1.689529617647322068e-01
1.689529617647322068e-01
1.199999999999999956e+00
1.199999999999999956e+00
3.213783259215898247e-01
3.213783259215898247e-01
1.459665047620513079e-01
1.459665047620513079e-01
2.130887776841072778e-01
2.130887776841072778e-01
1.756854012234930762e-01
1.756854012234930762e-01
1.266327637622294278e-01
1.266327637622294278e-01
4.097839090036816123e-01
4.097839090036816123e-01
1.709646034403688730e-01
1.709646034403688730e-01
1.612615315057912280e-01
1.612615315057912280e-01
4.659074737929563281e-01
4.659074737929563281e-01
1.199999999999999956e+00
1.199999999999999956e+00
2.416106085437618456e-01
2.416106085437618456e-01
1.199999999999999956e+00
1.199999999999999956e+00
1.346942753674557069e-01
1.346942753674557069e-01
3.314317774057016774e-01
3.314317774057016774e-01
4.163376348514853387e-01
4.163376348514853387e-01
9.679201363575321015e-02
9.679201363575321015e-02
4.130737277879509839e-01
4.130737277879509839e-01
1.445588653492149711e-01
1.445588653492149711e-01
6.407857175209589196e-01
6.407857175209589196e-01
1.046046859637061593e-01
1.046046859637061593e-01
4.164687223363585655e-01
4.164687223363585655e-01
9.659211082801164028e-02
9.659211082801164028e-02
2.905551864694251862e-01
2.905551864694251862e-01
3.808638419613581405e-01
3.808638419613581405e-01
1.199999999999999956e+00
1.199999999999999956e+00
4.295562727079658139e-01
4.295562727079658139e-01
1.199999999999999956e+00
1.199999999999999956e+00
7.282921191408613104e-02
7.282921191408613104e-02
1.925842687653395169e-01
1.925842687653395169e-01
1.199999999999999956e+00
1.199999999999999956e+00
7.742418878744200539e-02
7.742418878744200539e-02
1.199999999999999956e+00
1.199999999999999956e+00
6.165872327714995160e-01
6.165872327714995160e-01
3.262964972329846502e-01
3.262964972329846502e-01
6.830785561985757148e-01
6.830785561985757148e-01
6.075148946218951185e-01
6.075148946218951185e-01
1.345909533688754989e-01
1.345909533688754989e-01
1.661698500456191413e-02
1.661698500456191413e-02
1.064007332716376680e-01
1.064007332716376680e-01
4.015656383163754839e-01
4.015656383163754839e-01
3.735543149761507142e-01
3.735543149761507142e-01
1.199999999999999956e+00
1.199999999999999956e+00
2.789440932570579901e-01
2.789440932570579901e-01
4.779366048394846911e-01
4.779366048394846911e-01
1.740774032243458391e-01
1.740774032243458391e-01
1.607607424149731234e-01
1.607607424149731234e-01
2.188574562128081102e-01
2.188574562128081102e-01
1.199999999999999956e+00
1.199999999999999956e+00
1.072588003797856904e-01
1.072588003797856904e-01
7.357299049789875478e-02
7.357299049789875478e-02
5.829596534361566884e-02
5.829596534361566884e-02
1.238926346590377148e-01
1.238926346590377148e-01
1.199999999999999956e+00
1.199999999999999956e+00
3.131652651438601720e-01
3.131652651438601720e-01
2.534640937256301685e-01
2.534640937256301685e-01
9.064474671570450504e-01
9.064474671570450504e-01
9.789210383405484717e-02
9.789210383405484717e-02
4.392852170164286973e-01
4.392852170164286973e-01
5.296791778286055741e-02
5.296791778286055741e-02
1.199999999999999956e+00
1.199999999999999956e+00
3.966866722561517289e-01
3.966866722561517289e-01
4.233761794409421353e-01
4.233761794409421353e-01
5.081179741925159199e-01
5.081179741925159199e-01
6.225963985344423746e-02
6.225963985344423746e-02
5.219144642737701956e-01
5.219144642737701956e-01
1.079846136545865084e-03
1.079846136545865084e-03
1.432486612644786883e-01
1.432486612644786883e-01
2.626545250637263851e-01
2.626545250637263851e-01
1.171418230668984650e-01
1.171418230668984650e-01
3.228271290726988929e-01
3.228271290726988929e-01
4.809144219072635784e-01
4.809144219072635784e-01
9.605551068949136351e-02
9.605551068949136351e-02
1.478655449973825531e-01
1.478655449973825531e-01
4.315286579693777824e-01
4.315286579693777824e-01
4.085695204503632105e-01
4.085695204503632105e-01
7.448556692151650505e-02
7.448556692151650505e-02
1.199999999999999956e+00
1.199999999999999956e+00
4.883603713117044554e-01
4.883603713117044554e-01
5.308926721475675237e-01
5.308926721475675237e-01
3.422494577024632889e-01
3.422494577024632889e-01
2.809177095866891571e-01
2.809177095866891571e-01
2.970363878537896629e-01
2.970363878537896629e-01
1.199999999999999956e+00
1.199999999999999956e+00
6.503279478807241776e-02
6.503279478807241776e-02
7.104965849257974808e-01
7.104965849257974808e-01
7.553245446905487714e-02
7.553245446905487714e-02
5.383708039243675358e-01
5.383708039243675358e-01
1.981442459024546354e-01
1.981442459024546354e-01
3.699088008925900950e-01
3.699088008925900950e-01
1.199999999999999956e+00
1.199999999999999956e+00
1.451295576907333518e-01
1.451295576907333518e-01
5.241411119738254021e-01
5.241411119738254021e-01
5.460142666252337101e-02
5.460142666252337101e-02
4.405384910731801051e-01
4.405384910731801051e-01
2.596116074220457606e-02
2.596116074220457606e-02
2.040709044909740644e-01
2.040709044909740644e-01
3.003791115787612931e-01
3.003791115787612931e-01
1.485387471308712570e-01
1.485387471308712570e-01
4.343018252857829831e-01
4.343018252857829831e-01
1.561690449384694201e-01
1.561690449384694201e-01
4.134863328299062113e-01
4.134863328299062113e-01
4.292734919039850050e-01
4.292734919039850050e-01
2.847395120641601496e-01
2.847395120641601496e-01
1.108391944266065299e-01
1.108391944266065299e-01
5.249357006307308060e-01
5.249357006307308060e-01
4.372499684546839460e-01
4.372499684546839460e-01
1.199999999999999956e+00
1.199999999999999956e+00
5.564295428841430774e-02
5.564295428841430774e-02
2.060960247190389283e-01
2.060960247190389283e-01
4.310626295503938721e-01
4.310626295503938721e-01
1.000811508042671605e-01
1.000811508042671605e-01
6.273120623706925914e-01
6.273120623706925914e-01
2.976715292562274739e-01
2.976715292562274739e-01
1.199999999999999956e+00
1.199999999999999956e+00
1.199999999999999956e+00
1.199999999999999956e+00
3.711519591399592422e-01
3.711519591399592422e-01
3.845337144935768309e-02
3.845337144935768309e-02
1.368715316298236284e-01
1.368715316298236284e-01
1.199999999999999956e+00
1.199999999999999956e+00
3.333589310674516248e-01
3.333589310674516248e-01
9.688963881555784363e-02
9.688963881555784363e-02
4.538953228176085819e-01
4.538953228176085819e-01
1.226412123468994531e-01
1.226412123468994531e-01
1.271725121188362062e-01
1.271725121188362062e-01
1.133665272840743421e-02
1.133665272840743421e-02
1.199999999999999956e+00
1.199999999999999956e+00
1.199999999999999956e+00
1.199999999999999956e+00
2.119722745323464330e-01
2.119722745323464330e-01
3.522293370340131013e-01
3.522293370340131013e-01
2.321104046723651837e-01
2.321104046723651837e-01
3.971453338734376448e-01
3.971453338734376448e-01
3.660366678117318168e-02
3.660366678117318168e-02
9.691811525835426488e-01
9.691811525835426488e-01
4.490976837223158435e-01
4.490976837223158435e-01
1.526062602521407185e-01
1.526062602521407185e-01
5.929852604052269355e-02
5.929852604052269355e-02
2.312558393512769150e-01
2.312558393512769150e-01
5.537112532722548996e-01
5.537112532722548996e-01
5.601379172032464604e-01
5.601379172032464604e-01
1.198896063297245074e-01
1.198896063297245074e-01
1.134416677807407736e-01
1.134416677807407736e-01
4.201378593665640593e-01
4.201378593665640593e-01
3.124384163319168239e-01
3.124384163319168239e-01
2.911479473642510363e-01
2.911479473642510363e-01
4.474903288001839674e-01
4.474903288001839674e-01
4.982493996551282806e-02
4.982493996551282806e-02
3.675431842712018060e-01
3.675431842712018060e-01
1.950553848894833464e-01
1.950553848894833464e-01
1.199999999999999956e+00
1.199999999999999956e+00
1.482936250915100340e-01
1.482936250915100340e-01
3.561007953903508882e-01
3.561007953903508882e-01
2.360875753508803188e-01
2.360875753508803188e-01
1.199999999999999956e+00
1.199999999999999956e+00
1.323204625103741039e-01
1.323204625103741039e-01
1.227809972442822292e-02
1.227809972442822292e-02
4.293014379326398622e-01
4.293014379326398622e-01
1.199999999999999956e+00
1.199999999999999956e+00
3.338076432861087905e-01
3.338076432861087905e-01
1.686152615914068287e-01
1.686152615914068287e-01
1.737197192946074720e-01
1.737197192946074720e-01
3.451197853771423296e-01
3.451197853771423296e-01
2.443557606102191304e-01
2.443557606102191304e-01
1.199999999999999956e+00
1.199999999999999956e+00
1.246867170958343429e-02
1.246867170958343429e-02
4.798320427583620540e-01
4.798320427583620540e-01
1.595893487123870719e-02
1.595893487123870719e-02
2.617158566355088922e-01
2.617158566355088922e-01
1.199999999999999956e+00
1.199999999999999956e+00
1.199999999999999956e+00
1.199999999999999956e+00
7.537104698046803719e-02
7.537104698046803719e-02
6.435717405261259794e-01
6.435717405261259794e-01
2.703989986304821680e-01
2.703989986304821680e-01
1.199999999999999956e+00
1.199999999999999956e+00
1.199999999999999956e+00
1.199999999999999956e+00
1.199999999999999956e+00
1.199999999999999956e+00
8.206562822161638238e-01
8.206562822161638238e-01
1.170425421537314437e+00
1.170425421537314437e+00
2.269681196943464097e-01
2.269681196943464097e-01
2.514584083206765630e-01
2.514584083206765630e-01
1.199999999999999956e+00
1.199999999999999956e+00
3.127362131759392483e-01
3.127362131759392483e-01
5.901810001400266126e-01
5.901810001400266126e-01
1.126127093683849945e-01
1.126127093683849945e-01
8.274489490449360440e-01
8.274489490449360440e-01
5.872765337916033834e-01
5.872765337916033834e-01
9.901720994049129088e-02
9.901720994049129088e-02
2.642148007717664560e-01
2.642148007717664560e-01
7.801989264171553529e-02
7.801989264171553529e-02
2.319514308529054686e-02
2.319514308529054686e-02
6.418046130074053224e-01
6.418046130074053224e-01
6.267148684732936070e-01
6.267148684732936070e-01
4.715926027505015217e-01
4.715926027505015217e-01
4.662543855478173405e-01
4.662543855478173405e-01
3.370223531580623932e-01
3.370223531580623932e-01
1.007903941484461080e-01
1.007903941484461080e-01
9.819931263219898732e-01
9.819931263219898732e-01
1.467470375665940741e-01
1.467470375665940741e-01
2.496528162746358692e-01
2.496528162746358692e-01
5.955790350008031975e-03
5.955790350008031975e-03
3.053631327855969579e-01
3.053631327855969579e-01
1.315406270811455003e-01
1.315406270811455003e-01
1.552136442514759074e-01
1.552136442514759074e-01
3.283356816041478887e-01
3.283356816041478887e-01
1.729879683809947555e-01
1.729879683809947555e-01
3.271343046478283195e-02
3.271343046478283195e-02
1.199999999999999956e+00
1.199999999999999956e+00
9.208839568742382964e-01
9.208839568742382964e-01
4.370065678623433758e-01
4.370065678623433758e-01
1.198583753813459024e-01
1.198583753813459024e-01
1.199999999999999956e+00
1.199999999999999956e+00
4.161086482487673099e-01
4.161086482487673099e-01
2.394897394912051409e-03
2.394897394912051409e-03
1.403960635425688108e-01
1.403960635425688108e-01
2.751310824225871587e-01
2.751310824225871587e-01
3.925403392055266116e-01
3.925403392055266116e-01
3.451896383297957671e-01
3.451896383297957671e-01
2.189264142917077549e-01
2.189264142917077549e-01
2.427262876490537402e-01
2.427262876490537402e-01
2.675518621689689236e-01
2.675518621689689236e-01
2.371220300674368731e-01
2.371220300674368731e-01
1.199999999999999956e+00
1.199999999999999956e+00
1.148137799385392510e-01
1.148137799385392510e-01
1.199999999999999956e+00
1.199999999999999956e+00
2.506632757674531198e-01
2.506632757674531198e-01
6.817429651748714292e-01
6.817429651748714292e-01
1.199999999999999956e+00
1.199999999999999956e+00
2.732295700026630692e-01
2.732295700026630692e-01
3.704603976764390127e-01
3.704603976764390127e-01
2.849271714085545304e-02
2.849271714085545304e-02
1.055063780247137706e-01
1.055063780247137706e-01
1.820931158501548977e-02
1.820931158501548977e-02
7.276150141296547358e-02
7.276150141296547358e-02
1.199999999999999956e+00
1.199999999999999956e+00
2.688087201981128049e-01
2.688087201981128049e-01
1.337620346379628060e-02
1.337620346379628060e-02
1.199999999999999956e+00
1.199999999999999956e+00
3.515285298987675944e-01
3.515285298987675944e-01
4.273456448216935155e-01
4.273456448216935155e-01
1.199999999999999956e+00
1.199999999999999956e+00
1.251292759568873106e-02
1.251292759568873106e-02
1.199999999999999956e+00
1.199999999999999956e+00
1.199999999999999956e+00
1.199999999999999956e+00
1.046673663616486949e-01
1.046673663616486949e-01
4.282169111238984804e-01
4.282169111238984804e-01
1.199999999999999956e+00
1.199999999999999956e+00
2.249736224369806858e-01
2.249736224369806858e-01
1.234776729798326145e-01
1.234776729798326145e-01
1.667679785884664534e-01
1.667679785884664534e-01
4.881884403090788055e-02
4.881884403090788055e-02
6.570306684171739464e-01
6.570306684171739464e-01
2.413611657660321708e-01
2.413611657660321708e-01
8.110132961869429558e-01
8.110132961869429558e-01
1.199999999999999956e+00
1.199999999999999956e+00
1.650908308273013880e-01
1.650908308273013880e-01
4.532356797864189879e-01
4.532356797864189879e-01
2.008880834178088104e-01
2.008880834178088104e-01
6.051160076347923411e-01
6.051160076347923411e-01
4.531362381856692823e-01
4.531362381856692823e-01
9.592691375260034570e-02
9.592691375260034570e-02
6.736967845624257378e-02
6.736967845624257378e-02
6.259525059880950426e-01
6.259525059880950426e-01
1.262301430245652556e-01
1.262301430245652556e-01
1.192628522952701026e-01
1.192628522952701026e-01
9.561553758814173021e-02
9.561553758814173021e-02
3.885900240507025316e-01
3.885900240507025316e-01
5.605840719095847025e-01
5.605840719095847025e-01
6.989019276936050407e-01
6.989019276936050407e-01
8.104023175590873151e-01
8.104023175590873151e-01
1.402081958000135908e-01
1.402081958000135908e-01
6.520107553985505788e-01
6.520107553985505788e-01
3.012923184842206115e-01
3.012923184842206115e-01
1.199999999999999956e+00
1.199999999999999956e+00
1.126636396864472839e-01
1.126636396864472839e-01
5.860636693492307092e-01
5.860636693492307092e-01
3.730760634883227844e-01
3.730760634883227844e-01
1.199999999999999956e+00
1.199999999999999956e+00
5.671479455277060877e-01
5.671479455277060877e-01
6.710906712161368581e-01
6.710906712161368581e-01
3.720300832537140612e-02
3.720300832537140612e-02
1.351770277599238616e-02
1.351770277599238616e-02
1.770778524453689995e-01
1.770778524453689995e-01
2.281595755566980799e-01
2.281595755566980799e-01
4.506214849310947734e-01
4.506214849310947734e-01
1.949725741014795566e-01
1.949725741014795566e-01
3.976187403310893487e-01
3.976187403310893487e-01
1.746373819413434281e-01
1.746373819413434281e-01
4.954407549762789298e-01
4.954407549762789298e-01
2.737301938202602036e-02
2.737301938202602036e-02
2.383154737163023507e-01
2.383154737163023507e-01
2.412642180688522320e-01
2.412642180688522320e-01
6.075260533758138071e-02
6.075260533758138071e-02
2.423707071002133562e-01
2.423707071002133562e-01
2.077868104745584366e-01
2.077868104745584366e-01
5.846053501536448982e-01
5.846053501536448982e-01
1.159641536891379943e+00
1.159641536891379943e+00
3.751495104663894464e-01
3.751495104663894464e-01
5.309734195347957098e-01
5.309734195347957098e-01
4.873282744510930020e-01
4.873282744510930020e-01
1.199999999999999956e+00
1.199999999999999956e+00
7.837580265493582221e-01
7.837580265493582221e-01
2.320452848151713376e-01
2.320452848151713376e-01
1.199999999999999956e+00
1.199999999999999956e+00
3.609487215809097371e-01
3.609487215809097371e-01
1.470398558393077870e-01
1.470398558393077870e-01
3.396774884379334392e-01
3.396774884379334392e-01
9.997690588895816743e-01
9.997690588895816743e-01
1.199999999999999956e+00
1.199999999999999956e+00
2.270456831694689093e-01
2.270456831694689093e-01
2.130390848181998309e-01
2.130390848181998309e-01
2.572790433201244120e-01
2.572790433201244120e-01
1.428845787646656484e-01
1.428845787646656484e-01
1.199999999999999956e+00
1.199999999999999956e+00
1.199999999999999956e+00
1.199999999999999956e+00
6.177084430225890932e-01
6.177084430225890932e-01
5.297073298459648028e-01
5.297073298459648028e-01
7.247026620963123444e-02
7.247026620963123444e-02
6.193724205369011138e-02
6.193724205369011138e-02
1.199999999999999956e+00
1.199999999999999956e+00
4.480160903177277110e-02
4.480160903177277110e-02
1.199999999999999956e+00
1.199999999999999956e+00
1.199999999999999956e+00
1.199999999999999956e+00
1.004976455244732669e-01
1.004976455244732669e-01
3.901641630203411260e-01
3.901641630203411260e-01
5.118476101104286746e-01
5.118476101104286746e-01
7.959561932731153144e-02
7.959561932731153144e-02
3.772734277968556871e-01
3.772734277968556871e-01
2.976566461025123012e-01
2.976566461025123012e-01
1.882503287271248549e-01
1.882503287271248549e-01
1.260157001269891774e-02
1.260157001269891774e-02
5.482868593834454990e-02
5.482868593834454990e-02
6.763518882561254941e-02
6.763518882561254941e-02
5.328063426111656620e-01
5.328063426111656620e-01
6.034465398326810393e-01
6.034465398326810393e-01
3.173545591277068117e-02
3.173545591277068117e-02
3.625035045504856335e-01
3.625035045504856335e-01
9.027512957501114821e-01
9.027512957501114821e-01
1.862804239381029431e-02
1.862804239381029431e-02
1.199999999999999956e+00
1.199999999999999956e+00
2.022963147234861907e-03
2.022963147234861907e-03
4.587257758049905210e-01
4.587257758049905210e-01
1.424837268061778239e-01
1.424837268061778239e-01
9.537669541708758414e-02
9.537669541708758414e-02
2.701017246690068374e-01
2.701017246690068374e-01
3.639952694370052200e-01
3.639952694370052200e-01
4.566899149128735708e-02
4.566899149128735708e-02
3.222185746846231713e-01
3.222185746846231713e-01
1.295184894108778254e-02
1.295184894108778254e-02
1.199999999999999956e+00
1.199999999999999956e+00
1.023298601244372996e+00
1.023298601244372996e+00
1.217651265207534972e-01
1.217651265207534972e-01
1.826753022470680166e-01
1.826753022470680166e-01
1.187169055772721582e-01
1.187169055772721582e-01
3.825001809703015843e-01
3.825001809703015843e-01
1.823327078867683360e-01
1.823327078867683360e-01
3.204919312554637134e-01
3.204919312554637134e-01
7.401441962653007023e-01
7.401441962653007023e-01
9.198004536195830694e-02
9.198004536195830694e-02
4.573226810909989948e-01
4.573226810909989948e-01
3.036784968546526464e-01
3.036784968546526464e-01
1.199999999999999956e+00
1.199999999999999956e+00
1.033956614022679132e-01
1.033956614022679132e-01
3.260613759796374689e-01
3.260613759796374689e-01
2.078677282475157595e-01
2.078677282475157595e-01
2.078412132988501082e-02
2.078412132988501082e-02
1.199999999999999956e+00
1.199999999999999956e+00
1.199999999999999956e+00
1.199999999999999956e+00
4.469346989316091284e-02
4.469346989316091284e-02
2.984537428051111697e-03
2.984537428051111697e-03
2.240312810934919630e-01
2.240312810934919630e-01
3.069275663305631729e-01
3.069275663305631729e-01
1.019158478206165647e-01
1.019158478206165647e-01
3.575460918886007033e-01
3.575460918886007033e-01
1.199999999999999956e+00
1.199999999999999956e+00
5.579868796806690271e-04
5.579868796806690271e-04
3.289281766743615831e-01
3.289281766743615831e-01
4.908272959216652964e-02
4.908272959216652964e-02
1.544608396447987586e-01
1.544608396447987586e-01
2.203363048494149656e-01
2.203363048494149656e-01
3.483352555013461971e-01
3.483352555013461971e-01
1.199999999999999956e+00
1.199999999999999956e+00
1.199999999999999956e+00
1.199999999999999956e+00
3.911895046080162558e-02
3.911895046080162558e-02
1.906293614647018575e-01
1.906293614647018575e-01
5.440182848895402934e-02
5.440182848895402934e-02
1.142101365028324739e-01
1.142101365028324739e-01
3.878603858106033364e-01
3.878603858106033364e-01
2.732993357824882730e-01
2.732993357824882730e-01
4.048699638592891947e-01
4.048699638592891947e-01
2.321603906255598204e-02
2.321603906255598204e-02
3.078537606202682575e-01
3.078537606202682575e-01
1.287578464934130418e-01
1.287578464934130418e-01
6.081182468466215241e-01
6.081182468466215241e-01
1.881522900502377582e-01
1.881522900502377582e-01
1.199999999999999956e+00
1.199999999999999956e+00
1.463240703565658052e-01
1.463240703565658052e-01
1.001635499010617852e-01
1.001635499010617852e-01
1.199999999999999956e+00
1.199999999999999956e+00
2.929783117900844891e-01
2.929783117900844891e-01
1.199999999999999956e+00
1.199999999999999956e+00
7.207439319551280088e-02
7.207439319551280088e-02
1.199999999999999956e+00
1.199999999999999956e+00
1.443868745170390211e-01
1.443868745170390211e-01
4.095374143375499765e-01
4.095374143375499765e-01
3.266632838438357500e-01
3.266632838438357500e-01
2.062156154389785945e-01
2.062156154389785945e-01
5.102006154669354032e-01
5.102006154669354032e-01
5.019628190385033023e-02
5.019628190385033023e-02
1.199999999999999956e+00
1.199999999999999956e+00
1.199999999999999956e+00
1.199999999999999956e+00
1.184190567992835508e-01
1.184190567992835508e-01
2.357975397026924047e-01
2.357975397026924047e-01
1.477120492712365174e-02
1.477120492712365174e-02
3.141613549476272027e-01
3.141613549476272027e-01
8.954677972502629590e-02
8.954677972502629590e-02
3.366007428099083154e-01
3.366007428099083154e-01
1.181752350335876223e-01
1.181752350335876223e-01
1.199999999999999956e+00
1.199999999999999956e+00
2.204451100756669168e-01
2.204451100756669168e-01
4.801792946535277662e-01
4.801792946535277662e-01
1.199999999999999956e+00
1.199999999999999956e+00
1.199999999999999956e+00
1.199999999999999956e+00
1.199999999999999956e+00
1.199999999999999956e+00
1.293188398035333142e-01
1.293188398035333142e-01
1.115502696112276260e+00
1.115502696112276260e+00
5.273894384171228245e-01
5.273894384171228245e-01
1.967254292507222280e-01
1.967254292507222280e-01
2.084319089397982383e-01
2.084319089397982383e-01
4.477320855062469906e-01
4.477320855062469906e-01
1.199104452485855732e-01
1.199104452485855732e-01
1.243645043431577391e-01
1.243645043431577391e-01
1.199999999999999956e+00
1.199999999999999956e+00
1.199999999999999956e+00
1.199999999999999956e+00
1.439246590473667042e-01
1.439246590473667042e-01
6.111645457835135353e-01
6.111645457835135353e-01
2.627893698026673858e-02
2.627893698026673858e-02
9.895096594224601916e-02
9.895096594224601916e-02
6.133620945686935055e-01
6.133620945686935055e-01
4.725121985709218042e-01
4.725121985709218042e-01
6.590532302204303861e-01
6.590532302204303861e-01
1.544532902326603840e-01
1.544532902326603840e-01
9.449844129783246949e-02
9.449844129783246949e-02
6.005164096870871937e-01
6.005164096870871937e-01
1.021522720532824641e-01
1.021522720532824641e-01
1.022192001558946267e-02
1.022192001558946267e-02
8.109146746998591171e-02
8.109146746998591171e-02
3.454710547461579268e-02
3.454710547461579268e-02
4.469903006682225399e-01
4.469903006682225399e-01
1.199999999999999956e+00
1.199999999999999956e+00
4.137446284042989308e-02
4.137446284042989308e-02
1.608263406278161167e-01
1.608263406278161167e-01
3.271929141201060931e-01
3.271929141201060931e-01
1.199999999999999956e+00
1.199999999999999956e+00
3.275724604288533098e-02
3.275724604288533098e-02
3.528011518898992865e-02
3.528011518898992865e-02
1.199999999999999956e+00
1.199999999999999956e+00
1.199999999999999956e+00
1.199999999999999956e+00
1.463196660783702974e-01
1.463196660783702974e-01
1.006516982800821358e-01
1.006516982800821358e-01
4.272201341341054226e-01
4.272201341341054226e-01
2.877214330486962957e-01
2.877214330486962957e-01
1.199999999999999956e+00
1.199999999999999956e+00
2.294687722221886161e-01
2.294687722221886161e-01
1.199999999999999956e+00
1.199999999999999956e+00
3.976418001418748904e-01
3.976418001418748904e-01
6.313000843292697617e-01
6.313000843292697617e-01
1.545593904038174982e-01
1.545593904038174982e-01
8.216480756948766340e-01
8.216480756948766340e-01
1.199999999999999956e+00
1.199999999999999956e+00
7.411148280242241260e-01
7.411148280242241260e-01
9.174019282104539652e-02
9.174019282104539652e-02
1.077355350828274744e-01
1.077355350828274744e-01
1.199999999999999956e+00
1.199999999999999956e+00
1.941611188182079673e-01
1.941611188182079673e-01
1.199999999999999956e+00
1.199999999999999956e+00
1.485525982708294779e-01
1.485525982708294779e-01
1.199999999999999956e+00
1.199999999999999956e+00
1.199999999999999956e+00
1.199999999999999956e+00
1.199999999999999956e+00
1.199999999999999956e+00
1.079218916083222402e+00
1.079218916083222402e+00
4.193504525146294348e-01
4.193504525146294348e-01
5.610699445066746893e-01
5.610699445066746893e-01
3.235413552336874887e-01
3.235413552336874887e-01
4.468276256492824672e-01
4.468276256492824672e-01
4.026523093635756001e-02
4.026523093635756001e-02
2.222997507768172953e-01
2.222997507768172953e-01
4.005115207310893516e-02
4.005115207310893516e-02
7.542304714860960102e-01
7.542304714860960102e-01
3.003451113557979446e-01
3.003451113557979446e-01
1.199999999999999956e+00
1.199999999999999956e+00
3.991455324951133365e-02
3.991455324951133365e-02
2.778517306326420133e-01
2.778517306326420133e-01
1.670993807247277141e-01
1.670993807247277141e-01
1.425399395608773767e-01
1.425399395608773767e-01
1.731590128223681335e-05
1.731590128223681335e-05
1.925791524530451604e-01
1.925791524530451604e-01
1.199999999999999956e+00
1.199999999999999956e+00
7.013165452077031459e-01
7.013165452077031459e-01
1.199999999999999956e+00
1.199999999999999956e+00
2.706062786272899756e-01
2.706062786272899756e-01
3.449470628435619135e-01
3.449470628435619135e-01
7.663395471698791761e-02
7.663395471698791761e-02
3.302573681303265785e-01
3.302573681303265785e-01
1.240606758639306445e-01
1.240606758639306445e-01
1.979074051620768326e-01
1.979074051620768326e-01
9.421335864749218192e-02
9.421335864749218192e-02
1.199999999999999956e+00
1.199999999999999956e+00
4.509553761333647687e-02
4.509553761333647687e-02
8.761950899728564446e-01
8.761950899728564446e-01
4.468145194232900907e-01
4.468145194232900907e-01
8.437135447907193608e-01
8.437135447907193608e-01
4.362758730388723305e-01
4.362758730388723305e-01
3.396689762713068217e-01
3.396689762713068217e-01
5.749964061468455512e-01
5.749964061468455512e-01
1.573206231859640147e-01
1.573206231859640147e-01
4.549657526838469801e-01
4.549657526838469801e-01
6.059778532396216562e-03
6.059778532396216562e-03
3.432910524236160721e-01
3.432910524236160721e-01
5.964794075732351430e-01
5.964794075732351430e-01
3.840719113198391987e-01
3.840719113198391987e-01
1.798685097282228251e-01
1.798685097282228251e-01
1.199999999999999956e+00
1.199999999999999956e+00
5.983016482807904657e-01
5.983016482807904657e-01
5.734267414215232783e-01
5.734267414215232783e-01
4.790414533226153293e-01
4.790414533226153293e-01
4.615912374231565529e-01
4.615912374231565529e-01
6.934883778472503701e-01
6.934883778472503701e-01
2.295538872901899397e-01
2.295538872901899397e-01
1.199999999999999956e+00
1.199999999999999956e+00
1.199999999999999956e+00
1.199999999999999956e+00
1.049456036083046134e-01
1.049456036083046134e-01
1.717801151889663527e-03
1.717801151889663527e-03
4.601273382610763379e-02
4.601273382610763379e-02
1.199999999999999956e+00
1.199999999999999956e+00
1.199999999999999956e+00
1.199999999999999956e+00
4.451274451298168344e-01
4.451274451298168344e-01
1.371267993184947520e-01
1.371267993184947520e-01
6.170976424086928036e-01
6.170976424086928036e-01
3.206865030689171406e-03
3.206865030689171406e-03
5.384670659174982665e-01
5.384670659174982665e-01
2.014491624681835624e-02
2.014491624681835624e-02
1.199999999999999956e+00
1.199999999999999956e+00
1.199999999999999956e+00
1.199999999999999956e+00
1.668039267460907082e-01
1.668039267460907082e-01
1.502886382675025778e-01
1.502886382675025778e-01
1.610119045154817796e-01
1.610119045154817796e-01
2.344865059541486885e-01
2.344865059541486885e-01
1.199999999999999956e+00
1.199999999999999956e+00
5.944748726476025702e-01
5.944748726476025702e-01
3.363602808004592746e-03
3.363602808004592746e-03
1.569381484028813389e-01
1.569381484028813389e-01
1.442926854759832844e-01
1.442926854759832844e-01
2.665835086632457052e-01
2.665835086632457052e-01
6.852471289282194844e-01
6.852471289282194844e-01
4.781204160836573513e-01
4.781204160836573513e-01
1.199999999999999956e+00
1.199999999999999956e+00
2.931505027040862688e-01
2.931505027040862688e-01
1.801284714130820808e-01
1.801284714130820808e-01
2.672450408270273248e-01
2.672450408270273248e-01
3.193027524648895700e-03
3.193027524648895700e-03
3.594137841583840420e-01
3.594137841583840420e-01
8.059198749247718785e-02
8.059198749247718785e-02
6.228050515755458871e-01
6.228050515755458871e-01
6.176364339669648124e-02
6.176364339669648124e-02
4.244462020171409222e-02
4.244462020171409222e-02
3.209349796169937430e-01
3.209349796169937430e-01
9.093595608600124613e-01
9.093595608600124613e-01
1.303852826504960649e-01
1.303852826504960649e-01
1.048950939375162261e-01
1.048950939375162261e-01
1.199999999999999956e+00
1.199999999999999956e+00
4.746197702189420831e-01
4.746197702189420831e-01
1.318579124532458513e-01
1.318579124532458513e-01
6.005797109655344919e-03
6.005797109655344919e-03
4.177237922352972643e-01
4.177237922352972643e-01
2.554957567801576235e-01
2.554957567801576235e-01
2.865181975157213290e-02
2.865181975157213290e-02
7.370836793957916688e-01
7.370836793957916688e-01
6.337948095864284759e-03
6.337948095864284759e-03
3.208376226804559445e-02
3.208376226804559445e-02
6.070901939413468895e-01
6.070901939413468895e-01
1.199999999999999956e+00
1.199999999999999956e+00
2.011111158522191911e-01
2.011111158522191911e-01
1.199999999999999956e+00
1.199999999999999956e+00
1.199999999999999956e+00
1.199999999999999956e+00
6.568573587098076015e-05
6.568573587098076015e-05
1.074291803729570782e+00
1.074291803729570782e+00
1.521663405528792534e-01
1.521663405528792534e-01
2.340434970530163583e-01
2.340434970530163583e-01
7.959054977934357789e-01
7.959054977934357789e-01
6.313051697331333034e-02
6.313051697331333034e-02
1.957254105822492929e-01
1.957254105822492929e-01
