1.199999999999999956e+00
1.199999999999999956e+00
1.199999999999999956e+00
1.199999999999999956e+00
2.455587050335862609e-03
2.455587050335862609e-03
2.433678396533846267e-01
2.433678396533846267e-01
2.652966603595205419e-01
2.652966603595205419e-01
1.199999999999999956e+00
1.199999999999999956e+00
3.205283412108831387e-01
3.205283412108831387e-01
1.755724778177234491e-01
1.755724778177234491e-01
1.199999999999999956e+00
1.199999999999999956e+00
1.199999999999999956e+00
1.199999999999999956e+00
3.877808372294920813e-01
3.877808372294920813e-01
1.199999999999999956e+00
1.199999999999999956e+00
1.199999999999999956e+00
1.199999999999999956e+00
3.078904476528188106e-01
3.078904476528188106e-01
6.288669485687199412e-01
6.288669485687199412e-01
3.037547561362852200e-02
3.037547561362852200e-02
3.205082465407269599e-01
3.205082465407269599e-01
5.522227261500776280e-02
5.522227261500776280e-02
2.490459463928725858e-01
2.490459463928725858e-01
3.641850617281847807e-02
3.641850617281847807e-02
5.415621839295887696e-01
5.415621839295887696e-01
1.199999999999999956e+00
1.199999999999999956e+00
1.199999999999999956e+00
1.199999999999999956e+00
1.494958737607016974e-01
1.494958737607016974e-01
1.199999999999999956e+00
1.199999999999999956e+00
1.199999999999999956e+00
1.199999999999999956e+00
3.943589416283180271e-01
3.943589416283180271e-01
4.340291492874771145e-02
4.340291492874771145e-02
1.199999999999999956e+00
1.199999999999999956e+00
1.199999999999999956e+00
1.199999999999999956e+00
4.981792784871922897e-01
4.981792784871922897e-01
4.330020750694414389e-01
4.330020750694414389e-01
4.945937551694672973e-01
4.945937551694672973e-01
1.473683831531441002e-01
1.473683831531441002e-01
5.551130777654078585e-01
5.551130777654078585e-01
8.361086036859832760e-01
8.361086036859832760e-01
1.199999999999999956e+00
1.199999999999999956e+00
1.199999999999999956e+00
1.199999999999999956e+00
8.595202219343694994e-02
8.595202219343694994e-02
2.206033600512671833e-01
2.206033600512671833e-01
6.154602369360593350e-01
6.154602369360593350e-01
6.863257364178446673e-01
6.863257364178446673e-01
6.818225780053890350e-01
6.818225780053890350e-01
1.199999999999999956e+00
1.199999999999999956e+00
5.415028187540023297e-02
5.415028187540023297e-02
1.199999999999999956e+00
1.199999999999999956e+00
5.188166681830678334e-02
5.188166681830678334e-02
2.225591003911442933e-01
2.225591003911442933e-01
6.779836736476486658e-01
6.779836736476486658e-01
1.326681493079374941e-01
1.326681493079374941e-01
3.083826480252556124e-01
3.083826480252556124e-01
7.684160941650165777e-02
7.684160941650165777e-02
1.199999999999999956e+00
1.199999999999999956e+00
3.648647262513353695e-01
3.648647262513353695e-01
7.818723038625861044e-01
7.818723038625861044e-01
5.257636294107674857e-01
5.257636294107674857e-01
3.853546325692693841e-01
3.853546325692693841e-01
7.030361161472120646e-01
7.030361161472120646e-01
3.062408842961223399e-01
3.062408842961223399e-01
1.199999999999999956e+00
1.199999999999999956e+00
4.174587665485984811e-02
4.174587665485984811e-02
3.304228281026846958e-03
3.304228281026846958e-03
3.046745894792295406e-01
3.046745894792295406e-01
1.199999999999999956e+00
1.199999999999999956e+00
1.199999999999999956e+00
1.199999999999999956e+00
1.199999999999999956e+00
1.199999999999999956e+00
2.631533865666574878e-01
2.631533865666574878e-01
5.704640843859441063e-02
5.704640843859441063e-02
2.182072833138697932e-01
2.182072833138697932e-01
8.674056688888004407e-02
8.674056688888004407e-02
7.259425380314678961e-03
7.259425380314678961e-03
5.723863579067270946e-01
5.723863579067270946e-01
1.199999999999999956e+00
1.199999999999999956e+00
1.455701665992926441e-01
1.455701665992926441e-01
7.111392752419961605e-01
7.111392752419961605e-01
1.796738134619513538e-01
1.796738134619513538e-01
1.199999999999999956e+00
1.199999999999999956e+00
2.707809455841675428e-01
2.707809455841675428e-01
1.199999999999999956e+00
1.199999999999999956e+00
2.066020635850821796e-01
2.066020635850821796e-01
1.199999999999999956e+00
1.199999999999999956e+00
1.199999999999999956e+00
1.199999999999999956e+00
6.350108997407414302e-01
6.350108997407414302e-01
2.629477787437770053e-02
2.629477787437770053e-02
1.282539422013814490e-01
1.282539422013814490e-01
1.145808393842634998e-01
1.145808393842634998e-01
3.642358763230031937e-01
3.642358763230031937e-01
2.769972568441587124e-01
2.769972568441587124e-01
1.199999999999999956e+00
1.199999999999999956e+00
1.199999999999999956e+00
1.199999999999999956e+00
1.199999999999999956e+00
1.199999999999999956e+00
1.199999999999999956e+00
1.199999999999999956e+00
6.613132846594351744e-01
6.613132846594351744e-01
3.366982271900503809e-02
3.366982271900503809e-02
1.199999999999999956e+00
1.199999999999999956e+00
3.976569952525817464e-01
3.976569952525817464e-01
3.048979947263581458e-01
3.048979947263581458e-01
2.017074576728955515e-01
2.017074576728955515e-01
2.580101076237569790e-01
2.580101076237569790e-01
1.150723308421287561e+00
1.150723308421287561e+00
5.129849651105971436e-02
5.129849651105971436e-02
3.722588130823428210e-01
3.722588130823428210e-01
3.259931397843125744e-02
3.259931397843125744e-02
6.853588784218653807e-01
6.853588784218653807e-01
5.073679714298826721e-02
5.073679714298826721e-02
3.368490767680684117e-01
3.368490767680684117e-01
1.199999999999999956e+00
1.199999999999999956e+00
4.943391710289615770e-01
4.943391710289615770e-01
5.563225832436485829e-01
5.563225832436485829e-01
5.557208162204149704e-02
5.557208162204149704e-02
1.742658687846879995e-01
1.742658687846879995e-01
5.482999334269493819e-01
5.482999334269493819e-01
5.940981498844469799e-01
5.940981498844469799e-01
2.723753729698986104e-01
2.723753729698986104e-01
1.121531943883123383e-01
1.121531943883123383e-01
2.019221398820721936e-01
2.019221398820721936e-01
7.122373557946712896e-01
7.122373557946712896e-01
2.629977569681609118e-01
2.629977569681609118e-01
2.248699891915386384e-01
2.248699891915386384e-01
1.199999999999999956e+00
1.199999999999999956e+00
1.199999999999999956e+00
1.199999999999999956e+00
2.747886685833263523e-02
2.747886685833263523e-02
1.199999999999999956e+00
1.199999999999999956e+00
1.841383967912210706e-02
1.841383967912210706e-02
1.051158546606849459e-01
1.051158546606849459e-01
1.370986629922569255e-01
1.370986629922569255e-01
1.199999999999999956e+00
1.199999999999999956e+00
2.149044869018367498e-01
2.149044869018367498e-01
1.937601457427679530e-01
1.937601457427679530e-01
2.611795412485262702e-02
2.611795412485262702e-02
1.199999999999999956e+00
1.199999999999999956e+00
5.296162120490115477e-01
5.296162120490115477e-01
7.126559846767674955e-01
7.126559846767674955e-01
2.150392595541585766e-02
2.150392595541585766e-02
1.094052626190391009e-01
1.094052626190391009e-01
2.991074888101543094e-01
2.991074888101543094e-01
4.691351657376752193e-01
4.691351657376752193e-01
9.296883407974965152e-02
9.296883407974965152e-02
5.376570180564860246e-01
5.376570180564860246e-01
5.258544803164749704e-01
5.258544803164749704e-01
2.036890101745488790e-01
2.036890101745488790e-01
3.087263142563344553e-01
3.087263142563344553e-01
1.508285568132646526e-01
1.508285568132646526e-01
2.897569790869810591e-01
2.897569790869810591e-01
1.199999999999999956e+00
1.199999999999999956e+00
1.199999999999999956e+00
1.199999999999999956e+00
4.107124383510946664e-01
4.107124383510946664e-01
5.383193539243520398e-01
5.383193539243520398e-01
1.199999999999999956e+00
1.199999999999999956e+00
1.199999999999999956e+00
1.199999999999999956e+00
7.719290296346280611e-01
7.719290296346280611e-01
3.653504682297718520e-01
3.653504682297718520e-01
9.058146668354538633e-02
9.058146668354538633e-02
1.669203983353291232e-01
1.669203983353291232e-01
1.028654052704752186e-01
1.028654052704752186e-01
2.677047041226695567e-01
2.677047041226695567e-01
2.308665173377945357e-01
2.308665173377945357e-01
1.199999999999999956e+00
1.199999999999999956e+00
1.657092185779161786e-02
1.657092185779161786e-02
2.092766682132451983e-02
2.092766682132451983e-02
1.199999999999999956e+00
1.199999999999999956e+00
4.634008692549065334e-01
4.634008692549065334e-01
2.096035100802885465e-01
2.096035100802885465e-01
3.924972831182823030e-01
3.924972831182823030e-01
1.199999999999999956e+00
1.199999999999999956e+00
6.280980989517966906e-01
6.280980989517966906e-01
6.913420596198561752e-01
6.913420596198561752e-01
1.199999999999999956e+00
1.199999999999999956e+00
1.835660816792774111e-02
1.835660816792774111e-02
1.199999999999999956e+00
1.199999999999999956e+00
7.807071212098266599e-01
7.807071212098266599e-01
1.199999999999999956e+00
1.199999999999999956e+00
7.953500491758830337e-01
7.953500491758830337e-01
2.114441619920457982e-01
2.114441619920457982e-01
7.655056246846002332e-02
7.655056246846002332e-02
2.738681504754462148e-01
2.738681504754462148e-01
1.199999999999999956e+00
1.199999999999999956e+00
1.103914551541637784e-01
1.103914551541637784e-01
1.019150259695663224e-01
1.019150259695663224e-01
3.420733561633030329e-01
3.420733561633030329e-01
1.199999999999999956e+00
1.199999999999999956e+00
1.806270692750621132e-01
1.806270692750621132e-01
2.107172863387311024e-01
2.107172863387311024e-01
2.213078700404231824e-01
2.213078700404231824e-01
3.751944407472073140e-01
3.751944407472073140e-01
7.904926762073611890e-01
7.904926762073611890e-01
1.460743259353650819e-02
1.460743259353650819e-02
1.951518291418222195e-01
1.951518291418222195e-01
5.427901486172539425e-01
5.427901486172539425e-01
8.172366152519759674e-02
8.172366152519759674e-02
1.670378328307442206e-01
1.670378328307442206e-01
2.622360195798815741e-01
2.622360195798815741e-01
7.373346933756874666e-01
7.373346933756874666e-01
1.199999999999999956e+00
1.199999999999999956e+00
9.512663740621174480e-02
9.512663740621174480e-02
4.181663686588653062e-01
4.181663686588653062e-01
7.901591305012656274e-01
7.901591305012656274e-01
1.199999999999999956e+00
1.199999999999999956e+00
8.146406946999669441e-02
8.146406946999669441e-02
5.758350851382500191e-02
5.758350851382500191e-02
1.133446272986828735e-01
1.133446272986828735e-01
1.199999999999999956e+00
1.199999999999999956e+00
1.199999999999999956e+00
1.199999999999999956e+00
5.625620354099304145e-03
5.625620354099304145e-03
3.014912116349948157e-01
3.014912116349948157e-01
4.163987191331996462e-01
4.163987191331996462e-01
1.442791683446206785e-01
1.442791683446206785e-01
3.199089086747950450e-01
3.199089086747950450e-01
3.280899152963850235e-02
3.280899152963850235e-02
1.199999999999999956e+00
1.199999999999999956e+00
1.177654343767520900e-01
1.177654343767520900e-01
5.308052022440056666e-02
5.308052022440056666e-02
1.199999999999999956e+00
1.199999999999999956e+00
2.640255374739287064e-01
2.640255374739287064e-01
3.282937361313759171e-04
3.282937361313759171e-04
1.432625223331394637e-01
1.432625223331394637e-01
1.199999999999999956e+00
1.199999999999999956e+00
1.199999999999999956e+00
1.199999999999999956e+00
3.251133771286366381e-01
3.251133771286366381e-01
4.049284017940733560e-01
4.049284017940733560e-01
1.199999999999999956e+00
1.199999999999999956e+00
4.473628941416049054e-01
4.473628941416049054e-01
5.198613036892577588e-01
5.198613036892577588e-01
1.199999999999999956e+00
1.199999999999999956e+00
2.116891906853954897e-01
2.116891906853954897e-01
6.058589311740276706e-01
6.058589311740276706e-01
7.159179837930829127e-01
7.159179837930829127e-01
1.199999999999999956e+00
1.199999999999999956e+00
2.788721369806231865e-01
2.788721369806231865e-01
2.149657387119168206e-01
2.149657387119168206e-01
5.077565296184188837e-01
5.077565296184188837e-01
1.147401765380706290e-01
1.147401765380706290e-01
4.102430940281919236e-01
4.102430940281919236e-01
7.254888420985984576e-02
7.254888420985984576e-02
7.725702908710900887e-03
7.725702908710900887e-03
2.407181601094409984e-01
2.407181601094409984e-01
2.975447576552379125e-01
2.975447576552379125e-01
3.326524658655391486e-01
3.326524658655391486e-01
2.755785664400126067e-01
2.755785664400126067e-01
1.274152282389981183e-01
1.274152282389981183e-01
3.819342233865479219e-01
3.819342233865479219e-01
5.983446168354842332e-01
5.983446168354842332e-01
7.303663745771168947e-02
7.303663745771168947e-02
2.769957209106474472e-01
2.769957209106474472e-01
1.536880863006561682e-01
1.536880863006561682e-01
3.201046359109727124e-01
3.201046359109727124e-01
1.920006627505371211e-01
1.920006627505371211e-01
1.199999999999999956e+00
1.199999999999999956e+00
2.275626505554872725e-01
2.275626505554872725e-01
7.527489757529999270e-01
7.527489757529999270e-01
1.199999999999999956e+00
1.199999999999999956e+00
1.199999999999999956e+00
1.199999999999999956e+00
1.199999999999999956e+00
1.199999999999999956e+00
6.991198941618117502e-01
6.991198941618117502e-01
1.294916444159407432e-01
1.294916444159407432e-01
1.237708648936111988e+00
1.237708648936111988e+00
3.581501171920187243e-01
3.581501171920187243e-01
4.349091665032142062e-01
4.349091665032142062e-01
4.003481264200317580e-01
4.003481264200317580e-01
7.874191471327524755e-03
7.874191471327524755e-03
6.074251591965229569e-01
6.074251591965229569e-01
1.199999999999999956e+00
1.199999999999999956e+00
6.307209864550143985e-01
6.307209864550143985e-01
1.199999999999999956e+00
1.199999999999999956e+00
1.236602987274567494e-01
1.236602987274567494e-01
1.199999999999999956e+00
1.199999999999999956e+00
6.815818516905786106e-01
6.815818516905786106e-01
2.154369904474623676e-01
2.154369904474623676e-01
2.311487345804141835e-01
2.311487345804141835e-01
2.281963490303454689e-01
2.281963490303454689e-01
9.294231178455701625e-02
9.294231178455701625e-02
1.082602436305750704e-01
1.082602436305750704e-01
1.199999999999999956e+00
1.199999999999999956e+00
4.723666044300334731e-03
4.723666044300334731e-03
2.706295543120693786e-02
2.706295543120693786e-02
2.401228357061879481e-01
2.401228357061879481e-01
4.201091755158652963e-01
4.201091755158652963e-01
2.765216688417476143e-01
2.765216688417476143e-01
1.199999999999999956e+00
1.199999999999999956e+00
8.467378659568094434e-01
8.467378659568094434e-01
1.199999999999999956e+00
1.199999999999999956e+00
7.254773870522589485e-01
7.254773870522589485e-01
1.199999999999999956e+00
1.199999999999999956e+00
3.033600876309996974e-01
3.033600876309996974e-01
1.978441933669611297e-02
1.978441933669611297e-02
3.107378472881998643e-01
3.107378472881998643e-01
1.199999999999999956e+00
1.199999999999999956e+00
1.199999999999999956e+00
1.199999999999999956e+00
5.291939777943877043e-01
5.291939777943877043e-01
5.340072586128911114e-01
5.340072586128911114e-01
2.191606879696400001e-01
2.191606879696400001e-01
5.483635293169101393e-02
5.483635293169101393e-02
3.421936754988189056e-01
3.421936754988189056e-01
3.790052477774898954e-01
3.790052477774898954e-01
1.558826087253713799e-01
1.558826087253713799e-01
6.055444288408962095e-01
6.055444288408962095e-01
2.431614816889821340e-01
2.431614816889821340e-01
3.037516221074723632e-02
3.037516221074723632e-02
2.719601908572643612e-01
2.719601908572643612e-01
1.199999999999999956e+00
1.199999999999999956e+00
4.784407168616441886e-01
4.784407168616441886e-01
1.131350322220629236e-02
1.131350322220629236e-02
2.785057550050097919e-01
2.785057550050097919e-01
1.199999999999999956e+00
1.199999999999999956e+00
1.199999999999999956e+00
1.199999999999999956e+00
4.136756618286718257e-01
4.136756618286718257e-01
1.199999999999999956e+00
1.199999999999999956e+00
5.882220570364458112e-01
5.882220570364458112e-01
2.308801523119347054e-01
2.308801523119347054e-01
8.454026877955960195e-01
8.454026877955960195e-01
1.199999999999999956e+00
1.199999999999999956e+00
1.199999999999999956e+00
1.199999999999999956e+00
3.291969581036899850e-01
3.291969581036899850e-01
3.372751318882145632e-01
3.372751318882145632e-01
1.199999999999999956e+00
1.199999999999999956e+00
4.946584303983648789e-01
4.946584303983648789e-01
1.161703064385441464e-01
1.161703064385441464e-01
8.002795833873186382e-01
8.002795833873186382e-01
7.139984186590674353e-01
7.139984186590674353e-01
7.569516701324595642e-01
7.569516701324595642e-01
2.598786215686143541e-01
2.598786215686143541e-01
1.199999999999999956e+00
1.199999999999999956e+00
4.743516184615198528e-02
4.743516184615198528e-02
5.094874704638423513e-01
5.094874704638423513e-01
1.576682667642245184e-01
1.576682667642245184e-01
1.199999999999999956e+00
1.199999999999999956e+00
1.199999999999999956e+00
1.199999999999999956e+00
5.132779653157829580e-01
5.132779653157829580e-01
1.919315940369415996e-01
1.919315940369415996e-01
8.730644239024768494e-01
8.730644239024768494e-01
4.023512226519498913e-01
4.023512226519498913e-01
1.199999999999999956e+00
1.199999999999999956e+00
1.199999999999999956e+00
1.199999999999999956e+00
2.006957834398168106e-02
2.006957834398168106e-02
7.208386489602192082e-02
7.208386489602192082e-02
1.729211763117761980e-02
1.729211763117761980e-02
6.147478862016656498e-01
6.147478862016656498e-01
8.175506651927165469e-02
8.175506651927165469e-02
8.599753298357184494e-01
8.599753298357184494e-01
1.199999999999999956e+00
1.199999999999999956e+00
1.199999999999999956e+00
1.199999999999999956e+00
1.199999999999999956e+00
1.199999999999999956e+00
2.176324559464023478e-01
2.176324559464023478e-01
2.402053878222102645e-01
2.402053878222102645e-01
6.419076283793236914e-01
6.419076283793236914e-01
3.103998723348033173e-01
3.103998723348033173e-01
4.900854047459326374e-02
4.900854047459326374e-02
2.932434410063556457e-02
2.932434410063556457e-02
1.774831220251197883e-01
1.774831220251197883e-01
2.766209569948281932e-01
2.766209569948281932e-01
1.756342149022261934e-01
1.756342149022261934e-01
1.199999999999999956e+00
1.199999999999999956e+00
2.659233010261223273e-01
2.659233010261223273e-01
2.855365519679531894e-01
2.855365519679531894e-01
4.146545876405938191e-01
4.146545876405938191e-01
1.199999999999999956e+00
1.199999999999999956e+00
1.779532542051935062e-01
1.779532542051935062e-01
3.602130244148085136e-01
3.602130244148085136e-01
5.256166546364700043e-01
5.256166546364700043e-01
1.199999999999999956e+00
1.199999999999999956e+00
8.471968220682412065e-01
8.471968220682412065e-01
2.761526457255040756e-01
2.761526457255040756e-01
4.525594303608923008e-01
4.525594303608923008e-01
1.199999999999999956e+00
1.199999999999999956e+00
3.652972847584639443e-02
3.652972847584639443e-02
6.757604419056262302e-02
6.757604419056262302e-02
3.310942533617359795e-01
3.310942533617359795e-01
3.954654002578768535e-01
3.954654002578768535e-01
1.199999999999999956e+00
1.199999999999999956e+00
4.418836937368624262e-01
4.418836937368624262e-01
1.199999999999999956e+00
1.199999999999999956e+00
3.455142021247960549e-01
3.455142021247960549e-01
1.199999999999999956e+00
1.199999999999999956e+00
1.199999999999999956e+00
1.199999999999999956e+00
8.422148441781097949e-02
8.422148441781097949e-02
8.004527660911693321e-01
8.004527660911693321e-01
1.199999999999999956e+00
1.199999999999999956e+00
4.864961354059422205e-01
4.864961354059422205e-01
7.432934382803484119e-02
7.432934382803484119e-02
1.614429669161291936e-01
1.614429669161291936e-01
9.949370398160852780e-01
9.949370398160852780e-01
2.702339750027659138e-01
2.702339750027659138e-01
2.882974505855275815e-01
2.882974505855275815e-01
2.944874815576746241e-01
2.944874815576746241e-01
5.298742086802917806e-01
5.298742086802917806e-01
6.339058269822688274e-01
6.339058269822688274e-01
4.123389507697017287e-01
4.123389507697017287e-01
7.400490263732421026e-01
7.400490263732421026e-01
4.607418006171502822e-02
4.607418006171502822e-02
8.944753610738453986e-02
8.944753610738453986e-02
1.199999999999999956e+00
1.199999999999999956e+00
1.199999999999999956e+00
1.199999999999999956e+00
1.199999999999999956e+00
1.199999999999999956e+00
2.105878622769412345e-01
2.105878622769412345e-01
4.108529291896449026e-02
4.108529291896449026e-02
5.720321965799616409e-02
5.720321965799616409e-02
6.631807362782550508e-02
6.631807362782550508e-02
2.036152435367185876e-01
2.036152435367185876e-01
1.051015704657774497e-01
1.051015704657774497e-01
7.416201137796322174e-01
7.416201137796322174e-01
2.814642207361470749e-01
2.814642207361470749e-01
5.871001943404705603e-01
5.871001943404705603e-01
4.769527212399167770e-01
4.769527212399167770e-01
1.082874410498107232e-01
1.082874410498107232e-01
1.757130817067149298e-01
1.757130817067149298e-01
1.199999999999999956e+00
1.199999999999999956e+00
5.327821014446495473e-01
5.327821014446495473e-01
5.100829571017062580e-01
5.100829571017062580e-01
5.004258136019084091e-01
5.004258136019084091e-01
8.489215782754362671e-02
8.489215782754362671e-02
8.654589656384983343e-01
8.654589656384983343e-01
1.199999999999999956e+00
1.199999999999999956e+00
1.199999999999999956e+00
1.199999999999999956e+00
4.141455829910071218e-01
4.141455829910071218e-01
3.366369176170687094e-01
3.366369176170687094e-01
1.199999999999999956e+00
1.199999999999999956e+00
1.199999999999999956e+00
1.199999999999999956e+00
8.626486895160916102e-02
8.626486895160916102e-02
5.310526900178134113e-01
5.310526900178134113e-01
4.310753483884650628e-01
4.310753483884650628e-01
4.472694957461064158e-01
4.472694957461064158e-01
1.493854828049520911e-01
1.493854828049520911e-01
3.662081272312469604e-01
3.662081272312469604e-01
2.391571827976484155e-01
2.391571827976484155e-01
2.430222095995025755e-02
2.430222095995025755e-02
1.199999999999999956e+00
1.199999999999999956e+00
2.925085143589377101e-01
2.925085143589377101e-01
9.399984450439360373e-01
9.399984450439360373e-01
1.199999999999999956e+00
1.199999999999999956e+00
7.335240490547885461e-02
7.335240490547885461e-02
6.473063198404011009e-01
6.473063198404011009e-01
1.559135962342088899e-01
1.559135962342088899e-01
1.199999999999999956e+00
1.199999999999999956e+00
3.048572085925788100e-01
3.048572085925788100e-01
1.033959014560224210e+00
1.033959014560224210e+00
6.757099045284541139e-02
6.757099045284541139e-02
4.957280817824979979e-02
4.957280817824979979e-02
1.199999999999999956e+00
1.199999999999999956e+00
3.660587153581409403e-01
3.660587153581409403e-01
1.964356255501628623e-02
1.964356255501628623e-02
3.579605540639604899e-01
3.579605540639604899e-01
1.199999999999999956e+00
1.199999999999999956e+00
1.917808193361462965e-02
1.917808193361462965e-02
1.199999999999999956e+00
1.199999999999999956e+00
3.714464626883691722e-01
3.714464626883691722e-01
3.241277468085883295e-03
3.241277468085883295e-03
1.199999999999999956e+00
1.199999999999999956e+00
1.199999999999999956e+00
1.199999999999999956e+00
6.046164021694979684e-01
6.046164021694979684e-01
1.911310472956436468e-01
1.911310472956436468e-01
2.068546675681631197e-01
2.068546675681631197e-01
5.363257643783587714e-01
5.363257643783587714e-01
3.859080753393763774e-01
3.859080753393763774e-01
4.171641472257153760e-01
4.171641472257153760e-01
1.842513803479450818e-01
1.842513803479450818e-01
1.199999999999999956e+00
1.199999999999999956e+00
1.199999999999999956e+00
1.199999999999999956e+00
1.807103276369740330e-01
1.807103276369740330e-01
4.173527914107429959e-01
4.173527914107429959e-01
8.146909373475291760e-02
8.146909373475291760e-02
4.981941841436023921e-01
4.981941841436023921e-01
1.436442260335847598e-01
1.436442260335847598e-01
5.699015436393558565e-01
5.699015436393558565e-01
1.199999999999999956e+00
1.199999999999999956e+00
1.199999999999999956e+00
1.199999999999999956e+00
1.943951384936178639e-01
1.943951384936178639e-01
2.447192936494526627e-01
2.447192936494526627e-01
4.709658680107832729e-01
4.709658680107832729e-01
9.652584069558305113e-02
9.652584069558305113e-02
1.416805402785228596e+00
1.416805402785228596e+00
1.199999999999999956e+00
1.199999999999999956e+00
2.821190378449744962e-01
2.821190378449744962e-01
1.199999999999999956e+00
1.199999999999999956e+00
7.919034698278674955e-02
7.919034698278674955e-02
5.046017303445552438e-01
5.046017303445552438e-01
4.081387354896886532e-01
4.081387354896886532e-01
8.522211979045887231e-01
8.522211979045887231e-01
1.704418245298198742e-01
1.704418245298198742e-01
2.089295503559481793e-01
2.089295503559481793e-01
1.199999999999999956e+00
1.199999999999999956e+00
1.199999999999999956e+00
1.199999999999999956e+00
7.090817767062368611e-03
7.090817767062368611e-03
4.582814052412681471e-02
4.582814052412681471e-02
1.199999999999999956e+00
1.199999999999999956e+00
6.351966714143071346e-01
6.351966714143071346e-01
4.733656684959388627e-01
4.733656684959388627e-01
1.199999999999999956e+00
1.199999999999999956e+00
3.700611099172770313e-01
3.700611099172770313e-01
5.167802026575477048e-02
5.167802026575477048e-02
7.310372681613617196e-01
7.310372681613617196e-01
4.080636953208550688e-01
4.080636953208550688e-01
1.308647873297474340e-01
1.308647873297474340e-01
1.719910573401165280e-02
1.719910573401165280e-02
5.652745729825185972e-01
5.652745729825185972e-01
1.199999999999999956e+00
1.199999999999999956e+00
2.791404683993471969e-01
2.791404683993471969e-01
1.199999999999999956e+00
1.199999999999999956e+00
2.530985161074381096e-01
2.530985161074381096e-01
3.196441176698224251e-01
3.196441176698224251e-01
2.124892884160280160e-01
2.124892884160280160e-01
1.199999999999999956e+00
1.199999999999999956e+00
4.157089201496488307e-01
4.157089201496488307e-01
2.254806856577457747e-02
2.254806856577457747e-02
5.811293138721217444e-01
5.811293138721217444e-01
1.880292160838582249e-01
1.880292160838582249e-01
1.199999999999999956e+00
1.199999999999999956e+00
4.305352894684068565e-01
4.305352894684068565e-01
1.082529281786595299e-01
1.082529281786595299e-01
1.199999999999999956e+00
1.199999999999999956e+00
1.199999999999999956e+00
1.199999999999999956e+00
1.605827670189599043e-01
1.605827670189599043e-01
1.203341429739796520e-01
1.203341429739796520e-01
3.754400109436525912e-01
3.754400109436525912e-01
6.442054094797614039e-02
6.442054094797614039e-02
1.199999999999999956e+00
1.199999999999999956e+00
1.425233732360567385e-01
1.425233732360567385e-01
6.315035827973812799e-01
6.315035827973812799e-01
2.930998602546405762e-01
2.930998602546405762e-01
1.199999999999999956e+00
1.199999999999999956e+00
1.199999999999999956e+00
1.199999999999999956e+00
8.623696760177859688e-02
8.623696760177859688e-02
4.865422332226249091e-01
4.865422332226249091e-01
1.653916337805454162e-01
1.653916337805454162e-01
1.023020350235159803e-01
1.023020350235159803e-01
2.347319105007815779e-02
2.347319105007815779e-02
1.259723587577655721e-03
1.259723587577655721e-03
1.173608919545741786e-01
1.173608919545741786e-01
4.279220794262610927e-01
4.279220794262610927e-01
1.199999999999999956e+00
1.199999999999999956e+00
1.199999999999999956e+00
1.199999999999999956e+00
3.100073800986524741e-01
3.100073800986524741e-01
9.957538736965396708e-01
9.957538736965396708e-01
1.560357777075299657e-01
1.560357777075299657e-01
2.592811606488696352e-01
2.592811606488696352e-01
3.898383071430354674e-01
3.898383071430354674e-01
4.697212768428077334e-02
4.697212768428077334e-02
4.131357879634121599e-01
4.131357879634121599e-01
4.070111098670657346e-01
4.070111098670657346e-01
1.544436450498113955e-01
1.544436450498113955e-01
3.141970493592731728e-01
3.141970493592731728e-01
1.684567685699418227e-01
1.684567685699418227e-01
3.793394369713148362e-01
3.793394369713148362e-01
1.199999999999999956e+00
1.199999999999999956e+00
1.199999999999999956e+00
1.199999999999999956e+00
1.188813099665173845e-01
1.188813099665173845e-01
4.118295119537490057e-01
4.118295119537490057e-01
2.912545106645742510e-01
2.912545106645742510e-01
1.199999999999999956e+00
1.199999999999999956e+00
7.956710629316782191e-02
7.956710629316782191e-02
3.406547237541474593e-01
3.406547237541474593e-01
2.921179669909518828e-01
2.921179669909518828e-01
1.199999999999999956e+00
1.199999999999999956e+00
2.040591070713665689e-01
2.040591070713665689e-01
2.256686070039229941e-01
2.256686070039229941e-01
2.294311867702509833e-01
2.294311867702509833e-01
1.171486573137822396e-01
1.171486573137822396e-01
1.752061941641238907e-01
1.752061941641238907e-01
1.199999999999999956e+00
1.199999999999999956e+00
5.085388378228936634e-01
5.085388378228936634e-01
1.060512642573650660e-01
1.060512642573650660e-01
8.210894662916445874e-02
8.210894662916445874e-02
7.257771092049261630e-02
7.257771092049261630e-02
2.558358210636468288e-01
2.558358210636468288e-01
1.199999999999999956e+00
1.199999999999999956e+00
4.307639815922607029e-01
4.307639815922607029e-01
5.446350072061384440e-01
5.446350072061384440e-01
1.514132783746338640e-01
1.514132783746338640e-01
1.083227360672671391e-02
1.083227360672671391e-02
8.556981651774953068e-02
8.556981651774953068e-02
1.360317350404078619e-02
1.360317350404078619e-02
1.571579512015392477e-01
1.571579512015392477e-01
5.029168573887764504e-01
5.029168573887764504e-01
1.199999999999999956e+00
1.199999999999999956e+00
3.318375940752248399e-01
3.318375940752248399e-01
1.294933164563541184e-01
1.294933164563541184e-01
2.981772622603972092e-02
2.981772622603972092e-02
5.195792840311528465e-02
5.195792840311528465e-02
1.095629767011287864e-01
1.095629767011287864e-01
1.199999999999999956e+00
1.199999999999999956e+00
1.356006837139705767e-01
1.356006837139705767e-01
6.754879587301278188e-02
6.754879587301278188e-02
4.427409779623252550e-01
4.427409779623252550e-01
6.136408253871039609e-01
6.136408253871039609e-01
1.199999999999999956e+00
1.199999999999999956e+00
1.441916660934745298e-01
1.441916660934745298e-01
5.608034341772123732e-02
5.608034341772123732e-02
4.343643557391836940e-01
4.343643557391836940e-01
1.199999999999999956e+00
1.199999999999999956e+00
1.199999999999999956e+00
1.199999999999999956e+00
3.330035609804634505e-02
3.330035609804634505e-02
1.199999999999999956e+00
1.199999999999999956e+00
3.088398599454513782e-01
3.088398599454513782e-01
3.046459716174815952e-02
3.046459716174815952e-02
2.205008594095871632e-01
2.205008594095871632e-01
5.518326462480281913e-01
5.518326462480281913e-01
1.199999999999999956e+00
1.199999999999999956e+00
6.018711746505514245e-04
6.018711746505514245e-04
4.635644750853348817e-01
4.635644750853348817e-01
4.375842190198406811e-01
4.375842190198406811e-01
4.642031702372547558e-02
4.642031702372547558e-02
3.138362222442277472e-01
3.138362222442277472e-01
3.978354199483092879e-01
3.978354199483092879e-01
7.884281527662121425e-01
7.884281527662121425e-01
1.517600828228730103e-01
1.517600828228730103e-01
2.288428884266408836e-01
2.288428884266408836e-01
8.442495196312403971e-01
8.442495196312403971e-01
1.730692665964145005e-01
1.730692665964145005e-01
9.947956852444549136e-02
9.947956852444549136e-02
1.199999999999999956e+00
1.199999999999999956e+00
7.418936761322107720e-02
7.418936761322107720e-02
1.199999999999999956e+00
1.199999999999999956e+00
5.932635779510573443e-02
5.932635779510573443e-02
1.063566117680406320e+00
1.063566117680406320e+00
2.256917754648779528e-02
2.256917754648779528e-02
2.295769277801794628e-01
2.295769277801794628e-01
4.991976032407028363e-01
4.991976032407028363e-01
1.199999999999999956e+00
1.199999999999999956e+00
1.199999999999999956e+00
1.199999999999999956e+00
1.199999999999999956e+00
1.199999999999999956e+00
5.227209435889278444e-01
5.227209435889278444e-01
9.582913548252730562e-02
9.582913548252730562e-02
1.802875993830536649e-01
1.802875993830536649e-01
1.007196748244403750e+00
1.007196748244403750e+00
1.674618474485702890e-01
1.674618474485702890e-01
7.485613279449095103e-02
7.485613279449095103e-02
2.617496632597178241e-01
2.617496632597178241e-01
1.165175009968148073e-02
1.165175009968148073e-02
1.199999999999999956e+00
1.199999999999999956e+00
6.077970847906492002e-01
6.077970847906492002e-01
1.031153102466412008e+00
1.031153102466412008e+00
3.580129891668023395e-02
3.580129891668023395e-02
2.766433182399062329e-01
2.766433182399062329e-01
2.030482693944785089e-01
2.030482693944785089e-01
1.199999999999999956e+00
1.199999999999999956e+00
1.199999999999999956e+00
1.199999999999999956e+00
5.879025401160938025e-02
5.879025401160938025e-02
1.040923929718106378e-01
1.040923929718106378e-01
4.881403020576313700e-01
4.881403020576313700e-01
2.125673601897843656e-01
2.125673601897843656e-01
5.492075184794910081e-01
5.492075184794910081e-01
5.722833921185952466e-01
5.722833921185952466e-01
3.921834974679685448e-01
3.921834974679685448e-01
1.199999999999999956e+00
1.199999999999999956e+00
4.057012397975673368e-01
4.057012397975673368e-01
1.051100449652866281e-01
1.051100449652866281e-01
2.958062986491603596e-01
2.958062986491603596e-01
1.199999999999999956e+00
1.199999999999999956e+00
1.199999999999999956e+00
1.199999999999999956e+00
1.525078190709070608e-02
1.525078190709070608e-02
2.610038242131872410e-01
2.610038242131872410e-01
5.117535208100221222e-01
5.117535208100221222e-01
3.420184678518314314e-01
3.420184678518314314e-01
3.128531153712615226e-02
3.128531153712615226e-02
6.237244558295340635e-02
6.237244558295340635e-02
2.403605588145953931e-01
2.403605588145953931e-01
1.250829638353346818e-01
1.250829638353346818e-01
1.783935116252287623e-01
1.783935116252287623e-01
1.199999999999999956e+00
1.199999999999999956e+00
6.523082418735831611e-01
6.523082418735831611e-01
1.652721967137544754e-03
1.652721967137544754e-03
2.449802815059863303e-01
2.449802815059863303e-01
6.426142324903948155e-02
6.426142324903948155e-02
1.199999999999999956e+00
1.199999999999999956e+00
6.001009597868345313e-01
6.001009597868345313e-01
5.249231576528551324e-02
5.249231576528551324e-02
2.548372971332614756e-01
2.548372971332614756e-01
2.137170402858946106e-01
2.137170402858946106e-01
3.057591231745744945e-02
3.057591231745744945e-02
1.199999999999999956e+00
1.199999999999999956e+00
4.904473551310688517e-01
4.904473551310688517e-01
1.199999999999999956e+00
1.199999999999999956e+00
1.185959366639486312e-01
1.185959366639486312e-01
8.395861305205824798e-02
8.395861305205824798e-02
8.934495605502218440e-03
8.934495605502218440e-03
2.512446281753450417e-01
2.512446281753450417e-01
1.837231397180761894e-01
1.837231397180761894e-01
2.458887956027766275e-01
2.458887956027766275e-01
3.434102113076373808e-01
3.434102113076373808e-01
1.582669477981919204e-01
1.582669477981919204e-01
4.739354928950619272e-01
4.739354928950619272e-01
2.389718957560961476e-01
2.389718957560961476e-01
3.614189302922097419e-03
3.614189302922097419e-03
6.119844409422085102e-02
6.119844409422085102e-02
1.199999999999999956e+00
1.199999999999999956e+00
1.484062258705864668e-01
1.484062258705864668e-01
1.233106394127351790e-01
1.233106394127351790e-01
3.605596501398691117e-02
3.605596501398691117e-02
8.564877298993708865e-02
8.564877298993708865e-02
2.845050565813938004e-01
2.845050565813938004e-01
3.831570942423714321e-01
3.831570942423714321e-01
2.523761405995588944e-02
2.523761405995588944e-02
1.199999999999999956e+00
1.199999999999999956e+00
6.964927578401565456e-02
6.964927578401565456e-02
1.856219475727003410e-01
1.856219475727003410e-01
1.250229401205215918e-01
1.250229401205215918e-01
2.440119785502394556e-01
2.440119785502394556e-01
1.488351400348362774e-01
1.488351400348362774e-01
1.199999999999999956e+00
1.199999999999999956e+00
1.199999999999999956e+00
1.199999999999999956e+00
