2.999220202747287090e+01
5.976571838393492442e+01
1.164415463437355100e+02
5.837711617046117851e+01
5.787037037037034537e+01
4.296270836913561908e+01
2.823742022928783868e+01
2.684131415074082128e+01
1.744591765526866922e+01
3.271180896303567209e+01
5.901794145420214477e+01
1.940391182862465769e+01
3.000840235265874512e+01
1.259763164525069215e+02
1.060670343657187118e+02
3.008061605101671532e+01
2.994370583303391342e+01
4.965243296921548932e+01
2.467186420605942843e+01
3.388681802778722840e+01
3.765060240963854454e+01
6.021194605009633705e+01
2.028397565922915646e+02
1.230617770120602188e+02
2.086811352253758116e+02
4.932425766992208338e+01
1.599488163787596022e+02
1.934984520123849165e+02
2.296000367360058547e+01
4.158349966733196368e+01
5.031193399074270900e+01
1.675041876046904861e+02
2.968592293534404547e+01
8.211528986697338439e+01
6.875687568756863755e+01
5.269259142164615639e+01
1.653439153439150857e+02
1.672800267648044326e+02
6.895600606812845967e+01
4.517936206740759530e+01
7.567731194187975063e+01
6.808278867102401932e+01
1.165501165501167264e+02
5.995922772514700227e+01
2.853067047075604279e+01
5.126627704296107879e+01
5.457919441109051206e+01
8.327781479014008426e+01
5.896921806816831690e+01
6.500260010400407396e+01
6.156877231867996869e+01
6.011783094865923971e+01
5.608524957936072752e+01
2.154429507066530292e+01
6.972528238739371886e+01
2.036162241407395257e+01
3.167162855514031605e+01
7.878978884336608246e+01
4.222616333079971440e+01
9.924573243350516805e+01
1.166316771635177076e+02
4.035186829150190846e+01
6.491820306413910657e+01
7.503001200480188970e+01
3.929581892486638850e+01
5.054589567327126787e+01
4.730368968779558969e+01
4.838397522740468304e+01
2.605659492417532164e+01
3.491620111731843679e+01
7.932730445819461806e+01
5.759705103098718126e+01
6.040836051709555932e+01
2.216115592589310168e+01
3.952569169960472806e+01
2.723608236191305210e+01
1.941596769182976345e+01
5.877512636652155464e+01
2.517623363544812420e+01
3.678093276445491711e+01
5.381552039608220639e+01
1.283038234539390885e+02
1.489868891537552997e+02
7.915149596327377424e+01
4.568713450292398193e+01
5.356186395286552937e+01
6.225099601593612419e+01
8.710801393728237940e+01
6.280618012812463746e+01
9.267840593141770000e+01
