8.184304809570312500e+01
9.359078979492187500e+01
6.216864013671875000e+01
1.343810424804687500e+02
4.935705566406250000e+01
5.929165649414062500e+01
4.742123413085937500e+01
3.340022277832031250e+01
8.811911010742187500e+01
2.748414296952504898e+01
4.405694386315724387e+01
4.472440689329117447e+01
8.886482602074033821e+01
6.857224721757192754e+01
1.261286926269531108e+02
1.289535280257936449e+02
5.978433518182664130e+01
1.936917114257812500e+01
2.526979064941406250e+01
4.954840087890625000e+01
7.101568603515625000e+01
8.321200561523437500e+01
8.654031372070312500e+01
7.882839965820312500e+01
3.215576171875000000e+01
8.361752319335937500e+01
1.022173156738281250e+02
1.032455902099609375e+02
7.107876586914062500e+01
3.850350952148437500e+01
5.941894531250000000e+01
1.024888000488281250e+02
9.331771850585937500e+01
6.685379028320312500e+01
7.328982543945312500e+01
1.267854919433593608e+02
1.225364990234375000e+02
9.298056030273437500e+01
6.638342285156250000e+01
4.887084960937500000e+01
9.978674316406250000e+01
6.741488647460937500e+01
1.577724914550781250e+02
7.474923706054687500e+01
4.756015014648437500e+01
6.640817260742187500e+01
6.333462524414063211e+01
7.308395385742187500e+01
5.987420654296875000e+01
8.520776367187500000e+01
1.018926696777343750e+02
8.562322998046875000e+01
7.732089233398437500e+01
7.610498046875000000e+01
5.861093139648437500e+01
6.858288574218750000e+01
1.812619934082031250e+02
6.629135131835937500e+01
6.826525878906250000e+01
8.972155761718750000e+01
8.543490600585937500e+01
1.492796020507812500e+02
8.727932739257812500e+01
4.845800781250000000e+01
7.335629272460937500e+01
5.036520385742187500e+01
1.616377868652343750e+02
8.253762817382812500e+01
4.451486206054687500e+01
9.729849243164062500e+01
9.484695434570312500e+01
8.491418457031250000e+01
8.988916015625000000e+01
8.476846313476562500e+01
5.837597656250000000e+01
4.671813964843750000e+01
5.354171752929687500e+01
9.550747680664062500e+01
6.305593872070312500e+01
6.608093261718750000e+01
8.239270019531250000e+01
8.263900756835937500e+01
1.082641296386718750e+02
6.669030761718750000e+01
5.104943847656250000e+01
7.767990112304687500e+01
6.798742675781250000e+01
1.400881958007812500e+02
7.832107543945312500e+01
1.005417480468750000e+02
