2.309598909272882583e+00
4.264332019541932972e+00
3.969519323040505476e+00
5.437598577676957312e+00
3.512709171466557034e+00
4.081157022645681032e+00
8.366918488280594701e+00
2.638817003077131851e+00
5.839025434251177593e+00
4.123905490501919680e+00
3.975797066542270386e+00
4.024320162025767367e+00
5.361388413533708430e+00
3.876489970862645240e+00
5.213305095898193464e+00
4.128038971085569386e+00
4.485489958576282632e+00
4.104466713874795225e+00
3.162041293377277462e+00
5.068982324306184672e+00
4.928402532824583737e+00
5.254861526868221056e+00
5.725292854706022005e+00
4.211196940450462556e+00
2.358855651553531718e+00
6.746890413951919463e+00
7.473627845016281412e+00
6.639075861382335297e+00
4.318612590840452015e+00
4.837931802915745649e+00
5.900928784382839076e+00
5.046323377357268214e+00
4.402070520953999200e+00
4.858376492044141237e+00
7.505623943809151655e+00
5.694387430238827541e+00
6.903534884743868894e+00
7.722708305396490225e+00
3.803862767270387746e+00
4.403733576618042100e+00
5.958435280060093042e+00
6.092625823719584943e+00
7.410289055138893133e+00
4.580133055126981212e+00
4.303694810311386121e+00
5.581941287169651211e+00
4.368594592691729339e+00
6.395775550184750635e+00
2.325213424038885091e+00
4.696766928399042307e+00
5.026179953699858594e+00
5.386837086611847347e+00
6.038265303449617427e+00
3.619434883830836558e+00
4.420836771574336410e+00
4.160412269227170334e+00
3.531450446167217194e+01
5.153522288294647424e+00
3.291439063884485261e+00
4.358585915503647712e+00
3.987576534508821435e+00
7.044198279097791726e+00
4.632082203204999082e+00
2.755045776139111613e+00
4.190083684758763916e+00
3.841982330445217197e+00
9.055971646747234871e+00
5.103980771647472103e+00
3.176712545607602856e+00
5.244309625252240536e+00
7.718619753500976621e+00
6.046584898339339098e+00
5.550997923657190469e+00
4.572614786118622376e+00
5.125629842144157955e+00
5.718563568861050328e+00
3.531023794769146296e+00
3.246086543092864041e+00
3.070514488546924881e+00
4.428968322349791542e+00
5.601735339803034286e+00
5.649955054317534753e+00
5.347066166621351258e+00
5.310491701398628805e+00
4.552888244517386163e+00
4.513045667885585033e+00
5.013217626176298403e+00
5.674555190181551190e+00
4.181717092652061041e+00
6.007206073413538405e+00
