-6.477813720703125000e+01
-7.606111145019531250e+01
-7.741683197021484375e+01
-6.561345672607421875e+01
-6.938685607910156250e+01
-7.748425292968750000e+01
-5.693856430053710938e+01
-5.144726181030273438e+01
-6.801826477050781250e+01
-7.233502960205078125e+01
-8.133235931396484375e+01
-8.058930969238281250e+01
-7.741901397705078125e+01
-7.378082275390625000e+01
-7.528234100341796875e+01
-7.444059753417968750e+01
-8.334696197509765625e+01
-6.591574096679687500e+01
-5.988261413574218750e+01
-8.119753265380859375e+01
-6.850198364257812500e+01
-7.150624847412109375e+01
-7.092024230957031250e+01
-7.471445465087890625e+01
-6.841831207275390625e+01
-8.114643859863281250e+01
-7.070245361328125000e+01
-5.175248336791992188e+01
-7.710746765136718750e+01
-7.720874023437500000e+01
-6.582605743408203125e+01
-8.081111145019531250e+01
-7.461933135986328125e+01
-7.814297485351562500e+01
-7.150154113769531250e+01
-7.588392639160156250e+01
-7.446977233886718750e+01
-6.830655670166015625e+01
-9.104345703125000000e+01
-8.414843750000000000e+01
-7.519284820556640625e+01
-7.893161010742187500e+01
-8.417771148681640625e+01
-7.602255249023437500e+01
-7.658537292480468750e+01
-7.579626464843750000e+01
-8.727854919433593750e+01
-7.556622314453125000e+01
-8.185527801513671875e+01
-7.926506805419921875e+01
-7.996641540527343750e+01
-7.932942962646484375e+01
-7.916351318359375000e+01
-7.689198303222656250e+01
-7.474415588378906250e+01
-8.101281738281250000e+01
-6.345046997070312500e+01
-7.247968292236328125e+01
-7.818158721923828125e+01
-7.479988098144531250e+01
-8.319682312011718750e+01
-7.449381256103515625e+01
-8.054926300048828125e+01
-6.906984710693359375e+01
-7.056170654296875000e+01
-7.728974914550781250e+01
-6.163723373413085938e+01
-6.346165847778320312e+01
-7.738601684570312500e+01
-6.987327575683593750e+01
-7.327704620361328125e+01
-7.114060211181640625e+01
-7.649497985839843750e+01
-7.880857086181640625e+01
-7.247183227539062500e+01
-6.551844787597656250e+01
-7.583729553222656250e+01
-7.983129119873046875e+01
-7.210458374023437500e+01
-6.721767425537109375e+01
-6.703691864013671875e+01
-8.073918151855468750e+01
-8.076731872558593750e+01
-8.586888122558593750e+01
-7.823929595947265625e+01
-7.739375305175781250e+01
-6.325184631347656250e+01
-7.564555358886718750e+01
-7.102291870117187500e+01
-7.352937316894531250e+01
