1.199999999999999956e+00
1.199999999999999956e+00
2.364856060518120140e-01
2.364856060518120140e-01
7.158734850685191664e-02
7.158734850685191664e-02
1.199999999999999956e+00
1.199999999999999956e+00
1.330748346898671386e-01
1.330748346898671386e-01
2.313427882171508188e-01
2.313427882171508188e-01
5.964391856699642336e-01
5.964391856699642336e-01
9.846898894820815817e-02
9.846898894820815817e-02
1.669732392603854310e-01
1.669732392603854310e-01
4.271387119593496040e-01
4.271387119593496040e-01
4.752200466967138048e-02
4.752200466967138048e-02
1.199999999999999956e+00
1.199999999999999956e+00
2.424272500408877207e-01
2.424272500408877207e-01
1.340747687951772960e-01
1.340747687951772960e-01
1.870060736932264156e-01
1.870060736932264156e-01
1.936623300816261994e-01
1.936623300816261994e-01
2.504806979583350524e-01
2.504806979583350524e-01
1.199999999999999956e+00
1.199999999999999956e+00
4.553910223813602554e-01
4.553910223813602554e-01
3.596769917515350579e-01
3.596769917515350579e-01
1.199999999999999956e+00
1.199999999999999956e+00
1.199999999999999956e+00
1.199999999999999956e+00
4.385367054228552636e-02
4.385367054228552636e-02
2.659631245890987095e-01
2.659631245890987095e-01
3.858665799636028515e-01
3.858665799636028515e-01
1.186863446162076396e-01
1.186863446162076396e-01
4.314738330634774188e-01
4.314738330634774188e-01
6.563547483039875452e-01
6.563547483039875452e-01
1.199999999999999956e+00
1.199999999999999956e+00
1.199999999999999956e+00
1.199999999999999956e+00
4.826264630011656287e-01
4.826264630011656287e-01
5.024254954979116006e-01
5.024254954979116006e-01
1.199999999999999956e+00
1.199999999999999956e+00
1.199999999999999956e+00
1.199999999999999956e+00
2.871746592582721247e-01
2.871746592582721247e-01
1.199999999999999956e+00
1.199999999999999956e+00
4.543824144976817414e-01
4.543824144976817414e-01
2.727537161996070048e-02
2.727537161996070048e-02
3.517924801327101947e-01
3.517924801327101947e-01
6.380064335432030775e-01
6.380064335432030775e-01
9.042013338964747238e-01
9.042013338964747238e-01
5.961971116617521549e-01
5.961971116617521549e-01
5.218385199413810155e-02
5.218385199413810155e-02
4.497147002742345467e-01
4.497147002742345467e-01
1.199999999999999956e+00
1.199999999999999956e+00
1.199999999999999956e+00
1.199999999999999956e+00
1.199999999999999956e+00
1.199999999999999956e+00
7.951312896076295766e-02
7.951312896076295766e-02
1.453104289519696057e-01
1.453104289519696057e-01
4.427652045884313825e-01
4.427652045884313825e-01
2.832026089893875387e-01
2.832026089893875387e-01
4.542774719933245220e-01
4.542774719933245220e-01
9.682051870927058101e-02
9.682051870927058101e-02
6.888564247667416929e-01
6.888564247667416929e-01
4.626954840977943184e-01
4.626954840977943184e-01
6.143039547841739889e-01
6.143039547841739889e-01
5.324652120515236398e-01
5.324652120515236398e-01
5.258510125228016419e-02
5.258510125228016419e-02
1.759976224783150467e-01
1.759976224783150467e-01
1.199999999999999956e+00
1.199999999999999956e+00
6.450462334246793716e-01
6.450462334246793716e-01
1.733145587217850003e-01
1.733145587217850003e-01
1.199999999999999956e+00
1.199999999999999956e+00
5.443805038683351416e-01
5.443805038683351416e-01
1.542165858341902965e-02
1.542165858341902965e-02
3.408143694616409536e-01
3.408143694616409536e-01
3.401947886239944374e-01
3.401947886239944374e-01
1.413410311765214700e-01
1.413410311765214700e-01
4.065147954184340495e-01
4.065147954184340495e-01
1.199999999999999956e+00
1.199999999999999956e+00
6.429720223458031958e-01
6.429720223458031958e-01
1.199999999999999956e+00
1.199999999999999956e+00
7.416812120592071456e-02
7.416812120592071456e-02
4.134965439136508714e-01
4.134965439136508714e-01
1.647111607217339735e-01
1.647111607217339735e-01
3.407592451212298479e-01
3.407592451212298479e-01
1.964314071862592881e-01
1.964314071862592881e-01
4.395111265657292154e-01
4.395111265657292154e-01
1.199999999999999956e+00
1.199999999999999956e+00
4.694985746254713987e-01
4.694985746254713987e-01
6.072464926180644040e-01
6.072464926180644040e-01
1.147114970499934633e-01
1.147114970499934633e-01
3.003646830332952766e-01
3.003646830332952766e-01
1.199999999999999956e+00
1.199999999999999956e+00
5.529207012796873988e-01
5.529207012796873988e-01
1.199999999999999956e+00
1.199999999999999956e+00
1.199999999999999956e+00
1.199999999999999956e+00
1.891243761757873398e-01
1.891243761757873398e-01
5.803489087734047258e-01
5.803489087734047258e-01
1.210503220126296409e+00
1.210503220126296409e+00
1.117467286586484344e-02
1.117467286586484344e-02
5.088015490580463096e-01
5.088015490580463096e-01
4.190249011349451713e-01
4.190249011349451713e-01
1.072584226812014485e+00
1.072584226812014485e+00
4.090981477056989668e-01
4.090981477056989668e-01
1.199999999999999956e+00
1.199999999999999956e+00
2.007962126993844409e-01
2.007962126993844409e-01
5.645536882614184959e-01
5.645536882614184959e-01
1.156949525366964826e-01
1.156949525366964826e-01
2.049443502264757522e-01
2.049443502264757522e-01
4.267932623275927373e-01
4.267932623275927373e-01
7.649444604310770557e-02
7.649444604310770557e-02
1.989518406298103614e-01
1.989518406298103614e-01
3.748511048118725597e-01
3.748511048118725597e-01
3.780966879487113186e-01
3.780966879487113186e-01
1.199999999999999956e+00
1.199999999999999956e+00
1.694171957782793503e-01
1.694171957782793503e-01
3.775355698997805431e-01
3.775355698997805431e-01
3.380743359485864352e-01
3.380743359485864352e-01
5.157280073656200781e-01
5.157280073656200781e-01
1.199999999999999956e+00
1.199999999999999956e+00
4.789055569488029906e-01
4.789055569488029906e-01
1.199999999999999956e+00
1.199999999999999956e+00
2.982520550672154713e-01
2.982520550672154713e-01
6.867043747537897591e-01
6.867043747537897591e-01
1.696019601833587409e-01
1.696019601833587409e-01
1.199999999999999956e+00
1.199999999999999956e+00
5.138934371613714802e-01
5.138934371613714802e-01
2.361399284025989531e-01
2.361399284025989531e-01
2.290032233382840732e-01
2.290032233382840732e-01
9.264635972371122741e-02
9.264635972371122741e-02
6.114591889003309078e-01
6.114591889003309078e-01
8.735259975944853483e-01
8.735259975944853483e-01
1.199999999999999956e+00
1.199999999999999956e+00
1.282961352233228658e-01
1.282961352233228658e-01
1.257417114071133213e-01
1.257417114071133213e-01
3.849239063499716451e-01
3.849239063499716451e-01
1.199999999999999956e+00
1.199999999999999956e+00
1.685643324148387856e-01
1.685643324148387856e-01
1.199999999999999956e+00
1.199999999999999956e+00
3.533515932628625844e-01
3.533515932628625844e-01
3.380860321173442817e-01
3.380860321173442817e-01
1.199999999999999956e+00
1.199999999999999956e+00
1.199999999999999956e+00
1.199999999999999956e+00
4.569156281447663281e-01
4.569156281447663281e-01
1.199999999999999956e+00
1.199999999999999956e+00
1.199999999999999956e+00
1.199999999999999956e+00
1.199999999999999956e+00
1.199999999999999956e+00
5.211376382191371670e-01
5.211376382191371670e-01
4.413663517179076123e-01
4.413663517179076123e-01
7.719409589331281962e-01
7.719409589331281962e-01
1.199999999999999956e+00
1.199999999999999956e+00
6.083276887560330470e-01
6.083276887560330470e-01
5.858367082176980933e-02
5.858367082176980933e-02
1.199999999999999956e+00
1.199999999999999956e+00
1.650871042536681266e-01
1.650871042536681266e-01
4.952734208201537425e-01
4.952734208201537425e-01
6.260353091384502910e-01
6.260353091384502910e-01
1.199999999999999956e+00
1.199999999999999956e+00
3.938739182171122621e-01
3.938739182171122621e-01
1.199999999999999956e+00
1.199999999999999956e+00
1.199999999999999956e+00
1.199999999999999956e+00
4.827996435851167334e-01
4.827996435851167334e-01
7.818312143573349915e-02
7.818312143573349915e-02
1.199999999999999956e+00
1.199999999999999956e+00
1.199999999999999956e+00
1.199999999999999956e+00
1.201539816060517851e-01
1.201539816060517851e-01
4.424255070712208582e-01
4.424255070712208582e-01
1.977907104574733177e-02
1.977907104574733177e-02
1.199999999999999956e+00
1.199999999999999956e+00
1.199999999999999956e+00
1.199999999999999956e+00
2.258895282883893185e-01
2.258895282883893185e-01
2.111510751145304343e-01
2.111510751145304343e-01
1.789011078248434750e-01
1.789011078248434750e-01
1.550927591853600018e-01
1.550927591853600018e-01
8.575684516325780826e-02
8.575684516325780826e-02
1.199999999999999956e+00
1.199999999999999956e+00
1.556811365831864413e-01
1.556811365831864413e-01
5.833392833380243170e-01
5.833392833380243170e-01
5.232129533734689586e-01
5.232129533734689586e-01
2.888958446256691404e-01
2.888958446256691404e-01
4.557309191341114667e-03
4.557309191341114667e-03
1.199999999999999956e+00
1.199999999999999956e+00
4.532296905779376051e-01
4.532296905779376051e-01
7.657594608104244249e-02
7.657594608104244249e-02
1.199999999999999956e+00
1.199999999999999956e+00
1.814676788840928479e-01
1.814676788840928479e-01
1.292262559989849069e-01
1.292262559989849069e-01
1.199999999999999956e+00
1.199999999999999956e+00
9.547976119669897288e-02
9.547976119669897288e-02
4.525658708756104542e-01
4.525658708756104542e-01
5.018351047250083768e-02
5.018351047250083768e-02
1.199999999999999956e+00
1.199999999999999956e+00
4.891351886550112105e-01
4.891351886550112105e-01
1.680732450915297382e-01
1.680732450915297382e-01
1.855544222439883262e-01
1.855544222439883262e-01
4.624316120028647004e-01
4.624316120028647004e-01
1.199999999999999956e+00
1.199999999999999956e+00
2.193175790050175822e-01
2.193175790050175822e-01
1.120183243930754496e-01
1.120183243930754496e-01
1.085140297025346090e+00
1.085140297025346090e+00
2.831436975471527950e-01
2.831436975471527950e-01
5.862621301678337948e-01
5.862621301678337948e-01
3.866440772855928021e-02
3.866440772855928021e-02
3.901796251140839111e-02
3.901796251140839111e-02
3.103086049510072053e-01
3.103086049510072053e-01
1.036930619833723810e+00
1.036930619833723810e+00
2.298613727105161542e-01
2.298613727105161542e-01
3.002446874126322163e-01
3.002446874126322163e-01
1.199999999999999956e+00
1.199999999999999956e+00
1.199999999999999956e+00
1.199999999999999956e+00
3.851800149065547907e-01
3.851800149065547907e-01
4.367598681368847768e-01
4.367598681368847768e-01
2.276622747327860796e-01
2.276622747327860796e-01
1.199999999999999956e+00
1.199999999999999956e+00
2.026709057677479608e-01
2.026709057677479608e-01
2.854485934691186610e-01
2.854485934691186610e-01
4.533723902423771879e-01
4.533723902423771879e-01
3.169815279151779741e-01
3.169815279151779741e-01
1.199999999999999956e+00
1.199999999999999956e+00
6.077153637898505822e-01
6.077153637898505822e-01
4.039084126172751699e-01
4.039084126172751699e-01
1.102059448597717504e-02
1.102059448597717504e-02
1.015860190239315508e-01
1.015860190239315508e-01
6.153102516691997259e-01
6.153102516691997259e-01
6.941306505594382337e-01
6.941306505594382337e-01
3.970461510282548567e-01
3.970461510282548567e-01
2.832845257061070154e-01
2.832845257061070154e-01
1.248620149071101859e-01
1.248620149071101859e-01
1.966080473962219521e-01
1.966080473962219521e-01
1.006755249923682732e-01
1.006755249923682732e-01
4.505161757542664458e-01
4.505161757542664458e-01
1.993038049478366436e-01
1.993038049478366436e-01
1.199999999999999956e+00
1.199999999999999956e+00
4.936344079572965171e-01
4.936344079572965171e-01
4.795689909719286215e-01
4.795689909719286215e-01
4.411551902935573199e-02
4.411551902935573199e-02
1.957609973924292687e-02
1.957609973924292687e-02
9.015465095007728358e-02
9.015465095007728358e-02
1.199999999999999956e+00
1.199999999999999956e+00
4.633155387705604200e-01
4.633155387705604200e-01
1.061268797854159063e-01
1.061268797854159063e-01
3.947918613274778998e-01
3.947918613274778998e-01
2.762217784785775954e-01
2.762217784785775954e-01
2.942412426299332306e-01
2.942412426299332306e-01
1.199999999999999956e+00
1.199999999999999956e+00
9.984241201802096510e-02
9.984241201802096510e-02
7.243138675555919059e-01
7.243138675555919059e-01
3.002003751242036111e-01
3.002003751242036111e-01
5.991583568938108062e-01
5.991583568938108062e-01
1.459114985503418283e-01
1.459114985503418283e-01
2.819987024738286885e-01
2.819987024738286885e-01
1.199999999999999956e+00
1.199999999999999956e+00
6.963522986392404190e-01
6.963522986392404190e-01
6.472297235155267947e-02
6.472297235155267947e-02
8.271133158479201941e-02
8.271133158479201941e-02
2.673013426536829384e-01
2.673013426536829384e-01
8.369695442968594357e-02
8.369695442968594357e-02
1.332398878644575346e-01
1.332398878644575346e-01
1.199999999999999956e+00
1.199999999999999956e+00
2.214147487190182562e-01
2.214147487190182562e-01
1.199999999999999956e+00
1.199999999999999956e+00
1.001855884234204019e-01
1.001855884234204019e-01
4.884812793496888794e-01
4.884812793496888794e-01
3.621249162011440093e-01
3.621249162011440093e-01
2.365921186893406858e-01
2.365921186893406858e-01
1.199999999999999956e+00
1.199999999999999956e+00
5.637849177084197638e-01
5.637849177084197638e-01
2.864481872213398006e-01
2.864481872213398006e-01
5.055427341798805069e-02
5.055427341798805069e-02
9.509596130638546529e-02
9.509596130638546529e-02
1.277004365337284786e-01
1.277004365337284786e-01
4.894283355123880686e-01
4.894283355123880686e-01
1.199999999999999956e+00
1.199999999999999956e+00
7.838211806190299724e-02
7.838211806190299724e-02
2.446209900836064099e-01
2.446209900836064099e-01
4.217883824963613026e-01
4.217883824963613026e-01
2.671260552778948472e-01
2.671260552778948472e-01
1.199999999999999956e+00
1.199999999999999956e+00
1.418536089808760670e-01
1.418536089808760670e-01
5.417454545349212891e-01
5.417454545349212891e-01
6.682638002621300866e-02
6.682638002621300866e-02
4.843442089694378894e-02
4.843442089694378894e-02
4.546629395301721721e-01
4.546629395301721721e-01
1.199999999999999956e+00
1.199999999999999956e+00
2.361413886298366002e-02
2.361413886298366002e-02
4.556817182972022207e-01
4.556817182972022207e-01
1.236687094522596064e-01
1.236687094522596064e-01
4.311396553019875566e-01
4.311396553019875566e-01
5.029803882139590732e-01
5.029803882139590732e-01
1.650200155168976557e-01
1.650200155168976557e-01
3.982546568587762015e-01
3.982546568587762015e-01
1.365281281362137056e-01
1.365281281362137056e-01
4.025839277246030523e-01
4.025839277246030523e-01
2.781506756874256303e-01
2.781506756874256303e-01
4.215663830634570619e-01
4.215663830634570619e-01
1.199999999999999956e+00
1.199999999999999956e+00
1.124356904652458466e-01
1.124356904652458466e-01
1.074820994592137063e-01
1.074820994592137063e-01
1.920038238251007279e-01
1.920038238251007279e-01
1.199999999999999956e+00
1.199999999999999956e+00
7.760805753343742452e-01
7.760805753343742452e-01
3.433671729915449555e-01
3.433671729915449555e-01
1.589993224072038247e-01
1.589993224072038247e-01
8.317408477410276335e-02
8.317408477410276335e-02
1.199999999999999956e+00
1.199999999999999956e+00
8.479565317510501243e-01
8.479565317510501243e-01
1.970727560955532198e-01
1.970727560955532198e-01
3.795525084778352820e-01
3.795525084778352820e-01
3.512755071038266563e-01
3.512755071038266563e-01
1.199999999999999956e+00
1.199999999999999956e+00
1.374606339078147110e-01
1.374606339078147110e-01
6.219720164519454420e-01
6.219720164519454420e-01
1.199999999999999956e+00
1.199999999999999956e+00
1.801502864936433967e-01
1.801502864936433967e-01
5.301963438134565942e-01
5.301963438134565942e-01
1.008379083872061877e-01
1.008379083872061877e-01
1.199999999999999956e+00
1.199999999999999956e+00
1.199999999999999956e+00
1.199999999999999956e+00
1.199999999999999956e+00
1.199999999999999956e+00
1.240099130157415186e-01
1.240099130157415186e-01
1.199999999999999956e+00
1.199999999999999956e+00
6.355851662571090355e-01
6.355851662571090355e-01
1.218592984242409527e-01
1.218592984242409527e-01
2.186738991485741579e-01
2.186738991485741579e-01
1.087576802304912466e-01
1.087576802304912466e-01
4.823312265112947306e-01
4.823312265112947306e-01
1.199999999999999956e+00
1.199999999999999956e+00
4.068593703159436442e-02
4.068593703159436442e-02
2.482596039507296293e-01
2.482596039507296293e-01
1.199999999999999956e+00
1.199999999999999956e+00
3.438055331053428976e-01
3.438055331053428976e-01
1.164329612179262619e-01
1.164329612179262619e-01
3.721838113748265897e-01
3.721838113748265897e-01
5.988583075067627215e-01
5.988583075067627215e-01
1.216985786099515771e-01
1.216985786099515771e-01
4.787554124581282489e-01
4.787554124581282489e-01
7.497529376651614064e-02
7.497529376651614064e-02
7.756920182003388536e-03
7.756920182003388536e-03
7.939809909086728013e-01
7.939809909086728013e-01
4.110348794024812347e-01
4.110348794024812347e-01
1.199999999999999956e+00
1.199999999999999956e+00
3.353358201980705458e-03
3.353358201980705458e-03
2.839404395717992288e-02
2.839404395717992288e-02
8.206388637323687452e-02
8.206388637323687452e-02
3.909065189194660950e-01
3.909065189194660950e-01
1.192091185039145795e-01
1.192091185039145795e-01
1.013765507327677243e-02
1.013765507327677243e-02
4.030242349274387736e-01
4.030242349274387736e-01
1.803891060312963202e-01
1.803891060312963202e-01
3.217862055732405024e-01
3.217862055732405024e-01
1.199999999999999956e+00
1.199999999999999956e+00
5.503206391600807823e-01
5.503206391600807823e-01
1.199999999999999956e+00
1.199999999999999956e+00
6.213890400081782950e-01
6.213890400081782950e-01
6.211543459586367222e-01
6.211543459586367222e-01
1.199999999999999956e+00
1.199999999999999956e+00
1.199999999999999956e+00
1.199999999999999956e+00
2.683158482503377740e-01
2.683158482503377740e-01
2.134345030948738564e-01
2.134345030948738564e-01
1.199999999999999956e+00
1.199999999999999956e+00
5.422564002934863181e-01
5.422564002934863181e-01
7.284026357183687878e-03
7.284026357183687878e-03
5.337802339353611147e-01
5.337802339353611147e-01
9.691489190319829694e-02
9.691489190319829694e-02
4.127766425519471816e-01
4.127766425519471816e-01
1.417392509469268536e-01
1.417392509469268536e-01
1.199999999999999956e+00
1.199999999999999956e+00
2.179414320572783947e-01
2.179414320572783947e-01
6.651477567923703704e-01
6.651477567923703704e-01
3.644322898102188985e-02
3.644322898102188985e-02
1.199999999999999956e+00
1.199999999999999956e+00
2.144631838956830017e-02
2.144631838956830017e-02
2.392888080735939837e-01
2.392888080735939837e-01
3.933332471639561234e-01
3.933332471639561234e-01
1.199999999999999956e+00
1.199999999999999956e+00
4.932684777137276710e-01
4.932684777137276710e-01
4.621129853372074603e-01
4.621129853372074603e-01
1.199999999999999956e+00
1.199999999999999956e+00
4.565852351720837143e-01
4.565852351720837143e-01
2.884973645357044036e-01
2.884973645357044036e-01
4.856762710350018830e-01
4.856762710350018830e-01
3.376956669813603318e-01
3.376956669813603318e-01
4.040516892344989675e-01
4.040516892344989675e-01
1.199999999999999956e+00
1.199999999999999956e+00
1.199999999999999956e+00
1.199999999999999956e+00
1.523095293752283752e-01
1.523095293752283752e-01
2.658089504202971742e-01
2.658089504202971742e-01
3.888587421973110914e-02
3.888587421973110914e-02
3.531388730937226605e-01
3.531388730937226605e-01
1.199999999999999956e+00
1.199999999999999956e+00
6.060321574135596467e-02
6.060321574135596467e-02
2.979646175879839265e-01
2.979646175879839265e-01
1.199999999999999956e+00
1.199999999999999956e+00
2.241056983878048081e-01
2.241056983878048081e-01
5.647255659743816159e-01
5.647255659743816159e-01
3.005611951205583443e-02
3.005611951205583443e-02
5.865997636403440518e-01
5.865997636403440518e-01
3.601899699080062245e-01
3.601899699080062245e-01
2.204809764221002111e-01
2.204809764221002111e-01
4.193106480175171069e-01
4.193106480175171069e-01
1.565098702898672367e-01
1.565098702898672367e-01
4.433541066139577436e-01
4.433541066139577436e-01
1.199999999999999956e+00
1.199999999999999956e+00
1.199999999999999956e+00
1.199999999999999956e+00
5.191443202418133396e-02
5.191443202418133396e-02
2.921998445635922148e-01
2.921998445635922148e-01
4.502104632361615955e-01
4.502104632361615955e-01
3.203503846861108784e-01
3.203503846861108784e-01
2.891954917496623589e-01
2.891954917496623589e-01
1.199999999999999956e+00
1.199999999999999956e+00
9.389803645042775482e-02
9.389803645042775482e-02
9.091363233617356931e-02
9.091363233617356931e-02
1.660401516910924857e-01
1.660401516910924857e-01
9.879100463465972926e-02
9.879100463465972926e-02
2.768195014360754214e-01
2.768195014360754214e-01
4.285035358616676865e-02
4.285035358616676865e-02
4.918924226545273726e-02
4.918924226545273726e-02
2.150382883502799936e-01
2.150382883502799936e-01
3.338382138001512178e-01
3.338382138001512178e-01
1.235340779244189502e-01
1.235340779244189502e-01
6.395379819195899651e-02
6.395379819195899651e-02
1.199999999999999956e+00
1.199999999999999956e+00
1.199999999999999956e+00
1.199999999999999956e+00
1.785650249770098230e-01
1.785650249770098230e-01
4.972832651596788001e-01
4.972832651596788001e-01
8.039559645686861211e-01
8.039559645686861211e-01
1.233736078164687638e-01
1.233736078164687638e-01
1.199999999999999956e+00
1.199999999999999956e+00
1.199999999999999956e+00
1.199999999999999956e+00
3.249059587338720689e-01
3.249059587338720689e-01
6.901111625718013842e-01
6.901111625718013842e-01
5.377125822254979343e-02
5.377125822254979343e-02
7.562746666810415963e-01
7.562746666810415963e-01
4.453444553187571597e-01
4.453444553187571597e-01
1.947787645712040216e-01
1.947787645712040216e-01
7.401210361351138189e-01
7.401210361351138189e-01
3.697538331300319336e-02
3.697538331300319336e-02
9.927699250603992318e-03
9.927699250603992318e-03
1.025458027176361642e-01
1.025458027176361642e-01
1.667728875760235152e-01
1.667728875760235152e-01
1.199999999999999956e+00
1.199999999999999956e+00
5.157125276715149864e-01
5.157125276715149864e-01
3.393279004673743077e-02
3.393279004673743077e-02
5.726847161069773540e-01
5.726847161069773540e-01
4.804177100349162899e-01
4.804177100349162899e-01
1.199999999999999956e+00
1.199999999999999956e+00
1.445327572476604316e-01
1.445327572476604316e-01
5.698372680620880648e-02
5.698372680620880648e-02
8.405135819354800364e-02
8.405135819354800364e-02
1.199999999999999956e+00
1.199999999999999956e+00
2.356053152042215104e-01
2.356053152042215104e-01
8.810909922775829461e-02
8.810909922775829461e-02
1.587722573558027206e-01
1.587722573558027206e-01
6.124680460773238577e-01
6.124680460773238577e-01
3.681638866063906557e-01
3.681638866063906557e-01
1.199999999999999956e+00
1.199999999999999956e+00
2.707474182408290408e-01
2.707474182408290408e-01
3.688347367494304030e-01
3.688347367494304030e-01
8.370831221407781797e-01
8.370831221407781797e-01
5.519506888237801778e-01
5.519506888237801778e-01
4.569228594740779026e-02
4.569228594740779026e-02
1.199999999999999956e+00
1.199999999999999956e+00
1.199999999999999956e+00
1.199999999999999956e+00
1.199999999999999956e+00
1.199999999999999956e+00
2.049802584330176827e-02
2.049802584330176827e-02
3.500616920755121875e-01
3.500616920755121875e-01
1.538042870856562994e-01
1.538042870856562994e-01
8.043312414572646729e-02
8.043312414572646729e-02
2.223762794986209601e-01
2.223762794986209601e-01
5.519454013501804424e-01
5.519454013501804424e-01
9.845544708503921605e-01
9.845544708503921605e-01
1.167946492871883568e-01
1.167946492871883568e-01
1.762985106544280312e-01
1.762985106544280312e-01
1.121883177885445310e-01
1.121883177885445310e-01
1.828800491207044354e-02
1.828800491207044354e-02
6.030249776932873340e-01
6.030249776932873340e-01
1.199999999999999956e+00
1.199999999999999956e+00
5.291094967915153102e-01
5.291094967915153102e-01
6.796717050450667985e-01
6.796717050450667985e-01
1.427755551442140601e-03
1.427755551442140601e-03
1.199999999999999956e+00
1.199999999999999956e+00
8.173590946794174750e-01
8.173590946794174750e-01
4.181960076381360802e-02
4.181960076381360802e-02
2.995219784590397172e-02
2.995219784590397172e-02
1.199999999999999956e+00
1.199999999999999956e+00
5.294052284392099239e-02
5.294052284392099239e-02
7.872622428792145355e-01
7.872622428792145355e-01
6.137857177822418908e-01
6.137857177822418908e-01
3.123157946934380091e-01
3.123157946934380091e-01
1.089738384330288384e-01
1.089738384330288384e-01
1.199999999999999956e+00
1.199999999999999956e+00
1.367531050012071869e-01
1.367531050012071869e-01
1.199999999999999956e+00
1.199999999999999956e+00
1.991707626926599028e-01
1.991707626926599028e-01
6.152170536633403408e-01
6.152170536633403408e-01
3.985971927642744106e-01
3.985971927642744106e-01
1.237294211782277442e-01
1.237294211782277442e-01
4.362312444697014624e-01
4.362312444697014624e-01
4.584803908621220003e-01
4.584803908621220003e-01
1.100732050020216540e-02
1.100732050020216540e-02
1.199999999999999956e+00
1.199999999999999956e+00
5.270643335476677960e-01
5.270643335476677960e-01
2.520250843236776506e-01
2.520250843236776506e-01
3.246256728360177868e-01
3.246256728360177868e-01
3.036475235220734842e-02
3.036475235220734842e-02
4.791027260774804453e-01
4.791027260774804453e-01
1.532109150873297576e-01
1.532109150873297576e-01
2.224418611314836203e-01
2.224418611314836203e-01
4.799290349331880035e-01
4.799290349331880035e-01
1.453483817416028057e-01
1.453483817416028057e-01
1.199999999999999956e+00
1.199999999999999956e+00
7.156693895041505993e-01
7.156693895041505993e-01
7.827676448209792692e-01
7.827676448209792692e-01
1.048022769036612845e-01
1.048022769036612845e-01
4.643243080168844017e-01
4.643243080168844017e-01
5.616259002901948794e-01
5.616259002901948794e-01
1.199999999999999956e+00
1.199999999999999956e+00
9.256765938879762956e-02
9.256765938879762956e-02
1.147420580627418751e-02
1.147420580627418751e-02
2.734596255388968555e-01
2.734596255388968555e-01
2.548332490908590819e-01
2.548332490908590819e-01
4.001755667426287050e-02
4.001755667426287050e-02
1.199999999999999956e+00
1.199999999999999956e+00
5.301538143171488637e-02
5.301538143171488637e-02
4.221409013885581429e-01
4.221409013885581429e-01
1.103346487114199442e-01
1.103346487114199442e-01
1.199999999999999956e+00
1.199999999999999956e+00
2.974761524520088130e-01
2.974761524520088130e-01
1.199999999999999956e+00
1.199999999999999956e+00
3.460716644680110199e-01
3.460716644680110199e-01
8.251563460266542194e-02
8.251563460266542194e-02
1.798535919854596654e-01
1.798535919854596654e-01
1.517201211051438514e-01
1.517201211051438514e-01
1.075229262748170767e-01
1.075229262748170767e-01
2.210361892827649999e-01
2.210361892827649999e-01
4.408955495754527942e-01
4.408955495754527942e-01
4.412338369823805562e-01
4.412338369823805562e-01
1.199999999999999956e+00
1.199999999999999956e+00
1.199999999999999956e+00
1.199999999999999956e+00
1.199999999999999956e+00
1.199999999999999956e+00
1.199999999999999956e+00
1.199999999999999956e+00
8.174359643444498724e-01
8.174359643444498724e-01
1.199999999999999956e+00
1.199999999999999956e+00
1.199999999999999956e+00
1.199999999999999956e+00
5.347004913949965355e-02
5.347004913949965355e-02
1.450401270984323088e-01
1.450401270984323088e-01
2.110106058418877162e-02
2.110106058418877162e-02
8.129502517520767815e-03
8.129502517520767815e-03
1.934272590542976955e-01
1.934272590542976955e-01
6.729938277131068680e-02
6.729938277131068680e-02
5.136860626820979325e-01
5.136860626820979325e-01
3.924958172295138319e-03
3.924958172295138319e-03
2.831274488454955662e-01
2.831274488454955662e-01
1.199999999999999956e+00
1.199999999999999956e+00
8.638267851220939875e-01
8.638267851220939875e-01
1.030932101778748278e+00
1.030932101778748278e+00
1.909405667160979370e-01
1.909405667160979370e-01
5.508115081344077540e-02
5.508115081344077540e-02
2.791005603451844896e-01
2.791005603451844896e-01
4.038607964463059030e-02
4.038607964463059030e-02
2.212077566291160025e-03
2.212077566291160025e-03
2.195458048360426906e-01
2.195458048360426906e-01
1.595539418496534079e-01
1.595539418496534079e-01
1.144411160293674068e-01
1.144411160293674068e-01
1.199999999999999956e+00
1.199999999999999956e+00
1.848903771255958617e-01
1.848903771255958617e-01
4.103261670622131430e-01
4.103261670622131430e-01
1.718240881286041688e-01
1.718240881286041688e-01
1.876932956694083721e-01
1.876932956694083721e-01
1.199999999999999956e+00
1.199999999999999956e+00
2.992261362483181197e-01
2.992261362483181197e-01
1.199999999999999956e+00
1.199999999999999956e+00
4.399489342172462902e-01
4.399489342172462902e-01
8.997429641712521159e-03
8.997429641712521159e-03
4.284650974924066880e-01
4.284650974924066880e-01
6.481299028028081333e-02
6.481299028028081333e-02
2.512220131668957968e-01
2.512220131668957968e-01
3.888048459739494866e-01
3.888048459739494866e-01
1.199999999999999956e+00
1.199999999999999956e+00
2.688330056436921689e-01
2.688330056436921689e-01
2.497837840761900005e-02
2.497837840761900005e-02
5.249142114829605799e-01
5.249142114829605799e-01
1.571202932529660590e-01
1.571202932529660590e-01
1.199999999999999956e+00
1.199999999999999956e+00
5.681855390253097715e-01
5.681855390253097715e-01
1.199999999999999956e+00
1.199999999999999956e+00
9.702783633806648655e-01
9.702783633806648655e-01
1.266827130024177073e-01
1.266827130024177073e-01
1.848366141771077761e-02
1.848366141771077761e-02
2.607466151561006057e-02
2.607466151561006057e-02
6.967728230931646838e-01
6.967728230931646838e-01
1.544167148629084496e-01
1.544167148629084496e-01
5.864719606923323170e-01
5.864719606923323170e-01
6.546680150892201233e-01
6.546680150892201233e-01
2.051942239672289170e-01
2.051942239672289170e-01
2.461199452484280070e-01
2.461199452484280070e-01
2.794398657610754344e-01
2.794398657610754344e-01
2.645735069032366105e-01
2.645735069032366105e-01
1.829120926201235620e-01
1.829120926201235620e-01
4.875774810724615715e-01
4.875774810724615715e-01
3.900067664439328952e-01
3.900067664439328952e-01
1.281687375726607292e-01
1.281687375726607292e-01
1.319878606034475543e-01
1.319878606034475543e-01
8.459284459248202215e-02
8.459284459248202215e-02
3.785937362207857371e-01
3.785937362207857371e-01
2.688389666685774282e-01
2.688389666685774282e-01
9.202552193272307834e-02
9.202552193272307834e-02
1.199999999999999956e+00
1.199999999999999956e+00
4.675671361946994731e-01
4.675671361946994731e-01
8.242040212262957688e-01
8.242040212262957688e-01
3.240974637601790054e-01
3.240974637601790054e-01
1.893496898747180357e-01
1.893496898747180357e-01
2.219079339840457910e-01
2.219079339840457910e-01
1.784201611709088919e-01
1.784201611709088919e-01
3.622355231399365105e-01
3.622355231399365105e-01
6.089998677836350183e-02
6.089998677836350183e-02
1.906307053248148531e-01
1.906307053248148531e-01
2.704165920011059598e-01
2.704165920011059598e-01
1.199999999999999956e+00
1.199999999999999956e+00
9.086793838022626524e-01
9.086793838022626524e-01
1.199999999999999956e+00
1.199999999999999956e+00
6.045896553445400112e-01
6.045896553445400112e-01
1.917368386988897444e-01
1.917368386988897444e-01
3.739451849142529927e-01
3.739451849142529927e-01
1.199999999999999956e+00
1.199999999999999956e+00
3.759259631705273996e-01
3.759259631705273996e-01
2.465661177369842250e-01
2.465661177369842250e-01
1.199999999999999956e+00
1.199999999999999956e+00
8.533490652522883468e-02
8.533490652522883468e-02
1.841379408940309603e-01
1.841379408940309603e-01
2.349602339301067044e-02
2.349602339301067044e-02
1.199999999999999956e+00
1.199999999999999956e+00
2.685587409734744857e-01
2.685587409734744857e-01
2.652535954393350770e-01
2.652535954393350770e-01
1.199999999999999956e+00
1.199999999999999956e+00
3.041044898419147935e-01
3.041044898419147935e-01
1.080353470846229756e-02
1.080353470846229756e-02
4.445782173825370276e-02
4.445782173825370276e-02
2.690212450843942546e-02
2.690212450843942546e-02
1.507582044926935316e-01
1.507582044926935316e-01
8.778464676656136390e-02
8.778464676656136390e-02
4.807952757863993565e-01
4.807952757863993565e-01
9.132130110991211192e-01
9.132130110991211192e-01
1.256199398868823314e-01
1.256199398868823314e-01
2.169059916986030567e-01
2.169059916986030567e-01
2.308211793048006166e-01
2.308211793048006166e-01
6.703939285409309112e-02
6.703939285409309112e-02
1.633852682009221194e-02
1.633852682009221194e-02
1.060312126678403591e-02
1.060312126678403591e-02
3.649766739085084227e-02
3.649766739085084227e-02
6.036326294597730291e-01
6.036326294597730291e-01
3.788914534589961636e-01
3.788914534589961636e-01
5.961517158834900298e-01
5.961517158834900298e-01
2.171562512437704984e-01
2.171562512437704984e-01
1.199999999999999956e+00
1.199999999999999956e+00
1.199999999999999956e+00
1.199999999999999956e+00
8.684276211383519239e-01
8.684276211383519239e-01
6.964471260063849201e-01
6.964471260063849201e-01
6.845084792071159940e-01
6.845084792071159940e-01
1.733765372790629367e-01
1.733765372790629367e-01
1.026737694459714662e-01
1.026737694459714662e-01
1.199999999999999956e+00
1.199999999999999956e+00
3.362040742533536908e-01
3.362040742533536908e-01
2.220411308295864028e-01
2.220411308295864028e-01
1.199999999999999956e+00
1.199999999999999956e+00
1.199999999999999956e+00
1.199999999999999956e+00
5.530421946160363200e-01
5.530421946160363200e-01
1.199999999999999956e+00
1.199999999999999956e+00
1.947920320356702761e-01
1.947920320356702761e-01
3.494865849759169751e-02
3.494865849759169751e-02
1.199999999999999956e+00
1.199999999999999956e+00
3.046746022136575735e-02
3.046746022136575735e-02
2.898816466667230585e-01
2.898816466667230585e-01
6.347615916664943736e-01
6.347615916664943736e-01
6.296512666576750128e-01
6.296512666576750128e-01
2.060837300712257125e-01
2.060837300712257125e-01
7.764736312568641663e-02
7.764736312568641663e-02
4.079093065157508510e-03
4.079093065157508510e-03
2.253563041119908128e-01
2.253563041119908128e-01
8.246138164261988812e-02
8.246138164261988812e-02
2.651319642082415884e-01
2.651319642082415884e-01
5.783310783529439503e-01
5.783310783529439503e-01
1.656686882569076702e-01
1.656686882569076702e-01
3.121137466437212682e-01
3.121137466437212682e-01
1.199999999999999956e+00
1.199999999999999956e+00
3.740000404753078822e-01
3.740000404753078822e-01
2.767484905826427324e-02
2.767484905826427324e-02
1.886894395601033114e-01
1.886894395601033114e-01
1.422563792158022811e-02
1.422563792158022811e-02
1.907699016320072716e-01
1.907699016320072716e-01
3.507630584846508359e-01
3.507630584846508359e-01
1.645234116819079828e-01
1.645234116819079828e-01
4.608565797162835764e-01
4.608565797162835764e-01
6.023227485419017091e-01
6.023227485419017091e-01
1.342291037984168212e-01
1.342291037984168212e-01
1.260680280359705863e-01
1.260680280359705863e-01
6.373864641984712254e-01
6.373864641984712254e-01
8.568579943767314078e-03
8.568579943767314078e-03
2.210747861235924927e-01
2.210747861235924927e-01
1.186055084140095195e-01
1.186055084140095195e-01
