1.905734810915066246e-01
1.905734810915066246e-01
1.199999999999999956e+00
1.199999999999999956e+00
1.232066290210934723e-01
1.232066290210934723e-01
3.522342243731231559e-02
3.522342243731231559e-02
1.303316892377338609e-01
1.303316892377338609e-01
3.853402105001364486e-01
3.853402105001364486e-01
2.695037851598016676e-01
2.695037851598016676e-01
3.636870629436887992e-01
3.636870629436887992e-01
3.228649134501824711e-03
3.228649134501824711e-03
4.560985562614640054e-01
4.560985562614640054e-01
2.029659895630752109e-01
2.029659895630752109e-01
1.808617263001975062e-01
1.808617263001975062e-01
1.499090285017092572e-01
1.499090285017092572e-01
2.241271147396515784e-01
2.241271147396515784e-01
1.124920436688369718e-01
1.124920436688369718e-01
7.768385795248149150e-02
7.768385795248149150e-02
7.656574115466996400e-02
7.656574115466996400e-02
3.176411503238932288e-01
3.176411503238932288e-01
3.360091092584059913e-01
3.360091092584059913e-01
1.199999999999999956e+00
1.199999999999999956e+00
1.199999999999999956e+00
1.199999999999999956e+00
1.199999999999999956e+00
1.199999999999999956e+00
2.091248789275516884e-01
2.091248789275516884e-01
3.241281992833580650e-01
3.241281992833580650e-01
5.217439890331452279e-01
5.217439890331452279e-01
3.639514947155983449e-01
3.639514947155983449e-01
1.199999999999999956e+00
1.199999999999999956e+00
9.073238138954414778e-01
9.073238138954414778e-01
5.498297657138926514e-02
5.498297657138926514e-02
8.230262129042133223e-03
8.230262129042133223e-03
3.592764938953521003e-01
3.592764938953521003e-01
1.199999999999999956e+00
1.199999999999999956e+00
5.498443475908003641e-01
5.498443475908003641e-01
1.199999999999999956e+00
1.199999999999999956e+00
1.199999999999999956e+00
1.199999999999999956e+00
1.199999999999999956e+00
1.199999999999999956e+00
1.199999999999999956e+00
1.199999999999999956e+00
2.536901586671742037e-01
2.536901586671742037e-01
1.199999999999999956e+00
1.199999999999999956e+00
6.324215299615126851e-01
6.324215299615126851e-01
1.645297907877711630e-01
1.645297907877711630e-01
3.105625447897227276e-01
3.105625447897227276e-01
1.006971996779443129e-01
1.006971996779443129e-01
8.778422804148544589e-01
8.778422804148544589e-01
2.983009139016007949e-01
2.983009139016007949e-01
3.156540412348098346e-01
3.156540412348098346e-01
3.570119226799629564e-01
3.570119226799629564e-01
1.272392456759620372e-01
1.272392456759620372e-01
4.135211051776778723e-01
4.135211051776778723e-01
3.701082088365571787e-02
3.701082088365571787e-02
2.129040566711010996e-01
2.129040566711010996e-01
6.939580214176622741e-01
6.939580214176622741e-01
6.302410356745599684e-02
6.302410356745599684e-02
1.199999999999999956e+00
1.199999999999999956e+00
1.199999999999999956e+00
1.199999999999999956e+00
9.644093575602885604e-02
9.644093575602885604e-02
1.382188706013114943e-01
1.382188706013114943e-01
1.199999999999999956e+00
1.199999999999999956e+00
1.888414499561856183e-02
1.888414499561856183e-02
1.199999999999999956e+00
1.199999999999999956e+00
3.322920426164532315e-01
3.322920426164532315e-01
1.199999999999999956e+00
1.199999999999999956e+00
4.593215741688009834e-01
4.593215741688009834e-01
1.507814127872504906e-01
1.507814127872504906e-01
6.446722464502415706e-01
6.446722464502415706e-01
1.199999999999999956e+00
1.199999999999999956e+00
1.354722800573195454e-02
1.354722800573195454e-02
3.806762886039674054e-01
3.806762886039674054e-01
6.647318141843726602e-01
6.647318141843726602e-01
4.153193002392252531e-01
4.153193002392252531e-01
2.743068342835549775e-02
2.743068342835549775e-02
1.338372067154937339e-02
1.338372067154937339e-02
2.199755471613835944e-02
2.199755471613835944e-02
8.567814179484325998e-02
8.567814179484325998e-02
3.742588361539969100e-01
3.742588361539969100e-01
5.249965164011236723e-02
5.249965164011236723e-02
3.372870046339215833e-01
3.372870046339215833e-01
2.853175132887252885e-01
2.853175132887252885e-01
6.571445925939077559e-02
6.571445925939077559e-02
1.199999999999999956e+00
1.199999999999999956e+00
2.360654306984126538e-01
2.360654306984126538e-01
4.530166112605520379e-01
4.530166112605520379e-01
1.321868002226130601e-01
1.321868002226130601e-01
4.400806962957852786e-01
4.400806962957852786e-01
1.199999999999999956e+00
1.199999999999999956e+00
5.536700314017813929e-01
5.536700314017813929e-01
1.199999999999999956e+00
1.199999999999999956e+00
2.989215487875271360e-01
2.989215487875271360e-01
1.419543930639872997e-01
1.419543930639872997e-01
6.812240383883895189e-01
6.812240383883895189e-01
2.379028959020406675e-01
2.379028959020406675e-01
2.962704854917668218e-01
2.962704854917668218e-01
7.434967318223062449e-01
7.434967318223062449e-01
1.199999999999999956e+00
1.199999999999999956e+00
1.199999999999999956e+00
1.199999999999999956e+00
6.182445922391773818e-01
6.182445922391773818e-01
6.842935888148873325e-01
6.842935888148873325e-01
4.802726640339725073e-01
4.802726640339725073e-01
4.572202567455182498e-01
4.572202567455182498e-01
2.811041472236601169e-01
2.811041472236601169e-01
6.549749098141142978e-02
6.549749098141142978e-02
4.644894430641106076e-01
4.644894430641106076e-01
1.199999999999999956e+00
1.199999999999999956e+00
1.199999999999999956e+00
1.199999999999999956e+00
1.199999999999999956e+00
1.199999999999999956e+00
1.199999999999999956e+00
1.199999999999999956e+00
5.870100527260030399e-01
5.870100527260030399e-01
5.233991461647286014e-01
5.233991461647286014e-01
4.639891607188081912e-01
4.639891607188081912e-01
1.199999999999999956e+00
1.199999999999999956e+00
3.269336770840937656e-01
3.269336770840937656e-01
4.510434250790391619e-01
4.510434250790391619e-01
1.285400390316054353e-01
1.285400390316054353e-01
5.010275400669746311e-03
5.010275400669746311e-03
2.324401799606786168e-01
2.324401799606786168e-01
4.319623359294577636e-01
4.319623359294577636e-01
2.741018807327784135e-01
2.741018807327784135e-01
1.166058067335453974e-01
1.166058067335453974e-01
3.672925051984968770e-01
3.672925051984968770e-01
9.730868054930340572e-01
9.730868054930340572e-01
7.301352299935001122e-01
7.301352299935001122e-01
1.875950215673859167e-01
1.875950215673859167e-01
7.644989624988263177e-02
7.644989624988263177e-02
1.847197013342233851e-01
1.847197013342233851e-01
3.154440051201798378e-01
3.154440051201798378e-01
1.167622535804044431e-01
1.167622535804044431e-01
1.199999999999999956e+00
1.199999999999999956e+00
1.199999999999999956e+00
1.199999999999999956e+00
9.536063334930514612e-01
9.536063334930514612e-01
6.345174841116517361e-02
6.345174841116517361e-02
3.334880422852708193e-02
3.334880422852708193e-02
1.348800419901531045e-01
1.348800419901531045e-01
1.199999999999999956e+00
1.199999999999999956e+00
1.238576515363210701e-01
1.238576515363210701e-01
1.790249978968098954e-02
1.790249978968098954e-02
1.644335397879750083e-01
1.644335397879750083e-01
9.397525585250815494e-02
9.397525585250815494e-02
5.821907312266495493e-01
5.821907312266495493e-01
3.190004492958846694e-01
3.190004492958846694e-01
5.970501018891510858e-01
5.970501018891510858e-01
1.199999999999999956e+00
1.199999999999999956e+00
4.428590809164431596e-01
4.428590809164431596e-01
6.141207175452332440e-02
6.141207175452332440e-02
1.251986882472184426e-01
1.251986882472184426e-01
1.057104077327371966e-01
1.057104077327371966e-01
3.374848089035416554e-01
3.374848089035416554e-01
6.560943708484652248e-01
6.560943708484652248e-01
5.045242932303088956e-01
5.045242932303088956e-01
7.495418203173276339e-02
7.495418203173276339e-02
1.199999999999999956e+00
1.199999999999999956e+00
1.240972703220951240e-01
1.240972703220951240e-01
7.686811741967581879e-01
7.686811741967581879e-01
1.132361537985421135e-01
1.132361537985421135e-01
4.537690966093602118e-02
4.537690966093602118e-02
1.199999999999999956e+00
1.199999999999999956e+00
3.583944917141085318e-01
3.583944917141085318e-01
1.199999999999999956e+00
1.199999999999999956e+00
3.821555067362329972e-01
3.821555067362329972e-01
1.306573757908662259e-01
1.306573757908662259e-01
1.199999999999999956e+00
1.199999999999999956e+00
2.843169321041520425e-01
2.843169321041520425e-01
2.564750637025574598e-01
2.564750637025574598e-01
1.199999999999999956e+00
1.199999999999999956e+00
6.645887459406161213e-01
6.645887459406161213e-01
3.522893338034002036e-02
3.522893338034002036e-02
1.199999999999999956e+00
1.199999999999999956e+00
9.662663964945295003e-02
9.662663964945295003e-02
5.117603338689115100e-01
5.117603338689115100e-01
4.401075745921802923e-02
4.401075745921802923e-02
5.744533120929079528e-01
5.744533120929079528e-01
1.869896112121882115e-01
1.869896112121882115e-01
2.986750145273507351e-01
2.986750145273507351e-01
1.055849216789885442e-01
1.055849216789885442e-01
1.370215210432462194e-01
1.370215210432462194e-01
8.468972930117008024e-02
8.468972930117008024e-02
6.317922228096994886e-01
6.317922228096994886e-01
3.980173297838216634e-02
3.980173297838216634e-02
3.859966144526896237e-01
3.859966144526896237e-01
1.517295651729285710e-01
1.517295651729285710e-01
1.327752648166820315e-01
1.327752648166820315e-01
1.199999999999999956e+00
1.199999999999999956e+00
6.045876747221408110e-01
6.045876747221408110e-01
5.099370911412054452e-01
5.099370911412054452e-01
3.281079980096217041e-01
3.281079980096217041e-01
2.209422752485414865e-01
2.209422752485414865e-01
4.878046145213899010e-01
4.878046145213899010e-01
6.360691453621683533e-02
6.360691453621683533e-02
7.379377510800542994e-02
7.379377510800542994e-02
1.199999999999999956e+00
1.199999999999999956e+00
4.441565087488635877e-01
4.441565087488635877e-01
1.199999999999999956e+00
1.199999999999999956e+00
1.199999999999999956e+00
1.199999999999999956e+00
8.913560101541255498e-02
8.913560101541255498e-02
4.829847909306755338e-01
4.829847909306755338e-01
3.305603929655031581e-01
3.305603929655031581e-01
3.369501135325055907e-01
3.369501135325055907e-01
4.351724328335579428e-01
4.351724328335579428e-01
2.572819711556889252e-02
2.572819711556889252e-02
6.254670233189317530e-02
6.254670233189317530e-02
1.199999999999999956e+00
1.199999999999999956e+00
3.828232655687632824e-01
3.828232655687632824e-01
1.073643306818576476e-01
1.073643306818576476e-01
5.226510188350725894e-01
5.226510188350725894e-01
1.199999999999999956e+00
1.199999999999999956e+00
1.221094848195711235e-01
1.221094848195711235e-01
2.285478576820050289e-01
2.285478576820050289e-01
3.228347584194224407e-02
3.228347584194224407e-02
1.199999999999999956e+00
1.199999999999999956e+00
1.199999999999999956e+00
1.199999999999999956e+00
3.024729595876440857e-01
3.024729595876440857e-01
1.058834407894113094e-02
1.058834407894113094e-02
8.100382733478777020e-01
8.100382733478777020e-01
3.808788019473972053e-01
3.808788019473972053e-01
1.438384598061464015e-01
1.438384598061464015e-01
1.199999999999999956e+00
1.199999999999999956e+00
1.280935037064955540e-01
1.280935037064955540e-01
5.425037371725708324e-01
5.425037371725708324e-01
6.138591123726421239e-01
6.138591123726421239e-01
2.706513338603193097e-01
2.706513338603193097e-01
3.013398623671355581e-01
3.013398623671355581e-01
2.840327334398435322e-01
2.840327334398435322e-01
4.309634038279500645e-01
4.309634038279500645e-01
1.488415827506139599e-01
1.488415827506139599e-01
7.905956147951632984e-02
7.905956147951632984e-02
1.899898665712047297e-01
1.899898665712047297e-01
1.602955585086624501e-01
1.602955585086624501e-01
1.475721816359734997e-02
1.475721816359734997e-02
1.613472430071237126e-02
1.613472430071237126e-02
4.596793937259860963e-01
4.596793937259860963e-01
1.276763150100014843e-01
1.276763150100014843e-01
4.011349893126489596e-02
4.011349893126489596e-02
1.907512798030867318e-01
1.907512798030867318e-01
1.102130843133691251e-01
1.102130843133691251e-01
1.199999999999999956e+00
1.199999999999999956e+00
1.199999999999999956e+00
1.199999999999999956e+00
1.199999999999999956e+00
1.199999999999999956e+00
5.544551524305098011e-01
5.544551524305098011e-01
1.370299424995282712e-02
1.370299424995282712e-02
8.189234038474357824e-02
8.189234038474357824e-02
2.862442341025897563e-01
2.862442341025897563e-01
2.374066005615748931e-01
2.374066005615748931e-01
2.645131347210015194e-01
2.645131347210015194e-01
4.847675255529605431e-01
4.847675255529605431e-01
6.671037213674519961e-01
6.671037213674519961e-01
4.375204152956335690e-01
4.375204152956335690e-01
3.566010831962012489e-02
3.566010831962012489e-02
5.016648933769684432e-02
5.016648933769684432e-02
5.244975204963751025e-01
5.244975204963751025e-01
6.152522817246129927e-01
6.152522817246129927e-01
3.444873896123143986e-01
3.444873896123143986e-01
3.512037560779113221e-01
3.512037560779113221e-01
3.100181944639717191e-01
3.100181944639717191e-01
1.199999999999999956e+00
1.199999999999999956e+00
1.199999999999999956e+00
1.199999999999999956e+00
2.473410217183232285e-01
2.473410217183232285e-01
3.764079144823783141e-01
3.764079144823783141e-01
4.784673346834298346e-01
4.784673346834298346e-01
4.713494664913462917e-01
4.713494664913462917e-01
4.812338701166973265e-01
4.812338701166973265e-01
9.097490924941202539e-02
9.097490924941202539e-02
2.691215048158647760e-01
2.691215048158647760e-01
5.722594060167542074e-03
5.722594060167542074e-03
5.107328465781003635e-01
5.107328465781003635e-01
3.399740173032380491e-02
3.399740173032380491e-02
1.199999999999999956e+00
1.199999999999999956e+00
9.089231457250178392e-02
9.089231457250178392e-02
7.395842809092411096e-01
7.395842809092411096e-01
2.705569234171102400e-01
2.705569234171102400e-01
4.099367052233821029e-01
4.099367052233821029e-01
1.199999999999999956e+00
1.199999999999999956e+00
1.850035534406260229e-01
1.850035534406260229e-01
3.847231612287608793e-01
3.847231612287608793e-01
5.900535815513042737e-01
5.900535815513042737e-01
1.199999999999999956e+00
1.199999999999999956e+00
4.782818307862031770e-01
4.782818307862031770e-01
1.379476223162327819e-02
1.379476223162327819e-02
1.873978720254382835e-01
1.873978720254382835e-01
1.199999999999999956e+00
1.199999999999999956e+00
3.706797753386659178e-02
3.706797753386659178e-02
5.062514055532435497e-01
5.062514055532435497e-01
3.315840275357557765e-01
3.315840275357557765e-01
1.801096651408208293e-01
1.801096651408208293e-01
3.051756854106211225e-01
3.051756854106211225e-01
2.233662188979741448e-01
2.233662188979741448e-01
1.199999999999999956e+00
1.199999999999999956e+00
2.455566214690724572e-02
2.455566214690724572e-02
1.199999999999999956e+00
1.199999999999999956e+00
2.880789077899422179e-01
2.880789077899422179e-01
1.199999999999999956e+00
1.199999999999999956e+00
1.000892747319937492e-01
1.000892747319937492e-01
1.199999999999999956e+00
1.199999999999999956e+00
3.403146979438730763e-02
3.403146979438730763e-02
5.792757647964440482e-01
5.792757647964440482e-01
3.319236414757560927e-01
3.319236414757560927e-01
4.819271145248759658e-01
4.819271145248759658e-01
1.199999999999999956e+00
1.199999999999999956e+00
3.491666945866758048e-02
3.491666945866758048e-02
1.304539684583044534e-01
1.304539684583044534e-01
2.283135065646940132e-01
2.283135065646940132e-01
1.300120280485388968e-01
1.300120280485388968e-01
2.591678671652115074e-01
2.591678671652115074e-01
2.473803528061148949e-01
2.473803528061148949e-01
7.303578086412116921e-01
7.303578086412116921e-01
1.199999999999999956e+00
1.199999999999999956e+00
1.765809066348292822e-01
1.765809066348292822e-01
6.417952518417679997e-01
6.417952518417679997e-01
1.740221243378838878e-01
1.740221243378838878e-01
1.199999999999999956e+00
1.199999999999999956e+00
4.558926121043331836e-01
4.558926121043331836e-01
1.199999999999999956e+00
1.199999999999999956e+00
2.170541171573418804e-02
2.170541171573418804e-02
3.127535402272331733e-01
3.127535402272331733e-01
6.008376603333336341e-01
6.008376603333336341e-01
1.199999999999999956e+00
1.199999999999999956e+00
4.745372026365386464e-01
4.745372026365386464e-01
1.580337436273145657e-01
1.580337436273145657e-01
3.246447777513035149e-01
3.246447777513035149e-01
5.582670897854011827e-01
5.582670897854011827e-01
1.199999999999999956e+00
1.199999999999999956e+00
5.503203008360616627e-02
5.503203008360616627e-02
7.513989962098565067e-01
7.513989962098565067e-01
1.150443506710253083e-01
1.150443506710253083e-01
7.609732673602850883e-02
7.609732673602850883e-02
1.199999999999999956e+00
1.199999999999999956e+00
3.739229611381561513e-01
3.739229611381561513e-01
1.235165160680687518e-01
1.235165160680687518e-01
6.189314210000124161e-01
6.189314210000124161e-01
5.567829280814952098e-01
5.567829280814952098e-01
3.287575112395794141e-01
3.287575112395794141e-01
1.199999999999999956e+00
1.199999999999999956e+00
2.785890159885837103e-01
2.785890159885837103e-01
4.302469093115030008e-01
4.302469093115030008e-01
4.603980637455160618e-01
4.603980637455160618e-01
2.588773502607626398e-01
2.588773502607626398e-01
1.199999999999999956e+00
1.199999999999999956e+00
1.467251594950039206e-01
1.467251594950039206e-01
2.985018240048757376e-01
2.985018240048757376e-01
5.837699710199436565e-01
5.837699710199436565e-01
1.199999999999999956e+00
1.199999999999999956e+00
1.967949005375984606e-01
1.967949005375984606e-01
4.772444913679657619e-01
4.772444913679657619e-01
6.961482747186455156e-02
6.961482747186455156e-02
5.317009681308719760e-01
5.317009681308719760e-01
8.558760598816004261e-01
8.558760598816004261e-01
1.199999999999999956e+00
1.199999999999999956e+00
1.199999999999999956e+00
1.199999999999999956e+00
4.623219295268123918e-01
4.623219295268123918e-01
1.199999999999999956e+00
1.199999999999999956e+00
1.199999999999999956e+00
1.199999999999999956e+00
1.428300497652521539e-01
1.428300497652521539e-01
2.486995886335278128e-01
2.486995886335278128e-01
4.714988156732707880e-02
4.714988156732707880e-02
2.835234286713234769e-02
2.835234286713234769e-02
4.278261150469706564e-01
4.278261150469706564e-01
1.199999999999999956e+00
1.199999999999999956e+00
4.308098800131159034e-02
4.308098800131159034e-02
1.199999999999999956e+00
1.199999999999999956e+00
3.863075169726829516e-01
3.863075169726829516e-01
3.126498889314430762e-01
3.126498889314430762e-01
2.552533808693981388e-01
2.552533808693981388e-01
1.199999999999999956e+00
1.199999999999999956e+00
2.148853503094454998e-01
2.148853503094454998e-01
1.002072183275011907e+00
1.002072183275011907e+00
4.674647784028032049e-01
4.674647784028032049e-01
1.539799396175349500e-01
1.539799396175349500e-01
1.199999999999999956e+00
1.199999999999999956e+00
1.199999999999999956e+00
1.199999999999999956e+00
1.199999999999999956e+00
1.199999999999999956e+00
2.469178080921120011e-01
2.469178080921120011e-01
4.108623776240175052e-01
4.108623776240175052e-01
8.697309529329946831e-02
8.697309529329946831e-02
5.682143163970400090e-01
5.682143163970400090e-01
1.199999999999999956e+00
1.199999999999999956e+00
3.191111678705095545e-03
3.191111678705095545e-03
3.467456521752607101e-02
3.467456521752607101e-02
9.008926769118968947e-02
9.008926769118968947e-02
3.495301985043941517e-01
3.495301985043941517e-01
2.515657438259061851e-01
2.515657438259061851e-01
1.199999999999999956e+00
1.199999999999999956e+00
9.933749682273189663e-01
9.933749682273189663e-01
1.199999999999999956e+00
1.199999999999999956e+00
2.305070690602972761e-02
2.305070690602972761e-02
7.723580342757228046e-01
7.723580342757228046e-01
4.501229514681236860e-02
4.501229514681236860e-02
2.936853153181022136e-01
2.936853153181022136e-01
8.262729920482448850e-03
8.262729920482448850e-03
1.064897315268502204e-01
1.064897315268502204e-01
1.496652748604866134e-01
1.496652748604866134e-01
3.818380146201613701e-02
3.818380146201613701e-02
7.379545689481924464e-01
7.379545689481924464e-01
1.095715186751941295e-01
1.095715186751941295e-01
4.168661055728864473e-01
4.168661055728864473e-01
1.199999999999999956e+00
1.199999999999999956e+00
6.486371062784774821e-01
6.486371062784774821e-01
1.942770066650773564e-01
1.942770066650773564e-01
1.721503688215696160e-01
1.721503688215696160e-01
5.050827645750609607e-01
5.050827645750609607e-01
1.199999999999999956e+00
1.199999999999999956e+00
1.672136818327547569e-01
1.672136818327547569e-01
5.617284005853995232e-02
5.617284005853995232e-02
1.614821670928038855e-01
1.614821670928038855e-01
8.361817783331967902e-02
8.361817783331967902e-02
3.782990020389226729e-03
3.782990020389226729e-03
2.867302215152740530e-01
2.867302215152740530e-01
3.203539791638165268e-01
3.203539791638165268e-01
1.199999999999999956e+00
1.199999999999999956e+00
1.199999999999999956e+00
1.199999999999999956e+00
7.434542036623590366e-01
7.434542036623590366e-01
8.695269887651296825e-01
8.695269887651296825e-01
3.222270867014344620e-01
3.222270867014344620e-01
3.659352173411718478e-01
3.659352173411718478e-01
1.199999999999999956e+00
1.199999999999999956e+00
6.701444849572700813e-01
6.701444849572700813e-01
6.288410128101287189e-01
6.288410128101287189e-01
7.796262337866100012e-01
7.796262337866100012e-01
3.650522574659209596e-02
3.650522574659209596e-02
2.245229986634736941e-01
2.245229986634736941e-01
4.444108735092182350e-02
4.444108735092182350e-02
1.573155423497276106e-01
1.573155423497276106e-01
1.199999999999999956e+00
1.199999999999999956e+00
2.304824559949499863e-01
2.304824559949499863e-01
6.553741528604374311e-01
6.553741528604374311e-01
6.779835238944016684e-02
6.779835238944016684e-02
1.199999999999999956e+00
1.199999999999999956e+00
1.199999999999999956e+00
1.199999999999999956e+00
9.275851020187160234e-01
9.275851020187160234e-01
4.290678450322252258e-01
4.290678450322252258e-01
3.278875639472493275e-01
3.278875639472493275e-01
2.844075360680757281e-01
2.844075360680757281e-01
4.133344128039213167e-02
4.133344128039213167e-02
2.554511715506004380e-02
2.554511715506004380e-02
8.280731779223056144e-01
8.280731779223056144e-01
5.242630546520159890e-02
5.242630546520159890e-02
1.199999999999999956e+00
1.199999999999999956e+00
1.199999999999999956e+00
1.199999999999999956e+00
5.283743087839002373e-01
5.283743087839002373e-01
2.156092479791706928e-01
2.156092479791706928e-01
2.842803070422028067e-01
2.842803070422028067e-01
3.893416520685321486e-02
3.893416520685321486e-02
3.904410214863229256e-01
3.904410214863229256e-01
1.199999999999999956e+00
1.199999999999999956e+00
4.231390620158434479e-01
4.231390620158434479e-01
4.446295160968415927e-01
4.446295160968415927e-01
1.886572052416294609e-01
1.886572052416294609e-01
1.199999999999999956e+00
1.199999999999999956e+00
2.598759984065664441e-01
2.598759984065664441e-01
2.275401619783365692e-01
2.275401619783365692e-01
2.428887387459779390e-01
2.428887387459779390e-01
2.127043546534118645e-02
2.127043546534118645e-02
1.199999999999999956e+00
1.199999999999999956e+00
3.589269310275887692e-01
3.589269310275887692e-01
2.685854665749763392e-01
2.685854665749763392e-01
3.841484674174788783e-02
3.841484674174788783e-02
1.366495225286600002e-01
1.366495225286600002e-01
2.776521386371910149e-01
2.776521386371910149e-01
5.122883166148611833e-01
5.122883166148611833e-01
8.461246970792796196e-02
8.461246970792796196e-02
4.133663686523878500e-01
4.133663686523878500e-01
1.199999999999999956e+00
1.199999999999999956e+00
4.724377715132158650e-01
4.724377715132158650e-01
1.183485258241315230e-01
1.183485258241315230e-01
6.130125748373921324e-01
6.130125748373921324e-01
5.599825882944629019e-01
5.599825882944629019e-01
6.262140364579177332e-01
6.262140364579177332e-01
4.004523133084537112e-01
4.004523133084537112e-01
4.169453554112554916e-01
4.169453554112554916e-01
1.199999999999999956e+00
1.199999999999999956e+00
7.583569750046896540e-02
7.583569750046896540e-02
2.227169819070634882e-01
2.227169819070634882e-01
3.960668816922672253e-01
3.960668816922672253e-01
1.199999999999999956e+00
1.199999999999999956e+00
1.199999999999999956e+00
1.199999999999999956e+00
1.961644122627264619e-01
1.961644122627264619e-01
1.254706785119008849e-01
1.254706785119008849e-01
3.923588646329480567e-01
3.923588646329480567e-01
2.164884069259862542e-01
2.164884069259862542e-01
5.203753225059399856e-01
5.203753225059399856e-01
1.578114791204189571e-01
1.578114791204189571e-01
1.089274963151789510e-01
1.089274963151789510e-01
1.019308780104866662e-02
1.019308780104866662e-02
1.199999999999999956e+00
1.199999999999999956e+00
6.231299672022171804e-02
6.231299672022171804e-02
2.201650825525531541e-01
2.201650825525531541e-01
1.199999999999999956e+00
1.199999999999999956e+00
1.199999999999999956e+00
1.199999999999999956e+00
1.912643911003531405e-03
1.912643911003531405e-03
3.324582412369864737e-01
3.324582412369864737e-01
1.571371534223811595e-01
1.571371534223811595e-01
2.934775823181828835e-01
2.934775823181828835e-01
5.261018194008982851e-01
5.261018194008982851e-01
3.904296686550099427e-01
3.904296686550099427e-01
1.199999999999999956e+00
1.199999999999999956e+00
1.621143157821222369e-01
1.621143157821222369e-01
1.661169153236696783e-01
1.661169153236696783e-01
1.095635193250455108e+00
1.095635193250455108e+00
9.836663618795622732e-02
9.836663618795622732e-02
2.328955803330843843e-01
2.328955803330843843e-01
1.741324449232894631e-02
1.741324449232894631e-02
3.502527304120908180e-01
3.502527304120908180e-01
6.137450129048117597e-01
6.137450129048117597e-01
1.768339291920226208e-01
1.768339291920226208e-01
1.119019485753344756e-01
1.119019485753344756e-01
1.199999999999999956e+00
1.199999999999999956e+00
7.863494088639032542e-01
7.863494088639032542e-01
2.334775772630913460e-02
2.334775772630913460e-02
5.598674830090958343e-01
5.598674830090958343e-01
2.599807663970005733e-01
2.599807663970005733e-01
1.594015664572645818e-01
1.594015664572645818e-01
4.133504349076820295e-01
4.133504349076820295e-01
5.207733915563557137e-01
5.207733915563557137e-01
3.923487594452496063e-01
3.923487594452496063e-01
5.498565868791358002e-02
5.498565868791358002e-02
1.218171896753473815e-01
1.218171896753473815e-01
2.999746860585436603e-01
2.999746860585436603e-01
7.266433564119881977e-03
7.266433564119881977e-03
1.199999999999999956e+00
1.199999999999999956e+00
2.874614178883751481e-01
2.874614178883751481e-01
8.185904526666430703e-02
8.185904526666430703e-02
5.183794365965280759e-01
5.183794365965280759e-01
3.099231520669221140e-01
3.099231520669221140e-01
3.095885871399731704e-01
3.095885871399731704e-01
4.826611517670447576e-02
4.826611517670447576e-02
6.913314923013449409e-01
6.913314923013449409e-01
1.114165536630650072e-01
1.114165536630650072e-01
4.693591611476178871e-01
4.693591611476178871e-01
2.132840413781394995e-01
2.132840413781394995e-01
1.623255414275936448e-01
1.623255414275936448e-01
5.963875208698969921e-01
5.963875208698969921e-01
1.664417086466425319e-02
1.664417086466425319e-02
5.878437037663968301e-01
5.878437037663968301e-01
3.750230683549381216e-02
3.750230683549381216e-02
9.885222966142100109e-02
9.885222966142100109e-02
1.636384607935585656e-02
1.636384607935585656e-02
6.148523274757249357e-01
6.148523274757249357e-01
1.199999999999999956e+00
1.199999999999999956e+00
4.165191721064519931e-02
4.165191721064519931e-02
2.125602745041887953e-01
2.125602745041887953e-01
1.639374405443897453e-01
1.639374405443897453e-01
1.199999999999999956e+00
1.199999999999999956e+00
1.394957691215314814e-02
1.394957691215314814e-02
1.628393488279232526e-01
1.628393488279232526e-01
2.148586218944478210e-01
2.148586218944478210e-01
2.705718025146602868e-01
2.705718025146602868e-01
2.990924788892674879e-01
2.990924788892674879e-01
1.199999999999999956e+00
1.199999999999999956e+00
2.430657310602954702e-01
2.430657310602954702e-01
1.922343981716046757e-01
1.922343981716046757e-01
5.995208719852682666e-01
5.995208719852682666e-01
3.735739884625339791e-01
3.735739884625339791e-01
3.533963466516178986e-01
3.533963466516178986e-01
4.663817977142634130e-02
4.663817977142634130e-02
1.199999999999999956e+00
1.199999999999999956e+00
5.055530778886233728e-02
5.055530778886233728e-02
1.199999999999999956e+00
1.199999999999999956e+00
5.488873043035924493e-02
5.488873043035924493e-02
2.728829100713256461e-01
2.728829100713256461e-01
5.952406710362911912e-01
5.952406710362911912e-01
1.199999999999999956e+00
1.199999999999999956e+00
3.205240163426998357e-01
3.205240163426998357e-01
1.402581005466267128e-01
1.402581005466267128e-01
1.704547983661190425e-01
1.704547983661190425e-01
1.107631131016412369e-02
1.107631131016412369e-02
1.199999999999999956e+00
1.199999999999999956e+00
5.390449372783866693e-05
5.390449372783866693e-05
1.344036304808115916e-02
1.344036304808115916e-02
5.981539023396257454e-02
5.981539023396257454e-02
3.466707838556574994e-02
3.466707838556574994e-02
1.684967121484284153e-02
1.684967121484284153e-02
5.012308885976730632e-01
5.012308885976730632e-01
6.938384698515511761e-01
6.938384698515511761e-01
1.223888717358218303e-01
1.223888717358218303e-01
3.007919132944415069e-02
3.007919132944415069e-02
7.160485264536089467e-01
7.160485264536089467e-01
3.704567566268447687e-02
3.704567566268447687e-02
4.570209371258928122e-01
4.570209371258928122e-01
4.911026333170539354e-02
4.911026333170539354e-02
1.895163808093450197e-02
1.895163808093450197e-02
2.683658051233763775e-01
2.683658051233763775e-01
1.645564125597035604e-02
1.645564125597035604e-02
1.199999999999999956e+00
1.199999999999999956e+00
1.046447939918962872e-01
1.046447939918962872e-01
1.199999999999999956e+00
1.199999999999999956e+00
1.806623151121121706e-01
1.806623151121121706e-01
2.120136317072111865e-01
2.120136317072111865e-01
3.183269808313903271e-01
3.183269808313903271e-01
2.357072297995000537e-02
2.357072297995000537e-02
8.489486459081180270e-02
8.489486459081180270e-02
6.136815189615879573e-01
6.136815189615879573e-01
1.199999999999999956e+00
1.199999999999999956e+00
1.199999999999999956e+00
1.199999999999999956e+00
1.565570745099069128e-01
1.565570745099069128e-01
1.662834367758200121e-02
1.662834367758200121e-02
1.737518955995804859e-01
1.737518955995804859e-01
1.135355558976324925e-01
1.135355558976324925e-01
1.533621636167541713e-01
1.533621636167541713e-01
6.611419658155571755e-01
6.611419658155571755e-01
1.199999999999999956e+00
1.199999999999999956e+00
1.216697339319940119e-01
1.216697339319940119e-01
4.504714799559430549e-01
4.504714799559430549e-01
2.744006746035971833e-01
2.744006746035971833e-01
1.213643284718614324e-02
1.213643284718614324e-02
9.675707562028947883e-01
9.675707562028947883e-01
5.006248721624513287e-01
5.006248721624513287e-01
1.175272591024602020e-01
1.175272591024602020e-01
3.008631641007253332e-02
3.008631641007253332e-02
7.023719302070604575e-01
7.023719302070604575e-01
1.895196901921254451e-01
1.895196901921254451e-01
5.321912380240999552e-01
5.321912380240999552e-01
1.199999999999999956e+00
1.199999999999999956e+00
1.199999999999999956e+00
1.199999999999999956e+00
9.876911453123984330e-01
9.876911453123984330e-01
1.218793889972360489e-01
1.218793889972360489e-01
1.326044630554869819e-01
1.326044630554869819e-01
1.269648718232790074e-01
1.269648718232790074e-01
5.191714123116841079e-02
5.191714123116841079e-02
5.244513869421384422e-01
5.244513869421384422e-01
3.317322847996060919e-01
3.317322847996060919e-01
5.398351699421118921e-01
5.398351699421118921e-01
5.093586552210805918e-01
5.093586552210805918e-01
1.199999999999999956e+00
1.199999999999999956e+00
3.268044747623635171e-01
3.268044747623635171e-01
4.417160147497881661e-01
4.417160147497881661e-01
8.187232669826040032e-01
8.187232669826040032e-01
1.019080680349469525e-01
1.019080680349469525e-01
1.199999999999999956e+00
1.199999999999999956e+00
1.252870317806442368e-01
1.252870317806442368e-01
7.668381018551221340e-01
7.668381018551221340e-01
2.754102951203127869e-01
2.754102951203127869e-01
8.416436117538736439e-02
8.416436117538736439e-02
6.672281444762173663e-01
6.672281444762173663e-01
1.199999999999999956e+00
1.199999999999999956e+00
3.024244347005045630e-01
3.024244347005045630e-01
9.607562566424429629e-02
9.607562566424429629e-02
1.199999999999999956e+00
1.199999999999999956e+00
1.145609225388542207e-01
1.145609225388542207e-01
3.027425220635521774e-01
3.027425220635521774e-01
4.425838021759009866e-02
4.425838021759009866e-02
4.746623773996926920e-01
4.746623773996926920e-01
2.195104320792741481e-01
2.195104320792741481e-01
1.794261529448424597e-01
1.794261529448424597e-01
9.146485601145887268e-02
9.146485601145887268e-02
1.199999999999999956e+00
1.199999999999999956e+00
2.142422163055557327e-01
2.142422163055557327e-01
2.177460101307216074e-03
2.177460101307216074e-03
1.199999999999999956e+00
1.199999999999999956e+00
2.072082114903643635e-01
2.072082114903643635e-01
1.199999999999999956e+00
1.199999999999999956e+00
5.299566193803843112e-03
5.299566193803843112e-03
2.971335893134666728e-01
2.971335893134666728e-01
7.622631943220050180e-03
7.622631943220050180e-03
4.716491472943052377e-01
4.716491472943052377e-01
5.702719987559014270e-02
5.702719987559014270e-02
3.358476018467137364e-02
3.358476018467137364e-02
1.210083640410246075e-01
1.210083640410246075e-01
2.321733899493909625e-01
2.321733899493909625e-01
1.653368795603046282e-01
1.653368795603046282e-01
6.092757370549265611e-02
6.092757370549265611e-02
2.684409760593936545e-01
2.684409760593936545e-01
2.376681481140106023e-01
2.376681481140106023e-01
1.199999999999999956e+00
1.199999999999999956e+00
7.957632942445636015e-02
7.957632942445636015e-02
2.559136798850867867e-01
2.559136798850867867e-01
1.199999999999999956e+00
1.199999999999999956e+00
1.199999999999999956e+00
1.199999999999999956e+00
9.633250878822785523e-02
9.633250878822785523e-02
1.199999999999999956e+00
1.199999999999999956e+00
1.199999999999999956e+00
1.199999999999999956e+00
1.666923695935339789e-01
1.666923695935339789e-01
8.329886096348561308e-02
8.329886096348561308e-02
2.372082059825710021e-01
2.372082059825710021e-01
1.199999999999999956e+00
1.199999999999999956e+00
1.286752467343171558e-01
1.286752467343171558e-01
2.045755335992399115e-01
2.045755335992399115e-01
7.742337697365229976e-03
7.742337697365229976e-03
6.395367464402833269e-02
6.395367464402833269e-02
2.323021630569196416e-01
2.323021630569196416e-01
5.138942288403738901e-02
5.138942288403738901e-02
1.877183794175024401e-01
1.877183794175024401e-01
1.262018976702527495e-01
1.262018976702527495e-01
3.611627498524186408e-01
3.611627498524186408e-01
1.776978740713442972e-01
1.776978740713442972e-01
2.047877416188358668e-01
2.047877416188358668e-01
4.083356846994537492e-02
4.083356846994537492e-02
3.439903635879564270e-01
3.439903635879564270e-01
1.199999999999999956e+00
1.199999999999999956e+00
7.689776831809158608e-03
7.689776831809158608e-03
8.493179419956314868e-01
8.493179419956314868e-01
2.946428668286548147e-01
2.946428668286548147e-01
1.199999999999999956e+00
1.199999999999999956e+00
1.536020714963193257e-01
1.536020714963193257e-01
1.199999999999999956e+00
1.199999999999999956e+00
6.965669530248963515e-01
6.965669530248963515e-01
4.048234158007513184e-01
4.048234158007513184e-01
4.107664865728014036e-02
4.107664865728014036e-02
7.085394043878549819e-02
7.085394043878549819e-02
1.094783612597793471e-01
1.094783612597793471e-01
2.160905979176462877e-01
2.160905979176462877e-01
4.119076855833320727e-01
4.119076855833320727e-01
1.190677751987050635e-02
1.190677751987050635e-02
8.063520671691781772e-02
8.063520671691781772e-02
1.894723518323696010e-02
1.894723518323696010e-02
4.748882473908651036e-01
4.748882473908651036e-01
1.199999999999999956e+00
1.199999999999999956e+00
1.199999999999999956e+00
1.199999999999999956e+00
1.572805876441460970e-01
1.572805876441460970e-01
