6.104389431641304986e-01
6.104389431641304986e-01
2.431460165958001518e-01
2.431460165958001518e-01
5.735530850359497057e-01
5.735530850359497057e-01
2.818311269534280461e-01
2.818311269534280461e-01
1.023977037497890291e-01
1.023977037497890291e-01
1.199999999999999956e+00
1.199999999999999956e+00
4.744830492951896961e-01
4.744830492951896961e-01
5.475166762062173564e-01
5.475166762062173564e-01
1.914725417881008862e-01
1.914725417881008862e-01
4.839422802660913181e-01
4.839422802660913181e-01
1.199999999999999956e+00
1.199999999999999956e+00
1.199999999999999956e+00
1.199999999999999956e+00
2.435861933235642374e-01
2.435861933235642374e-01
2.224811200911378239e-01
2.224811200911378239e-01
3.752970494497309684e-01
3.752970494497309684e-01
3.258146865405976977e-01
3.258146865405976977e-01
3.416370196329305275e-01
3.416370196329305275e-01
5.510206575315048649e-01
5.510206575315048649e-01
5.062387414742727243e-01
5.062387414742727243e-01
1.199999999999999956e+00
1.199999999999999956e+00
7.991213751478229432e-02
7.991213751478229432e-02
6.815001746541224925e-01
6.815001746541224925e-01
5.027145809155778577e-01
5.027145809155778577e-01
2.973174373349219413e-01
2.973174373349219413e-01
3.828762899604841730e-01
3.828762899604841730e-01
5.766399894810624316e-01
5.766399894810624316e-01
6.380030820434742234e-01
6.380030820434742234e-01
2.053251207540069678e-01
2.053251207540069678e-01
2.362540439509970280e-01
2.362540439509970280e-01
3.184779601359612466e-01
3.184779601359612466e-01
1.199999999999999956e+00
1.199999999999999956e+00
5.068813696826648396e-01
5.068813696826648396e-01
1.199999999999999956e+00
1.199999999999999956e+00
3.886774848790862658e-01
3.886774848790862658e-01
5.957413795996530093e-01
5.957413795996530093e-01
7.525881702664419803e-01
7.525881702664419803e-01
7.366648628630653728e-02
7.366648628630653728e-02
6.025412352219016582e-02
6.025412352219016582e-02
2.258909454312246212e-01
2.258909454312246212e-01
5.981514490513072380e-01
5.981514490513072380e-01
9.051656044159606118e-02
9.051656044159606118e-02
5.851590966587304488e-01
5.851590966587304488e-01
2.963799239295913934e-01
2.963799239295913934e-01
3.020305282481799414e-01
3.020305282481799414e-01
1.150714519541316205e+00
1.150714519541316205e+00
2.685079553759823767e-01
2.685079553759823767e-01
4.461284717618051454e-01
4.461284717618051454e-01
1.900049594929002772e-01
1.900049594929002772e-01
3.765636849979716594e-01
3.765636849979716594e-01
5.251878892331519888e-02
5.251878892331519888e-02
1.199999999999999956e+00
1.199999999999999956e+00
2.326533298790320614e-01
2.326533298790320614e-01
8.196635477892257882e-01
8.196635477892257882e-01
1.199999999999999956e+00
1.199999999999999956e+00
1.552943011455882594e-01
1.552943011455882594e-01
3.551193970588797932e-02
3.551193970588797932e-02
1.613867676131355011e-01
1.613867676131355011e-01
4.780657580040763299e-02
4.780657580040763299e-02
5.915076713203204495e-01
5.915076713203204495e-01
7.181481743097744008e-01
7.181481743097744008e-01
1.694680610079145333e-01
1.694680610079145333e-01
7.065473217321421862e-02
7.065473217321421862e-02
1.199999999999999956e+00
1.199999999999999956e+00
1.845462241664688197e-01
1.845462241664688197e-01
2.579439060424936273e-02
2.579439060424936273e-02
4.927729968588737477e-03
4.927729968588737477e-03
8.949224644748053903e-01
8.949224644748053903e-01
1.282190805288818403e-01
1.282190805288818403e-01
5.117982506521516761e-01
5.117982506521516761e-01
1.199999999999999956e+00
1.199999999999999956e+00
1.199999999999999956e+00
1.199999999999999956e+00
2.946487790515130156e-02
2.946487790515130156e-02
1.199999999999999956e+00
1.199999999999999956e+00
2.865070887775771902e-01
2.865070887775771902e-01
4.298943397893650875e-01
4.298943397893650875e-01
3.623654189799268566e-01
3.623654189799268566e-01
2.043385287026779767e-02
2.043385287026779767e-02
4.020637643377436565e-01
4.020637643377436565e-01
2.586403480019411893e-01
2.586403480019411893e-01
1.366521426487625479e-01
1.366521426487625479e-01
6.298001400118351523e-01
6.298001400118351523e-01
8.301532006262775376e-02
8.301532006262775376e-02
1.199999999999999956e+00
1.199999999999999956e+00
1.199999999999999956e+00
1.199999999999999956e+00
1.479527973236561822e-01
1.479527973236561822e-01
6.490079628766791398e-02
6.490079628766791398e-02
1.624358141179900114e-02
1.624358141179900114e-02
4.870016668722925157e-01
4.870016668722925157e-01
1.199999999999999956e+00
1.199999999999999956e+00
5.873629329263178045e-01
5.873629329263178045e-01
6.495131236704676514e-01
6.495131236704676514e-01
8.359134089294800729e-01
8.359134089294800729e-01
3.166101470419739883e-01
3.166101470419739883e-01
2.361085251105730087e-01
2.361085251105730087e-01
1.977844071885067889e-01
1.977844071885067889e-01
1.199999999999999956e+00
1.199999999999999956e+00
2.777011287401645045e-01
2.777011287401645045e-01
3.412101205299379880e-01
3.412101205299379880e-01
1.036080004833574986e-01
1.036080004833574986e-01
3.039987357590367978e-01
3.039987357590367978e-01
1.199999999999999956e+00
1.199999999999999956e+00
5.909066178330933949e-01
5.909066178330933949e-01
6.353386876242121950e-01
6.353386876242121950e-01
2.944973882355414463e-01
2.944973882355414463e-01
1.199999999999999956e+00
1.199999999999999956e+00
4.283006234826982617e-01
4.283006234826982617e-01
1.199999999999999956e+00
1.199999999999999956e+00
1.825967096560628389e-01
1.825967096560628389e-01
3.916408129241872871e-01
3.916408129241872871e-01
5.382122201550055829e-01
5.382122201550055829e-01
5.363725112303557863e-01
5.363725112303557863e-01
1.782887275265223059e-01
1.782887275265223059e-01
1.121702747775377151e+00
1.121702747775377151e+00
4.314910999524506074e-01
4.314910999524506074e-01
6.310541284515529536e-01
6.310541284515529536e-01
2.012461280929572216e-01
2.012461280929572216e-01
1.199999999999999956e+00
1.199999999999999956e+00
1.325375491800264982e-01
1.325375491800264982e-01
1.339365352091207162e-01
1.339365352091207162e-01
3.493052861848568447e-01
3.493052861848568447e-01
9.825219217428149410e-02
9.825219217428149410e-02
1.410733105819183819e-01
1.410733105819183819e-01
3.402193585066785597e-01
3.402193585066785597e-01
1.199999999999999956e+00
1.199999999999999956e+00
1.199999999999999956e+00
1.199999999999999956e+00
8.645500245565489184e-02
8.645500245565489184e-02
3.800460414501133366e-01
3.800460414501133366e-01
1.199999999999999956e+00
1.199999999999999956e+00
5.904073327434808949e-01
5.904073327434808949e-01
1.452478597139816308e-01
1.452478597139816308e-01
9.859177057513301978e-02
9.859177057513301978e-02
2.362126201259469038e-01
2.362126201259469038e-01
8.163610175421696091e-01
8.163610175421696091e-01
8.245821837182663872e-03
8.245821837182663872e-03
1.751661216459811377e-02
1.751661216459811377e-02
1.199999999999999956e+00
1.199999999999999956e+00
1.199999999999999956e+00
1.199999999999999956e+00
1.199999999999999956e+00
1.199999999999999956e+00
7.851246614139234525e-02
7.851246614139234525e-02
3.308120846343600568e-02
3.308120846343600568e-02
1.199999999999999956e+00
1.199999999999999956e+00
1.522305851019638279e-01
1.522305851019638279e-01
1.199999999999999956e+00
1.199999999999999956e+00
8.039717327391653068e-02
8.039717327391653068e-02
3.378113187046654087e-01
3.378113187046654087e-01
2.924823711932331705e-01
2.924823711932331705e-01
7.637811809175276689e-02
7.637811809175276689e-02
4.330260987738980827e-01
4.330260987738980827e-01
8.824762064460189848e-01
8.824762064460189848e-01
1.199999999999999956e+00
1.199999999999999956e+00
1.633554771319689070e-01
1.633554771319689070e-01
5.374832664967795770e-01
5.374832664967795770e-01
1.590370402942694605e-01
1.590370402942694605e-01
1.491364568378821531e-01
1.491364568378821531e-01
1.199999999999999956e+00
1.199999999999999956e+00
1.199999999999999956e+00
1.199999999999999956e+00
3.486269180898998177e-01
3.486269180898998177e-01
1.199999999999999956e+00
1.199999999999999956e+00
1.412743491825687037e-01
1.412743491825687037e-01
1.102758080742108904e+00
1.102758080742108904e+00
1.199999999999999956e+00
1.199999999999999956e+00
1.786650878374510532e-01
1.786650878374510532e-01
3.518827797022109349e-01
3.518827797022109349e-01
2.785363242684958385e-01
2.785363242684958385e-01
1.199999999999999956e+00
1.199999999999999956e+00
1.434625143511244344e-02
1.434625143511244344e-02
3.242476773276303792e-01
3.242476773276303792e-01
1.199999999999999956e+00
1.199999999999999956e+00
5.601789931549397972e-01
5.601789931549397972e-01
1.625563429724843911e-01
1.625563429724843911e-01
1.199999999999999956e+00
1.199999999999999956e+00
4.045639426949239059e-01
4.045639426949239059e-01
8.678916492352541090e-02
8.678916492352541090e-02
1.333054909118650821e-01
1.333054909118650821e-01
6.130927840841162713e-01
6.130927840841162713e-01
1.199999999999999956e+00
1.199999999999999956e+00
1.199999999999999956e+00
1.199999999999999956e+00
1.389391601009205002e-01
1.389391601009205002e-01
4.272105928718282764e-01
4.272105928718282764e-01
2.078850771915431439e-01
2.078850771915431439e-01
7.662796351662003180e-02
7.662796351662003180e-02
1.199999999999999956e+00
1.199999999999999956e+00
3.471204746778404071e-01
3.471204746778404071e-01
1.199999999999999956e+00
1.199999999999999956e+00
1.202712111760797509e-01
1.202712111760797509e-01
1.199999999999999956e+00
1.199999999999999956e+00
3.509455102297440177e-01
3.509455102297440177e-01
4.409055792392051476e-01
4.409055792392051476e-01
6.362945004366318130e-03
6.362945004366318130e-03
6.742600363140828224e-01
6.742600363140828224e-01
1.199999999999999956e+00
1.199999999999999956e+00
2.341281773800451826e-01
2.341281773800451826e-01
1.199999999999999956e+00
1.199999999999999956e+00
1.501366613639558700e-01
1.501366613639558700e-01
1.199999999999999956e+00
1.199999999999999956e+00
1.199999999999999956e+00
1.199999999999999956e+00
4.218295367227857806e-01
4.218295367227857806e-01
1.199999999999999956e+00
1.199999999999999956e+00
1.199999999999999956e+00
1.199999999999999956e+00
1.199999999999999956e+00
1.199999999999999956e+00
3.607315741325198277e-02
3.607315741325198277e-02
1.858931640441629785e-01
1.858931640441629785e-01
1.199999999999999956e+00
1.199999999999999956e+00
3.692219023653804943e-01
3.692219023653804943e-01
1.199999999999999956e+00
1.199999999999999956e+00
1.199999999999999956e+00
1.199999999999999956e+00
1.799777063649110609e-01
1.799777063649110609e-01
1.199999999999999956e+00
1.199999999999999956e+00
4.420749827834251078e-01
4.420749827834251078e-01
3.310034362037561073e-01
3.310034362037561073e-01
4.294764142730249090e-01
4.294764142730249090e-01
4.420207545326670928e-01
4.420207545326670928e-01
1.056439248890718025e-01
1.056439248890718025e-01
3.444537074602641580e-01
3.444537074602641580e-01
1.199999999999999956e+00
1.199999999999999956e+00
4.425466761354022172e-01
4.425466761354022172e-01
2.188721469549040344e-01
2.188721469549040344e-01
1.199999999999999956e+00
1.199999999999999956e+00
1.199999999999999956e+00
1.199999999999999956e+00
3.191450028336292183e-02
3.191450028336292183e-02
1.199999999999999956e+00
1.199999999999999956e+00
1.199999999999999956e+00
1.199999999999999956e+00
1.777920556472844527e-01
1.777920556472844527e-01
1.918104176096366853e-01
1.918104176096366853e-01
4.017915513626959534e-01
4.017915513626959534e-01
1.484551040797978984e-02
1.484551040797978984e-02
1.199999999999999956e+00
1.199999999999999956e+00
1.199999999999999956e+00
1.199999999999999956e+00
5.117009709769434478e-01
5.117009709769434478e-01
1.199999999999999956e+00
1.199999999999999956e+00
4.286981814668920920e-01
4.286981814668920920e-01
1.877119700093696775e-01
1.877119700093696775e-01
4.357311344227915995e-01
4.357311344227915995e-01
2.987454770135772320e-01
2.987454770135772320e-01
1.199999999999999956e+00
1.199999999999999956e+00
1.112369827336239236e-01
1.112369827336239236e-01
9.658102996375765859e-01
9.658102996375765859e-01
3.949540765881200399e-01
3.949540765881200399e-01
1.170345397936169152e-01
1.170345397936169152e-01
5.488209450124249822e-02
5.488209450124249822e-02
3.679617981463998433e-01
3.679617981463998433e-01
6.218334760771829783e-01
6.218334760771829783e-01
4.634314620529007556e-01
4.634314620529007556e-01
2.887831135313845832e-01
2.887831135313845832e-01
9.338490082401525172e-02
9.338490082401525172e-02
1.128053243095913649e-01
1.128053243095913649e-01
9.204176835802035939e-02
9.204176835802035939e-02
1.585016762108834021e-01
1.585016762108834021e-01
1.287792532488382137e-02
1.287792532488382137e-02
1.199999999999999956e+00
1.199999999999999956e+00
7.801074964093318576e-02
7.801074964093318576e-02
1.685387691912105246e-01
1.685387691912105246e-01
3.397485529589737707e-01
3.397485529589737707e-01
1.199999999999999956e+00
1.199999999999999956e+00
1.950833291351748017e-02
1.950833291351748017e-02
2.871983668171032567e-01
2.871983668171032567e-01
1.199999999999999956e+00
1.199999999999999956e+00
4.253749172779575649e-01
4.253749172779575649e-01
1.199999999999999956e+00
1.199999999999999956e+00
1.199999999999999956e+00
1.199999999999999956e+00
1.717810280571102077e-01
1.717810280571102077e-01
1.199999999999999956e+00
1.199999999999999956e+00
5.200999262340063600e-01
5.200999262340063600e-01
3.109303321960211336e-02
3.109303321960211336e-02
1.419193707143516336e+00
1.419193707143516336e+00
3.570172487569042707e-01
3.570172487569042707e-01
3.560112821338201616e-02
3.560112821338201616e-02
1.199999999999999956e+00
1.199999999999999956e+00
8.194767253834455145e-01
8.194767253834455145e-01
3.725931491214231478e-02
3.725931491214231478e-02
3.315133534505240037e-02
3.315133534505240037e-02
2.146529659319939276e-01
2.146529659319939276e-01
1.199999999999999956e+00
1.199999999999999956e+00
1.422303844097249637e-01
1.422303844097249637e-01
1.199999999999999956e+00
1.199999999999999956e+00
6.267148875003751840e-01
6.267148875003751840e-01
8.542445924957613457e-01
8.542445924957613457e-01
1.499928132727438856e-01
1.499928132727438856e-01
1.028245535096954377e-01
1.028245535096954377e-01
4.810923590382784609e-02
4.810923590382784609e-02
4.508657679607938618e-02
4.508657679607938618e-02
1.199999999999999956e+00
1.199999999999999956e+00
1.093953840080180484e+00
1.093953840080180484e+00
1.573789228452394662e-01
1.573789228452394662e-01
2.096599135047697016e-01
2.096599135047697016e-01
3.561851468870633752e-01
3.561851468870633752e-01
1.718669424632039977e-01
1.718669424632039977e-01
1.199999999999999956e+00
1.199999999999999956e+00
6.800813837495612857e-01
6.800813837495612857e-01
6.826729674966416361e-01
6.826729674966416361e-01
3.053789683141945321e-01
3.053789683141945321e-01
2.003238495026450350e-01
2.003238495026450350e-01
1.199999999999999956e+00
1.199999999999999956e+00
1.045997634428204037e-01
1.045997634428204037e-01
1.199999999999999956e+00
1.199999999999999956e+00
1.955146785230010287e-01
1.955146785230010287e-01
5.646438895992980656e-02
5.646438895992980656e-02
1.199999999999999956e+00
1.199999999999999956e+00
3.181209216710340071e-01
3.181209216710340071e-01
3.045244445458485938e-01
3.045244445458485938e-01
7.241629560260622878e-01
7.241629560260622878e-01
6.786022351573059996e-01
6.786022351573059996e-01
2.157900531927395282e-01
2.157900531927395282e-01
1.199999999999999956e+00
1.199999999999999956e+00
1.199999999999999956e+00
1.199999999999999956e+00
3.439686969576506437e-01
3.439686969576506437e-01
9.741947485751641933e-01
9.741947485751641933e-01
5.247366496805491165e-01
5.247366496805491165e-01
2.181823476318623944e-01
2.181823476318623944e-01
5.332587526032518399e-01
5.332587526032518399e-01
2.015140533402088874e-01
2.015140533402088874e-01
1.199999999999999956e+00
1.199999999999999956e+00
6.489482691554480098e-01
6.489482691554480098e-01
1.199999999999999956e+00
1.199999999999999956e+00
3.667895978675685398e-01
3.667895978675685398e-01
4.369475000361531802e-01
4.369475000361531802e-01
3.188446863330554049e-01
3.188446863330554049e-01
1.494541919518671269e-01
1.494541919518671269e-01
2.066404082879515214e-01
2.066404082879515214e-01
1.199999999999999956e+00
1.199999999999999956e+00
2.232219565579753040e-01
2.232219565579753040e-01
1.199999999999999956e+00
1.199999999999999956e+00
2.957114450282631313e-01
2.957114450282631313e-01
1.839040014774765211e-02
1.839040014774765211e-02
3.141417115012700711e-01
3.141417115012700711e-01
2.579879983778539387e-02
2.579879983778539387e-02
1.199999999999999956e+00
1.199999999999999956e+00
3.451673654225950738e-01
3.451673654225950738e-01
4.371503213915857167e-01
4.371503213915857167e-01
4.747062341178109879e-02
4.747062341178109879e-02
6.661203662210706256e-01
6.661203662210706256e-01
3.307728832280663056e-01
3.307728832280663056e-01
1.579525036226900880e-01
1.579525036226900880e-01
1.199999999999999956e+00
1.199999999999999956e+00
2.314820981081298912e-02
2.314820981081298912e-02
8.411372806542910530e-02
8.411372806542910530e-02
6.328168319883753501e-01
6.328168319883753501e-01
1.199999999999999956e+00
1.199999999999999956e+00
8.869660069154851334e-02
8.869660069154851334e-02
6.836569873723578050e-01
6.836569873723578050e-01
1.124383550711199331e-01
1.124383550711199331e-01
2.957354783012396404e-01
2.957354783012396404e-01
1.844311098552735562e-01
1.844311098552735562e-01
1.199999999999999956e+00
1.199999999999999956e+00
2.584904027218177247e-01
2.584904027218177247e-01
2.918588222051892167e-01
2.918588222051892167e-01
2.157406025209938072e-01
2.157406025209938072e-01
5.470612657790508981e-01
5.470612657790508981e-01
1.428959333365531492e-01
1.428959333365531492e-01
2.587705519406646171e-01
2.587705519406646171e-01
1.199999999999999956e+00
1.199999999999999956e+00
1.199999999999999956e+00
1.199999999999999956e+00
6.922577302498274243e-02
6.922577302498274243e-02
2.155730909238643411e-01
2.155730909238643411e-01
3.348483356840065706e-01
3.348483356840065706e-01
1.199999999999999956e+00
1.199999999999999956e+00
1.053608920770461310e-01
1.053608920770461310e-01
1.522124692717746752e-01
1.522124692717746752e-01
3.459746880658514101e-01
3.459746880658514101e-01
1.757967796173420111e-02
1.757967796173420111e-02
2.354867694639185549e-01
2.354867694639185549e-01
4.769926843442251485e-01
4.769926843442251485e-01
3.974331588784124625e-01
3.974331588784124625e-01
1.199999999999999956e+00
1.199999999999999956e+00
3.073502135226802157e-01
3.073502135226802157e-01
1.199999999999999956e+00
1.199999999999999956e+00
3.060820087148858337e-01
3.060820087148858337e-01
1.005030886358966757e+00
1.005030886358966757e+00
2.356998872944600087e-01
2.356998872944600087e-01
1.453210168180380790e-01
1.453210168180380790e-01
2.466194599616181038e-01
2.466194599616181038e-01
3.212244048636204996e-02
3.212244048636204996e-02
1.199999999999999956e+00
1.199999999999999956e+00
1.553247356670329204e-01
1.553247356670329204e-01
2.805187156591816833e-01
2.805187156591816833e-01
3.967174752945681337e-01
3.967174752945681337e-01
1.980251972447023001e-01
1.980251972447023001e-01
4.214759222184263909e-01
4.214759222184263909e-01
1.199999999999999956e+00
1.199999999999999956e+00
1.328236413668318350e-01
1.328236413668318350e-01
1.488142886462142517e-02
1.488142886462142517e-02
1.438698081910116666e-01
1.438698081910116666e-01
6.501689901740069499e-02
6.501689901740069499e-02
2.328553847862492310e-01
2.328553847862492310e-01
4.872407539415681277e-01
4.872407539415681277e-01
1.412858278091514430e-01
1.412858278091514430e-01
2.986908436949858858e-01
2.986908436949858858e-01
6.813558391294143313e-01
6.813558391294143313e-01
1.008982338366344426e-02
1.008982338366344426e-02
1.962978357089036618e-01
1.962978357089036618e-01
3.400894124020911041e-02
3.400894124020911041e-02
8.242125919385502597e-02
8.242125919385502597e-02
3.297190232538087518e-01
3.297190232538087518e-01
5.794001054340712775e-01
5.794001054340712775e-01
7.662682356011657481e-01
7.662682356011657481e-01
5.369521620895797431e-01
5.369521620895797431e-01
2.349112564167551709e-01
2.349112564167551709e-01
3.303167808173510661e-02
3.303167808173510661e-02
5.084020149238356323e-01
5.084020149238356323e-01
5.205424079077115573e-01
5.205424079077115573e-01
1.199999999999999956e+00
1.199999999999999956e+00
6.923720183557185992e-02
6.923720183557185992e-02
9.175159225918913530e-02
9.175159225918913530e-02
2.609566109826204072e-01
2.609566109826204072e-01
4.094126902908823418e-01
4.094126902908823418e-01
6.285999603833442029e-03
6.285999603833442029e-03
1.199999999999999956e+00
1.199999999999999956e+00
1.242737753132859002e-01
1.242737753132859002e-01
2.478250216212068424e-01
2.478250216212068424e-01
1.456673326282703906e-01
1.456673326282703906e-01
5.692312271190737294e-02
5.692312271190737294e-02
3.597786599567948662e-01
3.597786599567948662e-01
4.656518014174441666e-01
4.656518014174441666e-01
4.360623425020895838e-02
4.360623425020895838e-02
1.199999999999999956e+00
1.199999999999999956e+00
4.650400377189534140e-01
4.650400377189534140e-01
3.211972753325500474e-01
3.211972753325500474e-01
3.276731018864595391e-01
3.276731018864595391e-01
3.227071723729713626e-01
3.227071723729713626e-01
1.199999999999999956e+00
1.199999999999999956e+00
4.533334875499585026e-01
4.533334875499585026e-01
1.926375642291969226e-01
1.926375642291969226e-01
1.185193615266160738e-01
1.185193615266160738e-01
8.104229124270376228e-03
8.104229124270376228e-03
5.902848024566488272e-01
5.902848024566488272e-01
4.268290211858122851e-01
4.268290211858122851e-01
2.656307038138529530e-01
2.656307038138529530e-01
1.055792207278311301e-01
1.055792207278311301e-01
1.206965443388607895e-01
1.206965443388607895e-01
1.199999999999999956e+00
1.199999999999999956e+00
4.352469771966790413e-01
4.352469771966790413e-01
1.199999999999999956e+00
1.199999999999999956e+00
2.552699002898865532e-01
2.552699002898865532e-01
1.337602897026878568e-01
1.337602897026878568e-01
2.426352068778161175e-01
2.426352068778161175e-01
2.637686691816018558e-01
2.637686691816018558e-01
3.242797119614996837e-01
3.242797119614996837e-01
1.199999999999999956e+00
1.199999999999999956e+00
1.199999999999999956e+00
1.199999999999999956e+00
1.274126743568695097e-01
1.274126743568695097e-01
4.834138711448514314e-02
4.834138711448514314e-02
4.226254348239125713e-01
4.226254348239125713e-01
1.199999999999999956e+00
1.199999999999999956e+00
9.431866459004649428e-02
9.431866459004649428e-02
1.585758471500691436e-01
1.585758471500691436e-01
3.361233904850108867e-01
3.361233904850108867e-01
3.523969943367211144e-01
3.523969943367211144e-01
1.199999999999999956e+00
1.199999999999999956e+00
5.236481128944170393e-01
5.236481128944170393e-01
1.007071345238142179e-01
1.007071345238142179e-01
4.869561792337087636e-01
4.869561792337087636e-01
3.886762971317150317e-01
3.886762971317150317e-01
6.590620710265178150e-01
6.590620710265178150e-01
1.903216352268425338e-01
1.903216352268425338e-01
1.798947270591132186e-02
1.798947270591132186e-02
1.511236208498466793e-01
1.511236208498466793e-01
1.243081592552329612e-01
1.243081592552329612e-01
1.597958154321727497e-01
1.597958154321727497e-01
2.793158134959789485e-01
2.793158134959789485e-01
8.037173621768044507e-01
8.037173621768044507e-01
2.845681938692327106e-01
2.845681938692327106e-01
2.900828981166453935e-01
2.900828981166453935e-01
1.199999999999999956e+00
1.199999999999999956e+00
1.199999999999999956e+00
1.199999999999999956e+00
5.357139446060846938e-02
5.357139446060846938e-02
1.309836317532533101e-01
1.309836317532533101e-01
2.171348462426838655e-01
2.171348462426838655e-01
5.206312945401110337e-01
5.206312945401110337e-01
7.666947368013672381e-01
7.666947368013672381e-01
1.853745762834337618e-01
1.853745762834337618e-01
2.866063862677262208e-01
2.866063862677262208e-01
2.675541178970002043e-02
2.675541178970002043e-02
2.373510156314048158e-01
2.373510156314048158e-01
2.359368706532627424e-01
2.359368706532627424e-01
1.199999999999999956e+00
1.199999999999999956e+00
2.848538767532772242e-01
2.848538767532772242e-01
2.980941769794116514e-01
2.980941769794116514e-01
1.199999999999999956e+00
1.199999999999999956e+00
1.199999999999999956e+00
1.199999999999999956e+00
2.784048173611719523e-01
2.784048173611719523e-01
2.982717112453425745e-01
2.982717112453425745e-01
4.067416855465086356e-01
4.067416855465086356e-01
5.848549016403068457e-01
5.848549016403068457e-01
1.605892525298450169e-01
1.605892525298450169e-01
2.957596597888600964e-01
2.957596597888600964e-01
1.493189000353041529e-01
1.493189000353041529e-01
2.781409215758728348e-01
2.781409215758728348e-01
7.024616800156415104e-03
7.024616800156415104e-03
2.411615273188873199e-01
2.411615273188873199e-01
6.527889896071790155e-01
6.527889896071790155e-01
1.199999999999999956e+00
1.199999999999999956e+00
8.489438802834060604e-01
8.489438802834060604e-01
2.752777256697058750e-01
2.752777256697058750e-01
3.199696793441952902e-01
3.199696793441952902e-01
1.199999999999999956e+00
1.199999999999999956e+00
7.305985922345230588e-01
7.305985922345230588e-01
1.199999999999999956e+00
1.199999999999999956e+00
3.671395695912483409e-02
3.671395695912483409e-02
2.830434274992232879e-01
2.830434274992232879e-01
1.816406472981902387e-01
1.816406472981902387e-01
1.199999999999999956e+00
1.199999999999999956e+00
4.888404967111437682e-01
4.888404967111437682e-01
1.199999999999999956e+00
1.199999999999999956e+00
6.696538142834289609e-01
6.696538142834289609e-01
1.040120794156536022e+00
1.040120794156536022e+00
3.674124303842832284e-01
3.674124303842832284e-01
1.214215636495741130e-01
1.214215636495741130e-01
2.313548518298885748e-01
2.313548518298885748e-01
4.108912227792221178e-02
4.108912227792221178e-02
7.831309373127817719e-02
7.831309373127817719e-02
1.997750557525329596e-02
1.997750557525329596e-02
1.652609360572552741e-02
1.652609360572552741e-02
6.784112167152195338e-01
6.784112167152195338e-01
4.244904358865905225e-01
4.244904358865905225e-01
2.610625817961287343e-01
2.610625817961287343e-01
4.652548540782316389e-01
4.652548540782316389e-01
2.430573676156008445e-01
2.430573676156008445e-01
6.847930359802099076e-01
6.847930359802099076e-01
1.199999999999999956e+00
1.199999999999999956e+00
6.145797370575282192e-01
6.145797370575282192e-01
1.199999999999999956e+00
1.199999999999999956e+00
1.199999999999999956e+00
1.199999999999999956e+00
2.457235373761915975e-01
2.457235373761915975e-01
2.377408956791436379e-01
2.377408956791436379e-01
4.281180374267643529e-01
4.281180374267643529e-01
1.199999999999999956e+00
1.199999999999999956e+00
3.421880135003934065e-01
3.421880135003934065e-01
1.955856236174616583e-02
1.955856236174616583e-02
4.867211179558503936e-02
4.867211179558503936e-02
1.199999999999999956e+00
1.199999999999999956e+00
5.754982315001867521e-01
5.754982315001867521e-01
1.199999999999999956e+00
1.199999999999999956e+00
3.108466303946859077e-01
3.108466303946859077e-01
1.199999999999999956e+00
1.199999999999999956e+00
5.166344963029546600e-01
5.166344963029546600e-01
4.773092235409510664e-01
4.773092235409510664e-01
2.887090565430561195e-02
2.887090565430561195e-02
1.199999999999999956e+00
1.199999999999999956e+00
7.275535688166087089e-01
7.275535688166087089e-01
5.880692226706453196e-01
5.880692226706453196e-01
7.020178475567440124e-01
7.020178475567440124e-01
5.630786318110317934e-01
5.630786318110317934e-01
1.199999999999999956e+00
1.199999999999999956e+00
6.664173809189302133e-01
6.664173809189302133e-01
1.988922340534997613e-01
1.988922340534997613e-01
8.726340998306721108e-02
8.726340998306721108e-02
4.117692074730430751e-01
4.117692074730430751e-01
8.085596795669253156e-02
8.085596795669253156e-02
1.021496690010757824e+00
1.021496690010757824e+00
3.641200781850011392e-01
3.641200781850011392e-01
1.801865637579325163e-01
1.801865637579325163e-01
2.115209806344182375e-01
2.115209806344182375e-01
6.368857977331195477e-03
6.368857977331195477e-03
1.369451244177296856e-01
1.369451244177296856e-01
1.199999999999999956e+00
1.199999999999999956e+00
1.199999999999999956e+00
1.199999999999999956e+00
3.999903611150473770e-02
3.999903611150473770e-02
3.100419331460748662e-01
3.100419331460748662e-01
5.733166481594825087e-02
5.733166481594825087e-02
1.199999999999999956e+00
1.199999999999999956e+00
6.536207059432233915e-03
6.536207059432233915e-03
7.482261534894586452e-01
7.482261534894586452e-01
4.224882042634863222e-01
4.224882042634863222e-01
5.039855762315534893e-01
5.039855762315534893e-01
3.616180963932460468e-01
3.616180963932460468e-01
3.221931092655025974e-01
3.221931092655025974e-01
2.572832471492370043e-01
2.572832471492370043e-01
3.097429220749788326e-01
3.097429220749788326e-01
2.166777031864390857e-01
2.166777031864390857e-01
1.666800533824316366e-01
1.666800533824316366e-01
2.227327509255367655e-01
2.227327509255367655e-01
2.869212194106227076e-01
2.869212194106227076e-01
3.525284203669076799e-01
3.525284203669076799e-01
1.199999999999999956e+00
1.199999999999999956e+00
3.075399918775702235e-02
3.075399918775702235e-02
4.927031359176323178e-02
4.927031359176323178e-02
1.199999999999999956e+00
1.199999999999999956e+00
6.951384254616722880e-02
6.951384254616722880e-02
1.199999999999999956e+00
1.199999999999999956e+00
2.704523503835505327e-01
2.704523503835505327e-01
3.781560444723532366e-01
3.781560444723532366e-01
1.075862819372667423e-01
1.075862819372667423e-01
6.246253413931223547e-02
6.246253413931223547e-02
6.570296809291555906e-01
6.570296809291555906e-01
3.854417605094565547e-01
3.854417605094565547e-01
5.753005089081725254e-01
5.753005089081725254e-01
1.199999999999999956e+00
1.199999999999999956e+00
2.679285242956553487e-02
2.679285242956553487e-02
2.036020347945316500e-01
2.036020347945316500e-01
1.199999999999999956e+00
1.199999999999999956e+00
2.571255388902612404e-01
2.571255388902612404e-01
8.699598630729865611e-02
8.699598630729865611e-02
2.276859461618138125e-01
2.276859461618138125e-01
8.105195187144419444e-01
8.105195187144419444e-01
1.501272393311925135e-01
1.501272393311925135e-01
1.801116015988965188e-02
1.801116015988965188e-02
1.033768097564461419e+00
1.033768097564461419e+00
1.199999999999999956e+00
1.199999999999999956e+00
7.764489141802081995e-02
7.764489141802081995e-02
4.286365489219828295e-01
4.286365489219828295e-01
2.055585736347447789e-01
2.055585736347447789e-01
1.208333523150165179e-01
1.208333523150165179e-01
1.380828230437658455e-01
1.380828230437658455e-01
5.599259111063906724e-01
5.599259111063906724e-01
1.199999999999999956e+00
1.199999999999999956e+00
4.859702948732225747e-01
4.859702948732225747e-01
1.199999999999999956e+00
1.199999999999999956e+00
1.161471736479393613e-01
1.161471736479393613e-01
1.199999999999999956e+00
1.199999999999999956e+00
4.813239511490410294e-01
4.813239511490410294e-01
1.199999999999999956e+00
1.199999999999999956e+00
1.199999999999999956e+00
1.199999999999999956e+00
5.647038503654626673e-01
5.647038503654626673e-01
1.231455819815586300e-02
1.231455819815586300e-02
4.861442621750249882e-01
4.861442621750249882e-01
2.218473304362768850e-01
2.218473304362768850e-01
1.199999999999999956e+00
1.199999999999999956e+00
4.905294445338065912e-01
4.905294445338065912e-01
1.903659404391807308e-01
1.903659404391807308e-01
1.199999999999999956e+00
1.199999999999999956e+00
5.370791391353995081e-01
5.370791391353995081e-01
6.211829145095812965e-01
6.211829145095812965e-01
8.365896151816706872e-02
8.365896151816706872e-02
3.061794470863445916e-01
3.061794470863445916e-01
7.618135551555177409e-02
7.618135551555177409e-02
2.737313440501574352e-02
2.737313440501574352e-02
2.522815832997982177e-02
2.522815832997982177e-02
1.601930602623550387e-02
1.601930602623550387e-02
1.101827523472819273e-02
1.101827523472819273e-02
1.074617439111966340e-02
1.074617439111966340e-02
9.096116517366059639e-01
9.096116517366059639e-01
1.199999999999999956e+00
1.199999999999999956e+00
5.828402648428215871e-02
5.828402648428215871e-02
1.417156383095516392e-02
1.417156383095516392e-02
1.642015067649723048e-01
1.642015067649723048e-01
1.949460018318817378e-01
1.949460018318817378e-01
1.112740252772960285e-02
1.112740252772960285e-02
2.704155023663025736e-01
2.704155023663025736e-01
1.199999999999999956e+00
1.199999999999999956e+00
1.537339788256809336e-01
1.537339788256809336e-01
3.279013063266963401e-01
3.279013063266963401e-01
7.427936017790051637e-02
7.427936017790051637e-02
1.006975922082432168e-01
1.006975922082432168e-01
1.199999999999999956e+00
1.199999999999999956e+00
2.314171146317817174e-01
2.314171146317817174e-01
8.282826989714344723e-01
8.282826989714344723e-01
8.736642570742465808e-02
8.736642570742465808e-02
1.199999999999999956e+00
1.199999999999999956e+00
1.296693651549272741e-01
1.296693651549272741e-01
7.329356236751832093e-03
7.329356236751832093e-03
1.802471331989586867e-01
1.802471331989586867e-01
1.213055652737971002e-01
1.213055652737971002e-01
3.662826730161344857e-01
3.662826730161344857e-01
1.502882022732516393e-02
1.502882022732516393e-02
1.988294217593953028e-01
1.988294217593953028e-01
9.934930959358565516e-01
9.934930959358565516e-01
7.215521856326953531e-02
7.215521856326953531e-02
8.514715261364763643e-01
8.514715261364763643e-01
7.915543761608899720e-01
7.915543761608899720e-01
6.190409605903898251e-03
6.190409605903898251e-03
6.309887439608391491e-01
6.309887439608391491e-01
1.042928540993157960e-01
1.042928540993157960e-01
2.231184245914976660e-01
2.231184245914976660e-01
7.441295578304045477e-02
7.441295578304045477e-02
1.605335752265303340e-01
1.605335752265303340e-01
7.016854548081558063e-01
7.016854548081558063e-01
1.199999999999999956e+00
1.199999999999999956e+00
1.199999999999999956e+00
1.199999999999999956e+00
1.661459943221737234e-01
1.661459943221737234e-01
1.862183002132518708e-02
1.862183002132518708e-02
4.814376163380598705e-02
4.814376163380598705e-02
4.910427107287440585e-02
4.910427107287440585e-02
1.739164118091872102e-01
1.739164118091872102e-01
3.613620264697616769e-01
3.613620264697616769e-01
6.406106141910685725e-01
6.406106141910685725e-01
5.550903935499844621e-01
5.550903935499844621e-01
1.199999999999999956e+00
1.199999999999999956e+00
3.646959583937182670e-01
3.646959583937182670e-01
1.199999999999999956e+00
1.199999999999999956e+00
9.451388289562984157e-02
9.451388289562984157e-02
1.199999999999999956e+00
1.199999999999999956e+00
2.314702768839941305e-01
2.314702768839941305e-01
2.933103330932980424e-02
2.933103330932980424e-02
2.204053213557050084e-01
2.204053213557050084e-01
4.227444332598671028e-01
4.227444332598671028e-01
