4.564493809921567058e-01
4.564493809921567058e-01
1.721958085797913388e-02
1.721958085797913388e-02
8.804221253071511377e-01
8.804221253071511377e-01
5.116248166061691111e-02
5.116248166061691111e-02
3.496853761253602144e-01
3.496853761253602144e-01
1.199999999999999956e+00
1.199999999999999956e+00
7.074660932318656281e-02
7.074660932318656281e-02
5.827869439726414136e-01
5.827869439726414136e-01
1.199999999999999956e+00
1.199999999999999956e+00
5.381889952879590489e-01
5.381889952879590489e-01
3.526719574727018025e-01
3.526719574727018025e-01
1.199999999999999956e+00
1.199999999999999956e+00
1.572298413461253874e-01
1.572298413461253874e-01
5.504343594288574337e-01
5.504343594288574337e-01
2.186009355606278737e-01
2.186009355606278737e-01
1.199999999999999956e+00
1.199999999999999956e+00
1.199999999999999956e+00
1.199999999999999956e+00
3.101782273415955027e-01
3.101782273415955027e-01
4.553015588794619983e-01
4.553015588794619983e-01
3.267339866301849360e-01
3.267339866301849360e-01
7.443954693260876332e-02
7.443954693260876332e-02
1.199999999999999956e+00
1.199999999999999956e+00
4.110829675567084229e-01
4.110829675567084229e-01
1.199999999999999956e+00
1.199999999999999956e+00
2.409294942694534258e-02
2.409294942694534258e-02
1.905113319303138042e-01
1.905113319303138042e-01
3.364711075156090470e-01
3.364711075156090470e-01
3.139874409689089041e-01
3.139874409689089041e-01
1.199999999999999956e+00
1.199999999999999956e+00
4.645289935571594864e-01
4.645289935571594864e-01
4.211697122430337337e-01
4.211697122430337337e-01
2.135454811711658962e-01
2.135454811711658962e-01
1.199999999999999956e+00
1.199999999999999956e+00
1.571080506144152955e-01
1.571080506144152955e-01
1.834108980570824110e-01
1.834108980570824110e-01
1.199999999999999956e+00
1.199999999999999956e+00
6.052468815291659476e-01
6.052468815291659476e-01
6.590759566089109123e-02
6.590759566089109123e-02
2.435119047842087547e-01
2.435119047842087547e-01
4.769601347025194116e-01
4.769601347025194116e-01
3.101770548030046148e-01
3.101770548030046148e-01
8.653202910106461143e-03
8.653202910106461143e-03
1.199999999999999956e+00
1.199999999999999956e+00
1.199999999999999956e+00
1.199999999999999956e+00
2.320055848506127616e-01
2.320055848506127616e-01
7.003631034547035117e-02
7.003631034547035117e-02
1.120088190064864042e-01
1.120088190064864042e-01
3.716247105253465133e-01
3.716247105253465133e-01
3.974350748704955638e-01
3.974350748704955638e-01
1.219055523435209898e-01
1.219055523435209898e-01
2.978904459489902304e-02
2.978904459489902304e-02
2.980835843727326906e-01
2.980835843727326906e-01
1.199999999999999956e+00
1.199999999999999956e+00
1.199999999999999956e+00
1.199999999999999956e+00
2.987135107300797343e-01
2.987135107300797343e-01
7.667586953196514621e-01
7.667586953196514621e-01
1.787820964960959713e-01
1.787820964960959713e-01
7.698816255805240871e-02
7.698816255805240871e-02
1.199999999999999956e+00
1.199999999999999956e+00
1.199999999999999956e+00
1.199999999999999956e+00
4.072042898681789147e-01
4.072042898681789147e-01
2.737019575445397424e-01
2.737019575445397424e-01
5.257570758859376747e-01
5.257570758859376747e-01
7.842535747852497074e-02
7.842535747852497074e-02
6.480655910273687426e-02
6.480655910273687426e-02
5.020435311959108304e-01
5.020435311959108304e-01
2.224290148713297111e-01
2.224290148713297111e-01
1.683717650127429799e-01
1.683717650127429799e-01
8.426075126761983780e-02
8.426075126761983780e-02
1.985139363763267079e-02
1.985139363763267079e-02
4.586060284806248166e-01
4.586060284806248166e-01
1.254421462962353739e-01
1.254421462962353739e-01
3.388212787450519126e-01
3.388212787450519126e-01
2.309075806819978482e-01
2.309075806819978482e-01
9.322603714700104793e-02
9.322603714700104793e-02
1.159036147952323681e-01
1.159036147952323681e-01
7.065173440944486072e-02
7.065173440944486072e-02
2.323408993400353229e-01
2.323408993400353229e-01
3.139885807589686828e-01
3.139885807589686828e-01
1.745244633620595398e-01
1.745244633620595398e-01
8.970272927977355204e-01
8.970272927977355204e-01
1.199999999999999956e+00
1.199999999999999956e+00
1.199999999999999956e+00
1.199999999999999956e+00
6.472015659730152581e-01
6.472015659730152581e-01
2.315254868396971755e-01
2.315254868396971755e-01
3.029721488248668937e-01
3.029721488248668937e-01
5.071054807331015768e-01
5.071054807331015768e-01
4.127449613767711911e-01
4.127449613767711911e-01
1.422090311208422386e-01
1.422090311208422386e-01
1.199999999999999956e+00
1.199999999999999956e+00
4.215429162697774124e-01
4.215429162697774124e-01
1.241722795192673756e-01
1.241722795192673756e-01
1.199999999999999956e+00
1.199999999999999956e+00
3.674250146660494321e-01
3.674250146660494321e-01
1.679379114034191822e-01
1.679379114034191822e-01
1.458139173264928583e-02
1.458139173264928583e-02
1.123288010374783097e+00
1.123288010374783097e+00
1.284720404098437310e-02
1.284720404098437310e-02
1.199999999999999956e+00
1.199999999999999956e+00
2.437077881118221989e-01
2.437077881118221989e-01
1.231228899634023988e-01
1.231228899634023988e-01
1.199999999999999956e+00
1.199999999999999956e+00
9.611039717515967862e-02
9.611039717515967862e-02
1.199999999999999956e+00
1.199999999999999956e+00
1.199999999999999956e+00
1.199999999999999956e+00
5.564255036262680809e-01
5.564255036262680809e-01
1.429397497041919596e-01
1.429397497041919596e-01
3.300021297465076664e-01
3.300021297465076664e-01
4.278273885750173422e-01
4.278273885750173422e-01
4.964971427013313843e-01
4.964971427013313843e-01
5.944704571236242296e-02
5.944704571236242296e-02
6.826883888012869050e-01
6.826883888012869050e-01
3.809339960464223629e-01
3.809339960464223629e-01
4.588606429836229739e-02
4.588606429836229739e-02
3.378250539625488602e-01
3.378250539625488602e-01
3.273365155530454373e-01
3.273365155530454373e-01
4.692252104507216304e-01
4.692252104507216304e-01
1.169882228361227572e-01
1.169882228361227572e-01
1.040704299665998755e-01
1.040704299665998755e-01
1.199999999999999956e+00
1.199999999999999956e+00
1.715486188182168414e-01
1.715486188182168414e-01
1.612606991738468332e-01
1.612606991738468332e-01
1.199999999999999956e+00
1.199999999999999956e+00
5.267105159724957963e-02
5.267105159724957963e-02
1.199999999999999956e+00
1.199999999999999956e+00
1.288899500461427629e-02
1.288899500461427629e-02
3.059423289439961585e-02
3.059423289439961585e-02
1.199999999999999956e+00
1.199999999999999956e+00
1.199999999999999956e+00
1.199999999999999956e+00
1.442697380639204330e-01
1.442697380639204330e-01
1.199999999999999956e+00
1.199999999999999956e+00
2.839929074039411194e-01
2.839929074039411194e-01
4.358349865383550625e-01
4.358349865383550625e-01
5.705323525334426993e-01
5.705323525334426993e-01
1.199999999999999956e+00
1.199999999999999956e+00
1.199999999999999956e+00
1.199999999999999956e+00
1.199999999999999956e+00
1.199999999999999956e+00
1.199999999999999956e+00
1.199999999999999956e+00
4.827339645616993136e-01
4.827339645616993136e-01
2.219580543033428666e-01
2.219580543033428666e-01
9.730203097785110333e-02
9.730203097785110333e-02
2.806395775297954587e-01
2.806395775297954587e-01
1.199999999999999956e+00
1.199999999999999956e+00
2.906874524867730791e-01
2.906874524867730791e-01
1.199999999999999956e+00
1.199999999999999956e+00
1.199999999999999956e+00
1.199999999999999956e+00
4.435783357551790346e-02
4.435783357551790346e-02
1.193334420549663766e-01
1.193334420549663766e-01
3.326937872012769581e-01
3.326937872012769581e-01
1.927687338349617641e-01
1.927687338349617641e-01
4.623659522880051442e-01
4.623659522880051442e-01
1.199999999999999956e+00
1.199999999999999956e+00
3.639571986009046967e-01
3.639571986009046967e-01
4.036332827038549009e-01
4.036332827038549009e-01
5.205210745314883258e-01
5.205210745314883258e-01
4.137902158464540903e-01
4.137902158464540903e-01
4.067856466166976936e-01
4.067856466166976936e-01
5.640989137177426088e-02
5.640989137177426088e-02
2.900699748630843344e-01
2.900699748630843344e-01
3.317694231249455200e-02
3.317694231249455200e-02
9.154089389246170549e-01
9.154089389246170549e-01
2.530154404171071070e-01
2.530154404171071070e-01
1.080325705616842075e-01
1.080325705616842075e-01
6.118202430581997087e-01
6.118202430581997087e-01
8.919932861997639240e-01
8.919932861997639240e-01
1.199999999999999956e+00
1.199999999999999956e+00
6.743578267768248757e-01
6.743578267768248757e-01
3.517991446523122678e-01
3.517991446523122678e-01
2.427767967815336325e-02
2.427767967815336325e-02
2.548901931738591364e-01
2.548901931738591364e-01
8.485029258709544386e-01
8.485029258709544386e-01
1.199999999999999956e+00
1.199999999999999956e+00
4.157012944940645105e-01
4.157012944940645105e-01
7.698357799280300950e-01
7.698357799280300950e-01
1.199999999999999956e+00
1.199999999999999956e+00
5.166712763201095626e-01
5.166712763201095626e-01
1.199999999999999956e+00
1.199999999999999956e+00
3.127837794546846351e-02
3.127837794546846351e-02
3.200336715788358877e-01
3.200336715788358877e-01
2.483312059505307090e-01
2.483312059505307090e-01
2.335355061826463463e-01
2.335355061826463463e-01
1.199999999999999956e+00
1.199999999999999956e+00
1.199999999999999956e+00
1.199999999999999956e+00
4.606532580635583907e-01
4.606532580635583907e-01
4.888669930370917460e-01
4.888669930370917460e-01
1.199999999999999956e+00
1.199999999999999956e+00
9.432154068711682271e-01
9.432154068711682271e-01
1.199999999999999956e+00
1.199999999999999956e+00
1.101927711211996980e-01
1.101927711211996980e-01
1.192100959984452174e-01
1.192100959984452174e-01
3.237417736221780834e-02
3.237417736221780834e-02
1.064374178112037356e-01
1.064374178112037356e-01
6.107703904203576339e-01
6.107703904203576339e-01
4.425507208855821162e-01
4.425507208855821162e-01
1.712720081311588649e-01
1.712720081311588649e-01
2.051120830942698425e-01
2.051120830942698425e-01
1.199999999999999956e+00
1.199999999999999956e+00
2.532908039310646231e-01
2.532908039310646231e-01
4.649679261410060715e-01
4.649679261410060715e-01
4.402932751046590432e-01
4.402932751046590432e-01
9.120895740003165386e-02
9.120895740003165386e-02
1.199999999999999956e+00
1.199999999999999956e+00
6.248675558787770701e-01
6.248675558787770701e-01
5.128235342906667382e-01
5.128235342906667382e-01
5.778320973050724563e-01
5.778320973050724563e-01
1.980522889639610429e-01
1.980522889639610429e-01
1.248671550728806257e-01
1.248671550728806257e-01
7.430167521555749999e-02
7.430167521555749999e-02
4.832232878289879352e-01
4.832232878289879352e-01
1.209990180222680484e-01
1.209990180222680484e-01
1.199999999999999956e+00
1.199999999999999956e+00
4.990432561222639916e-03
4.990432561222639916e-03
4.610710171553220604e-01
4.610710171553220604e-01
1.097593997889292572e+00
1.097593997889292572e+00
7.616208038873016894e-01
7.616208038873016894e-01
1.794378814172611636e-01
1.794378814172611636e-01
2.575809891806420393e-01
2.575809891806420393e-01
1.199999999999999956e+00
1.199999999999999956e+00
1.199999999999999956e+00
1.199999999999999956e+00
1.906647453114884705e-01
1.906647453114884705e-01
2.686220698296149512e-01
2.686220698296149512e-01
4.859549624645385646e-01
4.859549624645385646e-01
1.363735421131282155e-01
1.363735421131282155e-01
3.405263275101221843e-01
3.405263275101221843e-01
1.199999999999999956e+00
1.199999999999999956e+00
1.514105511457305153e-01
1.514105511457305153e-01
8.092188661914551107e-02
8.092188661914551107e-02
1.199999999999999956e+00
1.199999999999999956e+00
2.099336242734870239e-01
2.099336242734870239e-01
1.250310152271166819e-01
1.250310152271166819e-01
7.841414872324730112e-01
7.841414872324730112e-01
4.840669173841739559e-01
4.840669173841739559e-01
6.208178284825800475e-01
6.208178284825800475e-01
1.199999999999999956e+00
1.199999999999999956e+00
3.183526478994748703e-03
3.183526478994748703e-03
2.441642718495250497e-01
2.441642718495250497e-01
5.422088063268155900e-02
5.422088063268155900e-02
2.812665616439780636e-01
2.812665616439780636e-01
7.398969153473605731e-01
7.398969153473605731e-01
1.199999999999999956e+00
1.199999999999999956e+00
1.091773286114239849e-01
1.091773286114239849e-01
1.890302122569396670e-01
1.890302122569396670e-01
4.130602803836533332e-01
4.130602803836533332e-01
2.588332478884026178e-01
2.588332478884026178e-01
6.584236661533271473e-01
6.584236661533271473e-01
3.554952761467872757e-01
3.554952761467872757e-01
1.199999999999999956e+00
1.199999999999999956e+00
6.948247263103035642e-01
6.948247263103035642e-01
1.199999999999999956e+00
1.199999999999999956e+00
4.963001918936257306e-01
4.963001918936257306e-01
1.476630251830886031e-01
1.476630251830886031e-01
5.115400227626806240e-01
5.115400227626806240e-01
1.199999999999999956e+00
1.199999999999999956e+00
1.199999999999999956e+00
1.199999999999999956e+00
1.199999999999999956e+00
1.199999999999999956e+00
5.793804257945187608e-01
5.793804257945187608e-01
1.326716015489120271e-01
1.326716015489120271e-01
6.335473513097848730e-02
6.335473513097848730e-02
5.959818065194273373e-01
5.959818065194273373e-01
1.140274732681856307e-01
1.140274732681856307e-01
5.237545952373567903e-01
5.237545952373567903e-01
6.137647845026435178e-02
6.137647845026435178e-02
1.637925228158132462e-01
1.637925228158132462e-01
2.638848122580054190e-01
2.638848122580054190e-01
1.199999999999999956e+00
1.199999999999999956e+00
9.462997532797556843e-01
9.462997532797556843e-01
7.461771428341066326e-01
7.461771428341066326e-01
3.301724967560805135e-01
3.301724967560805135e-01
1.199999999999999956e+00
1.199999999999999956e+00
4.836058297766238079e-02
4.836058297766238079e-02
3.715510546723364005e-01
3.715510546723364005e-01
1.610332825896943487e-01
1.610332825896943487e-01
6.952874146511575822e-03
6.952874146511575822e-03
2.357626783520271330e-01
2.357626783520271330e-01
1.199999999999999956e+00
1.199999999999999956e+00
1.199999999999999956e+00
1.199999999999999956e+00
2.550692117261121328e-01
2.550692117261121328e-01
4.238101852405677938e-01
4.238101852405677938e-01
1.199999999999999956e+00
1.199999999999999956e+00
1.199999999999999956e+00
1.199999999999999956e+00
4.728721927658348645e-01
4.728721927658348645e-01
1.272439172946430996e-01
1.272439172946430996e-01
4.505371507559390309e-01
4.505371507559390309e-01
7.113830942231591514e-01
7.113830942231591514e-01
1.836458287167485881e-01
1.836458287167485881e-01
3.874550302112984568e-01
3.874550302112984568e-01
9.494656890565089311e-03
9.494656890565089311e-03
1.562343028142444412e-01
1.562343028142444412e-01
1.199999999999999956e+00
1.199999999999999956e+00
1.451247897779000817e-01
1.451247897779000817e-01
1.199999999999999956e+00
1.199999999999999956e+00
1.199999999999999956e+00
1.199999999999999956e+00
4.800978870051574865e-01
4.800978870051574865e-01
2.170251967741672616e-01
2.170251967741672616e-01
1.199999999999999956e+00
1.199999999999999956e+00
7.442330797976035583e-01
7.442330797976035583e-01
1.199999999999999956e+00
1.199999999999999956e+00
1.199999999999999956e+00
1.199999999999999956e+00
4.284214142538028125e-01
4.284214142538028125e-01
5.836395397765498094e-02
5.836395397765498094e-02
4.813930227643883342e-01
4.813930227643883342e-01
6.675266425498477263e-02
6.675266425498477263e-02
1.199999999999999956e+00
1.199999999999999956e+00
7.011279262939663914e-02
7.011279262939663914e-02
2.505541186080437882e-02
2.505541186080437882e-02
4.088497225371298116e-01
4.088497225371298116e-01
1.424033985804493418e-01
1.424033985804493418e-01
3.309526037109271519e-03
3.309526037109271519e-03
1.194816851232709809e-01
1.194816851232709809e-01
1.199999999999999956e+00
1.199999999999999956e+00
1.199999999999999956e+00
1.199999999999999956e+00
3.991976765352751033e-01
3.991976765352751033e-01
4.930368866610313101e-03
4.930368866610313101e-03
1.199999999999999956e+00
1.199999999999999956e+00
5.892956414459021852e-02
5.892956414459021852e-02
7.097795508845671231e-01
7.097795508845671231e-01
1.199999999999999956e+00
1.199999999999999956e+00
1.199999999999999956e+00
1.199999999999999956e+00
7.583641361891091393e-01
7.583641361891091393e-01
1.199999999999999956e+00
1.199999999999999956e+00
1.199999999999999956e+00
1.199999999999999956e+00
1.681901277178348419e-01
1.681901277178348419e-01
1.715145445603346586e-01
1.715145445603346586e-01
5.978836413598902499e-01
5.978836413598902499e-01
1.401068245212218899e-01
1.401068245212218899e-01
2.409428935888781875e-01
2.409428935888781875e-01
1.930551755857113083e-01
1.930551755857113083e-01
3.597908521236055646e-01
3.597908521236055646e-01
5.172916640314942915e-01
5.172916640314942915e-01
5.536201137815707218e-01
5.536201137815707218e-01
5.850281413514819562e-01
5.850281413514819562e-01
2.028572820885214678e-01
2.028572820885214678e-01
7.174041277935272465e-02
7.174041277935272465e-02
1.302974865333096088e-01
1.302974865333096088e-01
1.665565017666007230e-01
1.665565017666007230e-01
3.238099554708336880e-01
3.238099554708336880e-01
1.199999999999999956e+00
1.199999999999999956e+00
2.986143072097079965e-01
2.986143072097079965e-01
1.199999999999999956e+00
1.199999999999999956e+00
1.199999999999999956e+00
1.199999999999999956e+00
5.236805250188844019e-01
5.236805250188844019e-01
2.601346916424562283e-01
2.601346916424562283e-01
2.447797392823716778e-01
2.447797392823716778e-01
1.199999999999999956e+00
1.199999999999999956e+00
1.695612000556574461e-01
1.695612000556574461e-01
4.319492872799841621e-01
4.319492872799841621e-01
7.177123625518206929e-01
7.177123625518206929e-01
1.199999999999999956e+00
1.199999999999999956e+00
6.170100308668940992e-02
6.170100308668940992e-02
1.199999999999999956e+00
1.199999999999999956e+00
1.224956066216992545e-01
1.224956066216992545e-01
1.875654999203014706e-01
1.875654999203014706e-01
4.888096638816176176e-01
4.888096638816176176e-01
4.701583952814696876e-01
4.701583952814696876e-01
5.127603605728604519e-01
5.127603605728604519e-01
1.199999999999999956e+00
1.199999999999999956e+00
9.407172305302088922e-02
9.407172305302088922e-02
1.178075076594452125e-01
1.178075076594452125e-01
1.878825940632954106e-01
1.878825940632954106e-01
5.278346684574608538e-01
5.278346684574608538e-01
9.906008129252677485e-02
9.906008129252677485e-02
1.022389456070927904e-01
1.022389456070927904e-01
5.172476645183777810e-01
5.172476645183777810e-01
1.265502173285408816e-01
1.265502173285408816e-01
2.012998455012871002e-01
2.012998455012871002e-01
4.861578038286669678e-01
4.861578038286669678e-01
3.166167615237230892e-01
3.166167615237230892e-01
2.653813368674102779e-01
2.653813368674102779e-01
2.854504413112503650e-02
2.854504413112503650e-02
5.296459485596279881e-01
5.296459485596279881e-01
6.854998472100921614e-01
6.854998472100921614e-01
9.638686791350865590e-01
9.638686791350865590e-01
6.507916744142165921e-01
6.507916744142165921e-01
9.806500238356007093e-02
9.806500238356007093e-02
1.199999999999999956e+00
1.199999999999999956e+00
1.199999999999999956e+00
1.199999999999999956e+00
1.462357946564664668e-01
1.462357946564664668e-01
1.199999999999999956e+00
1.199999999999999956e+00
9.269173617607351368e-02
9.269173617607351368e-02
6.763719638453725702e-01
6.763719638453725702e-01
3.817961451901969450e-01
3.817961451901969450e-01
2.473519564081089195e-01
2.473519564081089195e-01
2.941249546900865375e-01
2.941249546900865375e-01
3.730436767345985949e-01
3.730436767345985949e-01
1.199999999999999956e+00
1.199999999999999956e+00
1.199999999999999956e+00
1.199999999999999956e+00
1.030602373354235768e-01
1.030602373354235768e-01
6.219124690058193128e-01
6.219124690058193128e-01
1.049081156982012430e+00
1.049081156982012430e+00
1.076098538453142961e-01
1.076098538453142961e-01
6.600854648592402625e-03
6.600854648592402625e-03
2.770400672514107820e-01
2.770400672514107820e-01
1.111439684644844050e-01
1.111439684644844050e-01
4.481969491383384074e-01
4.481969491383384074e-01
4.993181248123695903e-01
4.993181248123695903e-01
1.199999999999999956e+00
1.199999999999999956e+00
1.498984530321500197e-01
1.498984530321500197e-01
1.732699048756403126e-01
1.732699048756403126e-01
4.850154255372869372e-01
4.850154255372869372e-01
2.272648726673818231e-01
2.272648726673818231e-01
2.905661004484188514e-01
2.905661004484188514e-01
3.578170587947516190e-01
3.578170587947516190e-01
1.199999999999999956e+00
1.199999999999999956e+00
1.199999999999999956e+00
1.199999999999999956e+00
2.024547876469431074e-01
2.024547876469431074e-01
1.342105188943762129e-01
1.342105188943762129e-01
4.586366057245945815e-01
4.586366057245945815e-01
2.945715802324240240e-01
2.945715802324240240e-01
5.873053931738167477e-02
5.873053931738167477e-02
6.323405789738480998e-01
6.323405789738480998e-01
5.198434200102729497e-01
5.198434200102729497e-01
5.234007493878662931e-01
5.234007493878662931e-01
1.199999999999999956e+00
1.199999999999999956e+00
3.573335947364157938e-01
3.573335947364157938e-01
1.719455344024825028e-01
1.719455344024825028e-01
8.384883376693302512e-03
8.384883376693302512e-03
6.096534415372226873e-02
6.096534415372226873e-02
6.787459171867535890e-01
6.787459171867535890e-01
1.199999999999999956e+00
1.199999999999999956e+00
1.890633733221530055e-01
1.890633733221530055e-01
2.268888960615940698e-01
2.268888960615940698e-01
1.199999999999999956e+00
1.199999999999999956e+00
1.199999999999999956e+00
1.199999999999999956e+00
2.677082493230912852e-01
2.677082493230912852e-01
2.316776376475717519e-02
2.316776376475717519e-02
2.955602680697534401e-01
2.955602680697534401e-01
3.226261927871996171e-01
3.226261927871996171e-01
1.199999999999999956e+00
1.199999999999999956e+00
3.357526644398582949e-01
3.357526644398582949e-01
1.199999999999999956e+00
1.199999999999999956e+00
3.135253770403969575e-01
3.135253770403969575e-01
2.365431765109264062e-01
2.365431765109264062e-01
2.519483812497205211e-01
2.519483812497205211e-01
8.500724009495656819e-02
8.500724009495656819e-02
2.561304948161510775e-01
2.561304948161510775e-01
1.199999999999999956e+00
1.199999999999999956e+00
2.302533465707174987e-01
2.302533465707174987e-01
6.142266967839304925e-02
6.142266967839304925e-02
4.919096207253432704e-03
4.919096207253432704e-03
4.713116481616902442e-01
4.713116481616902442e-01
3.824548003909817862e-01
3.824548003909817862e-01
1.362230406409838668e-01
1.362230406409838668e-01
2.053253806194814401e-01
2.053253806194814401e-01
1.199999999999999956e+00
1.199999999999999956e+00
4.934983410025541861e-01
4.934983410025541861e-01
2.042012614157131256e-01
2.042012614157131256e-01
8.458811474092655658e-01
8.458811474092655658e-01
1.702139155202821164e-01
1.702139155202821164e-01
5.510877700303901637e-03
5.510877700303901637e-03
2.040888168657396529e-01
2.040888168657396529e-01
5.668587237807226620e-02
5.668587237807226620e-02
1.510162143869694940e-02
1.510162143869694940e-02
2.845920630492912440e-01
2.845920630492912440e-01
9.749439391976073496e-03
9.749439391976073496e-03
3.113686066236815431e-01
3.113686066236815431e-01
8.307737941077669719e-02
8.307737941077669719e-02
1.199999999999999956e+00
1.199999999999999956e+00
1.199999999999999956e+00
1.199999999999999956e+00
1.846115317018457436e-01
1.846115317018457436e-01
1.199999999999999956e+00
1.199999999999999956e+00
1.691970739125150600e-02
1.691970739125150600e-02
2.667419658616259071e-01
2.667419658616259071e-01
1.199999999999999956e+00
1.199999999999999956e+00
5.330304925510608305e-01
5.330304925510608305e-01
1.504671267475661267e-01
1.504671267475661267e-01
1.199999999999999956e+00
1.199999999999999956e+00
5.215305189929374530e-01
5.215305189929374530e-01
1.086051472336011070e+00
1.086051472336011070e+00
2.679291471951855130e-01
2.679291471951855130e-01
1.199999999999999956e+00
1.199999999999999956e+00
6.125895853218383813e-01
6.125895853218383813e-01
1.348324513695901283e-01
1.348324513695901283e-01
1.095682848375012786e-01
1.095682848375012786e-01
1.199999999999999956e+00
1.199999999999999956e+00
4.491998251483487192e-01
4.491998251483487192e-01
8.282584889737408529e-02
8.282584889737408529e-02
5.085836278799238733e-03
5.085836278799238733e-03
2.993955382569992163e-01
2.993955382569992163e-01
2.828371516563679341e-02
2.828371516563679341e-02
4.893529073507724703e-01
4.893529073507724703e-01
3.472934472758083535e-01
3.472934472758083535e-01
4.213000644982968779e-01
4.213000644982968779e-01
3.085358177285767445e-01
3.085358177285767445e-01
9.551724118918372697e-02
9.551724118918372697e-02
1.675138748109424591e-01
1.675138748109424591e-01
5.651018666179790512e-02
5.651018666179790512e-02
2.087302334790523961e-01
2.087302334790523961e-01
1.234888959291289140e-01
1.234888959291289140e-01
4.207993635450053560e-01
4.207993635450053560e-01
1.199999999999999956e+00
1.199999999999999956e+00
5.207291803138565101e-01
5.207291803138565101e-01
2.824686629770340462e-01
2.824686629770340462e-01
1.663646266284173891e-01
1.663646266284173891e-01
2.365243083440017324e-01
2.365243083440017324e-01
2.884707708041195917e-01
2.884707708041195917e-01
1.651862909187155615e-01
1.651862909187155615e-01
2.840533818871406324e-01
2.840533818871406324e-01
7.919282781276060224e-02
7.919282781276060224e-02
4.597906495688955930e-01
4.597906495688955930e-01
7.152938876639680643e-02
7.152938876639680643e-02
3.767972662480625901e-01
3.767972662480625901e-01
1.000915949515513992e+00
1.000915949515513992e+00
3.173698965915465742e-01
3.173698965915465742e-01
1.370281288751342974e-01
1.370281288751342974e-01
4.820774849099373482e-01
4.820774849099373482e-01
1.199999999999999956e+00
1.199999999999999956e+00
4.829370852793348455e-03
4.829370852793348455e-03
1.199999999999999956e+00
1.199999999999999956e+00
2.783692952280376887e-02
2.783692952280376887e-02
1.551175585490006115e-01
1.551175585490006115e-01
1.783099511906700574e-01
1.783099511906700574e-01
1.470598853160401676e-01
1.470598853160401676e-01
1.922442286933087607e-02
1.922442286933087607e-02
5.039574763397952628e-01
5.039574763397952628e-01
6.147218425034219891e-01
6.147218425034219891e-01
2.074080328196205025e-01
2.074080328196205025e-01
8.992607612307154663e-02
8.992607612307154663e-02
1.199999999999999956e+00
1.199999999999999956e+00
1.199999999999999956e+00
1.199999999999999956e+00
1.553174836931036917e-01
1.553174836931036917e-01
6.100266241940360823e-02
6.100266241940360823e-02
3.149275576635623963e-02
3.149275576635623963e-02
1.989464009821153012e-01
1.989464009821153012e-01
2.242651135057109960e-02
2.242651135057109960e-02
2.539990431019480965e-01
2.539990431019480965e-01
7.148135066707296537e-02
7.148135066707296537e-02
3.894957562910961180e-02
3.894957562910961180e-02
2.016971439627667229e-01
2.016971439627667229e-01
4.688266048741099867e-01
4.688266048741099867e-01
1.199999999999999956e+00
1.199999999999999956e+00
1.199999999999999956e+00
1.199999999999999956e+00
2.820466118966726277e-01
2.820466118966726277e-01
2.211185178595104495e-01
2.211185178595104495e-01
1.199291549220278807e-01
1.199291549220278807e-01
1.065424530445357176e-01
1.065424530445357176e-01
1.199999999999999956e+00
1.199999999999999956e+00
1.680123444622290130e-01
1.680123444622290130e-01
6.643785517687645914e-01
6.643785517687645914e-01
6.455329235843912938e-01
6.455329235843912938e-01
2.747004325690615700e-01
2.747004325690615700e-01
1.199999999999999956e+00
1.199999999999999956e+00
7.527591798879371687e-01
7.527591798879371687e-01
1.199999999999999956e+00
1.199999999999999956e+00
1.199999999999999956e+00
1.199999999999999956e+00
9.333173453894053062e-02
9.333173453894053062e-02
1.242130748699402654e-01
1.242130748699402654e-01
2.186908664138980107e-01
2.186908664138980107e-01
7.400253158992401437e-01
7.400253158992401437e-01
2.507770173854299844e-02
2.507770173854299844e-02
3.377637567443934619e-01
3.377637567443934619e-01
1.956434682625711186e-01
1.956434682625711186e-01
1.434091649175229903e-02
1.434091649175229903e-02
2.073431237284108219e-01
2.073431237284108219e-01
1.268895036134839172e-01
1.268895036134839172e-01
1.199999999999999956e+00
1.199999999999999956e+00
3.745569122186719752e-02
3.745569122186719752e-02
5.584996857167456863e-01
5.584996857167456863e-01
1.135854114183563635e+00
1.135854114183563635e+00
5.877838376713850205e-02
5.877838376713850205e-02
2.386315655244174438e-01
2.386315655244174438e-01
1.199999999999999956e+00
1.199999999999999956e+00
8.481046098564368196e-02
8.481046098564368196e-02
1.199999999999999956e+00
1.199999999999999956e+00
2.034966510167341702e-01
2.034966510167341702e-01
6.255585519979016407e-02
6.255585519979016407e-02
2.896832849276343436e-01
2.896832849276343436e-01
2.538488660185660162e-02
2.538488660185660162e-02
1.134367718238245976e-01
1.134367718238245976e-01
2.907220233970769230e-01
2.907220233970769230e-01
1.199999999999999956e+00
1.199999999999999956e+00
4.190400396310172138e-01
4.190400396310172138e-01
7.373413693253937362e-01
7.373413693253937362e-01
3.781771161249466995e-01
3.781771161249466995e-01
3.877283259596315257e-01
3.877283259596315257e-01
7.087528335804341162e-02
7.087528335804341162e-02
2.512217046503634199e-01
2.512217046503634199e-01
1.199999999999999956e+00
1.199999999999999956e+00
6.913996837461905409e-02
6.913996837461905409e-02
1.199999999999999956e+00
1.199999999999999956e+00
1.500868494630726857e-01
1.500868494630726857e-01
1.199999999999999956e+00
1.199999999999999956e+00
5.797151492295348624e-02
5.797151492295348624e-02
1.122084329092387645e-01
1.122084329092387645e-01
1.549495532078056514e-01
1.549495532078056514e-01
3.224708847056357852e-01
3.224708847056357852e-01
7.095411510654126008e-01
7.095411510654126008e-01
6.502204939703918329e-01
6.502204939703918329e-01
7.067367785269004776e-02
7.067367785269004776e-02
9.352749016222808298e-03
9.352749016222808298e-03
6.939053528959286676e-02
6.939053528959286676e-02
1.356637825305500034e-01
1.356637825305500034e-01
1.199999999999999956e+00
1.199999999999999956e+00
2.083248683495667608e-01
2.083248683495667608e-01
2.437442261655965725e-01
2.437442261655965725e-01
1.826933603586499699e-01
1.826933603586499699e-01
1.199999999999999956e+00
1.199999999999999956e+00
3.460756522307339433e-01
3.460756522307339433e-01
1.482441195974509573e-01
1.482441195974509573e-01
2.874467713193611940e-01
2.874467713193611940e-01
2.101042023204764339e-02
2.101042023204764339e-02
1.180830690747369793e-01
1.180830690747369793e-01
2.369081822613784416e-01
2.369081822613784416e-01
1.199999999999999956e+00
1.199999999999999956e+00
9.507865952364480400e-02
9.507865952364480400e-02
2.351277833218185787e-01
2.351277833218185787e-01
1.199999999999999956e+00
1.199999999999999956e+00
1.199999999999999956e+00
1.199999999999999956e+00
1.199999999999999956e+00
1.199999999999999956e+00
7.844520776843765253e-01
7.844520776843765253e-01
7.070229631671722803e-01
7.070229631671722803e-01
7.017011818349374597e-01
7.017011818349374597e-01
3.072301683490868407e-01
3.072301683490868407e-01
1.199999999999999956e+00
1.199999999999999956e+00
3.615210465114443439e-01
3.615210465114443439e-01
2.554063535190491119e-01
2.554063535190491119e-01
2.827297819387503131e-02
2.827297819387503131e-02
2.501230312852392723e-01
2.501230312852392723e-01
1.404479808852669709e-02
1.404479808852669709e-02
1.199999999999999956e+00
1.199999999999999956e+00
1.597267445617179815e-01
1.597267445617179815e-01
3.940800011136556535e-01
3.940800011136556535e-01
3.659832198345041032e-01
3.659832198345041032e-01
1.199999999999999956e+00
1.199999999999999956e+00
9.719766747197179646e-02
9.719766747197179646e-02
1.200202722158208272e-02
1.200202722158208272e-02
6.448264261119600327e-02
6.448264261119600327e-02
2.106753073452636849e-01
2.106753073452636849e-01
1.199999999999999956e+00
1.199999999999999956e+00
2.146936064513751616e-02
2.146936064513751616e-02
4.275826044965920225e-01
4.275826044965920225e-01
1.227845967578752306e-01
1.227845967578752306e-01
1.202829137649964047e-01
1.202829137649964047e-01
6.950580378015673924e-03
6.950580378015673924e-03
1.747972985537356028e-01
1.747972985537356028e-01
6.211791717207551522e-02
6.211791717207551522e-02
1.435788862714409975e-01
1.435788862714409975e-01
1.168288283373038611e-01
1.168288283373038611e-01
4.669583756964366117e-01
4.669583756964366117e-01
5.363772285968967379e-01
5.363772285968967379e-01
3.419298193000503971e-01
3.419298193000503971e-01
1.199999999999999956e+00
1.199999999999999956e+00
1.375334188938508451e-01
1.375334188938508451e-01
3.753845099645538030e-01
3.753845099645538030e-01
5.224240618340009190e-02
5.224240618340009190e-02
2.104298892914955033e-01
2.104298892914955033e-01
2.988942417512986394e-01
2.988942417512986394e-01
1.199999999999999956e+00
1.199999999999999956e+00
2.525898787057635486e-01
2.525898787057635486e-01
3.753015336718691364e-01
3.753015336718691364e-01
6.020377433479605633e-01
6.020377433479605633e-01
1.870731694121678668e-01
1.870731694121678668e-01
5.115698223990701177e-01
5.115698223990701177e-01
2.916894204475643515e-01
2.916894204475643515e-01
9.042342454910885785e-02
9.042342454910885785e-02
9.004806624507033508e-02
9.004806624507033508e-02
8.077276751850122061e-01
8.077276751850122061e-01
1.199999999999999956e+00
1.199999999999999956e+00
5.851943098868050974e-02
5.851943098868050974e-02
1.199999999999999956e+00
1.199999999999999956e+00
1.199999999999999956e+00
1.199999999999999956e+00
4.672148138495196834e-01
4.672148138495196834e-01
1.016302747614005741e-01
1.016302747614005741e-01
1.390190425371463090e-01
1.390190425371463090e-01
7.189708113357027308e-01
7.189708113357027308e-01
8.380935419570821887e-01
8.380935419570821887e-01
1.950281981619507443e-01
1.950281981619507443e-01
7.995771974670644322e-02
7.995771974670644322e-02
3.053731797996784847e-01
3.053731797996784847e-01
3.573143729477220032e-01
3.573143729477220032e-01
7.756633460241439959e-01
7.756633460241439959e-01
3.544111730299885910e-01
3.544111730299885910e-01
2.446236006509860950e-01
2.446236006509860950e-01
2.077667539234034355e-01
2.077667539234034355e-01
1.851358817251770872e-01
1.851358817251770872e-01
4.681810486174488029e-01
4.681810486174488029e-01
9.099304015077998020e-01
9.099304015077998020e-01
1.830438197078843587e-01
1.830438197078843587e-01
1.180275415447680082e-01
1.180275415447680082e-01
1.137710091278557462e-01
1.137710091278557462e-01
7.947687372763083680e-01
7.947687372763083680e-01
5.357139295065550533e-01
5.357139295065550533e-01
2.177958099152235705e-01
2.177958099152235705e-01
4.412473757908795813e-01
4.412473757908795813e-01
8.665141299124085039e-02
8.665141299124085039e-02
1.199999999999999956e+00
1.199999999999999956e+00
3.852118219871965010e-01
3.852118219871965010e-01
4.226221875133746031e-01
4.226221875133746031e-01
2.665622170667162893e-01
2.665622170667162893e-01
2.693320697130208718e-01
2.693320697130208718e-01
4.364649032755534355e-03
4.364649032755534355e-03
2.272533735779754330e-02
2.272533735779754330e-02
2.130650666873815935e-01
2.130650666873815935e-01
4.129508994960225110e-02
4.129508994960225110e-02
6.006395032928177891e-01
6.006395032928177891e-01
3.617787449891490120e-02
3.617787449891490120e-02
2.905343310366882981e-01
2.905343310366882981e-01
1.487281727453471925e-01
1.487281727453471925e-01
4.207650613943555301e-02
4.207650613943555301e-02
5.713530455875842629e-01
5.713530455875842629e-01
4.985140811263581370e-03
4.985140811263581370e-03
1.687109363231635573e-01
1.687109363231635573e-01
3.334910221147423526e-01
3.334910221147423526e-01
6.844201070155475630e-01
6.844201070155475630e-01
3.791795184770023752e-01
3.791795184770023752e-01
1.646475026903576611e-01
1.646475026903576611e-01
