1.199999999999999956e+00
1.199999999999999956e+00
5.144053534082942969e-01
5.144053534082942969e-01
2.221014315380509252e-01
2.221014315380509252e-01
5.607232419020811154e-01
5.607232419020811154e-01
1.199999999999999956e+00
1.199999999999999956e+00
6.009979725131908701e-01
6.009979725131908701e-01
4.859918225367051980e-01
4.859918225367051980e-01
1.199999999999999956e+00
1.199999999999999956e+00
4.507428803284869168e-01
4.507428803284869168e-01
3.753614305648450555e-01
3.753614305648450555e-01
4.546123458727266975e-01
4.546123458727266975e-01
5.277045791809875652e-01
5.277045791809875652e-01
1.199999999999999956e+00
1.199999999999999956e+00
7.093875395516494597e-01
7.093875395516494597e-01
3.968102835083625601e-02
3.968102835083625601e-02
1.436910977921799781e-01
1.436910977921799781e-01
2.402005094114778583e-01
2.402005094114778583e-01
3.177137903392822649e-01
3.177137903392822649e-01
1.199999999999999956e+00
1.199999999999999956e+00
7.990439559021852989e-02
7.990439559021852989e-02
4.250195487083098245e-01
4.250195487083098245e-01
6.637521532917234346e-01
6.637521532917234346e-01
8.737175686321820012e-02
8.737175686321820012e-02
1.199999999999999956e+00
1.199999999999999956e+00
7.190078828540074074e-01
7.190078828540074074e-01
1.199999999999999956e+00
1.199999999999999956e+00
7.594515786833795357e-01
7.594515786833795357e-01
1.199999999999999956e+00
1.199999999999999956e+00
2.959208174671231206e-01
2.959208174671231206e-01
5.698718492051693119e-01
5.698718492051693119e-01
5.057915432593438343e-01
5.057915432593438343e-01
1.199999999999999956e+00
1.199999999999999956e+00
2.710620600746161957e-01
2.710620600746161957e-01
6.625351772310247855e-02
6.625351772310247855e-02
1.362653766127858435e-01
1.362653766127858435e-01
1.199999999999999956e+00
1.199999999999999956e+00
2.753487717795834455e-01
2.753487717795834455e-01
1.029740818078476450e-01
1.029740818078476450e-01
1.801117357054529966e-01
1.801117357054529966e-01
1.199999999999999956e+00
1.199999999999999956e+00
1.199999999999999956e+00
1.199999999999999956e+00
3.832061762680714079e-01
3.832061762680714079e-01
1.199999999999999956e+00
1.199999999999999956e+00
1.199999999999999956e+00
1.199999999999999956e+00
3.441741443881696921e-02
3.441741443881696921e-02
1.199999999999999956e+00
1.199999999999999956e+00
1.199999999999999956e+00
1.199999999999999956e+00
1.199999999999999956e+00
1.199999999999999956e+00
1.199999999999999956e+00
1.199999999999999956e+00
2.863904220697273129e-01
2.863904220697273129e-01
4.248195300809716746e-01
4.248195300809716746e-01
4.254183633297474731e-01
4.254183633297474731e-01
3.325271758319700011e-01
3.325271758319700011e-01
5.971621838222871403e-01
5.971621838222871403e-01
4.725055536282457558e-02
4.725055536282457558e-02
1.075170693378367792e-01
1.075170693378367792e-01
3.764953982302512991e-01
3.764953982302512991e-01
9.782634214677378148e-01
9.782634214677378148e-01
2.850010517956410028e-01
2.850010517956410028e-01
1.981788977643983984e-01
1.981788977643983984e-01
4.115636075784115736e-03
4.115636075784115736e-03
5.829368125374504439e-01
5.829368125374504439e-01
4.134518796060680512e-01
4.134518796060680512e-01
6.765463259255433126e-01
6.765463259255433126e-01
1.406136524162335533e-01
1.406136524162335533e-01
3.125220534013601892e-01
3.125220534013601892e-01
1.406437246531065388e-01
1.406437246531065388e-01
7.000670863861879756e-01
7.000670863861879756e-01
2.848078065117118363e-01
2.848078065117118363e-01
1.199999999999999956e+00
1.199999999999999956e+00
3.659226498825853269e-01
3.659226498825853269e-01
4.234682918303733223e-01
4.234682918303733223e-01
5.650743139293225026e-01
5.650743139293225026e-01
1.199999999999999956e+00
1.199999999999999956e+00
4.262637364194263312e-02
4.262637364194263312e-02
2.150412471122050695e-01
2.150412471122050695e-01
5.632112096481476510e-02
5.632112096481476510e-02
3.362524759170859578e-01
3.362524759170859578e-01
1.998111362258117932e-02
1.998111362258117932e-02
5.338663476640438388e-01
5.338663476640438388e-01
2.252020980779131376e-01
2.252020980779131376e-01
1.199999999999999956e+00
1.199999999999999956e+00
1.199999999999999956e+00
1.199999999999999956e+00
2.672007090116182981e-01
2.672007090116182981e-01
1.199999999999999956e+00
1.199999999999999956e+00
3.365400442884156074e-01
3.365400442884156074e-01
2.561884222480823037e-01
2.561884222480823037e-01
5.093233792113219804e-01
5.093233792113219804e-01
1.199999999999999956e+00
1.199999999999999956e+00
7.511426071348459299e-02
7.511426071348459299e-02
4.531759911047416600e-01
4.531759911047416600e-01
3.535892246744779532e-01
3.535892246744779532e-01
5.849193567934001664e-02
5.849193567934001664e-02
1.199999999999999956e+00
1.199999999999999956e+00
3.528215498622999657e-01
3.528215498622999657e-01
1.383684290261844863e-01
1.383684290261844863e-01
6.063166889504510992e-01
6.063166889504510992e-01
1.199999999999999956e+00
1.199999999999999956e+00
1.199999999999999956e+00
1.199999999999999956e+00
2.003307019855620208e-01
2.003307019855620208e-01
1.199999999999999956e+00
1.199999999999999956e+00
2.841589932867082391e-01
2.841589932867082391e-01
5.029731160828174522e-03
5.029731160828174522e-03
5.157846305520472630e-01
5.157846305520472630e-01
4.315803240223506920e-01
4.315803240223506920e-01
3.644409964685535464e-01
3.644409964685535464e-01
7.818009975592191130e-02
7.818009975592191130e-02
1.956515690411130270e-01
1.956515690411130270e-01
1.199999999999999956e+00
1.199999999999999956e+00
2.095576663210823587e-01
2.095576663210823587e-01
1.199999999999999956e+00
1.199999999999999956e+00
2.751420383255757662e-01
2.751420383255757662e-01
2.213250403102250130e-02
2.213250403102250130e-02
3.695818712878459200e-01
3.695818712878459200e-01
6.206991343485653845e-01
6.206991343485653845e-01
3.863394893381471018e-01
3.863394893381471018e-01
2.853218105180160280e-01
2.853218105180160280e-01
2.865429488580685247e-01
2.865429488580685247e-01
1.282188055293381479e-01
1.282188055293381479e-01
1.199999999999999956e+00
1.199999999999999956e+00
3.856712657547590739e-01
3.856712657547590739e-01
3.366017011531224901e-01
3.366017011531224901e-01
1.199999999999999956e+00
1.199999999999999956e+00
4.999050662095489428e-01
4.999050662095489428e-01
3.766865056724559846e-01
3.766865056724559846e-01
1.975150768484958685e-01
1.975150768484958685e-01
3.025366047569568728e-01
3.025366047569568728e-01
1.199999999999999956e+00
1.199999999999999956e+00
4.267935245998548677e-01
4.267935245998548677e-01
3.126929103038961211e-01
3.126929103038961211e-01
2.346061939559994647e-01
2.346061939559994647e-01
1.414561922412918282e-01
1.414561922412918282e-01
3.699049870185904809e-01
3.699049870185904809e-01
4.967120183226759744e-01
4.967120183226759744e-01
2.613008240878781363e-01
2.613008240878781363e-01
2.853771702026491330e-01
2.853771702026491330e-01
2.737620084180052427e-01
2.737620084180052427e-01
1.858822052534979397e-01
1.858822052534979397e-01
3.298796103350172260e-01
3.298796103350172260e-01
2.097840065130750775e-01
2.097840065130750775e-01
2.852833177372055551e-01
2.852833177372055551e-01
5.902631973294415468e-01
5.902631973294415468e-01
1.953081582225664192e-01
1.953081582225664192e-01
3.304601547640843018e-01
3.304601547640843018e-01
1.199999999999999956e+00
1.199999999999999956e+00
1.199999999999999956e+00
1.199999999999999956e+00
1.199999999999999956e+00
1.199999999999999956e+00
3.151989605189362553e-01
3.151989605189362553e-01
1.199999999999999956e+00
1.199999999999999956e+00
1.241519709337242094e-01
1.241519709337242094e-01
6.140364442866571570e-01
6.140364442866571570e-01
7.625616119460414122e-02
7.625616119460414122e-02
3.722889443032133538e-01
3.722889443032133538e-01
5.814133151963729595e-01
5.814133151963729595e-01
7.040191124208891767e-03
7.040191124208891767e-03
8.130137470410201406e-01
8.130137470410201406e-01
7.645561422485611658e-01
7.645561422485611658e-01
1.532193992021503304e-01
1.532193992021503304e-01
1.199999999999999956e+00
1.199999999999999956e+00
5.220662950120590340e-01
5.220662950120590340e-01
3.603233430132932180e-01
3.603233430132932180e-01
8.514627744862579561e-02
8.514627744862579561e-02
1.081313024658604682e+00
1.081313024658604682e+00
7.360132955297582491e-01
7.360132955297582491e-01
1.199999999999999956e+00
1.199999999999999956e+00
1.115641659562200405e-01
1.115641659562200405e-01
1.199999999999999956e+00
1.199999999999999956e+00
2.219071416270498587e-01
2.219071416270498587e-01
5.407937186014920572e-01
5.407937186014920572e-01
3.841042389484259911e-01
3.841042389484259911e-01
3.856723650144775473e-01
3.856723650144775473e-01
1.780266478877184921e-01
1.780266478877184921e-01
7.646346189180452946e-02
7.646346189180452946e-02
1.199999999999999956e+00
1.199999999999999956e+00
3.253887686458277750e-01
3.253887686458277750e-01
5.648803696110291650e-01
5.648803696110291650e-01
2.297095491070846041e-01
2.297095491070846041e-01
3.442404367258593001e-01
3.442404367258593001e-01
2.807493203423205297e-01
2.807493203423205297e-01
2.224902655900675430e-01
2.224902655900675430e-01
8.101577827940282805e-01
8.101577827940282805e-01
6.357220591258423426e-01
6.357220591258423426e-01
9.703453573007553290e-02
9.703453573007553290e-02
1.632979218452258185e-01
1.632979218452258185e-01
8.842894100066020502e-02
8.842894100066020502e-02
8.528781060255781199e-01
8.528781060255781199e-01
3.528683665300837435e-01
3.528683665300837435e-01
2.667502476013886015e-01
2.667502476013886015e-01
4.452163008960987461e-02
4.452163008960987461e-02
1.199999999999999956e+00
1.199999999999999956e+00
5.665865733217463340e-01
5.665865733217463340e-01
8.632654233836277724e-01
8.632654233836277724e-01
5.512475843316271690e-02
5.512475843316271690e-02
5.973392720362327157e-01
5.973392720362327157e-01
1.199999999999999956e+00
1.199999999999999956e+00
1.199999999999999956e+00
1.199999999999999956e+00
1.402668760870581788e-01
1.402668760870581788e-01
1.199999999999999956e+00
1.199999999999999956e+00
1.199999999999999956e+00
1.199999999999999956e+00
1.627950711344915841e-02
1.627950711344915841e-02
4.298324175930755553e-01
4.298324175930755553e-01
6.347500154887892876e-01
6.347500154887892876e-01
7.774426986101701242e-01
7.774426986101701242e-01
1.200035754324329934e-01
1.200035754324329934e-01
5.771151853903216944e-01
5.771151853903216944e-01
2.094842710471542802e-01
2.094842710471542802e-01
3.776975047146045594e-01
3.776975047146045594e-01
4.828265179489913961e-01
4.828265179489913961e-01
2.011814371949194324e-01
2.011814371949194324e-01
3.598823113549445840e-01
3.598823113549445840e-01
3.872497540036693442e-01
3.872497540036693442e-01
1.199999999999999956e+00
1.199999999999999956e+00
3.118492733318623533e-01
3.118492733318623533e-01
2.362985746250602925e-01
2.362985746250602925e-01
5.293300282527571010e-01
5.293300282527571010e-01
1.485341914194771573e-01
1.485341914194771573e-01
3.416281310541691152e-01
3.416281310541691152e-01
1.199999999999999956e+00
1.199999999999999956e+00
1.199999999999999956e+00
1.199999999999999956e+00
2.016164225667983756e-02
2.016164225667983756e-02
1.199999999999999956e+00
1.199999999999999956e+00
7.729058188294085641e-02
7.729058188294085641e-02
2.535947558090469456e-01
2.535947558090469456e-01
2.497695162662950941e-02
2.497695162662950941e-02
4.560764245475143475e-01
4.560764245475143475e-01
4.005195037161033977e-01
4.005195037161033977e-01
5.961822395954277654e-02
5.961822395954277654e-02
6.594895276813281804e-01
6.594895276813281804e-01
3.434679063867446813e-01
3.434679063867446813e-01
3.389040994109853155e-01
3.389040994109853155e-01
1.199999999999999956e+00
1.199999999999999956e+00
6.681955612859575844e-01
6.681955612859575844e-01
4.736894034997632952e-01
4.736894034997632952e-01
1.199999999999999956e+00
1.199999999999999956e+00
1.199999999999999956e+00
1.199999999999999956e+00
1.603937132106004193e-01
1.603937132106004193e-01
1.717306352646380263e-01
1.717306352646380263e-01
1.441524580314353099e-01
1.441524580314353099e-01
1.110087812228287459e-02
1.110087812228287459e-02
1.199999999999999956e+00
1.199999999999999956e+00
5.674160472345406436e-01
5.674160472345406436e-01
6.791605008094714346e-01
6.791605008094714346e-01
1.199999999999999956e+00
1.199999999999999956e+00
5.306851980707716354e-01
5.306851980707716354e-01
2.267589122137204927e-01
2.267589122137204927e-01
2.412670285911302018e-02
2.412670285911302018e-02
3.601186791914661733e-01
3.601186791914661733e-01
7.099533903361146536e-02
7.099533903361146536e-02
2.585367198494920582e-01
2.585367198494920582e-01
4.847792467742946809e-01
4.847792467742946809e-01
1.074604864098987617e-01
1.074604864098987617e-01
1.486321623432234895e-01
1.486321623432234895e-01
6.011530570563702325e-01
6.011530570563702325e-01
1.199999999999999956e+00
1.199999999999999956e+00
6.342613985018018541e-01
6.342613985018018541e-01
4.596851270882268969e-01
4.596851270882268969e-01
1.199999999999999956e+00
1.199999999999999956e+00
3.753161232777008083e-01
3.753161232777008083e-01
5.120387169999670585e-01
5.120387169999670585e-01
3.097086663969222387e-01
3.097086663969222387e-01
5.580244912394382445e-02
5.580244912394382445e-02
3.472825879311103314e-01
3.472825879311103314e-01
1.199999999999999956e+00
1.199999999999999956e+00
4.836353588825195726e-02
4.836353588825195726e-02
1.199999999999999956e+00
1.199999999999999956e+00
1.364740915771129638e-02
1.364740915771129638e-02
3.186898546706604662e-01
3.186898546706604662e-01
8.521638143640262175e-01
8.521638143640262175e-01
3.372939783187727802e-01
3.372939783187727802e-01
1.757331630348187845e-01
1.757331630348187845e-01
3.822550464416423210e-01
3.822550464416423210e-01
1.199999999999999956e+00
1.199999999999999956e+00
1.184425412715921361e-01
1.184425412715921361e-01
8.991463476263178434e-02
8.991463476263178434e-02
5.711686510334212930e-02
5.711686510334212930e-02
1.199999999999999956e+00
1.199999999999999956e+00
4.322027188665354958e-01
4.322027188665354958e-01
7.317544546495290125e-02
7.317544546495290125e-02
1.199999999999999956e+00
1.199999999999999956e+00
3.946894016581194153e-02
3.946894016581194153e-02
1.199999999999999956e+00
1.199999999999999956e+00
1.797218575128024798e-01
1.797218575128024798e-01
8.485347076741625930e-03
8.485347076741625930e-03
6.291970756112630347e-01
6.291970756112630347e-01
2.147288623725505941e-02
2.147288623725505941e-02
2.891572560630654709e-01
2.891572560630654709e-01
3.384431885077595070e-01
3.384431885077595070e-01
1.199999999999999956e+00
1.199999999999999956e+00
5.274471283552214507e-01
5.274471283552214507e-01
2.621014852304283105e-01
2.621014852304283105e-01
1.199999999999999956e+00
1.199999999999999956e+00
2.181789785571671691e-01
2.181789785571671691e-01
1.199999999999999956e+00
1.199999999999999956e+00
4.331031593372303146e-02
4.331031593372303146e-02
3.026492472412447565e-01
3.026492472412447565e-01
1.199999999999999956e+00
1.199999999999999956e+00
2.551758936242898845e-01
2.551758936242898845e-01
1.533646706545293004e-01
1.533646706545293004e-01
1.199999999999999956e+00
1.199999999999999956e+00
1.617969040867821562e-01
1.617969040867821562e-01
1.260186043382338639e-01
1.260186043382338639e-01
3.270287268330178132e-01
3.270287268330178132e-01
1.199999999999999956e+00
1.199999999999999956e+00
6.046201836801068374e-01
6.046201836801068374e-01
3.836637910837858989e-01
3.836637910837858989e-01
1.199999999999999956e+00
1.199999999999999956e+00
1.751408156883763750e-02
1.751408156883763750e-02
3.369326245105696560e-01
3.369326245105696560e-01
2.602720294567532067e-01
2.602720294567532067e-01
5.345602848962793807e-01
5.345602848962793807e-01
1.199999999999999956e+00
1.199999999999999956e+00
1.199999999999999956e+00
1.199999999999999956e+00
1.199999999999999956e+00
1.199999999999999956e+00
1.199999999999999956e+00
1.199999999999999956e+00
7.661332272557272449e-02
7.661332272557272449e-02
6.280777227731229040e-01
6.280777227731229040e-01
9.114025029175937265e-02
9.114025029175937265e-02
3.934274175048626393e-03
3.934274175048626393e-03
1.858644510342527534e-01
1.858644510342527534e-01
1.199999999999999956e+00
1.199999999999999956e+00
1.199999999999999956e+00
1.199999999999999956e+00
7.513117851792378010e-02
7.513117851792378010e-02
8.044994126628083331e-01
8.044994126628083331e-01
3.054435118427067941e-01
3.054435118427067941e-01
3.270861257212883122e-01
3.270861257212883122e-01
6.905032907756590566e-02
6.905032907756590566e-02
1.742266740811322656e-01
1.742266740811322656e-01
1.199999999999999956e+00
1.199999999999999956e+00
1.843747615035437604e-02
1.843747615035437604e-02
2.776811984788931098e-01
2.776811984788931098e-01
6.339489937879467796e-01
6.339489937879467796e-01
4.419638413928108078e-01
4.419638413928108078e-01
2.446322429491889217e-01
2.446322429491889217e-01
7.319692000613741145e-01
7.319692000613741145e-01
6.928249139062017115e-01
6.928249139062017115e-01
1.199999999999999956e+00
1.199999999999999956e+00
1.199999999999999956e+00
1.199999999999999956e+00
6.282225274261685755e-01
6.282225274261685755e-01
6.192221000879908482e-02
6.192221000879908482e-02
4.093474574556812406e-01
4.093474574556812406e-01
1.192240833511558212e-01
1.192240833511558212e-01
1.516934208526642403e-01
1.516934208526642403e-01
1.895681586252154216e-02
1.895681586252154216e-02
1.424002568626564491e-01
1.424002568626564491e-01
1.072767061607653033e-01
1.072767061607653033e-01
1.199999999999999956e+00
1.199999999999999956e+00
1.199999999999999956e+00
1.199999999999999956e+00
1.199999999999999956e+00
1.199999999999999956e+00
6.231756229274698633e-02
6.231756229274698633e-02
1.440301356339018790e-01
1.440301356339018790e-01
3.052745725215815775e-01
3.052745725215815775e-01
1.537961538360645974e-01
1.537961538360645974e-01
6.789557389571096446e-02
6.789557389571096446e-02
6.441212474124238252e-01
6.441212474124238252e-01
5.144233987930485474e-01
5.144233987930485474e-01
1.199999999999999956e+00
1.199999999999999956e+00
5.302775584040485962e-02
5.302775584040485962e-02
1.199999999999999956e+00
1.199999999999999956e+00
9.353968183273475567e-02
9.353968183273475567e-02
7.290947889268296622e-01
7.290947889268296622e-01
2.037324016106587532e-01
2.037324016106587532e-01
2.259625312548719789e-01
2.259625312548719789e-01
2.986582719103688874e-02
2.986582719103688874e-02
5.551130575586128435e-01
5.551130575586128435e-01
4.451815346437831278e-01
4.451815346437831278e-01
7.514102943434952664e-01
7.514102943434952664e-01
2.172348697567859088e-01
2.172348697567859088e-01
4.244976554799597679e-01
4.244976554799597679e-01
1.199999999999999956e+00
1.199999999999999956e+00
7.687255099976183503e-01
7.687255099976183503e-01
2.513423768628404442e-01
2.513423768628404442e-01
1.199999999999999956e+00
1.199999999999999956e+00
1.481449939129491633e-01
1.481449939129491633e-01
6.240664093592571682e-01
6.240664093592571682e-01
2.948025125820395442e-01
2.948025125820395442e-01
1.199999999999999956e+00
1.199999999999999956e+00
3.156774328084013259e-01
3.156774328084013259e-01
1.127129648308783927e-01
1.127129648308783927e-01
1.641149222415279885e-01
1.641149222415279885e-01
1.199999999999999956e+00
1.199999999999999956e+00
3.270980964633026233e-01
3.270980964633026233e-01
1.953688265578754912e-01
1.953688265578754912e-01
2.059771293704053263e-01
2.059771293704053263e-01
1.199999999999999956e+00
1.199999999999999956e+00
4.090651578381990783e-01
4.090651578381990783e-01
6.819981811386812039e-03
6.819981811386812039e-03
8.999003156122385716e-02
8.999003156122385716e-02
4.053580287027346296e-01
4.053580287027346296e-01
3.673618251769896620e-02
3.673618251769896620e-02
4.362394963544831139e-01
4.362394963544831139e-01
3.630581964414530960e-02
3.630581964414530960e-02
1.160160739452091860e-01
1.160160739452091860e-01
4.738386780342541960e-02
4.738386780342541960e-02
1.855684369157650226e-01
1.855684369157650226e-01
2.104546099903092105e-01
2.104546099903092105e-01
1.702104341991752257e-01
1.702104341991752257e-01
8.442373825278409738e-01
8.442373825278409738e-01
1.445771047421636479e-01
1.445771047421636479e-01
2.997451446498445443e-02
2.997451446498445443e-02
1.248528013272571374e-01
1.248528013272571374e-01
1.680546624969417313e-01
1.680546624969417313e-01
1.199999999999999956e+00
1.199999999999999956e+00
1.480318528618891905e-01
1.480318528618891905e-01
4.243642191515820117e-02
4.243642191515820117e-02
2.364078386878793181e-01
2.364078386878793181e-01
1.199999999999999956e+00
1.199999999999999956e+00
1.043568836298581354e-01
1.043568836298581354e-01
3.081543336156158386e-01
3.081543336156158386e-01
8.337985603795217138e-02
8.337985603795217138e-02
2.466971529247155570e-01
2.466971529247155570e-01
6.443113693018328592e-01
6.443113693018328592e-01
3.135675115090650333e-01
3.135675115090650333e-01
2.223317084515916697e-01
2.223317084515916697e-01
1.705771139767569833e-01
1.705771139767569833e-01
5.124251865366234032e-02
5.124251865366234032e-02
6.805998251023630263e-02
6.805998251023630263e-02
5.338460785411474063e-01
5.338460785411474063e-01
2.271097330282919602e-01
2.271097330282919602e-01
1.137352571144737284e-01
1.137352571144737284e-01
5.066130258710369594e-01
5.066130258710369594e-01
1.199999999999999956e+00
1.199999999999999956e+00
5.418722129239297303e-01
5.418722129239297303e-01
1.288538200380106857e-01
1.288538200380106857e-01
1.920020138115099417e-01
1.920020138115099417e-01
4.799392297163336818e-01
4.799392297163336818e-01
7.208876635497629692e-01
7.208876635497629692e-01
9.169275724773845448e-01
9.169275724773845448e-01
1.370989800390932656e-01
1.370989800390932656e-01
4.703568973755492544e-02
4.703568973755492544e-02
3.096527440908489748e-01
3.096527440908489748e-01
1.199999999999999956e+00
1.199999999999999956e+00
1.199999999999999956e+00
1.199999999999999956e+00
4.090059963021335787e-01
4.090059963021335787e-01
3.531549822440724906e-01
3.531549822440724906e-01
1.118758604755510505e-01
1.118758604755510505e-01
2.753850197408089229e-01
2.753850197408089229e-01
3.666258303875337132e-01
3.666258303875337132e-01
2.242088256886719810e-01
2.242088256886719810e-01
5.371623915972857377e-01
5.371623915972857377e-01
4.074402224645679027e-01
4.074402224645679027e-01
1.698264850775551560e-01
1.698264850775551560e-01
1.964243989063804360e-02
1.964243989063804360e-02
8.591822002672619418e-02
8.591822002672619418e-02
1.809404866689948987e-01
1.809404866689948987e-01
1.199999999999999956e+00
1.199999999999999956e+00
3.103736980141280632e-01
3.103736980141280632e-01
1.160473906633775754e-01
1.160473906633775754e-01
1.199999999999999956e+00
1.199999999999999956e+00
1.163450767520997076e-01
1.163450767520997076e-01
3.720533532313210351e-02
3.720533532313210351e-02
2.262815411687389422e-01
2.262815411687389422e-01
1.199999999999999956e+00
1.199999999999999956e+00
1.190102026254761802e-01
1.190102026254761802e-01
1.468314990206133208e-01
1.468314990206133208e-01
1.199999999999999956e+00
1.199999999999999956e+00
1.199999999999999956e+00
1.199999999999999956e+00
1.553055087632775749e-02
1.553055087632775749e-02
4.578900338235145639e-01
4.578900338235145639e-01
1.199999999999999956e+00
1.199999999999999956e+00
1.191191476399260235e-01
1.191191476399260235e-01
4.804544313205134642e-01
4.804544313205134642e-01
1.300811037342424273e-02
1.300811037342424273e-02
3.152645064841503864e-01
3.152645064841503864e-01
7.452039301376149893e-01
7.452039301376149893e-01
1.199999999999999956e+00
1.199999999999999956e+00
2.210035572036525009e-01
2.210035572036525009e-01
5.594807591270500868e-02
5.594807591270500868e-02
1.199999999999999956e+00
1.199999999999999956e+00
1.199999999999999956e+00
1.199999999999999956e+00
6.620614518993180875e-01
6.620614518993180875e-01
4.030868491004264142e-01
4.030868491004264142e-01
2.407155695690656183e-02
2.407155695690656183e-02
2.390555986299352509e-01
2.390555986299352509e-01
5.001929395059171446e-01
5.001929395059171446e-01
6.177662690561082359e-02
6.177662690561082359e-02
1.199999999999999956e+00
1.199999999999999956e+00
1.199999999999999956e+00
1.199999999999999956e+00
1.218152809676020382e-01
1.218152809676020382e-01
1.967723880546324577e-01
1.967723880546324577e-01
5.665731747437734861e-02
5.665731747437734861e-02
1.563806186778210483e-01
1.563806186778210483e-01
1.199999999999999956e+00
1.199999999999999956e+00
5.592582359244190338e-01
5.592582359244190338e-01
1.125748710310136569e-01
1.125748710310136569e-01
1.199999999999999956e+00
1.199999999999999956e+00
1.065821590709928324e-01
1.065821590709928324e-01
3.324638550153526106e-02
3.324638550153526106e-02
5.177399016424230060e-01
5.177399016424230060e-01
1.442243572229818804e-01
1.442243572229818804e-01
9.607804763710325879e-02
9.607804763710325879e-02
3.442322609957223015e-03
3.442322609957223015e-03
1.199999999999999956e+00
1.199999999999999956e+00
1.199999999999999956e+00
1.199999999999999956e+00
1.577734099759559028e-01
1.577734099759559028e-01
7.947563510067499892e-02
7.947563510067499892e-02
9.531076205809446700e-02
9.531076205809446700e-02
2.594168174304553598e-01
2.594168174304553598e-01
2.509626891561558826e-01
2.509626891561558826e-01
1.664130221366538487e-01
1.664130221366538487e-01
5.155476558326443914e-02
5.155476558326443914e-02
4.306828975322053027e-02
4.306828975322053027e-02
1.199999999999999956e+00
1.199999999999999956e+00
1.412877481913507871e-01
1.412877481913507871e-01
1.199999999999999956e+00
1.199999999999999956e+00
3.996994347841527073e-01
3.996994347841527073e-01
1.199999999999999956e+00
1.199999999999999956e+00
4.558403315223567009e-01
4.558403315223567009e-01
3.797241806451472357e-01
3.797241806451472357e-01
1.558166225810289976e-02
1.558166225810289976e-02
3.392007856278633771e-01
3.392007856278633771e-01
5.044074269591136694e-01
5.044074269591136694e-01
1.435606512785484179e-01
1.435606512785484179e-01
1.199999999999999956e+00
1.199999999999999956e+00
2.261300641034836856e-01
2.261300641034836856e-01
1.773724325955298164e-01
1.773724325955298164e-01
1.811599352401416230e-01
1.811599352401416230e-01
1.199999999999999956e+00
1.199999999999999956e+00
2.292822633783308250e-01
2.292822633783308250e-01
4.681289215984659191e-01
4.681289215984659191e-01
5.962240390535138851e-02
5.962240390535138851e-02
2.010394994874313002e-01
2.010394994874313002e-01
2.385375279748299659e-01
2.385375279748299659e-01
6.198381705189458524e-01
6.198381705189458524e-01
1.199999999999999956e+00
1.199999999999999956e+00
3.298579434933493482e-01
3.298579434933493482e-01
1.501723552179916321e-01
1.501723552179916321e-01
2.450619847556746445e-01
2.450619847556746445e-01
5.510518003024245104e-01
5.510518003024245104e-01
1.199999999999999956e+00
1.199999999999999956e+00
1.630812265512958034e-02
1.630812265512958034e-02
6.143129733502652456e-01
6.143129733502652456e-01
1.199999999999999956e+00
1.199999999999999956e+00
2.706092581554255805e-01
2.706092581554255805e-01
6.846400407680529598e-01
6.846400407680529598e-01
1.732551291807716276e-01
1.732551291807716276e-01
1.220478268593985956e-02
1.220478268593985956e-02
2.044424715458486030e-01
2.044424715458486030e-01
1.156683213248757697e-01
1.156683213248757697e-01
2.842448674255728114e-01
2.842448674255728114e-01
1.259493511630449813e-01
1.259493511630449813e-01
1.199999999999999956e+00
1.199999999999999956e+00
6.490932430200074821e-01
6.490932430200074821e-01
2.311838554083423536e-01
2.311838554083423536e-01
3.302556416938817740e-01
3.302556416938817740e-01
6.307124653457317487e-02
6.307124653457317487e-02
1.924585742602786809e-01
1.924585742602786809e-01
4.117282088513918303e-02
4.117282088513918303e-02
1.199999999999999956e+00
1.199999999999999956e+00
1.678819345402529917e-01
1.678819345402529917e-01
1.199999999999999956e+00
1.199999999999999956e+00
4.663236092728418325e-01
4.663236092728418325e-01
4.720535824859689589e-02
4.720535824859689589e-02
1.199999999999999956e+00
1.199999999999999956e+00
5.154660799330356147e-01
5.154660799330356147e-01
1.950723804950974805e-01
1.950723804950974805e-01
1.126004066445015495e-01
1.126004066445015495e-01
5.617680526932069540e-01
5.617680526932069540e-01
2.826826733138136372e-01
2.826826733138136372e-01
2.594493565277682934e-01
2.594493565277682934e-01
1.557819710241308553e-01
1.557819710241308553e-01
6.449872585923932533e-01
6.449872585923932533e-01
4.067249003596559165e-01
4.067249003596559165e-01
4.368277077771340888e-01
4.368277077771340888e-01
4.167437297209768410e-01
4.167437297209768410e-01
9.832643634660444276e-02
9.832643634660444276e-02
8.207792064626899808e-01
8.207792064626899808e-01
1.053670532751286304e-01
1.053670532751286304e-01
1.199999999999999956e+00
1.199999999999999956e+00
2.026792289629593125e-01
2.026792289629593125e-01
3.852728866346834535e-01
3.852728866346834535e-01
3.030493327106593693e-01
3.030493327106593693e-01
2.316875717238212895e-01
2.316875717238212895e-01
4.411371655796925140e-01
4.411371655796925140e-01
2.929396395203757719e-01
2.929396395203757719e-01
3.071677252440773928e-02
3.071677252440773928e-02
1.199999999999999956e+00
1.199999999999999956e+00
1.417732069186626587e-01
1.417732069186626587e-01
5.785803198537106673e-02
5.785803198537106673e-02
9.347160101704037050e-02
9.347160101704037050e-02
1.199999999999999956e+00
1.199999999999999956e+00
1.199999999999999956e+00
1.199999999999999956e+00
3.391916696464516989e-01
3.391916696464516989e-01
3.205107773336959842e-01
3.205107773336959842e-01
4.532711575458719944e-01
4.532711575458719944e-01
1.724719401624404680e-01
1.724719401624404680e-01
1.626260620852607863e-01
1.626260620852607863e-01
1.199999999999999956e+00
1.199999999999999956e+00
7.215340737331041865e-01
7.215340737331041865e-01
1.035171082455042191e+00
1.035171082455042191e+00
5.591942010840030841e-01
5.591942010840030841e-01
1.914021880910142526e-01
1.914021880910142526e-01
1.093625052166248141e-01
1.093625052166248141e-01
1.534036057742750314e-01
1.534036057742750314e-01
1.853046328676710430e-01
1.853046328676710430e-01
8.960332949246586909e-02
8.960332949246586909e-02
4.311218599714784772e-02
4.311218599714784772e-02
3.933029394752923791e-01
3.933029394752923791e-01
3.849418383021238621e-02
3.849418383021238621e-02
1.948734614816862720e-01
1.948734614816862720e-01
6.098469827578974212e-02
6.098469827578974212e-02
8.238130924017365853e-02
8.238130924017365853e-02
1.199999999999999956e+00
1.199999999999999956e+00
1.199999999999999956e+00
1.199999999999999956e+00
2.044283582384968101e-01
2.044283582384968101e-01
1.562383488148557653e-01
1.562383488148557653e-01
6.875401574105037827e-01
6.875401574105037827e-01
1.746678097833384014e-01
1.746678097833384014e-01
2.360090837617566939e-01
2.360090837617566939e-01
3.376717880637346292e-02
3.376717880637346292e-02
1.199999999999999956e+00
1.199999999999999956e+00
2.066544739638048189e-01
2.066544739638048189e-01
5.350975784696044846e-01
5.350975784696044846e-01
1.199999999999999956e+00
1.199999999999999956e+00
6.017111540069375319e-01
6.017111540069375319e-01
1.717200582338051229e-01
1.717200582338051229e-01
5.919670280326264078e-02
5.919670280326264078e-02
3.249785124654495927e-02
3.249785124654495927e-02
2.259798963616312106e-01
2.259798963616312106e-01
6.382170405640062716e-03
6.382170405640062716e-03
1.107115140787477969e-01
1.107115140787477969e-01
3.135369327722742003e-03
3.135369327722742003e-03
1.752209931024953093e-01
1.752209931024953093e-01
2.270810428083775145e-01
2.270810428083775145e-01
2.102718076074545361e-01
2.102718076074545361e-01
9.790861924807441052e-02
9.790861924807441052e-02
1.199999999999999956e+00
1.199999999999999956e+00
2.164537691734233216e-01
2.164537691734233216e-01
6.304919914744532700e-04
6.304919914744532700e-04
1.199999999999999956e+00
1.199999999999999956e+00
1.199999999999999956e+00
1.199999999999999956e+00
1.032680604773129618e-01
1.032680604773129618e-01
2.621720870331584741e-01
2.621720870331584741e-01
1.199999999999999956e+00
1.199999999999999956e+00
1.199999999999999956e+00
1.199999999999999956e+00
2.770768942855232897e-01
2.770768942855232897e-01
5.456094385523372337e-01
5.456094385523372337e-01
5.149941983929328532e-02
5.149941983929328532e-02
1.199999999999999956e+00
1.199999999999999956e+00
5.734483267973281562e-01
5.734483267973281562e-01
8.532697734719537630e-01
8.532697734719537630e-01
7.577355264918922417e-02
7.577355264918922417e-02
1.199999999999999956e+00
1.199999999999999956e+00
5.546087413197527960e-01
5.546087413197527960e-01
1.199999999999999956e+00
1.199999999999999956e+00
6.496160635925200821e-02
6.496160635925200821e-02
2.697552217460583712e-01
2.697552217460583712e-01
4.682163535445802438e-01
4.682163535445802438e-01
2.361335489332801185e-02
2.361335489332801185e-02
5.000405515631198283e-02
5.000405515631198283e-02
1.443846033925278161e-01
1.443846033925278161e-01
1.199999999999999956e+00
1.199999999999999956e+00
3.813396722899300983e-01
3.813396722899300983e-01
3.084585756673753967e-02
3.084585756673753967e-02
6.599507868238047026e-02
6.599507868238047026e-02
4.368800123897380039e-01
4.368800123897380039e-01
2.510282623966416152e-04
2.510282623966416152e-04
1.199999999999999956e+00
1.199999999999999956e+00
5.918157012058961053e-02
5.918157012058961053e-02
1.039637209050118527e-01
1.039637209050118527e-01
2.868629767094031391e-01
2.868629767094031391e-01
1.507050516132389661e-01
1.507050516132389661e-01
4.750921318142954930e-01
4.750921318142954930e-01
4.739510016178831164e-01
4.739510016178831164e-01
4.853382474622491838e-01
4.853382474622491838e-01
1.199999999999999956e+00
1.199999999999999956e+00
1.381787650112310528e-01
1.381787650112310528e-01
3.497458952011912037e-01
3.497458952011912037e-01
6.805892790137188508e-02
6.805892790137188508e-02
1.104750085067408155e-01
1.104750085067408155e-01
2.257787156278058191e-02
2.257787156278058191e-02
1.199999999999999956e+00
1.199999999999999956e+00
8.129061775288431990e-02
8.129061775288431990e-02
7.523385431262318013e-03
7.523385431262318013e-03
2.214422035072277917e-01
2.214422035072277917e-01
2.804143503050745556e-01
2.804143503050745556e-01
1.199999999999999956e+00
1.199999999999999956e+00
3.252068197585730180e-01
3.252068197585730180e-01
6.217720583678240098e-01
6.217720583678240098e-01
1.199999999999999956e+00
1.199999999999999956e+00
1.469208610793510672e-01
1.469208610793510672e-01
2.517338506597545655e-01
2.517338506597545655e-01
2.420556247985036213e-01
2.420556247985036213e-01
2.611964358117088159e-01
2.611964358117088159e-01
1.865777427902813312e-01
1.865777427902813312e-01
8.389884069878593420e-02
8.389884069878593420e-02
4.324719403497138126e-01
4.324719403497138126e-01
1.251119678388933620e-01
1.251119678388933620e-01
9.078960317516717726e-01
9.078960317516717726e-01
6.200908310108078636e-01
6.200908310108078636e-01
2.596764637984524948e-01
2.596764637984524948e-01
1.199999999999999956e+00
1.199999999999999956e+00
1.033941450119127935e-02
1.033941450119127935e-02
6.456485906371236538e-01
6.456485906371236538e-01
8.541349959005570258e-02
8.541349959005570258e-02
9.091477812802950531e-01
9.091477812802950531e-01
9.234432604784035270e-01
9.234432604784035270e-01
2.332371023509864638e-01
2.332371023509864638e-01
6.892288978082986572e-01
6.892288978082986572e-01
4.427008199740745109e-01
4.427008199740745109e-01
4.533858774788722401e-02
4.533858774788722401e-02
9.170271150251200210e-01
9.170271150251200210e-01
3.780825832381563226e-03
3.780825832381563226e-03
3.889626998056316953e-01
3.889626998056316953e-01
1.199999999999999956e+00
1.199999999999999956e+00
1.199999999999999956e+00
1.199999999999999956e+00
