2.430031141538805672e-01
2.430031141538805672e-01
1.035585635155228945e-01
1.035585635155228945e-01
2.245266601407272522e-01
2.245266601407272522e-01
5.355756061294629777e-01
5.355756061294629777e-01
1.199999999999999956e+00
1.199999999999999956e+00
1.199999999999999956e+00
1.199999999999999956e+00
1.705862967937628316e-01
1.705862967937628316e-01
2.141124927934091871e-01
2.141124927934091871e-01
1.199999999999999956e+00
1.199999999999999956e+00
1.298991171554658708e-01
1.298991171554658708e-01
1.199999999999999956e+00
1.199999999999999956e+00
2.414143787066912739e-01
2.414143787066912739e-01
3.005047844292966230e-01
3.005047844292966230e-01
1.199999999999999956e+00
1.199999999999999956e+00
1.746511419637367460e-02
1.746511419637367460e-02
1.909610843813102365e-01
1.909610843813102365e-01
1.199999999999999956e+00
1.199999999999999956e+00
1.630246920480855344e-01
1.630246920480855344e-01
1.199999999999999956e+00
1.199999999999999956e+00
8.760975503710655143e-02
8.760975503710655143e-02
8.291379875260926902e-01
8.291379875260926902e-01
1.199999999999999956e+00
1.199999999999999956e+00
2.022128156565871082e-01
2.022128156565871082e-01
3.120889785240305719e-02
3.120889785240305719e-02
3.118404940605337128e-01
3.118404940605337128e-01
7.131280401643655398e-02
7.131280401643655398e-02
3.799430155502361295e-01
3.799430155502361295e-01
4.899277563677992275e-01
4.899277563677992275e-01
2.789032579772469100e-01
2.789032579772469100e-01
1.127130257732361640e-02
1.127130257732361640e-02
5.293846801947667269e-02
5.293846801947667269e-02
1.199999999999999956e+00
1.199999999999999956e+00
1.856947692024824015e-01
1.856947692024824015e-01
1.011117497827131451e-01
1.011117497827131451e-01
6.005220632879800791e-01
6.005220632879800791e-01
3.337211942709004120e-01
3.337211942709004120e-01
9.264525483445116283e-01
9.264525483445116283e-01
1.199999999999999956e+00
1.199999999999999956e+00
1.903300924622010337e-01
1.903300924622010337e-01
5.560051800432229685e-01
5.560051800432229685e-01
2.650062225499753010e-01
2.650062225499753010e-01
2.356369206120209961e-02
2.356369206120209961e-02
1.164494915444764384e-01
1.164494915444764384e-01
7.052999619530057052e-01
7.052999619530057052e-01
6.688099363630338814e-03
6.688099363630338814e-03
1.184101608875747919e-01
1.184101608875747919e-01
4.447532477136659224e-02
4.447532477136659224e-02
1.199999999999999956e+00
1.199999999999999956e+00
1.199999999999999956e+00
1.199999999999999956e+00
5.655993839802324619e-01
5.655993839802324619e-01
5.323390847961667616e-01
5.323390847961667616e-01
1.954428147930181991e-01
1.954428147930181991e-01
3.897019708300938357e-01
3.897019708300938357e-01
5.418006165449421596e-01
5.418006165449421596e-01
2.386355221996252496e-01
2.386355221996252496e-01
2.998670057454633220e-01
2.998670057454633220e-01
2.260700627030098608e-01
2.260700627030098608e-01
1.514697766954614666e-01
1.514697766954614666e-01
8.284282548105083022e-01
8.284282548105083022e-01
6.125980930187532314e-01
6.125980930187532314e-01
1.199999999999999956e+00
1.199999999999999956e+00
1.199999999999999956e+00
1.199999999999999956e+00
9.053331769979874877e-02
9.053331769979874877e-02
2.905428271959271669e-01
2.905428271959271669e-01
1.199999999999999956e+00
1.199999999999999956e+00
7.134473092055289289e-02
7.134473092055289289e-02
5.315557386203240142e-01
5.315557386203240142e-01
1.198075391746771523e-01
1.198075391746771523e-01
6.751968626648811866e-02
6.751968626648811866e-02
2.329747938533062446e-02
2.329747938533062446e-02
6.696614540883225053e-02
6.696614540883225053e-02
9.078036736777334026e-01
9.078036736777334026e-01
1.199999999999999956e+00
1.199999999999999956e+00
4.865744741309397381e-01
4.865744741309397381e-01
7.022909516242997752e-01
7.022909516242997752e-01
1.199999999999999956e+00
1.199999999999999956e+00
1.199999999999999956e+00
1.199999999999999956e+00
2.380564953847886384e-02
2.380564953847886384e-02
8.575871158773591685e-02
8.575871158773591685e-02
2.700265980342014815e-01
2.700265980342014815e-01
1.743760848874197911e-01
1.743760848874197911e-01
9.672432781131243829e-01
9.672432781131243829e-01
1.199999999999999956e+00
1.199999999999999956e+00
6.466717890954871706e-01
6.466717890954871706e-01
2.340765957380040452e-01
2.340765957380040452e-01
3.901788391053795380e-01
3.901788391053795380e-01
6.579365601687681142e-01
6.579365601687681142e-01
4.639469610246326620e-02
4.639469610246326620e-02
1.199999999999999956e+00
1.199999999999999956e+00
2.809991756774103400e-01
2.809991756774103400e-01
1.966349394840635201e-01
1.966349394840635201e-01
7.220539975610343331e-02
7.220539975610343331e-02
5.538272815269228433e-01
5.538272815269228433e-01
2.206328176552418974e-01
2.206328176552418974e-01
1.920170671710338672e-01
1.920170671710338672e-01
2.867151678164160944e-01
2.867151678164160944e-01
4.120293800841001719e-01
4.120293800841001719e-01
1.199999999999999956e+00
1.199999999999999956e+00
1.223748640645836022e-01
1.223748640645836022e-01
8.062461752195136666e-02
8.062461752195136666e-02
4.032046731397771061e-02
4.032046731397771061e-02
3.611358627479550054e-01
3.611358627479550054e-01
6.250641285179403539e-01
6.250641285179403539e-01
1.733395905960680439e-01
1.733395905960680439e-01
1.199999999999999956e+00
1.199999999999999956e+00
9.359480046681190046e-02
9.359480046681190046e-02
8.061565068630195396e-01
8.061565068630195396e-01
4.147810864542456066e-01
4.147810864542456066e-01
4.463302482129998805e-01
4.463302482129998805e-01
3.508929801005946647e-01
3.508929801005946647e-01
1.201996466039615269e-01
1.201996466039615269e-01
1.199999999999999956e+00
1.199999999999999956e+00
1.199999999999999956e+00
1.199999999999999956e+00
1.538780743895557246e-01
1.538780743895557246e-01
3.062381999386334375e-01
3.062381999386334375e-01
1.199999999999999956e+00
1.199999999999999956e+00
4.447892810250925755e-01
4.447892810250925755e-01
1.199999999999999956e+00
1.199999999999999956e+00
1.199999999999999956e+00
1.199999999999999956e+00
1.199999999999999956e+00
1.199999999999999956e+00
9.265160357359599960e-03
9.265160357359599960e-03
1.325641445758264092e-01
1.325641445758264092e-01
3.292864966228042922e-01
3.292864966228042922e-01
1.637645685698060072e-01
1.637645685698060072e-01
2.311811079212329201e-01
2.311811079212329201e-01
1.199999999999999956e+00
1.199999999999999956e+00
1.483153742189874114e-01
1.483153742189874114e-01
5.104437534199299797e-01
5.104437534199299797e-01
3.769087064562730571e-01
3.769087064562730571e-01
4.417930694811201819e-01
4.417930694811201819e-01
1.942350740580413015e-01
1.942350740580413015e-01
1.666249372392028250e-01
1.666249372392028250e-01
3.049463012087564873e-01
3.049463012087564873e-01
4.527994393238612969e-01
4.527994393238612969e-01
1.663978175677648386e-01
1.663978175677648386e-01
1.199999999999999956e+00
1.199999999999999956e+00
3.505980588720682828e-02
3.505980588720682828e-02
1.303010435795499411e-01
1.303010435795499411e-01
1.199999999999999956e+00
1.199999999999999956e+00
1.199999999999999956e+00
1.199999999999999956e+00
1.437167973277211630e-01
1.437167973277211630e-01
1.608456135422984545e-01
1.608456135422984545e-01
2.206692369067095594e-01
2.206692369067095594e-01
2.119797016751800711e-01
2.119797016751800711e-01
9.883443589903917470e-02
9.883443589903917470e-02
1.056544057044284807e-01
1.056544057044284807e-01
7.912341195242797443e-03
7.912341195242797443e-03
2.220586112860853667e-01
2.220586112860853667e-01
3.329452978984333567e-01
3.329452978984333567e-01
1.199999999999999956e+00
1.199999999999999956e+00
3.873133923197131234e-01
3.873133923197131234e-01
3.658443923638773354e-01
3.658443923638773354e-01
1.110097530462910154e+00
1.110097530462910154e+00
6.918592986962245105e-04
6.918592986962245105e-04
1.046493831008890735e-01
1.046493831008890735e-01
2.259299691071492977e-01
2.259299691071492977e-01
2.543435470624583750e-01
2.543435470624583750e-01
9.917387062083592164e-02
9.917387062083592164e-02
2.344082794527864166e-01
2.344082794527864166e-01
5.343901675752962266e-01
5.343901675752962266e-01
1.199999999999999956e+00
1.199999999999999956e+00
1.199999999999999956e+00
1.199999999999999956e+00
1.199999999999999956e+00
1.199999999999999956e+00
1.788003221256515562e-01
1.788003221256515562e-01
5.508284203479808794e-02
5.508284203479808794e-02
2.107251242443141104e-01
2.107251242443141104e-01
2.777977020058408075e-01
2.777977020058408075e-01
1.199999999999999956e+00
1.199999999999999956e+00
2.356653449262220146e-01
2.356653449262220146e-01
8.151674072328809854e-04
8.151674072328809854e-04
1.744582958732920630e-01
1.744582958732920630e-01
2.530679818350282662e-01
2.530679818350282662e-01
1.084469489188399693e+00
1.084469489188399693e+00
1.770542907798536847e-01
1.770542907798536847e-01
1.070793988331670762e-02
1.070793988331670762e-02
3.705451311924451430e-01
3.705451311924451430e-01
1.839929992422279226e-01
1.839929992422279226e-01
2.999758616275257639e-01
2.999758616275257639e-01
4.256674817703428038e-01
4.256674817703428038e-01
1.199999999999999956e+00
1.199999999999999956e+00
2.780065392275140046e-01
2.780065392275140046e-01
1.421348725548952398e-02
1.421348725548952398e-02
2.496897936727732470e-01
2.496897936727732470e-01
1.357460974172801094e-01
1.357460974172801094e-01
4.126153096342519699e-01
4.126153096342519699e-01
4.052891568264763156e-01
4.052891568264763156e-01
1.199999999999999956e+00
1.199999999999999956e+00
3.116175605522459868e-01
3.116175605522459868e-01
6.401961497112044208e-01
6.401961497112044208e-01
1.425282633060890591e-01
1.425282633060890591e-01
2.498075464098186704e-01
2.498075464098186704e-01
1.748197666126163896e-01
1.748197666126163896e-01
3.101286034199955410e-01
3.101286034199955410e-01
2.011333060308306553e-01
2.011333060308306553e-01
1.882018563015741275e-01
1.882018563015741275e-01
8.747120684599748452e-01
8.747120684599748452e-01
4.034899528949834613e-01
4.034899528949834613e-01
3.048062379515102949e-01
3.048062379515102949e-01
4.325113979106620654e-01
4.325113979106620654e-01
2.325306914045977003e-01
2.325306914045977003e-01
4.358752297760265515e-02
4.358752297760265515e-02
1.199999999999999956e+00
1.199999999999999956e+00
5.262738520348551052e-01
5.262738520348551052e-01
2.404632376517420317e-02
2.404632376517420317e-02
1.250619319113034811e+00
1.250619319113034811e+00
3.511446742639032781e-01
3.511446742639032781e-01
1.199999999999999956e+00
1.199999999999999956e+00
3.543946757543193771e-01
3.543946757543193771e-01
7.990906599394287380e-01
7.990906599394287380e-01
1.639256483970216727e-01
1.639256483970216727e-01
1.089322586585711461e+00
1.089322586585711461e+00
6.987530838619485651e-01
6.987530838619485651e-01
3.673580498668945621e-02
3.673580498668945621e-02
1.199999999999999956e+00
1.199999999999999956e+00
4.063398211669749793e-01
4.063398211669749793e-01
6.313387027164095722e-01
6.313387027164095722e-01
1.818351929583497673e-01
1.818351929583497673e-01
1.199999999999999956e+00
1.199999999999999956e+00
3.623909557862713404e-01
3.623909557862713404e-01
2.002444655442073840e-01
2.002444655442073840e-01
2.479377387862607973e-01
2.479377387862607973e-01
1.043959428449635490e-01
1.043959428449635490e-01
4.121378637536046163e-01
4.121378637536046163e-01
2.023482439914038311e-01
2.023482439914038311e-01
1.199999999999999956e+00
1.199999999999999956e+00
1.199999999999999956e+00
1.199999999999999956e+00
7.023151795981866785e-01
7.023151795981866785e-01
3.946743457516345144e-01
3.946743457516345144e-01
3.127221022216602475e-01
3.127221022216602475e-01
2.492829073511556026e-01
2.492829073511556026e-01
9.046805553713989367e-02
9.046805553713989367e-02
1.556202601119493212e-01
1.556202601119493212e-01
2.998912925131431706e-01
2.998912925131431706e-01
3.569335242703363664e-01
3.569335242703363664e-01
5.151963649368448417e-01
5.151963649368448417e-01
7.191892134298683015e-01
7.191892134298683015e-01
1.199999999999999956e+00
1.199999999999999956e+00
4.685588866884670134e-01
4.685588866884670134e-01
3.997904830743930216e-01
3.997904830743930216e-01
1.697771936621225164e-01
1.697771936621225164e-01
4.182738735156625864e-01
4.182738735156625864e-01
9.235924521611470206e-02
9.235924521611470206e-02
4.833631608646560274e-02
4.833631608646560274e-02
3.000137220680530459e-01
3.000137220680530459e-01
4.942947514549422272e-01
4.942947514549422272e-01
2.772416443811600018e-01
2.772416443811600018e-01
3.802028277600977280e-01
3.802028277600977280e-01
4.263838701737059367e-01
4.263838701737059367e-01
1.619873418570129120e-01
1.619873418570129120e-01
8.115426963005729633e-01
8.115426963005729633e-01
1.587910121964196675e-01
1.587910121964196675e-01
3.268110605206133723e-01
3.268110605206133723e-01
1.786816671289291614e-02
1.786816671289291614e-02
1.199999999999999956e+00
1.199999999999999956e+00
9.966808578448416167e-02
9.966808578448416167e-02
2.654249260046084302e-01
2.654249260046084302e-01
1.034563604582716234e+00
1.034563604582716234e+00
1.199999999999999956e+00
1.199999999999999956e+00
6.487850343710793721e-01
6.487850343710793721e-01
2.877374760047032853e-01
2.877374760047032853e-01
3.934214780156056190e-01
3.934214780156056190e-01
1.001247732645299815e-01
1.001247732645299815e-01
3.702749437524662651e-02
3.702749437524662651e-02
3.186301598564172388e-01
3.186301598564172388e-01
9.653855246706059823e-02
9.653855246706059823e-02
5.557158314152267631e-02
5.557158314152267631e-02
5.846996882837971476e-01
5.846996882837971476e-01
3.398486721515195930e-01
3.398486721515195930e-01
6.700163946025909645e-02
6.700163946025909645e-02
8.776100534357689220e-02
8.776100534357689220e-02
7.062196957631714511e-01
7.062196957631714511e-01
3.625948593284531452e-01
3.625948593284531452e-01
1.199999999999999956e+00
1.199999999999999956e+00
2.353135161397700292e-01
2.353135161397700292e-01
7.623915890851917787e-01
7.623915890851917787e-01
1.036702554315333646e+00
1.036702554315333646e+00
3.393686167930765052e-01
3.393686167930765052e-01
1.199999999999999956e+00
1.199999999999999956e+00
5.014815329431670382e-02
5.014815329431670382e-02
4.891664989437816691e-01
4.891664989437816691e-01
3.187615844928279873e-01
3.187615844928279873e-01
3.543388095633004387e-01
3.543388095633004387e-01
2.110481123096313860e-01
2.110481123096313860e-01
4.486353134523630715e-01
4.486353134523630715e-01
2.066231657954515633e-01
2.066231657954515633e-01
1.199999999999999956e+00
1.199999999999999956e+00
1.199999999999999956e+00
1.199999999999999956e+00
5.625314603101660982e-02
5.625314603101660982e-02
4.522568194444665512e-01
4.522568194444665512e-01
1.199999999999999956e+00
1.199999999999999956e+00
3.616370922384203879e-01
3.616370922384203879e-01
1.149021453903120299e-01
1.149021453903120299e-01
4.822893157030737621e-01
4.822893157030737621e-01
1.199999999999999956e+00
1.199999999999999956e+00
1.075735181949747238e-01
1.075735181949747238e-01
3.788033553419578592e-02
3.788033553419578592e-02
5.140074810812666345e-02
5.140074810812666345e-02
1.380277392681971416e-01
1.380277392681971416e-01
9.708500329927373385e-02
9.708500329927373385e-02
3.940057507520624558e-01
3.940057507520624558e-01
5.556801287862669914e-02
5.556801287862669914e-02
1.719752215925425820e-01
1.719752215925425820e-01
2.897107756939535511e-02
2.897107756939535511e-02
1.482463161429666346e-02
1.482463161429666346e-02
4.482075122790449978e-02
4.482075122790449978e-02
1.614390465772460037e-01
1.614390465772460037e-01
6.294687443530609938e-01
6.294687443530609938e-01
3.025069556511749691e-01
3.025069556511749691e-01
1.424626721516907349e-02
1.424626721516907349e-02
1.199999999999999956e+00
1.199999999999999956e+00
1.973876686392433966e-01
1.973876686392433966e-01
1.732972287847219794e-01
1.732972287847219794e-01
4.250054544454429095e-01
4.250054544454429095e-01
3.549922831742229334e-01
3.549922831742229334e-01
1.348448291753062966e-01
1.348448291753062966e-01
5.555826147512047397e-01
5.555826147512047397e-01
1.199999999999999956e+00
1.199999999999999956e+00
1.199999999999999956e+00
1.199999999999999956e+00
1.199999999999999956e+00
1.199999999999999956e+00
1.199999999999999956e+00
1.199999999999999956e+00
9.210372925844586556e-01
9.210372925844586556e-01
2.860914399529322638e-02
2.860914399529322638e-02
3.906582862554799918e-01
3.906582862554799918e-01
4.216367381175305518e-01
4.216367381175305518e-01
1.132175184496070353e-01
1.132175184496070353e-01
4.777030432924068148e-01
4.777030432924068148e-01
9.859564220689295277e-01
9.859564220689295277e-01
1.199999999999999956e+00
1.199999999999999956e+00
3.429380940446052906e-01
3.429380940446052906e-01
5.036618952208581357e-01
5.036618952208581357e-01
3.300722116671347961e-01
3.300722116671347961e-01
6.044674981389273061e-01
6.044674981389273061e-01
2.179229762825693195e-01
2.179229762825693195e-01
2.487535074636200161e-01
2.487535074636200161e-01
1.226760626916455765e-01
1.226760626916455765e-01
2.918302116470170016e-02
2.918302116470170016e-02
3.097809585586404693e-02
3.097809585586404693e-02
4.445428422219763242e-04
4.445428422219763242e-04
1.779584214042380375e-01
1.779584214042380375e-01
1.199999999999999956e+00
1.199999999999999956e+00
1.050768236484156848e+00
1.050768236484156848e+00
1.962475220434430900e-01
1.962475220434430900e-01
8.083132412197494704e-03
8.083132412197494704e-03
1.199999999999999956e+00
1.199999999999999956e+00
2.265221113329078662e-01
2.265221113329078662e-01
1.199999999999999956e+00
1.199999999999999956e+00
2.134352234411135696e-01
2.134352234411135696e-01
4.993479108136558153e-01
4.993479108136558153e-01
1.199999999999999956e+00
1.199999999999999956e+00
3.598381331287892060e-01
3.598381331287892060e-01
3.049503588821314559e-01
3.049503588821314559e-01
4.295753315409265305e-01
4.295753315409265305e-01
5.466193771673856228e-01
5.466193771673856228e-01
1.199999999999999956e+00
1.199999999999999956e+00
5.679409268594094451e-01
5.679409268594094451e-01
1.144754596368162541e-01
1.144754596368162541e-01
1.100825579706079804e-01
1.100825579706079804e-01
9.510234026921557393e-02
9.510234026921557393e-02
2.071788255936680145e-01
2.071788255936680145e-01
4.593752897015016545e-01
4.593752897015016545e-01
1.199999999999999956e+00
1.199999999999999956e+00
1.199999999999999956e+00
1.199999999999999956e+00
1.199999999999999956e+00
1.199999999999999956e+00
1.293707636648034620e-01
1.293707636648034620e-01
3.953760475582688283e-01
3.953760475582688283e-01
2.770985682165680308e-01
2.770985682165680308e-01
2.346717703178558545e-01
2.346717703178558545e-01
3.056126362454559819e-01
3.056126362454559819e-01
1.199999999999999956e+00
1.199999999999999956e+00
1.199999999999999956e+00
1.199999999999999956e+00
2.418574944348313993e-01
2.418574944348313993e-01
1.199999999999999956e+00
1.199999999999999956e+00
1.220728268453515480e-01
1.220728268453515480e-01
1.090198048454378954e+00
1.090198048454378954e+00
1.199999999999999956e+00
1.199999999999999956e+00
2.124181027173205338e-01
2.124181027173205338e-01
4.219526441771133674e-01
4.219526441771133674e-01
5.854555564730968831e-01
5.854555564730968831e-01
1.199999999999999956e+00
1.199999999999999956e+00
9.033574875536752591e-02
9.033574875536752591e-02
4.093359519802804991e-01
4.093359519802804991e-01
2.167124111891692295e-01
2.167124111891692295e-01
1.805171937491749645e-01
1.805171937491749645e-01
1.199999999999999956e+00
1.199999999999999956e+00
1.199999999999999956e+00
1.199999999999999956e+00
1.199999999999999956e+00
1.199999999999999956e+00
4.797644475964852884e-01
4.797644475964852884e-01
1.857707028162636775e-01
1.857707028162636775e-01
1.142511542072187219e-01
1.142511542072187219e-01
3.724682105434365953e-01
3.724682105434365953e-01
8.169671589396368394e-03
8.169671589396368394e-03
1.199999999999999956e+00
1.199999999999999956e+00
3.594521662326550238e-01
3.594521662326550238e-01
1.971113025785551365e-01
1.971113025785551365e-01
4.138881218170903376e-01
4.138881218170903376e-01
3.486024898470607147e-01
3.486024898470607147e-01
1.042867976421664872e-01
1.042867976421664872e-01
3.114490030877584692e-01
3.114490030877584692e-01
1.054226820396804015e-01
1.054226820396804015e-01
4.719874543513493115e-01
4.719874543513493115e-01
7.977534479743815521e-02
7.977534479743815521e-02
3.509113275488287553e-01
3.509113275488287553e-01
1.199999999999999956e+00
1.199999999999999956e+00
7.562535059602972787e-01
7.562535059602972787e-01
1.809350187611530603e-01
1.809350187611530603e-01
2.608522096879756225e-01
2.608522096879756225e-01
1.199999999999999956e+00
1.199999999999999956e+00
4.972900285460572778e-02
4.972900285460572778e-02
1.181206080537791116e-02
1.181206080537791116e-02
3.505868147137141677e-01
3.505868147137141677e-01
1.199999999999999956e+00
1.199999999999999956e+00
7.743231199749857352e-02
7.743231199749857352e-02
1.199999999999999956e+00
1.199999999999999956e+00
2.950814474693393974e-01
2.950814474693393974e-01
4.226956883363076900e-02
4.226956883363076900e-02
5.329422481183079263e-01
5.329422481183079263e-01
1.199999999999999956e+00
1.199999999999999956e+00
9.637103707225930238e-02
9.637103707225930238e-02
5.251187105495798424e-02
5.251187105495798424e-02
8.197722034316465844e-01
8.197722034316465844e-01
4.299710753633658178e-01
4.299710753633658178e-01
3.525537109910404504e-02
3.525537109910404504e-02
3.920693991404400336e-02
3.920693991404400336e-02
1.568173185207116516e-01
1.568173185207116516e-01
1.638847478565260141e-01
1.638847478565260141e-01
3.188247471021339874e-01
3.188247471021339874e-01
6.445223764476280814e-02
6.445223764476280814e-02
2.866973353480460895e-01
2.866973353480460895e-01
1.199999999999999956e+00
1.199999999999999956e+00
5.034066024488915991e-02
5.034066024488915991e-02
2.440994866162412846e-01
2.440994866162412846e-01
1.285112757882220513e-01
1.285112757882220513e-01
1.770570122778515609e-01
1.770570122778515609e-01
1.410995677615804189e-01
1.410995677615804189e-01
4.585042898098876663e-01
4.585042898098876663e-01
1.199999999999999956e+00
1.199999999999999956e+00
1.199999999999999956e+00
1.199999999999999956e+00
4.536641415904223845e-02
4.536641415904223845e-02
1.529412788623749631e-01
1.529412788623749631e-01
4.047007183927846530e-01
4.047007183927846530e-01
1.199999999999999956e+00
1.199999999999999956e+00
1.895040972228795306e-01
1.895040972228795306e-01
6.324667534860202167e-01
6.324667534860202167e-01
1.206162875936123424e-01
1.206162875936123424e-01
1.614898191083402879e-01
1.614898191083402879e-01
3.021757405879303415e-01
3.021757405879303415e-01
2.182286122316376975e-01
2.182286122316376975e-01
3.382031366961069097e-01
3.382031366961069097e-01
1.199999999999999956e+00
1.199999999999999956e+00
4.750004678114157497e-01
4.750004678114157497e-01
1.103754000214432207e-01
1.103754000214432207e-01
1.199999999999999956e+00
1.199999999999999956e+00
1.028126741748919826e-01
1.028126741748919826e-01
1.199999999999999956e+00
1.199999999999999956e+00
6.334971885808808600e-02
6.334971885808808600e-02
4.463637879260224928e-01
4.463637879260224928e-01
1.714247900332380725e-01
1.714247900332380725e-01
1.386161999881442564e-01
1.386161999881442564e-01
2.651238628463528299e-02
2.651238628463528299e-02
4.190506854881780735e-02
4.190506854881780735e-02
4.607649350751901185e-01
4.607649350751901185e-01
1.199999999999999956e+00
1.199999999999999956e+00
8.713638144563764718e-03
8.713638144563764718e-03
1.239414718681046135e-01
1.239414718681046135e-01
1.734164725532247320e-01
1.734164725532247320e-01
5.765895195747344770e-01
5.765895195747344770e-01
4.212182002988640872e-01
4.212182002988640872e-01
4.915671736863787555e-01
4.915671736863787555e-01
2.127363188061677235e-01
2.127363188061677235e-01
3.014622175051258068e-01
3.014622175051258068e-01
4.409709477266295363e-01
4.409709477266295363e-01
2.059341125751616985e-01
2.059341125751616985e-01
3.763240925704424700e-01
3.763240925704424700e-01
1.950719265188420037e-01
1.950719265188420037e-01
1.350615379381333581e-01
1.350615379381333581e-01
1.012678853019982061e-01
1.012678853019982061e-01
3.430682639810187905e-03
3.430682639810187905e-03
3.380487461934408161e-02
3.380487461934408161e-02
1.199999999999999956e+00
1.199999999999999956e+00
1.219480206990309762e-01
1.219480206990309762e-01
1.302809863089928466e-01
1.302809863089928466e-01
2.422667117818689264e-01
2.422667117818689264e-01
3.975430454799934732e-01
3.975430454799934732e-01
1.199999999999999956e+00
1.199999999999999956e+00
1.707252325305682488e-04
1.707252325305682488e-04
1.352434403395655904e-01
1.352434403395655904e-01
3.320543871272212955e-01
3.320543871272212955e-01
6.659089609408827548e-02
6.659089609408827548e-02
1.199999999999999956e+00
1.199999999999999956e+00
1.199999999999999956e+00
1.199999999999999956e+00
2.310044363219345212e-02
2.310044363219345212e-02
4.308713787345106599e-02
4.308713787345106599e-02
4.914338929699741954e-01
4.914338929699741954e-01
8.648750921517932566e-01
8.648750921517932566e-01
4.265053276933925552e-01
4.265053276933925552e-01
4.494397356591321446e-01
4.494397356591321446e-01
1.459576984168436120e-01
1.459576984168436120e-01
1.199999999999999956e+00
1.199999999999999956e+00
6.768009917511991214e-02
6.768009917511991214e-02
1.052191581213144378e-01
1.052191581213144378e-01
1.199999999999999956e+00
1.199999999999999956e+00
1.021367376030065700e-02
1.021367376030065700e-02
2.032885902470235318e-01
2.032885902470235318e-01
4.195322956935803593e-01
4.195322956935803593e-01
2.417960618805209683e-01
2.417960618805209683e-01
2.012482284216302875e-01
2.012482284216302875e-01
2.458547127317733116e-01
2.458547127317733116e-01
1.156391362029084713e-01
1.156391362029084713e-01
3.839914610687607532e-01
3.839914610687607532e-01
1.199999999999999956e+00
1.199999999999999956e+00
1.298499463121373931e-01
1.298499463121373931e-01
3.220258185432054443e-01
3.220258185432054443e-01
3.264496842000302879e-01
3.264496842000302879e-01
6.053225571778723252e-02
6.053225571778723252e-02
9.616901731125974961e-02
9.616901731125974961e-02
1.559417750597114766e-02
1.559417750597114766e-02
1.652562419583695486e-01
1.652562419583695486e-01
1.402175611635222141e-01
1.402175611635222141e-01
1.199999999999999956e+00
1.199999999999999956e+00
1.199999999999999956e+00
1.199999999999999956e+00
1.412530668700595349e-01
1.412530668700595349e-01
1.199999999999999956e+00
1.199999999999999956e+00
5.680811873624370956e-02
5.680811873624370956e-02
9.976534720350449525e-02
9.976534720350449525e-02
1.199999999999999956e+00
1.199999999999999956e+00
9.422891477942697824e-02
9.422891477942697824e-02
3.270043528710726843e-02
3.270043528710726843e-02
1.548886655728663186e-01
1.548886655728663186e-01
6.670010497042101749e-02
6.670010497042101749e-02
4.656423637279101246e-01
4.656423637279101246e-01
1.199999999999999956e+00
1.199999999999999956e+00
5.179823042378478570e-01
5.179823042378478570e-01
1.442862028871319258e-01
1.442862028871319258e-01
1.199999999999999956e+00
1.199999999999999956e+00
2.402394909437568227e-01
2.402394909437568227e-01
4.938397828510447396e-01
4.938397828510447396e-01
2.944489376728934849e-01
2.944489376728934849e-01
3.323115503117823888e-01
3.323115503117823888e-01
2.376039071011277759e-01
2.376039071011277759e-01
3.344255736247099819e-01
3.344255736247099819e-01
1.819456894630605559e-02
1.819456894630605559e-02
1.091174971430797919e-01
1.091174971430797919e-01
3.650907847518655713e-02
3.650907847518655713e-02
3.621711684451713320e-01
3.621711684451713320e-01
2.924810117379060825e-01
2.924810117379060825e-01
3.549119563896954710e-01
3.549119563896954710e-01
3.538897542891859538e-01
3.538897542891859538e-01
1.199999999999999956e+00
1.199999999999999956e+00
6.356651126297662158e-01
6.356651126297662158e-01
2.462649541633552264e-01
2.462649541633552264e-01
7.612341536576061607e-01
7.612341536576061607e-01
3.179590885391859190e-01
3.179590885391859190e-01
1.093667157740927653e-01
1.093667157740927653e-01
5.631097534660566284e-01
5.631097534660566284e-01
8.994908118423881188e-03
8.994908118423881188e-03
1.199999999999999956e+00
1.199999999999999956e+00
8.313821908762772939e-01
8.313821908762772939e-01
7.553157957635426856e-01
7.553157957635426856e-01
2.625456733388204511e-01
2.625456733388204511e-01
5.301206563960256801e-01
5.301206563960256801e-01
3.080229809133742946e-02
3.080229809133742946e-02
5.630258360219005109e-02
5.630258360219005109e-02
1.585994901189602402e-01
1.585994901189602402e-01
1.533455607557000777e-01
1.533455607557000777e-01
3.481742576498446651e-01
3.481742576498446651e-01
3.780746050743911124e-01
3.780746050743911124e-01
1.199999999999999956e+00
1.199999999999999956e+00
2.096155771071415153e-01
2.096155771071415153e-01
1.199999999999999956e+00
1.199999999999999956e+00
1.018860646328790254e-01
1.018860646328790254e-01
1.306759429544689932e-01
1.306759429544689932e-01
1.199999999999999956e+00
1.199999999999999956e+00
2.513722131281181382e-01
2.513722131281181382e-01
3.704157736388019595e-01
3.704157736388019595e-01
4.470854924596379121e-01
4.470854924596379121e-01
6.774677204439223666e-02
6.774677204439223666e-02
1.798466172527205531e-01
1.798466172527205531e-01
6.888872902196725434e-01
6.888872902196725434e-01
7.315238567827813121e-01
7.315238567827813121e-01
3.468282982899463796e-01
3.468282982899463796e-01
1.518236608121040915e-02
1.518236608121040915e-02
2.871749031690710718e-01
2.871749031690710718e-01
1.199999999999999956e+00
1.199999999999999956e+00
6.909429593189441166e-01
6.909429593189441166e-01
2.593396660694201050e-01
2.593396660694201050e-01
3.882137788830881120e-01
3.882137788830881120e-01
3.104460484137150367e-01
3.104460484137150367e-01
1.199999999999999956e+00
1.199999999999999956e+00
5.143117027917704087e-02
5.143117027917704087e-02
8.546216365672172632e-02
8.546216365672172632e-02
1.199999999999999956e+00
1.199999999999999956e+00
1.862117593466489085e-01
1.862117593466489085e-01
5.714638947259120805e-02
5.714638947259120805e-02
7.551374561458846450e-04
7.551374561458846450e-04
1.199999999999999956e+00
1.199999999999999956e+00
1.199999999999999956e+00
1.199999999999999956e+00
1.608412588004117239e-01
1.608412588004117239e-01
2.828309287298984009e-01
2.828309287298984009e-01
1.199999999999999956e+00
1.199999999999999956e+00
4.156489754736186204e-01
4.156489754736186204e-01
5.720683043738852835e-02
5.720683043738852835e-02
1.199999999999999956e+00
1.199999999999999956e+00
2.857833342451224778e-01
2.857833342451224778e-01
2.464200088100539435e-02
2.464200088100539435e-02
1.199999999999999956e+00
1.199999999999999956e+00
2.397732403526607325e-01
2.397732403526607325e-01
2.023163903565498301e-01
2.023163903565498301e-01
3.368661575626394900e-01
3.368661575626394900e-01
2.161393690921477040e-01
2.161393690921477040e-01
1.560431728562695630e-01
1.560431728562695630e-01
4.150325036061661144e-02
4.150325036061661144e-02
9.285237936911658330e-02
9.285237936911658330e-02
1.199999999999999956e+00
1.199999999999999956e+00
4.864621865130948075e-01
4.864621865130948075e-01
3.287398790963912826e-02
3.287398790963912826e-02
3.929277709909669708e-02
3.929277709909669708e-02
1.199999999999999956e+00
1.199999999999999956e+00
1.199023237829247163e-01
1.199023237829247163e-01
5.901914532053962464e-02
5.901914532053962464e-02
3.036323305859657887e-02
3.036323305859657887e-02
2.552905562927953453e-01
2.552905562927953453e-01
4.424474650729838254e-01
4.424474650729838254e-01
7.407648043449355235e-01
7.407648043449355235e-01
1.663910431979121196e-01
1.663910431979121196e-01
3.806548320865752455e-01
3.806548320865752455e-01
3.321559784932325288e-01
3.321559784932325288e-01
1.199999999999999956e+00
1.199999999999999956e+00
2.712632198027892794e-01
2.712632198027892794e-01
1.343642922586733013e-01
1.343642922586733013e-01
1.474967380457509469e-01
1.474967380457509469e-01
7.369210142357075499e-01
7.369210142357075499e-01
1.199999999999999956e+00
1.199999999999999956e+00
1.199999999999999956e+00
1.199999999999999956e+00
1.199999999999999956e+00
1.199999999999999956e+00
2.959746903166213805e-01
2.959746903166213805e-01
2.488634378454168683e-01
2.488634378454168683e-01
6.301711886269236729e-01
6.301711886269236729e-01
2.539411717627850229e-01
2.539411717627850229e-01
1.068563942453942595e+00
1.068563942453942595e+00
6.944024816819148460e-02
6.944024816819148460e-02
5.302317757274540577e-01
5.302317757274540577e-01
1.199999999999999956e+00
1.199999999999999956e+00
2.533345797015927950e-02
2.533345797015927950e-02
1.199999999999999956e+00
1.199999999999999956e+00
5.974565183872739826e-01
5.974565183872739826e-01
8.104720262635866090e-01
8.104720262635866090e-01
2.581847975146422391e-01
2.581847975146422391e-01
6.075504909084418204e-01
6.075504909084418204e-01
2.544410638325060314e-01
2.544410638325060314e-01
1.497649887940677438e-01
1.497649887940677438e-01
1.199999999999999956e+00
1.199999999999999956e+00
6.560431725640488709e-01
6.560431725640488709e-01
2.618442901087466579e-01
2.618442901087466579e-01
1.199999999999999956e+00
1.199999999999999956e+00
2.023768599632150833e-01
2.023768599632150833e-01
1.526495103991156732e-01
1.526495103991156732e-01
2.659934382867316094e-01
2.659934382867316094e-01
2.063928472036695091e-02
2.063928472036695091e-02
1.627989068505849846e-01
1.627989068505849846e-01
2.677075257509860529e-01
2.677075257509860529e-01
2.587308731193685429e-01
2.587308731193685429e-01
3.844634506422237030e-01
3.844634506422237030e-01
4.624352067142153411e-01
4.624352067142153411e-01
2.256435911667457050e-01
2.256435911667457050e-01
3.364615263949515683e-02
3.364615263949515683e-02
1.648759563444648635e-01
1.648759563444648635e-01
4.239938128910124004e-01
4.239938128910124004e-01
6.726641263027571815e-01
6.726641263027571815e-01
1.471014636960355504e-01
1.471014636960355504e-01
3.370863505725172349e-01
3.370863505725172349e-01
6.894342901587523498e-01
6.894342901587523498e-01
1.199999999999999956e+00
1.199999999999999956e+00
1.199999999999999956e+00
1.199999999999999956e+00
2.006715773235962230e-01
2.006715773235962230e-01
1.147763694305514726e-01
1.147763694305514726e-01
1.263995506722939421e-01
1.263995506722939421e-01
1.134217708378876033e+00
1.134217708378876033e+00
8.040614243202144629e-02
8.040614243202144629e-02
2.140142221797296240e-01
2.140142221797296240e-01
7.492442048342311256e-02
7.492442048342311256e-02
7.381917779374772559e-01
7.381917779374772559e-01
5.751677067813594224e-01
5.751677067813594224e-01
6.924959318899391592e-02
6.924959318899391592e-02
1.541260215195010275e-01
1.541260215195010275e-01
1.199999999999999956e+00
1.199999999999999956e+00
3.831476713195821476e-02
3.831476713195821476e-02
5.927000381992017508e-02
5.927000381992017508e-02
2.384324983199367365e-01
2.384324983199367365e-01
3.191237953587386378e-01
3.191237953587386378e-01
2.666138474307732098e-01
2.666138474307732098e-01
3.726130959439724055e-01
3.726130959439724055e-01
1.094053385462582517e-01
1.094053385462582517e-01
5.444266674253712690e-01
5.444266674253712690e-01
1.573432054402377211e-01
1.573432054402377211e-01
6.349642449662909471e-02
6.349642449662909471e-02
6.792318523958180108e-03
6.792318523958180108e-03
2.344503389769451163e-01
2.344503389769451163e-01
3.886554606951258539e-01
3.886554606951258539e-01
1.199999999999999956e+00
1.199999999999999956e+00
1.199999999999999956e+00
1.199999999999999956e+00
6.737449973911702195e-02
6.737449973911702195e-02
3.159591566479883484e-01
3.159591566479883484e-01
1.534287377455324231e-01
1.534287377455324231e-01
1.032614623262713693e-01
1.032614623262713693e-01
2.379039373358720066e-01
2.379039373358720066e-01
