6.327112886625414490e-01
6.327112886625414490e-01
2.473782846975368099e-01
2.473782846975368099e-01
1.199999999999999956e+00
1.199999999999999956e+00
1.249991670754010686e-01
1.249991670754010686e-01
1.199999999999999956e+00
1.199999999999999956e+00
1.131260066029597111e-01
1.131260066029597111e-01
1.199999999999999956e+00
1.199999999999999956e+00
5.848681549154867432e-02
5.848681549154867432e-02
2.333985936200081227e-03
2.333985936200081227e-03
1.100913228505316921e-01
1.100913228505316921e-01
1.030865946612789186e+00
1.030865946612789186e+00
3.686429637927806091e-01
3.686429637927806091e-01
3.055967966038196093e-01
3.055967966038196093e-01
2.620529457919608673e-01
2.620529457919608673e-01
1.199999999999999956e+00
1.199999999999999956e+00
1.333098965678912451e-01
1.333098965678912451e-01
2.821165591976246279e-01
2.821165591976246279e-01
1.689039870728939810e-02
1.689039870728939810e-02
3.954350216280670405e-01
3.954350216280670405e-01
1.000630370170143418e-01
1.000630370170143418e-01
6.135767721290842358e-01
6.135767721290842358e-01
8.048392953153861440e-02
8.048392953153861440e-02
3.279433034149652898e-02
3.279433034149652898e-02
7.732851385172320180e-01
7.732851385172320180e-01
1.199999999999999956e+00
1.199999999999999956e+00
1.334800794255949219e-01
1.334800794255949219e-01
1.457595272266607178e-01
1.457595272266607178e-01
4.434775270984284146e-01
4.434775270984284146e-01
4.911461421265311822e-01
4.911461421265311822e-01
4.756908262723071323e-01
4.756908262723071323e-01
1.199999999999999956e+00
1.199999999999999956e+00
1.199999999999999956e+00
1.199999999999999956e+00
2.970316474806455886e-01
2.970316474806455886e-01
3.111484598190163986e-01
3.111484598190163986e-01
4.593059422595893171e-01
4.593059422595893171e-01
1.199999999999999956e+00
1.199999999999999956e+00
5.996033396515871861e-01
5.996033396515871861e-01
2.656553833188154412e-01
2.656553833188154412e-01
1.199999999999999956e+00
1.199999999999999956e+00
1.524832087189600671e-01
1.524832087189600671e-01
1.329726401111436251e-01
1.329726401111436251e-01
1.199999999999999956e+00
1.199999999999999956e+00
4.550819715173325120e-02
4.550819715173325120e-02
1.199999999999999956e+00
1.199999999999999956e+00
8.736036609670192465e-01
8.736036609670192465e-01
1.199999999999999956e+00
1.199999999999999956e+00
3.094875545885331092e-01
3.094875545885331092e-01
3.445586190505893764e-01
3.445586190505893764e-01
1.199999999999999956e+00
1.199999999999999956e+00
1.199999999999999956e+00
1.199999999999999956e+00
1.199999999999999956e+00
1.199999999999999956e+00
4.974455253261908516e-01
4.974455253261908516e-01
1.167469066438020092e-01
1.167469066438020092e-01
6.810920869327388161e-01
6.810920869327388161e-01
7.833155208754570553e-02
7.833155208754570553e-02
2.717746665095150393e-01
2.717746665095150393e-01
1.199999999999999956e+00
1.199999999999999956e+00
9.855176327273602599e-01
9.855176327273602599e-01
1.199999999999999956e+00
1.199999999999999956e+00
8.509800371609804737e-01
8.509800371609804737e-01
1.354681714573316154e-01
1.354681714573316154e-01
3.632810606943217557e-01
3.632810606943217557e-01
1.609177617984857978e-01
1.609177617984857978e-01
8.698849592215209814e-01
8.698849592215209814e-01
8.273643709984885852e-01
8.273643709984885852e-01
4.613509578349086482e-01
4.613509578349086482e-01
1.929776634612661024e-01
1.929776634612661024e-01
1.199999999999999956e+00
1.199999999999999956e+00
2.682245547112273032e-01
2.682245547112273032e-01
1.206994496827371449e-01
1.206994496827371449e-01
9.246345705485258248e-01
9.246345705485258248e-01
2.665280952320998875e-02
2.665280952320998875e-02
7.911702538505829829e-02
7.911702538505829829e-02
1.669912708557341197e-01
1.669912708557341197e-01
4.576994370259472311e-01
4.576994370259472311e-01
2.903694772338839547e-01
2.903694772338839547e-01
1.008253163468111196e-01
1.008253163468111196e-01
4.616395932984302397e-01
4.616395932984302397e-01
8.202831353816171234e-01
8.202831353816171234e-01
1.199999999999999956e+00
1.199999999999999956e+00
1.752943856828337865e-01
1.752943856828337865e-01
1.578905401933329913e-02
1.578905401933329913e-02
6.640142405339168052e-02
6.640142405339168052e-02
1.199999999999999956e+00
1.199999999999999956e+00
3.346793491589477587e-01
3.346793491589477587e-01
2.196197725854692751e-01
2.196197725854692751e-01
3.723847851913547058e-01
3.723847851913547058e-01
3.591892578947302739e-01
3.591892578947302739e-01
1.199999999999999956e+00
1.199999999999999956e+00
1.199999999999999956e+00
1.199999999999999956e+00
1.199999999999999956e+00
1.199999999999999956e+00
1.520413923746544160e-01
1.520413923746544160e-01
3.862775624678693731e-01
3.862775624678693731e-01
6.593968868333707212e-01
6.593968868333707212e-01
2.894403730711671563e-01
2.894403730711671563e-01
3.015921543152655926e-01
3.015921543152655926e-01
1.199999999999999956e+00
1.199999999999999956e+00
3.679368025729387037e-01
3.679368025729387037e-01
1.161408524857061586e-01
1.161408524857061586e-01
1.079674745659100765e-01
1.079674745659100765e-01
5.888664205268151486e-02
5.888664205268151486e-02
2.095923331181138646e-02
2.095923331181138646e-02
5.114177606828637090e-01
5.114177606828637090e-01
7.167237575734830557e-01
7.167237575734830557e-01
9.869743784802911257e-01
9.869743784802911257e-01
1.205207076416472955e-01
1.205207076416472955e-01
3.524418773191179688e-01
3.524418773191179688e-01
3.120988354092130712e-01
3.120988354092130712e-01
7.339241136282141642e-02
7.339241136282141642e-02
5.001136961006588111e-01
5.001136961006588111e-01
1.458712538195138242e-01
1.458712538195138242e-01
1.215279149612989856e-01
1.215279149612989856e-01
2.149705310934016400e-02
2.149705310934016400e-02
1.428533966299581626e-01
1.428533966299581626e-01
3.469177263642547748e-02
3.469177263642547748e-02
1.199999999999999956e+00
1.199999999999999956e+00
2.819374386568558322e-01
2.819374386568558322e-01
1.224780634794078032e-01
1.224780634794078032e-01
2.196767914826508739e-01
2.196767914826508739e-01
1.199999999999999956e+00
1.199999999999999956e+00
6.011426227897783692e-01
6.011426227897783692e-01
1.907485322350072343e-01
1.907485322350072343e-01
1.199999999999999956e+00
1.199999999999999956e+00
2.496020024791794634e-01
2.496020024791794634e-01
1.199999999999999956e+00
1.199999999999999956e+00
1.936539180836054641e-01
1.936539180836054641e-01
1.216036951353322293e-01
1.216036951353322293e-01
5.785637974227891139e-02
5.785637974227891139e-02
1.199999999999999956e+00
1.199999999999999956e+00
4.424525749487018267e-01
4.424525749487018267e-01
1.205677191944606744e-03
1.205677191944606744e-03
2.428340759907361146e-01
2.428340759907361146e-01
2.585555747044256947e-01
2.585555747044256947e-01
5.553674875587614190e-01
5.553674875587614190e-01
3.052672330508268139e-01
3.052672330508268139e-01
3.252108274695491574e-01
3.252108274695491574e-01
1.023058499830938883e+00
1.023058499830938883e+00
1.199999999999999956e+00
1.199999999999999956e+00
1.084283047787881621e-01
1.084283047787881621e-01
4.123163369675476031e-01
4.123163369675476031e-01
4.203090138906803164e-01
4.203090138906803164e-01
1.374767190773262815e-01
1.374767190773262815e-01
1.199999999999999956e+00
1.199999999999999956e+00
1.199999999999999956e+00
1.199999999999999956e+00
1.199999999999999956e+00
1.199999999999999956e+00
4.429633993986423213e-01
4.429633993986423213e-01
3.021641441442521892e-01
3.021641441442521892e-01
3.998039198261238436e-02
3.998039198261238436e-02
4.568475455513440475e-02
4.568475455513440475e-02
6.892061324026077518e-01
6.892061324026077518e-01
1.977444788696485281e-02
1.977444788696485281e-02
1.390808182077857835e-01
1.390808182077857835e-01
1.199999999999999956e+00
1.199999999999999956e+00
1.199999999999999956e+00
1.199999999999999956e+00
8.627893396616465038e-01
8.627893396616465038e-01
9.823873256357024131e-02
9.823873256357024131e-02
1.435045843534430224e-02
1.435045843534430224e-02
7.133168356753442907e-02
7.133168356753442907e-02
5.891946420145305341e-02
5.891946420145305341e-02
1.199999999999999956e+00
1.199999999999999956e+00
2.148016187258132426e-02
2.148016187258132426e-02
4.175701450994666608e-01
4.175701450994666608e-01
6.396152836893439497e-01
6.396152836893439497e-01
4.266356378856110410e-01
4.266356378856110410e-01
1.468468033765316372e-01
1.468468033765316372e-01
1.199999999999999956e+00
1.199999999999999956e+00
6.997703503332975972e-01
6.997703503332975972e-01
5.570796112182553328e-01
5.570796112182553328e-01
7.744227732793085295e-02
7.744227732793085295e-02
7.204027841984768088e-01
7.204027841984768088e-01
2.267493847556732445e-01
2.267493847556732445e-01
1.199999999999999956e+00
1.199999999999999956e+00
2.803050817983124832e-01
2.803050817983124832e-01
1.199999999999999956e+00
1.199999999999999956e+00
1.960177781094977756e-01
1.960177781094977756e-01
8.474516130808984471e-01
8.474516130808984471e-01
4.819489628897369871e-01
4.819489628897369871e-01
1.199999999999999956e+00
1.199999999999999956e+00
1.199999999999999956e+00
1.199999999999999956e+00
3.369400418429219224e-01
3.369400418429219224e-01
1.199999999999999956e+00
1.199999999999999956e+00
4.284716142398276029e-01
4.284716142398276029e-01
8.082353575879999696e-02
8.082353575879999696e-02
2.580953634442874067e-01
2.580953634442874067e-01
1.199999999999999956e+00
1.199999999999999956e+00
6.563173460057636355e-01
6.563173460057636355e-01
3.827419900388182583e-01
3.827419900388182583e-01
9.457865012145590111e-02
9.457865012145590111e-02
4.973040713815843894e-01
4.973040713815843894e-01
8.363494472609620534e-01
8.363494472609620534e-01
1.877875807206212111e-01
1.877875807206212111e-01
5.829740627147899090e-01
5.829740627147899090e-01
1.213583365880328557e-01
1.213583365880328557e-01
4.913744429397418623e-01
4.913744429397418623e-01
5.257030517283456383e-01
5.257030517283456383e-01
3.173510676015229293e-01
3.173510676015229293e-01
1.796486290284631804e-01
1.796486290284631804e-01
1.199999999999999956e+00
1.199999999999999956e+00
4.821761151288691538e-01
4.821761151288691538e-01
2.733670283476587470e-01
2.733670283476587470e-01
9.342973269246164503e-02
9.342973269246164503e-02
1.199999999999999956e+00
1.199999999999999956e+00
4.865303784924900343e-01
4.865303784924900343e-01
4.777075194501075872e-01
4.777075194501075872e-01
4.509617153899924680e-01
4.509617153899924680e-01
1.160328540474450110e-01
1.160328540474450110e-01
2.939577240581326967e-01
2.939577240581326967e-01
4.312958472182485403e-01
4.312958472182485403e-01
7.432717251282682236e-01
7.432717251282682236e-01
1.199999999999999956e+00
1.199999999999999956e+00
1.690428452464333153e-01
1.690428452464333153e-01
9.589330656462896618e-02
9.589330656462896618e-02
4.608833963772680509e-01
4.608833963772680509e-01
1.009873939479086769e-01
1.009873939479086769e-01
3.595530183128914370e-01
3.595530183128914370e-01
2.380741519495880587e-01
2.380741519495880587e-01
5.004982275439616712e-01
5.004982275439616712e-01
2.137428338302582720e-01
2.137428338302582720e-01
2.062259342817051450e-02
2.062259342817051450e-02
1.199999999999999956e+00
1.199999999999999956e+00
1.199999999999999956e+00
1.199999999999999956e+00
1.199999999999999956e+00
1.199999999999999956e+00
9.842762047738447262e-02
9.842762047738447262e-02
3.973662785974579892e-01
3.973662785974579892e-01
3.048051855304802493e-01
3.048051855304802493e-01
1.655565509840217220e-01
1.655565509840217220e-01
7.545689521406494515e-01
7.545689521406494515e-01
7.482981927264152622e-02
7.482981927264152622e-02
5.277906903860959398e-01
5.277906903860959398e-01
1.199999999999999956e+00
1.199999999999999956e+00
1.874140733268610803e-01
1.874140733268610803e-01
7.059936909048251108e-01
7.059936909048251108e-01
4.782253279802409773e-01
4.782253279802409773e-01
1.199999999999999956e+00
1.199999999999999956e+00
9.774784171107465947e-02
9.774784171107465947e-02
1.199999999999999956e+00
1.199999999999999956e+00
1.199999999999999956e+00
1.199999999999999956e+00
5.450961627333096582e-02
5.450961627333096582e-02
5.020100960700345505e-01
5.020100960700345505e-01
7.067923268120955838e-01
7.067923268120955838e-01
7.306689710902273260e-01
7.306689710902273260e-01
3.884629703688028957e-01
3.884629703688028957e-01
2.786739989666734557e-02
2.786739989666734557e-02
1.987685071674429593e-01
1.987685071674429593e-01
1.199999999999999956e+00
1.199999999999999956e+00
4.492991655900585579e-01
4.492991655900585579e-01
4.734732968732613401e-01
4.734732968732613401e-01
4.270031621304760105e-01
4.270031621304760105e-01
5.059676164609868687e-01
5.059676164609868687e-01
1.897755473324174158e-01
1.897755473324174158e-01
4.311805017541304186e-01
4.311805017541304186e-01
5.447993746683460481e-01
5.447993746683460481e-01
1.199999999999999956e+00
1.199999999999999956e+00
2.676412871009202221e-01
2.676412871009202221e-01
5.137891398853193792e-01
5.137891398853193792e-01
4.286494615335662006e-01
4.286494615335662006e-01
5.256951745461387882e-01
5.256951745461387882e-01
6.073406311329641039e-01
6.073406311329641039e-01
8.719862766425767742e-02
8.719862766425767742e-02
1.020600303508067297e+00
1.020600303508067297e+00
8.650303250731679050e-01
8.650303250731679050e-01
2.642551310190292546e-01
2.642551310190292546e-01
1.199999999999999956e+00
1.199999999999999956e+00
8.942245649371521887e-02
8.942245649371521887e-02
5.225564520781982303e-01
5.225564520781982303e-01
1.199999999999999956e+00
1.199999999999999956e+00
1.199999999999999956e+00
1.199999999999999956e+00
3.068510494621990436e-01
3.068510494621990436e-01
5.413541796588337007e-01
5.413541796588337007e-01
1.629828966758369024e-01
1.629828966758369024e-01
1.199999999999999956e+00
1.199999999999999956e+00
1.199999999999999956e+00
1.199999999999999956e+00
4.254471710775682425e-01
4.254471710775682425e-01
1.199999999999999956e+00
1.199999999999999956e+00
5.318735146377883138e-01
5.318735146377883138e-01
3.219030230244639412e-01
3.219030230244639412e-01
5.950464715985458453e-01
5.950464715985458453e-01
1.142653115732088498e+00
1.142653115732088498e+00
6.201168861211542316e-01
6.201168861211542316e-01
1.199999999999999956e+00
1.199999999999999956e+00
1.199999999999999956e+00
1.199999999999999956e+00
1.424409299114005323e-01
1.424409299114005323e-01
6.109180240055044342e-01
6.109180240055044342e-01
3.250373532447785041e-01
3.250373532447785041e-01
1.199999999999999956e+00
1.199999999999999956e+00
5.899121216532065004e-01
5.899121216532065004e-01
2.400975284824471978e-01
2.400975284824471978e-01
3.939076491308479699e-01
3.939076491308479699e-01
3.610050394445500910e-01
3.610050394445500910e-01
8.046133253186367185e-01
8.046133253186367185e-01
5.476546665677040071e-01
5.476546665677040071e-01
3.784053917982761472e-01
3.784053917982761472e-01
1.199999999999999956e+00
1.199999999999999956e+00
4.696643576712132284e-01
4.696643576712132284e-01
1.294360010655569715e-01
1.294360010655569715e-01
2.572092334570101335e-01
2.572092334570101335e-01
3.342937760351532422e-02
3.342937760351532422e-02
1.463733789311177647e-01
1.463733789311177647e-01
1.199999999999999956e+00
1.199999999999999956e+00
5.009641321333936359e-01
5.009641321333936359e-01
1.199999999999999956e+00
1.199999999999999956e+00
4.591925151041261199e-01
4.591925151041261199e-01
5.701218479003825612e-01
5.701218479003825612e-01
4.174255658978491823e-01
4.174255658978491823e-01
4.733666890978530661e-01
4.733666890978530661e-01
7.574372122513799675e-03
7.574372122513799675e-03
3.006968517470144930e-01
3.006968517470144930e-01
1.199999999999999956e+00
1.199999999999999956e+00
1.199999999999999956e+00
1.199999999999999956e+00
1.199999999999999956e+00
1.199999999999999956e+00
7.034145440853434295e-02
7.034145440853434295e-02
1.876353273003001920e-01
1.876353273003001920e-01
1.199999999999999956e+00
1.199999999999999956e+00
1.199999999999999956e+00
1.199999999999999956e+00
1.199999999999999956e+00
1.199999999999999956e+00
3.646708887356976958e-01
3.646708887356976958e-01
3.274050464281648143e-01
3.274050464281648143e-01
3.468933895415323709e-01
3.468933895415323709e-01
2.685696207189608997e-01
2.685696207189608997e-01
8.609847015773794410e-02
8.609847015773794410e-02
4.298297618673816434e-01
4.298297618673816434e-01
8.345579290334331768e-02
8.345579290334331768e-02
6.196806374280582341e-01
6.196806374280582341e-01
3.651264684668963922e-01
3.651264684668963922e-01
2.168512749362160597e-01
2.168512749362160597e-01
3.181144287742463383e-01
3.181144287742463383e-01
1.666965849997996407e-01
1.666965849997996407e-01
5.034841168333287209e-01
5.034841168333287209e-01
6.800777906018535823e-01
6.800777906018535823e-01
1.199999999999999956e+00
1.199999999999999956e+00
1.199999999999999956e+00
1.199999999999999956e+00
3.616207319199516435e-01
3.616207319199516435e-01
8.756578840412099218e-02
8.756578840412099218e-02
1.199999999999999956e+00
1.199999999999999956e+00
6.831865284491718537e-02
6.831865284491718537e-02
1.222052628324195034e-01
1.222052628324195034e-01
2.406610465693629838e-02
2.406610465693629838e-02
6.390709641601853563e-02
6.390709641601853563e-02
1.396564907406252776e-01
1.396564907406252776e-01
4.488977796673023768e-01
4.488977796673023768e-01
1.627111490149016626e-01
1.627111490149016626e-01
4.627194586509097984e-02
4.627194586509097984e-02
1.199999999999999956e+00
1.199999999999999956e+00
1.339358051048397669e-01
1.339358051048397669e-01
1.162276190042155488e-01
1.162276190042155488e-01
1.199999999999999956e+00
1.199999999999999956e+00
3.286109416467706268e-01
3.286109416467706268e-01
2.225301556017728229e-03
2.225301556017728229e-03
9.096385433943010579e-02
9.096385433943010579e-02
5.030213905962203219e-02
5.030213905962203219e-02
7.688121609064056949e-01
7.688121609064056949e-01
2.843572294487119456e-01
2.843572294487119456e-01
2.679171578549593424e-01
2.679171578549593424e-01
2.568655982894786916e-01
2.568655982894786916e-01
9.032333292406519165e-02
9.032333292406519165e-02
1.199999999999999956e+00
1.199999999999999956e+00
5.797496465317234504e-01
5.797496465317234504e-01
6.596230845450704039e-02
6.596230845450704039e-02
6.536616643672350790e-02
6.536616643672350790e-02
1.560313528051049670e-01
1.560313528051049670e-01
6.925545662880951137e-02
6.925545662880951137e-02
1.199999999999999956e+00
1.199999999999999956e+00
2.196907184715059247e-01
2.196907184715059247e-01
1.199999999999999956e+00
1.199999999999999956e+00
8.126667371183457500e-02
8.126667371183457500e-02
3.431269626145239202e-03
3.431269626145239202e-03
1.199999999999999956e+00
1.199999999999999956e+00
5.080852700248457421e-02
5.080852700248457421e-02
3.191389825078762982e-02
3.191389825078762982e-02
2.238240942313470816e-01
2.238240942313470816e-01
2.290417530891730724e-01
2.290417530891730724e-01
2.910740122753011083e-01
2.910740122753011083e-01
1.199999999999999956e+00
1.199999999999999956e+00
5.323255694511142000e-01
5.323255694511142000e-01
2.484946895468741548e-02
2.484946895468741548e-02
7.177229072658518338e-03
7.177229072658518338e-03
3.425248250440492415e-01
3.425248250440492415e-01
2.795003530089915644e-01
2.795003530089915644e-01
5.115523313341191480e-01
5.115523313341191480e-01
2.767960864677938559e-01
2.767960864677938559e-01
1.007839755264584580e-01
1.007839755264584580e-01
3.597375826246852482e-01
3.597375826246852482e-01
4.229124769421498953e-01
4.229124769421498953e-01
1.199999999999999956e+00
1.199999999999999956e+00
1.750769678759355186e-01
1.750769678759355186e-01
1.654493903175757175e-01
1.654493903175757175e-01
2.683325435981098184e-01
2.683325435981098184e-01
4.704468729155409368e-01
4.704468729155409368e-01
1.199999999999999956e+00
1.199999999999999956e+00
1.199999999999999956e+00
1.199999999999999956e+00
8.168690338800367323e-01
8.168690338800367323e-01
3.014284020736955894e-01
3.014284020736955894e-01
4.165052998908996829e-01
4.165052998908996829e-01
8.733093163944506410e-01
8.733093163944506410e-01
1.199999999999999956e+00
1.199999999999999956e+00
7.400221466874614684e-01
7.400221466874614684e-01
4.822981093365651950e-01
4.822981093365651950e-01
2.646874242074053751e-01
2.646874242074053751e-01
8.650409954004985302e-02
8.650409954004985302e-02
1.736434779638919568e-01
1.736434779638919568e-01
1.092215686107949724e+00
1.092215686107949724e+00
8.828374581618404424e-03
8.828374581618404424e-03
1.420168927560061245e-01
1.420168927560061245e-01
5.167592689234975500e-01
5.167592689234975500e-01
7.718633509356472855e-01
7.718633509356472855e-01
2.724810606589974649e-01
2.724810606589974649e-01
5.491354113846368817e-02
5.491354113846368817e-02
1.238509742494844912e-01
1.238509742494844912e-01
2.702985907419011014e-01
2.702985907419011014e-01
3.527880713648992930e-03
3.527880713648992930e-03
1.199999999999999956e+00
1.199999999999999956e+00
6.008805255229672515e-02
6.008805255229672515e-02
7.880402984623799401e-02
7.880402984623799401e-02
1.709199728360009107e-01
1.709199728360009107e-01
1.199999999999999956e+00
1.199999999999999956e+00
1.881091409569786432e-01
1.881091409569786432e-01
3.785457786145836612e-01
3.785457786145836612e-01
2.064294831323902901e-01
2.064294831323902901e-01
2.440816758783480867e-01
2.440816758783480867e-01
1.514932585817976851e-02
1.514932585817976851e-02
6.257529923164734109e-01
6.257529923164734109e-01
7.084337234933293925e-02
7.084337234933293925e-02
1.199999999999999956e+00
1.199999999999999956e+00
3.229327764454007488e-01
3.229327764454007488e-01
3.846739329811501434e-02
3.846739329811501434e-02
1.018377025190698726e-01
1.018377025190698726e-01
8.360438580638379635e-02
8.360438580638379635e-02
3.721102440508772813e-01
3.721102440508772813e-01
1.199999999999999956e+00
1.199999999999999956e+00
1.185587160753690389e-01
1.185587160753690389e-01
5.781828624283253948e-01
5.781828624283253948e-01
1.936317485887767073e-02
1.936317485887767073e-02
1.199999999999999956e+00
1.199999999999999956e+00
5.697342686077144780e-01
5.697342686077144780e-01
8.164181373853112156e-01
8.164181373853112156e-01
1.297035716000597139e-01
1.297035716000597139e-01
1.543044882745516627e-02
1.543044882745516627e-02
3.593413179640810862e-01
3.593413179640810862e-01
1.199999999999999956e+00
1.199999999999999956e+00
3.616983938276049915e-01
3.616983938276049915e-01
9.445919305522923470e-02
9.445919305522923470e-02
1.588361934687175792e-01
1.588361934687175792e-01
6.392290562271880638e-01
6.392290562271880638e-01
3.313021843949521816e-01
3.313021843949521816e-01
6.949572618587508410e-01
6.949572618587508410e-01
3.967583365660117267e-01
3.967583365660117267e-01
1.740792133325546887e-01
1.740792133325546887e-01
1.856645311690172662e-01
1.856645311690172662e-01
4.333905772970966241e-01
4.333905772970966241e-01
7.297276206331254622e-02
7.297276206331254622e-02
2.261479261103098715e-01
2.261479261103098715e-01
1.199999999999999956e+00
1.199999999999999956e+00
5.212609720809703584e-02
5.212609720809703584e-02
6.689180673588579484e-01
6.689180673588579484e-01
1.559966103581572616e-01
1.559966103581572616e-01
8.672155983043788874e-02
8.672155983043788874e-02
4.150599085293635859e-01
4.150599085293635859e-01
3.476765315568264292e-01
3.476765315568264292e-01
2.045319076084326504e-01
2.045319076084326504e-01
8.998790271797077467e-02
8.998790271797077467e-02
5.360671671046976505e-02
5.360671671046976505e-02
1.199999999999999956e+00
1.199999999999999956e+00
1.875871555247025368e-01
1.875871555247025368e-01
7.570252237473935608e-01
7.570252237473935608e-01
1.968930723925944870e-02
1.968930723925944870e-02
6.708197699851975448e-02
6.708197699851975448e-02
4.803099626885047879e-01
4.803099626885047879e-01
1.129509166077251825e+00
1.129509166077251825e+00
1.668441581909919647e-01
1.668441581909919647e-01
6.786469213844161796e-01
6.786469213844161796e-01
3.897625234371753788e-01
3.897625234371753788e-01
1.417103155675089043e+00
1.417103155675089043e+00
5.512395344164675581e-01
5.512395344164675581e-01
2.458847403727836278e-01
2.458847403727836278e-01
1.072708942831310241e-02
1.072708942831310241e-02
1.199999999999999956e+00
1.199999999999999956e+00
9.704299371966883525e-01
9.704299371966883525e-01
1.017395391303500762e+00
1.017395391303500762e+00
1.435792826844257408e-01
1.435792826844257408e-01
8.548048720794651500e-02
8.548048720794651500e-02
3.651564484522106246e-01
3.651564484522106246e-01
2.345197969288324025e-01
2.345197969288324025e-01
1.199999999999999956e+00
1.199999999999999956e+00
3.045342150934147174e-01
3.045342150934147174e-01
1.123052185206518810e-01
1.123052185206518810e-01
1.484405566812941335e-01
1.484405566812941335e-01
3.151737007615198483e-01
3.151737007615198483e-01
1.199999999999999956e+00
1.199999999999999956e+00
1.199999999999999956e+00
1.199999999999999956e+00
1.128041740215244941e-02
1.128041740215244941e-02
5.260424216170667133e-01
5.260424216170667133e-01
6.131020231472116278e-01
6.131020231472116278e-01
1.199999999999999956e+00
1.199999999999999956e+00
3.692227915310800634e-01
3.692227915310800634e-01
8.055882363401400958e-02
8.055882363401400958e-02
1.757015669975568462e-01
1.757015669975568462e-01
4.328889677932894475e-01
4.328889677932894475e-01
6.884955814700761678e-01
6.884955814700761678e-01
1.558404790802924433e-01
1.558404790802924433e-01
4.049615997085452834e-01
4.049615997085452834e-01
5.438089551373355424e-02
5.438089551373355424e-02
5.738626239111052074e-01
5.738626239111052074e-01
1.199999999999999956e+00
1.199999999999999956e+00
6.005244872370690823e-02
6.005244872370690823e-02
1.199999999999999956e+00
1.199999999999999956e+00
1.199999999999999956e+00
1.199999999999999956e+00
1.751651807496683866e-01
1.751651807496683866e-01
4.132842553146339748e-01
4.132842553146339748e-01
6.320822260375240365e-02
6.320822260375240365e-02
5.449227385743535823e-01
5.449227385743535823e-01
1.199999999999999956e+00
1.199999999999999956e+00
9.593011295520884052e-02
9.593011295520884052e-02
1.343910042255832549e-01
1.343910042255832549e-01
6.122041565419711340e-01
6.122041565419711340e-01
1.199999999999999956e+00
1.199999999999999956e+00
1.283743837160001566e-01
1.283743837160001566e-01
1.199999999999999956e+00
1.199999999999999956e+00
1.721807444671241694e-01
1.721807444671241694e-01
5.489687680786246027e-01
5.489687680786246027e-01
1.302509677026827788e-02
1.302509677026827788e-02
2.151632994696515144e-01
2.151632994696515144e-01
2.857221776461351878e-02
2.857221776461351878e-02
1.863635277749823849e-01
1.863635277749823849e-01
4.066761050303274172e-01
4.066761050303274172e-01
2.756708437549787449e-01
2.756708437549787449e-01
8.072940668263230146e-02
8.072940668263230146e-02
2.182552696857780195e-01
2.182552696857780195e-01
4.666325151848479402e-01
4.666325151848479402e-01
3.752745082731775983e-02
3.752745082731775983e-02
8.064174304120690778e-03
8.064174304120690778e-03
1.249731136088529440e-02
1.249731136088529440e-02
2.505805756935163831e-01
2.505805756935163831e-01
3.954961963465082331e-01
3.954961963465082331e-01
1.132399394536958703e-01
1.132399394536958703e-01
4.098232098476202734e-01
4.098232098476202734e-01
8.792942848341858686e-02
8.792942848341858686e-02
1.199999999999999956e+00
1.199999999999999956e+00
1.199999999999999956e+00
1.199999999999999956e+00
2.130000607232267196e-01
2.130000607232267196e-01
4.304943387327112569e-01
4.304943387327112569e-01
1.199999999999999956e+00
1.199999999999999956e+00
9.499065166147623029e-02
9.499065166147623029e-02
4.790162984118738476e-02
4.790162984118738476e-02
6.667437838078899004e-01
6.667437838078899004e-01
5.363816811524322464e-02
5.363816811524322464e-02
3.224018363446099489e-01
3.224018363446099489e-01
1.731476023181311996e-01
1.731476023181311996e-01
8.896485238441282917e-01
8.896485238441282917e-01
1.838679383857762806e-01
1.838679383857762806e-01
2.677728041216828614e-01
2.677728041216828614e-01
4.382898570764244273e-01
4.382898570764244273e-01
1.634658503239859451e-01
1.634658503239859451e-01
1.199999999999999956e+00
1.199999999999999956e+00
2.976659492512234717e-01
2.976659492512234717e-01
7.228478685139375637e-01
7.228478685139375637e-01
2.950408177516468666e-01
2.950408177516468666e-01
9.391148598773986500e-02
9.391148598773986500e-02
2.539346314693353146e-01
2.539346314693353146e-01
1.199999999999999956e+00
1.199999999999999956e+00
2.264668838016567765e-01
2.264668838016567765e-01
4.041633583023674925e-01
4.041633583023674925e-01
1.776568902259807736e-01
1.776568902259807736e-01
8.472908252903001147e-02
8.472908252903001147e-02
3.254418686914744008e-01
3.254418686914744008e-01
5.781655452397208572e-01
5.781655452397208572e-01
6.171234285714296552e-01
6.171234285714296552e-01
1.503735911812047188e-01
1.503735911812047188e-01
5.167172940017509403e-02
5.167172940017509403e-02
6.274523459435671531e-03
6.274523459435671531e-03
2.120703763182794632e-01
2.120703763182794632e-01
4.839222828853369518e-01
4.839222828853369518e-01
5.271898257932060572e-01
5.271898257932060572e-01
2.399829704362513305e-01
2.399829704362513305e-01
1.199999999999999956e+00
1.199999999999999956e+00
1.416254475193680640e-01
1.416254475193680640e-01
1.199999999999999956e+00
1.199999999999999956e+00
1.199999999999999956e+00
1.199999999999999956e+00
3.858579075101312150e-01
3.858579075101312150e-01
5.571898975159327722e-02
5.571898975159327722e-02
9.014686677202068954e-02
9.014686677202068954e-02
1.858967642689474953e-01
1.858967642689474953e-01
4.281422631110767124e-02
4.281422631110767124e-02
1.907118041275120690e-01
1.907118041275120690e-01
2.195508796840572874e-01
2.195508796840572874e-01
2.749681306524717206e-01
2.749681306524717206e-01
3.166596676884507744e-01
3.166596676884507744e-01
1.199999999999999956e+00
1.199999999999999956e+00
1.075710237815879211e-01
1.075710237815879211e-01
3.303317772440753086e-01
3.303317772440753086e-01
2.866375040020087694e-01
2.866375040020087694e-01
1.590329668265275664e-01
1.590329668265275664e-01
3.027214994602288045e-01
3.027214994602288045e-01
2.461744748542658567e-01
2.461744748542658567e-01
4.741759245416850010e-01
4.741759245416850010e-01
1.199999999999999956e+00
1.199999999999999956e+00
2.990459176611937053e-01
2.990459176611937053e-01
1.450368965619660243e-03
1.450368965619660243e-03
3.309151484883194883e-01
3.309151484883194883e-01
2.776798517797645846e-02
2.776798517797645846e-02
1.199999999999999956e+00
1.199999999999999956e+00
1.199999999999999956e+00
1.199999999999999956e+00
4.510576535992609215e-01
4.510576535992609215e-01
1.199999999999999956e+00
1.199999999999999956e+00
1.199999999999999956e+00
1.199999999999999956e+00
5.951982417668919695e-02
5.951982417668919695e-02
5.542850246466538705e-02
5.542850246466538705e-02
2.264278016443167785e-02
2.264278016443167785e-02
3.167836894672666770e-02
3.167836894672666770e-02
1.753380654574255432e-02
1.753380654574255432e-02
4.605023205757319271e-01
4.605023205757319271e-01
1.199999999999999956e+00
1.199999999999999956e+00
4.289933909246197719e-02
4.289933909246197719e-02
2.210986551520767451e-01
2.210986551520767451e-01
3.705756736242998839e-01
3.705756736242998839e-01
5.663585766562979906e-02
5.663585766562979906e-02
7.835923529055087433e-02
7.835923529055087433e-02
8.079459858447282095e-01
8.079459858447282095e-01
1.007295894356895927e+00
1.007295894356895927e+00
9.676080351183261041e-02
9.676080351183261041e-02
8.007880422158264455e-02
8.007880422158264455e-02
6.112583850505617367e-01
6.112583850505617367e-01
4.568003219921212832e-01
4.568003219921212832e-01
1.568872846265836618e-01
1.568872846265836618e-01
5.980732078491873827e-02
5.980732078491873827e-02
3.997751250464327555e-01
3.997751250464327555e-01
4.746887055148303614e-02
4.746887055148303614e-02
4.814745567943207738e-01
4.814745567943207738e-01
3.771206884675198379e-01
3.771206884675198379e-01
1.199999999999999956e+00
1.199999999999999956e+00
1.199999999999999956e+00
1.199999999999999956e+00
6.336714490775915976e-02
6.336714490775915976e-02
4.986308733905233659e-01
4.986308733905233659e-01
6.220171887920492720e-02
6.220171887920492720e-02
1.640242285109679565e-01
1.640242285109679565e-01
3.272304500970821817e-01
3.272304500970821817e-01
1.439899440211925286e-01
1.439899440211925286e-01
1.039626269804132253e-02
1.039626269804132253e-02
1.199999999999999956e+00
1.199999999999999956e+00
5.489084312583248915e-01
5.489084312583248915e-01
1.199999999999999956e+00
1.199999999999999956e+00
2.131472742197200801e-02
2.131472742197200801e-02
1.199999999999999956e+00
1.199999999999999956e+00
1.199999999999999956e+00
1.199999999999999956e+00
1.019518868263475708e+00
1.019518868263475708e+00
1.199999999999999956e+00
1.199999999999999956e+00
3.341065187131138647e-01
3.341065187131138647e-01
4.045155962671194150e-01
4.045155962671194150e-01
3.773976205481587853e-01
3.773976205481587853e-01
1.434850763227966675e-01
1.434850763227966675e-01
1.199999999999999956e+00
1.199999999999999956e+00
1.176866477659859189e-01
1.176866477659859189e-01
3.488172242866700162e-02
3.488172242866700162e-02
4.032332574717501505e-01
4.032332574717501505e-01
3.441802770285955493e-01
3.441802770285955493e-01
1.065632719447828225e-01
1.065632719447828225e-01
4.114163303630904434e-01
4.114163303630904434e-01
6.286493445961492954e-01
6.286493445961492954e-01
3.823773800262234568e-01
3.823773800262234568e-01
5.104311730732472713e-02
5.104311730732472713e-02
1.285956003654249169e-01
1.285956003654249169e-01
3.384934291447264099e-01
3.384934291447264099e-01
1.199999999999999956e+00
1.199999999999999956e+00
1.708983194309935116e-01
1.708983194309935116e-01
3.113290225005216905e-01
3.113290225005216905e-01
3.953381489932929482e-01
3.953381489932929482e-01
2.546405721771564656e-01
2.546405721771564656e-01
1.199999999999999956e+00
1.199999999999999956e+00
1.199999999999999956e+00
1.199999999999999956e+00
1.199999999999999956e+00
1.199999999999999956e+00
2.946308691694627391e-01
2.946308691694627391e-01
1.180301208460101947e-01
1.180301208460101947e-01
1.199999999999999956e+00
1.199999999999999956e+00
3.776534348041098443e-01
3.776534348041098443e-01
1.650531489267574592e-01
1.650531489267574592e-01
2.218138158683004291e-02
2.218138158683004291e-02
1.726639249807401799e-01
1.726639249807401799e-01
4.221012960676724379e-01
4.221012960676724379e-01
5.778449712731744681e-01
5.778449712731744681e-01
2.907584850071273097e-01
2.907584850071273097e-01
1.745273320066545453e-01
1.745273320066545453e-01
2.604034278004314085e-01
2.604034278004314085e-01
5.303762785247860823e-01
5.303762785247860823e-01
3.069857938609622527e-01
3.069857938609622527e-01
1.199999999999999956e+00
1.199999999999999956e+00
