5.827868424230228106e-01
5.827868424230228106e-01
7.365659911884994138e-01
7.365659911884994138e-01
2.907858285303811519e-01
2.907858285303811519e-01
4.319931025722019147e-01
4.319931025722019147e-01
1.199999999999999956e+00
1.199999999999999956e+00
3.578405547813303528e-02
3.578405547813303528e-02
3.982067436497018775e-01
3.982067436497018775e-01
3.872568896291933571e-01
3.872568896291933571e-01
1.199999999999999956e+00
1.199999999999999956e+00
7.425779746757535937e-01
7.425779746757535937e-01
1.199999999999999956e+00
1.199999999999999956e+00
4.671971996143474692e-01
4.671971996143474692e-01
3.060701111596076940e-01
3.060701111596076940e-01
4.930467995466680797e-01
4.930467995466680797e-01
4.502143948993363176e-02
4.502143948993363176e-02
3.520030086970648425e-02
3.520030086970648425e-02
2.665858160554242517e-01
2.665858160554242517e-01
2.537499426713959449e-01
2.537499426713959449e-01
2.937014620560468581e-02
2.937014620560468581e-02
7.601661646118380855e-02
7.601661646118380855e-02
1.199999999999999956e+00
1.199999999999999956e+00
4.424199473160827373e-02
4.424199473160827373e-02
9.544788036446384683e-02
9.544788036446384683e-02
3.750896455512702787e-01
3.750896455512702787e-01
1.028867354031257481e-01
1.028867354031257481e-01
7.792652766752989901e-01
7.792652766752989901e-01
1.199999999999999956e+00
1.199999999999999956e+00
1.515035719737482522e-01
1.515035719737482522e-01
1.199999999999999956e+00
1.199999999999999956e+00
2.179567188863352351e-02
2.179567188863352351e-02
1.199999999999999956e+00
1.199999999999999956e+00
2.374098133545530787e-01
2.374098133545530787e-01
1.199999999999999956e+00
1.199999999999999956e+00
2.451170950776190571e-01
2.451170950776190571e-01
2.075926949177878122e-01
2.075926949177878122e-01
1.199999999999999956e+00
1.199999999999999956e+00
2.326132078388532531e-01
2.326132078388532531e-01
1.615515044096272890e-01
1.615515044096272890e-01
1.199999999999999956e+00
1.199999999999999956e+00
5.521348216700586869e-02
5.521348216700586869e-02
1.199999999999999956e+00
1.199999999999999956e+00
3.623450369909990698e-01
3.623450369909990698e-01
1.167402819658699409e-01
1.167402819658699409e-01
3.995166801188771988e-01
3.995166801188771988e-01
1.951057898217573860e-01
1.951057898217573860e-01
3.511812190482217488e-01
3.511812190482217488e-01
3.929484516913697711e-01
3.929484516913697711e-01
1.199999999999999956e+00
1.199999999999999956e+00
1.695551291223945656e-01
1.695551291223945656e-01
5.130098784694633318e-01
5.130098784694633318e-01
4.830338523541798934e-01
4.830338523541798934e-01
8.036861217296289439e-01
8.036861217296289439e-01
4.014924687145915438e-01
4.014924687145915438e-01
1.199999999999999956e+00
1.199999999999999956e+00
5.874241690868308163e-01
5.874241690868308163e-01
3.762627358684081935e-01
3.762627358684081935e-01
2.527267739627783172e-01
2.527267739627783172e-01
3.308139742000308914e-01
3.308139742000308914e-01
2.374342222076980535e-01
2.374342222076980535e-01
3.116560766151747763e-02
3.116560766151747763e-02
2.311713719172961423e-02
2.311713719172961423e-02
8.221657168465594800e-01
8.221657168465594800e-01
4.525654853917546738e-01
4.525654853917546738e-01
1.340211637859477223e-01
1.340211637859477223e-01
3.944946264961816662e-01
3.944946264961816662e-01
1.199999999999999956e+00
1.199999999999999956e+00
2.554349775619021434e-01
2.554349775619021434e-01
1.199999999999999956e+00
1.199999999999999956e+00
2.427448269087973953e-01
2.427448269087973953e-01
2.738457726339067477e-01
2.738457726339067477e-01
1.199999999999999956e+00
1.199999999999999956e+00
4.388432323771791765e-02
4.388432323771791765e-02
1.199999999999999956e+00
1.199999999999999956e+00
1.260104282024951394e-01
1.260104282024951394e-01
9.722682770586028866e-02
9.722682770586028866e-02
2.858023791477869446e-01
2.858023791477869446e-01
3.816367414764867405e-01
3.816367414764867405e-01
1.244439039789468904e-02
1.244439039789468904e-02
2.423188970759059535e-01
2.423188970759059535e-01
2.619555796867657493e-01
2.619555796867657493e-01
9.624134362209825835e-03
9.624134362209825835e-03
1.919618737570718547e-01
1.919618737570718547e-01
1.857549740025518370e-01
1.857549740025518370e-01
1.199999999999999956e+00
1.199999999999999956e+00
1.268001114563473142e-01
1.268001114563473142e-01
4.203868392788194797e-01
4.203868392788194797e-01
1.640876572353585361e-01
1.640876572353585361e-01
5.955618264731731282e-01
5.955618264731731282e-01
1.199999999999999956e+00
1.199999999999999956e+00
3.454300268293093445e-01
3.454300268293093445e-01
6.610337933669785393e-02
6.610337933669785393e-02
4.194307906756902793e-02
4.194307906756902793e-02
4.445571087639342278e-01
4.445571087639342278e-01
8.054374589322755851e-01
8.054374589322755851e-01
5.116011007427720969e-01
5.116011007427720969e-01
1.199999999999999956e+00
1.199999999999999956e+00
1.474588735703843412e-01
1.474588735703843412e-01
3.381257607067191806e-01
3.381257607067191806e-01
6.273535136302887949e-02
6.273535136302887949e-02
1.199999999999999956e+00
1.199999999999999956e+00
1.427717055211732977e-01
1.427717055211732977e-01
2.065193281891122001e-01
2.065193281891122001e-01
4.109670797752906779e-02
4.109670797752906779e-02
1.771455251605401782e-03
1.771455251605401782e-03
3.325084392456576499e-01
3.325084392456576499e-01
1.199999999999999956e+00
1.199999999999999956e+00
1.588194484994155664e-01
1.588194484994155664e-01
1.199999999999999956e+00
1.199999999999999956e+00
4.317336080043475133e-01
4.317336080043475133e-01
3.382146200497381239e-01
3.382146200497381239e-01
1.199999999999999956e+00
1.199999999999999956e+00
7.435508884522818995e-01
7.435508884522818995e-01
2.794150833941430601e-01
2.794150833941430601e-01
1.199999999999999956e+00
1.199999999999999956e+00
7.439359524872654617e-02
7.439359524872654617e-02
6.944518616251941223e-01
6.944518616251941223e-01
1.968546044123186123e-01
1.968546044123186123e-01
6.336059611888447130e-01
6.336059611888447130e-01
8.652095727968579786e-02
8.652095727968579786e-02
1.735213485453723503e-01
1.735213485453723503e-01
1.199999999999999956e+00
1.199999999999999956e+00
1.199999999999999956e+00
1.199999999999999956e+00
2.067346077037602869e-01
2.067346077037602869e-01
4.234461773887317898e-02
4.234461773887317898e-02
2.355429128922893467e-01
2.355429128922893467e-01
1.539535833449353353e-01
1.539535833449353353e-01
4.103117481308533182e-02
4.103117481308533182e-02
6.119649872410856117e-01
6.119649872410856117e-01
1.199999999999999956e+00
1.199999999999999956e+00
9.318431697062536934e-01
9.318431697062536934e-01
8.136504219501655699e-02
8.136504219501655699e-02
1.705541267650350079e-01
1.705541267650350079e-01
1.199999999999999956e+00
1.199999999999999956e+00
8.181425702364465702e-02
8.181425702364465702e-02
4.692214201810658292e-01
4.692214201810658292e-01
6.524283305012206213e-01
6.524283305012206213e-01
5.181813126215937260e-01
5.181813126215937260e-01
4.150146853102463229e-01
4.150146853102463229e-01
1.199999999999999956e+00
1.199999999999999956e+00
6.210009835920921040e-02
6.210009835920921040e-02
4.128499574960269314e-01
4.128499574960269314e-01
1.199999999999999956e+00
1.199999999999999956e+00
1.215183750961662756e+00
1.215183750961662756e+00
1.199999999999999956e+00
1.199999999999999956e+00
1.199999999999999956e+00
1.199999999999999956e+00
1.041617543187490363e-01
1.041617543187490363e-01
2.023766113667683220e-01
2.023766113667683220e-01
3.630938002399807796e-01
3.630938002399807796e-01
1.418696206917577918e-01
1.418696206917577918e-01
1.299122366483314306e-01
1.299122366483314306e-01
3.506083922311366008e-01
3.506083922311366008e-01
1.623196094201252021e-02
1.623196094201252021e-02
1.331227402495462619e-01
1.331227402495462619e-01
2.683430996579782013e-01
2.683430996579782013e-01
4.126886789511148290e-01
4.126886789511148290e-01
1.199999999999999956e+00
1.199999999999999956e+00
1.199999999999999956e+00
1.199999999999999956e+00
7.631924964492536878e-02
7.631924964492536878e-02
3.505848771831674426e-01
3.505848771831674426e-01
2.917131537630174298e-01
2.917131537630174298e-01
3.866620168123648948e-01
3.866620168123648948e-01
1.199999999999999956e+00
1.199999999999999956e+00
5.084036844344200778e-01
5.084036844344200778e-01
6.807631941372209450e-02
6.807631941372209450e-02
2.867290577354609793e-01
2.867290577354609793e-01
2.828070918047623783e-01
2.828070918047623783e-01
3.099283979669531508e-01
3.099283979669531508e-01
4.426725727900678864e-01
4.426725727900678864e-01
1.134357136472862043e-01
1.134357136472862043e-01
4.747554673864742281e-01
4.747554673864742281e-01
9.827329156755636175e-02
9.827329156755636175e-02
1.199999999999999956e+00
1.199999999999999956e+00
1.199999999999999956e+00
1.199999999999999956e+00
1.195121429117986578e+00
1.195121429117986578e+00
4.233916245505855436e-01
4.233916245505855436e-01
1.199999999999999956e+00
1.199999999999999956e+00
1.199999999999999956e+00
1.199999999999999956e+00
1.199999999999999956e+00
1.199999999999999956e+00
1.199999999999999956e+00
1.199999999999999956e+00
1.199999999999999956e+00
1.199999999999999956e+00
9.572788489713428550e-01
9.572788489713428550e-01
1.310707017720565692e-01
1.310707017720565692e-01
2.992010020104696882e-02
2.992010020104696882e-02
6.718451185176051998e-01
6.718451185176051998e-01
1.199999999999999956e+00
1.199999999999999956e+00
1.876763619052931598e-01
1.876763619052931598e-01
1.000303940703861074e-03
1.000303940703861074e-03
8.159159093555012898e-02
8.159159093555012898e-02
9.380795863635116305e-02
9.380795863635116305e-02
2.478262273166910445e-01
2.478262273166910445e-01
2.904730829415866356e-01
2.904730829415866356e-01
3.428175300692117289e-01
3.428175300692117289e-01
1.199999999999999956e+00
1.199999999999999956e+00
8.316917859877936969e-01
8.316917859877936969e-01
1.199999999999999956e+00
1.199999999999999956e+00
4.257397462592165116e-01
4.257397462592165116e-01
1.213268639227716161e-01
1.213268639227716161e-01
1.199999999999999956e+00
1.199999999999999956e+00
6.454524806826356098e-01
6.454524806826356098e-01
1.361916766229091108e-02
1.361916766229091108e-02
3.944799886979961645e-01
3.944799886979961645e-01
4.411555237975219312e-01
4.411555237975219312e-01
1.625907798390123504e-01
1.625907798390123504e-01
7.151455218917105450e-01
7.151455218917105450e-01
1.432584220846996881e-01
1.432584220846996881e-01
2.003262762768401872e-01
2.003262762768401872e-01
1.199999999999999956e+00
1.199999999999999956e+00
1.557223016582424957e-01
1.557223016582424957e-01
1.199999999999999956e+00
1.199999999999999956e+00
1.204970162273905354e-01
1.204970162273905354e-01
4.779881935231262285e-02
4.779881935231262285e-02
7.121750528691462856e-01
7.121750528691462856e-01
1.262491202993788753e-02
1.262491202993788753e-02
2.264933946630054984e-01
2.264933946630054984e-01
3.674375174088738150e-01
3.674375174088738150e-01
1.199999999999999956e+00
1.199999999999999956e+00
3.996618012228910777e-01
3.996618012228910777e-01
2.461963981515675748e-01
2.461963981515675748e-01
9.735965743263497174e-02
9.735965743263497174e-02
3.070281894143036053e-02
3.070281894143036053e-02
1.199999999999999956e+00
1.199999999999999956e+00
7.841144101242559783e-01
7.841144101242559783e-01
4.237919386720419290e-02
4.237919386720419290e-02
2.450321514195214212e-01
2.450321514195214212e-01
5.505196766668388753e-01
5.505196766668388753e-01
2.901207439761585571e-01
2.901207439761585571e-01
1.380968382322118604e-01
1.380968382322118604e-01
2.414446236010290847e-01
2.414446236010290847e-01
4.675240013768737213e-01
4.675240013768737213e-01
1.201345373343015582e-01
1.201345373343015582e-01
1.233381379070039308e-01
1.233381379070039308e-01
2.763704144480366720e-01
2.763704144480366720e-01
1.199999999999999956e+00
1.199999999999999956e+00
4.372535158965051294e-01
4.372535158965051294e-01
3.922500101616609447e-01
3.922500101616609447e-01
6.744399019847081567e-01
6.744399019847081567e-01
1.199999999999999956e+00
1.199999999999999956e+00
1.199999999999999956e+00
1.199999999999999956e+00
3.340983071594451070e-01
3.340983071594451070e-01
6.744758693568588814e-01
6.744758693568588814e-01
3.113125916813296867e-01
3.113125916813296867e-01
1.199999999999999956e+00
1.199999999999999956e+00
3.103345887534901260e-01
3.103345887534901260e-01
4.186236630050421681e-01
4.186236630050421681e-01
6.319780207217234880e-01
6.319780207217234880e-01
4.474801775544876570e-01
4.474801775544876570e-01
1.199999999999999956e+00
1.199999999999999956e+00
2.165759512722552627e-01
2.165759512722552627e-01
4.344389951107870407e-01
4.344389951107870407e-01
8.718447030048595559e-02
8.718447030048595559e-02
1.501798170359106357e-02
1.501798170359106357e-02
1.826013898389515777e-01
1.826013898389515777e-01
1.318116761543254578e-01
1.318116761543254578e-01
1.199999999999999956e+00
1.199999999999999956e+00
1.417242212493751430e-01
1.417242212493751430e-01
6.639310337585553334e-01
6.639310337585553334e-01
1.388566230858649664e-01
1.388566230858649664e-01
5.627583084500494826e-01
5.627583084500494826e-01
8.034364621320044808e-02
8.034364621320044808e-02
9.581017178690298675e-02
9.581017178690298675e-02
3.910071393061336220e-01
3.910071393061336220e-01
2.732079330325624666e-01
2.732079330325624666e-01
1.199999999999999956e+00
1.199999999999999956e+00
1.199999999999999956e+00
1.199999999999999956e+00
4.037014561955106773e-01
4.037014561955106773e-01
1.199999999999999956e+00
1.199999999999999956e+00
9.844284365641125037e-03
9.844284365641125037e-03
1.199999999999999956e+00
1.199999999999999956e+00
2.070869053916741809e-01
2.070869053916741809e-01
5.075069054096411625e-01
5.075069054096411625e-01
3.079041772292283596e-01
3.079041772292283596e-01
3.971280334617180441e-01
3.971280334617180441e-01
5.254324274768770175e-01
5.254324274768770175e-01
8.321587434904750280e-01
8.321587434904750280e-01
1.199999999999999956e+00
1.199999999999999956e+00
1.033764149314119196e-01
1.033764149314119196e-01
2.179989248487492759e-01
2.179989248487492759e-01
7.036746962239164016e-02
7.036746962239164016e-02
3.483673528275592624e-01
3.483673528275592624e-01
1.199999999999999956e+00
1.199999999999999956e+00
2.406886826782374256e-01
2.406886826782374256e-01
4.032371375177126183e-01
4.032371375177126183e-01
3.606336198638071533e-01
3.606336198638071533e-01
1.040070726399039691e-01
1.040070726399039691e-01
6.566695041708228153e-01
6.566695041708228153e-01
1.199999999999999956e+00
1.199999999999999956e+00
1.121114946831117121e-01
1.121114946831117121e-01
4.490583198084245331e-01
4.490583198084245331e-01
1.779024870388737911e-01
1.779024870388737911e-01
7.992217857932447378e-02
7.992217857932447378e-02
1.199999999999999956e+00
1.199999999999999956e+00
1.455236068686316664e-01
1.455236068686316664e-01
1.199999999999999956e+00
1.199999999999999956e+00
5.342072735395684280e-01
5.342072735395684280e-01
3.715799440542206789e-01
3.715799440542206789e-01
1.199999999999999956e+00
1.199999999999999956e+00
1.199999999999999956e+00
1.199999999999999956e+00
1.199999999999999956e+00
1.199999999999999956e+00
4.873793835074886616e-01
4.873793835074886616e-01
8.417384790426253593e-02
8.417384790426253593e-02
4.675380355184358128e-01
4.675380355184358128e-01
1.450216671812775970e-01
1.450216671812775970e-01
5.053114561375607883e-01
5.053114561375607883e-01
1.990295627337319850e-01
1.990295627337319850e-01
3.610631755622938366e-01
3.610631755622938366e-01
1.199999999999999956e+00
1.199999999999999956e+00
1.964956648705183939e-01
1.964956648705183939e-01
1.182896285690932248e-01
1.182896285690932248e-01
7.946290511944606449e-02
7.946290511944606449e-02
1.199999999999999956e+00
1.199999999999999956e+00
5.568897289386102317e-02
5.568897289386102317e-02
6.183955353466383809e-01
6.183955353466383809e-01
1.199999999999999956e+00
1.199999999999999956e+00
2.448990653915010807e-01
2.448990653915010807e-01
1.199999999999999956e+00
1.199999999999999956e+00
3.846519194258584129e-01
3.846519194258584129e-01
7.114754078136984461e-01
7.114754078136984461e-01
9.268964926876771537e-02
9.268964926876771537e-02
1.951786891368406662e-01
1.951786891368406662e-01
1.522712560673228355e-01
1.522712560673228355e-01
2.996481936154542502e-01
2.996481936154542502e-01
4.360792497026300812e-02
4.360792497026300812e-02
4.464455033486553481e-01
4.464455033486553481e-01
5.986723295401628064e-01
5.986723295401628064e-01
1.140661750255636653e+00
1.140661750255636653e+00
2.793177492402995066e-01
2.793177492402995066e-01
1.024062514710081287e-04
1.024062514710081287e-04
4.376732644643513415e-01
4.376732644643513415e-01
3.488792856493668632e-02
3.488792856493668632e-02
1.404398969879088188e-01
1.404398969879088188e-01
5.015478999915186364e-02
5.015478999915186364e-02
3.678742252290622683e-01
3.678742252290622683e-01
1.199999999999999956e+00
1.199999999999999956e+00
7.078006114324488784e-01
7.078006114324488784e-01
6.226277395082653598e-02
6.226277395082653598e-02
5.138525110829442744e-01
5.138525110829442744e-01
5.125733827017197042e-01
5.125733827017197042e-01
7.924217095151286916e-02
7.924217095151286916e-02
2.490129925800202426e-01
2.490129925800202426e-01
4.638514287298622918e-02
4.638514287298622918e-02
7.461980614525579592e-01
7.461980614525579592e-01
8.522549903305876029e-02
8.522549903305876029e-02
1.199999999999999956e+00
1.199999999999999956e+00
2.844696224349658187e-01
2.844696224349658187e-01
3.711560026563829884e-01
3.711560026563829884e-01
1.199999999999999956e+00
1.199999999999999956e+00
1.199999999999999956e+00
1.199999999999999956e+00
1.199999999999999956e+00
1.199999999999999956e+00
1.199999999999999956e+00
1.199999999999999956e+00
1.260202684344142454e-01
1.260202684344142454e-01
8.353054652107387568e-02
8.353054652107387568e-02
7.508984354002626316e-02
7.508984354002626316e-02
1.690898228699364569e-01
1.690898228699364569e-01
3.774656347848587279e-02
3.774656347848587279e-02
1.250796088514639082e-01
1.250796088514639082e-01
1.199999999999999956e+00
1.199999999999999956e+00
3.171413082818186346e-01
3.171413082818186346e-01
4.916176653499105820e-01
4.916176653499105820e-01
1.636386121885451406e-01
1.636386121885451406e-01
2.411694911778552441e-01
2.411694911778552441e-01
4.226730078627297105e-02
4.226730078627297105e-02
5.287454823097168521e-01
5.287454823097168521e-01
1.199999999999999956e+00
1.199999999999999956e+00
1.996489881862196780e-01
1.996489881862196780e-01
5.864604167860072437e-01
5.864604167860072437e-01
1.148815327736766312e-01
1.148815327736766312e-01
6.464793360983354942e-02
6.464793360983354942e-02
1.199999999999999956e+00
1.199999999999999956e+00
1.199999999999999956e+00
1.199999999999999956e+00
2.854746369756154256e-01
2.854746369756154256e-01
2.448890630955819214e-01
2.448890630955819214e-01
1.199999999999999956e+00
1.199999999999999956e+00
4.994355968814972319e-02
4.994355968814972319e-02
1.876826419883076691e-01
1.876826419883076691e-01
5.315304892485892552e-01
5.315304892485892552e-01
1.199999999999999956e+00
1.199999999999999956e+00
4.528789135861975845e-01
4.528789135861975845e-01
7.054534335082951468e-02
7.054534335082951468e-02
2.393439036990433755e-01
2.393439036990433755e-01
1.199999999999999956e+00
1.199999999999999956e+00
2.045240684909852558e-01
2.045240684909852558e-01
7.792585413416095452e-01
7.792585413416095452e-01
2.062366812853873022e-01
2.062366812853873022e-01
1.199999999999999956e+00
1.199999999999999956e+00
3.453927927822076360e-01
3.453927927822076360e-01
1.199999999999999956e+00
1.199999999999999956e+00
1.515360122624419548e-01
1.515360122624419548e-01
1.199999999999999956e+00
1.199999999999999956e+00
3.412520126698213030e-01
3.412520126698213030e-01
9.044041510346996493e-03
9.044041510346996493e-03
8.509730032420059764e-01
8.509730032420059764e-01
1.199999999999999956e+00
1.199999999999999956e+00
4.831059888226629795e-01
4.831059888226629795e-01
2.443775558502935541e-01
2.443775558502935541e-01
4.720720791447980402e-01
4.720720791447980402e-01
1.199999999999999956e+00
1.199999999999999956e+00
1.103474531319975083e-01
1.103474531319975083e-01
2.077825292219269149e-01
2.077825292219269149e-01
5.332583589466765028e-01
5.332583589466765028e-01
2.728273666080094362e-01
2.728273666080094362e-01
1.863104099077627085e-01
1.863104099077627085e-01
6.281249361232404960e-01
6.281249361232404960e-01
1.048789241876161571e-01
1.048789241876161571e-01
1.199999999999999956e+00
1.199999999999999956e+00
7.885717353106358463e-02
7.885717353106358463e-02
4.544263409197565884e-01
4.544263409197565884e-01
4.664005389563932735e-01
4.664005389563932735e-01
1.650365827774285254e-01
1.650365827774285254e-01
2.278063931405117648e-01
2.278063931405117648e-01
1.217735114863985335e-01
1.217735114863985335e-01
2.052067238190797768e-02
2.052067238190797768e-02
3.199936429201915011e-01
3.199936429201915011e-01
6.628146195356215270e-03
6.628146195356215270e-03
1.479598832974952927e-01
1.479598832974952927e-01
1.890180062109971804e-01
1.890180062109971804e-01
7.615239446413826774e-02
7.615239446413826774e-02
1.199999999999999956e+00
1.199999999999999956e+00
4.903547457499101703e-01
4.903547457499101703e-01
2.275631499097845456e-01
2.275631499097845456e-01
1.933882828150412514e-01
1.933882828150412514e-01
2.450407004202465738e-02
2.450407004202465738e-02
1.771626062232443122e-01
1.771626062232443122e-01
7.039418952762416248e-02
7.039418952762416248e-02
7.373297621904906229e-02
7.373297621904906229e-02
4.501735878408340275e-02
4.501735878408340275e-02
3.476121036356628058e-01
3.476121036356628058e-01
1.637375132775678033e-01
1.637375132775678033e-01
4.630152234827433211e-01
4.630152234827433211e-01
4.384847786384656922e-03
4.384847786384656922e-03
1.199999999999999956e+00
1.199999999999999956e+00
1.199999999999999956e+00
1.199999999999999956e+00
1.988145582484498464e-01
1.988145582484498464e-01
2.879633136975683905e-01
2.879633136975683905e-01
2.285424987519661666e-01
2.285424987519661666e-01
3.854514458511333896e-01
3.854514458511333896e-01
6.206486023981162559e-01
6.206486023981162559e-01
5.619690035867681566e-01
5.619690035867681566e-01
4.856404759073811306e-01
4.856404759073811306e-01
1.628221068166733898e-01
1.628221068166733898e-01
1.167948019913346985e-01
1.167948019913346985e-01
1.199999999999999956e+00
1.199999999999999956e+00
3.461541906923780165e-01
3.461541906923780165e-01
2.056441010926014501e-01
2.056441010926014501e-01
2.390226232826195840e-01
2.390226232826195840e-01
6.461706328376387587e-01
6.461706328376387587e-01
2.070905221269792040e-01
2.070905221269792040e-01
2.766745048664995266e-01
2.766745048664995266e-01
7.409010553458499071e-02
7.409010553458499071e-02
3.479430043345589363e-01
3.479430043345589363e-01
2.963039559342208196e-01
2.963039559342208196e-01
5.060219651855843992e-01
5.060219651855843992e-01
1.199999999999999956e+00
1.199999999999999956e+00
3.343539431807696083e-01
3.343539431807696083e-01
4.463248509487444116e-02
4.463248509487444116e-02
6.747115191966663872e-01
6.747115191966663872e-01
1.198203643295104315e-01
1.198203643295104315e-01
7.855770070692404961e-01
7.855770070692404961e-01
8.729389845801895087e-02
8.729389845801895087e-02
1.793894416445221060e-02
1.793894416445221060e-02
4.236015662120527492e-01
4.236015662120527492e-01
5.634320985609148069e-01
5.634320985609148069e-01
2.932377028887190318e-01
2.932377028887190318e-01
1.199999999999999956e+00
1.199999999999999956e+00
2.079900446904232592e-01
2.079900446904232592e-01
4.982610810576943994e-01
4.982610810576943994e-01
5.259169349900141843e-02
5.259169349900141843e-02
4.180885549227448816e-01
4.180885549227448816e-01
1.199999999999999956e+00
1.199999999999999956e+00
1.199999999999999956e+00
1.199999999999999956e+00
7.715268755739322637e-02
7.715268755739322637e-02
3.297400812287136773e-01
3.297400812287136773e-01
5.022824077243882579e-01
5.022824077243882579e-01
1.199999999999999956e+00
1.199999999999999956e+00
5.688398672844597881e-01
5.688398672844597881e-01
7.897403256745187949e-01
7.897403256745187949e-01
8.621321667133702293e-02
8.621321667133702293e-02
3.078681574754309480e-01
3.078681574754309480e-01
5.784869731840583951e-01
5.784869731840583951e-01
7.038305301352765220e-01
7.038305301352765220e-01
1.698444587364268121e-01
1.698444587364268121e-01
3.097403718347056800e-02
3.097403718347056800e-02
1.823187357079969206e-01
1.823187357079969206e-01
7.397348696396394141e-02
7.397348696396394141e-02
3.723029660329410170e-03
3.723029660329410170e-03
2.933849103513209156e-01
2.933849103513209156e-01
2.722864821280037151e-01
2.722864821280037151e-01
1.199999999999999956e+00
1.199999999999999956e+00
1.698268012293077112e-01
1.698268012293077112e-01
1.199999999999999956e+00
1.199999999999999956e+00
9.166937970900956856e-02
9.166937970900956856e-02
1.199999999999999956e+00
1.199999999999999956e+00
2.844247047232531522e-02
2.844247047232531522e-02
3.279524675303426839e-01
3.279524675303426839e-01
9.251337844774464025e-02
9.251337844774464025e-02
1.199999999999999956e+00
1.199999999999999956e+00
1.199999999999999956e+00
1.199999999999999956e+00
1.199999999999999956e+00
1.199999999999999956e+00
2.061412339003594607e-03
2.061412339003594607e-03
1.822078613819809734e-01
1.822078613819809734e-01
1.835719871015022986e-01
1.835719871015022986e-01
3.210225768918736899e-01
3.210225768918736899e-01
4.339854901471778929e-03
4.339854901471778929e-03
5.042653507457627721e-02
5.042653507457627721e-02
1.199999999999999956e+00
1.199999999999999956e+00
2.801446405446042509e-01
2.801446405446042509e-01
3.641345551541703279e-02
3.641345551541703279e-02
1.824903020537321785e-01
1.824903020537321785e-01
1.199999999999999956e+00
1.199999999999999956e+00
3.758358346501261549e-02
3.758358346501261549e-02
2.725631821179147485e-01
2.725631821179147485e-01
1.111880090319808528e-01
1.111880090319808528e-01
2.791809848853371578e-01
2.791809848853371578e-01
1.199999999999999956e+00
1.199999999999999956e+00
2.842016504039937552e-01
2.842016504039937552e-01
2.827989037299797892e-01
2.827989037299797892e-01
3.687298393739198848e-02
3.687298393739198848e-02
1.199999999999999956e+00
1.199999999999999956e+00
8.407050551587519349e-02
8.407050551587519349e-02
2.314798649025687771e-01
2.314798649025687771e-01
3.991589402065673364e-02
3.991589402065673364e-02
1.042117449622568248e-01
1.042117449622568248e-01
2.328269158624751423e-01
2.328269158624751423e-01
1.199999999999999956e+00
1.199999999999999956e+00
1.199999999999999956e+00
1.199999999999999956e+00
2.166032330900560243e-01
2.166032330900560243e-01
2.361438348286339639e-01
2.361438348286339639e-01
1.049201461974065136e-01
1.049201461974065136e-01
1.199999999999999956e+00
1.199999999999999956e+00
1.745161896439550164e-01
1.745161896439550164e-01
1.199999999999999956e+00
1.199999999999999956e+00
2.531031989221569911e-01
2.531031989221569911e-01
2.866649944710215059e-01
2.866649944710215059e-01
2.078526506193546439e-02
2.078526506193546439e-02
1.199999999999999956e+00
1.199999999999999956e+00
2.951120800203050898e-01
2.951120800203050898e-01
8.294359135273635109e-02
8.294359135273635109e-02
7.359519810601030665e-01
7.359519810601030665e-01
6.076580212410959136e-01
6.076580212410959136e-01
6.092224169863822425e-01
6.092224169863822425e-01
3.406425152813200574e-01
3.406425152813200574e-01
1.402704674855093092e-03
1.402704674855093092e-03
1.966820922331943000e-01
1.966820922331943000e-01
1.199999999999999956e+00
1.199999999999999956e+00
9.146608195158338617e-02
9.146608195158338617e-02
1.199999999999999956e+00
1.199999999999999956e+00
7.133242280879925623e-02
7.133242280879925623e-02
4.324912158171829724e-01
4.324912158171829724e-01
2.848331570324719730e-01
2.848331570324719730e-01
1.377076580836933128e-01
1.377076580836933128e-01
8.260899821926136477e-01
8.260899821926136477e-01
9.313738502373748729e-02
9.313738502373748729e-02
5.775255194102438816e-01
5.775255194102438816e-01
8.743594961047304603e-02
8.743594961047304603e-02
1.199999999999999956e+00
1.199999999999999956e+00
1.199999999999999956e+00
1.199999999999999956e+00
1.199999999999999956e+00
1.199999999999999956e+00
1.014818260905851893e-01
1.014818260905851893e-01
5.431921759671628491e-01
5.431921759671628491e-01
1.199999999999999956e+00
1.199999999999999956e+00
1.199999999999999956e+00
1.199999999999999956e+00
1.199999999999999956e+00
1.199999999999999956e+00
9.293159706992049074e-02
9.293159706992049074e-02
2.555771484795787418e-01
2.555771484795787418e-01
5.787023269510488399e-01
5.787023269510488399e-01
1.199999999999999956e+00
1.199999999999999956e+00
1.362838652948165918e-01
1.362838652948165918e-01
7.700253594618869553e-03
7.700253594618869553e-03
1.823766041839557529e-03
1.823766041839557529e-03
1.246182914383626994e-01
1.246182914383626994e-01
1.199999999999999956e+00
1.199999999999999956e+00
7.002456642061591907e-01
7.002456642061591907e-01
5.231817144123400709e-01
5.231817144123400709e-01
1.697827897779088380e-01
1.697827897779088380e-01
4.851913715862744003e-01
4.851913715862744003e-01
1.199999999999999956e+00
1.199999999999999956e+00
1.199999999999999956e+00
1.199999999999999956e+00
1.199999999999999956e+00
1.199999999999999956e+00
2.531821697805584637e-01
2.531821697805584637e-01
2.228207678405617898e-02
2.228207678405617898e-02
4.722763695694466302e-01
4.722763695694466302e-01
1.199999999999999956e+00
1.199999999999999956e+00
5.719547516523608710e-01
5.719547516523608710e-01
9.872854647079121193e-02
9.872854647079121193e-02
2.407565090852404333e-01
2.407565090852404333e-01
1.012866268265215919e-01
1.012866268265215919e-01
5.732544225995398618e-02
5.732544225995398618e-02
2.714580829885879787e-01
2.714580829885879787e-01
1.415617269345834928e-01
1.415617269345834928e-01
1.199999999999999956e+00
1.199999999999999956e+00
1.489975824757850120e-01
1.489975824757850120e-01
2.155107670924169549e-02
2.155107670924169549e-02
5.260303858853416781e-01
5.260303858853416781e-01
1.073433473558917106e-01
1.073433473558917106e-01
1.199999999999999956e+00
1.199999999999999956e+00
7.356686224476079172e-02
7.356686224476079172e-02
2.606216306709631669e-01
2.606216306709631669e-01
1.199999999999999956e+00
1.199999999999999956e+00
5.920587145381382005e-03
5.920587145381382005e-03
4.241015125579922773e-01
4.241015125579922773e-01
3.143731213740708769e-02
3.143731213740708769e-02
8.409320128018574758e-01
8.409320128018574758e-01
1.247881506622315478e-01
1.247881506622315478e-01
4.152094296063043588e-01
4.152094296063043588e-01
7.928899117075538516e-02
7.928899117075538516e-02
8.605117050393325598e-03
8.605117050393325598e-03
1.778188704147234955e-01
1.778188704147234955e-01
1.199999999999999956e+00
1.199999999999999956e+00
2.264983000899623011e-01
2.264983000899623011e-01
5.460196665515147929e-01
5.460196665515147929e-01
2.872641780346682494e-01
2.872641780346682494e-01
5.734300020503053652e-01
5.734300020503053652e-01
3.692813951197955191e-01
3.692813951197955191e-01
3.706707824510602906e-02
3.706707824510602906e-02
2.763654925093035897e-01
2.763654925093035897e-01
4.143061162291861166e-01
4.143061162291861166e-01
1.868990694047961421e-01
1.868990694047961421e-01
4.413981385206687813e-01
4.413981385206687813e-01
3.997254723324888265e-02
3.997254723324888265e-02
1.199999999999999956e+00
1.199999999999999956e+00
1.267540498044116004e-01
1.267540498044116004e-01
1.199999999999999956e+00
1.199999999999999956e+00
1.436981543871299616e-01
1.436981543871299616e-01
1.199999999999999956e+00
1.199999999999999956e+00
2.882210283458928046e-01
2.882210283458928046e-01
1.199999999999999956e+00
1.199999999999999956e+00
2.438206392080924934e-01
2.438206392080924934e-01
4.742995123427614645e-01
4.742995123427614645e-01
7.395596222065470293e-02
7.395596222065470293e-02
1.097832327880444159e-01
1.097832327880444159e-01
6.204979180443305209e-01
6.204979180443305209e-01
1.199999999999999956e+00
1.199999999999999956e+00
1.305568245210842471e-01
1.305568245210842471e-01
2.485172407578087883e-01
2.485172407578087883e-01
3.737890458101318369e-01
3.737890458101318369e-01
8.057486903709549786e-01
8.057486903709549786e-01
2.936974991956145531e-01
2.936974991956145531e-01
2.161078139797390635e-02
2.161078139797390635e-02
2.177767432754255106e-01
2.177767432754255106e-01
5.282155561756115558e-01
5.282155561756115558e-01
4.357604517404039916e-03
4.357604517404039916e-03
1.199999999999999956e+00
1.199999999999999956e+00
6.980802810431016026e-01
6.980802810431016026e-01
2.612490974452183479e-01
2.612490974452183479e-01
3.370997179764668172e-01
3.370997179764668172e-01
9.063948380550512773e-02
9.063948380550512773e-02
2.394167791090626440e-01
2.394167791090626440e-01
1.199999999999999956e+00
1.199999999999999956e+00
1.308925859516514856e-01
1.308925859516514856e-01
1.471765579053686268e-01
1.471765579053686268e-01
2.937632018639460552e-01
2.937632018639460552e-01
1.199999999999999956e+00
1.199999999999999956e+00
3.167502405192856862e-01
3.167502405192856862e-01
1.054972423605721049e-01
1.054972423605721049e-01
1.199999999999999956e+00
1.199999999999999956e+00
1.199999999999999956e+00
1.199999999999999956e+00
1.105259321343354140e+00
1.105259321343354140e+00
1.140118347238899266e-01
1.140118347238899266e-01
1.522771668365181276e-02
1.522771668365181276e-02
4.604452206476530168e-02
4.604452206476530168e-02
1.199999999999999956e+00
1.199999999999999956e+00
1.874500241959195512e-01
1.874500241959195512e-01
1.669220041834198476e-01
1.669220041834198476e-01
2.088594593843837721e-01
2.088594593843837721e-01
1.695277166357894716e-01
1.695277166357894716e-01
1.887770291749860108e-02
1.887770291749860108e-02
2.024347595945156231e-01
2.024347595945156231e-01
6.586892848982274506e-02
6.586892848982274506e-02
1.258640571390400378e-02
1.258640571390400378e-02
7.041466353941142065e-02
7.041466353941142065e-02
1.018566156877560441e-01
1.018566156877560441e-01
2.604685020664445072e-01
2.604685020664445072e-01
2.755498793282903369e-01
2.755498793282903369e-01
9.372634280575110888e-02
9.372634280575110888e-02
1.199999999999999956e+00
1.199999999999999956e+00
1.015338297233910336e-01
1.015338297233910336e-01
2.584773605215924808e-01
2.584773605215924808e-01
3.542100844758386824e-01
3.542100844758386824e-01
4.679945185231986216e-01
4.679945185231986216e-01
1.199999999999999956e+00
1.199999999999999956e+00
4.134047807753477577e-01
4.134047807753477577e-01
1.199999999999999956e+00
1.199999999999999956e+00
1.631827142145589882e-01
1.631827142145589882e-01
9.950494916404143408e-01
9.950494916404143408e-01
1.236944168728174587e-01
1.236944168728174587e-01
1.005918075774922205e+00
1.005918075774922205e+00
8.670561337956804449e-02
8.670561337956804449e-02
1.199999999999999956e+00
1.199999999999999956e+00
1.199999999999999956e+00
1.199999999999999956e+00
1.199999999999999956e+00
1.199999999999999956e+00
1.199999999999999956e+00
1.199999999999999956e+00
