4.512117531214374089e-01
4.512117531214374089e-01
1.199999999999999956e+00
1.199999999999999956e+00
6.398789322812716840e-01
6.398789322812716840e-01
1.199999999999999956e+00
1.199999999999999956e+00
3.127887816288722478e-01
3.127887816288722478e-01
8.496402183557899557e-02
8.496402183557899557e-02
4.153955192260334189e-02
4.153955192260334189e-02
2.218771122953709929e-01
2.218771122953709929e-01
3.618744221105192893e-01
3.618744221105192893e-01
1.005679489271764648e-01
1.005679489271764648e-01
5.984489975126114913e-01
5.984489975126114913e-01
1.199999999999999956e+00
1.199999999999999956e+00
1.199999999999999956e+00
1.199999999999999956e+00
7.841449060358777201e-01
7.841449060358777201e-01
1.199999999999999956e+00
1.199999999999999956e+00
3.523186730884908524e-01
3.523186730884908524e-01
3.632999148648778931e-01
3.632999148648778931e-01
6.608386935218574232e-01
6.608386935218574232e-01
2.482349446107386948e-01
2.482349446107386948e-01
3.841946814057417559e-01
3.841946814057417559e-01
1.546209482971792615e-01
1.546209482971792615e-01
9.177602762047056828e-01
9.177602762047056828e-01
1.560584018403609607e-01
1.560584018403609607e-01
1.157076828048811401e-01
1.157076828048811401e-01
1.199999999999999956e+00
1.199999999999999956e+00
1.199999999999999956e+00
1.199999999999999956e+00
8.529158006776029755e-01
8.529158006776029755e-01
2.204716619954074641e-01
2.204716619954074641e-01
7.032756381119497080e-01
7.032756381119497080e-01
1.199999999999999956e+00
1.199999999999999956e+00
1.199999999999999956e+00
1.199999999999999956e+00
2.720238796968800776e-01
2.720238796968800776e-01
7.816883424854687012e-01
7.816883424854687012e-01
2.930827923749279584e-01
2.930827923749279584e-01
1.199999999999999956e+00
1.199999999999999956e+00
2.024724981802868973e-01
2.024724981802868973e-01
1.199999999999999956e+00
1.199999999999999956e+00
4.666704865625188603e-01
4.666704865625188603e-01
1.199999999999999956e+00
1.199999999999999956e+00
1.199999999999999956e+00
1.199999999999999956e+00
1.199999999999999956e+00
1.199999999999999956e+00
1.930018356621222278e-03
1.930018356621222278e-03
2.422878765350847674e-01
2.422878765350847674e-01
6.415465135685891607e-01
6.415465135685891607e-01
1.199999999999999956e+00
1.199999999999999956e+00
2.019987034804197196e-02
2.019987034804197196e-02
3.260062740227944733e-01
3.260062740227944733e-01
4.805271568362847190e-01
4.805271568362847190e-01
4.660764453682120778e-01
4.660764453682120778e-01
1.189497995640274586e-01
1.189497995640274586e-01
3.538866001899678704e-01
3.538866001899678704e-01
1.502220458489916810e-01
1.502220458489916810e-01
4.116119793159297297e-02
4.116119793159297297e-02
5.371265233636510761e-01
5.371265233636510761e-01
6.190802763046016066e-01
6.190802763046016066e-01
6.452091164614845997e-01
6.452091164614845997e-01
3.459212033555449928e-01
3.459212033555449928e-01
1.199999999999999956e+00
1.199999999999999956e+00
1.199999999999999956e+00
1.199999999999999956e+00
4.429351458764118482e-02
4.429351458764118482e-02
6.055684958738283274e-01
6.055684958738283274e-01
4.990007267458169277e-02
4.990007267458169277e-02
3.026856637892915911e-02
3.026856637892915911e-02
1.507618733512241516e-01
1.507618733512241516e-01
4.927287635145389394e-02
4.927287635145389394e-02
3.484324713626549275e-01
3.484324713626549275e-01
4.100469822962480304e-01
4.100469822962480304e-01
3.265869888848076386e-01
3.265869888848076386e-01
8.156303496700557654e-01
8.156303496700557654e-01
1.028164523113743067e+00
1.028164523113743067e+00
2.946066641063703195e-01
2.946066641063703195e-01
1.199999999999999956e+00
1.199999999999999956e+00
5.273316433155418315e-01
5.273316433155418315e-01
2.110018732148216947e-01
2.110018732148216947e-01
1.199999999999999956e+00
1.199999999999999956e+00
5.301920763895635880e-02
5.301920763895635880e-02
2.050959698240556114e-02
2.050959698240556114e-02
1.199999999999999956e+00
1.199999999999999956e+00
1.977434255210431535e-01
1.977434255210431535e-01
1.199999999999999956e+00
1.199999999999999956e+00
3.111845726092148101e-02
3.111845726092148101e-02
3.947513343028344890e-01
3.947513343028344890e-01
1.199999999999999956e+00
1.199999999999999956e+00
1.208499731242004133e-01
1.208499731242004133e-01
3.042255018403043909e-01
3.042255018403043909e-01
2.889510882450664342e-01
2.889510882450664342e-01
3.094564919331209696e-01
3.094564919331209696e-01
1.199999999999999956e+00
1.199999999999999956e+00
7.973756271189315348e-02
7.973756271189315348e-02
1.199999999999999956e+00
1.199999999999999956e+00
5.034459983514216752e-02
5.034459983514216752e-02
2.475479787468979342e-01
2.475479787468979342e-01
1.012877473666816269e-01
1.012877473666816269e-01
2.350298499165532073e-01
2.350298499165532073e-01
1.199999999999999956e+00
1.199999999999999956e+00
5.847976825027917033e-03
5.847976825027917033e-03
2.495549557931479867e-01
2.495549557931479867e-01
5.923590073731377359e-02
5.923590073731377359e-02
9.382315039422882419e-02
9.382315039422882419e-02
4.961195785866807650e-01
4.961195785866807650e-01
8.108616526217661269e-01
8.108616526217661269e-01
5.757051315394886570e-01
5.757051315394886570e-01
1.199999999999999956e+00
1.199999999999999956e+00
1.199999999999999956e+00
1.199999999999999956e+00
2.451723300857591020e-02
2.451723300857591020e-02
4.270206284251062967e-01
4.270206284251062967e-01
4.148817885361721913e-01
4.148817885361721913e-01
6.834005497252857442e-01
6.834005497252857442e-01
1.199999999999999956e+00
1.199999999999999956e+00
6.400545298580422315e-01
6.400545298580422315e-01
5.127977347875535274e-01
5.127977347875535274e-01
1.895250948395517943e-01
1.895250948395517943e-01
1.199999999999999956e+00
1.199999999999999956e+00
1.439908591097284196e+00
1.439908591097284196e+00
3.532160372769654888e-01
3.532160372769654888e-01
2.951314417892173525e-01
2.951314417892173525e-01
2.438998626436412465e-01
2.438998626436412465e-01
2.911838600551250322e-02
2.911838600551250322e-02
2.347129905948638906e-02
2.347129905948638906e-02
3.030979218307864320e-01
3.030979218307864320e-01
3.387378173210880278e-02
3.387378173210880278e-02
1.183260918987435462e-01
1.183260918987435462e-01
6.575449932998334024e-01
6.575449932998334024e-01
3.682450833450843231e-01
3.682450833450843231e-01
1.199999999999999956e+00
1.199999999999999956e+00
1.199999999999999956e+00
1.199999999999999956e+00
3.287622553026022798e-01
3.287622553026022798e-01
1.199999999999999956e+00
1.199999999999999956e+00
4.585310617830865888e-03
4.585310617830865888e-03
2.413241063446761869e-01
2.413241063446761869e-01
2.748259713485048938e-01
2.748259713485048938e-01
7.413770593448694157e-01
7.413770593448694157e-01
6.532389460459880892e-01
6.532389460459880892e-01
1.037786499744912522e-01
1.037786499744912522e-01
1.199999999999999956e+00
1.199999999999999956e+00
6.502636455033923568e-02
6.502636455033923568e-02
5.117347787758405771e-03
5.117347787758405771e-03
1.567210730671972363e-01
1.567210730671972363e-01
7.585163664005168949e-01
7.585163664005168949e-01
4.388008601244168805e-01
4.388008601244168805e-01
3.376411769588032463e-01
3.376411769588032463e-01
7.039566740984436188e-02
7.039566740984436188e-02
3.021285790091950418e-01
3.021285790091950418e-01
1.003302762352932809e-01
1.003302762352932809e-01
1.199999999999999956e+00
1.199999999999999956e+00
2.237419833648503220e-01
2.237419833648503220e-01
1.199999999999999956e+00
1.199999999999999956e+00
1.276663489391252349e-01
1.276663489391252349e-01
3.434006106965046823e-01
3.434006106965046823e-01
1.199999999999999956e+00
1.199999999999999956e+00
1.199999999999999956e+00
1.199999999999999956e+00
4.591998205865396310e-01
4.591998205865396310e-01
8.639042587997609601e-01
8.639042587997609601e-01
1.620997256515565588e-01
1.620997256515565588e-01
1.363298326307182951e-01
1.363298326307182951e-01
1.180556010999618960e-01
1.180556010999618960e-01
2.294165000803475296e-01
2.294165000803475296e-01
1.110275987743519210e-01
1.110275987743519210e-01
2.133869190863931786e-01
2.133869190863931786e-01
1.199999999999999956e+00
1.199999999999999956e+00
6.444955805547517569e-01
6.444955805547517569e-01
4.903598200427350395e-01
4.903598200427350395e-01
1.308147085128288922e-01
1.308147085128288922e-01
5.951795666530115270e-01
5.951795666530115270e-01
4.237776215697041104e-01
4.237776215697041104e-01
6.855250183587581203e-01
6.855250183587581203e-01
6.348585689073353855e-01
6.348585689073353855e-01
1.199999999999999956e+00
1.199999999999999956e+00
8.000041427570195873e-01
8.000041427570195873e-01
8.106536097286962672e-01
8.106536097286962672e-01
6.063769024483568748e-02
6.063769024483568748e-02
1.499973134366728578e-01
1.499973134366728578e-01
2.005748482010243361e-01
2.005748482010243361e-01
4.273994103328750405e-01
4.273994103328750405e-01
5.662375184459534916e-01
5.662375184459534916e-01
1.199999999999999956e+00
1.199999999999999956e+00
1.721928133820191430e-03
1.721928133820191430e-03
1.199999999999999956e+00
1.199999999999999956e+00
4.997321609896196448e-02
4.997321609896196448e-02
5.260346358059585919e-02
5.260346358059585919e-02
1.596608807329644719e-01
1.596608807329644719e-01
2.007197411635552597e-01
2.007197411635552597e-01
2.875734206529185211e-01
2.875734206529185211e-01
3.268890282376735734e-01
3.268890282376735734e-01
5.163175040262503179e-01
5.163175040262503179e-01
1.199999999999999956e+00
1.199999999999999956e+00
3.976905339928104022e-01
3.976905339928104022e-01
1.199999999999999956e+00
1.199999999999999956e+00
1.624782293994145865e-01
1.624782293994145865e-01
3.753544499191658335e-01
3.753544499191658335e-01
2.689459975301300432e-01
2.689459975301300432e-01
1.199999999999999956e+00
1.199999999999999956e+00
1.199999999999999956e+00
1.199999999999999956e+00
4.270417196645555080e-01
4.270417196645555080e-01
1.199999999999999956e+00
1.199999999999999956e+00
1.199999999999999956e+00
1.199999999999999956e+00
1.507151645226820491e-01
1.507151645226820491e-01
3.331483949755795204e-01
3.331483949755795204e-01
3.977365580129103573e-01
3.977365580129103573e-01
5.585106644869693993e-01
5.585106644869693993e-01
6.107407289028199404e-01
6.107407289028199404e-01
1.302182718666230199e-01
1.302182718666230199e-01
8.238614449033421216e-02
8.238614449033421216e-02
4.162986983423977438e-01
4.162986983423977438e-01
5.102098175671120339e-01
5.102098175671120339e-01
6.441377565562701746e-02
6.441377565562701746e-02
1.953355241266043762e-01
1.953355241266043762e-01
2.477083102472517617e-01
2.477083102472517617e-01
3.297950365627069225e-01
3.297950365627069225e-01
7.605168319184333302e-03
7.605168319184333302e-03
5.922438070128377419e-01
5.922438070128377419e-01
1.724574410991522866e-01
1.724574410991522866e-01
1.994939881918624813e-01
1.994939881918624813e-01
1.491466038480361023e-01
1.491466038480361023e-01
1.199999999999999956e+00
1.199999999999999956e+00
1.448985474704121146e-01
1.448985474704121146e-01
1.199999999999999956e+00
1.199999999999999956e+00
3.315562761782033796e-01
3.315562761782033796e-01
3.528666760216347398e-01
3.528666760216347398e-01
1.199999999999999956e+00
1.199999999999999956e+00
1.443576745950862772e-01
1.443576745950862772e-01
3.852471961013147900e-02
3.852471961013147900e-02
5.396369301209704705e-01
5.396369301209704705e-01
1.199999999999999956e+00
1.199999999999999956e+00
1.898818395328766284e-01
1.898818395328766284e-01
1.343588085355885975e-01
1.343588085355885975e-01
3.286059140223581698e-01
3.286059140223581698e-01
3.624949185485336067e-01
3.624949185485336067e-01
2.069772142122077163e-01
2.069772142122077163e-01
1.199999999999999956e+00
1.199999999999999956e+00
3.147705487785422140e-01
3.147705487785422140e-01
1.362069481629571976e-01
1.362069481629571976e-01
7.072520533978098045e-02
7.072520533978098045e-02
1.199999999999999956e+00
1.199999999999999956e+00
4.170651946335225957e-01
4.170651946335225957e-01
6.511024814884980305e-01
6.511024814884980305e-01
1.834428633612348036e-01
1.834428633612348036e-01
1.631631336054111259e-01
1.631631336054111259e-01
2.496073598770754409e-01
2.496073598770754409e-01
2.236384821322408567e-01
2.236384821322408567e-01
1.199999999999999956e+00
1.199999999999999956e+00
3.163304253309648928e-01
3.163304253309648928e-01
1.749106573704196643e-01
1.749106573704196643e-01
1.199999999999999956e+00
1.199999999999999956e+00
4.287519289172986858e-01
4.287519289172986858e-01
1.199999999999999956e+00
1.199999999999999956e+00
1.969783813721243115e-01
1.969783813721243115e-01
2.253898527468130020e-01
2.253898527468130020e-01
2.585802694003935254e-01
2.585802694003935254e-01
2.679636070294004746e-01
2.679636070294004746e-01
1.185122415294921350e-01
1.185122415294921350e-01
6.126502850655233395e-02
6.126502850655233395e-02
3.639666922194477183e-01
3.639666922194477183e-01
1.264937972246818476e-01
1.264937972246818476e-01
1.236305706888504718e-01
1.236305706888504718e-01
5.566773961366329182e-01
5.566773961366329182e-01
1.199999999999999956e+00
1.199999999999999956e+00
4.329799089767476516e-01
4.329799089767476516e-01
3.344227763220309832e-03
3.344227763220309832e-03
9.573811466379738427e-03
9.573811466379738427e-03
1.199999999999999956e+00
1.199999999999999956e+00
1.199999999999999956e+00
1.199999999999999956e+00
1.199999999999999956e+00
1.199999999999999956e+00
1.199999999999999956e+00
1.199999999999999956e+00
2.854443918313269157e-01
2.854443918313269157e-01
2.124885234397347888e-01
2.124885234397347888e-01
1.199999999999999956e+00
1.199999999999999956e+00
7.220331914444469978e-01
7.220331914444469978e-01
4.979134875385201053e-01
4.979134875385201053e-01
5.339617123257428544e-01
5.339617123257428544e-01
9.252650677238664911e-02
9.252650677238664911e-02
1.199999999999999956e+00
1.199999999999999956e+00
3.612125567690950279e-01
3.612125567690950279e-01
5.935658840008256609e-01
5.935658840008256609e-01
4.796450373708097681e-01
4.796450373708097681e-01
2.976224173656236149e-01
2.976224173656236149e-01
1.525407170697371528e-01
1.525407170697371528e-01
1.199999999999999956e+00
1.199999999999999956e+00
1.199999999999999956e+00
1.199999999999999956e+00
5.433021802864265171e-01
5.433021802864265171e-01
1.361279078089703276e-01
1.361279078089703276e-01
1.199999999999999956e+00
1.199999999999999956e+00
2.690988859783763343e-01
2.690988859783763343e-01
1.199999999999999956e+00
1.199999999999999956e+00
1.792101912950181397e-01
1.792101912950181397e-01
3.467275204614293505e-01
3.467275204614293505e-01
2.794015850897789699e-01
2.794015850897789699e-01
3.441806768896122914e-01
3.441806768896122914e-01
3.299240311829094718e-01
3.299240311829094718e-01
4.396049336605176716e-01
4.396049336605176716e-01
3.290255085883483366e-01
3.290255085883483366e-01
1.199999999999999956e+00
1.199999999999999956e+00
1.199999999999999956e+00
1.199999999999999956e+00
1.199999999999999956e+00
1.199999999999999956e+00
1.199999999999999956e+00
1.199999999999999956e+00
1.667543336624401351e-01
1.667543336624401351e-01
3.939220216959491427e-01
3.939220216959491427e-01
7.355946680367506652e-01
7.355946680367506652e-01
1.199999999999999956e+00
1.199999999999999956e+00
1.199999999999999956e+00
1.199999999999999956e+00
1.944991414510232053e-01
1.944991414510232053e-01
2.279073684381097142e-01
2.279073684381097142e-01
1.052979514539744144e-01
1.052979514539744144e-01
1.043237979349515565e-01
1.043237979349515565e-01
2.790014200652150556e-01
2.790014200652150556e-01
6.124501494315712780e-01
6.124501494315712780e-01
9.463956393296850400e-02
9.463956393296850400e-02
1.199999999999999956e+00
1.199999999999999956e+00
3.045980180722009378e-01
3.045980180722009378e-01
2.596702989689964047e-01
2.596702989689964047e-01
6.235308236075945976e-01
6.235308236075945976e-01
2.786309619596060716e-01
2.786309619596060716e-01
1.199999999999999956e+00
1.199999999999999956e+00
1.199999999999999956e+00
1.199999999999999956e+00
1.283995449682783230e-01
1.283995449682783230e-01
3.826846570269819559e-01
3.826846570269819559e-01
1.972112261472294403e-01
1.972112261472294403e-01
3.177674979753747908e-01
3.177674979753747908e-01
2.976069194122066830e-01
2.976069194122066830e-01
1.194375299072159002e-01
1.194375299072159002e-01
1.199999999999999956e+00
1.199999999999999956e+00
3.648844975154316161e-01
3.648844975154316161e-01
8.762246646614432755e-02
8.762246646614432755e-02
1.199999999999999956e+00
1.199999999999999956e+00
7.312308011169979527e-02
7.312308011169979527e-02
7.133006962588894773e-03
7.133006962588894773e-03
2.779755188447378678e-01
2.779755188447378678e-01
1.199999999999999956e+00
1.199999999999999956e+00
1.176842540220169459e-01
1.176842540220169459e-01
2.024571919555474483e-02
2.024571919555474483e-02
7.020880604412901849e-02
7.020880604412901849e-02
5.063164855528630159e-01
5.063164855528630159e-01
3.457829056284967284e-01
3.457829056284967284e-01
3.237524828162636203e-01
3.237524828162636203e-01
5.267673750392839471e-01
5.267673750392839471e-01
4.422148236293420576e-01
4.422148236293420576e-01
1.199999999999999956e+00
1.199999999999999956e+00
1.113832930987555675e-01
1.113832930987555675e-01
3.920013960863202307e-01
3.920013960863202307e-01
3.365987213521788313e-01
3.365987213521788313e-01
5.065375063914375753e-01
5.065375063914375753e-01
2.950626831012269635e-01
2.950626831012269635e-01
4.441357781083546397e-01
4.441357781083546397e-01
4.206986212463931785e-01
4.206986212463931785e-01
1.018147814489019781e-01
1.018147814489019781e-01
1.248508253534299783e-01
1.248508253534299783e-01
2.929531662433208505e-01
2.929531662433208505e-01
1.199999999999999956e+00
1.199999999999999956e+00
3.649881435521948325e-02
3.649881435521948325e-02
9.643201665075865070e-02
9.643201665075865070e-02
2.858879824200406122e-02
2.858879824200406122e-02
4.070984920582244593e-01
4.070984920582244593e-01
1.199999999999999956e+00
1.199999999999999956e+00
4.645501922649450388e-02
4.645501922649450388e-02
3.645685162337118368e-01
3.645685162337118368e-01
3.528661994325208440e-01
3.528661994325208440e-01
2.466086848889007810e-01
2.466086848889007810e-01
1.898198435806011664e-02
1.898198435806011664e-02
1.199999999999999956e+00
1.199999999999999956e+00
3.806726388346619028e-01
3.806726388346619028e-01
5.421830397601205137e-02
5.421830397601205137e-02
3.016623213539940118e-01
3.016623213539940118e-01
4.834112660104624704e-01
4.834112660104624704e-01
3.207779997330999500e-01
3.207779997330999500e-01
6.475694821708762872e-01
6.475694821708762872e-01
1.490372822213233139e-01
1.490372822213233139e-01
1.692966611601257748e-02
1.692966611601257748e-02
1.199999999999999956e+00
1.199999999999999956e+00
4.457556998471299270e-01
4.457556998471299270e-01
3.234729897309540081e-01
3.234729897309540081e-01
1.054117504745519379e-01
1.054117504745519379e-01
1.199999999999999956e+00
1.199999999999999956e+00
1.199999999999999956e+00
1.199999999999999956e+00
4.679386808312380186e-01
4.679386808312380186e-01
4.187984017993026109e-01
4.187984017993026109e-01
4.859782031077183873e-02
4.859782031077183873e-02
1.199999999999999956e+00
1.199999999999999956e+00
2.004801850666803470e-02
2.004801850666803470e-02
1.199999999999999956e+00
1.199999999999999956e+00
8.186182837608783902e-02
8.186182837608783902e-02
3.599443330831302856e-01
3.599443330831302856e-01
3.650322766092845561e-01
3.650322766092845561e-01
8.461950428106365107e-01
8.461950428106365107e-01
2.120287426813567133e-01
2.120287426813567133e-01
1.822080406481358383e-01
1.822080406481358383e-01
1.199999999999999956e+00
1.199999999999999956e+00
1.199999999999999956e+00
1.199999999999999956e+00
1.199999999999999956e+00
1.199999999999999956e+00
1.199999999999999956e+00
1.199999999999999956e+00
1.773762860171342881e-01
1.773762860171342881e-01
1.199999999999999956e+00
1.199999999999999956e+00
4.635530807025388111e-01
4.635530807025388111e-01
9.043148308353235465e-02
9.043148308353235465e-02
1.684113495870675214e-01
1.684113495870675214e-01
4.189512759055984414e-01
4.189512759055984414e-01
1.201287791466418287e-01
1.201287791466418287e-01
6.433698141342418519e-02
6.433698141342418519e-02
1.199999999999999956e+00
1.199999999999999956e+00
1.199999999999999956e+00
1.199999999999999956e+00
2.785535855208560174e-01
2.785535855208560174e-01
1.199999999999999956e+00
1.199999999999999956e+00
8.249054735226059309e-02
8.249054735226059309e-02
1.808163220575090269e-01
1.808163220575090269e-01
4.901628069501692275e-01
4.901628069501692275e-01
2.950963418064407595e-02
2.950963418064407595e-02
1.199999999999999956e+00
1.199999999999999956e+00
3.516185445924877029e-01
3.516185445924877029e-01
2.494306321009719662e-01
2.494306321009719662e-01
1.199999999999999956e+00
1.199999999999999956e+00
2.165513006322733747e-01
2.165513006322733747e-01
1.460633162347836078e-01
1.460633162347836078e-01
7.005801709091068474e-01
7.005801709091068474e-01
2.951593200597395564e-02
2.951593200597395564e-02
4.968713326245483564e-01
4.968713326245483564e-01
2.498363672954919401e-01
2.498363672954919401e-01
6.839167885575089256e-01
6.839167885575089256e-01
4.161512786039525680e-02
4.161512786039525680e-02
1.396969292221580949e-01
1.396969292221580949e-01
2.730193466212910147e-01
2.730193466212910147e-01
2.186969598651299640e-01
2.186969598651299640e-01
7.657890519906468407e-01
7.657890519906468407e-01
2.452376308893571000e-01
2.452376308893571000e-01
5.110584348154454393e-01
5.110584348154454393e-01
4.788935948186550107e-01
4.788935948186550107e-01
1.064000522152758060e-01
1.064000522152758060e-01
5.046208778214537061e-01
5.046208778214537061e-01
1.199999999999999956e+00
1.199999999999999956e+00
7.566571777468107385e-01
7.566571777468107385e-01
9.828252411443172409e-02
9.828252411443172409e-02
3.550702501185435400e-01
3.550702501185435400e-01
6.880776355588268389e-01
6.880776355588268389e-01
1.199999999999999956e+00
1.199999999999999956e+00
5.253658697415067302e-02
5.253658697415067302e-02
3.464230621646064989e-01
3.464230621646064989e-01
6.853049623523912448e-01
6.853049623523912448e-01
1.199999999999999956e+00
1.199999999999999956e+00
6.684192989114641215e-01
6.684192989114641215e-01
1.199999999999999956e+00
1.199999999999999956e+00
1.199999999999999956e+00
1.199999999999999956e+00
2.679629949876787265e-01
2.679629949876787265e-01
1.199999999999999956e+00
1.199999999999999956e+00
1.215801217147751689e-01
1.215801217147751689e-01
8.580708986859537646e-01
8.580708986859537646e-01
1.321583639540288013e-01
1.321583639540288013e-01
4.033405108813628570e-01
4.033405108813628570e-01
4.545647196556402148e-01
4.545647196556402148e-01
1.199999999999999956e+00
1.199999999999999956e+00
5.311929130693936463e-01
5.311929130693936463e-01
1.228255445331835755e-01
1.228255445331835755e-01
2.367393241859185871e-01
2.367393241859185871e-01
1.910086958660919265e-01
1.910086958660919265e-01
8.644898919538521534e-03
8.644898919538521534e-03
3.484707267367801453e-01
3.484707267367801453e-01
6.129829121934738945e-01
6.129829121934738945e-01
4.498532756749779038e-02
4.498532756749779038e-02
1.748968625603161131e-01
1.748968625603161131e-01
2.282218079355677609e-01
2.282218079355677609e-01
2.095598393683065774e-01
2.095598393683065774e-01
3.219455393943226329e-01
3.219455393943226329e-01
1.248161645622816729e-01
1.248161645622816729e-01
1.199999999999999956e+00
1.199999999999999956e+00
1.434635961466732834e-01
1.434635961466732834e-01
1.501202630002378691e-01
1.501202630002378691e-01
5.510303112805129411e-01
5.510303112805129411e-01
1.199999999999999956e+00
1.199999999999999956e+00
3.646719867724367292e-01
3.646719867724367292e-01
1.431689922579811036e-02
1.431689922579811036e-02
1.433501797134945910e-01
1.433501797134945910e-01
1.199999999999999956e+00
1.199999999999999956e+00
1.173643926015766614e-01
1.173643926015766614e-01
7.886500028594534140e-02
7.886500028594534140e-02
5.669396020891781518e-01
5.669396020891781518e-01
8.731345628036273065e-02
8.731345628036273065e-02
3.911277481906612619e-01
3.911277481906612619e-01
1.199999999999999956e+00
1.199999999999999956e+00
1.971089981772817246e-01
1.971089981772817246e-01
5.486391498010795287e-01
5.486391498010795287e-01
1.760596498055697623e-01
1.760596498055697623e-01
5.821199973137907574e-02
5.821199973137907574e-02
1.479088052756001408e-02
1.479088052756001408e-02
1.342103203931307304e-02
1.342103203931307304e-02
1.253166300609163120e-01
1.253166300609163120e-01
1.892701387621804621e-01
1.892701387621804621e-01
3.667177483787167347e-01
3.667177483787167347e-01
3.901179224867280110e-02
3.901179224867280110e-02
1.696397145569597253e-01
1.696397145569597253e-01
1.282750219695616145e-01
1.282750219695616145e-01
1.199999999999999956e+00
1.199999999999999956e+00
7.222939588264888355e-01
7.222939588264888355e-01
1.186079712428688843e-01
1.186079712428688843e-01
1.006575947342552672e-02
1.006575947342552672e-02
5.614456966719022502e-01
5.614456966719022502e-01
2.238488079732375291e-01
2.238488079732375291e-01
1.199999999999999956e+00
1.199999999999999956e+00
6.652531485530635003e-01
6.652531485530635003e-01
1.199999999999999956e+00
1.199999999999999956e+00
3.679780625135020133e-01
3.679780625135020133e-01
3.809140894941793754e-01
3.809140894941793754e-01
2.671064213342677629e-02
2.671064213342677629e-02
1.509352668565135981e-02
1.509352668565135981e-02
4.495935624678171760e-01
4.495935624678171760e-01
2.818503144949988104e-01
2.818503144949988104e-01
3.955918879578774194e-01
3.955918879578774194e-01
1.686038074445984913e-01
1.686038074445984913e-01
4.846093496590336835e-01
4.846093496590336835e-01
1.376662838738750561e-01
1.376662838738750561e-01
4.522589193149517683e-01
4.522589193149517683e-01
2.904942491574045715e-01
2.904942491574045715e-01
6.451515445227159473e-01
6.451515445227159473e-01
1.805686037245059494e-01
1.805686037245059494e-01
1.199999999999999956e+00
1.199999999999999956e+00
1.199999999999999956e+00
1.199999999999999956e+00
7.448452539771973635e-01
7.448452539771973635e-01
3.364597048453587536e-01
3.364597048453587536e-01
6.014786337902151558e-01
6.014786337902151558e-01
9.471789733316368642e-02
9.471789733316368642e-02
2.010773291013031872e-01
2.010773291013031872e-01
2.638927791449078852e-01
2.638927791449078852e-01
3.878684033339114823e-01
3.878684033339114823e-01
3.663402569870604086e-01
3.663402569870604086e-01
9.413041163884627860e-02
9.413041163884627860e-02
7.461514552989242377e-01
7.461514552989242377e-01
1.940283260929632492e-01
1.940283260929632492e-01
2.400968376677445615e-01
2.400968376677445615e-01
4.050932679165153982e-01
4.050932679165153982e-01
8.137367282279062142e-01
8.137367282279062142e-01
3.313167286739718276e-01
3.313167286739718276e-01
3.843408780052998130e-02
3.843408780052998130e-02
9.461481565570351027e-02
9.461481565570351027e-02
1.199999999999999956e+00
1.199999999999999956e+00
5.054522660780126353e-01
5.054522660780126353e-01
6.994732139795578618e-02
6.994732139795578618e-02
1.048024970550536644e-02
1.048024970550536644e-02
5.544010281411420049e-01
5.544010281411420049e-01
2.033859169850651266e-02
2.033859169850651266e-02
1.199999999999999956e+00
1.199999999999999956e+00
1.840760324412384630e-01
1.840760324412384630e-01
3.926618890494915082e-01
3.926618890494915082e-01
4.227586810411241847e-01
4.227586810411241847e-01
2.911189764088599752e-01
2.911189764088599752e-01
1.199999999999999956e+00
1.199999999999999956e+00
1.547153479647859209e-01
1.547153479647859209e-01
2.719656350505416167e-02
2.719656350505416167e-02
2.226983914141406895e-01
2.226983914141406895e-01
1.199999999999999956e+00
1.199999999999999956e+00
3.696137143289138227e-01
3.696137143289138227e-01
1.698062397186528294e-01
1.698062397186528294e-01
1.105689959412848866e-01
1.105689959412848866e-01
9.033435271825369104e-04
9.033435271825369104e-04
1.283777647172078262e-01
1.283777647172078262e-01
2.327421113255355722e-01
2.327421113255355722e-01
1.833526438151439897e-01
1.833526438151439897e-01
3.982189145092929206e-02
3.982189145092929206e-02
1.199999999999999956e+00
1.199999999999999956e+00
5.904831753997138444e-01
5.904831753997138444e-01
1.199999999999999956e+00
1.199999999999999956e+00
3.562038636983693163e-01
3.562038636983693163e-01
1.686562966002835284e-01
1.686562966002835284e-01
1.446152255729739877e-01
1.446152255729739877e-01
3.007359657261237107e-01
3.007359657261237107e-01
1.199999999999999956e+00
1.199999999999999956e+00
1.199999999999999956e+00
1.199999999999999956e+00
1.199999999999999956e+00
1.199999999999999956e+00
4.490355853563310351e-01
4.490355853563310351e-01
1.332970790310111786e-02
1.332970790310111786e-02
4.916744185807855883e-01
4.916744185807855883e-01
7.887307463192171353e-01
7.887307463192171353e-01
4.628429556983262305e-01
4.628429556983262305e-01
1.855638894444168463e-01
1.855638894444168463e-01
5.131409665256665420e-01
5.131409665256665420e-01
1.959937228282520316e-01
1.959937228282520316e-01
1.199999999999999956e+00
1.199999999999999956e+00
1.179289725722585183e-02
1.179289725722585183e-02
7.101167758345163783e-01
7.101167758345163783e-01
9.721716959280092551e-02
9.721716959280092551e-02
1.256865892986079036e-01
1.256865892986079036e-01
1.199999999999999956e+00
1.199999999999999956e+00
2.314791746744527048e-02
2.314791746744527048e-02
1.199999999999999956e+00
1.199999999999999956e+00
3.485494067174232380e-01
3.485494067174232380e-01
5.579327136815957072e-02
5.579327136815957072e-02
9.167781318710055416e-01
9.167781318710055416e-01
1.975237648704580296e-01
1.975237648704580296e-01
1.199999999999999956e+00
1.199999999999999956e+00
2.755786073110611661e-02
2.755786073110611661e-02
1.804740308843733321e-01
1.804740308843733321e-01
1.199999999999999956e+00
1.199999999999999956e+00
1.199999999999999956e+00
1.199999999999999956e+00
2.266930426771924800e-01
2.266930426771924800e-01
2.627511247954040022e-03
2.627511247954040022e-03
1.199999999999999956e+00
1.199999999999999956e+00
2.044985936792524661e-01
2.044985936792524661e-01
9.913158949365917516e-03
9.913158949365917516e-03
3.053904423200230478e-01
3.053904423200230478e-01
2.112993472059788158e-01
2.112993472059788158e-01
2.697411198800206411e-01
2.697411198800206411e-01
6.193673986740343834e-02
6.193673986740343834e-02
6.488670821775392727e-02
6.488670821775392727e-02
1.122414001225753299e-01
1.122414001225753299e-01
1.354260926573092882e-01
1.354260926573092882e-01
1.199999999999999956e+00
1.199999999999999956e+00
1.199999999999999956e+00
1.199999999999999956e+00
1.199999999999999956e+00
1.199999999999999956e+00
4.238005536005576279e-01
4.238005536005576279e-01
1.130802828857493253e-01
1.130802828857493253e-01
2.086814194374655984e-01
2.086814194374655984e-01
1.571735579202240551e-01
1.571735579202240551e-01
5.163078665702300896e-01
5.163078665702300896e-01
5.740551508591545948e-01
5.740551508591545948e-01
2.150571232238654984e-01
2.150571232238654984e-01
1.199999999999999956e+00
1.199999999999999956e+00
4.708001563010937307e-01
4.708001563010937307e-01
1.728759186112119317e-01
1.728759186112119317e-01
6.685673065920014757e-01
6.685673065920014757e-01
1.199999999999999956e+00
1.199999999999999956e+00
1.199999999999999956e+00
1.199999999999999956e+00
1.932206382815389034e-01
1.932206382815389034e-01
5.279865896816661186e-01
5.279865896816661186e-01
5.653293779358432858e-02
5.653293779358432858e-02
8.703877730099081333e-02
8.703877730099081333e-02
4.910555981862928937e-02
4.910555981862928937e-02
5.270054292156178821e-01
5.270054292156178821e-01
1.503880020902036430e-01
1.503880020902036430e-01
3.665739630274687522e-01
3.665739630274687522e-01
6.768995583373819125e-01
6.768995583373819125e-01
5.552461643958609416e-01
5.552461643958609416e-01
1.422358985768065742e-01
1.422358985768065742e-01
1.199999999999999956e+00
1.199999999999999956e+00
2.302812820440303457e-02
2.302812820440303457e-02
1.815809227046646934e-01
1.815809227046646934e-01
6.893990508214743740e-02
6.893990508214743740e-02
1.692050048626775327e-01
1.692050048626775327e-01
2.371813065415180888e-01
2.371813065415180888e-01
4.369012461135435288e-01
4.369012461135435288e-01
1.646742579348877966e-01
1.646742579348877966e-01
3.349455775350138054e-01
3.349455775350138054e-01
1.206929330179423165e-01
1.206929330179423165e-01
3.339275676664194559e-01
3.339275676664194559e-01
2.073358463603399149e-01
2.073358463603399149e-01
9.300262323891309718e-03
9.300262323891309718e-03
3.778787299924028786e-02
3.778787299924028786e-02
1.489197212286358374e-01
1.489197212286358374e-01
4.720378111688758871e-01
4.720378111688758871e-01
7.352965535689265364e-02
7.352965535689265364e-02
2.847229630787017629e-01
2.847229630787017629e-01
6.524573427815898163e-02
6.524573427815898163e-02
4.935750255110042672e-02
4.935750255110042672e-02
1.941463423727596282e-01
1.941463423727596282e-01
3.787195512969019351e-01
3.787195512969019351e-01
1.199999999999999956e+00
1.199999999999999956e+00
1.199999999999999956e+00
1.199999999999999956e+00
4.349456579703626924e-02
4.349456579703626924e-02
4.898498588533632958e-01
4.898498588533632958e-01
1.199999999999999956e+00
1.199999999999999956e+00
1.199999999999999956e+00
1.199999999999999956e+00
1.199999999999999956e+00
1.199999999999999956e+00
5.433649778969399519e-02
5.433649778969399519e-02
4.572588337997555985e-02
4.572588337997555985e-02
5.497373003843212258e-01
5.497373003843212258e-01
2.449982506751952893e-01
2.449982506751952893e-01
8.780692784605390599e-01
8.780692784605390599e-01
2.129155569487391486e-01
2.129155569487391486e-01
8.787083561977526713e-01
8.787083561977526713e-01
1.199999999999999956e+00
1.199999999999999956e+00
4.904334929750625571e-01
4.904334929750625571e-01
8.100058669504892062e-02
8.100058669504892062e-02
4.803334600593167636e-02
4.803334600593167636e-02
4.886360107796429708e-01
4.886360107796429708e-01
8.896382958932715079e-02
8.896382958932715079e-02
2.050917536749642320e-02
2.050917536749642320e-02
1.753939942026228049e-01
1.753939942026228049e-01
5.309895222568487005e-01
5.309895222568487005e-01
3.581800161332179822e-02
3.581800161332179822e-02
2.190759193826437579e-01
2.190759193826437579e-01
1.199999999999999956e+00
1.199999999999999956e+00
1.236018858540438164e-01
1.236018858540438164e-01
4.995649975101017493e-01
4.995649975101017493e-01
4.802107407516013615e-01
4.802107407516013615e-01
1.844258038160902224e-02
1.844258038160902224e-02
2.787610634791366088e-02
2.787610634791366088e-02
7.000793469172893468e-01
7.000793469172893468e-01
2.237798911336238705e-01
2.237798911336238705e-01
