7.466447394726503928e-02
7.466447394726503928e-02
1.199999999999999956e+00
1.199999999999999956e+00
1.199999999999999956e+00
1.199999999999999956e+00
1.199999999999999956e+00
1.199999999999999956e+00
1.009639829355468477e+00
1.009639829355468477e+00
5.366769474876864621e-01
5.366769474876864621e-01
6.868786511739908285e-01
6.868786511739908285e-01
2.314114477937241066e-01
2.314114477937241066e-01
1.199999999999999956e+00
1.199999999999999956e+00
1.199999999999999956e+00
1.199999999999999956e+00
2.604654998658917919e-01
2.604654998658917919e-01
4.575461668889684308e-01
4.575461668889684308e-01
3.331949153563987798e-01
3.331949153563987798e-01
1.951153064911918533e-01
1.951153064911918533e-01
3.078932442689018001e-01
3.078932442689018001e-01
1.435930077882165701e-01
1.435930077882165701e-01
4.996067131067973843e-01
4.996067131067973843e-01
3.036458998657330377e-01
3.036458998657330377e-01
2.854065495867899038e-01
2.854065495867899038e-01
5.226826623220822698e-01
5.226826623220822698e-01
6.035152385136144382e-01
6.035152385136144382e-01
3.585610584772893628e-01
3.585610584772893628e-01
1.199999999999999956e+00
1.199999999999999956e+00
3.221149759109787625e-01
3.221149759109787625e-01
1.843697615540279278e-01
1.843697615540279278e-01
4.904030871667860447e-01
4.904030871667860447e-01
4.767036336633346250e-01
4.767036336633346250e-01
1.199999999999999956e+00
1.199999999999999956e+00
5.105757321046450192e-01
5.105757321046450192e-01
5.311117439995879375e-01
5.311117439995879375e-01
1.199999999999999956e+00
1.199999999999999956e+00
5.185383422972512646e-01
5.185383422972512646e-01
4.578082841375151202e-01
4.578082841375151202e-01
1.199999999999999956e+00
1.199999999999999956e+00
1.199999999999999956e+00
1.199999999999999956e+00
4.588166883329075074e-01
4.588166883329075074e-01
5.224041312873741738e-01
5.224041312873741738e-01
3.572946450325986678e-01
3.572946450325986678e-01
1.853369126190499427e-01
1.853369126190499427e-01
1.199999999999999956e+00
1.199999999999999956e+00
2.294185558852220030e-02
2.294185558852220030e-02
1.199999999999999956e+00
1.199999999999999956e+00
5.696628405502093297e-03
5.696628405502093297e-03
5.492513887815226870e-01
5.492513887815226870e-01
1.409933020196757203e-01
1.409933020196757203e-01
3.159910762943909934e-01
3.159910762943909934e-01
1.035362789402071021e-01
1.035362789402071021e-01
1.199999999999999956e+00
1.199999999999999956e+00
4.734254380336631041e-01
4.734254380336631041e-01
1.199999999999999956e+00
1.199999999999999956e+00
1.199999999999999956e+00
1.199999999999999956e+00
6.155633286172853547e-01
6.155633286172853547e-01
6.716582403404163237e-01
6.716582403404163237e-01
1.199999999999999956e+00
1.199999999999999956e+00
4.547285054545236460e-01
4.547285054545236460e-01
1.199999999999999956e+00
1.199999999999999956e+00
5.519031854405229837e-02
5.519031854405229837e-02
7.278636244371038400e-01
7.278636244371038400e-01
2.584090595348980668e-01
2.584090595348980668e-01
2.442150666814852100e-01
2.442150666814852100e-01
3.130039109910713879e-01
3.130039109910713879e-01
2.300554138650133806e-01
2.300554138650133806e-01
1.199999999999999956e+00
1.199999999999999956e+00
7.412818245972370157e-01
7.412818245972370157e-01
1.199999999999999956e+00
1.199999999999999956e+00
1.991039244384553708e-01
1.991039244384553708e-01
1.051090114061481728e-01
1.051090114061481728e-01
3.082968650186134751e-01
3.082968650186134751e-01
7.992563390067344842e-02
7.992563390067344842e-02
2.735215936911116197e-01
2.735215936911116197e-01
5.167055178336807941e-01
5.167055178336807941e-01
1.199999999999999956e+00
1.199999999999999956e+00
1.199999999999999956e+00
1.199999999999999956e+00
1.199999999999999956e+00
1.199999999999999956e+00
1.199999999999999956e+00
1.199999999999999956e+00
1.690259059671092579e-01
1.690259059671092579e-01
1.989643627736710149e-02
1.989643627736710149e-02
1.303746712548780884e-01
1.303746712548780884e-01
6.190465823385233879e-01
6.190465823385233879e-01
4.434464962973712066e-01
4.434464962973712066e-01
2.870562910452794658e-01
2.870562910452794658e-01
2.301489863763094557e-01
2.301489863763094557e-01
2.715272340453864230e-01
2.715272340453864230e-01
1.199999999999999956e+00
1.199999999999999956e+00
2.534081976376194659e-02
2.534081976376194659e-02
4.723805619813653545e-01
4.723805619813653545e-01
8.983242939053821818e-02
8.983242939053821818e-02
2.104858122942682153e-01
2.104858122942682153e-01
1.260954939831864796e-01
1.260954939831864796e-01
4.556269172691070068e-02
4.556269172691070068e-02
6.242890703103787242e-01
6.242890703103787242e-01
1.368324470352172972e-01
1.368324470352172972e-01
1.199999999999999956e+00
1.199999999999999956e+00
1.859782135547665971e-01
1.859782135547665971e-01
7.104036465655978461e-01
7.104036465655978461e-01
1.199999999999999956e+00
1.199999999999999956e+00
1.199999999999999956e+00
1.199999999999999956e+00
6.815988333576043778e-02
6.815988333576043778e-02
2.068131480908435571e-01
2.068131480908435571e-01
2.254554384735492079e-01
2.254554384735492079e-01
1.228118110663803719e+00
1.228118110663803719e+00
2.355145975250569623e-01
2.355145975250569623e-01
7.355246225974430008e-01
7.355246225974430008e-01
6.285962448571669192e-01
6.285962448571669192e-01
2.944111909498027813e-01
2.944111909498027813e-01
1.199999999999999956e+00
1.199999999999999956e+00
3.094434388451580351e-02
3.094434388451580351e-02
1.474001953132546283e-01
1.474001953132546283e-01
4.728177400003996667e-01
4.728177400003996667e-01
5.032483387765966931e-01
5.032483387765966931e-01
5.606184325567158400e-01
5.606184325567158400e-01
1.199999999999999956e+00
1.199999999999999956e+00
1.199999999999999956e+00
1.199999999999999956e+00
1.199999999999999956e+00
1.199999999999999956e+00
4.176275181775015999e-01
4.176275181775015999e-01
6.713620665405521659e-02
6.713620665405521659e-02
4.089599892965271877e-02
4.089599892965271877e-02
1.199999999999999956e+00
1.199999999999999956e+00
1.199999999999999956e+00
1.199999999999999956e+00
1.921143250931127699e-01
1.921143250931127699e-01
1.924740254623356350e-01
1.924740254623356350e-01
1.199999999999999956e+00
1.199999999999999956e+00
2.250046819219957417e-01
2.250046819219957417e-01
7.915061274155683543e-03
7.915061274155683543e-03
1.149265899624551529e-01
1.149265899624551529e-01
1.707654971331348803e-01
1.707654971331348803e-01
1.199999999999999956e+00
1.199999999999999956e+00
3.361159296404205854e-01
3.361159296404205854e-01
3.080079742431349743e-01
3.080079742431349743e-01
9.161219496200015411e-02
9.161219496200015411e-02
1.199999999999999956e+00
1.199999999999999956e+00
2.325568585235766317e-01
2.325568585235766317e-01
1.199999999999999956e+00
1.199999999999999956e+00
2.689396492706614405e-01
2.689396492706614405e-01
1.991537802647374289e-01
1.991537802647374289e-01
6.091226817820958317e-01
6.091226817820958317e-01
1.199999999999999956e+00
1.199999999999999956e+00
1.199999999999999956e+00
1.199999999999999956e+00
1.199999999999999956e+00
1.199999999999999956e+00
3.377290025417820640e-01
3.377290025417820640e-01
2.611776711108877436e-01
2.611776711108877436e-01
6.398929326547904139e-01
6.398929326547904139e-01
1.199999999999999956e+00
1.199999999999999956e+00
3.124329874489288894e-01
3.124329874489288894e-01
1.463325398097135854e-01
1.463325398097135854e-01
1.199999999999999956e+00
1.199999999999999956e+00
4.816689428455767086e-02
4.816689428455767086e-02
3.226744903194446179e-01
3.226744903194446179e-01
5.947531346577566991e-02
5.947531346577566991e-02
3.924462397606893749e-01
3.924462397606893749e-01
3.375925554923592808e-01
3.375925554923592808e-01
1.634793320491677304e-01
1.634793320491677304e-01
1.832658532682358565e-01
1.832658532682358565e-01
1.199999999999999956e+00
1.199999999999999956e+00
3.199933919582375053e-01
3.199933919582375053e-01
1.511126245538600421e-01
1.511126245538600421e-01
8.055399934865414835e-01
8.055399934865414835e-01
4.357209398039332132e-02
4.357209398039332132e-02
4.511892974570138048e-01
4.511892974570138048e-01
5.622336299288831912e-02
5.622336299288831912e-02
1.199999999999999956e+00
1.199999999999999956e+00
4.576200331543345962e-02
4.576200331543345962e-02
2.819655854208650836e-01
2.819655854208650836e-01
1.199999999999999956e+00
1.199999999999999956e+00
1.199999999999999956e+00
1.199999999999999956e+00
9.876873668295639286e-01
9.876873668295639286e-01
2.550094220832179182e-01
2.550094220832179182e-01
1.141050967339557021e+00
1.141050967339557021e+00
1.199999999999999956e+00
1.199999999999999956e+00
4.649389129392206832e-01
4.649389129392206832e-01
1.199999999999999956e+00
1.199999999999999956e+00
6.320069782633139788e-01
6.320069782633139788e-01
2.118321155467851880e-02
2.118321155467851880e-02
4.241026233603244489e-01
4.241026233603244489e-01
5.512881049306548459e-02
5.512881049306548459e-02
1.199999999999999956e+00
1.199999999999999956e+00
2.413707911752688284e-01
2.413707911752688284e-01
4.017021281993764514e-01
4.017021281993764514e-01
1.138517954893373263e+00
1.138517954893373263e+00
4.361958067683523455e-01
4.361958067683523455e-01
3.077558616823750093e-01
3.077558616823750093e-01
5.483218631512983832e-01
5.483218631512983832e-01
7.820158722142022123e-01
7.820158722142022123e-01
1.427258339794481301e-01
1.427258339794481301e-01
3.859967193112318756e-02
3.859967193112318756e-02
4.009873510627138815e-01
4.009873510627138815e-01
4.810075673690589193e-01
4.810075673690589193e-01
1.068979680942110655e-01
1.068979680942110655e-01
1.491542478123542570e-01
1.491542478123542570e-01
1.053405831259885241e-03
1.053405831259885241e-03
1.199999999999999956e+00
1.199999999999999956e+00
1.199999999999999956e+00
1.199999999999999956e+00
9.163965943446267248e-02
9.163965943446267248e-02
1.208625204923395730e-01
1.208625204923395730e-01
1.199999999999999956e+00
1.199999999999999956e+00
3.610894299492630258e-03
3.610894299492630258e-03
3.020382495827298452e-01
3.020382495827298452e-01
4.948091541951661343e-01
4.948091541951661343e-01
1.199999999999999956e+00
1.199999999999999956e+00
2.118900081656425738e-01
2.118900081656425738e-01
3.283696159302154083e-01
3.283696159302154083e-01
3.947089523915328635e-02
3.947089523915328635e-02
8.688002073599286612e-02
8.688002073599286612e-02
1.449578904984841488e-01
1.449578904984841488e-01
2.238996290982140924e-01
2.238996290982140924e-01
1.928630883988451949e-01
1.928630883988451949e-01
2.494562841701123412e-01
2.494562841701123412e-01
1.199999999999999956e+00
1.199999999999999956e+00
1.199999999999999956e+00
1.199999999999999956e+00
1.588574109902488735e-02
1.588574109902488735e-02
2.225957847381453414e-01
2.225957847381453414e-01
2.192154662804302601e-01
2.192154662804302601e-01
1.023565767340767485e-01
1.023565767340767485e-01
1.199999999999999956e+00
1.199999999999999956e+00
2.786067406346347530e-01
2.786067406346347530e-01
1.815121287747176737e-01
1.815121287747176737e-01
2.487346459610159377e-01
2.487346459610159377e-01
3.665773136792986886e-01
3.665773136792986886e-01
8.920004553105304046e-02
8.920004553105304046e-02
1.608002631933122262e-01
1.608002631933122262e-01
1.090729369062723580e-01
1.090729369062723580e-01
1.363261109416802619e-01
1.363261109416802619e-01
4.776432644565437591e-01
4.776432644565437591e-01
1.033700344471012444e-01
1.033700344471012444e-01
4.031975017913629056e-03
4.031975017913629056e-03
9.706216479080852222e-02
9.706216479080852222e-02
3.035387905788708429e-02
3.035387905788708429e-02
1.226192893865546002e-01
1.226192893865546002e-01
1.199999999999999956e+00
1.199999999999999956e+00
5.182879346291821010e-01
5.182879346291821010e-01
6.148045896140661576e-02
6.148045896140661576e-02
2.273984211747322459e-01
2.273984211747322459e-01
7.496940590645209679e-02
7.496940590645209679e-02
7.866390278078835285e-01
7.866390278078835285e-01
5.321462011812878590e-01
5.321462011812878590e-01
1.199999999999999956e+00
1.199999999999999956e+00
5.086799035471573083e-01
5.086799035471573083e-01
7.369812767916338325e-01
7.369812767916338325e-01
1.906367429008336001e-01
1.906367429008336001e-01
6.481824000061807423e-02
6.481824000061807423e-02
1.199999999999999956e+00
1.199999999999999956e+00
3.826897959044832653e-01
3.826897959044832653e-01
1.199999999999999956e+00
1.199999999999999956e+00
2.984540129231766370e-01
2.984540129231766370e-01
4.673755735464400485e-01
4.673755735464400485e-01
2.637941404396384470e-01
2.637941404396384470e-01
1.199999999999999956e+00
1.199999999999999956e+00
5.023329520182843178e-01
5.023329520182843178e-01
1.199999999999999956e+00
1.199999999999999956e+00
1.055622903705223381e-01
1.055622903705223381e-01
6.890848427002946863e-01
6.890848427002946863e-01
1.199999999999999956e+00
1.199999999999999956e+00
1.384597203382715858e-01
1.384597203382715858e-01
1.538598783083423571e-01
1.538598783083423571e-01
4.468907903705031659e-01
4.468907903705031659e-01
1.186096549572454306e-01
1.186096549572454306e-01
1.199999999999999956e+00
1.199999999999999956e+00
2.887447471250246395e-02
2.887447471250246395e-02
1.199999999999999956e+00
1.199999999999999956e+00
2.117355542340679797e-01
2.117355542340679797e-01
8.865357072733927313e-02
8.865357072733927313e-02
1.199999999999999956e+00
1.199999999999999956e+00
1.199999999999999956e+00
1.199999999999999956e+00
3.641514429723798768e-02
3.641514429723798768e-02
2.518832252701459495e-01
2.518832252701459495e-01
2.847966539080495907e-01
2.847966539080495907e-01
3.506643989048073284e-01
3.506643989048073284e-01
1.263116377648017263e-01
1.263116377648017263e-01
3.299946224727740574e-01
3.299946224727740574e-01
3.476778211864485768e-01
3.476778211864485768e-01
7.354114059086919175e-02
7.354114059086919175e-02
1.199999999999999956e+00
1.199999999999999956e+00
5.427003066869393738e-02
5.427003066869393738e-02
1.199999999999999956e+00
1.199999999999999956e+00
5.837127017862274725e-01
5.837127017862274725e-01
1.199999999999999956e+00
1.199999999999999956e+00
1.440363718092506629e-01
1.440363718092506629e-01
1.030122779159224761e-01
1.030122779159224761e-01
7.257591839448720994e-02
7.257591839448720994e-02
3.166672377061843235e-01
3.166672377061843235e-01
1.995163162333647711e-01
1.995163162333647711e-01
5.714428464474147207e-01
5.714428464474147207e-01
1.199999999999999956e+00
1.199999999999999956e+00
1.199999999999999956e+00
1.199999999999999956e+00
2.033848297316931397e-02
2.033848297316931397e-02
1.199999999999999956e+00
1.199999999999999956e+00
3.743948653354544076e-01
3.743948653354544076e-01
2.933791523729628037e-01
2.933791523729628037e-01
1.709274335247488175e-01
1.709274335247488175e-01
1.878584829962641756e-01
1.878584829962641756e-01
1.478185234671247350e-01
1.478185234671247350e-01
4.418066827818790121e-01
4.418066827818790121e-01
1.853743179667291241e-01
1.853743179667291241e-01
2.230649013337543396e-01
2.230649013337543396e-01
6.021549576257682057e-01
6.021549576257682057e-01
1.199999999999999956e+00
1.199999999999999956e+00
1.199999999999999956e+00
1.199999999999999956e+00
1.199999999999999956e+00
1.199999999999999956e+00
1.199999999999999956e+00
1.199999999999999956e+00
1.199999999999999956e+00
1.199999999999999956e+00
3.131664198374787822e-01
3.131664198374787822e-01
2.331605893705041288e-01
2.331605893705041288e-01
1.199999999999999956e+00
1.199999999999999956e+00
1.785679995618916771e-01
1.785679995618916771e-01
1.199999999999999956e+00
1.199999999999999956e+00
5.998167648921836070e-01
5.998167648921836070e-01
4.166545726637089775e-01
4.166545726637089775e-01
1.168406574177418417e-01
1.168406574177418417e-01
1.199999999999999956e+00
1.199999999999999956e+00
2.759858253189949595e-01
2.759858253189949595e-01
1.658447102996927769e-01
1.658447102996927769e-01
1.199999999999999956e+00
1.199999999999999956e+00
6.183774206417783775e-02
6.183774206417783775e-02
1.869509877540964649e-01
1.869509877540964649e-01
4.181942858578587274e-01
4.181942858578587274e-01
7.292143645096909044e-01
7.292143645096909044e-01
3.835164487978750536e-01
3.835164487978750536e-01
9.742726042491556271e-01
9.742726042491556271e-01
1.199999999999999956e+00
1.199999999999999956e+00
1.105187898713385491e-01
1.105187898713385491e-01
6.443052084980922523e-01
6.443052084980922523e-01
3.806942217480842050e-01
3.806942217480842050e-01
5.424713910269576278e-01
5.424713910269576278e-01
1.654237860358425127e-01
1.654237860358425127e-01
1.915314877695548090e-01
1.915314877695548090e-01
5.258532142278312671e-01
5.258532142278312671e-01
5.615419507602642524e-02
5.615419507602642524e-02
1.199999999999999956e+00
1.199999999999999956e+00
1.199999999999999956e+00
1.199999999999999956e+00
1.190805513174247876e-01
1.190805513174247876e-01
3.822345823261246167e-01
3.822345823261246167e-01
1.293633924700632043e-01
1.293633924700632043e-01
4.709060146196372698e-02
4.709060146196372698e-02
2.676274760621520366e-01
2.676274760621520366e-01
3.274871246228230892e-02
3.274871246228230892e-02
3.165673663077132605e-01
3.165673663077132605e-01
4.249093404791512985e-01
4.249093404791512985e-01
1.199999999999999956e+00
1.199999999999999956e+00
5.553429633241429436e-02
5.553429633241429436e-02
1.199999999999999956e+00
1.199999999999999956e+00
1.199999999999999956e+00
1.199999999999999956e+00
1.753773629319118621e-01
1.753773629319118621e-01
7.236684495817317930e-02
7.236684495817317930e-02
1.199999999999999956e+00
1.199999999999999956e+00
1.199999999999999956e+00
1.199999999999999956e+00
2.478676885895445547e-01
2.478676885895445547e-01
1.782423269386668174e-01
1.782423269386668174e-01
2.789335209749568834e-01
2.789335209749568834e-01
6.554956572204215792e-01
6.554956572204215792e-01
3.249483941980566004e-01
3.249483941980566004e-01
6.363775095126656955e-01
6.363775095126656955e-01
6.328701996711784128e-01
6.328701996711784128e-01
9.740645833170535894e-01
9.740645833170535894e-01
1.199999999999999956e+00
1.199999999999999956e+00
1.199999999999999956e+00
1.199999999999999956e+00
1.021943247952057598e+00
1.021943247952057598e+00
2.227518139027794275e-01
2.227518139027794275e-01
2.214172402150330066e-01
2.214172402150330066e-01
1.282021915543346824e-01
1.282021915543346824e-01
8.117844163834671278e-02
8.117844163834671278e-02
1.199999999999999956e+00
1.199999999999999956e+00
1.199999999999999956e+00
1.199999999999999956e+00
3.254295038234691212e-02
3.254295038234691212e-02
1.573342854609167119e-01
1.573342854609167119e-01
1.199999999999999956e+00
1.199999999999999956e+00
6.896889264055303670e-01
6.896889264055303670e-01
1.764554593417478057e-01
1.764554593417478057e-01
3.350311622956768653e-01
3.350311622956768653e-01
7.258123633999840063e-01
7.258123633999840063e-01
1.104324184627715894e-01
1.104324184627715894e-01
4.378715048167691748e-01
4.378715048167691748e-01
2.561866667014892074e-01
2.561866667014892074e-01
5.977648425649931818e-01
5.977648425649931818e-01
9.170155381469910494e-02
9.170155381469910494e-02
1.446394320654657284e-01
1.446394320654657284e-01
1.081654236692571658e+00
1.081654236692571658e+00
5.478167810640658525e-02
5.478167810640658525e-02
2.086628207303660165e-01
2.086628207303660165e-01
1.199999999999999956e+00
1.199999999999999956e+00
2.884132243300614462e-01
2.884132243300614462e-01
3.556194409556326375e-01
3.556194409556326375e-01
6.503003221719569904e-01
6.503003221719569904e-01
6.126475727726719001e-01
6.126475727726719001e-01
4.002349423135878048e-01
4.002349423135878048e-01
1.858871501732707321e-01
1.858871501732707321e-01
4.899965035365435040e-01
4.899965035365435040e-01
3.466001750915807533e-01
3.466001750915807533e-01
4.660942276371741189e-01
4.660942276371741189e-01
2.798122924795438116e-01
2.798122924795438116e-01
1.043075801681223186e-01
1.043075801681223186e-01
1.199999999999999956e+00
1.199999999999999956e+00
1.199999999999999956e+00
1.199999999999999956e+00
5.396768602263065651e-01
5.396768602263065651e-01
8.242778112716486749e-01
8.242778112716486749e-01
1.142437406053429028e+00
1.142437406053429028e+00
4.554725846619881446e-01
4.554725846619881446e-01
1.985979287168222196e-01
1.985979287168222196e-01
8.605707543431817541e-02
8.605707543431817541e-02
1.199999999999999956e+00
1.199999999999999956e+00
4.908006931964438713e-01
4.908006931964438713e-01
1.983730656450487240e-01
1.983730656450487240e-01
5.758761815085679248e-02
5.758761815085679248e-02
1.199999999999999956e+00
1.199999999999999956e+00
8.952463817565728399e-02
8.952463817565728399e-02
4.773697382475228790e-01
4.773697382475228790e-01
2.370148040344614293e-01
2.370148040344614293e-01
2.838932800829717662e-01
2.838932800829717662e-01
1.199999999999999956e+00
1.199999999999999956e+00
4.750301519959044261e-01
4.750301519959044261e-01
1.199999999999999956e+00
1.199999999999999956e+00
5.083828109536216999e-01
5.083828109536216999e-01
5.122098378675462582e-01
5.122098378675462582e-01
1.199999999999999956e+00
1.199999999999999956e+00
1.602917075968887384e-01
1.602917075968887384e-01
6.124996911490971918e-01
6.124996911490971918e-01
1.199999999999999956e+00
1.199999999999999956e+00
5.100505112910659333e-01
5.100505112910659333e-01
1.199999999999999956e+00
1.199999999999999956e+00
8.611009233869290069e-01
8.611009233869290069e-01
1.226162664666689966e-01
1.226162664666689966e-01
3.413246639502910962e-01
3.413246639502910962e-01
2.154247645525908528e-01
2.154247645525908528e-01
7.092724383028598326e-03
7.092724383028598326e-03
1.199999999999999956e+00
1.199999999999999956e+00
1.167714297429069820e-02
1.167714297429069820e-02
4.593798028417257484e-01
4.593798028417257484e-01
6.935688085947867842e-02
6.935688085947867842e-02
3.136940763269362442e-01
3.136940763269362442e-01
1.199999999999999956e+00
1.199999999999999956e+00
2.084951085424154860e-01
2.084951085424154860e-01
1.716164374425559191e-01
1.716164374425559191e-01
1.199999999999999956e+00
1.199999999999999956e+00
7.495573236679631789e-04
7.495573236679631789e-04
6.434481023455328186e-02
6.434481023455328186e-02
5.544573491827090722e-02
5.544573491827090722e-02
1.102671681804734405e-01
1.102671681804734405e-01
2.683900266880869245e-01
2.683900266880869245e-01
1.199999999999999956e+00
1.199999999999999956e+00
1.747225296843334663e-01
1.747225296843334663e-01
1.199999999999999956e+00
1.199999999999999956e+00
3.087310522331478957e-01
3.087310522331478957e-01
1.199999999999999956e+00
1.199999999999999956e+00
1.199999999999999956e+00
1.199999999999999956e+00
2.849119924411007143e-01
2.849119924411007143e-01
1.732316393974577540e-01
1.732316393974577540e-01
4.459058620202464573e-01
4.459058620202464573e-01
1.221698906620388020e-02
1.221698906620388020e-02
3.689030443514652036e-01
3.689030443514652036e-01
1.199999999999999956e+00
1.199999999999999956e+00
1.199999999999999956e+00
1.199999999999999956e+00
6.132544396719802338e-02
6.132544396719802338e-02
6.696177223857439909e-02
6.696177223857439909e-02
3.599078648326722307e-01
3.599078648326722307e-01
6.189752450879970613e-01
6.189752450879970613e-01
1.665358641359048486e-01
1.665358641359048486e-01
1.402917288402880380e-01
1.402917288402880380e-01
9.928948740533279083e-02
9.928948740533279083e-02
1.251876952046665839e-02
1.251876952046665839e-02
1.679911421159542562e-01
1.679911421159542562e-01
3.523977380324563868e-01
3.523977380324563868e-01
4.518321298346977821e-01
4.518321298346977821e-01
1.571627395176403985e-01
1.571627395176403985e-01
4.124386878321668615e-01
4.124386878321668615e-01
1.852626469410660615e-01
1.852626469410660615e-01
2.814927530403067424e-01
2.814927530403067424e-01
2.083747788356666575e-01
2.083747788356666575e-01
7.614337650226205012e-02
7.614337650226205012e-02
8.108585919750034288e-01
8.108585919750034288e-01
1.199999999999999956e+00
1.199999999999999956e+00
1.199999999999999956e+00
1.199999999999999956e+00
4.615494780898218158e-02
4.615494780898218158e-02
1.434763111795673007e-01
1.434763111795673007e-01
1.492262849321658313e-01
1.492262849321658313e-01
3.369486871649964299e-01
3.369486871649964299e-01
1.549029960105343523e-02
1.549029960105343523e-02
3.394150076442366964e-02
3.394150076442366964e-02
7.746415725138695585e-01
7.746415725138695585e-01
1.199999999999999956e+00
1.199999999999999956e+00
5.771970179160075265e-01
5.771970179160075265e-01
1.199999999999999956e+00
1.199999999999999956e+00
2.968696624342552770e-01
2.968696624342552770e-01
3.419082033952163813e-01
3.419082033952163813e-01
9.528559642081883135e-03
9.528559642081883135e-03
1.199999999999999956e+00
1.199999999999999956e+00
1.502240255440523073e-03
1.502240255440523073e-03
6.986247822691629139e-01
6.986247822691629139e-01
4.421002040893599605e-01
4.421002040893599605e-01
3.278004533596672321e-01
3.278004533596672321e-01
1.698985224237032146e-02
1.698985224237032146e-02
2.091501611356910151e-01
2.091501611356910151e-01
1.795145302960723110e-01
1.795145302960723110e-01
1.522887104208587583e-01
1.522887104208587583e-01
5.610187211304334953e-01
5.610187211304334953e-01
1.384073907582172580e-01
1.384073907582172580e-01
1.199999999999999956e+00
1.199999999999999956e+00
1.199999999999999956e+00
1.199999999999999956e+00
2.529241330818284839e-01
2.529241330818284839e-01
1.190020302826055032e-01
1.190020302826055032e-01
1.131544130937970627e-01
1.131544130937970627e-01
2.912067562913631114e-01
2.912067562913631114e-01
2.479404373285637730e-01
2.479404373285637730e-01
8.196719454430720919e-01
8.196719454430720919e-01
6.219021135304159120e-01
6.219021135304159120e-01
1.963035860398446575e-01
1.963035860398446575e-01
2.966768365320047174e-01
2.966768365320047174e-01
6.141954592168268751e-02
6.141954592168268751e-02
1.199999999999999956e+00
1.199999999999999956e+00
3.144648400617777173e-01
3.144648400617777173e-01
2.796489411397388714e-01
2.796489411397388714e-01
1.600364582538190694e-01
1.600364582538190694e-01
1.199999999999999956e+00
1.199999999999999956e+00
3.920278529441095783e-02
3.920278529441095783e-02
2.041156910729808593e-01
2.041156910729808593e-01
7.437316906376453818e-02
7.437316906376453818e-02
1.199999999999999956e+00
1.199999999999999956e+00
1.199999999999999956e+00
1.199999999999999956e+00
2.504809604423851033e-01
2.504809604423851033e-01
1.199999999999999956e+00
1.199999999999999956e+00
1.092534636638245182e-01
1.092534636638245182e-01
2.082753836020070359e-01
2.082753836020070359e-01
1.199999999999999956e+00
1.199999999999999956e+00
1.788583033934000033e-01
1.788583033934000033e-01
1.419922873449333822e-01
1.419922873449333822e-01
9.688609349847784880e-02
9.688609349847784880e-02
7.916590802082010825e-01
7.916590802082010825e-01
1.199999999999999956e+00
1.199999999999999956e+00
1.413458872399194211e-01
1.413458872399194211e-01
2.815223950137044073e-01
2.815223950137044073e-01
6.590150119907534076e-01
6.590150119907534076e-01
1.493748039370015601e-01
1.493748039370015601e-01
2.410392032217659186e-01
2.410392032217659186e-01
3.078157281689812841e-01
3.078157281689812841e-01
3.771770312274574932e-01
3.771770312274574932e-01
7.622477577337244403e-02
7.622477577337244403e-02
1.156519588424217981e-01
1.156519588424217981e-01
9.231154720071707565e-02
9.231154720071707565e-02
2.084515899571926512e-01
2.084515899571926512e-01
3.649000671420066233e-01
3.649000671420066233e-01
7.801531546809621631e-02
7.801531546809621631e-02
1.199999999999999956e+00
1.199999999999999956e+00
2.898927273512669767e-01
2.898927273512669767e-01
2.509698486293240327e-01
2.509698486293240327e-01
1.199999999999999956e+00
1.199999999999999956e+00
2.695814770618874534e-01
2.695814770618874534e-01
2.731922099102099266e-01
2.731922099102099266e-01
8.976848174045998219e-02
8.976848174045998219e-02
1.003936985193629311e-01
1.003936985193629311e-01
3.697559950070057333e-01
3.697559950070057333e-01
3.816590223481245575e-02
3.816590223481245575e-02
6.464272698086957758e-02
6.464272698086957758e-02
2.794319218547069439e-01
2.794319218547069439e-01
1.384528914063566131e-02
1.384528914063566131e-02
2.025173268596457410e-01
2.025173268596457410e-01
3.877578783935304307e-01
3.877578783935304307e-01
1.104013444974622921e-01
1.104013444974622921e-01
1.199999999999999956e+00
1.199999999999999956e+00
1.199999999999999956e+00
1.199999999999999956e+00
1.199999999999999956e+00
1.199999999999999956e+00
1.085997577543229425e-01
1.085997577543229425e-01
6.400080619125073089e-03
6.400080619125073089e-03
3.831984289754614137e-02
3.831984289754614137e-02
3.919062266830555114e-02
3.919062266830555114e-02
7.548807329491475926e-01
7.548807329491475926e-01
1.576086323233450992e-01
1.576086323233450992e-01
1.199999999999999956e+00
1.199999999999999956e+00
1.199999999999999956e+00
1.199999999999999956e+00
3.027585321923221412e-02
3.027585321923221412e-02
1.199999999999999956e+00
1.199999999999999956e+00
3.643786434706610122e-01
3.643786434706610122e-01
7.100208862898347295e-01
7.100208862898347295e-01
1.199999999999999956e+00
1.199999999999999956e+00
1.053741745341230801e-01
1.053741745341230801e-01
3.288094209471102980e-01
3.288094209471102980e-01
2.099632715071066691e-01
2.099632715071066691e-01
3.707974984245606676e-01
3.707974984245606676e-01
6.574225027916996700e-01
6.574225027916996700e-01
2.625229525880305448e-01
2.625229525880305448e-01
1.199999999999999956e+00
1.199999999999999956e+00
6.254562860019080572e-02
6.254562860019080572e-02
2.950069539694179510e-01
2.950069539694179510e-01
5.805104446835569476e-01
5.805104446835569476e-01
5.812093744146813457e-01
5.812093744146813457e-01
1.526926691875429287e-01
1.526926691875429287e-01
3.665042281954373204e-01
3.665042281954373204e-01
4.977561121692464785e-01
4.977561121692464785e-01
2.990176556653581508e-01
2.990176556653581508e-01
8.189499626396315457e-02
8.189499626396315457e-02
1.199999999999999956e+00
1.199999999999999956e+00
1.902757411102781182e-01
1.902757411102781182e-01
7.499322310948638437e-01
7.499322310948638437e-01
1.199999999999999956e+00
1.199999999999999956e+00
1.338641508413496162e-01
1.338641508413496162e-01
1.313778258091396201e-01
1.313778258091396201e-01
5.151873983297234894e-01
5.151873983297234894e-01
1.372757026326054675e-01
1.372757026326054675e-01
2.055269154496282002e-01
2.055269154496282002e-01
3.566230364618425130e-01
3.566230364618425130e-01
1.199999999999999956e+00
1.199999999999999956e+00
2.133096547327896220e-01
2.133096547327896220e-01
2.702304136671911383e-01
2.702304136671911383e-01
2.287005928175241953e-01
2.287005928175241953e-01
1.073456493001699458e-01
1.073456493001699458e-01
1.028473955572994925e-02
1.028473955572994925e-02
3.142047116218527614e-01
3.142047116218527614e-01
1.674095556850258848e-01
1.674095556850258848e-01
1.133623569241092977e+00
1.133623569241092977e+00
2.034917599861442161e-01
2.034917599861442161e-01
1.806842078646411429e-02
1.806842078646411429e-02
1.199999999999999956e+00
1.199999999999999956e+00
1.199999999999999956e+00
1.199999999999999956e+00
1.599123195312195378e-01
1.599123195312195378e-01
4.994906233208242785e-01
4.994906233208242785e-01
4.358018568620734834e-02
4.358018568620734834e-02
1.446196292629362556e-01
1.446196292629362556e-01
6.274912136741418456e-01
6.274912136741418456e-01
3.316876309505931153e-01
3.316876309505931153e-01
5.761805579171374453e-02
5.761805579171374453e-02
2.910540932614010812e-01
2.910540932614010812e-01
1.402458594740584319e-01
1.402458594740584319e-01
4.845111441283831560e-02
4.845111441283831560e-02
2.138034467004247541e-01
2.138034467004247541e-01
1.714462875466582492e-01
1.714462875466582492e-01
4.745462154143970657e-01
4.745462154143970657e-01
7.907668024107281091e-02
7.907668024107281091e-02
1.199999999999999956e+00
1.199999999999999956e+00
1.859045579790513658e-01
1.859045579790513658e-01
1.026487043395202470e+00
1.026487043395202470e+00
1.199999999999999956e+00
1.199999999999999956e+00
2.237926425297448452e-01
2.237926425297448452e-01
2.171412037413375795e-01
2.171412037413375795e-01
4.640379699133485025e-01
4.640379699133485025e-01
2.416054300699730095e-01
2.416054300699730095e-01
1.199999999999999956e+00
1.199999999999999956e+00
3.999795006672891146e-02
3.999795006672891146e-02
5.380893921418943293e-01
5.380893921418943293e-01
5.337429886776388077e-01
5.337429886776388077e-01
6.122547119477997901e-01
6.122547119477997901e-01
2.662408668159378378e-01
2.662408668159378378e-01
1.817719585925963166e-01
1.817719585925963166e-01
9.067533084031531576e-02
9.067533084031531576e-02
2.472825057426896456e-01
2.472825057426896456e-01
6.923883877702551315e-01
6.923883877702551315e-01
4.502799632010719977e-01
4.502799632010719977e-01
3.977864822215991802e-01
3.977864822215991802e-01
1.199999999999999956e+00
1.199999999999999956e+00
1.100365385428922205e-01
1.100365385428922205e-01
4.515319506762613955e-01
4.515319506762613955e-01
3.928269159636791907e-01
3.928269159636791907e-01
3.964551037323081895e-01
3.964551037323081895e-01
1.569510105835319330e-02
1.569510105835319330e-02
1.548211186843448939e-01
1.548211186843448939e-01
2.384561458566031578e-01
2.384561458566031578e-01
2.972088889668034750e-01
2.972088889668034750e-01
1.557402742587418176e-01
1.557402742587418176e-01
1.199999999999999956e+00
1.199999999999999956e+00
3.201328570774935045e-01
3.201328570774935045e-01
1.199999999999999956e+00
1.199999999999999956e+00
3.311143442686164673e-01
3.311143442686164673e-01
2.581478013158566287e-01
2.581478013158566287e-01
8.184560039485151706e-02
8.184560039485151706e-02
5.583615440874821756e-01
5.583615440874821756e-01
9.794843930920225927e-02
9.794843930920225927e-02
8.077730289810525210e-01
8.077730289810525210e-01
4.218294197831703313e-02
4.218294197831703313e-02
3.547958771790435742e-03
3.547958771790435742e-03
