4.712645282487459841e-01
4.712645282487459841e-01
1.820835464600983888e-01
1.820835464600983888e-01
5.703434360205201781e-01
5.703434360205201781e-01
2.534077835546753588e-01
2.534077835546753588e-01
1.199999999999999956e+00
1.199999999999999956e+00
4.071970108293618829e-01
4.071970108293618829e-01
9.702076989160515752e-02
9.702076989160515752e-02
1.199999999999999956e+00
1.199999999999999956e+00
3.208478729124810691e-01
3.208478729124810691e-01
1.213906560196313100e-01
1.213906560196313100e-01
3.635418760764976831e-01
3.635418760764976831e-01
3.409618808305474591e-01
3.409618808305474591e-01
1.199999999999999956e+00
1.199999999999999956e+00
1.199999999999999956e+00
1.199999999999999956e+00
1.199999999999999956e+00
1.199999999999999956e+00
1.026520545730945505e-01
1.026520545730945505e-01
3.612079124569934629e-01
3.612079124569934629e-01
2.031872504036882909e-01
2.031872504036882909e-01
1.487569093889788141e-01
1.487569093889788141e-01
3.008336423904038881e-01
3.008336423904038881e-01
2.810771885902739187e-01
2.810771885902739187e-01
9.647013467436780232e-01
9.647013467436780232e-01
4.135471000217260107e-01
4.135471000217260107e-01
1.199999999999999956e+00
1.199999999999999956e+00
5.953337839435175749e-02
5.953337839435175749e-02
1.199999999999999956e+00
1.199999999999999956e+00
1.199999999999999956e+00
1.199999999999999956e+00
1.199999999999999956e+00
1.199999999999999956e+00
1.199999999999999956e+00
1.199999999999999956e+00
1.199999999999999956e+00
1.199999999999999956e+00
3.991502759494848784e-01
3.991502759494848784e-01
1.199999999999999956e+00
1.199999999999999956e+00
1.199999999999999956e+00
1.199999999999999956e+00
8.743243159388902619e-02
8.743243159388902619e-02
3.939028301457456749e-01
3.939028301457456749e-01
9.070472092693361577e-02
9.070472092693361577e-02
1.199999999999999956e+00
1.199999999999999956e+00
2.106797100667820166e-01
2.106797100667820166e-01
2.232912600168021344e-01
2.232912600168021344e-01
1.886831385671621508e-01
1.886831385671621508e-01
1.199999999999999956e+00
1.199999999999999956e+00
9.798005360062705948e-02
9.798005360062705948e-02
2.273340437887868826e-01
2.273340437887868826e-01
4.981640217144048255e-01
4.981640217144048255e-01
2.169068346863516072e-01
2.169068346863516072e-01
3.980107253321545357e-01
3.980107253321545357e-01
7.120172879477816297e-01
7.120172879477816297e-01
5.281071624367420503e-01
5.281071624367420503e-01
1.177234788006771143e-01
1.177234788006771143e-01
1.199999999999999956e+00
1.199999999999999956e+00
4.422636388658038320e-01
4.422636388658038320e-01
4.560271742000977790e-02
4.560271742000977790e-02
1.139706155728605341e-01
1.139706155728605341e-01
1.674198669069691114e-01
1.674198669069691114e-01
2.711918407121480246e-01
2.711918407121480246e-01
5.461969577498934081e-01
5.461969577498934081e-01
1.060437391999881629e-01
1.060437391999881629e-01
3.835431658992493609e-01
3.835431658992493609e-01
1.199999999999999956e+00
1.199999999999999956e+00
7.248309715535706799e-01
7.248309715535706799e-01
1.481785283389950858e-01
1.481785283389950858e-01
9.405424302312967444e-02
9.405424302312967444e-02
7.492444712593157030e-01
7.492444712593157030e-01
1.056615920078431553e-01
1.056615920078431553e-01
6.428676421238401772e-01
6.428676421238401772e-01
2.210523421357437346e-01
2.210523421357437346e-01
1.199999999999999956e+00
1.199999999999999956e+00
6.261442655497367893e-01
6.261442655497367893e-01
2.508471253824093306e-01
2.508471253824093306e-01
1.959135740099560152e-01
1.959135740099560152e-01
2.797013829463560475e-01
2.797013829463560475e-01
2.223532166148465272e-01
2.223532166148465272e-01
2.240559876124456062e-01
2.240559876124456062e-01
3.410331617628628020e-01
3.410331617628628020e-01
1.199999999999999956e+00
1.199999999999999956e+00
2.304186413553884760e-01
2.304186413553884760e-01
4.241852189534787709e-01
4.241852189534787709e-01
1.320140033348160269e-01
1.320140033348160269e-01
2.674949015923884232e-01
2.674949015923884232e-01
6.083787975076981880e-01
6.083787975076981880e-01
6.031098478274338204e-01
6.031098478274338204e-01
4.187699123935713641e-01
4.187699123935713641e-01
4.010387803496526793e-01
4.010387803496526793e-01
1.369279355159998962e-02
1.369279355159998962e-02
1.199999999999999956e+00
1.199999999999999956e+00
1.386759289064044831e-01
1.386759289064044831e-01
4.550336145600988313e-01
4.550336145600988313e-01
1.144357241746592029e-02
1.144357241746592029e-02
4.742031211416932596e-02
4.742031211416932596e-02
1.199999999999999956e+00
1.199999999999999956e+00
7.089168113431677798e-02
7.089168113431677798e-02
4.772284074069050863e-01
4.772284074069050863e-01
1.199999999999999956e+00
1.199999999999999956e+00
3.860151088890417803e-01
3.860151088890417803e-01
6.891505765704855069e-01
6.891505765704855069e-01
4.437729947315456613e-02
4.437729947315456613e-02
7.813175860759192792e-01
7.813175860759192792e-01
1.011237906139674125e+00
1.011237906139674125e+00
1.199999999999999956e+00
1.199999999999999956e+00
3.929625362446897974e-01
3.929625362446897974e-01
5.553386639135382552e-01
5.553386639135382552e-01
1.199999999999999956e+00
1.199999999999999956e+00
8.509859648717938985e-01
8.509859648717938985e-01
2.825111796165055145e-01
2.825111796165055145e-01
8.698265902801502469e-02
8.698265902801502469e-02
3.476402232329929287e-01
3.476402232329929287e-01
1.199999999999999956e+00
1.199999999999999956e+00
1.199999999999999956e+00
1.199999999999999956e+00
6.267601371453356274e-01
6.267601371453356274e-01
2.858940376344702439e-01
2.858940376344702439e-01
1.199999999999999956e+00
1.199999999999999956e+00
3.195061173783173558e-01
3.195061173783173558e-01
1.718841001545461378e-01
1.718841001545461378e-01
1.199999999999999956e+00
1.199999999999999956e+00
1.199999999999999956e+00
1.199999999999999956e+00
3.893509408030919605e-01
3.893509408030919605e-01
1.310861008055343724e-01
1.310861008055343724e-01
5.939573722162087011e-01
5.939573722162087011e-01
1.049988986968915655e-01
1.049988986968915655e-01
2.811765942975761323e-01
2.811765942975761323e-01
1.199999999999999956e+00
1.199999999999999956e+00
2.398260898372385486e-01
2.398260898372385486e-01
1.199999999999999956e+00
1.199999999999999956e+00
7.274115309505006788e-02
7.274115309505006788e-02
9.234361884309542912e-02
9.234361884309542912e-02
1.199999999999999956e+00
1.199999999999999956e+00
1.199999999999999956e+00
1.199999999999999956e+00
2.056033575832233729e-01
2.056033575832233729e-01
3.383902023224030081e-02
3.383902023224030081e-02
1.199999999999999956e+00
1.199999999999999956e+00
6.625000109296750317e-01
6.625000109296750317e-01
2.724543629951500789e-01
2.724543629951500789e-01
1.148197308328162469e+00
1.148197308328162469e+00
3.158208470806034285e-02
3.158208470806034285e-02
4.320956626890344321e-01
4.320956626890344321e-01
5.213506474257744161e-01
5.213506474257744161e-01
1.199999999999999956e+00
1.199999999999999956e+00
6.581692730309678385e-01
6.581692730309678385e-01
8.292306172177845713e-01
8.292306172177845713e-01
1.134846136038894643e-01
1.134846136038894643e-01
9.868779629517118179e-01
9.868779629517118179e-01
2.014540580104974277e-01
2.014540580104974277e-01
1.748689845048305158e-01
1.748689845048305158e-01
4.657844967336086800e-02
4.657844967336086800e-02
9.050643078832655564e-02
9.050643078832655564e-02
1.199999999999999956e+00
1.199999999999999956e+00
8.723832872614043499e-01
8.723832872614043499e-01
8.385427899203459212e-01
8.385427899203459212e-01
6.756491013099141796e-01
6.756491013099141796e-01
3.252246739517373753e-01
3.252246739517373753e-01
2.483283563439172004e-01
2.483283563439172004e-01
2.304042337477435753e-01
2.304042337477435753e-01
7.006441660097771640e-02
7.006441660097771640e-02
4.779181164487568134e-01
4.779181164487568134e-01
1.199999999999999956e+00
1.199999999999999956e+00
3.678811216273539797e-01
3.678811216273539797e-01
4.434991056804403198e-01
4.434991056804403198e-01
8.995951114345051014e-01
8.995951114345051014e-01
4.037290569344534896e-01
4.037290569344534896e-01
3.448160019144345112e-01
3.448160019144345112e-01
5.942361761545272847e-01
5.942361761545272847e-01
6.378229820146007201e-02
6.378229820146007201e-02
3.629416250048390219e-02
3.629416250048390219e-02
3.085611547683635436e-01
3.085611547683635436e-01
1.840185492511699772e-01
1.840185492511699772e-01
4.495131980907232649e-02
4.495131980907232649e-02
3.221961615471148344e-01
3.221961615471148344e-01
5.959592856520149612e-02
5.959592856520149612e-02
4.613679179288538990e-01
4.613679179288538990e-01
2.731060130563466859e-01
2.731060130563466859e-01
1.897037138988062477e-01
1.897037138988062477e-01
1.767449031635400514e-01
1.767449031635400514e-01
1.199999999999999956e+00
1.199999999999999956e+00
1.231075535511902130e-01
1.231075535511902130e-01
5.671797329424095591e-02
5.671797329424095591e-02
3.196764522810847942e-02
3.196764522810847942e-02
1.422729608735317508e-01
1.422729608735317508e-01
1.364762625215460712e-01
1.364762625215460712e-01
1.199999999999999956e+00
1.199999999999999956e+00
2.073993653532902881e-01
2.073993653532902881e-01
2.950563798487110256e-01
2.950563798487110256e-01
3.710768300349698290e-01
3.710768300349698290e-01
1.199999999999999956e+00
1.199999999999999956e+00
1.293369717205325453e-01
1.293369717205325453e-01
6.718280627214542333e-01
6.718280627214542333e-01
3.116686187222233451e-01
3.116686187222233451e-01
5.567189938979703046e-01
5.567189938979703046e-01
4.994826773445110724e-01
4.994826773445110724e-01
1.256430871241024649e-01
1.256430871241024649e-01
4.459198083303932414e-01
4.459198083303932414e-01
1.814109334125485473e-01
1.814109334125485473e-01
1.199999999999999956e+00
1.199999999999999956e+00
3.946399264019114644e-02
3.946399264019114644e-02
2.100069004446437904e-01
2.100069004446437904e-01
8.129454235027377962e-01
8.129454235027377962e-01
3.218508471437001028e-01
3.218508471437001028e-01
5.109080182531338110e-01
5.109080182531338110e-01
1.007941214656966622e-01
1.007941214656966622e-01
1.199999999999999956e+00
1.199999999999999956e+00
1.199999999999999956e+00
1.199999999999999956e+00
5.215292516286315072e-01
5.215292516286315072e-01
2.628561846714054795e-01
2.628561846714054795e-01
2.231326504069417460e-01
2.231326504069417460e-01
2.878376232138278867e-01
2.878376232138278867e-01
1.199999999999999956e+00
1.199999999999999956e+00
5.368377465306345409e-01
5.368377465306345409e-01
3.303986755224379568e-01
3.303986755224379568e-01
3.029350270504808096e-01
3.029350270504808096e-01
4.825931961762937594e-01
4.825931961762937594e-01
4.368113457753606266e-01
4.368113457753606266e-01
6.366572741658753365e-02
6.366572741658753365e-02
1.199999999999999956e+00
1.199999999999999956e+00
4.537464863969306039e-01
4.537464863969306039e-01
6.175456219148159343e-02
6.175456219148159343e-02
1.597729945563282627e-01
1.597729945563282627e-01
6.315383204148537766e-02
6.315383204148537766e-02
1.199999999999999956e+00
1.199999999999999956e+00
1.199999999999999956e+00
1.199999999999999956e+00
2.985601626256764174e-01
2.985601626256764174e-01
8.326848708029108842e-03
8.326848708029108842e-03
1.199999999999999956e+00
1.199999999999999956e+00
3.103062026327397388e-02
3.103062026327397388e-02
3.955796770653040306e-02
3.955796770653040306e-02
4.482633855724472705e-01
4.482633855724472705e-01
1.199999999999999956e+00
1.199999999999999956e+00
5.469636212830544797e-02
5.469636212830544797e-02
1.198484328013236233e-01
1.198484328013236233e-01
2.689389460969761614e-01
2.689389460969761614e-01
1.859741119406050636e-01
1.859741119406050636e-01
1.406878492920821677e-01
1.406878492920821677e-01
1.937998700690864995e-01
1.937998700690864995e-01
1.199999999999999956e+00
1.199999999999999956e+00
4.731898683252073190e-01
4.731898683252073190e-01
4.948078508443622403e-01
4.948078508443622403e-01
2.334520259432649736e-01
2.334520259432649736e-01
2.274563802619390396e-01
2.274563802619390396e-01
6.365177436438598235e-01
6.365177436438598235e-01
8.482100479839127516e-02
8.482100479839127516e-02
1.199999999999999956e+00
1.199999999999999956e+00
4.705647729317951056e-01
4.705647729317951056e-01
1.766800723534572570e-01
1.766800723534572570e-01
2.223715887629235943e-01
2.223715887629235943e-01
4.246598658086189748e-01
4.246598658086189748e-01
3.891387977085778577e-02
3.891387977085778577e-02
1.770414438728344364e-01
1.770414438728344364e-01
1.199999999999999956e+00
1.199999999999999956e+00
2.876962613932507740e-01
2.876962613932507740e-01
1.199999999999999956e+00
1.199999999999999956e+00
3.423323960007360611e-01
3.423323960007360611e-01
1.199999999999999956e+00
1.199999999999999956e+00
1.206784056852587411e-01
1.206784056852587411e-01
8.350543490741331454e-02
8.350543490741331454e-02
4.630278735646400357e-01
4.630278735646400357e-01
3.366679929994342846e-01
3.366679929994342846e-01
1.372558527021983110e-02
1.372558527021983110e-02
6.932551550503919524e-02
6.932551550503919524e-02
4.411097990637168897e-01
4.411097990637168897e-01
1.199999999999999956e+00
1.199999999999999956e+00
1.074102152846531655e-01
1.074102152846531655e-01
6.670620950657683151e-03
6.670620950657683151e-03
2.624670129889564857e-02
2.624670129889564857e-02
3.897063285828514800e-01
3.897063285828514800e-01
4.089123911345680096e-01
4.089123911345680096e-01
2.893716683816666135e-01
2.893716683816666135e-01
1.199999999999999956e+00
1.199999999999999956e+00
3.068863058611765449e-01
3.068863058611765449e-01
9.232651896025845240e-02
9.232651896025845240e-02
2.055022635276415599e-01
2.055022635276415599e-01
3.685844106366154005e-01
3.685844106366154005e-01
1.199999999999999956e+00
1.199999999999999956e+00
9.987549221219622908e-02
9.987549221219622908e-02
2.311372333305399818e-01
2.311372333305399818e-01
1.199999999999999956e+00
1.199999999999999956e+00
2.132135269164413816e-01
2.132135269164413816e-01
4.626370788171140780e-01
4.626370788171140780e-01
4.210669881796172409e-01
4.210669881796172409e-01
1.199999999999999956e+00
1.199999999999999956e+00
3.984703795405132865e-01
3.984703795405132865e-01
5.284884921014209036e-01
5.284884921014209036e-01
5.982847071291493846e-01
5.982847071291493846e-01
4.606401138129883055e-01
4.606401138129883055e-01
4.469750461206626335e-01
4.469750461206626335e-01
1.765273571436476105e-02
1.765273571436476105e-02
3.350895744880318800e-02
3.350895744880318800e-02
6.199472754483875692e-02
6.199472754483875692e-02
3.229837313978136115e-01
3.229837313978136115e-01
3.017780423396702605e-01
3.017780423396702605e-01
1.453778488116613254e-01
1.453778488116613254e-01
1.249475825006240853e-01
1.249475825006240853e-01
7.008939555649527087e-01
7.008939555649527087e-01
1.158344390477448055e-01
1.158344390477448055e-01
2.684320932472588073e-01
2.684320932472588073e-01
4.547404012386122574e-01
4.547404012386122574e-01
1.199999999999999956e+00
1.199999999999999956e+00
4.796452440366433811e-01
4.796452440366433811e-01
4.038260912047434426e-01
4.038260912047434426e-01
1.087072739818313594e-01
1.087072739818313594e-01
1.315498577654196644e-01
1.315498577654196644e-01
2.994000138534195776e-01
2.994000138534195776e-01
2.571596249027771619e-01
2.571596249027771619e-01
8.539211303130258557e-01
8.539211303130258557e-01
5.718007931418308543e-01
5.718007931418308543e-01
2.922495615038517847e-01
2.922495615038517847e-01
1.199999999999999956e+00
1.199999999999999956e+00
4.763324134488831629e-01
4.763324134488831629e-01
4.039272770219180519e-01
4.039272770219180519e-01
4.978008283805051004e-01
4.978008283805051004e-01
3.502805295652348661e-01
3.502805295652348661e-01
2.796477441781259898e-01
2.796477441781259898e-01
3.057850256265001176e-01
3.057850256265001176e-01
4.807734764958374041e-02
4.807734764958374041e-02
1.232499241680342500e-01
1.232499241680342500e-01
2.484415582000525091e-01
2.484415582000525091e-01
1.016623856117909730e+00
1.016623856117909730e+00
6.286572389126641180e-01
6.286572389126641180e-01
2.293440545501489874e-02
2.293440545501489874e-02
1.199999999999999956e+00
1.199999999999999956e+00
8.173167111432999565e-01
8.173167111432999565e-01
6.950622381697115770e-01
6.950622381697115770e-01
2.065618682504415105e-02
2.065618682504415105e-02
1.199999999999999956e+00
1.199999999999999956e+00
1.199999999999999956e+00
1.199999999999999956e+00
7.247374218681942870e-02
7.247374218681942870e-02
7.112094489534977193e-02
7.112094489534977193e-02
6.247089193990514877e-01
6.247089193990514877e-01
7.972725690349378169e-01
7.972725690349378169e-01
2.227716557629376981e-01
2.227716557629376981e-01
2.030039613440288437e-01
2.030039613440288437e-01
1.050521790736188427e-01
1.050521790736188427e-01
9.040267872054512377e-02
9.040267872054512377e-02
1.080433420702058556e-01
1.080433420702058556e-01
2.755911837832139555e-01
2.755911837832139555e-01
1.199999999999999956e+00
1.199999999999999956e+00
8.532683931719472481e-01
8.532683931719472481e-01
3.734272462741654586e-01
3.734272462741654586e-01
8.209894775668129530e-01
8.209894775668129530e-01
8.017089884279839929e-01
8.017089884279839929e-01
1.763905243285826818e-01
1.763905243285826818e-01
1.515365665790704142e-01
1.515365665790704142e-01
1.862030175934704657e-01
1.862030175934704657e-01
1.091892133614590921e-01
1.091892133614590921e-01
2.674638452458652504e-01
2.674638452458652504e-01
2.033569463152679890e-01
2.033569463152679890e-01
4.297187181180769366e-01
4.297187181180769366e-01
1.199999999999999956e+00
1.199999999999999956e+00
2.051229254961566828e-01
2.051229254961566828e-01
7.036549125762688872e-01
7.036549125762688872e-01
2.596751152473149027e-01
2.596751152473149027e-01
1.420817156704160256e-01
1.420817156704160256e-01
3.209782551314976917e-01
3.209782551314976917e-01
1.044926051600363892e-01
1.044926051600363892e-01
9.106808218729510462e-02
9.106808218729510462e-02
3.426479284835605432e-02
3.426479284835605432e-02
1.199999999999999956e+00
1.199999999999999956e+00
2.368870630924469478e-01
2.368870630924469478e-01
2.278814063957644229e-02
2.278814063957644229e-02
8.324881054126976876e-01
8.324881054126976876e-01
2.903065754424222766e-01
2.903065754424222766e-01
3.324241594351581286e-01
3.324241594351581286e-01
6.272701050739452056e-01
6.272701050739452056e-01
1.107904870775622830e-01
1.107904870775622830e-01
3.460111410159727452e-01
3.460111410159727452e-01
6.536637407404052302e-01
6.536637407404052302e-01
2.832767421671957830e-01
2.832767421671957830e-01
4.711906602785480569e-01
4.711906602785480569e-01
2.153665568973625322e-01
2.153665568973625322e-01
8.549083653484054746e-02
8.549083653484054746e-02
3.398554499139683771e-01
3.398554499139683771e-01
7.354685707136512374e-01
7.354685707136512374e-01
7.707176413966419781e-02
7.707176413966419781e-02
3.171769778547549046e-01
3.171769778547549046e-01
1.199999999999999956e+00
1.199999999999999956e+00
7.657725899415503967e-01
7.657725899415503967e-01
5.596886775609933862e-01
5.596886775609933862e-01
4.145196825776130689e-01
4.145196825776130689e-01
1.199999999999999956e+00
1.199999999999999956e+00
4.861825468243851645e-01
4.861825468243851645e-01
1.075596956222190093e+00
1.075596956222190093e+00
6.273926985061382133e-01
6.273926985061382133e-01
5.166069838319805596e-01
5.166069838319805596e-01
7.397992289711060598e-01
7.397992289711060598e-01
1.199999999999999956e+00
1.199999999999999956e+00
4.494895669684417783e-01
4.494895669684417783e-01
6.004833461974508346e-02
6.004833461974508346e-02
4.997389866299583594e-01
4.997389866299583594e-01
3.285772689768243215e-01
3.285772689768243215e-01
5.927888571491507497e-02
5.927888571491507497e-02
1.199999999999999956e+00
1.199999999999999956e+00
4.839226093728012379e-01
4.839226093728012379e-01
2.976046622572084965e-01
2.976046622572084965e-01
1.145299169866160982e+00
1.145299169866160982e+00
1.199999999999999956e+00
1.199999999999999956e+00
6.463027322813573727e-01
6.463027322813573727e-01
1.072216837273145096e+00
1.072216837273145096e+00
2.224297789526226699e-01
2.224297789526226699e-01
1.801306483712386830e-01
1.801306483712386830e-01
1.199999999999999956e+00
1.199999999999999956e+00
9.297458093600541318e-01
9.297458093600541318e-01
3.263631556005262002e-01
3.263631556005262002e-01
3.384311681757820045e-01
3.384311681757820045e-01
1.199999999999999956e+00
1.199999999999999956e+00
1.199999999999999956e+00
1.199999999999999956e+00
2.916463213559616907e-02
2.916463213559616907e-02
1.199999999999999956e+00
1.199999999999999956e+00
3.286306241144286155e-01
3.286306241144286155e-01
1.199999999999999956e+00
1.199999999999999956e+00
2.556193100511557348e-01
2.556193100511557348e-01
1.199999999999999956e+00
1.199999999999999956e+00
2.201552674465442616e-01
2.201552674465442616e-01
4.655346240512167610e-02
4.655346240512167610e-02
3.235547782150064843e-03
3.235547782150064843e-03
1.535778801330486658e-02
1.535778801330486658e-02
1.199999999999999956e+00
1.199999999999999956e+00
5.149346543127555353e-01
5.149346543127555353e-01
6.546962958678717026e-01
6.546962958678717026e-01
1.045713020982976665e-01
1.045713020982976665e-01
1.277438018221061233e-01
1.277438018221061233e-01
1.274708468703624753e-01
1.274708468703624753e-01
1.199999999999999956e+00
1.199999999999999956e+00
2.734684843046500391e-02
2.734684843046500391e-02
3.073055664739241521e-01
3.073055664739241521e-01
1.199999999999999956e+00
1.199999999999999956e+00
2.401034067597518709e-02
2.401034067597518709e-02
1.199999999999999956e+00
1.199999999999999956e+00
8.962504988775507053e-01
8.962504988775507053e-01
3.561083889847549422e-01
3.561083889847549422e-01
1.215595240578304814e+00
1.215595240578304814e+00
1.199999999999999956e+00
1.199999999999999956e+00
2.596820835456287724e-01
2.596820835456287724e-01
1.600363173593775945e-01
1.600363173593775945e-01
9.121094483135211428e-02
9.121094483135211428e-02
2.336306437782284182e-02
2.336306437782284182e-02
2.940479126294502366e-01
2.940479126294502366e-01
3.868278617730580016e-01
3.868278617730580016e-01
5.118530129840715981e-01
5.118530129840715981e-01
3.896906087014121445e-01
3.896906087014121445e-01
2.483630761494879102e-01
2.483630761494879102e-01
1.199999999999999956e+00
1.199999999999999956e+00
4.083598266476434202e-01
4.083598266476434202e-01
3.120083940665278610e-01
3.120083940665278610e-01
1.199999999999999956e+00
1.199999999999999956e+00
5.121153274416373469e-01
5.121153274416373469e-01
1.199999999999999956e+00
1.199999999999999956e+00
2.848133701614660729e-01
2.848133701614660729e-01
5.521934570752912164e-01
5.521934570752912164e-01
3.305586343999307175e-01
3.305586343999307175e-01
3.085400700365305560e-01
3.085400700365305560e-01
2.215470133433992683e-01
2.215470133433992683e-01
1.257806201110961142e-01
1.257806201110961142e-01
7.899173873779989918e-01
7.899173873779989918e-01
1.274270817129695248e-02
1.274270817129695248e-02
1.172845105120436521e-01
1.172845105120436521e-01
5.592406219677042295e-02
5.592406219677042295e-02
7.611560136749473404e-02
7.611560136749473404e-02
1.990282387837412695e-02
1.990282387837412695e-02
5.131508230707915175e-01
5.131508230707915175e-01
1.199999999999999956e+00
1.199999999999999956e+00
4.210591769622382685e-01
4.210591769622382685e-01
1.199999999999999956e+00
1.199999999999999956e+00
1.199999999999999956e+00
1.199999999999999956e+00
6.225789674715831445e-02
6.225789674715831445e-02
3.784493416174833369e-02
3.784493416174833369e-02
4.595023064812536035e-04
4.595023064812536035e-04
1.199999999999999956e+00
1.199999999999999956e+00
7.563651244520838146e-01
7.563651244520838146e-01
5.779126002893582026e-01
5.779126002893582026e-01
1.199999999999999956e+00
1.199999999999999956e+00
4.890484394652754863e-01
4.890484394652754863e-01
1.199999999999999956e+00
1.199999999999999956e+00
8.562916350232664675e-02
8.562916350232664675e-02
1.199999999999999956e+00
1.199999999999999956e+00
4.230119449586497438e-01
4.230119449586497438e-01
2.180875873592615644e-01
2.180875873592615644e-01
8.421011292259905634e-02
8.421011292259905634e-02
9.533701224499273597e-01
9.533701224499273597e-01
4.741337271156092353e-02
4.741337271156092353e-02
1.199999999999999956e+00
1.199999999999999956e+00
3.150220430485947132e-01
3.150220430485947132e-01
3.770987728169039599e-01
3.770987728169039599e-01
4.196252345403274353e-02
4.196252345403274353e-02
3.996858452794861682e-02
3.996858452794861682e-02
1.770151830575495966e-01
1.770151830575495966e-01
2.651408971858970065e-01
2.651408971858970065e-01
1.199999999999999956e+00
1.199999999999999956e+00
6.239367264543150826e-01
6.239367264543150826e-01
7.134712151397851754e-01
7.134712151397851754e-01
1.841825836990268472e-01
1.841825836990268472e-01
1.199999999999999956e+00
1.199999999999999956e+00
1.189202696681313509e-01
1.189202696681313509e-01
1.199999999999999956e+00
1.199999999999999956e+00
8.366188147984078560e-02
8.366188147984078560e-02
1.945698889013808275e-01
1.945698889013808275e-01
3.623526804944842694e-01
3.623526804944842694e-01
1.513931299373322270e-01
1.513931299373322270e-01
5.489422158131306295e-01
5.489422158131306295e-01
1.449128979066171552e-01
1.449128979066171552e-01
4.036686323961328760e-01
4.036686323961328760e-01
1.364102059321719851e-01
1.364102059321719851e-01
2.932513564719794186e-01
2.932513564719794186e-01
1.199999999999999956e+00
1.199999999999999956e+00
6.655629809653150486e-02
6.655629809653150486e-02
1.961280052307933230e-01
1.961280052307933230e-01
3.063739138324769740e-02
3.063739138324769740e-02
5.695071123721885398e-01
5.695071123721885398e-01
2.767342226346384826e-01
2.767342226346384826e-01
1.199999999999999956e+00
1.199999999999999956e+00
3.966123828253251271e-01
3.966123828253251271e-01
6.660551975943486136e-01
6.660551975943486136e-01
7.636598372746549179e-01
7.636598372746549179e-01
1.369344705443684973e-01
1.369344705443684973e-01
1.387898259833305892e-01
1.387898259833305892e-01
3.604181963845830006e-01
3.604181963845830006e-01
2.859805297479179331e-01
2.859805297479179331e-01
1.199999999999999956e+00
1.199999999999999956e+00
1.199999999999999956e+00
1.199999999999999956e+00
3.942480811039697497e-01
3.942480811039697497e-01
7.443013219167797512e-02
7.443013219167797512e-02
1.780705609689652857e-01
1.780705609689652857e-01
7.501952195511567556e-01
7.501952195511567556e-01
7.678135035471090886e-01
7.678135035471090886e-01
2.918700786077535470e-01
2.918700786077535470e-01
4.642982992604666181e-02
4.642982992604666181e-02
5.140944529886787295e-01
5.140944529886787295e-01
9.077989534008509137e-03
9.077989534008509137e-03
3.480867649537693898e-01
3.480867649537693898e-01
1.199999999999999956e+00
1.199999999999999956e+00
2.117545609317919228e-02
2.117545609317919228e-02
4.984343532225461032e-02
4.984343532225461032e-02
3.596674893811715318e-02
3.596674893811715318e-02
5.954201312354943099e-01
5.954201312354943099e-01
1.720376974911095591e-01
1.720376974911095591e-01
4.786224088144008793e-01
4.786224088144008793e-01
1.199999999999999956e+00
1.199999999999999956e+00
2.883353364418503317e-01
2.883353364418503317e-01
1.199999999999999956e+00
1.199999999999999956e+00
1.455582215705722993e-01
1.455582215705722993e-01
1.131828106738176909e-01
1.131828106738176909e-01
7.319305436472645088e-02
7.319305436472645088e-02
4.533676505371501131e-01
4.533676505371501131e-01
9.150203878537843671e-02
9.150203878537843671e-02
1.199999999999999956e+00
1.199999999999999956e+00
1.337325665903725536e-01
1.337325665903725536e-01
2.268453214994859413e-01
2.268453214994859413e-01
3.462597484762882649e-01
3.462597484762882649e-01
1.477680343445343381e-01
1.477680343445343381e-01
1.199999999999999956e+00
1.199999999999999956e+00
5.851873892830264934e-01
5.851873892830264934e-01
4.187348331203408769e-01
4.187348331203408769e-01
7.116824307834122842e-02
7.116824307834122842e-02
7.069174273714692869e-02
7.069174273714692869e-02
2.917130539369454656e-01
2.917130539369454656e-01
4.987152066419779650e-02
4.987152066419779650e-02
1.421695122890653286e-02
1.421695122890653286e-02
4.176774379391481329e-01
4.176774379391481329e-01
1.299718737727123263e-01
1.299718737727123263e-01
1.374970571305986489e-01
1.374970571305986489e-01
4.507805589044919237e-02
4.507805589044919237e-02
3.684128807554407636e-01
3.684128807554407636e-01
8.035317871297509296e-02
8.035317871297509296e-02
5.233473239908870145e-01
5.233473239908870145e-01
3.922477273580807777e-01
3.922477273580807777e-01
3.255657749122643080e-02
3.255657749122643080e-02
2.517666540063064895e-01
2.517666540063064895e-01
2.602968550769388378e-01
2.602968550769388378e-01
8.999213600932013390e-01
8.999213600932013390e-01
8.788925984218527374e-03
8.788925984218527374e-03
5.213335366949268801e-01
5.213335366949268801e-01
4.233971409660285956e-01
4.233971409660285956e-01
5.253433283661154141e-01
5.253433283661154141e-01
6.725528313942034098e-01
6.725528313942034098e-01
9.975193448067648516e-01
9.975193448067648516e-01
8.712891693554898342e-01
8.712891693554898342e-01
3.193148716793863667e-02
3.193148716793863667e-02
1.199999999999999956e+00
1.199999999999999956e+00
6.236948917985249974e-01
6.236948917985249974e-01
2.081368502091670014e-01
2.081368502091670014e-01
2.456006542306136964e-02
2.456006542306136964e-02
3.456776913882130819e-01
3.456776913882130819e-01
5.576445013748306812e-01
5.576445013748306812e-01
3.203122147621245142e-01
3.203122147621245142e-01
1.180393047894991443e-01
1.180393047894991443e-01
8.509995005722034711e-02
8.509995005722034711e-02
2.066276968247921300e-02
2.066276968247921300e-02
4.431807287045483879e-01
4.431807287045483879e-01
6.881533417572305300e-02
6.881533417572305300e-02
9.799243600141864519e-02
9.799243600141864519e-02
1.199999999999999956e+00
1.199999999999999956e+00
1.199999999999999956e+00
1.199999999999999956e+00
9.930221844999632258e-03
9.930221844999632258e-03
2.378216854201641722e-02
2.378216854201641722e-02
1.932783171079063833e-01
1.932783171079063833e-01
1.199999999999999956e+00
1.199999999999999956e+00
4.807376235924016444e-02
4.807376235924016444e-02
7.587803909093381316e-01
7.587803909093381316e-01
2.253283933776837333e-01
2.253283933776837333e-01
2.299612345404651315e-01
2.299612345404651315e-01
1.210411284530823334e-01
1.210411284530823334e-01
3.863961200054977230e-02
3.863961200054977230e-02
1.765686164887700915e-01
1.765686164887700915e-01
8.213233425051130743e-02
8.213233425051130743e-02
4.163195010341673719e-01
4.163195010341673719e-01
1.788634271999721415e-01
1.788634271999721415e-01
9.991600584341853164e-02
9.991600584341853164e-02
3.312070469994636834e-01
3.312070469994636834e-01
3.707447420929794735e-01
3.707447420929794735e-01
1.199999999999999956e+00
1.199999999999999956e+00
1.199999999999999956e+00
1.199999999999999956e+00
1.723625496804222224e-02
1.723625496804222224e-02
1.468447260900406504e-01
1.468447260900406504e-01
3.481202350330863532e-02
3.481202350330863532e-02
4.582311827428176693e-02
4.582311827428176693e-02
2.040908606214338894e-01
2.040908606214338894e-01
1.199999999999999956e+00
1.199999999999999956e+00
2.158691181320838634e-02
2.158691181320838634e-02
1.590673825555474208e-01
1.590673825555474208e-01
1.199999999999999956e+00
1.199999999999999956e+00
9.638708308888171983e-02
9.638708308888171983e-02
1.983882510573508340e-01
1.983882510573508340e-01
1.199999999999999956e+00
1.199999999999999956e+00
2.320768867261973623e-01
2.320768867261973623e-01
5.488985469011507107e-02
5.488985469011507107e-02
1.461343766336174188e-01
1.461343766336174188e-01
2.575744534305698941e-01
2.575744534305698941e-01
1.856248022484983939e-01
1.856248022484983939e-01
8.038160067126530473e-02
8.038160067126530473e-02
4.823719924250653712e-02
4.823719924250653712e-02
1.199999999999999956e+00
1.199999999999999956e+00
1.152569911826722554e-01
1.152569911826722554e-01
1.199999999999999956e+00
1.199999999999999956e+00
1.530045266635861323e-01
1.530045266635861323e-01
6.671886674048056742e-02
6.671886674048056742e-02
1.357746404512472915e-01
1.357746404512472915e-01
3.308526015421862088e-01
3.308526015421862088e-01
3.513022302006807984e-01
3.513022302006807984e-01
3.487573273720856633e-03
3.487573273720856633e-03
1.869727427902871941e-01
1.869727427902871941e-01
7.541319485532625710e-02
7.541319485532625710e-02
7.080398733107869103e-02
7.080398733107869103e-02
4.962399290982036359e-01
4.962399290982036359e-01
1.199999999999999956e+00
1.199999999999999956e+00
4.287730940333951968e-01
4.287730940333951968e-01
9.567680046745333233e-02
9.567680046745333233e-02
8.339730416121692025e-02
8.339730416121692025e-02
6.015339364795396770e-01
6.015339364795396770e-01
3.655809130454110711e-01
3.655809130454110711e-01
1.987178698275718081e-01
1.987178698275718081e-01
1.857393085444086211e-01
1.857393085444086211e-01
4.271650195976656739e-01
4.271650195976656739e-01
4.696009718762658713e-01
4.696009718762658713e-01
2.693312593017114370e-02
2.693312593017114370e-02
1.189631003087046612e-01
1.189631003087046612e-01
4.337465865025053047e-02
4.337465865025053047e-02
4.392737283704190587e-01
4.392737283704190587e-01
1.520586514788821175e-01
1.520586514788821175e-01
2.199528608139937058e-01
2.199528608139937058e-01
2.854555605848209665e-01
2.854555605848209665e-01
6.234797992081480417e-02
6.234797992081480417e-02
6.504993049653627624e-02
6.504993049653627624e-02
7.428630315515485361e-01
7.428630315515485361e-01
4.298104997952658102e-01
4.298104997952658102e-01
2.938965283030931519e-01
2.938965283030931519e-01
2.647659339694332092e-01
2.647659339694332092e-01
2.660859628313768654e-01
2.660859628313768654e-01
1.973158719147567186e-01
1.973158719147567186e-01
2.727605189993251300e-02
2.727605189993251300e-02
1.400258102570899610e-01
1.400258102570899610e-01
8.194386302843544023e-02
8.194386302843544023e-02
1.415771449208906851e-01
1.415771449208906851e-01
1.199999999999999956e+00
1.199999999999999956e+00
2.029457114176786703e-01
2.029457114176786703e-01
4.712876472637645975e-01
4.712876472637645975e-01
2.104813300357581130e-01
2.104813300357581130e-01
4.163750549734094447e-02
4.163750549734094447e-02
1.184537637104539770e-01
1.184537637104539770e-01
1.342712976387221979e-01
1.342712976387221979e-01
3.080105352981199474e-02
3.080105352981199474e-02
1.903124545509439214e-01
1.903124545509439214e-01
2.719907737449375196e-01
2.719907737449375196e-01
1.312646917353952475e-02
1.312646917353952475e-02
5.340850151752007946e-01
5.340850151752007946e-01
1.199999999999999956e+00
1.199999999999999956e+00
1.199999999999999956e+00
1.199999999999999956e+00
1.199999999999999956e+00
1.199999999999999956e+00
1.199999999999999956e+00
1.199999999999999956e+00
1.199999999999999956e+00
1.199999999999999956e+00
2.971866965214328693e-01
2.971866965214328693e-01
7.803112695890270789e-01
7.803112695890270789e-01
2.120026031549191586e-02
2.120026031549191586e-02
1.722561017784762782e-01
1.722561017784762782e-01
1.025555994747736205e-01
1.025555994747736205e-01
1.451251206619143808e-01
1.451251206619143808e-01
5.129203961724311256e-01
5.129203961724311256e-01
2.126406673078391069e-02
2.126406673078391069e-02
8.866350296162792133e-02
8.866350296162792133e-02
2.693843528648505806e-02
2.693843528648505806e-02
3.438292988961031554e-02
3.438292988961031554e-02
2.650139082453127366e-03
2.650139082453127366e-03
1.844582617724248863e-01
1.844582617724248863e-01
1.267437882689858020e-01
1.267437882689858020e-01
1.518846786108624114e-01
1.518846786108624114e-01
4.984729533768011284e-02
4.984729533768011284e-02
1.199999999999999956e+00
1.199999999999999956e+00
3.562112126928262401e-01
3.562112126928262401e-01
2.254352531983596364e-01
2.254352531983596364e-01
1.199999999999999956e+00
1.199999999999999956e+00
4.593570085027444405e-02
4.593570085027444405e-02
2.832732362789069369e-01
2.832732362789069369e-01
1.199999999999999956e+00
1.199999999999999956e+00
1.207350837162779467e-02
1.207350837162779467e-02
8.008254705428081710e-01
8.008254705428081710e-01
2.088410778181041261e-01
2.088410778181041261e-01
6.854386827846975505e-02
6.854386827846975505e-02
