5.533936214448468283e-01
5.533936214448468283e-01
1.199999999999999956e+00
1.199999999999999956e+00
1.199999999999999956e+00
1.199999999999999956e+00
7.564816623758441327e-01
7.564816623758441327e-01
1.789468023561074927e-01
1.789468023561074927e-01
1.199999999999999956e+00
1.199999999999999956e+00
2.741593741871590217e-01
2.741593741871590217e-01
2.297443556282665611e-01
2.297443556282665611e-01
1.330851905342131207e-02
1.330851905342131207e-02
1.199999999999999956e+00
1.199999999999999956e+00
1.199999999999999956e+00
1.199999999999999956e+00
1.199999999999999956e+00
1.199999999999999956e+00
1.870421673418027828e-02
1.870421673418027828e-02
1.807978392433503556e-01
1.807978392433503556e-01
8.798993889590551731e-01
8.798993889590551731e-01
6.074540382621433920e-01
6.074540382621433920e-01
2.531599470746849767e-01
2.531599470746849767e-01
5.219939894768294009e-01
5.219939894768294009e-01
1.976457288355343289e-01
1.976457288355343289e-01
3.388355897889601676e-01
3.388355897889601676e-01
1.199999999999999956e+00
1.199999999999999956e+00
6.584027173150888701e-02
6.584027173150888701e-02
4.692677373259009355e-01
4.692677373259009355e-01
6.313323031999258372e-01
6.313323031999258372e-01
7.208724924876738771e-02
7.208724924876738771e-02
1.199999999999999956e+00
1.199999999999999956e+00
1.194918913419179551e+00
1.194918913419179551e+00
4.745192644485119599e-02
4.745192644485119599e-02
1.199999999999999956e+00
1.199999999999999956e+00
4.135503626256968879e-01
4.135503626256968879e-01
2.291619648625721484e-01
2.291619648625721484e-01
1.199999999999999956e+00
1.199999999999999956e+00
1.199999999999999956e+00
1.199999999999999956e+00
6.233007346150455374e-01
6.233007346150455374e-01
1.199999999999999956e+00
1.199999999999999956e+00
6.948356668399066627e-02
6.948356668399066627e-02
6.165397279495967719e-01
6.165397279495967719e-01
6.022379728140772603e-02
6.022379728140772603e-02
1.199999999999999956e+00
1.199999999999999956e+00
1.199999999999999956e+00
1.199999999999999956e+00
4.210977233223999194e-01
4.210977233223999194e-01
1.199999999999999956e+00
1.199999999999999956e+00
1.199999999999999956e+00
1.199999999999999956e+00
1.910741570761885777e-01
1.910741570761885777e-01
1.199999999999999956e+00
1.199999999999999956e+00
1.963124911129798256e-01
1.963124911129798256e-01
2.863604787993915823e-01
2.863604787993915823e-01
1.199999999999999956e+00
1.199999999999999956e+00
5.617269811990297651e-02
5.617269811990297651e-02
1.958656749917619955e-02
1.958656749917619955e-02
4.587253583305380897e-03
4.587253583305380897e-03
1.566381082747748399e-01
1.566381082747748399e-01
5.683814172411797427e-01
5.683814172411797427e-01
5.079734775789600532e-01
5.079734775789600532e-01
1.199999999999999956e+00
1.199999999999999956e+00
3.960079227869852114e-01
3.960079227869852114e-01
4.206511543416969201e-01
4.206511543416969201e-01
1.199999999999999956e+00
1.199999999999999956e+00
1.199999999999999956e+00
1.199999999999999956e+00
7.687472072159590164e-02
7.687472072159590164e-02
1.076745341337705109e-01
1.076745341337705109e-01
1.905020760091032939e-01
1.905020760091032939e-01
7.587768974243355169e-01
7.587768974243355169e-01
1.199999999999999956e+00
1.199999999999999956e+00
5.780760907608868404e-01
5.780760907608868404e-01
1.199999999999999956e+00
1.199999999999999956e+00
8.442510040570815055e-02
8.442510040570815055e-02
2.842410193184547601e-02
2.842410193184547601e-02
1.199999999999999956e+00
1.199999999999999956e+00
2.790111574000008754e-01
2.790111574000008754e-01
4.332144230897440607e-01
4.332144230897440607e-01
4.899234531438857038e-02
4.899234531438857038e-02
8.320359363177223799e-02
8.320359363177223799e-02
2.577780438421496956e-01
2.577780438421496956e-01
3.557528692276459292e-01
3.557528692276459292e-01
1.543727015901109056e-01
1.543727015901109056e-01
2.940734941648392650e-02
2.940734941648392650e-02
3.739725360879053717e-01
3.739725360879053717e-01
1.199999999999999956e+00
1.199999999999999956e+00
2.371906392015991349e-01
2.371906392015991349e-01
2.741312829823537300e-01
2.741312829823537300e-01
4.107973748642713696e-01
4.107973748642713696e-01
1.199999999999999956e+00
1.199999999999999956e+00
2.483607956454009225e-01
2.483607956454009225e-01
1.816186644671509143e-01
1.816186644671509143e-01
1.548612032586915155e-01
1.548612032586915155e-01
5.628060264092850096e-01
5.628060264092850096e-01
1.011147679118864273e+00
1.011147679118864273e+00
6.447183739847042183e-01
6.447183739847042183e-01
1.273228178831538326e-01
1.273228178831538326e-01
3.851415050095884085e-02
3.851415050095884085e-02
2.285071920589409611e-01
2.285071920589409611e-01
3.629777171972877192e-01
3.629777171972877192e-01
5.983596084415937488e-01
5.983596084415937488e-01
4.280830390796135920e-01
4.280830390796135920e-01
1.825307954687929168e-01
1.825307954687929168e-01
1.199999999999999956e+00
1.199999999999999956e+00
3.536711653327582194e-01
3.536711653327582194e-01
3.172119320306744927e-01
3.172119320306744927e-01
3.764433188314766920e-01
3.764433188314766920e-01
1.915350074818658599e-01
1.915350074818658599e-01
1.199999999999999956e+00
1.199999999999999956e+00
2.169880564540623835e-01
2.169880564540623835e-01
1.200315830111542414e-01
1.200315830111542414e-01
1.199999999999999956e+00
1.199999999999999956e+00
1.199999999999999956e+00
1.199999999999999956e+00
1.269325553576676202e-01
1.269325553576676202e-01
1.199999999999999956e+00
1.199999999999999956e+00
1.199999999999999956e+00
1.199999999999999956e+00
2.403817801222839501e-01
2.403817801222839501e-01
3.888678418412461202e-01
3.888678418412461202e-01
1.199999999999999956e+00
1.199999999999999956e+00
3.028978240861164850e-01
3.028978240861164850e-01
3.685443061769894113e-01
3.685443061769894113e-01
2.243913414987807331e-01
2.243913414987807331e-01
1.199999999999999956e+00
1.199999999999999956e+00
1.199999999999999956e+00
1.199999999999999956e+00
5.071768955992992517e-02
5.071768955992992517e-02
2.856677475983727121e-01
2.856677475983727121e-01
2.663397268645215088e-01
2.663397268645215088e-01
5.166070814953750423e-01
5.166070814953750423e-01
3.465173057672881196e-01
3.465173057672881196e-01
1.199999999999999956e+00
1.199999999999999956e+00
2.042560199352426720e-01
2.042560199352426720e-01
3.882702171859127027e-01
3.882702171859127027e-01
1.276663319962458853e-01
1.276663319962458853e-01
3.274972042646286385e-01
3.274972042646286385e-01
8.849164466398096174e-02
8.849164466398096174e-02
1.199999999999999956e+00
1.199999999999999956e+00
1.199999999999999956e+00
1.199999999999999956e+00
4.021064619668386908e-01
4.021064619668386908e-01
2.743400612403438799e-01
2.743400612403438799e-01
6.211701394474572480e-01
6.211701394474572480e-01
7.500297310158549058e-02
7.500297310158549058e-02
2.516155612469691549e-01
2.516155612469691549e-01
1.039758496427138773e-01
1.039758496427138773e-01
2.481677574914643858e-01
2.481677574914643858e-01
1.098640588345233815e-01
1.098640588345233815e-01
9.560759072455253804e-01
9.560759072455253804e-01
1.199999999999999956e+00
1.199999999999999956e+00
3.260565794819516583e-01
3.260565794819516583e-01
4.456205200753564077e-01
4.456205200753564077e-01
1.199999999999999956e+00
1.199999999999999956e+00
8.864641009012516060e-01
8.864641009012516060e-01
2.506217070428909399e-01
2.506217070428909399e-01
1.062832506006123300e-02
1.062832506006123300e-02
2.727958489608392489e-01
2.727958489608392489e-01
7.029197914473504782e-03
7.029197914473504782e-03
1.199999999999999956e+00
1.199999999999999956e+00
1.199999999999999956e+00
1.199999999999999956e+00
1.594172933248212964e-01
1.594172933248212964e-01
1.199999999999999956e+00
1.199999999999999956e+00
1.199999999999999956e+00
1.199999999999999956e+00
1.199999999999999956e+00
1.199999999999999956e+00
5.138805662898615623e-02
5.138805662898615623e-02
1.199999999999999956e+00
1.199999999999999956e+00
3.516555310018338459e-02
3.516555310018338459e-02
1.211417948554338875e-01
1.211417948554338875e-01
2.928288870513827691e-01
2.928288870513827691e-01
1.199999999999999956e+00
1.199999999999999956e+00
2.215450206437062364e-01
2.215450206437062364e-01
7.928767755668982009e-02
7.928767755668982009e-02
1.199999999999999956e+00
1.199999999999999956e+00
6.416035904026218262e-01
6.416035904026218262e-01
5.630495298835237750e-02
5.630495298835237750e-02
1.647721088228831510e-01
1.647721088228831510e-01
7.881302899120939953e-02
7.881302899120939953e-02
3.087681315989743158e-01
3.087681315989743158e-01
2.603880927303295900e-01
2.603880927303295900e-01
1.263618868944651474e-01
1.263618868944651474e-01
3.838126174589328032e-01
3.838126174589328032e-01
7.707644284434930215e-01
7.707644284434930215e-01
3.648968027625387744e-01
3.648968027625387744e-01
2.728610350848616473e-01
2.728610350848616473e-01
4.690407107020921201e-02
4.690407107020921201e-02
1.199999999999999956e+00
1.199999999999999956e+00
3.442361121684935910e-01
3.442361121684935910e-01
1.363306308844594583e-01
1.363306308844594583e-01
1.109987926399537361e+00
1.109987926399537361e+00
1.678513681654469347e-01
1.678513681654469347e-01
1.199999999999999956e+00
1.199999999999999956e+00
1.931345694092149456e-01
1.931345694092149456e-01
1.199999999999999956e+00
1.199999999999999956e+00
4.511551365955089321e-01
4.511551365955089321e-01
1.199999999999999956e+00
1.199999999999999956e+00
1.199999999999999956e+00
1.199999999999999956e+00
1.211902887409796181e-01
1.211902887409796181e-01
6.578109114983690109e-01
6.578109114983690109e-01
4.269277670571398620e-01
4.269277670571398620e-01
1.199999999999999956e+00
1.199999999999999956e+00
2.836622218072437085e-01
2.836622218072437085e-01
1.175357867241537013e+00
1.175357867241537013e+00
4.909793755355811723e-02
4.909793755355811723e-02
1.199999999999999956e+00
1.199999999999999956e+00
6.375896413329882328e-01
6.375896413329882328e-01
6.546208069329023660e-01
6.546208069329023660e-01
1.199999999999999956e+00
1.199999999999999956e+00
1.199999999999999956e+00
1.199999999999999956e+00
2.342775244780075095e-01
2.342775244780075095e-01
1.199999999999999956e+00
1.199999999999999956e+00
8.472024311560389931e-01
8.472024311560389931e-01
3.901451199543204407e-01
3.901451199543204407e-01
8.384855280457901294e-01
8.384855280457901294e-01
3.335202992819238932e-01
3.335202992819238932e-01
1.056477113110318583e-01
1.056477113110318583e-01
1.696952423430068135e-01
1.696952423430068135e-01
1.199999999999999956e+00
1.199999999999999956e+00
4.884549670512929737e-02
4.884549670512929737e-02
2.819641547332076836e-01
2.819641547332076836e-01
1.421356455418236742e-01
1.421356455418236742e-01
1.199999999999999956e+00
1.199999999999999956e+00
1.199999999999999956e+00
1.199999999999999956e+00
4.164176891953801918e-01
4.164176891953801918e-01
1.885778282807661910e-01
1.885778282807661910e-01
5.321633995135772732e-01
5.321633995135772732e-01
4.497096972698377826e-01
4.497096972698377826e-01
8.891967697714021623e-01
8.891967697714021623e-01
5.429230082933245161e-01
5.429230082933245161e-01
7.470299797105239836e-01
7.470299797105239836e-01
1.508054519946020150e-04
1.508054519946020150e-04
1.007498074033190694e-01
1.007498074033190694e-01
1.199999999999999956e+00
1.199999999999999956e+00
1.199999999999999956e+00
1.199999999999999956e+00
6.518148886923879060e-01
6.518148886923879060e-01
8.566681432001482799e-02
8.566681432001482799e-02
1.199999999999999956e+00
1.199999999999999956e+00
1.811844631758083302e-01
1.811844631758083302e-01
1.199999999999999956e+00
1.199999999999999956e+00
2.738721646685438049e-01
2.738721646685438049e-01
1.199999999999999956e+00
1.199999999999999956e+00
2.036174748142873525e-01
2.036174748142873525e-01
3.131731001308574736e-01
3.131731001308574736e-01
1.100409422958684158e-01
1.100409422958684158e-01
1.431942223594740438e-01
1.431942223594740438e-01
4.817292578439896222e-01
4.817292578439896222e-01
1.199999999999999956e+00
1.199999999999999956e+00
8.744771496908981118e-03
8.744771496908981118e-03
6.673480971839276243e-01
6.673480971839276243e-01
1.550954022838251234e-01
1.550954022838251234e-01
1.199999999999999956e+00
1.199999999999999956e+00
1.199999999999999956e+00
1.199999999999999956e+00
3.305850968531227063e-01
3.305850968531227063e-01
1.752254131506736923e-01
1.752254131506736923e-01
4.802973097490116361e-01
4.802973097490116361e-01
1.199999999999999956e+00
1.199999999999999956e+00
1.757509217063991658e-01
1.757509217063991658e-01
2.858929393887548187e-01
2.858929393887548187e-01
5.375669432092103905e-01
5.375669432092103905e-01
6.006397787991883952e-01
6.006397787991883952e-01
7.650435728138677005e-02
7.650435728138677005e-02
8.077477812166912463e-02
8.077477812166912463e-02
1.199999999999999956e+00
1.199999999999999956e+00
7.893256639376963202e-01
7.893256639376963202e-01
1.199999999999999956e+00
1.199999999999999956e+00
3.585101316078912470e-01
3.585101316078912470e-01
1.003378064725119895e-01
1.003378064725119895e-01
4.665978822714542673e-01
4.665978822714542673e-01
1.199999999999999956e+00
1.199999999999999956e+00
3.677010244788294496e-02
3.677010244788294496e-02
1.199999999999999956e+00
1.199999999999999956e+00
1.199999999999999956e+00
1.199999999999999956e+00
7.801991440947668721e-01
7.801991440947668721e-01
3.211528595285015886e-01
3.211528595285015886e-01
3.747060075559361936e-01
3.747060075559361936e-01
4.145803614427597816e-01
4.145803614427597816e-01
9.248221435613157571e-01
9.248221435613157571e-01
1.171474830652956406e-01
1.171474830652956406e-01
1.199999999999999956e+00
1.199999999999999956e+00
1.389187053329194177e-01
1.389187053329194177e-01
1.431694243654117737e-02
1.431694243654117737e-02
2.136354730720103068e-01
2.136354730720103068e-01
1.199999999999999956e+00
1.199999999999999956e+00
3.343803942486832728e-03
3.343803942486832728e-03
4.710958498113116955e-01
4.710958498113116955e-01
4.713462583210617507e-01
4.713462583210617507e-01
5.608997230312116195e-02
5.608997230312116195e-02
3.576810766305745792e-01
3.576810766305745792e-01
5.227809701881683813e-01
5.227809701881683813e-01
4.395987791583967352e-01
4.395987791583967352e-01
3.682961765499995210e-01
3.682961765499995210e-01
3.402455597968390699e-01
3.402455597968390699e-01
1.199999999999999956e+00
1.199999999999999956e+00
8.381260935103038157e-02
8.381260935103038157e-02
9.078956371763523270e-02
9.078956371763523270e-02
1.735920700739095601e-01
1.735920700739095601e-01
6.174035781509932264e-01
6.174035781509932264e-01
6.801887119976109120e-02
6.801887119976109120e-02
1.199999999999999956e+00
1.199999999999999956e+00
1.663585369782367707e-01
1.663585369782367707e-01
8.417015758432312700e-02
8.417015758432312700e-02
1.199999999999999956e+00
1.199999999999999956e+00
2.469973841772940895e-02
2.469973841772940895e-02
2.757388039633534849e-02
2.757388039633534849e-02
2.222880571325121513e-01
2.222880571325121513e-01
7.034362247530731582e-02
7.034362247530731582e-02
7.421470161721432923e-02
7.421470161721432923e-02
4.873141025728052189e-01
4.873141025728052189e-01
1.424939295955457430e-01
1.424939295955457430e-01
4.269712180900275822e-01
4.269712180900275822e-01
1.287108892794645854e-01
1.287108892794645854e-01
6.830792129743020608e-03
6.830792129743020608e-03
3.382421445737781585e-01
3.382421445737781585e-01
5.627581379930203243e-01
5.627581379930203243e-01
6.574118878544528422e-02
6.574118878544528422e-02
4.258281545183858485e-01
4.258281545183858485e-01
4.056411102879384917e-02
4.056411102879384917e-02
1.052203366912873445e-01
1.052203366912873445e-01
7.062105834519685210e-01
7.062105834519685210e-01
3.451243177763748532e-02
3.451243177763748532e-02
8.406837080721847946e-03
8.406837080721847946e-03
3.045626204691952443e-01
3.045626204691952443e-01
1.199999999999999956e+00
1.199999999999999956e+00
9.411281680165622943e-02
9.411281680165622943e-02
6.460359844989549405e-02
6.460359844989549405e-02
5.725387824386274360e-01
5.725387824386274360e-01
1.199999999999999956e+00
1.199999999999999956e+00
2.376811917533065699e-02
2.376811917533065699e-02
2.271263362880699133e-01
2.271263362880699133e-01
7.473960945612051487e-01
7.473960945612051487e-01
1.906491335833552236e-01
1.906491335833552236e-01
2.265782730628363439e-01
2.265782730628363439e-01
2.564390294483478994e-01
2.564390294483478994e-01
1.381211783179333574e-01
1.381211783179333574e-01
3.126510264346377688e-01
3.126510264346377688e-01
1.199999999999999956e+00
1.199999999999999956e+00
6.055045307367219742e-02
6.055045307367219742e-02
1.163855865349538998e-01
1.163855865349538998e-01
1.199999999999999956e+00
1.199999999999999956e+00
2.597861145840010266e-01
2.597861145840010266e-01
3.680139817275521891e-02
3.680139817275521891e-02
3.313872604065913330e-01
3.313872604065913330e-01
1.589043590134334716e-01
1.589043590134334716e-01
1.199999999999999956e+00
1.199999999999999956e+00
4.826277112970005223e-02
4.826277112970005223e-02
2.030691796545968930e-01
2.030691796545968930e-01
2.642103560889989544e-01
2.642103560889989544e-01
3.471775259431150173e-01
3.471775259431150173e-01
2.158379048500836395e-01
2.158379048500836395e-01
1.863564191573037487e-01
1.863564191573037487e-01
1.199999999999999956e+00
1.199999999999999956e+00
2.932662567166314238e-01
2.932662567166314238e-01
1.695863490234341686e-01
1.695863490234341686e-01
2.539905753545638190e-01
2.539905753545638190e-01
1.354450015605163926e-01
1.354450015605163926e-01
8.428663391687231110e-01
8.428663391687231110e-01
1.199999999999999956e+00
1.199999999999999956e+00
1.109777302850296216e-01
1.109777302850296216e-01
1.199999999999999956e+00
1.199999999999999956e+00
7.702824441208822037e-01
7.702824441208822037e-01
1.913397751991119389e-02
1.913397751991119389e-02
2.574936683461436226e-01
2.574936683461436226e-01
1.665809781053487482e-01
1.665809781053487482e-01
4.675594609374334465e-01
4.675594609374334465e-01
3.578408864648496834e-03
3.578408864648496834e-03
2.748636308816804763e-01
2.748636308816804763e-01
3.766773476489689854e-01
3.766773476489689854e-01
1.199999999999999956e+00
1.199999999999999956e+00
3.093592443493859978e-01
3.093592443493859978e-01
3.576703757704226549e-01
3.576703757704226549e-01
8.090340527698614004e-02
8.090340527698614004e-02
4.246282217297053241e-01
4.246282217297053241e-01
1.199999999999999956e+00
1.199999999999999956e+00
1.199999999999999956e+00
1.199999999999999956e+00
5.826078086201665063e-02
5.826078086201665063e-02
5.490614496014949858e-02
5.490614496014949858e-02
1.914745786373057979e-01
1.914745786373057979e-01
7.510513680447367113e-02
7.510513680447367113e-02
4.257509969139355310e-01
4.257509969139355310e-01
1.038974561079629155e-01
1.038974561079629155e-01
3.819326693656188154e-01
3.819326693656188154e-01
7.638891719243442457e-01
7.638891719243442457e-01
3.883582235495959822e-01
3.883582235495959822e-01
1.909332321842246438e-01
1.909332321842246438e-01
2.970589899029781322e-01
2.970589899029781322e-01
7.364326281655730888e-02
7.364326281655730888e-02
1.199999999999999956e+00
1.199999999999999956e+00
1.199999999999999956e+00
1.199999999999999956e+00
6.580101463981973264e-01
6.580101463981973264e-01
1.763111794156524414e-01
1.763111794156524414e-01
1.292060260868774513e-01
1.292060260868774513e-01
2.936864176518700909e-01
2.936864176518700909e-01
1.538711600912086030e-01
1.538711600912086030e-01
5.847807615955971094e-01
5.847807615955971094e-01
1.199999999999999956e+00
1.199999999999999956e+00
2.020587654207727998e-02
2.020587654207727998e-02
9.574020782336789548e-02
9.574020782336789548e-02
1.348436941037587100e-01
1.348436941037587100e-01
1.199999999999999956e+00
1.199999999999999956e+00
6.432279274147027076e-03
6.432279274147027076e-03
1.199999999999999956e+00
1.199999999999999956e+00
3.374933212614030786e-01
3.374933212614030786e-01
2.675318133838866519e-01
2.675318133838866519e-01
1.199999999999999956e+00
1.199999999999999956e+00
2.907187217919928943e-02
2.907187217919928943e-02
3.846754039784125445e-02
3.846754039784125445e-02
1.937176286129796768e-02
1.937176286129796768e-02
7.592358151910803821e-02
7.592358151910803821e-02
6.523231579528221413e-01
6.523231579528221413e-01
3.872864058827409917e-01
3.872864058827409917e-01
4.067891369752833497e-01
4.067891369752833497e-01
7.146148287199561855e-01
7.146148287199561855e-01
1.910499003246357574e-01
1.910499003246357574e-01
4.574886928420343057e-01
4.574886928420343057e-01
1.940988165425787948e-01
1.940988165425787948e-01
4.258700447595126781e-01
4.258700447595126781e-01
6.834676916132180480e-02
6.834676916132180480e-02
3.292603687854723793e-01
3.292603687854723793e-01
1.199999999999999956e+00
1.199999999999999956e+00
5.434571515618427107e-01
5.434571515618427107e-01
3.052056254387994771e-01
3.052056254387994771e-01
1.199999999999999956e+00
1.199999999999999956e+00
4.257929522294493646e-02
4.257929522294493646e-02
4.682224073460121427e-02
4.682224073460121427e-02
1.318959399439433577e-01
1.318959399439433577e-01
8.615456573036359145e-02
8.615456573036359145e-02
6.466671699424250686e-02
6.466671699424250686e-02
1.199999999999999956e+00
1.199999999999999956e+00
3.211838712114766237e-01
3.211838712114766237e-01
1.195969839535764995e-01
1.195969839535764995e-01
2.331135429827313477e-01
2.331135429827313477e-01
1.225805703736237429e-01
1.225805703736237429e-01
7.906788246065752368e-01
7.906788246065752368e-01
3.329737008788007380e-01
3.329737008788007380e-01
1.199999999999999956e+00
1.199999999999999956e+00
1.199999999999999956e+00
1.199999999999999956e+00
2.075968161557068259e-01
2.075968161557068259e-01
6.163005601781327419e-02
6.163005601781327419e-02
9.809095431397639453e-02
9.809095431397639453e-02
1.199999999999999956e+00
1.199999999999999956e+00
7.500575457139526669e-01
7.500575457139526669e-01
7.482680187209922451e-01
7.482680187209922451e-01
1.805762983298691421e-02
1.805762983298691421e-02
2.456631260398960126e-01
2.456631260398960126e-01
1.703754299995599852e-01
1.703754299995599852e-01
2.229818178224302061e-02
2.229818178224302061e-02
2.981826944020881109e-01
2.981826944020881109e-01
4.606230710622258862e-01
4.606230710622258862e-01
1.199999999999999956e+00
1.199999999999999956e+00
1.828505176343518390e-01
1.828505176343518390e-01
1.199999999999999956e+00
1.199999999999999956e+00
3.648638108581969686e-02
3.648638108581969686e-02
5.661326384999497696e-01
5.661326384999497696e-01
2.942400283573058384e-01
2.942400283573058384e-01
1.746128398261269365e-01
1.746128398261269365e-01
4.185296781326105497e-01
4.185296781326105497e-01
6.376228610458156698e-01
6.376228610458156698e-01
7.553221538912983091e-01
7.553221538912983091e-01
3.422489566660931459e-02
3.422489566660931459e-02
1.725351257913151359e-01
1.725351257913151359e-01
6.551658665964703587e-01
6.551658665964703587e-01
1.514094471940488455e-02
1.514094471940488455e-02
2.643749380043386998e-01
2.643749380043386998e-01
1.199999999999999956e+00
1.199999999999999956e+00
6.489388229006256559e-01
6.489388229006256559e-01
7.651219717002955001e-02
7.651219717002955001e-02
1.199999999999999956e+00
1.199999999999999956e+00
6.564891346014811724e-01
6.564891346014811724e-01
1.199999999999999956e+00
1.199999999999999956e+00
1.558222612182952327e-01
1.558222612182952327e-01
3.096605211242242639e-01
3.096605211242242639e-01
1.732656953562253799e-01
1.732656953562253799e-01
1.199999999999999956e+00
1.199999999999999956e+00
1.303352442752921392e-01
1.303352442752921392e-01
4.171976333120569480e-02
4.171976333120569480e-02
8.691497418189808588e-02
8.691497418189808588e-02
5.238839906667857038e-01
5.238839906667857038e-01
4.147773007907100129e-01
4.147773007907100129e-01
2.964423734135225863e-01
2.964423734135225863e-01
5.426491788610990907e-01
5.426491788610990907e-01
1.199999999999999956e+00
1.199999999999999956e+00
2.241889278456241363e-01
2.241889278456241363e-01
1.452601526917594692e-02
1.452601526917594692e-02
9.923058054129883787e-02
9.923058054129883787e-02
1.199999999999999956e+00
1.199999999999999956e+00
1.199999999999999956e+00
1.199999999999999956e+00
2.482466826850463493e-01
2.482466826850463493e-01
9.610020503514282719e-02
9.610020503514282719e-02
3.290376582122129384e-02
3.290376582122129384e-02
1.199999999999999956e+00
1.199999999999999956e+00
4.212690356015080795e-02
4.212690356015080795e-02
1.131847721032815633e-02
1.131847721032815633e-02
1.254145700663204799e-01
1.254145700663204799e-01
5.296528371914188682e-01
5.296528371914188682e-01
1.478915919886772679e-01
1.478915919886772679e-01
4.138615204701727723e-01
4.138615204701727723e-01
2.702635331525956031e-01
2.702635331525956031e-01
1.199999999999999956e+00
1.199999999999999956e+00
1.199999999999999956e+00
1.199999999999999956e+00
1.375703171423214854e-01
1.375703171423214854e-01
9.001040389690782850e-02
9.001040389690782850e-02
1.297266104387856944e-01
1.297266104387856944e-01
1.564143755050774742e-01
1.564143755050774742e-01
1.199999999999999956e+00
1.199999999999999956e+00
1.116001435018961624e-01
1.116001435018961624e-01
1.470178940550851410e-01
1.470178940550851410e-01
1.195229563151907759e-01
1.195229563151907759e-01
2.392462941639917351e-01
2.392462941639917351e-01
2.165103019794474004e-01
2.165103019794474004e-01
3.771636399406921303e-01
3.771636399406921303e-01
8.401093788339589891e-03
8.401093788339589891e-03
2.810334042850723413e-01
2.810334042850723413e-01
1.650153544647292303e-01
1.650153544647292303e-01
1.199999999999999956e+00
1.199999999999999956e+00
4.518438748958560069e-02
4.518438748958560069e-02
1.199999999999999956e+00
1.199999999999999956e+00
1.199999999999999956e+00
1.199999999999999956e+00
1.222291353398574504e-01
1.222291353398574504e-01
1.795051914286603101e-01
1.795051914286603101e-01
1.199999999999999956e+00
1.199999999999999956e+00
1.199999999999999956e+00
1.199999999999999956e+00
1.944403252545136296e-01
1.944403252545136296e-01
1.349453818844789099e-01
1.349453818844789099e-01
1.058369430370307146e-01
1.058369430370307146e-01
7.175687153934969809e-01
7.175687153934969809e-01
1.199999999999999956e+00
1.199999999999999956e+00
8.424347498615247787e-01
8.424347498615247787e-01
7.249517143997863400e-01
7.249517143997863400e-01
1.199999999999999956e+00
1.199999999999999956e+00
1.199999999999999956e+00
1.199999999999999956e+00
1.052982150514130896e-02
1.052982150514130896e-02
2.471642571105323316e-01
2.471642571105323316e-01
2.534054328856222282e-01
2.534054328856222282e-01
3.487024259198776566e-01
3.487024259198776566e-01
1.458994767561656303e-01
1.458994767561656303e-01
1.199999999999999956e+00
1.199999999999999956e+00
1.432030642890080030e-01
1.432030642890080030e-01
2.210301277576868229e-01
2.210301277576868229e-01
3.559031693668373020e-01
3.559031693668373020e-01
2.974309762111316813e-01
2.974309762111316813e-01
1.199999999999999956e+00
1.199999999999999956e+00
3.722813068437438311e-01
3.722813068437438311e-01
6.371261145749566035e-01
6.371261145749566035e-01
1.199999999999999956e+00
1.199999999999999956e+00
2.488423672450147672e-02
2.488423672450147672e-02
1.509948828081658645e-02
1.509948828081658645e-02
9.585620026702407204e-02
9.585620026702407204e-02
1.376494763392995535e-01
1.376494763392995535e-01
1.000113322294013812e-01
1.000113322294013812e-01
1.117790016323281094e-01
1.117790016323281094e-01
6.703410230852157037e-01
6.703410230852157037e-01
3.767878632772477254e-01
3.767878632772477254e-01
4.040608140810247884e-01
4.040608140810247884e-01
1.199999999999999956e+00
1.199999999999999956e+00
1.007352538578968337e-01
1.007352538578968337e-01
2.145252088912085464e-01
2.145252088912085464e-01
2.857450035093706542e-01
2.857450035093706542e-01
2.725436376143347723e-03
2.725436376143347723e-03
5.158516219823832544e-02
5.158516219823832544e-02
3.212959305735506033e-01
3.212959305735506033e-01
1.199999999999999956e+00
1.199999999999999956e+00
2.472546171762367018e-01
2.472546171762367018e-01
1.199999999999999956e+00
1.199999999999999956e+00
4.444332342808194475e-02
4.444332342808194475e-02
1.199999999999999956e+00
1.199999999999999956e+00
1.199999999999999956e+00
1.199999999999999956e+00
5.061451227958174703e-01
5.061451227958174703e-01
1.199999999999999956e+00
1.199999999999999956e+00
2.817048790118693163e-02
2.817048790118693163e-02
1.706798713500360110e-01
1.706798713500360110e-01
1.026001337917007913e-02
1.026001337917007913e-02
6.817671931024239518e-01
6.817671931024239518e-01
4.140468369496663747e-01
4.140468369496663747e-01
2.950028438703861666e-01
2.950028438703861666e-01
1.199999999999999956e+00
1.199999999999999956e+00
1.199999999999999956e+00
1.199999999999999956e+00
5.916933049938565697e-02
5.916933049938565697e-02
2.675180048190944904e-01
2.675180048190944904e-01
1.513085950381979350e-01
1.513085950381979350e-01
5.936462943758018529e-01
5.936462943758018529e-01
3.843663887841033411e-01
3.843663887841033411e-01
2.660235192108147406e-01
2.660235192108147406e-01
3.577560293505568229e-02
3.577560293505568229e-02
2.248682545878735381e-02
2.248682545878735381e-02
8.667813960759680469e-01
8.667813960759680469e-01
1.199999999999999956e+00
1.199999999999999956e+00
7.069374696928586443e-01
7.069374696928586443e-01
4.771415057977997781e-02
4.771415057977997781e-02
2.168712206200297254e-01
2.168712206200297254e-01
5.096516078802816319e-01
5.096516078802816319e-01
2.578783959107216472e-01
2.578783959107216472e-01
3.980167389708660908e-01
3.980167389708660908e-01
6.172292050478733749e-01
6.172292050478733749e-01
1.199999999999999956e+00
1.199999999999999956e+00
1.199999999999999956e+00
1.199999999999999956e+00
2.393700784226135761e-02
2.393700784226135761e-02
2.613898432444930475e-02
2.613898432444930475e-02
1.019656617493447937e-01
1.019656617493447937e-01
1.199999999999999956e+00
1.199999999999999956e+00
5.211502863333773716e-02
5.211502863333773716e-02
4.884095362956416414e-02
4.884095362956416414e-02
1.199999999999999956e+00
1.199999999999999956e+00
2.830618359351381730e-01
2.830618359351381730e-01
1.132337721663240551e-02
1.132337721663240551e-02
3.373812377536531959e-01
3.373812377536531959e-01
1.878494653855181939e-01
1.878494653855181939e-01
1.199999999999999956e+00
1.199999999999999956e+00
1.199999999999999956e+00
1.199999999999999956e+00
1.209574379026151780e-01
1.209574379026151780e-01
1.199999999999999956e+00
1.199999999999999956e+00
1.434500593831720960e-01
1.434500593831720960e-01
1.819588989460654282e-01
1.819588989460654282e-01
1.199999999999999956e+00
1.199999999999999956e+00
3.738237764701317078e-01
3.738237764701317078e-01
3.580901828769130213e-01
3.580901828769130213e-01
3.166129411664959092e-01
3.166129411664959092e-01
6.013563345295982465e-01
6.013563345295982465e-01
4.384959763810967193e-01
4.384959763810967193e-01
3.466381866903658210e-02
3.466381866903658210e-02
2.849447118815109925e-01
2.849447118815109925e-01
1.129765035949295976e-01
1.129765035949295976e-01
1.679204757463035325e-01
1.679204757463035325e-01
6.544690697946178304e-01
6.544690697946178304e-01
1.692777330623116971e-01
1.692777330623116971e-01
1.191212348245202918e-01
1.191212348245202918e-01
1.770645717233741145e-01
1.770645717233741145e-01
2.286789907717259041e-01
2.286789907717259041e-01
1.199999999999999956e+00
1.199999999999999956e+00
5.253790023599048675e-01
5.253790023599048675e-01
5.273194317973811662e-01
5.273194317973811662e-01
1.943170754037670533e-01
1.943170754037670533e-01
1.199999999999999956e+00
1.199999999999999956e+00
4.187401142000974352e-01
4.187401142000974352e-01
5.746619423398796611e-02
5.746619423398796611e-02
3.150340526616186160e-02
3.150340526616186160e-02
4.306149438074021174e-01
4.306149438074021174e-01
1.835529216880783104e-02
1.835529216880783104e-02
2.425120993561808158e-01
2.425120993561808158e-01
6.827895024805168134e-02
6.827895024805168134e-02
1.199999999999999956e+00
1.199999999999999956e+00
1.199999999999999956e+00
1.199999999999999956e+00
4.675992671183888394e-01
4.675992671183888394e-01
1.115594093749339016e-01
1.115594093749339016e-01
2.643888513075174362e-01
2.643888513075174362e-01
6.316115728450276412e-02
6.316115728450276412e-02
1.837402576850688252e-01
1.837402576850688252e-01
3.374102047995582252e-03
3.374102047995582252e-03
1.454929981952095622e-02
1.454929981952095622e-02
1.199999999999999956e+00
1.199999999999999956e+00
3.452093705837546711e-01
3.452093705837546711e-01
5.903136044124780435e-01
5.903136044124780435e-01
8.882760891901732292e-02
8.882760891901732292e-02
6.809742731995603593e-02
6.809742731995603593e-02
1.199999999999999956e+00
1.199999999999999956e+00
4.667742891375945696e-02
4.667742891375945696e-02
7.185143651441754098e-02
7.185143651441754098e-02
1.275407819925130082e-01
1.275407819925130082e-01
6.639624235978814903e-01
6.639624235978814903e-01
2.934098100472592660e-02
2.934098100472592660e-02
6.487095990059592587e-01
6.487095990059592587e-01
1.188653280519240546e-01
1.188653280519240546e-01
3.475263245072395257e-01
3.475263245072395257e-01
2.140504838432167878e-01
2.140504838432167878e-01
8.001694442768845228e-01
8.001694442768845228e-01
4.789818632013557315e-02
4.789818632013557315e-02
1.199999999999999956e+00
1.199999999999999956e+00
1.337139422303222636e-01
1.337139422303222636e-01
4.824602649520397524e-01
4.824602649520397524e-01
2.461778843646008075e-01
2.461778843646008075e-01
3.296957051803435235e-01
3.296957051803435235e-01
1.199999999999999956e+00
1.199999999999999956e+00
1.752149631139189034e-01
1.752149631139189034e-01
1.087539988207631148e-01
1.087539988207631148e-01
3.318374815319091176e-01
3.318374815319091176e-01
6.085041098778978252e-01
6.085041098778978252e-01
7.559191128265713155e-01
7.559191128265713155e-01
3.411953519132657764e-01
3.411953519132657764e-01
4.347973234445797752e-01
4.347973234445797752e-01
