4.268471134542118905e-01
4.268471134542118905e-01
1.199999999999999956e+00
1.199999999999999956e+00
4.911700681741303365e-01
4.911700681741303365e-01
2.091115588236883982e-01
2.091115588236883982e-01
4.502378869097216629e-01
4.502378869097216629e-01
4.456420574744131280e-02
4.456420574744131280e-02
1.619281857890758347e-01
1.619281857890758347e-01
1.199999999999999956e+00
1.199999999999999956e+00
9.734240231468860305e-02
9.734240231468860305e-02
4.630843138534597725e-01
4.630843138534597725e-01
9.290780382094121492e-01
9.290780382094121492e-01
3.877334193095571813e-01
3.877334193095571813e-01
1.199999999999999956e+00
1.199999999999999956e+00
2.638770143122139422e-01
2.638770143122139422e-01
3.350641337636051098e-01
3.350641337636051098e-01
3.309402987564996068e-01
3.309402987564996068e-01
1.199999999999999956e+00
1.199999999999999956e+00
8.626283595325856535e-02
8.626283595325856535e-02
2.237674139059490086e-01
2.237674139059490086e-01
1.803076395397963660e-02
1.803076395397963660e-02
3.252116799996190855e-01
3.252116799996190855e-01
4.637284193510511909e-01
4.637284193510511909e-01
5.121578919210806324e-01
5.121578919210806324e-01
5.958710298133875760e-01
5.958710298133875760e-01
2.220257449103293090e-01
2.220257449103293090e-01
8.840157605683278408e-02
8.840157605683278408e-02
2.175802036568215136e-01
2.175802036568215136e-01
2.074492261175436281e-01
2.074492261175436281e-01
1.199999999999999956e+00
1.199999999999999956e+00
1.199999999999999956e+00
1.199999999999999956e+00
4.720755700546929723e-01
4.720755700546929723e-01
1.199999999999999956e+00
1.199999999999999956e+00
2.627303252436831715e-01
2.627303252436831715e-01
1.199999999999999956e+00
1.199999999999999956e+00
2.777255194057807741e-01
2.777255194057807741e-01
1.199999999999999956e+00
1.199999999999999956e+00
1.550316092113612765e-01
1.550316092113612765e-01
1.199999999999999956e+00
1.199999999999999956e+00
1.199999999999999956e+00
1.199999999999999956e+00
1.340245872054741105e-01
1.340245872054741105e-01
2.147159205480818900e-01
2.147159205480818900e-01
1.918452042489338094e-01
1.918452042489338094e-01
5.592599684576086971e-03
5.592599684576086971e-03
1.199999999999999956e+00
1.199999999999999956e+00
1.199999999999999956e+00
1.199999999999999956e+00
2.902404050338739938e-01
2.902404050338739938e-01
2.253097398453124678e-01
2.253097398453124678e-01
1.199999999999999956e+00
1.199999999999999956e+00
5.775446598121548869e-02
5.775446598121548869e-02
4.094233298719341940e-01
4.094233298719341940e-01
5.878273688586842516e-01
5.878273688586842516e-01
7.322462655214425631e-01
7.322462655214425631e-01
1.300242377397497484e-01
1.300242377397497484e-01
5.741376033639598031e-01
5.741376033639598031e-01
1.095656366749118704e-01
1.095656366749118704e-01
2.837264688782258903e-01
2.837264688782258903e-01
3.818236401471122865e-01
3.818236401471122865e-01
2.292165739563665205e-01
2.292165739563665205e-01
5.840051615318737621e-01
5.840051615318737621e-01
3.483696620434788560e-01
3.483696620434788560e-01
4.086877443183490333e-01
4.086877443183490333e-01
1.199999999999999956e+00
1.199999999999999956e+00
1.199999999999999956e+00
1.199999999999999956e+00
6.395768840651401277e-01
6.395768840651401277e-01
4.588343517825755891e-01
4.588343517825755891e-01
2.854022116415262933e-01
2.854022116415262933e-01
2.518304676027885991e-01
2.518304676027885991e-01
1.199999999999999956e+00
1.199999999999999956e+00
3.587665729741957299e-01
3.587665729741957299e-01
6.498105545155857810e-02
6.498105545155857810e-02
4.123084546998614756e-03
4.123084546998614756e-03
2.139120301453106276e-01
2.139120301453106276e-01
1.152225760596134602e-01
1.152225760596134602e-01
1.199999999999999956e+00
1.199999999999999956e+00
1.338608485053505853e-02
1.338608485053505853e-02
6.253937308956318830e-01
6.253937308956318830e-01
1.199999999999999956e+00
1.199999999999999956e+00
1.374651723229759204e-01
1.374651723229759204e-01
1.068898972638230305e-01
1.068898972638230305e-01
2.979463031439864018e-01
2.979463031439864018e-01
1.199999999999999956e+00
1.199999999999999956e+00
1.261294112689492486e-01
1.261294112689492486e-01
1.199999999999999956e+00
1.199999999999999956e+00
1.519064457131095169e-01
1.519064457131095169e-01
3.066989442112968631e-02
3.066989442112968631e-02
1.199999999999999956e+00
1.199999999999999956e+00
7.405291828588311809e-02
7.405291828588311809e-02
1.199999999999999956e+00
1.199999999999999956e+00
9.709222964267429923e-01
9.709222964267429923e-01
1.544691837962222924e-01
1.544691837962222924e-01
2.500941822299262429e-01
2.500941822299262429e-01
6.008676762741661515e-01
6.008676762741661515e-01
9.330228273682803497e-01
9.330228273682803497e-01
3.937277044279328675e-01
3.937277044279328675e-01
2.579918830930174045e-01
2.579918830930174045e-01
7.765353900506752893e-01
7.765353900506752893e-01
3.423429885794294220e-02
3.423429885794294220e-02
1.098253963837822200e-01
1.098253963837822200e-01
4.574258434709952414e-01
4.574258434709952414e-01
1.199999999999999956e+00
1.199999999999999956e+00
1.199999999999999956e+00
1.199999999999999956e+00
4.110420658568993968e-01
4.110420658568993968e-01
1.199999999999999956e+00
1.199999999999999956e+00
1.268294246353079691e-01
1.268294246353079691e-01
1.199999999999999956e+00
1.199999999999999956e+00
1.199999999999999956e+00
1.199999999999999956e+00
1.987487207834036720e-02
1.987487207834036720e-02
5.355737641193625276e-01
5.355737641193625276e-01
1.199999999999999956e+00
1.199999999999999956e+00
6.386625116856426976e-01
6.386625116856426976e-01
1.031458977268037591e+00
1.031458977268037591e+00
4.072277067445755350e-01
4.072277067445755350e-01
1.468340011348193419e-01
1.468340011348193419e-01
1.855657766980028933e-01
1.855657766980028933e-01
2.582674181135870550e-01
2.582674181135870550e-01
8.981870798678143197e-02
8.981870798678143197e-02
1.868883237709992040e-01
1.868883237709992040e-01
1.028574910856638464e-01
1.028574910856638464e-01
4.520478701747465688e-01
4.520478701747465688e-01
1.199999999999999956e+00
1.199999999999999956e+00
1.199999999999999956e+00
1.199999999999999956e+00
1.199999999999999956e+00
1.199999999999999956e+00
7.941339557928241144e-02
7.941339557928241144e-02
1.850714802838330370e-02
1.850714802838330370e-02
2.542395849849692913e-01
2.542395849849692913e-01
1.199999999999999956e+00
1.199999999999999956e+00
4.084333339579815370e-01
4.084333339579815370e-01
1.373742331527497973e-01
1.373742331527497973e-01
2.516670071285967980e-01
2.516670071285967980e-01
7.060142191220981633e-01
7.060142191220981633e-01
9.898524023625032697e-02
9.898524023625032697e-02
5.353947384181763081e-01
5.353947384181763081e-01
1.613216209062912770e-02
1.613216209062912770e-02
1.199999999999999956e+00
1.199999999999999956e+00
1.199999999999999956e+00
1.199999999999999956e+00
1.479137748798176888e-01
1.479137748798176888e-01
5.651903464295945922e-02
5.651903464295945922e-02
1.199999999999999956e+00
1.199999999999999956e+00
1.199999999999999956e+00
1.199999999999999956e+00
1.793391532551154022e-01
1.793391532551154022e-01
1.199999999999999956e+00
1.199999999999999956e+00
2.325017183037015323e-01
2.325017183037015323e-01
5.657118902853588427e-01
5.657118902853588427e-01
1.339735000116581976e-01
1.339735000116581976e-01
1.898857072398883183e-01
1.898857072398883183e-01
1.764323986495069663e-01
1.764323986495069663e-01
8.459813407354626058e-01
8.459813407354626058e-01
5.820961749632920512e-02
5.820961749632920512e-02
3.225613259780389375e-01
3.225613259780389375e-01
5.636590945522925722e-01
5.636590945522925722e-01
7.911106626290188570e-01
7.911106626290188570e-01
1.199999999999999956e+00
1.199999999999999956e+00
1.199999999999999956e+00
1.199999999999999956e+00
1.199999999999999956e+00
1.199999999999999956e+00
2.154512910700850381e-01
2.154512910700850381e-01
1.199999999999999956e+00
1.199999999999999956e+00
1.199999999999999956e+00
1.199999999999999956e+00
4.482056813578347287e-02
4.482056813578347287e-02
7.625060929763932682e-01
7.625060929763932682e-01
3.036691848122639037e-01
3.036691848122639037e-01
4.883187688221216627e-01
4.883187688221216627e-01
1.962590869541888106e-01
1.962590869541888106e-01
1.137904129569080047e-01
1.137904129569080047e-01
1.199999999999999956e+00
1.199999999999999956e+00
3.484687860082447131e-01
3.484687860082447131e-01
3.700790453814952197e-01
3.700790453814952197e-01
2.440233036728955696e-01
2.440233036728955696e-01
2.365480898159410816e-01
2.365480898159410816e-01
1.199999999999999956e+00
1.199999999999999956e+00
4.171644702387843906e-01
4.171644702387843906e-01
1.199999999999999956e+00
1.199999999999999956e+00
1.414518011185069701e-01
1.414518011185069701e-01
3.983154652480730973e-01
3.983154652480730973e-01
3.395312143913465919e-01
3.395312143913465919e-01
4.264284853428506605e-01
4.264284853428506605e-01
4.017373708525657783e-01
4.017373708525657783e-01
7.968391668204493072e-01
7.968391668204493072e-01
1.199999999999999956e+00
1.199999999999999956e+00
4.197956247135479768e-01
4.197956247135479768e-01
1.129486024740041367e-01
1.129486024740041367e-01
8.057232159895247325e-02
8.057232159895247325e-02
2.582072413160566571e-01
2.582072413160566571e-01
1.387317725014218239e-01
1.387317725014218239e-01
5.784132479024233220e-01
5.784132479024233220e-01
7.799502654799774781e-01
7.799502654799774781e-01
4.970449820701033222e-02
4.970449820701033222e-02
3.137470202925817051e-03
3.137470202925817051e-03
2.134819789242250188e-01
2.134819789242250188e-01
4.732711817796170783e-01
4.732711817796170783e-01
3.593237505957573297e-01
3.593237505957573297e-01
7.985294062904069179e-02
7.985294062904069179e-02
2.496607338050045866e-01
2.496607338050045866e-01
5.345237289498339095e-01
5.345237289498339095e-01
3.388125839165582187e-01
3.388125839165582187e-01
3.739712338592067198e-01
3.739712338592067198e-01
4.290681082652686995e-01
4.290681082652686995e-01
4.199076898731496366e-01
4.199076898731496366e-01
1.199999999999999956e+00
1.199999999999999956e+00
1.199999999999999956e+00
1.199999999999999956e+00
4.549060194698480442e-01
4.549060194698480442e-01
4.567575316092778448e-01
4.567575316092778448e-01
6.115692934730216912e-01
6.115692934730216912e-01
6.015581581273690137e-01
6.015581581273690137e-01
5.395936130807553743e-01
5.395936130807553743e-01
8.224236131840199915e-02
8.224236131840199915e-02
6.703672745753188299e-03
6.703672745753188299e-03
4.801104716655610893e-01
4.801104716655610893e-01
4.945141590810614440e-01
4.945141590810614440e-01
1.199999999999999956e+00
1.199999999999999956e+00
8.850189671717041684e-02
8.850189671717041684e-02
1.723657401556472069e-01
1.723657401556472069e-01
1.966163625940313131e-01
1.966163625940313131e-01
5.032611010680433372e-01
5.032611010680433372e-01
1.659601425388771423e-01
1.659601425388771423e-01
2.358109662797649164e-01
2.358109662797649164e-01
1.008532579094170434e-01
1.008532579094170434e-01
4.188064662508819008e-02
4.188064662508819008e-02
4.549716801943134437e-01
4.549716801943134437e-01
2.359416100351908185e-01
2.359416100351908185e-01
3.430679181249408627e-01
3.430679181249408627e-01
1.199999999999999956e+00
1.199999999999999956e+00
2.505243400714579627e-01
2.505243400714579627e-01
6.635411347895783241e-01
6.635411347895783241e-01
4.403063553160360133e-01
4.403063553160360133e-01
2.914288182041375741e-01
2.914288182041375741e-01
3.900725665440981094e-01
3.900725665440981094e-01
7.073459752020339053e-01
7.073459752020339053e-01
1.046097697146615851e-01
1.046097697146615851e-01
5.501762633391552582e-01
5.501762633391552582e-01
1.199999999999999956e+00
1.199999999999999956e+00
1.199999999999999956e+00
1.199999999999999956e+00
2.650890544642878766e-01
2.650890544642878766e-01
2.144628464456774242e-02
2.144628464456774242e-02
2.189727359077998647e-01
2.189727359077998647e-01
1.960855108320131990e-01
1.960855108320131990e-01
4.008754099971459373e-02
4.008754099971459373e-02
3.666658193923525988e-01
3.666658193923525988e-01
1.199999999999999956e+00
1.199999999999999956e+00
1.384995000773271423e-01
1.384995000773271423e-01
5.571492084573594905e-01
5.571492084573594905e-01
1.199999999999999956e+00
1.199999999999999956e+00
3.977592932182563712e-01
3.977592932182563712e-01
1.557944758181784850e-01
1.557944758181784850e-01
4.338847845865986819e-01
4.338847845865986819e-01
4.390133386159208451e-01
4.390133386159208451e-01
1.848403923035641105e-01
1.848403923035641105e-01
1.115766090887921225e+00
1.115766090887921225e+00
1.190460200954127773e-02
1.190460200954127773e-02
4.521571770374537280e-01
4.521571770374537280e-01
2.447340364352971198e-01
2.447340364352971198e-01
2.986151809603677931e-02
2.986151809603677931e-02
2.291479117664438625e-01
2.291479117664438625e-01
3.160533012045021461e-01
3.160533012045021461e-01
7.908937946726136980e-02
7.908937946726136980e-02
1.154220212985706678e-01
1.154220212985706678e-01
2.047489505873807333e-02
2.047489505873807333e-02
1.199999999999999956e+00
1.199999999999999956e+00
1.199999999999999956e+00
1.199999999999999956e+00
1.333610199559446541e-01
1.333610199559446541e-01
1.115071736496495158e-01
1.115071736496495158e-01
6.031594602292534857e-01
6.031594602292534857e-01
1.199999999999999956e+00
1.199999999999999956e+00
1.199999999999999956e+00
1.199999999999999956e+00
7.702513829460026946e-03
7.702513829460026946e-03
2.447061754567236846e-01
2.447061754567236846e-01
4.786999026126401158e-02
4.786999026126401158e-02
2.893288453012189954e-01
2.893288453012189954e-01
2.862359579296447909e-01
2.862359579296447909e-01
9.381128904290143566e-01
9.381128904290143566e-01
1.199999999999999956e+00
1.199999999999999956e+00
2.594029218191162278e-01
2.594029218191162278e-01
1.199999999999999956e+00
1.199999999999999956e+00
3.873003172897777624e-01
3.873003172897777624e-01
1.199999999999999956e+00
1.199999999999999956e+00
4.042587072594126529e-01
4.042587072594126529e-01
1.775508826340054247e-01
1.775508826340054247e-01
1.501021996635840960e-01
1.501021996635840960e-01
1.199999999999999956e+00
1.199999999999999956e+00
1.978435878640790735e-01
1.978435878640790735e-01
1.199999999999999956e+00
1.199999999999999956e+00
6.435977821423289474e-03
6.435977821423289474e-03
5.521264020061688038e-01
5.521264020061688038e-01
3.038290049426696851e-02
3.038290049426696851e-02
3.571173115180458213e-01
3.571173115180458213e-01
4.853580535630825921e-01
4.853580535630825921e-01
1.199999999999999956e+00
1.199999999999999956e+00
2.537239317604869093e-01
2.537239317604869093e-01
1.265756812784301744e+00
1.265756812784301744e+00
2.212771704512141169e-01
2.212771704512141169e-01
1.199999999999999956e+00
1.199999999999999956e+00
1.902548952006850869e-01
1.902548952006850869e-01
4.959935432710511211e-02
4.959935432710511211e-02
1.630565532386852867e-01
1.630565532386852867e-01
2.290088298450785043e-01
2.290088298450785043e-01
3.597150597725808918e-01
3.597150597725808918e-01
1.914435067715269390e-01
1.914435067715269390e-01
1.199999999999999956e+00
1.199999999999999956e+00
3.316064520812356253e-01
3.316064520812356253e-01
5.644994289199015691e-01
5.644994289199015691e-01
6.067738319169542205e-01
6.067738319169542205e-01
8.682536787020694868e-01
8.682536787020694868e-01
1.199999999999999956e+00
1.199999999999999956e+00
1.333229691222475588e-01
1.333229691222475588e-01
6.144151214328839039e-01
6.144151214328839039e-01
3.002851201909176315e-01
3.002851201909176315e-01
9.978931287675516515e-01
9.978931287675516515e-01
9.825349495080790696e-01
9.825349495080790696e-01
1.199999999999999956e+00
1.199999999999999956e+00
4.422559021281808334e-01
4.422559021281808334e-01
5.868603609197271531e-01
5.868603609197271531e-01
2.261007644105588188e-01
2.261007644105588188e-01
2.856211042033524050e-01
2.856211042033524050e-01
1.199999999999999956e+00
1.199999999999999956e+00
4.183784591176069600e-01
4.183784591176069600e-01
8.167548155997771120e-02
8.167548155997771120e-02
7.593231696875755998e-02
7.593231696875755998e-02
1.199999999999999956e+00
1.199999999999999956e+00
1.199999999999999956e+00
1.199999999999999956e+00
5.102911333487728657e-02
5.102911333487728657e-02
1.609123806289808889e-01
1.609123806289808889e-01
1.970321160423652018e-02
1.970321160423652018e-02
8.406684157840088600e-02
8.406684157840088600e-02
2.237245893967558796e-01
2.237245893967558796e-01
7.999780917169724281e-01
7.999780917169724281e-01
7.654487795766357072e-02
7.654487795766357072e-02
1.348715187387879710e-01
1.348715187387879710e-01
2.187043054123211372e-01
2.187043054123211372e-01
2.822962905393455735e-01
2.822962905393455735e-01
1.199999999999999956e+00
1.199999999999999956e+00
1.254060369042998002e-01
1.254060369042998002e-01
8.009194724870956072e-01
8.009194724870956072e-01
1.199999999999999956e+00
1.199999999999999956e+00
4.178889720638883643e-01
4.178889720638883643e-01
2.537890502293502770e-01
2.537890502293502770e-01
2.936795093701871084e-01
2.936795093701871084e-01
5.026378198775626194e-01
5.026378198775626194e-01
2.766506917607800542e-01
2.766506917607800542e-01
9.990087828236517142e-02
9.990087828236517142e-02
6.976749759427242070e-02
6.976749759427242070e-02
1.199999999999999956e+00
1.199999999999999956e+00
6.284091992779874403e-01
6.284091992779874403e-01
5.187511369577219034e-02
5.187511369577219034e-02
3.760930389222493786e-01
3.760930389222493786e-01
8.135084982549454224e-01
8.135084982549454224e-01
1.199999999999999956e+00
1.199999999999999956e+00
5.662982575785423522e-01
5.662982575785423522e-01
7.774158533035060437e-01
7.774158533035060437e-01
9.654822210252492209e-02
9.654822210252492209e-02
3.675568034372257986e-01
3.675568034372257986e-01
1.799740979347840553e-01
1.799740979347840553e-01
4.492422957346774159e-02
4.492422957346774159e-02
5.985610395652037896e-01
5.985610395652037896e-01
3.770169044914424283e-01
3.770169044914424283e-01
7.048072315060265325e-01
7.048072315060265325e-01
1.199999999999999956e+00
1.199999999999999956e+00
1.727295497298093341e-01
1.727295497298093341e-01
4.117265741314805050e-01
4.117265741314805050e-01
8.736553426128520483e-01
8.736553426128520483e-01
6.988170537723156946e-03
6.988170537723156946e-03
4.864036044942109394e-01
4.864036044942109394e-01
2.453417254864332930e-01
2.453417254864332930e-01
2.724950692458971702e-01
2.724950692458971702e-01
7.630400292810020357e-02
7.630400292810020357e-02
1.199999999999999956e+00
1.199999999999999956e+00
6.335558329521398524e-02
6.335558329521398524e-02
4.361269198381503287e-01
4.361269198381503287e-01
1.062713971729446760e-01
1.062713971729446760e-01
1.199999999999999956e+00
1.199999999999999956e+00
3.205331976603843502e-01
3.205331976603843502e-01
1.199999999999999956e+00
1.199999999999999956e+00
1.742954549391443342e-01
1.742954549391443342e-01
3.911224395866059744e-01
3.911224395866059744e-01
1.464404411065214628e-01
1.464404411065214628e-01
4.283523529388372567e-03
4.283523529388372567e-03
5.173984604038363022e-01
5.173984604038363022e-01
1.199999999999999956e+00
1.199999999999999956e+00
1.848199763248376537e-01
1.848199763248376537e-01
2.965719772677622434e-01
2.965719772677622434e-01
5.070393160021289397e-02
5.070393160021289397e-02
1.168602217189016329e-01
1.168602217189016329e-01
1.924389306296200586e-01
1.924389306296200586e-01
1.199999999999999956e+00
1.199999999999999956e+00
2.608765791539739975e-01
2.608765791539739975e-01
7.114644829929510361e-02
7.114644829929510361e-02
3.469058121450723786e-01
3.469058121450723786e-01
1.199999999999999956e+00
1.199999999999999956e+00
1.199999999999999956e+00
1.199999999999999956e+00
1.199999999999999956e+00
1.199999999999999956e+00
4.413734585277481748e-01
4.413734585277481748e-01
6.737486388545237126e-02
6.737486388545237126e-02
1.230529959793682029e-02
1.230529959793682029e-02
8.313604302337360696e-01
8.313604302337360696e-01
4.822823615399446928e-01
4.822823615399446928e-01
3.275576911070572916e-01
3.275576911070572916e-01
5.011360328303734457e-01
5.011360328303734457e-01
1.480351680864511743e-01
1.480351680864511743e-01
9.345639367721689794e-01
9.345639367721689794e-01
3.954783614012121751e-01
3.954783614012121751e-01
2.495722398225189501e-02
2.495722398225189501e-02
1.336450794064563130e-01
1.336450794064563130e-01
3.248272388499576779e-01
3.248272388499576779e-01
8.411601510452266783e-01
8.411601510452266783e-01
1.884863075963637002e-01
1.884863075963637002e-01
6.182526956463994111e-02
6.182526956463994111e-02
2.428132695725110368e-01
2.428132695725110368e-01
3.828652603425215517e-01
3.828652603425215517e-01
7.656838530506599599e-03
7.656838530506599599e-03
2.226524136853244851e-01
2.226524136853244851e-01
1.624025915029461697e-01
1.624025915029461697e-01
4.076067166182056022e-03
4.076067166182056022e-03
2.782391598026446450e-02
2.782391598026446450e-02
4.536874491229065526e-02
4.536874491229065526e-02
6.910716247110504362e-02
6.910716247110504362e-02
1.814716248434964652e-01
1.814716248434964652e-01
3.222121951839285181e-01
3.222121951839285181e-01
6.253146141512100353e-02
6.253146141512100353e-02
1.199999999999999956e+00
1.199999999999999956e+00
1.199999999999999956e+00
1.199999999999999956e+00
3.547515069827221201e-01
3.547515069827221201e-01
1.288022645022856849e-01
1.288022645022856849e-01
7.293872905739448020e-01
7.293872905739448020e-01
3.927920885263587181e-01
3.927920885263587181e-01
1.199999999999999956e+00
1.199999999999999956e+00
1.199999999999999956e+00
1.199999999999999956e+00
3.326265332827125221e-01
3.326265332827125221e-01
3.364417011331944929e-01
3.364417011331944929e-01
2.459646004695066179e-03
2.459646004695066179e-03
1.199999999999999956e+00
1.199999999999999956e+00
5.389986469131529123e-01
5.389986469131529123e-01
3.681522666087173046e-01
3.681522666087173046e-01
7.547749580708552897e-02
7.547749580708552897e-02
2.784635661431802967e-02
2.784635661431802967e-02
9.257613706105384532e-02
9.257613706105384532e-02
1.199999999999999956e+00
1.199999999999999956e+00
6.014009685043313347e-01
6.014009685043313347e-01
1.697366207111867809e-01
1.697366207111867809e-01
3.725160426962815796e-01
3.725160426962815796e-01
8.498768302686277032e-02
8.498768302686277032e-02
2.234312924764068065e-01
2.234312924764068065e-01
1.199999999999999956e+00
1.199999999999999956e+00
9.490190232225789169e-01
9.490190232225789169e-01
1.972151747032149793e-02
1.972151747032149793e-02
6.963497952221798792e-01
6.963497952221798792e-01
1.199999999999999956e+00
1.199999999999999956e+00
4.636546001601605238e-01
4.636546001601605238e-01
6.724341171706328391e-01
6.724341171706328391e-01
3.247711875404428739e-01
3.247711875404428739e-01
8.116821911968745695e-01
8.116821911968745695e-01
9.032904870451824442e-02
9.032904870451824442e-02
4.630328515292387315e-01
4.630328515292387315e-01
1.148564869550543349e-01
1.148564869550543349e-01
5.441192806870923659e-01
5.441192806870923659e-01
1.219854806450502427e-01
1.219854806450502427e-01
3.464066938158916753e-01
3.464066938158916753e-01
7.744930809138544925e-01
7.744930809138544925e-01
1.199999999999999956e+00
1.199999999999999956e+00
1.199999999999999956e+00
1.199999999999999956e+00
1.370415494164099052e-02
1.370415494164099052e-02
1.703369742255670671e-01
1.703369742255670671e-01
8.437147132835205454e-01
8.437147132835205454e-01
1.199999999999999956e+00
1.199999999999999956e+00
3.252579756893588837e-03
3.252579756893588837e-03
3.408724092091346414e-01
3.408724092091346414e-01
2.360737050842862117e-02
2.360737050842862117e-02
4.108150397596790349e-01
4.108150397596790349e-01
4.648518003209391181e-02
4.648518003209391181e-02
1.199999999999999956e+00
1.199999999999999956e+00
2.301141529033630673e-01
2.301141529033630673e-01
1.986916269460465012e-01
1.986916269460465012e-01
7.120835915492344792e-02
7.120835915492344792e-02
1.199999999999999956e+00
1.199999999999999956e+00
1.199999999999999956e+00
1.199999999999999956e+00
1.199999999999999956e+00
1.199999999999999956e+00
2.540214872714063876e-01
2.540214872714063876e-01
2.987103995777142251e-01
2.987103995777142251e-01
9.419828800593664508e-02
9.419828800593664508e-02
1.927767779610615184e-01
1.927767779610615184e-01
6.391161894252340991e-02
6.391161894252340991e-02
2.271468016898532949e-01
2.271468016898532949e-01
4.757772697123676675e-01
4.757772697123676675e-01
3.266853366856910940e-02
3.266853366856910940e-02
1.416931322794665882e-01
1.416931322794665882e-01
7.062743928187935616e-01
7.062743928187935616e-01
4.772908191047683935e-01
4.772908191047683935e-01
4.078664510674436250e-01
4.078664510674436250e-01
4.028226959238271343e-01
4.028226959238271343e-01
1.992931193955734537e-01
1.992931193955734537e-01
3.279603932600577143e-01
3.279603932600577143e-01
1.403436060312625855e-01
1.403436060312625855e-01
9.479893292607721733e-02
9.479893292607721733e-02
1.062359947114904779e-01
1.062359947114904779e-01
2.843744532215152221e-01
2.843744532215152221e-01
2.117701958647322247e-01
2.117701958647322247e-01
6.009598104137923169e-01
6.009598104137923169e-01
1.515122110283177725e-02
1.515122110283177725e-02
5.838289311382373857e-03
5.838289311382373857e-03
1.199999999999999956e+00
1.199999999999999956e+00
4.142435599147131220e-01
4.142435599147131220e-01
5.051748022851930697e-01
5.051748022851930697e-01
1.986321112140216338e-01
1.986321112140216338e-01
1.199999999999999956e+00
1.199999999999999956e+00
4.074743284354691575e-01
4.074743284354691575e-01
2.021618809496184554e-01
2.021618809496184554e-01
1.013214479272788035e-03
1.013214479272788035e-03
2.447797156502748706e-01
2.447797156502748706e-01
1.625004250454642474e-02
1.625004250454642474e-02
5.322296906079787560e-01
5.322296906079787560e-01
3.383936212615226147e-01
3.383936212615226147e-01
2.231762029732450303e-01
2.231762029732450303e-01
8.290000605673117362e-02
8.290000605673117362e-02
1.199999999999999956e+00
1.199999999999999956e+00
1.715739392219752801e-01
1.715739392219752801e-01
5.609323493919750048e-01
5.609323493919750048e-01
2.817638306842940032e-01
2.817638306842940032e-01
4.213920055356490391e-02
4.213920055356490391e-02
3.244256571132787814e-03
3.244256571132787814e-03
1.627454742525639708e-01
1.627454742525639708e-01
2.169736658301479049e-01
2.169736658301479049e-01
6.091081121222230443e-01
6.091081121222230443e-01
1.199999999999999956e+00
1.199999999999999956e+00
1.199999999999999956e+00
1.199999999999999956e+00
1.758621467524182080e-01
1.758621467524182080e-01
2.174632188814193123e-01
2.174632188814193123e-01
1.501874014165633653e-01
1.501874014165633653e-01
5.145205050215021642e-02
5.145205050215021642e-02
1.628168807960230988e-02
1.628168807960230988e-02
1.199999999999999956e+00
1.199999999999999956e+00
3.771359127769990938e-01
3.771359127769990938e-01
4.584935849320683210e-01
4.584935849320683210e-01
7.376599872605443808e-02
7.376599872605443808e-02
5.344644986391436370e-02
5.344644986391436370e-02
3.934025263430367125e-02
3.934025263430367125e-02
1.294825738685739247e-01
1.294825738685739247e-01
1.170626862062510709e-01
1.170626862062510709e-01
8.847169172600883869e-01
8.847169172600883869e-01
5.595601982918425588e-01
5.595601982918425588e-01
1.283814350270911508e-01
1.283814350270911508e-01
2.056543336762447771e-01
2.056543336762447771e-01
1.285781170557672715e-01
1.285781170557672715e-01
1.269938725606997443e-01
1.269938725606997443e-01
9.636985670507606724e-03
9.636985670507606724e-03
1.199999999999999956e+00
1.199999999999999956e+00
2.188270725045041165e-02
2.188270725045041165e-02
1.624717303640653976e-01
1.624717303640653976e-01
3.375487681740230728e-01
3.375487681740230728e-01
6.731087167281497863e-02
6.731087167281497863e-02
1.199999999999999956e+00
1.199999999999999956e+00
1.402279473083494654e+00
1.402279473083494654e+00
3.725728869421370271e-01
3.725728869421370271e-01
3.379884675599452715e-01
3.379884675599452715e-01
1.127737455280732048e-01
1.127737455280732048e-01
1.514422730571525211e-01
1.514422730571525211e-01
2.932853775489555614e-01
2.932853775489555614e-01
1.199999999999999956e+00
1.199999999999999956e+00
1.873191004410846017e-01
1.873191004410846017e-01
9.240826635332106964e-02
9.240826635332106964e-02
1.223237474396594165e-01
1.223237474396594165e-01
9.702658832186357163e-01
9.702658832186357163e-01
1.886786906019178797e-02
1.886786906019178797e-02
6.226098910011070853e-01
6.226098910011070853e-01
5.787279652945719333e-01
5.787279652945719333e-01
2.497798681784488550e-01
2.497798681784488550e-01
1.198152178544236168e-01
1.198152178544236168e-01
5.098819195077328864e-02
5.098819195077328864e-02
1.199999999999999956e+00
1.199999999999999956e+00
7.104862377989178412e-01
7.104862377989178412e-01
1.746594023349268276e-01
1.746594023349268276e-01
1.199999999999999956e+00
1.199999999999999956e+00
1.109390635579080575e-01
1.109390635579080575e-01
1.534032042413482726e-02
1.534032042413482726e-02
1.199999999999999956e+00
1.199999999999999956e+00
1.998517323092982301e-01
1.998517323092982301e-01
1.199999999999999956e+00
1.199999999999999956e+00
1.031085630604649250e-01
1.031085630604649250e-01
1.199999999999999956e+00
1.199999999999999956e+00
1.199999999999999956e+00
1.199999999999999956e+00
5.982270682723404009e-01
5.982270682723404009e-01
7.611495848373051043e-02
7.611495848373051043e-02
1.199999999999999956e+00
1.199999999999999956e+00
3.353091290510819000e-01
3.353091290510819000e-01
7.795176706798246924e-01
7.795176706798246924e-01
2.623059735475490387e-02
2.623059735475490387e-02
6.793843192431257838e-02
6.793843192431257838e-02
3.900988254076790396e-01
3.900988254076790396e-01
1.199999999999999956e+00
1.199999999999999956e+00
1.199999999999999956e+00
1.199999999999999956e+00
1.050462927973706828e-01
1.050462927973706828e-01
1.199999999999999956e+00
1.199999999999999956e+00
1.011030367374990746e+00
1.011030367374990746e+00
7.325413612800844854e-02
7.325413612800844854e-02
2.997023379438071844e-01
2.997023379438071844e-01
3.699622438030536475e-01
3.699622438030536475e-01
2.570319361219535748e-01
2.570319361219535748e-01
4.162781494127388848e-01
4.162781494127388848e-01
2.520479527000041298e-01
2.520479527000041298e-01
1.199999999999999956e+00
1.199999999999999956e+00
7.846789033984702399e-02
7.846789033984702399e-02
3.930739346448104965e-01
3.930739346448104965e-01
4.406749728128096510e-01
4.406749728128096510e-01
1.199999999999999956e+00
1.199999999999999956e+00
1.742957557041612815e-01
1.742957557041612815e-01
6.158312824751224213e-01
6.158312824751224213e-01
1.232192325497129086e-02
1.232192325497129086e-02
1.199999999999999956e+00
1.199999999999999956e+00
1.426725030739307148e-02
1.426725030739307148e-02
6.519100614774345770e-01
6.519100614774345770e-01
2.783494925466186154e-01
2.783494925466186154e-01
1.199999999999999956e+00
1.199999999999999956e+00
1.421130725367328596e-01
1.421130725367328596e-01
4.175813855085332427e-01
4.175813855085332427e-01
1.026738653906240084e-01
1.026738653906240084e-01
7.719788084894254609e-01
7.719788084894254609e-01
5.023177683563168072e-01
5.023177683563168072e-01
1.110591601315867871e+00
1.110591601315867871e+00
1.231453165372188401e-02
1.231453165372188401e-02
1.199999999999999956e+00
1.199999999999999956e+00
1.068848042569108953e-01
1.068848042569108953e-01
1.199999999999999956e+00
1.199999999999999956e+00
1.199999999999999956e+00
1.199999999999999956e+00
1.199999999999999956e+00
1.199999999999999956e+00
5.286047769701335275e-01
5.286047769701335275e-01
3.321591971814575883e-01
3.321591971814575883e-01
4.482805119719778242e-01
4.482805119719778242e-01
1.725837252049706450e-01
1.725837252049706450e-01
1.133344252577074551e-01
1.133344252577074551e-01
1.018558359127350155e+00
1.018558359127350155e+00
1.554461661720326904e-01
1.554461661720326904e-01
8.920978435251744609e-02
8.920978435251744609e-02
4.694875687831358280e-02
4.694875687831358280e-02
2.820713734304731296e-02
2.820713734304731296e-02
3.209695322723813415e-01
3.209695322723813415e-01
4.566738584410728885e-01
4.566738584410728885e-01
2.407694050304011457e-02
2.407694050304011457e-02
1.199999999999999956e+00
1.199999999999999956e+00
8.745140038817432737e-01
8.745140038817432737e-01
1.199999999999999956e+00
1.199999999999999956e+00
2.554854690151529134e-02
2.554854690151529134e-02
3.559665878003637207e-01
3.559665878003637207e-01
2.632594309554054379e-01
2.632594309554054379e-01
2.333942509627953132e-01
2.333942509627953132e-01
1.199999999999999956e+00
1.199999999999999956e+00
3.656926817328913226e-01
3.656926817328913226e-01
1.199999999999999956e+00
1.199999999999999956e+00
4.908911787302464025e-01
4.908911787302464025e-01
8.089727486532223288e-01
8.089727486532223288e-01
1.346549864403197849e-01
1.346549864403197849e-01
5.056705682208535446e-01
5.056705682208535446e-01
1.415746487819425359e-01
1.415746487819425359e-01
2.059410881394485304e-01
2.059410881394485304e-01
1.199999999999999956e+00
1.199999999999999956e+00
5.569435821494884697e-01
5.569435821494884697e-01
4.857212669755675560e-02
4.857212669755675560e-02
1.199999999999999956e+00
1.199999999999999956e+00
2.934628505717576941e-01
2.934628505717576941e-01
3.043667514602359583e-02
3.043667514602359583e-02
1.161150157604593364e-01
1.161150157604593364e-01
3.760240774601078528e-02
3.760240774601078528e-02
1.887895748686746825e-02
1.887895748686746825e-02
3.895180595028242543e-01
3.895180595028242543e-01
1.490268696720744857e-01
1.490268696720744857e-01
1.544845280750688776e-01
1.544845280750688776e-01
1.412504894705775838e-01
1.412504894705775838e-01
1.199999999999999956e+00
1.199999999999999956e+00
2.761477362248463963e-01
2.761477362248463963e-01
3.336571693499888469e-01
3.336571693499888469e-01
2.595980757067293809e-01
2.595980757067293809e-01
1.151138187543965935e-02
1.151138187543965935e-02
6.667850102253530808e-02
6.667850102253530808e-02
1.199999999999999956e+00
1.199999999999999956e+00
6.769676434283717903e-01
6.769676434283717903e-01
4.828362872959270913e-01
4.828362872959270913e-01
2.344419352919791533e-01
2.344419352919791533e-01
6.370271838435552780e-01
6.370271838435552780e-01
1.819600065465150907e-01
1.819600065465150907e-01
5.367359331708769776e-01
5.367359331708769776e-01
1.053246940365174383e-01
1.053246940365174383e-01
1.433391367304162438e-02
1.433391367304162438e-02
1.017822127983071118e-01
1.017822127983071118e-01
1.199999999999999956e+00
1.199999999999999956e+00
4.003989386336009870e-02
4.003989386336009870e-02
1.199999999999999956e+00
1.199999999999999956e+00
2.047409719716988818e-02
2.047409719716988818e-02
3.022111931635610427e-01
3.022111931635610427e-01
4.454133905840453878e-01
4.454133905840453878e-01
1.199999999999999956e+00
1.199999999999999956e+00
4.360493054453859485e-01
4.360493054453859485e-01
1.199999999999999956e+00
1.199999999999999956e+00
2.011637057953298557e-01
2.011637057953298557e-01
1.199999999999999956e+00
1.199999999999999956e+00
2.219830664875706988e-02
2.219830664875706988e-02
8.263287186352485936e-01
8.263287186352485936e-01
1.199999999999999956e+00
1.199999999999999956e+00
7.370797246433528072e-01
7.370797246433528072e-01
1.199999999999999956e+00
1.199999999999999956e+00
1.020500857117172949e-02
1.020500857117172949e-02
1.645558955955294875e-02
1.645558955955294875e-02
2.160411633744505344e-01
2.160411633744505344e-01
