2.152825631789922201e-01
2.152825631789922201e-01
4.019791777384980058e-01
4.019791777384980058e-01
1.199999999999999956e+00
1.199999999999999956e+00
1.199999999999999956e+00
1.199999999999999956e+00
2.110660010213874505e-01
2.110660010213874505e-01
4.689051622661319363e-01
4.689051622661319363e-01
7.368500897177492348e-01
7.368500897177492348e-01
1.641988738266071945e-01
1.641988738266071945e-01
1.505801080093347177e-01
1.505801080093347177e-01
7.294205799291513248e-01
7.294205799291513248e-01
1.199999999999999956e+00
1.199999999999999956e+00
1.199999999999999956e+00
1.199999999999999956e+00
1.199999999999999956e+00
1.199999999999999956e+00
7.645314106912008967e-01
7.645314106912008967e-01
1.159909466234705921e-01
1.159909466234705921e-01
5.171362185563113112e-01
5.171362185563113112e-01
1.199999999999999956e+00
1.199999999999999956e+00
1.199999999999999956e+00
1.199999999999999956e+00
5.309471983676383733e-01
5.309471983676383733e-01
4.823153725669274833e-02
4.823153725669274833e-02
6.642043124224571854e-03
6.642043124224571854e-03
6.129956818290707155e-01
6.129956818290707155e-01
3.643135664966040133e-01
3.643135664966040133e-01
1.764419143320899441e-01
1.764419143320899441e-01
1.403859170812281898e-01
1.403859170812281898e-01
1.199999999999999956e+00
1.199999999999999956e+00
2.495864468411925496e-01
2.495864468411925496e-01
1.199999999999999956e+00
1.199999999999999956e+00
3.400866454520627968e-01
3.400866454520627968e-01
3.693458860811613675e-01
3.693458860811613675e-01
1.283019051615019446e-01
1.283019051615019446e-01
6.906463845349077035e-02
6.906463845349077035e-02
1.199999999999999956e+00
1.199999999999999956e+00
1.199999999999999956e+00
1.199999999999999956e+00
1.199999999999999956e+00
1.199999999999999956e+00
1.819255381409772276e-01
1.819255381409772276e-01
1.199999999999999956e+00
1.199999999999999956e+00
1.803744610492932221e-01
1.803744610492932221e-01
2.357871442528310935e-01
2.357871442528310935e-01
1.199999999999999956e+00
1.199999999999999956e+00
2.084084872142801803e-01
2.084084872142801803e-01
3.858993408297938799e-01
3.858993408297938799e-01
5.177031055595415765e-01
5.177031055595415765e-01
2.153723116319121791e-02
2.153723116319121791e-02
9.927685506266835380e-02
9.927685506266835380e-02
1.199999999999999956e+00
1.199999999999999956e+00
6.142380347061912049e-01
6.142380347061912049e-01
1.199999999999999956e+00
1.199999999999999956e+00
1.767478961150502625e-01
1.767478961150502625e-01
7.634714390390824335e-01
7.634714390390824335e-01
3.242500568806236383e-01
3.242500568806236383e-01
8.469825187152070223e-01
8.469825187152070223e-01
1.199999999999999956e+00
1.199999999999999956e+00
1.034196122352303154e-01
1.034196122352303154e-01
7.235420442861223607e-03
7.235420442861223607e-03
2.644129137170401211e-01
2.644129137170401211e-01
2.865433710085014685e-01
2.865433710085014685e-01
1.199999999999999956e+00
1.199999999999999956e+00
6.421779813269659076e-01
6.421779813269659076e-01
8.559025740282484307e-01
8.559025740282484307e-01
9.662237740002839192e-01
9.662237740002839192e-01
1.300107631513953144e-01
1.300107631513953144e-01
2.907206297903323633e-01
2.907206297903323633e-01
1.736046267861131587e-01
1.736046267861131587e-01
3.399544827145855042e-01
3.399544827145855042e-01
2.788836803649605844e-01
2.788836803649605844e-01
3.973621544457965338e-01
3.973621544457965338e-01
1.199999999999999956e+00
1.199999999999999956e+00
1.199999999999999956e+00
1.199999999999999956e+00
1.463336594071246721e-01
1.463336594071246721e-01
1.848808949713094396e-01
1.848808949713094396e-01
3.186417401150882789e-01
3.186417401150882789e-01
1.199999999999999956e+00
1.199999999999999956e+00
1.199999999999999956e+00
1.199999999999999956e+00
2.516761822125529457e-01
2.516761822125529457e-01
1.269112698114807924e-01
1.269112698114807924e-01
2.058433625719291171e-01
2.058433625719291171e-01
1.401867671942304827e-01
1.401867671942304827e-01
1.379496424201612503e-01
1.379496424201612503e-01
2.248470819589069025e-01
2.248470819589069025e-01
2.090104328937878175e-01
2.090104328937878175e-01
2.405401410692702413e-01
2.405401410692702413e-01
4.027242449853001283e-01
4.027242449853001283e-01
1.515909065886000828e-01
1.515909065886000828e-01
1.152731118156402612e-01
1.152731118156402612e-01
5.786535533711452128e-01
5.786535533711452128e-01
5.206621608412312918e-01
5.206621608412312918e-01
1.199999999999999956e+00
1.199999999999999956e+00
8.131129277333276617e-02
8.131129277333276617e-02
8.835075508337220107e-01
8.835075508337220107e-01
7.449041689793838017e-02
7.449041689793838017e-02
1.027310334444663242e+00
1.027310334444663242e+00
1.199999999999999956e+00
1.199999999999999956e+00
5.339627030376211669e-01
5.339627030376211669e-01
1.993862318593570826e-01
1.993862318593570826e-01
4.079527364848093973e-01
4.079527364848093973e-01
3.384173153654251309e-01
3.384173153654251309e-01
2.965586342491278726e-01
2.965586342491278726e-01
4.252655563876374112e-01
4.252655563876374112e-01
1.219481256067582176e-01
1.219481256067582176e-01
1.796199864244555355e-01
1.796199864244555355e-01
2.049601369024941708e-02
2.049601369024941708e-02
4.390598424411615852e-01
4.390598424411615852e-01
1.199999999999999956e+00
1.199999999999999956e+00
2.765094102247245833e-01
2.765094102247245833e-01
2.854040773392412245e-01
2.854040773392412245e-01
1.199999999999999956e+00
1.199999999999999956e+00
1.821313411101819213e-01
1.821313411101819213e-01
8.461462884823627295e-01
8.461462884823627295e-01
9.052609821823760783e-02
9.052609821823760783e-02
2.741096099505472838e-01
2.741096099505472838e-01
1.199999999999999956e+00
1.199999999999999956e+00
1.199999999999999956e+00
1.199999999999999956e+00
3.981447423730996582e-01
3.981447423730996582e-01
1.286855430624955776e-01
1.286855430624955776e-01
2.451829621283388994e-01
2.451829621283388994e-01
1.481532257352990711e-01
1.481532257352990711e-01
2.934452146397292793e-01
2.934452146397292793e-01
7.002012270040403052e-02
7.002012270040403052e-02
4.478665841936021325e-02
4.478665841936021325e-02
8.919758123202903288e-02
8.919758123202903288e-02
4.927544057972807479e-02
4.927544057972807479e-02
1.199999999999999956e+00
1.199999999999999956e+00
8.678601216373726945e-02
8.678601216373726945e-02
5.224018477657849102e-01
5.224018477657849102e-01
1.990363093749510925e-01
1.990363093749510925e-01
1.199999999999999956e+00
1.199999999999999956e+00
1.199999999999999956e+00
1.199999999999999956e+00
3.596069794584354912e-02
3.596069794584354912e-02
1.030437759401181319e+00
1.030437759401181319e+00
3.715972484388054276e-01
3.715972484388054276e-01
5.253979026288859711e-01
5.253979026288859711e-01
2.879867289305518829e-01
2.879867289305518829e-01
6.602936405028928535e-01
6.602936405028928535e-01
9.068654150054542354e-03
9.068654150054542354e-03
4.384740866120741543e-01
4.384740866120741543e-01
4.637915760908461471e-01
4.637915760908461471e-01
3.384792932295677126e-01
3.384792932295677126e-01
9.918121491835910630e-01
9.918121491835910630e-01
1.199999999999999956e+00
1.199999999999999956e+00
4.420124307277990550e-01
4.420124307277990550e-01
1.199999999999999956e+00
1.199999999999999956e+00
5.814321582552139239e-03
5.814321582552139239e-03
1.225089553097546080e+00
1.225089553097546080e+00
1.677264892285141792e-02
1.677264892285141792e-02
3.367481571215120706e-01
3.367481571215120706e-01
3.985577545815275347e-01
3.985577545815275347e-01
5.065228823834430072e-01
5.065228823834430072e-01
3.041295664235169061e-01
3.041295664235169061e-01
1.199999999999999956e+00
1.199999999999999956e+00
5.645578915398052899e-01
5.645578915398052899e-01
8.094294423772563363e-01
8.094294423772563363e-01
4.039230624343419507e-01
4.039230624343419507e-01
4.326282234997493870e-01
4.326282234997493870e-01
2.578087957675832542e-01
2.578087957675832542e-01
2.650387123477740414e-01
2.650387123477740414e-01
3.479924871555378774e-02
3.479924871555378774e-02
1.199999999999999956e+00
1.199999999999999956e+00
9.341800893132873318e-02
9.341800893132873318e-02
1.858249090364714751e-01
1.858249090364714751e-01
2.146940125835139213e-01
2.146940125835139213e-01
2.533418159113764445e-01
2.533418159113764445e-01
3.638609562546525900e-01
3.638609562546525900e-01
1.199999999999999956e+00
1.199999999999999956e+00
1.199999999999999956e+00
1.199999999999999956e+00
6.739558642127681243e-02
6.739558642127681243e-02
4.770661959172510791e-01
4.770661959172510791e-01
2.374297541270913303e-01
2.374297541270913303e-01
1.199999999999999956e+00
1.199999999999999956e+00
5.864231785891554916e-02
5.864231785891554916e-02
1.199999999999999956e+00
1.199999999999999956e+00
5.859910408731933140e-01
5.859910408731933140e-01
3.855089023361498723e-01
3.855089023361498723e-01
3.745819622459742315e-01
3.745819622459742315e-01
3.352099627028119061e-02
3.352099627028119061e-02
4.111072259773340121e-01
4.111072259773340121e-01
1.311354348572394204e-02
1.311354348572394204e-02
1.199999999999999956e+00
1.199999999999999956e+00
1.199999999999999956e+00
1.199999999999999956e+00
2.174156909965654361e-01
2.174156909965654361e-01
1.160911087561256327e-01
1.160911087561256327e-01
5.613353961415429305e-01
5.613353961415429305e-01
2.585212894831232511e-01
2.585212894831232511e-01
1.832886382089049804e-01
1.832886382089049804e-01
1.199999999999999956e+00
1.199999999999999956e+00
6.276328256990950649e-01
6.276328256990950649e-01
3.184204238269704446e-01
3.184204238269704446e-01
6.737054657718948014e-02
6.737054657718948014e-02
5.765822420332812337e-01
5.765822420332812337e-01
4.488477524711938504e-01
4.488477524711938504e-01
8.668721835585818311e-03
8.668721835585818311e-03
1.094641072540287752e-01
1.094641072540287752e-01
8.013512202228638692e-01
8.013512202228638692e-01
7.556056638639951917e-02
7.556056638639951917e-02
2.897112459363074821e-01
2.897112459363074821e-01
1.199999999999999956e+00
1.199999999999999956e+00
3.301160201864012933e-01
3.301160201864012933e-01
3.140557450954403196e-01
3.140557450954403196e-01
2.746216696983214134e-01
2.746216696983214134e-01
1.199999999999999956e+00
1.199999999999999956e+00
4.036367016294986065e-01
4.036367016294986065e-01
4.262896477470561329e-01
4.262896477470561329e-01
1.199999999999999956e+00
1.199999999999999956e+00
2.971439172981225618e-01
2.971439172981225618e-01
3.942581226776805114e-01
3.942581226776805114e-01
1.199999999999999956e+00
1.199999999999999956e+00
2.628064280967878918e-01
2.628064280967878918e-01
4.749037065080028430e-01
4.749037065080028430e-01
1.199999999999999956e+00
1.199999999999999956e+00
2.173476837664759520e-01
2.173476837664759520e-01
4.231357222878461832e-01
4.231357222878461832e-01
5.919133407736576480e-01
5.919133407736576480e-01
1.314196890656796624e-01
1.314196890656796624e-01
1.458015961997772836e-01
1.458015961997772836e-01
1.199999999999999956e+00
1.199999999999999956e+00
2.066955644129836456e-01
2.066955644129836456e-01
5.190416957286483335e-01
5.190416957286483335e-01
3.005464924608008404e-01
3.005464924608008404e-01
1.199999999999999956e+00
1.199999999999999956e+00
2.759272815119909739e-01
2.759272815119909739e-01
3.614533712097797724e-01
3.614533712097797724e-01
1.004937716692079763e-01
1.004937716692079763e-01
1.199999999999999956e+00
1.199999999999999956e+00
7.177626555472492453e-02
7.177626555472492453e-02
2.564015359981050568e-01
2.564015359981050568e-01
1.199999999999999956e+00
1.199999999999999956e+00
9.264466526017021974e-02
9.264466526017021974e-02
1.586204134669488841e-01
1.586204134669488841e-01
2.134050428693573809e-01
2.134050428693573809e-01
3.933815428221957844e-01
3.933815428221957844e-01
4.919065579326049181e-02
4.919065579326049181e-02
1.199999999999999956e+00
1.199999999999999956e+00
2.242783334360154979e-01
2.242783334360154979e-01
7.235267543739345442e-01
7.235267543739345442e-01
2.085791788388898782e-01
2.085791788388898782e-01
1.199999999999999956e+00
1.199999999999999956e+00
3.672144185361329027e-01
3.672144185361329027e-01
4.474990990118614120e-01
4.474990990118614120e-01
1.935363639733211627e-01
1.935363639733211627e-01
3.202687330568032564e-01
3.202687330568032564e-01
2.551286802124320130e-01
2.551286802124320130e-01
5.012762730622102314e-01
5.012762730622102314e-01
2.350244278868561243e-01
2.350244278868561243e-01
8.950510390763201096e-01
8.950510390763201096e-01
2.891382083348954524e-01
2.891382083348954524e-01
3.765096081001492734e-01
3.765096081001492734e-01
5.163621496829222668e-01
5.163621496829222668e-01
5.115411348093221178e-02
5.115411348093221178e-02
3.447863763793062586e-01
3.447863763793062586e-01
2.383187753572670042e-01
2.383187753572670042e-01
5.255791582723855493e-01
5.255791582723855493e-01
1.199999999999999956e+00
1.199999999999999956e+00
1.199999999999999956e+00
1.199999999999999956e+00
1.831118502778078527e-01
1.831118502778078527e-01
1.184819757059454338e-02
1.184819757059454338e-02
3.570447757837311720e-01
3.570447757837311720e-01
1.231745745725682656e-01
1.231745745725682656e-01
6.668739906638219278e-03
6.668739906638219278e-03
7.078174099889504856e-01
7.078174099889504856e-01
6.472712462332906591e-03
6.472712462332906591e-03
1.718326242497234535e-01
1.718326242497234535e-01
1.198852947341641495e-01
1.198852947341641495e-01
1.199999999999999956e+00
1.199999999999999956e+00
1.199999999999999956e+00
1.199999999999999956e+00
2.262162297185144402e-02
2.262162297185144402e-02
3.079845289223828164e-01
3.079845289223828164e-01
5.080506318536210930e-01
5.080506318536210930e-01
1.086717984480319421e+00
1.086717984480319421e+00
5.781658031318388513e-01
5.781658031318388513e-01
3.087736934449916149e-01
3.087736934449916149e-01
5.858968435693222565e-01
5.858968435693222565e-01
1.199999999999999956e+00
1.199999999999999956e+00
5.340018628695679670e-01
5.340018628695679670e-01
4.654425237084843237e-01
4.654425237084843237e-01
8.561302465390492611e-02
8.561302465390492611e-02
1.199999999999999956e+00
1.199999999999999956e+00
1.002616017497351408e-01
1.002616017497351408e-01
8.811313992851494900e-03
8.811313992851494900e-03
1.199999999999999956e+00
1.199999999999999956e+00
9.190119503553544414e-03
9.190119503553544414e-03
2.785909338132757096e-01
2.785909338132757096e-01
8.605092002153936701e-03
8.605092002153936701e-03
2.699832089166119900e-02
2.699832089166119900e-02
3.639178323209901200e-01
3.639178323209901200e-01
1.199999999999999956e+00
1.199999999999999956e+00
2.874321692940841610e-01
2.874321692940841610e-01
1.335488772925352008e-01
1.335488772925352008e-01
1.199999999999999956e+00
1.199999999999999956e+00
2.996309962261179405e-01
2.996309962261179405e-01
1.199999999999999956e+00
1.199999999999999956e+00
7.858698723887153070e-01
7.858698723887153070e-01
5.233727978202317166e-01
5.233727978202317166e-01
9.091270090214499319e-03
9.091270090214499319e-03
1.479733646507795652e-01
1.479733646507795652e-01
9.166860327435446543e-01
9.166860327435446543e-01
2.253216384452468371e-02
2.253216384452468371e-02
2.092072384235798277e-01
2.092072384235798277e-01
4.494853812143688454e-02
4.494853812143688454e-02
3.547261297777337674e-01
3.547261297777337674e-01
4.706382927636705293e-01
4.706382927636705293e-01
1.716721175454092863e-01
1.716721175454092863e-01
2.638741886660213587e-01
2.638741886660213587e-01
2.376442860358106146e-01
2.376442860358106146e-01
1.199999999999999956e+00
1.199999999999999956e+00
4.097864554785941582e-01
4.097864554785941582e-01
6.761392555891476697e-01
6.761392555891476697e-01
1.199999999999999956e+00
1.199999999999999956e+00
2.168730377078625926e-01
2.168730377078625926e-01
1.387098196927237514e-01
1.387098196927237514e-01
3.879130088440743140e-01
3.879130088440743140e-01
1.199999999999999956e+00
1.199999999999999956e+00
1.199999999999999956e+00
1.199999999999999956e+00
6.164376463057860134e-01
6.164376463057860134e-01
2.275210353700718169e-01
2.275210353700718169e-01
2.400617784292777557e-01
2.400617784292777557e-01
1.115936560634513297e+00
1.115936560634513297e+00
8.116935461071714819e-01
8.116935461071714819e-01
3.587057651414659043e-01
3.587057651414659043e-01
1.199999999999999956e+00
1.199999999999999956e+00
3.906390493226992722e-01
3.906390493226992722e-01
2.847365804950798829e-01
2.847365804950798829e-01
7.200494709666079851e-01
7.200494709666079851e-01
1.141992624366859749e-01
1.141992624366859749e-01
4.289903467899052747e-01
4.289903467899052747e-01
6.020927094173050137e-02
6.020927094173050137e-02
1.199999999999999956e+00
1.199999999999999956e+00
2.905647742937209066e-01
2.905647742937209066e-01
5.529507711796958352e-02
5.529507711796958352e-02
2.601247760415045795e-01
2.601247760415045795e-01
3.577426534816615655e-01
3.577426534816615655e-01
4.546839339119749801e-01
4.546839339119749801e-01
1.199999999999999956e+00
1.199999999999999956e+00
2.084510086434010201e-01
2.084510086434010201e-01
1.026064746486002738e-01
1.026064746486002738e-01
4.570130011915296553e-01
4.570130011915296553e-01
2.813519056831224052e-01
2.813519056831224052e-01
8.975923905620006304e-03
8.975923905620006304e-03
2.071299707584084437e-02
2.071299707584084437e-02
4.238680887321950030e-01
4.238680887321950030e-01
2.627760907390053191e-02
2.627760907390053191e-02
6.072905211246642371e-02
6.072905211246642371e-02
1.199999999999999956e+00
1.199999999999999956e+00
1.931007999549695098e-01
1.931007999549695098e-01
3.927942698252254172e-01
3.927942698252254172e-01
1.401368757084351518e-02
1.401368757084351518e-02
1.832195128390711192e-01
1.832195128390711192e-01
1.199999999999999956e+00
1.199999999999999956e+00
4.262201861347671983e-01
4.262201861347671983e-01
1.004127939905644223e-01
1.004127939905644223e-01
1.339152079128765882e-01
1.339152079128765882e-01
1.199999999999999956e+00
1.199999999999999956e+00
1.199999999999999956e+00
1.199999999999999956e+00
6.130515107885008419e-01
6.130515107885008419e-01
3.142608862616834697e-01
3.142608862616834697e-01
3.670032898167976260e-02
3.670032898167976260e-02
5.852852903586852618e-01
5.852852903586852618e-01
1.312586536638418455e-01
1.312586536638418455e-01
4.873882606726293726e-02
4.873882606726293726e-02
3.210453438418952032e-01
3.210453438418952032e-01
1.322153227858423319e-01
1.322153227858423319e-01
1.874669383039689885e-01
1.874669383039689885e-01
5.396756828362153646e-01
5.396756828362153646e-01
5.859796627595132978e-01
5.859796627595132978e-01
7.931619416667227973e-02
7.931619416667227973e-02
1.199999999999999956e+00
1.199999999999999956e+00
1.890462550156452037e-01
1.890462550156452037e-01
1.199999999999999956e+00
1.199999999999999956e+00
3.388727994774166641e-01
3.388727994774166641e-01
1.199999999999999956e+00
1.199999999999999956e+00
1.199999999999999956e+00
1.199999999999999956e+00
1.199999999999999956e+00
1.199999999999999956e+00
5.664013714519121612e-01
5.664013714519121612e-01
6.975145469933999864e-01
6.975145469933999864e-01
7.682842190729705090e-02
7.682842190729705090e-02
9.517068774130085784e-02
9.517068774130085784e-02
1.199999999999999956e+00
1.199999999999999956e+00
3.704799664719172769e-01
3.704799664719172769e-01
4.765341930209016780e-03
4.765341930209016780e-03
4.617881924593380538e-01
4.617881924593380538e-01
1.586431443926813734e-01
1.586431443926813734e-01
1.199999999999999956e+00
1.199999999999999956e+00
1.199999999999999956e+00
1.199999999999999956e+00
3.435024663946004142e-01
3.435024663946004142e-01
1.836728503736561810e-02
1.836728503736561810e-02
3.455968221804923968e-02
3.455968221804923968e-02
1.174600772165989709e-01
1.174600772165989709e-01
2.883412662706722474e-01
2.883412662706722474e-01
7.665946369574192301e-03
7.665946369574192301e-03
1.046716319652525595e-01
1.046716319652525595e-01
1.363751858448621068e-01
1.363751858448621068e-01
5.208506182135214102e-01
5.208506182135214102e-01
1.822518393839866468e-01
1.822518393839866468e-01
7.529186442135038515e-01
7.529186442135038515e-01
4.165698960687580499e-01
4.165698960687580499e-01
1.199999999999999956e+00
1.199999999999999956e+00
5.241728473960801660e-01
5.241728473960801660e-01
1.276449095680971257e-01
1.276449095680971257e-01
8.751007411847120387e-01
8.751007411847120387e-01
3.602624916731786975e-01
3.602624916731786975e-01
1.199999999999999956e+00
1.199999999999999956e+00
4.612944870345690729e-02
4.612944870345690729e-02
1.199999999999999956e+00
1.199999999999999956e+00
3.732234652820600185e-01
3.732234652820600185e-01
2.775453077769736432e-02
2.775453077769736432e-02
3.713958178565215373e-01
3.713958178565215373e-01
2.859040155923637805e-01
2.859040155923637805e-01
1.072937256017589686e-01
1.072937256017589686e-01
3.545409466594868775e-01
3.545409466594868775e-01
2.801629101706685776e-01
2.801629101706685776e-01
1.660319293006432828e-01
1.660319293006432828e-01
4.881063045477397333e-01
4.881063045477397333e-01
1.199999999999999956e+00
1.199999999999999956e+00
3.138341909173497091e-01
3.138341909173497091e-01
2.087222134207164237e-01
2.087222134207164237e-01
4.956962372682991586e-02
4.956962372682991586e-02
7.430849525952007428e-02
7.430849525952007428e-02
2.548077276371295552e-01
2.548077276371295552e-01
1.199999999999999956e+00
1.199999999999999956e+00
1.191743359243240541e-01
1.191743359243240541e-01
1.199999999999999956e+00
1.199999999999999956e+00
3.216626985389851867e-02
3.216626985389851867e-02
1.519670019434127273e-01
1.519670019434127273e-01
7.551665588083424918e-01
7.551665588083424918e-01
5.597338893955917938e-02
5.597338893955917938e-02
8.013775826596064578e-02
8.013775826596064578e-02
8.791918919472033189e-02
8.791918919472033189e-02
3.557472319590990195e-01
3.557472319590990195e-01
4.309256935377243913e-02
4.309256935377243913e-02
1.199999999999999956e+00
1.199999999999999956e+00
2.792686213232052905e-01
2.792686213232052905e-01
6.928842992495100050e-01
6.928842992495100050e-01
1.199999999999999956e+00
1.199999999999999956e+00
2.862575681131055427e-01
2.862575681131055427e-01
1.584808662497590864e-02
1.584808662497590864e-02
7.618562235524534154e-01
7.618562235524534154e-01
2.565747700235335160e-01
2.565747700235335160e-01
1.986496475980480680e-01
1.986496475980480680e-01
1.199999999999999956e+00
1.199999999999999956e+00
3.889648142977222833e-01
3.889648142977222833e-01
5.714745383131508705e-01
5.714745383131508705e-01
4.724320812536450531e-01
4.724320812536450531e-01
2.057069911518066840e-01
2.057069911518066840e-01
1.199999999999999956e+00
1.199999999999999956e+00
1.152175856189630032e-01
1.152175856189630032e-01
5.616868268036254719e-01
5.616868268036254719e-01
1.199999999999999956e+00
1.199999999999999956e+00
1.199999999999999956e+00
1.199999999999999956e+00
2.670878378114369123e-01
2.670878378114369123e-01
4.221023435785589695e-01
4.221023435785589695e-01
1.980210891113101945e-01
1.980210891113101945e-01
2.130850086349167505e-01
2.130850086349167505e-01
1.656859510449658623e-01
1.656859510449658623e-01
4.221826548859889533e-02
4.221826548859889533e-02
2.644562095873467245e-01
2.644562095873467245e-01
2.070557834892929883e-01
2.070557834892929883e-01
3.341789822694201106e-01
3.341789822694201106e-01
1.800734799514566165e-01
1.800734799514566165e-01
2.164325453491196538e-01
2.164325453491196538e-01
6.322849240605736831e-01
6.322849240605736831e-01
1.199999999999999956e+00
1.199999999999999956e+00
1.199999999999999956e+00
1.199999999999999956e+00
1.118440452139131680e-01
1.118440452139131680e-01
1.199999999999999956e+00
1.199999999999999956e+00
4.436567428437939720e-01
4.436567428437939720e-01
3.152524864464241738e-01
3.152524864464241738e-01
4.901547792460794195e-01
4.901547792460794195e-01
7.628253169791807675e-01
7.628253169791807675e-01
4.538063264218048509e-01
4.538063264218048509e-01
2.528484430893877533e-01
2.528484430893877533e-01
2.848462603680601557e-01
2.848462603680601557e-01
7.261027024475241731e-01
7.261027024475241731e-01
4.060715342499365138e-02
4.060715342499365138e-02
1.594222296338418110e-01
1.594222296338418110e-01
2.860892460986840802e-01
2.860892460986840802e-01
3.123232742506358295e-01
3.123232742506358295e-01
4.813618425889339830e-02
4.813618425889339830e-02
3.583412149152525039e-01
3.583412149152525039e-01
3.585283117519198481e-01
3.585283117519198481e-01
4.268410135487110679e-01
4.268410135487110679e-01
6.266632577481996702e-02
6.266632577481996702e-02
3.936099308613561498e-01
3.936099308613561498e-01
1.566187436235438532e-02
1.566187436235438532e-02
2.756169695107540604e-02
2.756169695107540604e-02
1.544326340670824083e-01
1.544326340670824083e-01
4.836376168788602548e-01
4.836376168788602548e-01
2.969183880790069452e-01
2.969183880790069452e-01
1.199999999999999956e+00
1.199999999999999956e+00
5.743868201516774130e-01
5.743868201516774130e-01
4.879871513514449921e-02
4.879871513514449921e-02
4.560708674789362149e-01
4.560708674789362149e-01
4.592090491158243998e-02
4.592090491158243998e-02
5.326421744798518487e-01
5.326421744798518487e-01
1.683823820508668356e-01
1.683823820508668356e-01
3.982879357472455251e-01
3.982879357472455251e-01
9.321882932621719520e-03
9.321882932621719520e-03
2.232563425013089908e-01
2.232563425013089908e-01
6.184947624232189217e-02
6.184947624232189217e-02
1.205021257578382521e-01
1.205021257578382521e-01
1.199999999999999956e+00
1.199999999999999956e+00
5.599642484460386482e-01
5.599642484460386482e-01
3.148857773802509197e-01
3.148857773802509197e-01
1.007661685690479647e-01
1.007661685690479647e-01
1.199999999999999956e+00
1.199999999999999956e+00
4.700299826900661282e-02
4.700299826900661282e-02
3.036309333791598064e-01
3.036309333791598064e-01
9.745309049933501000e-02
9.745309049933501000e-02
3.588815571284638128e-01
3.588815571284638128e-01
2.760914201550854763e-01
2.760914201550854763e-01
3.826042849821607583e-01
3.826042849821607583e-01
1.295619060703987468e-01
1.295619060703987468e-01
1.199999999999999956e+00
1.199999999999999956e+00
3.654131021058206752e-01
3.654131021058206752e-01
9.983875321746787934e-02
9.983875321746787934e-02
1.199999999999999956e+00
1.199999999999999956e+00
3.142738094394930126e-01
3.142738094394930126e-01
5.645901422390714464e-01
5.645901422390714464e-01
9.022849875606508627e-03
9.022849875606508627e-03
4.409148929967788288e-01
4.409148929967788288e-01
2.726800691062870041e-01
2.726800691062870041e-01
4.007091247693730374e-01
4.007091247693730374e-01
1.317886726912599060e-01
1.317886726912599060e-01
1.860294575530779815e-01
1.860294575530779815e-01
1.199999999999999956e+00
1.199999999999999956e+00
1.317393448671176082e-01
1.317393448671176082e-01
1.199999999999999956e+00
1.199999999999999956e+00
1.199999999999999956e+00
1.199999999999999956e+00
5.431214442087961558e-01
5.431214442087961558e-01
4.776907476401210939e-01
4.776907476401210939e-01
3.241199462244018781e-01
3.241199462244018781e-01
7.202478500802332595e-02
7.202478500802332595e-02
3.003000328399743069e-01
3.003000328399743069e-01
8.571518118139996867e-01
8.571518118139996867e-01
1.199999999999999956e+00
1.199999999999999956e+00
5.359384410828886836e-01
5.359384410828886836e-01
3.727957434267554354e-02
3.727957434267554354e-02
3.940503968590676753e-01
3.940503968590676753e-01
1.679630226154184280e-02
1.679630226154184280e-02
1.638522106737086981e-01
1.638522106737086981e-01
3.172915404643398829e-01
3.172915404643398829e-01
2.703817966916854387e-01
2.703817966916854387e-01
2.804780934287187666e-01
2.804780934287187666e-01
1.746730874321159727e-02
1.746730874321159727e-02
1.199999999999999956e+00
1.199999999999999956e+00
1.216107004929635749e-01
1.216107004929635749e-01
3.328995305565241036e-02
3.328995305565241036e-02
1.453490237980938904e-01
1.453490237980938904e-01
7.639407197072672906e-02
7.639407197072672906e-02
5.997318100231800037e-02
5.997318100231800037e-02
3.336554652110883534e-01
3.336554652110883534e-01
1.199999999999999956e+00
1.199999999999999956e+00
2.390410871515255276e-01
2.390410871515255276e-01
9.058719291747940883e-02
9.058719291747940883e-02
3.356304452981282438e-01
3.356304452981282438e-01
1.199999999999999956e+00
1.199999999999999956e+00
1.199999999999999956e+00
1.199999999999999956e+00
7.859365810262869401e-02
7.859365810262869401e-02
3.806068205212613798e-01
3.806068205212613798e-01
2.234119035085581351e-01
2.234119035085581351e-01
7.763844961503408859e-01
7.763844961503408859e-01
4.817777023530531166e-02
4.817777023530531166e-02
1.199999999999999956e+00
1.199999999999999956e+00
4.170607688359659337e-02
4.170607688359659337e-02
2.907278911883292016e-01
2.907278911883292016e-01
1.199999999999999956e+00
1.199999999999999956e+00
3.908885543960285980e-02
3.908885543960285980e-02
1.268837785606595492e-01
1.268837785606595492e-01
2.097953205871455062e-01
2.097953205871455062e-01
1.396787513236757705e-01
1.396787513236757705e-01
2.355770860571883007e-01
2.355770860571883007e-01
5.346638057670469735e-01
5.346638057670469735e-01
3.585334939482404670e-01
3.585334939482404670e-01
1.443089931158683947e-01
1.443089931158683947e-01
2.241733955908767340e-01
2.241733955908767340e-01
6.926280235260749985e-01
6.926280235260749985e-01
1.327664395826139709e-01
1.327664395826139709e-01
1.511692563486163043e-01
1.511692563486163043e-01
1.326958520998691438e-01
1.326958520998691438e-01
1.321928411338305631e-01
1.321928411338305631e-01
1.344888039330966178e-01
1.344888039330966178e-01
3.045381262227020436e-01
3.045381262227020436e-01
1.155548501052831994e-01
1.155548501052831994e-01
1.905902791128634144e-01
1.905902791128634144e-01
2.099613277836012148e-01
2.099613277836012148e-01
1.199999999999999956e+00
1.199999999999999956e+00
1.199999999999999956e+00
1.199999999999999956e+00
2.315318279299289628e-01
2.315318279299289628e-01
3.743828022246290521e-01
3.743828022246290521e-01
5.678706668294500881e-01
5.678706668294500881e-01
8.447496796994634349e-02
8.447496796994634349e-02
1.828543521375483039e-01
1.828543521375483039e-01
1.772074842409209483e-01
1.772074842409209483e-01
6.272691617464283276e-01
6.272691617464283276e-01
4.376593107804316318e-01
4.376593107804316318e-01
4.563006138242663157e-02
4.563006138242663157e-02
1.199999999999999956e+00
1.199999999999999956e+00
1.199999999999999956e+00
1.199999999999999956e+00
4.647891868780828495e-01
4.647891868780828495e-01
1.199999999999999956e+00
1.199999999999999956e+00
6.873823456071885551e-02
6.873823456071885551e-02
4.883930156419006007e-05
4.883930156419006007e-05
3.881618967400987108e-01
3.881618967400987108e-01
4.486653906143549531e-01
4.486653906143549531e-01
5.810458903719946389e-02
5.810458903719946389e-02
1.314749081802596975e-01
1.314749081802596975e-01
1.199999999999999956e+00
1.199999999999999956e+00
1.107977684149269622e-02
1.107977684149269622e-02
2.359000907580652562e-01
2.359000907580652562e-01
3.206291042244570066e-01
3.206291042244570066e-01
2.258420608552674236e-01
2.258420608552674236e-01
1.162706702158734090e-01
1.162706702158734090e-01
2.592867837831164812e-01
2.592867837831164812e-01
1.199999999999999956e+00
1.199999999999999956e+00
2.465007234458123087e-01
2.465007234458123087e-01
4.169372093343914343e-01
4.169372093343914343e-01
1.885527939871707581e-02
1.885527939871707581e-02
8.185994558367953866e-02
8.185994558367953866e-02
1.199999999999999956e+00
1.199999999999999956e+00
1.311255795500805010e-01
1.311255795500805010e-01
1.199999999999999956e+00
1.199999999999999956e+00
7.317907405241390328e-02
7.317907405241390328e-02
4.872217680617113023e-01
4.872217680617113023e-01
1.199999999999999956e+00
1.199999999999999956e+00
6.358637990664102180e-01
6.358637990664102180e-01
1.199999999999999956e+00
1.199999999999999956e+00
1.199999999999999956e+00
1.199999999999999956e+00
1.199999999999999956e+00
1.199999999999999956e+00
3.234360115508913558e-01
3.234360115508913558e-01
1.706891061102794316e-01
1.706891061102794316e-01
8.333451486102917694e-02
8.333451486102917694e-02
8.248114721556339957e-01
8.248114721556339957e-01
1.199999999999999956e+00
1.199999999999999956e+00
2.543338826790071394e-01
2.543338826790071394e-01
5.114792827690225474e-01
5.114792827690225474e-01
1.126193603470842519e-01
1.126193603470842519e-01
1.563856472896789362e-01
1.563856472896789362e-01
4.065350842094974659e-01
4.065350842094974659e-01
1.199999999999999956e+00
1.199999999999999956e+00
4.648026440792755176e-01
4.648026440792755176e-01
1.003917654458068159e-01
1.003917654458068159e-01
1.691513990566831036e-02
1.691513990566831036e-02
3.553724443980145753e-01
3.553724443980145753e-01
4.598288695704983997e-01
4.598288695704983997e-01
4.669115846471358910e-01
4.669115846471358910e-01
5.331067904668749385e-02
5.331067904668749385e-02
2.707902109161296634e-03
2.707902109161296634e-03
5.503930590010865931e-01
5.503930590010865931e-01
1.207219948056504066e-01
1.207219948056504066e-01
8.302667816892665698e-02
8.302667816892665698e-02
4.105942018878852018e-01
4.105942018878852018e-01
8.834871784487059732e-02
8.834871784487059732e-02
1.199999999999999956e+00
1.199999999999999956e+00
1.053680994872978477e-01
1.053680994872978477e-01
4.082565225221683747e-01
4.082565225221683747e-01
8.520373061247185631e-02
8.520373061247185631e-02
8.291776359528085089e-03
8.291776359528085089e-03
1.758597972768418394e-01
1.758597972768418394e-01
8.140251783677083797e-01
8.140251783677083797e-01
4.852919457740604431e-02
4.852919457740604431e-02
5.996235095973911911e-01
5.996235095973911911e-01
1.780493580874807358e-01
1.780493580874807358e-01
1.199999999999999956e+00
1.199999999999999956e+00
1.764275260109319232e-01
1.764275260109319232e-01
1.199999999999999956e+00
1.199999999999999956e+00
8.836927296233666740e-02
8.836927296233666740e-02
8.660672087992826729e-02
8.660672087992826729e-02
9.043020266302137511e-02
9.043020266302137511e-02
3.338231622735878812e-01
3.338231622735878812e-01
3.101836284125312204e-01
3.101836284125312204e-01
6.728544206646550063e-02
6.728544206646550063e-02
1.199999999999999956e+00
1.199999999999999956e+00
9.003598907676743646e-02
9.003598907676743646e-02
8.196046654289013134e-02
8.196046654289013134e-02
1.199999999999999956e+00
1.199999999999999956e+00
5.431026883578548015e-01
5.431026883578548015e-01
1.199999999999999956e+00
1.199999999999999956e+00
4.749036217068146049e-01
4.749036217068146049e-01
1.199999999999999956e+00
1.199999999999999956e+00
3.956892662584601261e-01
3.956892662584601261e-01
1.199999999999999956e+00
1.199999999999999956e+00
2.294004765916387856e-01
2.294004765916387856e-01
4.078412131948101482e-01
4.078412131948101482e-01
1.624063164288903904e-01
1.624063164288903904e-01
2.773124426140040621e-01
2.773124426140040621e-01
1.786439193917135904e-01
1.786439193917135904e-01
7.541063219584227539e-01
7.541063219584227539e-01
1.477044867124951422e-01
1.477044867124951422e-01
1.508514203801727786e-02
1.508514203801727786e-02
5.362549207708211529e-01
5.362549207708211529e-01
1.829242839859582803e-01
1.829242839859582803e-01
1.199999999999999956e+00
1.199999999999999956e+00
3.394802096122958024e-01
3.394802096122958024e-01
8.944513573523767969e-01
8.944513573523767969e-01
2.875788338636683927e-01
2.875788338636683927e-01
1.199999999999999956e+00
1.199999999999999956e+00
4.834263137169405034e-01
4.834263137169405034e-01
6.464618980358016742e-01
6.464618980358016742e-01
2.202241171426131405e-01
2.202241171426131405e-01
5.350462009820153297e-02
5.350462009820153297e-02
2.865827962732268169e-02
2.865827962732268169e-02
1.064758710413479470e+00
1.064758710413479470e+00
3.327994781686612891e-01
3.327994781686612891e-01
1.103837115784435802e-01
1.103837115784435802e-01
9.936356037437266142e-02
9.936356037437266142e-02
3.042948424135586416e-01
3.042948424135586416e-01
2.304613029460346463e-01
2.304613029460346463e-01
4.903195952528063284e-01
4.903195952528063284e-01
