1.204876332739482914e-01
1.204876332739482914e-01
8.451131802065894871e-02
8.451131802065894871e-02
7.534621423470979629e-01
7.534621423470979629e-01
1.199999999999999956e+00
1.199999999999999956e+00
1.789463407668724082e-01
1.789463407668724082e-01
1.199999999999999956e+00
1.199999999999999956e+00
1.199999999999999956e+00
1.199999999999999956e+00
4.673942934265916671e-01
4.673942934265916671e-01
6.510996816135472542e-01
6.510996816135472542e-01
4.952496710028519988e-01
4.952496710028519988e-01
1.753250533679308054e-01
1.753250533679308054e-01
1.199999999999999956e+00
1.199999999999999956e+00
1.130451870866442665e-01
1.130451870866442665e-01
3.167674108440501901e-01
3.167674108440501901e-01
1.399089873161929731e-01
1.399089873161929731e-01
4.903610167734497316e-01
4.903610167734497316e-01
3.077095710879789170e-01
3.077095710879789170e-01
5.276174805651659416e-02
5.276174805651659416e-02
5.674305838559356996e-02
5.674305838559356996e-02
1.728628021003283943e-01
1.728628021003283943e-01
3.054282013932372308e-01
3.054282013932372308e-01
3.552171820720567141e-01
3.552171820720567141e-01
6.001785543865308103e-02
6.001785543865308103e-02
2.401939301891201084e-01
2.401939301891201084e-01
1.199999999999999956e+00
1.199999999999999956e+00
1.815538062703334066e-01
1.815538062703334066e-01
2.746482129737491951e-01
2.746482129737491951e-01
1.199999999999999956e+00
1.199999999999999956e+00
1.199999999999999956e+00
1.199999999999999956e+00
1.745344784333622279e-01
1.745344784333622279e-01
1.199999999999999956e+00
1.199999999999999956e+00
1.199999999999999956e+00
1.199999999999999956e+00
1.199999999999999956e+00
1.199999999999999956e+00
1.199999999999999956e+00
1.199999999999999956e+00
1.199999999999999956e+00
1.199999999999999956e+00
7.573142268694738055e-02
7.573142268694738055e-02
1.199999999999999956e+00
1.199999999999999956e+00
5.502269303916861309e-01
5.502269303916861309e-01
1.199999999999999956e+00
1.199999999999999956e+00
2.835361412220415156e-01
2.835361412220415156e-01
1.199999999999999956e+00
1.199999999999999956e+00
5.511643437480258090e-01
5.511643437480258090e-01
1.008135877949227988e+00
1.008135877949227988e+00
8.523592430085473459e-02
8.523592430085473459e-02
1.692575771535536899e-01
1.692575771535536899e-01
1.053747010697418836e-02
1.053747010697418836e-02
7.051404350697677570e-01
7.051404350697677570e-01
4.155260622535550397e-01
4.155260622535550397e-01
2.332817924821687650e-01
2.332817924821687650e-01
6.109873202413090842e-02
6.109873202413090842e-02
2.438706348377580047e-01
2.438706348377580047e-01
1.199999999999999956e+00
1.199999999999999956e+00
4.882816936412630593e-01
4.882816936412630593e-01
1.128940450509778037e-01
1.128940450509778037e-01
1.641631355697764361e-01
1.641631355697764361e-01
1.199999999999999956e+00
1.199999999999999956e+00
2.231580468871598166e-01
2.231580468871598166e-01
7.734898024930387805e-01
7.734898024930387805e-01
2.667064287357025498e-01
2.667064287357025498e-01
1.199999999999999956e+00
1.199999999999999956e+00
1.012409474683089866e-01
1.012409474683089866e-01
6.013261937474328328e-02
6.013261937474328328e-02
7.160518976956764536e-01
7.160518976956764536e-01
8.917125223995976402e-01
8.917125223995976402e-01
6.795894194542544120e-02
6.795894194542544120e-02
2.013776261034873061e-01
2.013776261034873061e-01
8.023452616689588091e-01
8.023452616689588091e-01
6.089712674143897830e-01
6.089712674143897830e-01
1.767224389904488158e-01
1.767224389904488158e-01
4.521850686443740774e-01
4.521850686443740774e-01
2.318920849708304144e-01
2.318920849708304144e-01
3.755740615329071774e-01
3.755740615329071774e-01
4.256356806804380000e-01
4.256356806804380000e-01
5.211960587386376131e-01
5.211960587386376131e-01
1.199999999999999956e+00
1.199999999999999956e+00
9.055359326561236433e-01
9.055359326561236433e-01
1.199999999999999956e+00
1.199999999999999956e+00
1.179474573883284444e-01
1.179474573883284444e-01
9.355894268640256861e-01
9.355894268640256861e-01
2.775813791368914735e-02
2.775813791368914735e-02
1.835455343171694675e-01
1.835455343171694675e-01
2.880422424675871396e-02
2.880422424675871396e-02
3.189255071081492088e-01
3.189255071081492088e-01
8.317365496166527483e-02
8.317365496166527483e-02
1.199999999999999956e+00
1.199999999999999956e+00
4.818014197362655016e-01
4.818014197362655016e-01
1.199999999999999956e+00
1.199999999999999956e+00
5.323425387271187859e-01
5.323425387271187859e-01
4.796351338139320797e-01
4.796351338139320797e-01
2.541576099707054670e-01
2.541576099707054670e-01
1.199999999999999956e+00
1.199999999999999956e+00
4.774135872870357011e-01
4.774135872870357011e-01
1.593108401919059725e-01
1.593108401919059725e-01
1.914609023066056459e-02
1.914609023066056459e-02
2.036800806669868680e-01
2.036800806669868680e-01
5.693264503906784180e-01
5.693264503906784180e-01
4.988504383412840082e-01
4.988504383412840082e-01
1.199999999999999956e+00
1.199999999999999956e+00
3.126170294766072999e-01
3.126170294766072999e-01
1.199999999999999956e+00
1.199999999999999956e+00
1.389799603206157419e-01
1.389799603206157419e-01
1.199999999999999956e+00
1.199999999999999956e+00
1.320505209714264439e-01
1.320505209714264439e-01
4.816314431827063425e-01
4.816314431827063425e-01
7.180268031463674094e-02
7.180268031463674094e-02
5.612314266568725341e-01
5.612314266568725341e-01
2.423948653982966883e-01
2.423948653982966883e-01
4.010935231591147287e-01
4.010935231591147287e-01
4.200804986002686370e-01
4.200804986002686370e-01
2.473886786725640607e-01
2.473886786725640607e-01
7.632020514317195969e-01
7.632020514317195969e-01
1.146158330920710178e+00
1.146158330920710178e+00
1.199999999999999956e+00
1.199999999999999956e+00
6.331020065363290872e-02
6.331020065363290872e-02
1.994826216715170908e-01
1.994826216715170908e-01
5.672578614953854848e-01
5.672578614953854848e-01
5.242089281421378200e-01
5.242089281421378200e-01
7.522187827349775535e-01
7.522187827349775535e-01
2.055319806859464693e-01
2.055319806859464693e-01
1.199999999999999956e+00
1.199999999999999956e+00
2.129036547801193002e-01
2.129036547801193002e-01
2.232626604879842103e-01
2.232626604879842103e-01
1.199999999999999956e+00
1.199999999999999956e+00
5.019567228154686589e-01
5.019567228154686589e-01
1.199999999999999956e+00
1.199999999999999956e+00
4.071013147484094929e-01
4.071013147484094929e-01
1.199999999999999956e+00
1.199999999999999956e+00
8.830396100362203349e-02
8.830396100362203349e-02
1.888889256552882603e-02
1.888889256552882603e-02
5.074688088887586712e-01
5.074688088887586712e-01
1.217842092885199623e-01
1.217842092885199623e-01
3.344356153351982219e-02
3.344356153351982219e-02
5.273215395420545182e-01
5.273215395420545182e-01
2.211422751726367375e-01
2.211422751726367375e-01
1.993493761443458634e-02
1.993493761443458634e-02
1.199999999999999956e+00
1.199999999999999956e+00
3.533508594639529488e-01
3.533508594639529488e-01
4.231670891965245984e-02
4.231670891965245984e-02
1.199999999999999956e+00
1.199999999999999956e+00
1.199999999999999956e+00
1.199999999999999956e+00
5.392532910711598237e-01
5.392532910711598237e-01
5.028599352172294923e-01
5.028599352172294923e-01
1.199999999999999956e+00
1.199999999999999956e+00
3.941750200588600150e-01
3.941750200588600150e-01
3.831940908817864089e-01
3.831940908817864089e-01
1.199999999999999956e+00
1.199999999999999956e+00
1.199999999999999956e+00
1.199999999999999956e+00
3.405742317071778213e-01
3.405742317071778213e-01
5.065335787034367376e-01
5.065335787034367376e-01
1.092358626334749561e-01
1.092358626334749561e-01
1.199999999999999956e+00
1.199999999999999956e+00
1.155818251025460430e+00
1.155818251025460430e+00
2.126693348998640598e-01
2.126693348998640598e-01
6.159464820243157890e-01
6.159464820243157890e-01
1.444152766618924571e-03
1.444152766618924571e-03
5.844085837230282854e-01
5.844085837230282854e-01
1.199999999999999956e+00
1.199999999999999956e+00
3.653705457770199672e-02
3.653705457770199672e-02
1.199999999999999956e+00
1.199999999999999956e+00
3.083928131583911214e-01
3.083928131583911214e-01
1.199999999999999956e+00
1.199999999999999956e+00
1.835253091901215827e-01
1.835253091901215827e-01
2.758537635158768708e-01
2.758537635158768708e-01
6.696875774360253573e-03
6.696875774360253573e-03
2.571684371073710285e-01
2.571684371073710285e-01
2.571305165263862436e-01
2.571305165263862436e-01
2.890211415853202390e-02
2.890211415853202390e-02
3.850333742206180077e-01
3.850333742206180077e-01
1.391270981468380741e-01
1.391270981468380741e-01
1.199999999999999956e+00
1.199999999999999956e+00
1.199999999999999956e+00
1.199999999999999956e+00
1.639986541062456726e-01
1.639986541062456726e-01
3.469629478253566934e-01
3.469629478253566934e-01
2.363815858527223979e-01
2.363815858527223979e-01
8.610383911227739717e-02
8.610383911227739717e-02
5.035329437049916868e-01
5.035329437049916868e-01
2.342704904453201190e-02
2.342704904453201190e-02
1.199999999999999956e+00
1.199999999999999956e+00
6.388370355798997924e-01
6.388370355798997924e-01
7.373381664105928268e-02
7.373381664105928268e-02
2.360953570828644710e-01
2.360953570828644710e-01
1.107828532781113706e+00
1.107828532781113706e+00
5.406557304970439626e-01
5.406557304970439626e-01
1.199999999999999956e+00
1.199999999999999956e+00
1.199999999999999956e+00
1.199999999999999956e+00
1.630536356473853421e-01
1.630536356473853421e-01
2.977749747178405904e-01
2.977749747178405904e-01
4.464740448083387436e-01
4.464740448083387436e-01
1.369712494988793439e-01
1.369712494988793439e-01
7.591060313919163749e-02
7.591060313919163749e-02
3.294511812758249558e-01
3.294511812758249558e-01
1.026656817538000199e+00
1.026656817538000199e+00
7.820860307050985227e-01
7.820860307050985227e-01
5.176609261494855563e-01
5.176609261494855563e-01
3.067880074620379371e-01
3.067880074620379371e-01
1.199999999999999956e+00
1.199999999999999956e+00
2.895736986853321149e-01
2.895736986853321149e-01
9.760827681581607518e-02
9.760827681581607518e-02
1.685225344075945431e-01
1.685225344075945431e-01
2.850957613118591527e-01
2.850957613118591527e-01
1.199999999999999956e+00
1.199999999999999956e+00
2.996560557320611662e-01
2.996560557320611662e-01
6.678025267122991160e-01
6.678025267122991160e-01
2.233208276070876297e-01
2.233208276070876297e-01
1.199999999999999956e+00
1.199999999999999956e+00
3.450553918294523292e-01
3.450553918294523292e-01
4.074019288121812771e-02
4.074019288121812771e-02
1.199999999999999956e+00
1.199999999999999956e+00
5.524606089085037919e-01
5.524606089085037919e-01
1.199999999999999956e+00
1.199999999999999956e+00
2.426368464783122958e-01
2.426368464783122958e-01
1.199999999999999956e+00
1.199999999999999956e+00
3.304233021494448197e-01
3.304233021494448197e-01
1.472962112365444332e-01
1.472962112365444332e-01
2.141491268987824326e-01
2.141491268987824326e-01
8.614200011134176549e-02
8.614200011134176549e-02
1.199999999999999956e+00
1.199999999999999956e+00
2.226750484090218585e-01
2.226750484090218585e-01
4.629538056086492381e-01
4.629538056086492381e-01
1.199999999999999956e+00
1.199999999999999956e+00
9.581934634924244021e-01
9.581934634924244021e-01
1.199999999999999956e+00
1.199999999999999956e+00
1.199999999999999956e+00
1.199999999999999956e+00
4.925480654330233188e-01
4.925480654330233188e-01
8.822748533806414883e-01
8.822748533806414883e-01
3.209733128961445581e-01
3.209733128961445581e-01
1.044094938230135522e-01
1.044094938230135522e-01
5.462977282735861362e-01
5.462977282735861362e-01
3.699549102574322679e-01
3.699549102574322679e-01
6.288367192284275431e-01
6.288367192284275431e-01
1.199999999999999956e+00
1.199999999999999956e+00
1.463628093711493994e-01
1.463628093711493994e-01
1.199999999999999956e+00
1.199999999999999956e+00
5.021803776874729230e-01
5.021803776874729230e-01
4.164679596690090135e-01
4.164679596690090135e-01
2.903490498872302594e-01
2.903490498872302594e-01
5.399644266421773642e-01
5.399644266421773642e-01
1.199999999999999956e+00
1.199999999999999956e+00
1.199999999999999956e+00
1.199999999999999956e+00
1.199999999999999956e+00
1.199999999999999956e+00
2.325846718195395124e-01
2.325846718195395124e-01
7.284368237483247743e-03
7.284368237483247743e-03
7.140264993355822931e-02
7.140264993355822931e-02
1.026051929217679098e-01
1.026051929217679098e-01
3.669549300054306684e-01
3.669549300054306684e-01
5.140370229231647908e-02
5.140370229231647908e-02
3.551616001789745791e-01
3.551616001789745791e-01
1.199999999999999956e+00
1.199999999999999956e+00
3.228997649796699204e-02
3.228997649796699204e-02
1.199999999999999956e+00
1.199999999999999956e+00
1.199999999999999956e+00
1.199999999999999956e+00
5.385136011660833777e-01
5.385136011660833777e-01
3.174521416442721566e-01
3.174521416442721566e-01
1.199999999999999956e+00
1.199999999999999956e+00
1.199999999999999956e+00
1.199999999999999956e+00
9.411663493387496804e-02
9.411663493387496804e-02
7.064163651922239495e-01
7.064163651922239495e-01
1.199999999999999956e+00
1.199999999999999956e+00
4.041857984220004751e-01
4.041857984220004751e-01
9.867258797081121524e-02
9.867258797081121524e-02
4.717393965293960045e-01
4.717393965293960045e-01
1.199999999999999956e+00
1.199999999999999956e+00
3.995915589719982175e-01
3.995915589719982175e-01
2.242413264944962126e-01
2.242413264944962126e-01
1.199999999999999956e+00
1.199999999999999956e+00
2.801196129187055739e-02
2.801196129187055739e-02
3.162550076799701682e-01
3.162550076799701682e-01
6.945196445298895682e-01
6.945196445298895682e-01
1.553865330064663763e-01
1.553865330064663763e-01
7.781343787833182313e-02
7.781343787833182313e-02
4.270385045986705430e-01
4.270385045986705430e-01
5.121649147591320617e-01
5.121649147591320617e-01
1.337813271214615407e-01
1.337813271214615407e-01
1.199999999999999956e+00
1.199999999999999956e+00
1.240480619840715337e-01
1.240480619840715337e-01
2.812767838510931151e-01
2.812767838510931151e-01
2.263292690205990221e-01
2.263292690205990221e-01
1.199999999999999956e+00
1.199999999999999956e+00
6.641377696439339229e-02
6.641377696439339229e-02
2.556096098413359052e-01
2.556096098413359052e-01
1.089770790719150617e-01
1.089770790719150617e-01
1.199999999999999956e+00
1.199999999999999956e+00
1.199999999999999956e+00
1.199999999999999956e+00
1.199999999999999956e+00
1.199999999999999956e+00
2.595127063247268939e-01
2.595127063247268939e-01
3.915700962824766873e-01
3.915700962824766873e-01
5.631388505792498389e-01
5.631388505792498389e-01
1.800771257898878819e-01
1.800771257898878819e-01
1.012678320840177948e-01
1.012678320840177948e-01
1.199999999999999956e+00
1.199999999999999956e+00
1.302094681028790057e-01
1.302094681028790057e-01
6.135792841576814816e-01
6.135792841576814816e-01
1.469333273207171497e-01
1.469333273207171497e-01
4.619615651960815583e-01
4.619615651960815583e-01
7.133363106474551740e-01
7.133363106474551740e-01
3.037323384368295076e-01
3.037323384368295076e-01
1.199999999999999956e+00
1.199999999999999956e+00
1.198920771633261821e-02
1.198920771633261821e-02
1.721949255305861570e-01
1.721949255305861570e-01
7.084049623255960215e-01
7.084049623255960215e-01
1.527475497658856429e-01
1.527475497658856429e-01
3.585489116946450339e-01
3.585489116946450339e-01
7.833281890049307791e-03
7.833281890049307791e-03
1.439029936238716556e-01
1.439029936238716556e-01
5.266985356321874923e-01
5.266985356321874923e-01
5.965590882515064974e-01
5.965590882515064974e-01
8.551477396266804476e-02
8.551477396266804476e-02
1.399352679148835044e-01
1.399352679148835044e-01
1.661288932644020278e-01
1.661288932644020278e-01
1.007922978131298858e-01
1.007922978131298858e-01
7.993004139266719765e-02
7.993004139266719765e-02
2.529489271682464069e-01
2.529489271682464069e-01
1.199999999999999956e+00
1.199999999999999956e+00
6.191625160518875459e-01
6.191625160518875459e-01
1.199999999999999956e+00
1.199999999999999956e+00
1.199999999999999956e+00
1.199999999999999956e+00
5.392401145934687667e-01
5.392401145934687667e-01
2.517665229100700119e-01
2.517665229100700119e-01
2.011898155888914852e-01
2.011898155888914852e-01
1.199999999999999956e+00
1.199999999999999956e+00
8.839494617357705752e-02
8.839494617357705752e-02
1.199999999999999956e+00
1.199999999999999956e+00
4.282210267362718259e-01
4.282210267362718259e-01
2.981619160243966782e-01
2.981619160243966782e-01
5.829703433941143542e-01
5.829703433941143542e-01
1.373526422978114669e-01
1.373526422978114669e-01
1.369242086163246774e-01
1.369242086163246774e-01
1.028977332544259160e-01
1.028977332544259160e-01
3.264091310358809839e-01
3.264091310358809839e-01
1.199999999999999956e+00
1.199999999999999956e+00
5.875066581680876698e-02
5.875066581680876698e-02
5.772471718984139022e-01
5.772471718984139022e-01
4.619806636783146264e-02
4.619806636783146264e-02
2.901858687807662984e-01
2.901858687807662984e-01
8.790756997669688100e-02
8.790756997669688100e-02
1.803039925267522214e-01
1.803039925267522214e-01
4.675059766634740988e-01
4.675059766634740988e-01
8.106567057782584906e-02
8.106567057782584906e-02
6.011090675619101126e-02
6.011090675619101126e-02
4.583130750296290912e-01
4.583130750296290912e-01
7.408933671677761512e-02
7.408933671677761512e-02
2.736354228292086840e-02
2.736354228292086840e-02
1.199999999999999956e+00
1.199999999999999956e+00
5.196791437108033013e-02
5.196791437108033013e-02
3.918977223439128466e-01
3.918977223439128466e-01
3.654249428334124250e-01
3.654249428334124250e-01
4.874002663601365026e-01
4.874002663601365026e-01
1.199999999999999956e+00
1.199999999999999956e+00
1.199999999999999956e+00
1.199999999999999956e+00
6.113013941465450518e-01
6.113013941465450518e-01
4.143144336141957318e-02
4.143144336141957318e-02
5.236850181689727268e-01
5.236850181689727268e-01
5.038955513698585298e-01
5.038955513698585298e-01
8.314172422297719245e-02
8.314172422297719245e-02
1.262958578381725150e-01
1.262958578381725150e-01
3.955240663481850993e-01
3.955240663481850993e-01
4.099419847202265821e-01
4.099419847202265821e-01
2.910165005595966581e-01
2.910165005595966581e-01
1.480890208613034886e-01
1.480890208613034886e-01
6.751974025461353612e-01
6.751974025461353612e-01
3.496784739556599991e-02
3.496784739556599991e-02
2.484846506320753101e-01
2.484846506320753101e-01
4.874713829544488064e-01
4.874713829544488064e-01
3.124159128615857858e-02
3.124159128615857858e-02
1.124058947600456576e-01
1.124058947600456576e-01
9.110072920642596495e-02
9.110072920642596495e-02
6.338374133573575209e-02
6.338374133573575209e-02
7.125583794399897863e-01
7.125583794399897863e-01
5.210016576010811570e-03
5.210016576010811570e-03
1.199999999999999956e+00
1.199999999999999956e+00
3.669309205736444590e-01
3.669309205736444590e-01
1.199999999999999956e+00
1.199999999999999956e+00
8.019707981682952513e-02
8.019707981682952513e-02
1.199999999999999956e+00
1.199999999999999956e+00
1.199999999999999956e+00
1.199999999999999956e+00
2.796177888941603351e-01
2.796177888941603351e-01
5.656912216400185045e-01
5.656912216400185045e-01
5.446132079871043308e-01
5.446132079871043308e-01
3.634440350393022268e-01
3.634440350393022268e-01
1.580903182990535671e-01
1.580903182990535671e-01
3.050747219789465281e-01
3.050747219789465281e-01
9.909312241279141786e-02
9.909312241279141786e-02
6.928906235374875378e-01
6.928906235374875378e-01
7.892773250207545388e-01
7.892773250207545388e-01
4.274222043588802311e-01
4.274222043588802311e-01
5.734152343967501286e-01
5.734152343967501286e-01
1.090070656405553590e-01
1.090070656405553590e-01
1.569276543168298677e-01
1.569276543168298677e-01
4.199728568460819322e-01
4.199728568460819322e-01
2.069003230512735450e-02
2.069003230512735450e-02
1.199999999999999956e+00
1.199999999999999956e+00
1.649681075654873402e-02
1.649681075654873402e-02
3.112607273456360901e-02
3.112607273456360901e-02
2.094338262096608061e-01
2.094338262096608061e-01
1.797896594869693998e-01
1.797896594869693998e-01
9.661140735369191934e-02
9.661140735369191934e-02
5.498661162241681444e-01
5.498661162241681444e-01
4.470212898878636043e-01
4.470212898878636043e-01
1.648372828286057967e-01
1.648372828286057967e-01
2.014210421698517939e-01
2.014210421698517939e-01
5.182093437776311706e-01
5.182093437776311706e-01
6.599840845990696814e-02
6.599840845990696814e-02
2.673511894995984073e-01
2.673511894995984073e-01
3.535961928832996870e-01
3.535961928832996870e-01
5.767749678611902575e-02
5.767749678611902575e-02
1.199999999999999956e+00
1.199999999999999956e+00
1.199999999999999956e+00
1.199999999999999956e+00
1.770582565464637881e-01
1.770582565464637881e-01
5.896310642051691420e-02
5.896310642051691420e-02
3.793188687614569288e-01
3.793188687614569288e-01
1.959852047575802447e-02
1.959852047575802447e-02
1.348653756370403467e-01
1.348653756370403467e-01
2.564555243453594049e-02
2.564555243453594049e-02
5.767604023750459996e-01
5.767604023750459996e-01
5.827362502318972348e-02
5.827362502318972348e-02
1.199999999999999956e+00
1.199999999999999956e+00
7.727961400029736971e-02
7.727961400029736971e-02
2.434144080386447806e-01
2.434144080386447806e-01
6.576183600656686223e-02
6.576183600656686223e-02
1.675133938460678790e-02
1.675133938460678790e-02
1.888222434845540643e-02
1.888222434845540643e-02
4.774804853418050943e-01
4.774804853418050943e-01
3.029089869391786705e-01
3.029089869391786705e-01
1.199999999999999956e+00
1.199999999999999956e+00
1.559235335988052584e-01
1.559235335988052584e-01
5.420790843896965416e-01
5.420790843896965416e-01
2.595104093465014916e-01
2.595104093465014916e-01
4.696634928668686482e-01
4.696634928668686482e-01
1.659771621767359706e-01
1.659771621767359706e-01
1.199999999999999956e+00
1.199999999999999956e+00
1.199999999999999956e+00
1.199999999999999956e+00
3.476256585590647430e-01
3.476256585590647430e-01
5.571703582701291735e-01
5.571703582701291735e-01
2.342249325583314057e-01
2.342249325583314057e-01
1.153216470049100856e-01
1.153216470049100856e-01
3.890743670921793795e-02
3.890743670921793795e-02
6.133870890750303673e-01
6.133870890750303673e-01
2.225847793453044621e-01
2.225847793453044621e-01
2.394516611605751744e-01
2.394516611605751744e-01
2.830046911077315278e-02
2.830046911077315278e-02
3.098366750832288741e-01
3.098366750832288741e-01
1.199999999999999956e+00
1.199999999999999956e+00
3.536399773931960255e-01
3.536399773931960255e-01
1.199999999999999956e+00
1.199999999999999956e+00
6.199729551518978754e-01
6.199729551518978754e-01
2.739318312226711738e-01
2.739318312226711738e-01
1.359887099017623446e-01
1.359887099017623446e-01
1.199999999999999956e+00
1.199999999999999956e+00
1.199999999999999956e+00
1.199999999999999956e+00
3.622686519954647633e-01
3.622686519954647633e-01
3.307845570316907402e-01
3.307845570316907402e-01
4.648066777191895982e-01
4.648066777191895982e-01
3.445391589945376309e-01
3.445391589945376309e-01
1.199999999999999956e+00
1.199999999999999956e+00
2.430892683318968128e-01
2.430892683318968128e-01
1.167467195264894064e-01
1.167467195264894064e-01
1.199999999999999956e+00
1.199999999999999956e+00
7.629856402210875022e-01
7.629856402210875022e-01
5.501289551844353864e-01
5.501289551844353864e-01
4.128796134083181357e-01
4.128796134083181357e-01
2.152029026238505005e-01
2.152029026238505005e-01
6.628259304435401011e-01
6.628259304435401011e-01
3.289154847231911538e-01
3.289154847231911538e-01
1.199999999999999956e+00
1.199999999999999956e+00
1.199999999999999956e+00
1.199999999999999956e+00
3.145280860240463605e-01
3.145280860240463605e-01
5.976055101250769136e-02
5.976055101250769136e-02
1.252894852324829833e-01
1.252894852324829833e-01
7.061979885690049252e-02
7.061979885690049252e-02
1.199999999999999956e+00
1.199999999999999956e+00
6.120255694055656281e-01
6.120255694055656281e-01
4.888569089756386044e-01
4.888569089756386044e-01
1.336845962180168712e-01
1.336845962180168712e-01
8.144028494690881415e-01
8.144028494690881415e-01
6.451693054218097245e-01
6.451693054218097245e-01
5.462305357442746034e-01
5.462305357442746034e-01
7.851754575452769558e-01
7.851754575452769558e-01
3.510548096383919736e-02
3.510548096383919736e-02
8.390519813375423019e-02
8.390519813375423019e-02
1.141847942782123759e-01
1.141847942782123759e-01
3.616819696040454030e-02
3.616819696040454030e-02
1.788249665323028148e-01
1.788249665323028148e-01
1.901428055457061173e-01
1.901428055457061173e-01
6.806268919772042736e-01
6.806268919772042736e-01
7.768226621754747985e-02
7.768226621754747985e-02
1.613405464697964184e-02
1.613405464697964184e-02
8.011888442920953035e-02
8.011888442920953035e-02
7.837966255302938542e-03
7.837966255302938542e-03
3.876765231740073592e-01
3.876765231740073592e-01
2.701472727419047537e-01
2.701472727419047537e-01
2.291345212492350569e-01
2.291345212492350569e-01
2.052593757681164463e-02
2.052593757681164463e-02
6.215784915824087431e-01
6.215784915824087431e-01
2.731734530034289343e-01
2.731734530034289343e-01
1.199999999999999956e+00
1.199999999999999956e+00
8.415213431169731306e-01
8.415213431169731306e-01
1.691665854641609956e-01
1.691665854641609956e-01
3.447297549882485934e-01
3.447297549882485934e-01
2.738560938592296198e-02
2.738560938592296198e-02
2.104941816948701916e-01
2.104941816948701916e-01
6.221823356586715648e-02
6.221823356586715648e-02
1.061882766367761993e-01
1.061882766367761993e-01
8.076522094465761192e-01
8.076522094465761192e-01
1.199999999999999956e+00
1.199999999999999956e+00
2.765447313869410784e-01
2.765447313869410784e-01
2.622764336572604438e-01
2.622764336572604438e-01
5.295066194644640900e-01
5.295066194644640900e-01
6.547381936046219042e-02
6.547381936046219042e-02
1.376943021943291268e-01
1.376943021943291268e-01
2.227542839968913724e-01
2.227542839968913724e-01
1.199999999999999956e+00
1.199999999999999956e+00
7.541205844634653044e-01
7.541205844634653044e-01
1.046044255603545858e+00
1.046044255603545858e+00
7.505158412376465582e-02
7.505158412376465582e-02
1.514316827797805576e-01
1.514316827797805576e-01
1.764007162817745611e-01
1.764007162817745611e-01
4.276526741996546921e-01
4.276526741996546921e-01
4.311190537191977312e-01
4.311190537191977312e-01
1.117179749078288098e-01
1.117179749078288098e-01
1.199999999999999956e+00
1.199999999999999956e+00
5.983504285878149531e-01
5.983504285878149531e-01
4.960845996385719880e-01
4.960845996385719880e-01
5.345477442042418925e-01
5.345477442042418925e-01
2.201656785046334115e-03
2.201656785046334115e-03
3.017930736915315215e-01
3.017930736915315215e-01
1.312129955035376827e-01
1.312129955035376827e-01
2.949252136711069672e-01
2.949252136711069672e-01
1.038689249536224185e-01
1.038689249536224185e-01
1.199999999999999956e+00
1.199999999999999956e+00
1.651931785126117269e-01
1.651931785126117269e-01
3.655345505173995257e-01
3.655345505173995257e-01
6.927405070228618289e-01
6.927405070228618289e-01
4.159476829823351429e-01
4.159476829823351429e-01
1.899753107180066625e-01
1.899753107180066625e-01
6.707315948747761825e-01
6.707315948747761825e-01
1.199999999999999956e+00
1.199999999999999956e+00
5.216486944598741626e-01
5.216486944598741626e-01
3.870836014875143616e-01
3.870836014875143616e-01
1.876536909630434624e-01
1.876536909630434624e-01
5.601038424566780194e-02
5.601038424566780194e-02
3.457958201692835631e-01
3.457958201692835631e-01
5.486379862066249613e-01
5.486379862066249613e-01
1.368926420259619636e-01
1.368926420259619636e-01
2.476908352756194975e-01
2.476908352756194975e-01
6.586254080765773233e-01
6.586254080765773233e-01
1.514817057679332946e-01
1.514817057679332946e-01
1.744535244276035624e-01
1.744535244276035624e-01
7.385738702005525957e-02
7.385738702005525957e-02
6.240875407493363669e-01
6.240875407493363669e-01
4.269186111119870342e-01
4.269186111119870342e-01
5.542523914565662402e-01
5.542523914565662402e-01
5.857678601625819770e-01
5.857678601625819770e-01
1.199999999999999956e+00
1.199999999999999956e+00
2.427740221990118963e-01
2.427740221990118963e-01
6.831316376564360304e-01
6.831316376564360304e-01
5.260580419654488082e-01
5.260580419654488082e-01
3.371541239327210393e-01
3.371541239327210393e-01
2.763199706348194451e-01
2.763199706348194451e-01
1.490722457025879799e-01
1.490722457025879799e-01
2.701395347394568436e-01
2.701395347394568436e-01
1.199999999999999956e+00
1.199999999999999956e+00
2.116091239199997531e-01
2.116091239199997531e-01
1.733374750979172207e-01
1.733374750979172207e-01
3.953766832778633084e-02
3.953766832778633084e-02
3.475832658315372026e-01
3.475832658315372026e-01
6.079019526541173946e-01
6.079019526541173946e-01
1.199999999999999956e+00
1.199999999999999956e+00
1.634824045708971607e-01
1.634824045708971607e-01
1.199999999999999956e+00
1.199999999999999956e+00
3.268463188471775194e-01
3.268463188471775194e-01
1.199999999999999956e+00
1.199999999999999956e+00
1.308970008730424017e-01
1.308970008730424017e-01
3.275302316732099928e-01
3.275302316732099928e-01
1.041905854477774701e-01
1.041905854477774701e-01
1.860783339137678238e-01
1.860783339137678238e-01
9.889084056788799426e-02
9.889084056788799426e-02
4.639497571727194125e-02
4.639497571727194125e-02
1.199999999999999956e+00
1.199999999999999956e+00
2.560275469795190162e-01
2.560275469795190162e-01
5.379779994053839748e-02
5.379779994053839748e-02
3.631656156737803620e-01
3.631656156737803620e-01
7.102744679206617340e-01
7.102744679206617340e-01
4.680181638911357078e-01
4.680181638911357078e-01
4.950149934693263143e-01
4.950149934693263143e-01
1.336633043742598004e-01
1.336633043742598004e-01
3.747170735601941249e-01
3.747170735601941249e-01
2.216166173584378507e-01
2.216166173584378507e-01
2.959926688138281858e-01
2.959926688138281858e-01
2.641765365696961410e-01
2.641765365696961410e-01
5.911615717118921115e-02
5.911615717118921115e-02
1.199999999999999956e+00
1.199999999999999956e+00
3.732797003072552133e-01
3.732797003072552133e-01
1.867490313366008126e-01
1.867490313366008126e-01
6.037321724985217353e-01
6.037321724985217353e-01
5.899135628188417746e-01
5.899135628188417746e-01
2.909894640183043335e-01
2.909894640183043335e-01
6.848777645361305844e-01
6.848777645361305844e-01
3.396967259568745012e-01
3.396967259568745012e-01
2.583484001508729588e-01
2.583484001508729588e-01
2.753257973313548712e-01
2.753257973313548712e-01
1.199999999999999956e+00
1.199999999999999956e+00
1.812214972589480319e-02
1.812214972589480319e-02
6.019974526666609371e-01
6.019974526666609371e-01
4.712264705554121136e-01
4.712264705554121136e-01
5.674454367466127414e-01
5.674454367466127414e-01
3.503366508952589498e-01
3.503366508952589498e-01
7.548766726780214986e-02
7.548766726780214986e-02
2.533561825608791618e-01
2.533561825608791618e-01
1.180806595498679057e-01
1.180806595498679057e-01
1.199999999999999956e+00
1.199999999999999956e+00
6.979203349092714947e-02
6.979203349092714947e-02
8.053417567263940757e-01
8.053417567263940757e-01
3.683191903668648903e-01
3.683191903668648903e-01
4.223910327624432748e-01
4.223910327624432748e-01
1.199999999999999956e+00
1.199999999999999956e+00
6.130746526101679139e-01
6.130746526101679139e-01
3.406161244932368048e-01
3.406161244932368048e-01
1.199999999999999956e+00
1.199999999999999956e+00
1.661267368389003352e-01
1.661267368389003352e-01
3.905688727945499927e-01
3.905688727945499927e-01
1.088107532116716070e-01
1.088107532116716070e-01
8.191569018662397950e-02
8.191569018662397950e-02
1.199999999999999956e+00
1.199999999999999956e+00
1.099082539837385880e-01
1.099082539837385880e-01
2.688171546546562762e-01
2.688171546546562762e-01
5.030477258310055433e-01
5.030477258310055433e-01
5.835106335104257580e-01
5.835106335104257580e-01
2.987696241947263576e-01
2.987696241947263576e-01
1.199999999999999956e+00
1.199999999999999956e+00
1.750525907927867955e-02
1.750525907927867955e-02
3.259518816159749366e-01
3.259518816159749366e-01
1.199999999999999956e+00
1.199999999999999956e+00
1.440389110312640941e-01
1.440389110312640941e-01
1.259607970993859571e-01
1.259607970993859571e-01
4.891729379787232990e-01
4.891729379787232990e-01
3.616777768657732928e-01
3.616777768657732928e-01
4.270220961664344950e-02
4.270220961664344950e-02
6.444837400794868609e-02
6.444837400794868609e-02
7.046419558284039431e-02
7.046419558284039431e-02
6.395428107081939650e-01
6.395428107081939650e-01
4.232297753236804322e-02
4.232297753236804322e-02
1.199999999999999956e+00
1.199999999999999956e+00
2.046616301610855726e-01
2.046616301610855726e-01
9.969818845939232288e-02
9.969818845939232288e-02
8.756253989094198165e-01
8.756253989094198165e-01
1.199999999999999956e+00
1.199999999999999956e+00
2.273740940801660670e-01
2.273740940801660670e-01
1.365940940637792866e-01
1.365940940637792866e-01
2.189733167620927790e-01
2.189733167620927790e-01
4.825278402098001074e-01
4.825278402098001074e-01
1.199999999999999956e+00
1.199999999999999956e+00
1.199999999999999956e+00
1.199999999999999956e+00
6.069775418553657181e-02
6.069775418553657181e-02
6.710642739356842412e-01
6.710642739356842412e-01
1.199999999999999956e+00
1.199999999999999956e+00
8.194913726959630884e-02
8.194913726959630884e-02
1.239174998466317651e-01
1.239174998466317651e-01
3.982222437501700685e-02
3.982222437501700685e-02
5.024851570055297728e-02
5.024851570055297728e-02
1.651825479285763398e-01
1.651825479285763398e-01
5.520389256252754978e-02
5.520389256252754978e-02
2.333993758586509759e-02
2.333993758586509759e-02
4.663429467506401832e-02
4.663429467506401832e-02
6.430656083885481766e-02
6.430656083885481766e-02
2.879337081793013620e-01
2.879337081793013620e-01
1.386033355515684518e-01
1.386033355515684518e-01
4.900590163640100028e-01
4.900590163640100028e-01
1.199999999999999956e+00
1.199999999999999956e+00
2.067832725473337241e-01
2.067832725473337241e-01
6.278495768931445509e-02
6.278495768931445509e-02
2.267126341506343068e-01
2.267126341506343068e-01
1.386376215539519667e-02
1.386376215539519667e-02
3.336804388205256156e-01
3.336804388205256156e-01
1.199999999999999956e+00
1.199999999999999956e+00
1.199999999999999956e+00
1.199999999999999956e+00
2.125732702339916680e-01
2.125732702339916680e-01
1.573714660489531070e-01
1.573714660489531070e-01
6.699555820660089978e-02
6.699555820660089978e-02
1.364179728134400083e-01
1.364179728134400083e-01
1.922834720422919863e-01
1.922834720422919863e-01
2.318445226049192787e-01
2.318445226049192787e-01
2.891636170673541617e-01
2.891636170673541617e-01
8.921939921647746574e-02
8.921939921647746574e-02
1.199999999999999956e+00
1.199999999999999956e+00
