3.459135627850891126e-01
3.459135627850891126e-01
1.245505935661861963e-01
1.245505935661861963e-01
1.199999999999999956e+00
1.199999999999999956e+00
4.087029871228242683e-02
4.087029871228242683e-02
2.844502310246617149e-01
2.844502310246617149e-01
2.298746990723378458e-01
2.298746990723378458e-01
5.877473500531380651e-02
5.877473500531380651e-02
1.199999999999999956e+00
1.199999999999999956e+00
1.602860350856787353e-01
1.602860350856787353e-01
3.043362099065909931e-01
3.043362099065909931e-01
1.589487547773820175e-01
1.589487547773820175e-01
1.089368661040128750e-01
1.089368661040128750e-01
2.383170760005994537e-01
2.383170760005994537e-01
2.368702789517125873e-01
2.368702789517125873e-01
1.199999999999999956e+00
1.199999999999999956e+00
4.982775527181778630e-01
4.982775527181778630e-01
1.199999999999999956e+00
1.199999999999999956e+00
1.199999999999999956e+00
1.199999999999999956e+00
5.610447840004954001e-01
5.610447840004954001e-01
5.538610527110765513e-01
5.538610527110765513e-01
1.199999999999999956e+00
1.199999999999999956e+00
4.330417701397463737e-01
4.330417701397463737e-01
3.537263374770568958e-01
3.537263374770568958e-01
3.305487123782030467e-01
3.305487123782030467e-01
5.875646311128264188e-01
5.875646311128264188e-01
1.199999999999999956e+00
1.199999999999999956e+00
1.199999999999999956e+00
1.199999999999999956e+00
1.199999999999999956e+00
1.199999999999999956e+00
6.947657244096276941e-01
6.947657244096276941e-01
5.883032849090961136e-01
5.883032849090961136e-01
1.992457462256667922e-01
1.992457462256667922e-01
2.899391336830094423e-01
2.899391336830094423e-01
2.205516883870574096e-01
2.205516883870574096e-01
8.766824845599648919e-01
8.766824845599648919e-01
2.762090099378700092e-01
2.762090099378700092e-01
9.617555195573527227e-01
9.617555195573527227e-01
1.199999999999999956e+00
1.199999999999999956e+00
3.265237109924899461e-01
3.265237109924899461e-01
2.466800133218639834e-02
2.466800133218639834e-02
2.302828151126251610e-01
2.302828151126251610e-01
3.906764671018167490e-01
3.906764671018167490e-01
9.577389486654399597e-01
9.577389486654399597e-01
1.199999999999999956e+00
1.199999999999999956e+00
5.289544578869008751e-01
5.289544578869008751e-01
8.811574999599671720e-01
8.811574999599671720e-01
4.304162134763358516e-01
4.304162134763358516e-01
7.217502385854563940e-01
7.217502385854563940e-01
7.239921268147132827e-02
7.239921268147132827e-02
1.199999999999999956e+00
1.199999999999999956e+00
1.008204885174598386e-01
1.008204885174598386e-01
3.991981533044345887e-01
3.991981533044345887e-01
1.199999999999999956e+00
1.199999999999999956e+00
5.724578448677909437e-01
5.724578448677909437e-01
1.064488128859479299e-01
1.064488128859479299e-01
8.261333023241972384e-01
8.261333023241972384e-01
7.461665745256090831e-01
7.461665745256090831e-01
1.199999999999999956e+00
1.199999999999999956e+00
5.423551680589647553e-04
5.423551680589647553e-04
1.199999999999999956e+00
1.199999999999999956e+00
3.163680984911418914e-01
3.163680984911418914e-01
1.199999999999999956e+00
1.199999999999999956e+00
5.273175953406065153e-01
5.273175953406065153e-01
1.199999999999999956e+00
1.199999999999999956e+00
1.050807497828659537e-01
1.050807497828659537e-01
2.889239873369002232e-01
2.889239873369002232e-01
1.199999999999999956e+00
1.199999999999999956e+00
2.704080271564437976e-01
2.704080271564437976e-01
3.770522805625473733e-02
3.770522805625473733e-02
1.199999999999999956e+00
1.199999999999999956e+00
8.912574803608266927e-02
8.912574803608266927e-02
1.187718344079083388e-01
1.187718344079083388e-01
4.279342156125609531e-01
4.279342156125609531e-01
1.199999999999999956e+00
1.199999999999999956e+00
1.199999999999999956e+00
1.199999999999999956e+00
1.199999999999999956e+00
1.199999999999999956e+00
3.682394909761629309e-01
3.682394909761629309e-01
1.194398833403077370e-01
1.194398833403077370e-01
1.199999999999999956e+00
1.199999999999999956e+00
1.399774427192000126e-01
1.399774427192000126e-01
7.131323701665538695e-02
7.131323701665538695e-02
9.081204493372436737e-01
9.081204493372436737e-01
8.911061852359597468e-02
8.911061852359597468e-02
1.104869026528536580e-01
1.104869026528536580e-01
2.631897792073813469e-01
2.631897792073813469e-01
2.838570802855337472e-01
2.838570802855337472e-01
1.199999999999999956e+00
1.199999999999999956e+00
1.199999999999999956e+00
1.199999999999999956e+00
3.037608976145594886e-01
3.037608976145594886e-01
1.199999999999999956e+00
1.199999999999999956e+00
6.581762830239725609e-03
6.581762830239725609e-03
4.560678852334789646e-01
4.560678852334789646e-01
7.832414664882717537e-01
7.832414664882717537e-01
2.122377577249164385e-02
2.122377577249164385e-02
6.451602386303306735e-01
6.451602386303306735e-01
4.548200758828431223e-01
4.548200758828431223e-01
2.501194319397243709e-02
2.501194319397243709e-02
1.199999999999999956e+00
1.199999999999999956e+00
3.556570391962170508e-01
3.556570391962170508e-01
2.340182172097038105e-01
2.340182172097038105e-01
1.199999999999999956e+00
1.199999999999999956e+00
3.881237817356438247e-01
3.881237817356438247e-01
3.217239656515268886e-01
3.217239656515268886e-01
2.095153046308445566e-01
2.095153046308445566e-01
3.624446846697698121e-01
3.624446846697698121e-01
4.232584608587857677e-01
4.232584608587857677e-01
1.105312265885908390e-02
1.105312265885908390e-02
7.940951351868754671e-01
7.940951351868754671e-01
1.199999999999999956e+00
1.199999999999999956e+00
3.609441144575902261e-01
3.609441144575902261e-01
1.400191921039186660e-01
1.400191921039186660e-01
3.293329352577216707e-01
3.293329352577216707e-01
1.199999999999999956e+00
1.199999999999999956e+00
1.199999999999999956e+00
1.199999999999999956e+00
9.274759637290272418e-02
9.274759637290272418e-02
7.592288388352521622e-01
7.592288388352521622e-01
1.199999999999999956e+00
1.199999999999999956e+00
5.063012237027622042e-01
5.063012237027622042e-01
1.199999999999999956e+00
1.199999999999999956e+00
2.974637524574036962e-01
2.974637524574036962e-01
1.603441802867535126e-01
1.603441802867535126e-01
9.535570126203514185e-01
9.535570126203514185e-01
1.431997718858546258e-02
1.431997718858546258e-02
1.770247182240492489e-01
1.770247182240492489e-01
1.582557652484308797e-01
1.582557652484308797e-01
3.000422460064805508e-01
3.000422460064805508e-01
1.933371120587709380e-01
1.933371120587709380e-01
1.530182712881021367e-01
1.530182712881021367e-01
1.199999999999999956e+00
1.199999999999999956e+00
3.490920395481004190e-01
3.490920395481004190e-01
1.199999999999999956e+00
1.199999999999999956e+00
1.207912771058186757e-01
1.207912771058186757e-01
9.064240664558976812e-01
9.064240664558976812e-01
8.735498851711089030e-02
8.735498851711089030e-02
1.199999999999999956e+00
1.199999999999999956e+00
1.614219815969071548e-01
1.614219815969071548e-01
5.508072908321646199e-01
5.508072908321646199e-01
3.469371753671030012e-01
3.469371753671030012e-01
1.781980363788213395e-01
1.781980363788213395e-01
5.224496796051226744e-01
5.224496796051226744e-01
1.199999999999999956e+00
1.199999999999999956e+00
2.980787555721121085e-01
2.980787555721121085e-01
2.935865028513833241e-01
2.935865028513833241e-01
8.208660964348449274e-02
8.208660964348449274e-02
8.738763119303172289e-02
8.738763119303172289e-02
2.180042318538125967e-01
2.180042318538125967e-01
6.037713628893057738e-01
6.037713628893057738e-01
4.937523301524094355e-01
4.937523301524094355e-01
6.236476139010519587e-03
6.236476139010519587e-03
4.025718942418526902e-01
4.025718942418526902e-01
4.407446831059267517e-02
4.407446831059267517e-02
1.199999999999999956e+00
1.199999999999999956e+00
4.524507087183615023e-02
4.524507087183615023e-02
1.944439947554006398e-01
1.944439947554006398e-01
1.199999999999999956e+00
1.199999999999999956e+00
2.344166769026730934e-01
2.344166769026730934e-01
2.075241567152505753e-02
2.075241567152505753e-02
1.199999999999999956e+00
1.199999999999999956e+00
2.418959058185961575e-01
2.418959058185961575e-01
1.199999999999999956e+00
1.199999999999999956e+00
9.083104277112700187e-01
9.083104277112700187e-01
2.769348846727970881e-01
2.769348846727970881e-01
3.161585555470278197e-01
3.161585555470278197e-01
4.318268226625868178e-01
4.318268226625868178e-01
1.199999999999999956e+00
1.199999999999999956e+00
2.289416819924965443e-03
2.289416819924965443e-03
1.881535945697648815e-01
1.881535945697648815e-01
1.199999999999999956e+00
1.199999999999999956e+00
4.740490638794233047e-01
4.740490638794233047e-01
1.199999999999999956e+00
1.199999999999999956e+00
6.082065406196107693e-01
6.082065406196107693e-01
7.148292943858399751e-01
7.148292943858399751e-01
4.259993617373739605e-01
4.259993617373739605e-01
2.793442310845385967e-01
2.793442310845385967e-01
1.199999999999999956e+00
1.199999999999999956e+00
1.199999999999999956e+00
1.199999999999999956e+00
9.125564746871636101e-01
9.125564746871636101e-01
1.699695462387793288e-01
1.699695462387793288e-01
1.199999999999999956e+00
1.199999999999999956e+00
7.144229222290658654e-02
7.144229222290658654e-02
4.848572510729882712e-01
4.848572510729882712e-01
1.592923201550032752e-01
1.592923201550032752e-01
5.155364462080228583e-01
5.155364462080228583e-01
1.627261475738007723e-01
1.627261475738007723e-01
1.810126575660635506e-01
1.810126575660635506e-01
3.167189268988276352e-01
3.167189268988276352e-01
2.659473486235790496e-01
2.659473486235790496e-01
1.076712816704805453e+00
1.076712816704805453e+00
1.199999999999999956e+00
1.199999999999999956e+00
1.199999999999999956e+00
1.199999999999999956e+00
1.199999999999999956e+00
1.199999999999999956e+00
5.926553481321726879e-01
5.926553481321726879e-01
1.715868200130586940e-01
1.715868200130586940e-01
6.369099596094104365e-01
6.369099596094104365e-01
3.323691307673528605e-01
3.323691307673528605e-01
1.199999999999999956e+00
1.199999999999999956e+00
6.463236633887883831e-02
6.463236633887883831e-02
3.654480758065889456e-01
3.654480758065889456e-01
2.782362320354008212e-01
2.782362320354008212e-01
1.199999999999999956e+00
1.199999999999999956e+00
3.251708991507756830e-01
3.251708991507756830e-01
4.856062394039268870e-01
4.856062394039268870e-01
3.020214327677153143e-01
3.020214327677153143e-01
5.521256819832432994e-01
5.521256819832432994e-01
1.861835333778895374e-01
1.861835333778895374e-01
1.199999999999999956e+00
1.199999999999999956e+00
9.315259915317869455e-02
9.315259915317869455e-02
3.076452048984291282e-02
3.076452048984291282e-02
1.199999999999999956e+00
1.199999999999999956e+00
5.314725395444096917e-02
5.314725395444096917e-02
2.042628937824761126e-01
2.042628937824761126e-01
1.518136036752894269e-01
1.518136036752894269e-01
2.585456690057540974e-01
2.585456690057540974e-01
3.942377777508397907e-01
3.942377777508397907e-01
1.642844791613760347e-01
1.642844791613760347e-01
3.469940571267373652e-01
3.469940571267373652e-01
4.360252672681510511e-01
4.360252672681510511e-01
2.432059714679558060e-01
2.432059714679558060e-01
2.211017303415125645e-01
2.211017303415125645e-01
3.924614749841613404e-01
3.924614749841613404e-01
9.030625057917121001e-01
9.030625057917121001e-01
1.199999999999999956e+00
1.199999999999999956e+00
1.394960033627406781e-01
1.394960033627406781e-01
5.696569555326501666e-01
5.696569555326501666e-01
4.586017468190283219e-01
4.586017468190283219e-01
2.121845864866567233e-02
2.121845864866567233e-02
1.100835132350301837e-01
1.100835132350301837e-01
5.968042128560832049e-01
5.968042128560832049e-01
7.838889288512516096e-01
7.838889288512516096e-01
1.378349687081284816e-02
1.378349687081284816e-02
3.080585358849245031e-02
3.080585358849245031e-02
1.199999999999999956e+00
1.199999999999999956e+00
3.513082622599032478e-01
3.513082622599032478e-01
2.226489337682653336e-01
2.226489337682653336e-01
1.981479527174940802e-01
1.981479527174940802e-01
3.471013985437911287e-01
3.471013985437911287e-01
4.243711659737752218e-01
4.243711659737752218e-01
1.199999999999999956e+00
1.199999999999999956e+00
1.199999999999999956e+00
1.199999999999999956e+00
2.084384501190945926e-02
2.084384501190945926e-02
5.293314938363444799e-01
5.293314938363444799e-01
1.199999999999999956e+00
1.199999999999999956e+00
1.299053383490358371e+00
1.299053383490358371e+00
1.199999999999999956e+00
1.199999999999999956e+00
1.199999999999999956e+00
1.199999999999999956e+00
6.114278943668241539e-03
6.114278943668241539e-03
1.199999999999999956e+00
1.199999999999999956e+00
5.219575563039134947e-01
5.219575563039134947e-01
1.783242137249086701e-01
1.783242137249086701e-01
5.167974351054642757e-01
5.167974351054642757e-01
4.017068517876661859e-01
4.017068517876661859e-01
1.199999999999999956e+00
1.199999999999999956e+00
1.199999999999999956e+00
1.199999999999999956e+00
8.641471148461460361e-02
8.641471148461460361e-02
5.554960242615616384e-01
5.554960242615616384e-01
1.802773423877583880e-01
1.802773423877583880e-01
1.199999999999999956e+00
1.199999999999999956e+00
5.373905537707260316e-02
5.373905537707260316e-02
3.248964017490593020e-02
3.248964017490593020e-02
1.143330371199782203e-01
1.143330371199782203e-01
1.199999999999999956e+00
1.199999999999999956e+00
1.199999999999999956e+00
1.199999999999999956e+00
1.207982231473747614e-01
1.207982231473747614e-01
1.199999999999999956e+00
1.199999999999999956e+00
1.707596725394066317e-01
1.707596725394066317e-01
1.199999999999999956e+00
1.199999999999999956e+00
6.426339256388615695e-01
6.426339256388615695e-01
5.448525040079202908e-01
5.448525040079202908e-01
2.457732836205425708e-02
2.457732836205425708e-02
7.270155792502605019e-01
7.270155792502605019e-01
4.920555551509080139e-02
4.920555551509080139e-02
8.478201195334476026e-01
8.478201195334476026e-01
3.063191024796804718e-01
3.063191024796804718e-01
7.607029475045729017e-01
7.607029475045729017e-01
3.864814525986949145e-03
3.864814525986949145e-03
1.199999999999999956e+00
1.199999999999999956e+00
1.847293307769899140e-01
1.847293307769899140e-01
1.199999999999999956e+00
1.199999999999999956e+00
8.027491543874489821e-01
8.027491543874489821e-01
5.638220565558810238e-02
5.638220565558810238e-02
7.275485868570443770e-01
7.275485868570443770e-01
2.143765629787374172e-01
2.143765629787374172e-01
5.070518160232321270e-01
5.070518160232321270e-01
6.491109623144768470e-01
6.491109623144768470e-01
1.700984600239080491e-01
1.700984600239080491e-01
1.199999999999999956e+00
1.199999999999999956e+00
3.747302386112027345e-02
3.747302386112027345e-02
1.199999999999999956e+00
1.199999999999999956e+00
1.199999999999999956e+00
1.199999999999999956e+00
2.944957834742399916e-01
2.944957834742399916e-01
5.111952388520887292e-01
5.111952388520887292e-01
1.472699333439901059e-01
1.472699333439901059e-01
1.365151558426062894e-01
1.365151558426062894e-01
1.199999999999999956e+00
1.199999999999999956e+00
9.263504270718372902e-02
9.263504270718372902e-02
1.199999999999999956e+00
1.199999999999999956e+00
3.615572542275567458e-01
3.615572542275567458e-01
2.504448717648516953e-01
2.504448717648516953e-01
1.000205840568985372e-01
1.000205840568985372e-01
3.777890629608313122e-02
3.777890629608313122e-02
1.199999999999999956e+00
1.199999999999999956e+00
2.484670798694774696e-01
2.484670798694774696e-01
3.118363891561605761e-01
3.118363891561605761e-01
1.555063032714924520e-01
1.555063032714924520e-01
1.199999999999999956e+00
1.199999999999999956e+00
6.285168328466665955e-01
6.285168328466665955e-01
4.708096712856793542e-02
4.708096712856793542e-02
1.199999999999999956e+00
1.199999999999999956e+00
9.221396811816583161e-02
9.221396811816583161e-02
2.791701315209384471e-01
2.791701315209384471e-01
1.989749042218044162e-01
1.989749042218044162e-01
1.199999999999999956e+00
1.199999999999999956e+00
5.261874190995726730e-01
5.261874190995726730e-01
4.133109585564424121e-02
4.133109585564424121e-02
6.096253776952037517e-02
6.096253776952037517e-02
4.046008373358486176e-01
4.046008373358486176e-01
1.796759089399235787e-01
1.796759089399235787e-01
5.747244113102633056e-01
5.747244113102633056e-01
9.540556072287889600e-02
9.540556072287889600e-02
1.199999999999999956e+00
1.199999999999999956e+00
1.085162850010770036e-01
1.085162850010770036e-01
3.298495910523389918e-02
3.298495910523389918e-02
1.055843697089143829e-01
1.055843697089143829e-01
2.344200300667440562e-01
2.344200300667440562e-01
9.488228720318938421e-04
9.488228720318938421e-04
6.065120690155100247e-01
6.065120690155100247e-01
5.009073574631054543e-02
5.009073574631054543e-02
2.341997828758488331e-01
2.341997828758488331e-01
2.996701258425018000e-01
2.996701258425018000e-01
1.560237110319897813e-01
1.560237110319897813e-01
1.199999999999999956e+00
1.199999999999999956e+00
3.191478186560211538e-01
3.191478186560211538e-01
1.199999999999999956e+00
1.199999999999999956e+00
2.425065394336675118e-01
2.425065394336675118e-01
3.220310675843105486e-01
3.220310675843105486e-01
2.203873577412929219e-01
2.203873577412929219e-01
1.638994230933672469e-01
1.638994230933672469e-01
3.785360982605095320e-02
3.785360982605095320e-02
7.003705696357856447e-02
7.003705696357856447e-02
1.276606478732933252e-02
1.276606478732933252e-02
1.199999999999999956e+00
1.199999999999999956e+00
8.236409280075202011e-02
8.236409280075202011e-02
1.199999999999999956e+00
1.199999999999999956e+00
1.323644127570412221e-01
1.323644127570412221e-01
1.081184830681909959e-01
1.081184830681909959e-01
5.713409896570305069e-01
5.713409896570305069e-01
5.262664364828242847e-02
5.262664364828242847e-02
5.186266771618213145e-01
5.186266771618213145e-01
2.854866303521706450e-01
2.854866303521706450e-01
1.199999999999999956e+00
1.199999999999999956e+00
9.091189110528796746e-02
9.091189110528796746e-02
3.210612141337997882e-01
3.210612141337997882e-01
9.669835165601786686e-02
9.669835165601786686e-02
1.199999999999999956e+00
1.199999999999999956e+00
3.076610729734279293e-01
3.076610729734279293e-01
1.422265422490749109e-01
1.422265422490749109e-01
8.396710346308225992e-01
8.396710346308225992e-01
2.509421447220989698e-01
2.509421447220989698e-01
3.553647657166730256e-01
3.553647657166730256e-01
5.895225139330292352e-01
5.895225139330292352e-01
7.014042635883344090e-01
7.014042635883344090e-01
7.290768145304236947e-02
7.290768145304236947e-02
1.199999999999999956e+00
1.199999999999999956e+00
4.506635424743813539e-02
4.506635424743813539e-02
5.599965303211323214e-02
5.599965303211323214e-02
1.199999999999999956e+00
1.199999999999999956e+00
1.068347668950978546e-01
1.068347668950978546e-01
2.854257156931959694e-01
2.854257156931959694e-01
8.456722513059185264e-02
8.456722513059185264e-02
3.927214355629413678e-01
3.927214355629413678e-01
1.900393874659187798e-01
1.900393874659187798e-01
1.199999999999999956e+00
1.199999999999999956e+00
1.199999999999999956e+00
1.199999999999999956e+00
4.306020152616366059e-01
4.306020152616366059e-01
5.039402604598324231e-01
5.039402604598324231e-01
1.199999999999999956e+00
1.199999999999999956e+00
1.199999999999999956e+00
1.199999999999999956e+00
4.708658412860473041e-01
4.708658412860473041e-01
1.199999999999999956e+00
1.199999999999999956e+00
4.438171433369336727e-01
4.438171433369336727e-01
1.673845509784827601e-01
1.673845509784827601e-01
1.199999999999999956e+00
1.199999999999999956e+00
3.584405263137196984e-01
3.584405263137196984e-01
7.121634782012438158e-01
7.121634782012438158e-01
4.820192307044378066e-01
4.820192307044378066e-01
2.107867353104777297e-01
2.107867353104777297e-01
1.966596204037047713e-01
1.966596204037047713e-01
2.996280132354811609e-02
2.996280132354811609e-02
4.029014723436317169e-01
4.029014723436317169e-01
7.971226293198899748e-01
7.971226293198899748e-01
4.438874667213518754e-01
4.438874667213518754e-01
1.218662617139435744e-01
1.218662617139435744e-01
2.295788795440648622e-01
2.295788795440648622e-01
1.355839900885104192e-02
1.355839900885104192e-02
1.106178841310546668e-01
1.106178841310546668e-01
4.395753946733130246e-01
4.395753946733130246e-01
2.535525500533476473e-01
2.535525500533476473e-01
9.145339618101722134e-02
9.145339618101722134e-02
3.029748425290008235e-02
3.029748425290008235e-02
6.004475097975025231e-03
6.004475097975025231e-03
1.071918543159290804e+00
1.071918543159290804e+00
7.006038267615870285e-02
7.006038267615870285e-02
1.209500694966778034e-01
1.209500694966778034e-01
1.199999999999999956e+00
1.199999999999999956e+00
1.785546184092024757e-01
1.785546184092024757e-01
4.171794527043585221e-01
4.171794527043585221e-01
9.115785222199487836e-02
9.115785222199487836e-02
8.302663559824323691e-01
8.302663559824323691e-01
1.199999999999999956e+00
1.199999999999999956e+00
1.309565212376285204e-01
1.309565212376285204e-01
2.604487310830225222e-01
2.604487310830225222e-01
1.180973838894215366e-01
1.180973838894215366e-01
1.199999999999999956e+00
1.199999999999999956e+00
1.199999999999999956e+00
1.199999999999999956e+00
1.717514414379776311e-01
1.717514414379776311e-01
6.862422381174536623e-01
6.862422381174536623e-01
2.956468180283464697e-01
2.956468180283464697e-01
6.042767784150409049e-01
6.042767784150409049e-01
1.790803318816885648e-01
1.790803318816885648e-01
9.525529039452376723e-02
9.525529039452376723e-02
1.963798660455194633e-01
1.963798660455194633e-01
7.656940468674522382e-01
7.656940468674522382e-01
1.199999999999999956e+00
1.199999999999999956e+00
5.300176931801434121e-02
5.300176931801434121e-02
4.968537354070461376e-01
4.968537354070461376e-01
1.199999999999999956e+00
1.199999999999999956e+00
5.665819059260077117e-02
5.665819059260077117e-02
8.588891794993028239e-02
8.588891794993028239e-02
7.121451506867847447e-01
7.121451506867847447e-01
1.386663600997922186e-01
1.386663600997922186e-01
1.199999999999999956e+00
1.199999999999999956e+00
3.048832738455724556e-01
3.048832738455724556e-01
9.542363012361665398e-02
9.542363012361665398e-02
1.199999999999999956e+00
1.199999999999999956e+00
1.102888209469067848e-01
1.102888209469067848e-01
1.093149012625087152e-01
1.093149012625087152e-01
2.660039798414575718e-01
2.660039798414575718e-01
1.199999999999999956e+00
1.199999999999999956e+00
5.157329561064104562e-01
5.157329561064104562e-01
3.957267604337294390e-04
3.957267604337294390e-04
1.199999999999999956e+00
1.199999999999999956e+00
1.199999999999999956e+00
1.199999999999999956e+00
1.199999999999999956e+00
1.199999999999999956e+00
3.367324739691777979e-02
3.367324739691777979e-02
2.730402427302153212e-01
2.730402427302153212e-01
4.329855331528395523e-02
4.329855331528395523e-02
4.917585236796207515e-01
4.917585236796207515e-01
2.145947514426471692e-01
2.145947514426471692e-01
2.780647006846532349e-02
2.780647006846532349e-02
1.561262951917684674e-02
1.561262951917684674e-02
4.398880877432569392e-01
4.398880877432569392e-01
2.201280625610615160e-01
2.201280625610615160e-01
4.472425837405635263e-01
4.472425837405635263e-01
2.390405636452139770e-01
2.390405636452139770e-01
1.438908332175780069e-01
1.438908332175780069e-01
1.195678375780214187e-01
1.195678375780214187e-01
1.199999999999999956e+00
1.199999999999999956e+00
1.310027503866209864e-01
1.310027503866209864e-01
2.313005326672147588e-01
2.313005326672147588e-01
2.021525961685653461e-01
2.021525961685653461e-01
2.058527550450063304e-01
2.058527550450063304e-01
1.613271037565965627e-01
1.613271037565965627e-01
5.133584974771446818e-01
5.133584974771446818e-01
1.199999999999999956e+00
1.199999999999999956e+00
1.199999999999999956e+00
1.199999999999999956e+00
9.171071053148462937e-01
9.171071053148462937e-01
1.258426506331053463e-01
1.258426506331053463e-01
3.559988377446259011e-02
3.559988377446259011e-02
8.461779786097733957e-02
8.461779786097733957e-02
1.608928087919208050e-01
1.608928087919208050e-01
1.199999999999999956e+00
1.199999999999999956e+00
5.300972135058005241e-01
5.300972135058005241e-01
3.513641338180508722e-01
3.513641338180508722e-01
3.833471324106185740e-02
3.833471324106185740e-02
1.009241381767956858e-01
1.009241381767956858e-01
3.026591945520062388e-01
3.026591945520062388e-01
7.227121727058600786e-01
7.227121727058600786e-01
1.242559037457026117e-01
1.242559037457026117e-01
1.199999999999999956e+00
1.199999999999999956e+00
2.670559180333380647e-02
2.670559180333380647e-02
3.716948222801650936e-01
3.716948222801650936e-01
3.874417239801245059e-03
3.874417239801245059e-03
1.199999999999999956e+00
1.199999999999999956e+00
1.199999999999999956e+00
1.199999999999999956e+00
1.224847743072581263e-01
1.224847743072581263e-01
1.361178347048397075e-01
1.361178347048397075e-01
1.199999999999999956e+00
1.199999999999999956e+00
8.204832596205646755e-02
8.204832596205646755e-02
6.002126116207260331e-01
6.002126116207260331e-01
3.516794709818323872e-01
3.516794709818323872e-01
2.651318168988449631e-01
2.651318168988449631e-01
3.383630612960353279e-01
3.383630612960353279e-01
1.199999999999999956e+00
1.199999999999999956e+00
3.468406015650043472e-01
3.468406015650043472e-01
1.027931146866792045e-01
1.027931146866792045e-01
8.829537003723340050e-01
8.829537003723340050e-01
1.564696123277080700e-02
1.564696123277080700e-02
1.199999999999999956e+00
1.199999999999999956e+00
4.041459388018264071e-02
4.041459388018264071e-02
2.200304607908047105e-01
2.200304607908047105e-01
5.978080855252356773e-01
5.978080855252356773e-01
1.199999999999999956e+00
1.199999999999999956e+00
1.670374886151293203e-01
1.670374886151293203e-01
1.581365031451132941e-01
1.581365031451132941e-01
1.199999999999999956e+00
1.199999999999999956e+00
3.854479447467712427e-01
3.854479447467712427e-01
1.592152240316384859e-01
1.592152240316384859e-01
1.804224628825298882e-01
1.804224628825298882e-01
1.199999999999999956e+00
1.199999999999999956e+00
1.652207140915841199e-01
1.652207140915841199e-01
1.199999999999999956e+00
1.199999999999999956e+00
1.566429562283575272e-01
1.566429562283575272e-01
9.661843368042643057e-03
9.661843368042643057e-03
2.254692471078460769e-01
2.254692471078460769e-01
3.352617639226083135e-01
3.352617639226083135e-01
1.491571653441997047e-01
1.491571653441997047e-01
1.450946762879498364e-01
1.450946762879498364e-01
2.299514583097050091e-01
2.299514583097050091e-01
1.199999999999999956e+00
1.199999999999999956e+00
5.057277500059468300e-01
5.057277500059468300e-01
7.072089225307964799e-02
7.072089225307964799e-02
8.005847195551346607e-02
8.005847195551346607e-02
4.848486524432953360e-01
4.848486524432953360e-01
1.199999999999999956e+00
1.199999999999999956e+00
3.295784394174205989e-01
3.295784394174205989e-01
3.405124886443661736e-01
3.405124886443661736e-01
1.263406892229854417e-01
1.263406892229854417e-01
2.235149801132653991e-01
2.235149801132653991e-01
4.620958678795326208e-02
4.620958678795326208e-02
4.045118790898111216e-01
4.045118790898111216e-01
1.199999999999999956e+00
1.199999999999999956e+00
9.660102354330407648e-02
9.660102354330407648e-02
1.199999999999999956e+00
1.199999999999999956e+00
1.199999999999999956e+00
1.199999999999999956e+00
1.199999999999999956e+00
1.199999999999999956e+00
2.004808030563575150e-01
2.004808030563575150e-01
2.092899127669299864e-01
2.092899127669299864e-01
8.416879376877062224e-02
8.416879376877062224e-02
1.255488135693449414e-01
1.255488135693449414e-01
3.881476680739736063e-01
3.881476680739736063e-01
4.674769334291468958e-02
4.674769334291468958e-02
2.808759590835185338e-01
2.808759590835185338e-01
1.789755957479718107e-01
1.789755957479718107e-01
6.286221337116493224e-02
6.286221337116493224e-02
1.199999999999999956e+00
1.199999999999999956e+00
1.229897025124729731e-01
1.229897025124729731e-01
8.148989347002777439e-02
8.148989347002777439e-02
1.058489752780181203e-01
1.058489752780181203e-01
5.013624380725626578e-02
5.013624380725626578e-02
1.694583424255911158e-02
1.694583424255911158e-02
1.199999999999999956e+00
1.199999999999999956e+00
8.113693434746933886e-02
8.113693434746933886e-02
1.199999999999999956e+00
1.199999999999999956e+00
1.199999999999999956e+00
1.199999999999999956e+00
3.903204191044183646e-02
3.903204191044183646e-02
9.897872260818314782e-02
9.897872260818314782e-02
5.937976685158029566e-01
5.937976685158029566e-01
2.030112236893238942e-01
2.030112236893238942e-01
5.576921149269921385e-02
5.576921149269921385e-02
1.199999999999999956e+00
1.199999999999999956e+00
2.412701313878947984e-01
2.412701313878947984e-01
8.876054007319159056e-02
8.876054007319159056e-02
1.556159290955753775e-02
1.556159290955753775e-02
1.169495960944506585e-01
1.169495960944506585e-01
5.064719027603173385e-02
5.064719027603173385e-02
6.920568596592344690e-01
6.920568596592344690e-01
1.199999999999999956e+00
1.199999999999999956e+00
1.199999999999999956e+00
1.199999999999999956e+00
9.957199412881333200e-02
9.957199412881333200e-02
1.661309514808437804e-01
1.661309514808437804e-01
6.996552295831004464e-02
6.996552295831004464e-02
2.726837738757468821e-01
2.726837738757468821e-01
1.199999999999999956e+00
1.199999999999999956e+00
8.129464193953254147e-01
8.129464193953254147e-01
2.112876512720544830e-01
2.112876512720544830e-01
8.830625221687198045e-02
8.830625221687198045e-02
7.251417919539231427e-01
7.251417919539231427e-01
1.377395055415090441e-01
1.377395055415090441e-01
2.882116483265986795e-01
2.882116483265986795e-01
8.782997104129093568e-02
8.782997104129093568e-02
2.258358503767461944e-01
2.258358503767461944e-01
3.224145477695297690e-02
3.224145477695297690e-02
2.271203219837856779e-01
2.271203219837856779e-01
1.851771704599619039e-01
1.851771704599619039e-01
9.766660925089232226e-02
9.766660925089232226e-02
1.199999999999999956e+00
1.199999999999999956e+00
1.199999999999999956e+00
1.199999999999999956e+00
3.537816150815247251e-01
3.537816150815247251e-01
3.489980735043150539e-01
3.489980735043150539e-01
8.933417875701015198e-01
8.933417875701015198e-01
1.199999999999999956e+00
1.199999999999999956e+00
3.525512044216455032e-01
3.525512044216455032e-01
1.922852861380720257e-01
1.922852861380720257e-01
1.199999999999999956e+00
1.199999999999999956e+00
7.793650528543043243e-02
7.793650528543043243e-02
1.199999999999999956e+00
1.199999999999999956e+00
1.985109007158053496e-01
1.985109007158053496e-01
1.199999999999999956e+00
1.199999999999999956e+00
1.695171433455532339e-01
1.695171433455532339e-01
1.199999999999999956e+00
1.199999999999999956e+00
3.512156517463113636e-02
3.512156517463113636e-02
1.199999999999999956e+00
1.199999999999999956e+00
3.192614779720847062e-01
3.192614779720847062e-01
1.146652845920275443e-01
1.146652845920275443e-01
6.534133304387472474e-02
6.534133304387472474e-02
2.648866019399827576e-01
2.648866019399827576e-01
7.681212352854565051e-01
7.681212352854565051e-01
4.514760082954392684e-01
4.514760082954392684e-01
7.881404174700117338e-01
7.881404174700117338e-01
1.454516211163032202e-01
1.454516211163032202e-01
1.199999999999999956e+00
1.199999999999999956e+00
5.888833138802386513e-02
5.888833138802386513e-02
1.199999999999999956e+00
1.199999999999999956e+00
3.906259087202457181e-01
3.906259087202457181e-01
2.922385720742509130e-01
2.922385720742509130e-01
6.675161477625879414e-01
6.675161477625879414e-01
3.447251010021877282e-01
3.447251010021877282e-01
2.938621527440271053e-01
2.938621527440271053e-01
1.199999999999999956e+00
1.199999999999999956e+00
2.032221116616468870e-01
2.032221116616468870e-01
5.128833756651760556e-01
5.128833756651760556e-01
5.040352364613386316e-01
5.040352364613386316e-01
1.760931750241342270e-02
1.760931750241342270e-02
1.832565660243563876e-01
1.832565660243563876e-01
6.547197288313701957e-01
6.547197288313701957e-01
9.361882771847930551e-02
9.361882771847930551e-02
4.002621104765575338e-02
4.002621104765575338e-02
9.130995159165741226e-01
9.130995159165741226e-01
2.030969908976556493e-01
2.030969908976556493e-01
5.991052969722418520e-02
5.991052969722418520e-02
3.967648793583637423e-01
3.967648793583637423e-01
2.581836822868877057e-01
2.581836822868877057e-01
3.790851717404562504e-01
3.790851717404562504e-01
1.199999999999999956e+00
1.199999999999999956e+00
1.497162721055531609e-01
1.497162721055531609e-01
1.199999999999999956e+00
1.199999999999999956e+00
8.720468030810201929e-03
8.720468030810201929e-03
1.033317987274713357e-01
1.033317987274713357e-01
1.169642161106708711e-01
1.169642161106708711e-01
7.406975237653094790e-02
7.406975237653094790e-02
1.199999999999999956e+00
1.199999999999999956e+00
5.156877996546759269e-01
5.156877996546759269e-01
5.427385026830463532e-01
5.427385026830463532e-01
1.243675419910845320e-01
1.243675419910845320e-01
1.760283968929735876e-01
1.760283968929735876e-01
1.199999999999999956e+00
1.199999999999999956e+00
4.612668640285035315e-01
4.612668640285035315e-01
6.122652683026027359e-03
6.122652683026027359e-03
1.875642082522616105e-01
1.875642082522616105e-01
1.544063581990318956e-01
1.544063581990318956e-01
4.034147566990452238e-02
4.034147566990452238e-02
1.462505299364913192e-01
1.462505299364913192e-01
1.323402914861943891e-01
1.323402914861943891e-01
5.196221671103696919e-03
5.196221671103696919e-03
9.903854716936111302e-03
9.903854716936111302e-03
9.790953342667425841e-02
9.790953342667425841e-02
1.114023581526376488e-05
1.114023581526376488e-05
2.890517071456496015e-02
2.890517071456496015e-02
2.462681605029403420e-01
2.462681605029403420e-01
6.705189387174423366e-02
6.705189387174423366e-02
6.273378456531135405e-02
6.273378456531135405e-02
9.169940163025294688e-02
9.169940163025294688e-02
8.441093488114261023e-02
8.441093488114261023e-02
1.730301086912137687e-01
1.730301086912137687e-01
1.357806611468296842e-01
1.357806611468296842e-01
1.199999999999999956e+00
1.199999999999999956e+00
3.923724097793404031e-01
3.923724097793404031e-01
1.582971377329268556e-02
1.582971377329268556e-02
3.557258873934223686e-01
3.557258873934223686e-01
5.930886852688085353e-01
5.930886852688085353e-01
5.062702694563112615e-01
5.062702694563112615e-01
