5.203941832074024942e-01
5.203941832074024942e-01
1.053608047559308203e-01
1.053608047559308203e-01
4.116644117667039339e-03
4.116644117667039339e-03
3.422523303275344930e-01
3.422523303275344930e-01
1.199999999999999956e+00
1.199999999999999956e+00
3.686951356656651413e-01
3.686951356656651413e-01
3.346176450906216959e-01
3.346176450906216959e-01
1.199999999999999956e+00
1.199999999999999956e+00
3.692972605800876051e-02
3.692972605800876051e-02
3.728359251204767522e-01
3.728359251204767522e-01
6.131074504976536943e-01
6.131074504976536943e-01
1.199999999999999956e+00
1.199999999999999956e+00
3.452285111917646199e-01
3.452285111917646199e-01
5.556673790994590689e-01
5.556673790994590689e-01
4.009599084591780604e-01
4.009599084591780604e-01
2.432806837461876787e-03
2.432806837461876787e-03
1.697579400491561197e-01
1.697579400491561197e-01
1.199999999999999956e+00
1.199999999999999956e+00
3.744693013392424441e-01
3.744693013392424441e-01
9.796429097434469213e-01
9.796429097434469213e-01
1.199999999999999956e+00
1.199999999999999956e+00
5.218068279937499998e-01
5.218068279937499998e-01
6.510894885753309991e-02
6.510894885753309991e-02
3.460094009409307447e-01
3.460094009409307447e-01
1.199999999999999956e+00
1.199999999999999956e+00
1.405758975700618363e-01
1.405758975700618363e-01
9.987715338673302384e-03
9.987715338673302384e-03
2.840613655143290894e-01
2.840613655143290894e-01
1.102897506605183153e+00
1.102897506605183153e+00
4.667567397975328491e-01
4.667567397975328491e-01
3.611774740427498021e-01
3.611774740427498021e-01
7.314318639709300740e-01
7.314318639709300740e-01
1.199999999999999956e+00
1.199999999999999956e+00
3.579379755472868463e-01
3.579379755472868463e-01
9.659159298602071342e-02
9.659159298602071342e-02
8.575195162810766991e-02
8.575195162810766991e-02
2.571870886719694604e-02
2.571870886719694604e-02
1.199999999999999956e+00
1.199999999999999956e+00
2.825897291404623757e-01
2.825897291404623757e-01
2.871264765293764509e-01
2.871264765293764509e-01
1.199999999999999956e+00
1.199999999999999956e+00
5.864897870515907163e-01
5.864897870515907163e-01
4.297028065114942841e-01
4.297028065114942841e-01
4.520534217869279781e-01
4.520534217869279781e-01
1.552389943318730203e-01
1.552389943318730203e-01
2.191071990488738797e-01
2.191071990488738797e-01
1.129209667302212144e-01
1.129209667302212144e-01
4.092449251384335795e-01
4.092449251384335795e-01
8.145682971167774733e-01
8.145682971167774733e-01
1.199999999999999956e+00
1.199999999999999956e+00
4.666994541450616985e-01
4.666994541450616985e-01
7.730157605520171504e-01
7.730157605520171504e-01
3.020121168029543113e-01
3.020121168029543113e-01
4.505330301473797205e-01
4.505330301473797205e-01
1.199999999999999956e+00
1.199999999999999956e+00
5.607148899948769527e-01
5.607148899948769527e-01
2.266872163351747460e-01
2.266872163351747460e-01
1.199999999999999956e+00
1.199999999999999956e+00
1.671022681872140758e-01
1.671022681872140758e-01
4.560375528068466022e-01
4.560375528068466022e-01
5.567934662176483862e-02
5.567934662176483862e-02
3.463985934346923701e-01
3.463985934346923701e-01
1.852471292972341921e-01
1.852471292972341921e-01
3.726413088791689088e-01
3.726413088791689088e-01
1.735077400652542401e-01
1.735077400652542401e-01
4.934132112932730907e-01
4.934132112932730907e-01
1.199999999999999956e+00
1.199999999999999956e+00
3.627065483535806267e-01
3.627065483535806267e-01
3.281076225753219444e-01
3.281076225753219444e-01
6.179995123474801844e-01
6.179995123474801844e-01
3.511996109257599086e-01
3.511996109257599086e-01
7.453080995647578533e-01
7.453080995647578533e-01
1.446696199490610929e-02
1.446696199490610929e-02
1.199999999999999956e+00
1.199999999999999956e+00
3.988020463118259751e-01
3.988020463118259751e-01
1.375385498909926230e-01
1.375385498909926230e-01
1.048327951948106601e-01
1.048327951948106601e-01
1.199999999999999956e+00
1.199999999999999956e+00
1.199999999999999956e+00
1.199999999999999956e+00
8.615947109932167725e-02
8.615947109932167725e-02
2.060554124828123668e-01
2.060554124828123668e-01
2.397405249187828380e-01
2.397405249187828380e-01
4.069717425271163203e-01
4.069717425271163203e-01
1.172680476496362340e-01
1.172680476496362340e-01
1.235226741593539908e-02
1.235226741593539908e-02
1.199999999999999956e+00
1.199999999999999956e+00
1.199999999999999956e+00
1.199999999999999956e+00
1.480352079404513022e-01
1.480352079404513022e-01
1.139398659512248363e-01
1.139398659512248363e-01
2.587893621945664639e-03
2.587893621945664639e-03
3.371578453043413970e-01
3.371578453043413970e-01
5.334003060063731150e-01
5.334003060063731150e-01
7.599920181757852111e-01
7.599920181757852111e-01
1.199999999999999956e+00
1.199999999999999956e+00
4.222072396972995079e-01
4.222072396972995079e-01
1.312573489149074513e-01
1.312573489149074513e-01
3.838619793335500303e-03
3.838619793335500303e-03
2.017739986571864819e-01
2.017739986571864819e-01
1.199999999999999956e+00
1.199999999999999956e+00
1.199999999999999956e+00
1.199999999999999956e+00
6.883933098786478855e-01
6.883933098786478855e-01
1.199999999999999956e+00
1.199999999999999956e+00
7.762494407242536143e-01
7.762494407242536143e-01
1.199999999999999956e+00
1.199999999999999956e+00
1.199999999999999956e+00
1.199999999999999956e+00
6.984595227193070022e-01
6.984595227193070022e-01
1.199999999999999956e+00
1.199999999999999956e+00
1.199999999999999956e+00
1.199999999999999956e+00
1.621998076932065769e-01
1.621998076932065769e-01
1.199999999999999956e+00
1.199999999999999956e+00
9.557092925759435031e-01
9.557092925759435031e-01
1.199999999999999956e+00
1.199999999999999956e+00
1.199999999999999956e+00
1.199999999999999956e+00
4.336676977897947483e-01
4.336676977897947483e-01
1.122227127085994036e-01
1.122227127085994036e-01
4.224628579054674482e-01
4.224628579054674482e-01
7.467362245227616713e-01
7.467362245227616713e-01
1.636769932084814472e-01
1.636769932084814472e-01
1.199999999999999956e+00
1.199999999999999956e+00
4.792654143595393434e-01
4.792654143595393434e-01
5.532623829249866398e-02
5.532623829249866398e-02
6.237654171785822488e-01
6.237654171785822488e-01
1.105800903667764762e-01
1.105800903667764762e-01
1.199999999999999956e+00
1.199999999999999956e+00
1.538451092520265739e-01
1.538451092520265739e-01
3.746094070560016531e-01
3.746094070560016531e-01
3.613805831144003555e-01
3.613805831144003555e-01
1.567211698395878927e-01
1.567211698395878927e-01
5.687793946703948444e-01
5.687793946703948444e-01
1.168534524594373042e-01
1.168534524594373042e-01
7.812894290534157238e-02
7.812894290534157238e-02
1.199999999999999956e+00
1.199999999999999956e+00
4.745909709492401873e-01
4.745909709492401873e-01
1.232435704497568119e-01
1.232435704497568119e-01
3.732690124936473008e-01
3.732690124936473008e-01
9.617864507483959713e-01
9.617864507483959713e-01
3.015112040257866832e-01
3.015112040257866832e-01
2.133569983663445857e-01
2.133569983663445857e-01
4.715519370123599785e-01
4.715519370123599785e-01
1.199999999999999956e+00
1.199999999999999956e+00
4.412728671723736840e-02
4.412728671723736840e-02
1.080860711088682119e-01
1.080860711088682119e-01
3.628917036945739638e-01
3.628917036945739638e-01
2.675860112281902570e-01
2.675860112281902570e-01
1.199999999999999956e+00
1.199999999999999956e+00
3.104551321419827814e-01
3.104551321419827814e-01
1.294476285566520113e-01
1.294476285566520113e-01
1.375859095180791136e-01
1.375859095180791136e-01
9.164981523741121405e-01
9.164981523741121405e-01
9.856677799857956057e-02
9.856677799857956057e-02
4.764049002285885570e-01
4.764049002285885570e-01
5.441903030250397344e-03
5.441903030250397344e-03
5.206495842016238829e-01
5.206495842016238829e-01
9.805515482863425003e-02
9.805515482863425003e-02
2.211394387804736239e-01
2.211394387804736239e-01
6.402169296685730759e-02
6.402169296685730759e-02
4.084467778981232811e-01
4.084467778981232811e-01
9.600424046858672955e-03
9.600424046858672955e-03
6.276109790929139676e-01
6.276109790929139676e-01
1.268704882809819912e-01
1.268704882809819912e-01
1.199999999999999956e+00
1.199999999999999956e+00
3.230009312912152653e-01
3.230009312912152653e-01
5.241282416788085596e-01
5.241282416788085596e-01
2.575762949296812043e-01
2.575762949296812043e-01
7.355625177918495572e-01
7.355625177918495572e-01
1.006499260873833901e+00
1.006499260873833901e+00
1.199999999999999956e+00
1.199999999999999956e+00
7.280060722213648194e-01
7.280060722213648194e-01
1.199999999999999956e+00
1.199999999999999956e+00
9.121263635640981526e-01
9.121263635640981526e-01
3.150394539913581871e-01
3.150394539913581871e-01
3.052354651945135000e-01
3.052354651945135000e-01
2.425896081606205082e-02
2.425896081606205082e-02
3.341585091331375490e-01
3.341585091331375490e-01
1.198782006537003064e-01
1.198782006537003064e-01
1.197038362534040279e-01
1.197038362534040279e-01
1.358032472808310409e-01
1.358032472808310409e-01
1.199999999999999956e+00
1.199999999999999956e+00
8.534667157792648062e-01
8.534667157792648062e-01
2.699833921149150801e-02
2.699833921149150801e-02
1.899970781892156291e-01
1.899970781892156291e-01
9.192006867060371622e-01
9.192006867060371622e-01
8.894454176416083380e-02
8.894454176416083380e-02
1.873821868745445818e-01
1.873821868745445818e-01
2.622891099053126923e-02
2.622891099053126923e-02
4.650544319909595825e-01
4.650544319909595825e-01
8.583161689652298865e-01
8.583161689652298865e-01
3.219387470762314352e-01
3.219387470762314352e-01
3.356491689830497505e-01
3.356491689830497505e-01
1.914397449771573223e-01
1.914397449771573223e-01
1.199999999999999956e+00
1.199999999999999956e+00
1.199999999999999956e+00
1.199999999999999956e+00
4.723694214732722663e-01
4.723694214732722663e-01
1.966361963044021832e-01
1.966361963044021832e-01
1.199999999999999956e+00
1.199999999999999956e+00
3.843769343648333892e-01
3.843769343648333892e-01
4.714420555670811308e-01
4.714420555670811308e-01
8.237696387988138191e-01
8.237696387988138191e-01
1.199999999999999956e+00
1.199999999999999956e+00
8.492995764025161876e-01
8.492995764025161876e-01
7.823049236635397641e-01
7.823049236635397641e-01
2.941144318536639823e-02
2.941144318536639823e-02
2.048635700387588798e-01
2.048635700387588798e-01
7.828283167838711032e-01
7.828283167838711032e-01
1.363769303813388845e-01
1.363769303813388845e-01
1.199999999999999956e+00
1.199999999999999956e+00
1.309047713325409479e+00
1.309047713325409479e+00
7.238771281397742008e-02
7.238771281397742008e-02
6.722869942190505543e-02
6.722869942190505543e-02
1.199999999999999956e+00
1.199999999999999956e+00
8.512103727037978462e-01
8.512103727037978462e-01
1.199999999999999956e+00
1.199999999999999956e+00
1.030804348929098210e-02
1.030804348929098210e-02
1.445802419683998863e-01
1.445802419683998863e-01
1.648614325983907003e-01
1.648614325983907003e-01
2.517473590110512749e-01
2.517473590110512749e-01
5.522138903751497296e-02
5.522138903751497296e-02
8.745949968407098485e-01
8.745949968407098485e-01
8.954055356688180034e-02
8.954055356688180034e-02
6.789227757295646093e-01
6.789227757295646093e-01
1.199999999999999956e+00
1.199999999999999956e+00
2.152738560290132774e-01
2.152738560290132774e-01
1.219527239242766514e+00
1.219527239242766514e+00
6.715458836781953433e-01
6.715458836781953433e-01
1.199999999999999956e+00
1.199999999999999956e+00
1.199999999999999956e+00
1.199999999999999956e+00
1.199999999999999956e+00
1.199999999999999956e+00
2.408515807694186217e-01
2.408515807694186217e-01
3.662951432567013721e-01
3.662951432567013721e-01
1.199999999999999956e+00
1.199999999999999956e+00
7.253326399944440839e-01
7.253326399944440839e-01
6.841555449534718336e-02
6.841555449534718336e-02
5.223524910717213254e-01
5.223524910717213254e-01
7.863792364797612677e-01
7.863792364797612677e-01
1.598928789657769189e-01
1.598928789657769189e-01
9.768743223052295255e-02
9.768743223052295255e-02
2.739081173928171187e-01
2.739081173928171187e-01
1.743607862125604591e-01
1.743607862125604591e-01
1.199999999999999956e+00
1.199999999999999956e+00
3.306604073851635572e-01
3.306604073851635572e-01
1.199999999999999956e+00
1.199999999999999956e+00
2.722482512270507637e-01
2.722482512270507637e-01
1.199999999999999956e+00
1.199999999999999956e+00
2.534910101437767849e-01
2.534910101437767849e-01
7.406462705426513082e-01
7.406462705426513082e-01
2.241321906412455933e-01
2.241321906412455933e-01
5.692421207576441738e-02
5.692421207576441738e-02
2.771599321729383836e-01
2.771599321729383836e-01
1.199999999999999956e+00
1.199999999999999956e+00
4.400972133197782882e-02
4.400972133197782882e-02
3.347104294498587929e-01
3.347104294498587929e-01
2.133530916633893243e-02
2.133530916633893243e-02
3.709825124498810633e-01
3.709825124498810633e-01
2.835987089744558265e-01
2.835987089744558265e-01
5.961172622624727468e-01
5.961172622624727468e-01
3.728731856731428151e-01
3.728731856731428151e-01
1.752060651361837529e-01
1.752060651361837529e-01
1.199999999999999956e+00
1.199999999999999956e+00
1.887291872880735299e-01
1.887291872880735299e-01
5.658245451619628996e-01
5.658245451619628996e-01
4.717798726707668755e-01
4.717798726707668755e-01
2.066705558869588732e-01
2.066705558869588732e-01
1.199999999999999956e+00
1.199999999999999956e+00
4.796338618063432091e-01
4.796338618063432091e-01
2.925534887336689316e-01
2.925534887336689316e-01
1.194857072235020745e-01
1.194857072235020745e-01
2.878618336194060379e-01
2.878618336194060379e-01
7.984321105158741494e-01
7.984321105158741494e-01
3.753557164908589983e-02
3.753557164908589983e-02
2.613074234248222161e-01
2.613074234248222161e-01
7.643186482559783945e-01
7.643186482559783945e-01
3.277006989484136934e-01
3.277006989484136934e-01
3.578840310052537887e-01
3.578840310052537887e-01
3.551582621926003824e-01
3.551582621926003824e-01
4.624561017563962873e-01
4.624561017563962873e-01
2.280972652956549801e-02
2.280972652956549801e-02
1.199999999999999956e+00
1.199999999999999956e+00
1.180770101642383968e-01
1.180770101642383968e-01
4.427012922087559810e-01
4.427012922087559810e-01
1.199999999999999956e+00
1.199999999999999956e+00
5.467820132531663740e-02
5.467820132531663740e-02
2.144883482048625112e-01
2.144883482048625112e-01
1.199999999999999956e+00
1.199999999999999956e+00
4.438372163951163213e-02
4.438372163951163213e-02
2.105111701544501723e-01
2.105111701544501723e-01
4.518101501070031500e-01
4.518101501070031500e-01
8.612230105413162806e-03
8.612230105413162806e-03
1.199999999999999956e+00
1.199999999999999956e+00
1.946495056714929450e-01
1.946495056714929450e-01
5.334615221559414477e-01
5.334615221559414477e-01
1.199999999999999956e+00
1.199999999999999956e+00
3.636613118560913516e-01
3.636613118560913516e-01
1.530188809783005477e-01
1.530188809783005477e-01
1.507893078987635471e-01
1.507893078987635471e-01
1.199999999999999956e+00
1.199999999999999956e+00
2.705940417697225153e-01
2.705940417697225153e-01
1.199999999999999956e+00
1.199999999999999956e+00
1.527004208602492641e-01
1.527004208602492641e-01
1.510542794564418952e-03
1.510542794564418952e-03
3.085826376490385936e-01
3.085826376490385936e-01
1.527644351215053931e-01
1.527644351215053931e-01
9.010440402794880552e-03
9.010440402794880552e-03
2.684280677410794819e-03
2.684280677410794819e-03
1.805913947191036262e-01
1.805913947191036262e-01
1.616163077906997980e-01
1.616163077906997980e-01
1.199999999999999956e+00
1.199999999999999956e+00
1.736312807817087522e-01
1.736312807817087522e-01
6.743112154260109958e-02
6.743112154260109958e-02
1.199999999999999956e+00
1.199999999999999956e+00
1.085418834432481661e-01
1.085418834432481661e-01
1.199999999999999956e+00
1.199999999999999956e+00
5.824243856644381601e-02
5.824243856644381601e-02
1.199999999999999956e+00
1.199999999999999956e+00
2.830996128073332702e-02
2.830996128073332702e-02
1.050965488089227851e+00
1.050965488089227851e+00
7.375994575094058092e-02
7.375994575094058092e-02
1.199999999999999956e+00
1.199999999999999956e+00
6.194106322059564351e-02
6.194106322059564351e-02
2.023182885898662242e-01
2.023182885898662242e-01
1.199999999999999956e+00
1.199999999999999956e+00
1.986768961512657139e-01
1.986768961512657139e-01
2.169459168435578234e-01
2.169459168435578234e-01
9.216114261213068648e-01
9.216114261213068648e-01
1.199999999999999956e+00
1.199999999999999956e+00
6.207824740254137552e-01
6.207824740254137552e-01
4.670189443751855407e-01
4.670189443751855407e-01
5.903626260912674638e-03
5.903626260912674638e-03
1.199999999999999956e+00
1.199999999999999956e+00
3.770462997446479697e-02
3.770462997446479697e-02
8.013276434504627843e-02
8.013276434504627843e-02
4.887145343278964660e-01
4.887145343278964660e-01
2.380393443028065714e-02
2.380393443028065714e-02
2.111223308801160603e-01
2.111223308801160603e-01
1.276671187049134015e-01
1.276671187049134015e-01
3.017716947969111274e-01
3.017716947969111274e-01
1.026231738817410533e-01
1.026231738817410533e-01
7.540710034575642817e-02
7.540710034575642817e-02
1.256679834868494883e-01
1.256679834868494883e-01
5.594998718010916194e-01
5.594998718010916194e-01
5.124402193941698380e-01
5.124402193941698380e-01
3.306564576557689122e-02
3.306564576557689122e-02
4.709058157470963346e-01
4.709058157470963346e-01
1.199999999999999956e+00
1.199999999999999956e+00
1.349041939925015310e-01
1.349041939925015310e-01
3.392678832921321996e-01
3.392678832921321996e-01
4.240838540572050563e-01
4.240838540572050563e-01
1.188119793932687351e-01
1.188119793932687351e-01
3.670080934104623105e-01
3.670080934104623105e-01
1.724343450202000527e-01
1.724343450202000527e-01
5.297856757593604610e-02
5.297856757593604610e-02
7.586115843346561416e-01
7.586115843346561416e-01
1.254998455348917408e-01
1.254998455348917408e-01
4.152040131175505078e-01
4.152040131175505078e-01
3.402665396981006118e-01
3.402665396981006118e-01
1.199999999999999956e+00
1.199999999999999956e+00
5.776023211881013975e-01
5.776023211881013975e-01
8.934873006660540296e-02
8.934873006660540296e-02
4.388956127957723274e-01
4.388956127957723274e-01
1.199999999999999956e+00
1.199999999999999956e+00
1.199999999999999956e+00
1.199999999999999956e+00
4.018052636202076311e-01
4.018052636202076311e-01
2.336211115850043984e-01
2.336211115850043984e-01
2.566783563661387824e-01
2.566783563661387824e-01
3.287415254229721917e-01
3.287415254229721917e-01
1.610869648111012409e-01
1.610869648111012409e-01
1.199999999999999956e+00
1.199999999999999956e+00
5.317161348897989637e-01
5.317161348897989637e-01
2.151576739627506507e-01
2.151576739627506507e-01
5.266457409717239385e-02
5.266457409717239385e-02
5.008368994108544081e-01
5.008368994108544081e-01
1.340939429291654050e-01
1.340939429291654050e-01
1.577410930031250200e-02
1.577410930031250200e-02
4.704832562649494676e-01
4.704832562649494676e-01
6.390700601386530844e-01
6.390700601386530844e-01
2.974811836551882194e-01
2.974811836551882194e-01
3.235663633732216993e-01
3.235663633732216993e-01
1.199999999999999956e+00
1.199999999999999956e+00
2.292974192525562283e-01
2.292974192525562283e-01
4.230578686299302921e-02
4.230578686299302921e-02
4.691148373763009971e-01
4.691148373763009971e-01
1.312977229935158863e-01
1.312977229935158863e-01
2.336763415691198720e-01
2.336763415691198720e-01
5.473749018074285377e-01
5.473749018074285377e-01
4.505079413319793002e-01
4.505079413319793002e-01
5.725135004243274706e-01
5.725135004243274706e-01
1.199999999999999956e+00
1.199999999999999956e+00
1.763635986843260436e-02
1.763635986843260436e-02
3.734748230167739269e-01
3.734748230167739269e-01
5.013348733291908554e-02
5.013348733291908554e-02
5.689400572495559860e-01
5.689400572495559860e-01
1.841800979443867503e-01
1.841800979443867503e-01
2.508633378649341439e-01
2.508633378649341439e-01
3.835322216802370954e-01
3.835322216802370954e-01
4.217120301095369506e-01
4.217120301095369506e-01
1.199999999999999956e+00
1.199999999999999956e+00
9.172084291392013089e-01
9.172084291392013089e-01
3.734696746128003952e-01
3.734696746128003952e-01
1.917814388484940374e-02
1.917814388484940374e-02
3.012199283345295409e-01
3.012199283345295409e-01
1.144248077103065947e-01
1.144248077103065947e-01
7.415749643590423268e-02
7.415749643590423268e-02
5.199540633384261978e-01
5.199540633384261978e-01
2.699884287382368631e-01
2.699884287382368631e-01
1.199999999999999956e+00
1.199999999999999956e+00
4.725209515369500624e-01
4.725209515369500624e-01
2.266462103442785370e-01
2.266462103442785370e-01
2.017862823782580195e-01
2.017862823782580195e-01
9.024360637878076075e-02
9.024360637878076075e-02
1.218833459804318786e-01
1.218833459804318786e-01
1.063935109632048875e-01
1.063935109632048875e-01
8.647428710840364408e-02
8.647428710840364408e-02
1.199999999999999956e+00
1.199999999999999956e+00
5.610918867473328048e-02
5.610918867473328048e-02
3.323048229241741258e-01
3.323048229241741258e-01
1.210369339228642566e-01
1.210369339228642566e-01
1.008614364424429199e+00
1.008614364424429199e+00
3.999963995848896392e-01
3.999963995848896392e-01
3.012619434939479146e-01
3.012619434939479146e-01
4.348510212259755758e-01
4.348510212259755758e-01
1.199999999999999956e+00
1.199999999999999956e+00
3.871391280663937229e-01
3.871391280663937229e-01
5.089096485885616361e-02
5.089096485885616361e-02
1.199999999999999956e+00
1.199999999999999956e+00
1.199999999999999956e+00
1.199999999999999956e+00
1.199999999999999956e+00
1.199999999999999956e+00
4.600326863170558500e-01
4.600326863170558500e-01
1.199999999999999956e+00
1.199999999999999956e+00
5.133379739023066213e-01
5.133379739023066213e-01
4.993527736751632862e-01
4.993527736751632862e-01
1.180296581728767225e-01
1.180296581728767225e-01
1.561442752720935134e-01
1.561442752720935134e-01
7.466622643383021840e-01
7.466622643383021840e-01
3.200215763482925357e-01
3.200215763482925357e-01
8.153094499071142365e-02
8.153094499071142365e-02
1.199999999999999956e+00
1.199999999999999956e+00
8.252788834373128157e-01
8.252788834373128157e-01
5.240508571223619905e-01
5.240508571223619905e-01
3.493800482379849637e-01
3.493800482379849637e-01
1.776425423526759029e-01
1.776425423526759029e-01
5.350622774260990200e-01
5.350622774260990200e-01
5.645131913483857344e-01
5.645131913483857344e-01
1.199999999999999956e+00
1.199999999999999956e+00
1.390300872405030308e-01
1.390300872405030308e-01
1.199999999999999956e+00
1.199999999999999956e+00
3.424597216826403279e-01
3.424597216826403279e-01
3.193388682883359642e-01
3.193388682883359642e-01
1.199999999999999956e+00
1.199999999999999956e+00
2.476069409426813195e-01
2.476069409426813195e-01
2.330746098860471127e-01
2.330746098860471127e-01
4.684268370404332527e-01
4.684268370404332527e-01
2.499090845155393648e-01
2.499090845155393648e-01
2.591666585450073668e-01
2.591666585450073668e-01
3.325571929651348069e-01
3.325571929651348069e-01
4.241898612719677830e-01
4.241898612719677830e-01
1.914020835342941929e-01
1.914020835342941929e-01
1.199999999999999956e+00
1.199999999999999956e+00
1.199999999999999956e+00
1.199999999999999956e+00
1.694425357928240894e-01
1.694425357928240894e-01
4.168190692029230537e-01
4.168190692029230537e-01
8.963639101015127841e-02
8.963639101015127841e-02
1.260605892067563072e-01
1.260605892067563072e-01
1.199999999999999956e+00
1.199999999999999956e+00
8.084296816702454258e-01
8.084296816702454258e-01
5.590485086743400833e-01
5.590485086743400833e-01
4.051904471380374240e-01
4.051904471380374240e-01
2.446389700817322987e-01
2.446389700817322987e-01
2.297875204657641446e-01
2.297875204657641446e-01
1.199999999999999956e+00
1.199999999999999956e+00
7.035905781951674598e-01
7.035905781951674598e-01
1.199999999999999956e+00
1.199999999999999956e+00
2.138909233290286205e-01
2.138909233290286205e-01
1.199999999999999956e+00
1.199999999999999956e+00
1.199999999999999956e+00
1.199999999999999956e+00
2.477712112490173535e-01
2.477712112490173535e-01
7.379371230615094923e-02
7.379371230615094923e-02
7.407358333433960995e-02
7.407358333433960995e-02
1.302419501521622780e-01
1.302419501521622780e-01
1.199999999999999956e+00
1.199999999999999956e+00
1.079083571959716104e-01
1.079083571959716104e-01
2.191879638477665093e-01
2.191879638477665093e-01
3.215453819986663353e-02
3.215453819986663353e-02
3.384046811182248038e-01
3.384046811182248038e-01
1.866350243479870941e-01
1.866350243479870941e-01
2.310341411521954491e-01
2.310341411521954491e-01
1.199999999999999956e+00
1.199999999999999956e+00
1.199999999999999956e+00
1.199999999999999956e+00
5.659457690222779308e-02
5.659457690222779308e-02
2.716824248576072409e-01
2.716824248576072409e-01
8.374242314397421783e-02
8.374242314397421783e-02
4.975569740811041503e-02
4.975569740811041503e-02
1.199999999999999956e+00
1.199999999999999956e+00
4.034345178344714289e-01
4.034345178344714289e-01
5.645135185010671242e-01
5.645135185010671242e-01
5.035274047943730930e-02
5.035274047943730930e-02
1.178139286235015820e-01
1.178139286235015820e-01
1.199999999999999956e+00
1.199999999999999956e+00
7.174243914993692905e-02
7.174243914993692905e-02
1.199999999999999956e+00
1.199999999999999956e+00
7.905398572022310777e-01
7.905398572022310777e-01
1.199999999999999956e+00
1.199999999999999956e+00
1.122959584581876558e-01
1.122959584581876558e-01
3.851117661955654747e-01
3.851117661955654747e-01
4.435598230600936720e-01
4.435598230600936720e-01
3.107985505347437005e-01
3.107985505347437005e-01
9.132606113330060758e-04
9.132606113330060758e-04
1.012835337998324592e-01
1.012835337998324592e-01
4.331840171937946238e-01
4.331840171937946238e-01
8.429889197105610021e-01
8.429889197105610021e-01
4.349676612337017301e-01
4.349676612337017301e-01
5.374468621728566431e-01
5.374468621728566431e-01
3.851270528199435272e-01
3.851270528199435272e-01
2.973575612071387986e-01
2.973575612071387986e-01
6.899309403681527786e-02
6.899309403681527786e-02
5.593181267965078446e-02
5.593181267965078446e-02
1.235275061537362967e-01
1.235275061537362967e-01
1.199999999999999956e+00
1.199999999999999956e+00
3.762251736023823345e-01
3.762251736023823345e-01
4.002037186353566978e-01
4.002037186353566978e-01
1.199999999999999956e+00
1.199999999999999956e+00
1.309919420507104082e-01
1.309919420507104082e-01
6.651749211349390345e-01
6.651749211349390345e-01
2.129197269708708699e-03
2.129197269708708699e-03
1.471673675398634529e-01
1.471673675398634529e-01
6.724388192199454162e-02
6.724388192199454162e-02
4.382369338384447394e-02
4.382369338384447394e-02
3.934391583358812228e-01
3.934391583358812228e-01
6.508239478756407959e-01
6.508239478756407959e-01
3.468856471340098224e-01
3.468856471340098224e-01
1.199999999999999956e+00
1.199999999999999956e+00
2.931723335925383658e-02
2.931723335925383658e-02
5.377058754699523546e-02
5.377058754699523546e-02
1.967077932023830467e-01
1.967077932023830467e-01
2.494981918716521752e-01
2.494981918716521752e-01
2.300333590804035377e-01
2.300333590804035377e-01
1.181481055475022829e-01
1.181481055475022829e-01
1.199999999999999956e+00
1.199999999999999956e+00
1.199999999999999956e+00
1.199999999999999956e+00
4.824028511992834445e-01
4.824028511992834445e-01
1.199999999999999956e+00
1.199999999999999956e+00
1.662177883527056199e-01
1.662177883527056199e-01
1.199999999999999956e+00
1.199999999999999956e+00
1.871866114294747918e-01
1.871866114294747918e-01
8.830259048030169033e-01
8.830259048030169033e-01
3.219042642773545237e-01
3.219042642773545237e-01
3.926194999813882314e-01
3.926194999813882314e-01
1.149341997875362176e-01
1.149341997875362176e-01
4.552553790532223310e-01
4.552553790532223310e-01
1.334128111571406539e-01
1.334128111571406539e-01
2.068878171107558367e-02
2.068878171107558367e-02
1.199999999999999956e+00
1.199999999999999956e+00
1.547379041328935667e-01
1.547379041328935667e-01
8.463946958199934645e-02
8.463946958199934645e-02
3.320198169527118770e-01
3.320198169527118770e-01
8.336663392272147810e-01
8.336663392272147810e-01
1.137414169347090720e-01
1.137414169347090720e-01
6.761141588021363225e-01
6.761141588021363225e-01
7.148319439986959845e-01
7.148319439986959845e-01
1.199999999999999956e+00
1.199999999999999956e+00
7.760832444135050412e-02
7.760832444135050412e-02
8.720888096645418308e-01
8.720888096645418308e-01
4.714107255038507138e-01
4.714107255038507138e-01
1.840300644571331024e-01
1.840300644571331024e-01
4.245092765513241995e-02
4.245092765513241995e-02
5.604551560472789129e-01
5.604551560472789129e-01
1.199999999999999956e+00
1.199999999999999956e+00
1.219468952895948199e-01
1.219468952895948199e-01
6.559528929720771090e-03
6.559528929720771090e-03
1.199999999999999956e+00
1.199999999999999956e+00
1.274814827699967956e-01
1.274814827699967956e-01
1.199999999999999956e+00
1.199999999999999956e+00
1.791058105012923729e-01
1.791058105012923729e-01
3.618626797036348375e-01
3.618626797036348375e-01
3.204644907320376990e-01
3.204644907320376990e-01
3.346824661279397817e-01
3.346824661279397817e-01
3.372343551699091835e-01
3.372343551699091835e-01
3.709222289297338104e-01
3.709222289297338104e-01
1.636685876528334860e-01
1.636685876528334860e-01
2.349593743293299508e-01
2.349593743293299508e-01
1.193562699325824428e-01
1.193562699325824428e-01
3.682188858202283671e-02
3.682188858202283671e-02
1.199999999999999956e+00
1.199999999999999956e+00
1.981168709282759288e-01
1.981168709282759288e-01
4.322675209986723277e-02
4.322675209986723277e-02
6.382341175400569888e-01
6.382341175400569888e-01
1.199999999999999956e+00
1.199999999999999956e+00
1.199999999999999956e+00
1.199999999999999956e+00
1.199999999999999956e+00
1.199999999999999956e+00
1.044285255521179350e-03
1.044285255521179350e-03
5.665554620623501902e-01
5.665554620623501902e-01
1.565464787397932434e-01
1.565464787397932434e-01
1.786567508389315939e-01
1.786567508389315939e-01
2.949854107911455484e-02
2.949854107911455484e-02
1.299550260698883325e-02
1.299550260698883325e-02
4.552606961898915117e-01
4.552606961898915117e-01
6.089534903326705439e-01
6.089534903326705439e-01
4.382758445823340954e-01
4.382758445823340954e-01
7.006084581220434204e-01
7.006084581220434204e-01
2.149548323578546472e-01
2.149548323578546472e-01
2.494349225969179074e-01
2.494349225969179074e-01
4.293654473413711092e-01
4.293654473413711092e-01
2.883324547719327002e-01
2.883324547719327002e-01
1.046459517371708392e-01
1.046459517371708392e-01
3.488615707082304840e-01
3.488615707082304840e-01
2.135039339534841596e-01
2.135039339534841596e-01
1.199999999999999956e+00
1.199999999999999956e+00
3.865421581489130731e-01
3.865421581489130731e-01
1.116293727559270199e-01
1.116293727559270199e-01
9.925404706406679156e-02
9.925404706406679156e-02
1.843147245837124457e-02
1.843147245837124457e-02
7.039411234300153863e-02
7.039411234300153863e-02
3.606135210858529838e-01
3.606135210858529838e-01
1.199999999999999956e+00
1.199999999999999956e+00
5.792709589637138334e-01
5.792709589637138334e-01
1.199999999999999956e+00
1.199999999999999956e+00
1.295346214366241699e-01
1.295346214366241699e-01
1.233919829871331919e-01
1.233919829871331919e-01
6.105534577387762285e-01
6.105534577387762285e-01
1.199999999999999956e+00
1.199999999999999956e+00
2.225001740749863177e-01
2.225001740749863177e-01
1.199999999999999956e+00
1.199999999999999956e+00
4.981276997406516305e-01
4.981276997406516305e-01
1.199999999999999956e+00
1.199999999999999956e+00
2.859253522614959020e-01
2.859253522614959020e-01
1.747967862156172281e-01
1.747967862156172281e-01
1.199999999999999956e+00
1.199999999999999956e+00
1.007015788151735675e-01
1.007015788151735675e-01
6.035504563636483466e-01
6.035504563636483466e-01
8.594464621937659976e-02
8.594464621937659976e-02
1.199999999999999956e+00
1.199999999999999956e+00
2.184789745997606780e-01
2.184789745997606780e-01
5.121339121954363582e-01
5.121339121954363582e-01
1.033986449180423900e-01
1.033986449180423900e-01
9.987549341706540573e-02
9.987549341706540573e-02
7.459678436030024729e-02
7.459678436030024729e-02
7.780381415817503102e-03
7.780381415817503102e-03
4.161486913092054402e-02
4.161486913092054402e-02
4.253503119285981238e-02
4.253503119285981238e-02
1.199999999999999956e+00
1.199999999999999956e+00
1.684067084571782280e-01
1.684067084571782280e-01
5.029208250626145960e-01
5.029208250626145960e-01
2.303507493893416636e-01
2.303507493893416636e-01
2.430312430627598053e-01
2.430312430627598053e-01
5.603100434007832753e-01
5.603100434007832753e-01
1.732333111178628940e-02
1.732333111178628940e-02
1.199999999999999956e+00
1.199999999999999956e+00
6.323884283539692452e-01
6.323884283539692452e-01
6.393148678481482827e-01
6.393148678481482827e-01
2.637995776691876570e-01
2.637995776691876570e-01
6.744455830729317869e-01
6.744455830729317869e-01
3.293410531824911280e-01
3.293410531824911280e-01
1.550822557174805216e-01
1.550822557174805216e-01
9.611733630366150680e-03
9.611733630366150680e-03
1.880321594735545054e-01
1.880321594735545054e-01
3.932602025547512481e-01
3.932602025547512481e-01
1.587502238981944591e-01
1.587502238981944591e-01
1.199999999999999956e+00
1.199999999999999956e+00
9.700514856716598855e-01
9.700514856716598855e-01
1.199999999999999956e+00
1.199999999999999956e+00
2.369304731000023423e-01
2.369304731000023423e-01
3.106680397216591838e-01
3.106680397216591838e-01
3.132272707551964075e-01
3.132272707551964075e-01
5.835921926930301984e-01
5.835921926930301984e-01
1.024934904134917196e-01
1.024934904134917196e-01
8.561735771444506371e-02
8.561735771444506371e-02
1.536309948930664748e-01
1.536309948930664748e-01
1.199999999999999956e+00
1.199999999999999956e+00
4.561390375038750777e-01
4.561390375038750777e-01
3.160949741443437322e-01
3.160949741443437322e-01
4.299826064233376599e-02
4.299826064233376599e-02
1.199999999999999956e+00
1.199999999999999956e+00
9.038968929739316094e-02
9.038968929739316094e-02
2.385568318010489741e-01
2.385568318010489741e-01
5.634322103591594966e-02
5.634322103591594966e-02
4.778552085397563126e-02
4.778552085397563126e-02
2.507355280920762208e-01
2.507355280920762208e-01
5.091657168667129002e-02
5.091657168667129002e-02
4.905416320421587817e-02
4.905416320421587817e-02
2.778161659719628473e-01
2.778161659719628473e-01
5.893176206967316588e-01
5.893176206967316588e-01
2.800147802340208214e-01
2.800147802340208214e-01
2.230009072128063541e-01
2.230009072128063541e-01
2.036927281472835638e-01
2.036927281472835638e-01
1.255190493576472527e-02
1.255190493576472527e-02
3.957687119263629816e-01
3.957687119263629816e-01
1.302649875945272873e-01
1.302649875945272873e-01
6.884459312554507271e-01
6.884459312554507271e-01
3.770852747626186607e-01
3.770852747626186607e-01
2.865293211270958373e-01
2.865293211270958373e-01
7.721111334533722337e-01
7.721111334533722337e-01
3.956772854171732856e-01
3.956772854171732856e-01
6.840883197441928187e-01
6.840883197441928187e-01
2.917813891145649291e-02
2.917813891145649291e-02
1.267052375143688792e-01
1.267052375143688792e-01
3.291996971388611026e-02
3.291996971388611026e-02
7.019500330339797367e-01
7.019500330339797367e-01
1.047015969328103591e+00
1.047015969328103591e+00
1.199999999999999956e+00
1.199999999999999956e+00
2.269716583355735340e-01
2.269716583355735340e-01
4.195560744685110643e-01
4.195560744685110643e-01
1.199999999999999956e+00
1.199999999999999956e+00
4.349675068815493373e-01
4.349675068815493373e-01
6.177975785925816643e-01
6.177975785925816643e-01
1.184004483267352970e-01
1.184004483267352970e-01
1.199999999999999956e+00
1.199999999999999956e+00
4.206134019024904136e-01
4.206134019024904136e-01
1.199999999999999956e+00
1.199999999999999956e+00
1.199999999999999956e+00
1.199999999999999956e+00
