2.405685313876110565e-01
2.405685313876110565e-01
1.199999999999999956e+00
1.199999999999999956e+00
3.338155451146815889e-01
3.338155451146815889e-01
1.226996456871832716e-02
1.226996456871832716e-02
1.199999999999999956e+00
1.199999999999999956e+00
5.479367972438650147e-01
5.479367972438650147e-01
2.131208569589201629e-01
2.131208569589201629e-01
2.410029209661164462e-02
2.410029209661164462e-02
3.090273275689754406e-01
3.090273275689754406e-01
1.199999999999999956e+00
1.199999999999999956e+00
4.545834463837788997e-01
4.545834463837788997e-01
2.929503961121763811e-01
2.929503961121763811e-01
2.922546695654092974e-01
2.922546695654092974e-01
1.199999999999999956e+00
1.199999999999999956e+00
1.380449105920453778e-01
1.380449105920453778e-01
3.200358702894184337e-01
3.200358702894184337e-01
4.960845937906075420e-01
4.960845937906075420e-01
6.409465055802983091e-01
6.409465055802983091e-01
3.121261544790659981e-01
3.121261544790659981e-01
1.247323481557376379e+00
1.247323481557376379e+00
1.137729716884343899e-02
1.137729716884343899e-02
4.903864503785229090e-01
4.903864503785229090e-01
1.199999999999999956e+00
1.199999999999999956e+00
6.582740392631316606e-01
6.582740392631316606e-01
1.199999999999999956e+00
1.199999999999999956e+00
1.469020468706880855e-01
1.469020468706880855e-01
3.610224593735517629e-01
3.610224593735517629e-01
6.884348854435026754e-02
6.884348854435026754e-02
1.408949162972660540e-01
1.408949162972660540e-01
2.259175376768244314e-01
2.259175376768244314e-01
2.771182482470848085e-01
2.771182482470848085e-01
6.350003399232065915e-01
6.350003399232065915e-01
4.979062158933843241e-02
4.979062158933843241e-02
1.199999999999999956e+00
1.199999999999999956e+00
4.361940816581366676e-01
4.361940816581366676e-01
3.140787969726518414e-01
3.140787969726518414e-01
2.543140640695134014e-01
2.543140640695134014e-01
3.570004645521993036e-01
3.570004645521993036e-01
2.902600838581327891e-01
2.902600838581327891e-01
5.349296491381687613e-01
5.349296491381687613e-01
1.824878146574824833e-01
1.824878146574824833e-01
2.914310345387916001e-02
2.914310345387916001e-02
1.314121257378964847e-01
1.314121257378964847e-01
3.790091330823189275e-02
3.790091330823189275e-02
1.252254689603074234e-01
1.252254689603074234e-01
1.199999999999999956e+00
1.199999999999999956e+00
1.068405564983330724e-01
1.068405564983330724e-01
4.091012200365575224e-01
4.091012200365575224e-01
2.789823814009484426e-01
2.789823814009484426e-01
8.142227971181651425e-01
8.142227971181651425e-01
1.199999999999999956e+00
1.199999999999999956e+00
8.519906785652110737e-02
8.519906785652110737e-02
1.199999999999999956e+00
1.199999999999999956e+00
5.172118694109281156e-01
5.172118694109281156e-01
1.199999999999999956e+00
1.199999999999999956e+00
1.199999999999999956e+00
1.199999999999999956e+00
2.538982173877032400e-01
2.538982173877032400e-01
1.973628642216832541e-01
1.973628642216832541e-01
1.199999999999999956e+00
1.199999999999999956e+00
1.966953817407366134e-01
1.966953817407366134e-01
5.352304662312610262e-01
5.352304662312610262e-01
5.272412892723604694e-01
5.272412892723604694e-01
7.250007375436033907e-01
7.250007375436033907e-01
5.181244174928781865e-01
5.181244174928781865e-01
1.199999999999999956e+00
1.199999999999999956e+00
6.426461316142971780e-01
6.426461316142971780e-01
1.802479705003315891e-01
1.802479705003315891e-01
4.512604827940685515e-01
4.512604827940685515e-01
2.313716012418956525e-01
2.313716012418956525e-01
1.199999999999999956e+00
1.199999999999999956e+00
4.174674304059629026e-01
4.174674304059629026e-01
2.760709618802696386e-01
2.760709618802696386e-01
1.228076747683312375e-01
1.228076747683312375e-01
1.199999999999999956e+00
1.199999999999999956e+00
2.985241855663367527e-01
2.985241855663367527e-01
2.367408799212620263e-01
2.367408799212620263e-01
4.040250739422155402e-01
4.040250739422155402e-01
5.116482964511372133e-02
5.116482964511372133e-02
4.432005554500281774e-01
4.432005554500281774e-01
2.229535127376152115e-01
2.229535127376152115e-01
7.138159648472095498e-01
7.138159648472095498e-01
1.435812238423741505e-01
1.435812238423741505e-01
3.495228960124732165e-01
3.495228960124732165e-01
2.131469405070723910e-02
2.131469405070723910e-02
4.235282380300648981e-04
4.235282380300648981e-04
7.484100593748024832e-02
7.484100593748024832e-02
4.902084207233865613e-03
4.902084207233865613e-03
3.870171789472489632e-01
3.870171789472489632e-01
2.336846113592842278e-01
2.336846113592842278e-01
1.199999999999999956e+00
1.199999999999999956e+00
1.199999999999999956e+00
1.199999999999999956e+00
4.650046700012884782e-01
4.650046700012884782e-01
1.459321820627847710e-01
1.459321820627847710e-01
1.199999999999999956e+00
1.199999999999999956e+00
2.421743177430497329e-01
2.421743177430497329e-01
4.601948284070317974e-01
4.601948284070317974e-01
1.146514251138564533e-01
1.146514251138564533e-01
1.199999999999999956e+00
1.199999999999999956e+00
1.199999999999999956e+00
1.199999999999999956e+00
3.816667783366773925e-01
3.816667783366773925e-01
1.199999999999999956e+00
1.199999999999999956e+00
1.018946413026220688e+00
1.018946413026220688e+00
1.118755400725996441e-01
1.118755400725996441e-01
6.105795205106403500e-01
6.105795205106403500e-01
6.850111180433829938e-01
6.850111180433829938e-01
9.661980522612835520e-02
9.661980522612835520e-02
1.199999999999999956e+00
1.199999999999999956e+00
2.795490262346342347e-01
2.795490262346342347e-01
6.798063076035737451e-01
6.798063076035737451e-01
5.084173878813447178e-01
5.084173878813447178e-01
4.220191265593415952e-01
4.220191265593415952e-01
1.199999999999999956e+00
1.199999999999999956e+00
1.199999999999999956e+00
1.199999999999999956e+00
2.350712996486842288e-01
2.350712996486842288e-01
3.468159280722475923e-01
3.468159280722475923e-01
5.600268275106481397e-01
5.600268275106481397e-01
1.199999999999999956e+00
1.199999999999999956e+00
2.215839732801553608e-01
2.215839732801553608e-01
8.275215081628822800e-01
8.275215081628822800e-01
2.953368447828620402e-01
2.953368447828620402e-01
9.005698083108117091e-02
9.005698083108117091e-02
1.199999999999999956e+00
1.199999999999999956e+00
1.081558530307878824e-01
1.081558530307878824e-01
1.199999999999999956e+00
1.199999999999999956e+00
1.199999999999999956e+00
1.199999999999999956e+00
1.199999999999999956e+00
1.199999999999999956e+00
1.580581628070916733e-01
1.580581628070916733e-01
2.246092181412323030e-01
2.246092181412323030e-01
1.314749034387982865e-02
1.314749034387982865e-02
5.280246624870310601e-01
5.280246624870310601e-01
4.376585844462743125e-01
4.376585844462743125e-01
3.897086788317614264e-02
3.897086788317614264e-02
1.199999999999999956e+00
1.199999999999999956e+00
1.199999999999999956e+00
1.199999999999999956e+00
1.199999999999999956e+00
1.199999999999999956e+00
9.221052183422326909e-01
9.221052183422326909e-01
1.199999999999999956e+00
1.199999999999999956e+00
5.648391022295671249e-01
5.648391022295671249e-01
1.199999999999999956e+00
1.199999999999999956e+00
1.199999999999999956e+00
1.199999999999999956e+00
1.199999999999999956e+00
1.199999999999999956e+00
2.186291647686666451e-01
2.186291647686666451e-01
4.874667362733589582e-01
4.874667362733589582e-01
2.025793950898630846e-01
2.025793950898630846e-01
1.199999999999999956e+00
1.199999999999999956e+00
1.147177426871972584e-02
1.147177426871972584e-02
4.520086485367171003e-02
4.520086485367171003e-02
2.501636444374286117e-01
2.501636444374286117e-01
2.201408382955436227e-01
2.201408382955436227e-01
1.199999999999999956e+00
1.199999999999999956e+00
4.056999644835377478e-02
4.056999644835377478e-02
1.199999999999999956e+00
1.199999999999999956e+00
1.199999999999999956e+00
1.199999999999999956e+00
1.199999999999999956e+00
1.199999999999999956e+00
5.645066535743834685e-02
5.645066535743834685e-02
2.249137646628420750e-01
2.249137646628420750e-01
4.524308301548671252e-01
4.524308301548671252e-01
2.688951770952965337e-01
2.688951770952965337e-01
2.639623762293593079e-01
2.639623762293593079e-01
1.639314484880363340e-02
1.639314484880363340e-02
8.900371166841371251e-02
8.900371166841371251e-02
5.726118659929949062e-02
5.726118659929949062e-02
5.804763876356865415e-01
5.804763876356865415e-01
5.145954389452757349e-02
5.145954389452757349e-02
1.199999999999999956e+00
1.199999999999999956e+00
4.691976397025794943e-01
4.691976397025794943e-01
2.722934895852560100e-01
2.722934895852560100e-01
1.581155500744497455e-01
1.581155500744497455e-01
4.382986583633173838e-01
4.382986583633173838e-01
1.199999999999999956e+00
1.199999999999999956e+00
1.546790697714180984e-01
1.546790697714180984e-01
1.917584357049904320e-01
1.917584357049904320e-01
1.883803905881777097e-02
1.883803905881777097e-02
1.202725438934948293e-01
1.202725438934948293e-01
9.432954700739168419e-03
9.432954700739168419e-03
1.199999999999999956e+00
1.199999999999999956e+00
5.636106798728557354e-01
5.636106798728557354e-01
1.199999999999999956e+00
1.199999999999999956e+00
2.356461946157139831e-01
2.356461946157139831e-01
1.199999999999999956e+00
1.199999999999999956e+00
8.822412659786993405e-02
8.822412659786993405e-02
4.544202622678550907e-01
4.544202622678550907e-01
1.911133696246237745e-01
1.911133696246237745e-01
6.605652672880714116e-01
6.605652672880714116e-01
4.328200532010678114e-01
4.328200532010678114e-01
5.519276855759798137e-03
5.519276855759798137e-03
1.613978444259881739e-01
1.613978444259881739e-01
1.199999999999999956e+00
1.199999999999999956e+00
5.470161829774855544e-02
5.470161829774855544e-02
3.746454154233042760e-02
3.746454154233042760e-02
3.759435656612697407e-02
3.759435656612697407e-02
1.199999999999999956e+00
1.199999999999999956e+00
4.982456360348697655e-01
4.982456360348697655e-01
6.248212703811818480e-01
6.248212703811818480e-01
6.187786590469348535e-01
6.187786590469348535e-01
1.199999999999999956e+00
1.199999999999999956e+00
2.506492872101622194e-01
2.506492872101622194e-01
1.042247872832041677e-01
1.042247872832041677e-01
4.749663717739512347e-01
4.749663717739512347e-01
2.464361603164536840e-01
2.464361603164536840e-01
2.585809272368161382e-02
2.585809272368161382e-02
1.505670308552709002e-01
1.505670308552709002e-01
1.199999999999999956e+00
1.199999999999999956e+00
3.198270447008460526e-01
3.198270447008460526e-01
1.096569353981243361e-01
1.096569353981243361e-01
1.489933716883653780e-01
1.489933716883653780e-01
3.063629763191772493e-01
3.063629763191772493e-01
4.652652695028258734e-01
4.652652695028258734e-01
1.101790131342878926e-01
1.101790131342878926e-01
4.247428233438057532e-01
4.247428233438057532e-01
5.323685735811708453e-01
5.323685735811708453e-01
3.215627713479105587e-01
3.215627713479105587e-01
1.431225629353151119e-01
1.431225629353151119e-01
7.453320465828259245e-01
7.453320465828259245e-01
3.491690383172368350e-01
3.491690383172368350e-01
8.883901739285694765e-02
8.883901739285694765e-02
5.495517544824605333e-02
5.495517544824605333e-02
6.929989093622974661e-01
6.929989093622974661e-01
4.743453970731666414e-01
4.743453970731666414e-01
1.199999999999999956e+00
1.199999999999999956e+00
2.249403087547691971e-01
2.249403087547691971e-01
7.361106023457160141e-01
7.361106023457160141e-01
6.699304846075465614e-01
6.699304846075465614e-01
2.043202100218892078e-02
2.043202100218892078e-02
2.945907724793387361e-01
2.945907724793387361e-01
4.424995629715344214e-01
4.424995629715344214e-01
2.418496801950559272e-01
2.418496801950559272e-01
6.750619730580623146e-02
6.750619730580623146e-02
1.199999999999999956e+00
1.199999999999999956e+00
6.007282089087370158e-01
6.007282089087370158e-01
8.812444774150987592e-02
8.812444774150987592e-02
3.405993205886291286e-01
3.405993205886291286e-01
1.397532726355986687e-01
1.397532726355986687e-01
1.199999999999999956e+00
1.199999999999999956e+00
1.199999999999999956e+00
1.199999999999999956e+00
1.941098690251689407e-01
1.941098690251689407e-01
1.199999999999999956e+00
1.199999999999999956e+00
1.199999999999999956e+00
1.199999999999999956e+00
3.044121665531197146e-02
3.044121665531197146e-02
5.826431231815613204e-02
5.826431231815613204e-02
1.199999999999999956e+00
1.199999999999999956e+00
8.416903110508417996e-01
8.416903110508417996e-01
4.567574404299843960e-01
4.567574404299843960e-01
1.201010071768565529e-01
1.201010071768565529e-01
3.016815177438958440e-01
3.016815177438958440e-01
1.802020935262206303e-01
1.802020935262206303e-01
1.986440031772681580e-01
1.986440031772681580e-01
4.868615018885115164e-01
4.868615018885115164e-01
1.028991691350121668e-01
1.028991691350121668e-01
1.436961939131989330e-01
1.436961939131989330e-01
2.314402158414576027e-01
2.314402158414576027e-01
1.100144441190859142e-02
1.100144441190859142e-02
1.199999999999999956e+00
1.199999999999999956e+00
5.276126206292133247e-01
5.276126206292133247e-01
1.199999999999999956e+00
1.199999999999999956e+00
3.247536100066562570e-01
3.247536100066562570e-01
1.199999999999999956e+00
1.199999999999999956e+00
1.199999999999999956e+00
1.199999999999999956e+00
3.069776262642306408e-01
3.069776262642306408e-01
1.199999999999999956e+00
1.199999999999999956e+00
1.942864476682953367e-01
1.942864476682953367e-01
4.553115700305936375e-01
4.553115700305936375e-01
1.199999999999999956e+00
1.199999999999999956e+00
7.605971452921954645e-01
7.605971452921954645e-01
4.356034131266117715e-01
4.356034131266117715e-01
2.282129528749089475e-01
2.282129528749089475e-01
6.610983650630132269e-01
6.610983650630132269e-01
6.709883108123387840e-02
6.709883108123387840e-02
4.746807173973386362e-01
4.746807173973386362e-01
7.750912002291822089e-01
7.750912002291822089e-01
1.199999999999999956e+00
1.199999999999999956e+00
4.900335812053318030e-01
4.900335812053318030e-01
3.884138424062272832e-01
3.884138424062272832e-01
4.344149818885688075e-01
4.344149818885688075e-01
1.199999999999999956e+00
1.199999999999999956e+00
1.199999999999999956e+00
1.199999999999999956e+00
8.784936074814417165e-04
8.784936074814417165e-04
4.702209980577420345e-01
4.702209980577420345e-01
6.064422649844079111e-02
6.064422649844079111e-02
1.983396932934443080e-01
1.983396932934443080e-01
6.832264187525198817e-01
6.832264187525198817e-01
3.313084916501304877e-01
3.313084916501304877e-01
6.799546355615628812e-01
6.799546355615628812e-01
4.450432677285857119e-01
4.450432677285857119e-01
1.199999999999999956e+00
1.199999999999999956e+00
1.272443497338955343e-01
1.272443497338955343e-01
1.199999999999999956e+00
1.199999999999999956e+00
2.992918317510425211e-02
2.992918317510425211e-02
3.891365469230361196e-01
3.891365469230361196e-01
3.513067712588486269e-01
3.513067712588486269e-01
5.059535099384697698e-01
5.059535099384697698e-01
7.909099904597651776e-01
7.909099904597651776e-01
1.354472685316192304e-01
1.354472685316192304e-01
9.082998215284648902e-02
9.082998215284648902e-02
1.929573224158002628e-02
1.929573224158002628e-02
1.199999999999999956e+00
1.199999999999999956e+00
2.800727640928192264e-01
2.800727640928192264e-01
1.199999999999999956e+00
1.199999999999999956e+00
1.860000258751267621e-01
1.860000258751267621e-01
4.338569844164440470e-01
4.338569844164440470e-01
4.503157767321293026e-01
4.503157767321293026e-01
7.484533413081524422e-01
7.484533413081524422e-01
4.573314687152346680e-01
4.573314687152346680e-01
1.199999999999999956e+00
1.199999999999999956e+00
1.397119806149525467e-01
1.397119806149525467e-01
1.006512281336214842e-01
1.006512281336214842e-01
2.529033913726339566e-01
2.529033913726339566e-01
1.101685030521335346e-01
1.101685030521335346e-01
4.804659032700098198e-01
4.804659032700098198e-01
4.925611996695725137e-01
4.925611996695725137e-01
6.036468665456110605e-01
6.036468665456110605e-01
2.729624909042375758e-01
2.729624909042375758e-01
1.199999999999999956e+00
1.199999999999999956e+00
3.431631161157575605e-01
3.431631161157575605e-01
1.594961140309272829e-01
1.594961140309272829e-01
5.008966133860064396e-01
5.008966133860064396e-01
1.199999999999999956e+00
1.199999999999999956e+00
1.523925446734196165e-01
1.523925446734196165e-01
2.578143172039925601e-01
2.578143172039925601e-01
1.199999999999999956e+00
1.199999999999999956e+00
2.237847142286314428e-01
2.237847142286314428e-01
4.981225891782324888e-01
4.981225891782324888e-01
2.875092376307777919e-01
2.875092376307777919e-01
4.860924366649815309e-01
4.860924366649815309e-01
1.199999999999999956e+00
1.199999999999999956e+00
1.199999999999999956e+00
1.199999999999999956e+00
4.657632054334553962e-02
4.657632054334553962e-02
1.199999999999999956e+00
1.199999999999999956e+00
4.295708784205863329e-01
4.295708784205863329e-01
4.918213633241896865e-02
4.918213633241896865e-02
4.142428261002311096e-01
4.142428261002311096e-01
1.199999999999999956e+00
1.199999999999999956e+00
5.323078700462964552e-02
5.323078700462964552e-02
1.199999999999999956e+00
1.199999999999999956e+00
4.752182686841588399e-01
4.752182686841588399e-01
9.144149342438488703e-02
9.144149342438488703e-02
7.045207257828860203e-02
7.045207257828860203e-02
1.199999999999999956e+00
1.199999999999999956e+00
5.617442415293764091e-01
5.617442415293764091e-01
1.521474068450399952e-01
1.521474068450399952e-01
3.061075686298819765e-01
3.061075686298819765e-01
1.199999999999999956e+00
1.199999999999999956e+00
1.991759528261847489e-01
1.991759528261847489e-01
7.622779855873769161e-01
7.622779855873769161e-01
2.555014571798223111e-01
2.555014571798223111e-01
1.199999999999999956e+00
1.199999999999999956e+00
1.175914133782737514e-01
1.175914133782737514e-01
5.543777024194149750e-01
5.543777024194149750e-01
8.091087711798894411e-02
8.091087711798894411e-02
3.966845765120529527e-02
3.966845765120529527e-02
1.637733168180424970e-01
1.637733168180424970e-01
1.199999999999999956e+00
1.199999999999999956e+00
2.444347562719817457e-01
2.444347562719817457e-01
3.584722467256766243e-01
3.584722467256766243e-01
3.801620289668349306e-01
3.801620289668349306e-01
1.904554520894008451e-01
1.904554520894008451e-01
1.199999999999999956e+00
1.199999999999999956e+00
4.040493210865282042e-02
4.040493210865282042e-02
6.102098601296410685e-01
6.102098601296410685e-01
5.240908149316707981e-02
5.240908149316707981e-02
6.139492548874653233e-01
6.139492548874653233e-01
4.638980866460107322e-02
4.638980866460107322e-02
1.199999999999999956e+00
1.199999999999999956e+00
3.104548548307047295e-01
3.104548548307047295e-01
1.750818557626068195e-01
1.750818557626068195e-01
4.874554823805516551e-02
4.874554823805516551e-02
2.355681034256486006e-01
2.355681034256486006e-01
6.611492583254353628e-01
6.611492583254353628e-01
5.400870899210880559e-03
5.400870899210880559e-03
2.387632845926317138e-01
2.387632845926317138e-01
1.199999999999999956e+00
1.199999999999999956e+00
1.199999999999999956e+00
1.199999999999999956e+00
1.199999999999999956e+00
1.199999999999999956e+00
2.273389528277134919e-01
2.273389528277134919e-01
1.199999999999999956e+00
1.199999999999999956e+00
5.202376129287668016e-01
5.202376129287668016e-01
2.858908515965778441e-01
2.858908515965778441e-01
2.426322184425705741e-01
2.426322184425705741e-01
1.199999999999999956e+00
1.199999999999999956e+00
3.277490907465799297e-01
3.277490907465799297e-01
1.295846074836142781e-01
1.295846074836142781e-01
6.805155256713731893e-01
6.805155256713731893e-01
4.003127076557393416e-01
4.003127076557393416e-01
4.557030990007258087e-01
4.557030990007258087e-01
7.766604892648525105e-02
7.766604892648525105e-02
2.490973754486429659e-01
2.490973754486429659e-01
1.646089591716611844e-01
1.646089591716611844e-01
8.675517928490983355e-02
8.675517928490983355e-02
9.130606012073538835e-02
9.130606012073538835e-02
4.669335299286809238e-01
4.669335299286809238e-01
1.562535160252450511e-02
1.562535160252450511e-02
3.955768523118506352e-01
3.955768523118506352e-01
3.455600454882966632e-01
3.455600454882966632e-01
2.563580854642013088e-02
2.563580854642013088e-02
1.254793137566552474e-01
1.254793137566552474e-01
4.852109780247499393e-01
4.852109780247499393e-01
3.653106214655899575e-01
3.653106214655899575e-01
1.181507804310187454e-01
1.181507804310187454e-01
5.706753105735727916e-01
5.706753105735727916e-01
2.973510353029923392e-01
2.973510353029923392e-01
1.299316120536822550e-01
1.299316120536822550e-01
6.972079023736892089e-02
6.972079023736892089e-02
3.784680430633386994e-01
3.784680430633386994e-01
4.304392654330440604e-01
4.304392654330440604e-01
5.602337468895485229e-01
5.602337468895485229e-01
3.864731482882769464e-01
3.864731482882769464e-01
6.224978287395452892e-01
6.224978287395452892e-01
3.707905461090765242e-01
3.707905461090765242e-01
1.199999999999999956e+00
1.199999999999999956e+00
3.855583744706201493e-02
3.855583744706201493e-02
1.061401770983998238e+00
1.061401770983998238e+00
1.301673642883513171e+00
1.301673642883513171e+00
1.199999999999999956e+00
1.199999999999999956e+00
4.745694121356923145e-01
4.745694121356923145e-01
1.469454973034920453e-01
1.469454973034920453e-01
3.634337407904836281e-01
3.634337407904836281e-01
3.466660233238237354e-01
3.466660233238237354e-01
2.092969845893164482e-01
2.092969845893164482e-01
3.162891656919297190e-01
3.162891656919297190e-01
2.839222512747928140e-01
2.839222512747928140e-01
4.218322512351224685e-01
4.218322512351224685e-01
1.471548991431196052e-01
1.471548991431196052e-01
3.098232779462892772e-01
3.098232779462892772e-01
1.120965423900534275e-01
1.120965423900534275e-01
1.808255884615049824e-01
1.808255884615049824e-01
4.471249886943304830e-01
4.471249886943304830e-01
1.199999999999999956e+00
1.199999999999999956e+00
2.957880714039510250e-01
2.957880714039510250e-01
2.432162495878748276e-01
2.432162495878748276e-01
1.199999999999999956e+00
1.199999999999999956e+00
1.580732053797556311e-02
1.580732053797556311e-02
1.222984321754985865e-01
1.222984321754985865e-01
9.076391577723597059e-02
9.076391577723597059e-02
1.199999999999999956e+00
1.199999999999999956e+00
2.969828012026068942e-01
2.969828012026068942e-01
1.199999999999999956e+00
1.199999999999999956e+00
9.632118527911393002e-02
9.632118527911393002e-02
4.801400035258647225e-01
4.801400035258647225e-01
1.199999999999999956e+00
1.199999999999999956e+00
5.058179651601463211e-02
5.058179651601463211e-02
1.146752476879422666e-01
1.146752476879422666e-01
4.249262772263986271e-02
4.249262772263986271e-02
4.968312442385084404e-01
4.968312442385084404e-01
5.915867807544402668e-01
5.915867807544402668e-01
1.199999999999999956e+00
1.199999999999999956e+00
2.443004581135016784e-01
2.443004581135016784e-01
6.014141692222076119e-02
6.014141692222076119e-02
6.856594681052564921e-02
6.856594681052564921e-02
1.291126334019170874e-01
1.291126334019170874e-01
1.199999999999999956e+00
1.199999999999999956e+00
1.418392347234994494e-02
1.418392347234994494e-02
4.787593136512892089e-01
4.787593136512892089e-01
8.387002010670259466e-02
8.387002010670259466e-02
9.416596161317683511e-02
9.416596161317683511e-02
1.287236015130163169e-01
1.287236015130163169e-01
2.787023018741751623e-01
2.787023018741751623e-01
7.345319347517547115e-01
7.345319347517547115e-01
1.199999999999999956e+00
1.199999999999999956e+00
5.940654387643453660e-01
5.940654387643453660e-01
2.624056263389151211e-01
2.624056263389151211e-01
3.229094030448776964e-01
3.229094030448776964e-01
1.199999999999999956e+00
1.199999999999999956e+00
1.824490844417580443e-02
1.824490844417580443e-02
1.199999999999999956e+00
1.199999999999999956e+00
2.486749049866342487e-01
2.486749049866342487e-01
9.108651602388406765e-01
9.108651602388406765e-01
1.199999999999999956e+00
1.199999999999999956e+00
1.199999999999999956e+00
1.199999999999999956e+00
1.199999999999999956e+00
1.199999999999999956e+00
4.424073702739533265e-01
4.424073702739533265e-01
1.199999999999999956e+00
1.199999999999999956e+00
1.664360024883844713e-01
1.664360024883844713e-01
2.423792668108962212e-01
2.423792668108962212e-01
1.588680314090065993e-01
1.588680314090065993e-01
1.238290989900079631e-01
1.238290989900079631e-01
2.399308010682908027e-02
2.399308010682908027e-02
3.128345199680813704e-01
3.128345199680813704e-01
6.672512175143905377e-01
6.672512175143905377e-01
1.199999999999999956e+00
1.199999999999999956e+00
7.108577004430248480e-02
7.108577004430248480e-02
6.301188482846917793e-01
6.301188482846917793e-01
8.185129361454510089e-02
8.185129361454510089e-02
1.884730230686501862e-01
1.884730230686501862e-01
6.885118224576806945e-02
6.885118224576806945e-02
4.800216502678527064e-01
4.800216502678527064e-01
5.159043098365439367e-02
5.159043098365439367e-02
7.485075235950928718e-01
7.485075235950928718e-01
1.322271370643629262e-01
1.322271370643629262e-01
6.215520603105626485e-01
6.215520603105626485e-01
2.005921600039710651e-01
2.005921600039710651e-01
1.199999999999999956e+00
1.199999999999999956e+00
1.969852227111344722e-02
1.969852227111344722e-02
4.262829757902251993e-02
4.262829757902251993e-02
3.907214122854812954e-02
3.907214122854812954e-02
1.199999999999999956e+00
1.199999999999999956e+00
1.199999999999999956e+00
1.199999999999999956e+00
7.569107016223633466e-02
7.569107016223633466e-02
6.924898294638848206e-01
6.924898294638848206e-01
1.925663131563811747e-01
1.925663131563811747e-01
1.199999999999999956e+00
1.199999999999999956e+00
5.634443243296801684e-01
5.634443243296801684e-01
3.455547463971008759e-01
3.455547463971008759e-01
5.724459975437801162e-01
5.724459975437801162e-01
1.199999999999999956e+00
1.199999999999999956e+00
6.891559849346093891e-01
6.891559849346093891e-01
1.199999999999999956e+00
1.199999999999999956e+00
1.634735395476288600e-01
1.634735395476288600e-01
8.805275974410012862e-01
8.805275974410012862e-01
1.978897987246357182e-01
1.978897987246357182e-01
9.731713031761635158e-02
9.731713031761635158e-02
2.267770420990254387e-01
2.267770420990254387e-01
1.184918952960285349e-01
1.184918952960285349e-01
2.108933224540617268e-01
2.108933224540617268e-01
3.839248568108102888e-02
3.839248568108102888e-02
6.875918618972208518e-02
6.875918618972208518e-02
2.724033571181720403e-01
2.724033571181720403e-01
2.864571891261561976e-01
2.864571891261561976e-01
1.590473035671026159e-01
1.590473035671026159e-01
1.226043256108988733e-01
1.226043256108988733e-01
1.199999999999999956e+00
1.199999999999999956e+00
2.420280587981006593e-01
2.420280587981006593e-01
5.034662945911924647e-02
5.034662945911924647e-02
2.088643860494364124e-01
2.088643860494364124e-01
2.337071939072149496e-01
2.337071939072149496e-01
4.448849998922309590e-01
4.448849998922309590e-01
5.803322353279737750e-02
5.803322353279737750e-02
1.199999999999999956e+00
1.199999999999999956e+00
2.772784621120486515e-01
2.772784621120486515e-01
2.295790758715388069e-01
2.295790758715388069e-01
1.184269358070197398e-01
1.184269358070197398e-01
4.363649151159606498e-01
4.363649151159606498e-01
4.987690211984158184e-01
4.987690211984158184e-01
1.160937195198452898e-01
1.160937195198452898e-01
5.891207956185353645e-01
5.891207956185353645e-01
1.080099400440764496e-01
1.080099400440764496e-01
3.586426475168061345e-01
3.586426475168061345e-01
1.199999999999999956e+00
1.199999999999999956e+00
4.045732111008452647e-01
4.045732111008452647e-01
5.716408117352762552e-01
5.716408117352762552e-01
3.576285517545532699e-01
3.576285517545532699e-01
2.976411433148975494e-01
2.976411433148975494e-01
2.519898495660428672e-01
2.519898495660428672e-01
1.199999999999999956e+00
1.199999999999999956e+00
3.125901784621382129e-01
3.125901784621382129e-01
1.180510946818011941e-01
1.180510946818011941e-01
1.199999999999999956e+00
1.199999999999999956e+00
1.570209382435587553e-01
1.570209382435587553e-01
1.660931792126372694e-02
1.660931792126372694e-02
1.922853401775779514e-01
1.922853401775779514e-01
9.932238492263124885e-02
9.932238492263124885e-02
2.272581361774911324e-01
2.272581361774911324e-01
1.199999999999999956e+00
1.199999999999999956e+00
3.144635074843307176e-01
3.144635074843307176e-01
4.421166174824163742e-01
4.421166174824163742e-01
1.364858496202122351e-01
1.364858496202122351e-01
4.085285682250358597e-01
4.085285682250358597e-01
8.611756620701006143e-03
8.611756620701006143e-03
2.059962390838586954e-01
2.059962390838586954e-01
2.689972330981011545e-02
2.689972330981011545e-02
1.199999999999999956e+00
1.199999999999999956e+00
1.792513332121559444e-01
1.792513332121559444e-01
1.595667609734016112e-01
1.595667609734016112e-01
6.474395102257851642e-01
6.474395102257851642e-01
8.222364734702286571e-02
8.222364734702286571e-02
2.240152948445878478e-01
2.240152948445878478e-01
5.125538033264018939e-02
5.125538033264018939e-02
2.202205362699606594e-01
2.202205362699606594e-01
1.199999999999999956e+00
1.199999999999999956e+00
1.794673710747961282e-01
1.794673710747961282e-01
1.533704993901709168e-01
1.533704993901709168e-01
1.569834054675731116e-01
1.569834054675731116e-01
5.708416620111836925e-01
5.708416620111836925e-01
5.285535048177532058e-01
5.285535048177532058e-01
6.681139840517889006e-01
6.681139840517889006e-01
9.002171503502225114e-02
9.002171503502225114e-02
1.188344724615408299e-01
1.188344724615408299e-01
1.199999999999999956e+00
1.199999999999999956e+00
6.752123694115259867e-02
6.752123694115259867e-02
5.388914872777819109e-01
5.388914872777819109e-01
2.291128792171106265e-01
2.291128792171106265e-01
5.174734242918478389e-01
5.174734242918478389e-01
7.568917683960522114e-01
7.568917683960522114e-01
1.188714158993479653e-01
1.188714158993479653e-01
1.199999999999999956e+00
1.199999999999999956e+00
6.623268858411224258e-01
6.623268858411224258e-01
5.601069644413316784e-01
5.601069644413316784e-01
2.809969283472286694e-01
2.809969283472286694e-01
5.556295004501975859e-02
5.556295004501975859e-02
4.959787845617393831e-01
4.959787845617393831e-01
2.677680391179723118e-01
2.677680391179723118e-01
1.133996969868797944e+00
1.133996969868797944e+00
1.199999999999999956e+00
1.199999999999999956e+00
1.059282297899311331e-01
1.059282297899311331e-01
1.199999999999999956e+00
1.199999999999999956e+00
1.179626556135531801e-01
1.179626556135531801e-01
6.362847337235509881e-01
6.362847337235509881e-01
1.184612691480642077e-01
1.184612691480642077e-01
1.194164359581059709e-01
1.194164359581059709e-01
6.060979481554980286e-02
6.060979481554980286e-02
9.564189124341210269e-02
9.564189124341210269e-02
1.199999999999999956e+00
1.199999999999999956e+00
6.551119613817588672e-01
6.551119613817588672e-01
5.289018503791294012e-01
5.289018503791294012e-01
6.040639477331222196e-01
6.040639477331222196e-01
5.150386214631716419e-02
5.150386214631716419e-02
6.279051400221462576e-01
6.279051400221462576e-01
1.354182674710699419e-01
1.354182674710699419e-01
2.030363079917323066e-02
2.030363079917323066e-02
1.199999999999999956e+00
1.199999999999999956e+00
5.409426690751419076e-02
5.409426690751419076e-02
1.254114883851282017e-02
1.254114883851282017e-02
1.199999999999999956e+00
1.199999999999999956e+00
2.012057288594289450e-01
2.012057288594289450e-01
2.810295573112936429e-02
2.810295573112936429e-02
6.404334181314617902e-02
6.404334181314617902e-02
3.296885893917669286e-01
3.296885893917669286e-01
2.837593239802173595e-01
2.837593239802173595e-01
3.063807103609233473e-01
3.063807103609233473e-01
1.199999999999999956e+00
1.199999999999999956e+00
2.861101696886905743e-01
2.861101696886905743e-01
3.244434577692480448e-01
3.244434577692480448e-01
6.720721382187808679e-01
6.720721382187808679e-01
3.795887133916728828e-01
3.795887133916728828e-01
5.339065575581852796e-01
5.339065575581852796e-01
1.199999999999999956e+00
1.199999999999999956e+00
5.494565859642909222e-01
5.494565859642909222e-01
1.779972426963458143e-01
1.779972426963458143e-01
1.199999999999999956e+00
1.199999999999999956e+00
6.033643401220083469e-01
6.033643401220083469e-01
4.940463527383688325e-01
4.940463527383688325e-01
1.199999999999999956e+00
1.199999999999999956e+00
9.080005881416269853e-02
9.080005881416269853e-02
1.327820875607881035e-01
1.327820875607881035e-01
2.231663681517326303e-01
2.231663681517326303e-01
3.246764177259647277e-01
3.246764177259647277e-01
1.623924765901524347e-01
1.623924765901524347e-01
2.190295120616429780e-01
2.190295120616429780e-01
2.881695914782547718e-01
2.881695914782547718e-01
5.949021990286523787e-01
5.949021990286523787e-01
1.199999999999999956e+00
1.199999999999999956e+00
5.251016853642594129e-02
5.251016853642594129e-02
1.638875082243239009e-02
1.638875082243239009e-02
5.622058402185780429e-02
5.622058402185780429e-02
1.236457466099323034e-02
1.236457466099323034e-02
1.199999999999999956e+00
1.199999999999999956e+00
2.026018333512120614e-02
2.026018333512120614e-02
4.304200396877808088e-02
4.304200396877808088e-02
4.491652532838982248e-01
4.491652532838982248e-01
2.218918206465089749e-02
2.218918206465089749e-02
3.617296347206342549e-02
3.617296347206342549e-02
2.538388456427298490e-01
2.538388456427298490e-01
2.429832831548439653e-01
2.429832831548439653e-01
8.929941181242864179e-01
8.929941181242864179e-01
1.751705735041348966e-01
1.751705735041348966e-01
2.170075552133120811e-01
2.170075552133120811e-01
6.276958394957157239e-01
6.276958394957157239e-01
2.306869786251650456e-01
2.306869786251650456e-01
7.272460016287741746e-01
7.272460016287741746e-01
2.131007381112760002e-01
2.131007381112760002e-01
4.162254871846159804e-02
4.162254871846159804e-02
1.199999999999999956e+00
1.199999999999999956e+00
1.199999999999999956e+00
1.199999999999999956e+00
2.405714483476707050e-02
2.405714483476707050e-02
1.192668538215133217e-01
1.192668538215133217e-01
1.199999999999999956e+00
1.199999999999999956e+00
4.555494073379776077e-02
4.555494073379776077e-02
3.228895672161171682e-01
3.228895672161171682e-01
1.699749082443742787e-01
1.699749082443742787e-01
1.199999999999999956e+00
1.199999999999999956e+00
4.934831492830330651e-02
4.934831492830330651e-02
1.826461270917663915e-01
1.826461270917663915e-01
2.536196551196533977e-01
2.536196551196533977e-01
8.915134644370292794e-02
8.915134644370292794e-02
1.199999999999999956e+00
1.199999999999999956e+00
4.807754918809500899e-01
4.807754918809500899e-01
1.350056675636591152e-01
1.350056675636591152e-01
1.199999999999999956e+00
1.199999999999999956e+00
1.199999999999999956e+00
1.199999999999999956e+00
1.199999999999999956e+00
1.199999999999999956e+00
7.688666818618188070e-02
7.688666818618188070e-02
8.786903360113058892e-02
8.786903360113058892e-02
3.253784392250393814e-02
3.253784392250393814e-02
2.494279678450403437e-02
2.494279678450403437e-02
8.824843608655021931e-01
8.824843608655021931e-01
4.141892896487926468e-01
4.141892896487926468e-01
1.072971760270169661e-01
1.072971760270169661e-01
1.199999999999999956e+00
1.199999999999999956e+00
1.317213166372188382e-01
1.317213166372188382e-01
5.821535724491749136e-02
5.821535724491749136e-02
5.527770190991852101e-02
5.527770190991852101e-02
2.013505363640776258e-01
2.013505363640776258e-01
6.157956658613922274e-02
6.157956658613922274e-02
2.172951746610385926e-01
2.172951746610385926e-01
6.026125493315717119e-01
6.026125493315717119e-01
3.058091226169102894e-01
3.058091226169102894e-01
1.005573618039636713e-02
1.005573618039636713e-02
3.161502529535460404e-01
3.161502529535460404e-01
5.950177339762479090e-01
5.950177339762479090e-01
4.538416282853042216e-01
4.538416282853042216e-01
1.199999999999999956e+00
1.199999999999999956e+00
1.887223873705582422e-01
1.887223873705582422e-01
1.020991892604960816e+00
1.020991892604960816e+00
1.199999999999999956e+00
1.199999999999999956e+00
4.739948617339334591e-01
4.739948617339334591e-01
