1.139229558471694104e-01
1.139229558471694104e-01
3.866111501317089777e-02
3.866111501317089777e-02
7.935930303220722903e-01
7.935930303220722903e-01
1.199999999999999956e+00
1.199999999999999956e+00
1.199999999999999956e+00
1.199999999999999956e+00
8.059872279465474243e-02
8.059872279465474243e-02
1.199999999999999956e+00
1.199999999999999956e+00
2.502498583924112618e-01
2.502498583924112618e-01
6.815482451832628463e-01
6.815482451832628463e-01
1.601483267350602147e-02
1.601483267350602147e-02
5.055246487824344159e-01
5.055246487824344159e-01
1.199999999999999956e+00
1.199999999999999956e+00
6.783939879250794336e-01
6.783939879250794336e-01
1.829879710602504705e-01
1.829879710602504705e-01
1.199999999999999956e+00
1.199999999999999956e+00
4.641287899844483977e-01
4.641287899844483977e-01
3.488033673089818709e-01
3.488033673089818709e-01
1.249568137787046701e-01
1.249568137787046701e-01
6.509874761024866952e-03
6.509874761024866952e-03
3.519720305221465395e-01
3.519720305221465395e-01
1.477623211715557439e-01
1.477623211715557439e-01
1.199999999999999956e+00
1.199999999999999956e+00
2.068229191280594736e-01
2.068229191280594736e-01
3.902784348747961873e-01
3.902784348747961873e-01
8.911664769545170339e-02
8.911664769545170339e-02
1.199999999999999956e+00
1.199999999999999956e+00
3.925328145667310586e-01
3.925328145667310586e-01
2.186767271101877075e-01
2.186767271101877075e-01
1.199999999999999956e+00
1.199999999999999956e+00
1.387804712523167394e-01
1.387804712523167394e-01
3.037480602251731998e-01
3.037480602251731998e-01
2.563963489225003500e-01
2.563963489225003500e-01
3.717907215047618341e-01
3.717907215047618341e-01
1.199999999999999956e+00
1.199999999999999956e+00
5.970075644628316525e-01
5.970075644628316525e-01
4.298072970426474182e-01
4.298072970426474182e-01
1.199999999999999956e+00
1.199999999999999956e+00
1.199999999999999956e+00
1.199999999999999956e+00
4.882360782799076704e-01
4.882360782799076704e-01
1.359420492315890072e-01
1.359420492315890072e-01
1.199999999999999956e+00
1.199999999999999956e+00
8.177088435285506662e-02
8.177088435285506662e-02
2.963988429825736848e-02
2.963988429825736848e-02
2.703324165524444989e-01
2.703324165524444989e-01
8.139621443829970771e-01
8.139621443829970771e-01
1.008870175530752616e-01
1.008870175530752616e-01
1.199999999999999956e+00
1.199999999999999956e+00
1.267990048341957887e-01
1.267990048341957887e-01
5.101051907786109396e-01
5.101051907786109396e-01
2.750873468733749383e-01
2.750873468733749383e-01
6.893332464532470061e-01
6.893332464532470061e-01
9.122543122581344699e-02
9.122543122581344699e-02
3.639333353639646190e-02
3.639333353639646190e-02
5.658523366943902788e-01
5.658523366943902788e-01
1.199999999999999956e+00
1.199999999999999956e+00
1.199999999999999956e+00
1.199999999999999956e+00
1.199999999999999956e+00
1.199999999999999956e+00
4.493515103307157421e-01
4.493515103307157421e-01
1.825894339221615648e-01
1.825894339221615648e-01
3.599018124064858881e-01
3.599018124064858881e-01
2.655964939109142775e-01
2.655964939109142775e-01
3.353399600625985855e-01
3.353399600625985855e-01
3.385716142431252074e-01
3.385716142431252074e-01
8.991788266119014883e-02
8.991788266119014883e-02
2.366871154136015454e-01
2.366871154136015454e-01
3.298655265202301012e-01
3.298655265202301012e-01
7.061082791228140421e-01
7.061082791228140421e-01
1.199999999999999956e+00
1.199999999999999956e+00
9.987070858819788524e-03
9.987070858819788524e-03
8.860238165627176699e-02
8.860238165627176699e-02
2.309008215714118961e-01
2.309008215714118961e-01
6.455733927351221535e-01
6.455733927351221535e-01
1.713799237367829784e-02
1.713799237367829784e-02
3.553026683454286738e-01
3.553026683454286738e-01
1.199999999999999956e+00
1.199999999999999956e+00
1.199999999999999956e+00
1.199999999999999956e+00
2.342114021827085557e-01
2.342114021827085557e-01
9.317849641937012706e-01
9.317849641937012706e-01
7.614741589750335937e-02
7.614741589750335937e-02
2.557118391873857699e-01
2.557118391873857699e-01
1.199999999999999956e+00
1.199999999999999956e+00
4.350858854089255379e-02
4.350858854089255379e-02
1.199999999999999956e+00
1.199999999999999956e+00
7.169174746274160626e-01
7.169174746274160626e-01
1.199999999999999956e+00
1.199999999999999956e+00
1.199999999999999956e+00
1.199999999999999956e+00
6.025993131674002752e-03
6.025993131674002752e-03
1.199999999999999956e+00
1.199999999999999956e+00
1.382531088677140529e-01
1.382531088677140529e-01
2.127444131912016312e-01
2.127444131912016312e-01
4.523523148452514818e-03
4.523523148452514818e-03
1.199999999999999956e+00
1.199999999999999956e+00
1.199999999999999956e+00
1.199999999999999956e+00
1.422509376179788981e-02
1.422509376179788981e-02
1.926970287013449190e-01
1.926970287013449190e-01
3.568167075321354575e-01
3.568167075321354575e-01
2.569266573093734185e-01
2.569266573093734185e-01
1.199999999999999956e+00
1.199999999999999956e+00
1.199999999999999956e+00
1.199999999999999956e+00
5.026242216053511402e-01
5.026242216053511402e-01
1.199999999999999956e+00
1.199999999999999956e+00
2.786823247259599401e-01
2.786823247259599401e-01
1.199999999999999956e+00
1.199999999999999956e+00
6.756739687994423038e-01
6.756739687994423038e-01
1.912982133324059864e-01
1.912982133324059864e-01
4.543163039621396226e-01
4.543163039621396226e-01
1.199999999999999956e+00
1.199999999999999956e+00
4.745547283459108923e-01
4.745547283459108923e-01
1.199999999999999956e+00
1.199999999999999956e+00
3.165014025622958083e-01
3.165014025622958083e-01
3.077752510903448147e-01
3.077752510903448147e-01
1.199999999999999956e+00
1.199999999999999956e+00
1.199999999999999956e+00
1.199999999999999956e+00
1.309912572752862381e-01
1.309912572752862381e-01
9.347554539133080820e-02
9.347554539133080820e-02
4.498675752964089725e-01
4.498675752964089725e-01
2.890778422858409913e-01
2.890778422858409913e-01
1.753515124429383398e-01
1.753515124429383398e-01
1.199999999999999956e+00
1.199999999999999956e+00
2.264604029469584612e-01
2.264604029469584612e-01
2.715353312911344963e-02
2.715353312911344963e-02
1.199999999999999956e+00
1.199999999999999956e+00
3.248786733972806595e-01
3.248786733972806595e-01
3.980583771221306577e-01
3.980583771221306577e-01
1.199999999999999956e+00
1.199999999999999956e+00
1.199999999999999956e+00
1.199999999999999956e+00
1.199999999999999956e+00
1.199999999999999956e+00
1.199999999999999956e+00
1.199999999999999956e+00
5.241975557024435295e-01
5.241975557024435295e-01
1.199999999999999956e+00
1.199999999999999956e+00
4.814304076222779560e-01
4.814304076222779560e-01
1.199999999999999956e+00
1.199999999999999956e+00
1.163896610207281745e-01
1.163896610207281745e-01
4.111692269934926619e-02
4.111692269934926619e-02
1.199999999999999956e+00
1.199999999999999956e+00
1.199999999999999956e+00
1.199999999999999956e+00
1.199999999999999956e+00
1.199999999999999956e+00
3.662752633274988234e-01
3.662752633274988234e-01
9.899777143156401893e-02
9.899777143156401893e-02
2.650397393453163275e-01
2.650397393453163275e-01
1.199999999999999956e+00
1.199999999999999956e+00
1.199999999999999956e+00
1.199999999999999956e+00
1.199999999999999956e+00
1.199999999999999956e+00
1.554945334037320659e-01
1.554945334037320659e-01
8.075849373953170041e-02
8.075849373953170041e-02
4.753512282173977255e-02
4.753512282173977255e-02
2.111055600213812000e-01
2.111055600213812000e-01
5.712343814731538627e-01
5.712343814731538627e-01
2.060930112423541571e-01
2.060930112423541571e-01
4.331566909903356022e-01
4.331566909903356022e-01
2.357792174439270194e-02
2.357792174439270194e-02
4.149829848811156241e-01
4.149829848811156241e-01
2.251487134794187550e-01
2.251487134794187550e-01
2.277861681785701975e-01
2.277861681785701975e-01
3.867240540772092228e-01
3.867240540772092228e-01
1.199999999999999956e+00
1.199999999999999956e+00
2.280673095956165519e-01
2.280673095956165519e-01
8.536976219786528430e-01
8.536976219786528430e-01
1.199999999999999956e+00
1.199999999999999956e+00
1.199999999999999956e+00
1.199999999999999956e+00
1.199999999999999956e+00
1.199999999999999956e+00
1.199999999999999956e+00
1.199999999999999956e+00
3.295024124900312046e-01
3.295024124900312046e-01
1.199999999999999956e+00
1.199999999999999956e+00
1.819425111047172361e-01
1.819425111047172361e-01
3.008383977406499099e-01
3.008383977406499099e-01
5.856385871050839853e-02
5.856385871050839853e-02
1.199999999999999956e+00
1.199999999999999956e+00
1.889033187350364074e-01
1.889033187350364074e-01
4.663660412789609466e-02
4.663660412789609466e-02
1.199999999999999956e+00
1.199999999999999956e+00
1.199999999999999956e+00
1.199999999999999956e+00
3.072655007930302773e-01
3.072655007930302773e-01
6.790599226912105157e-01
6.790599226912105157e-01
2.696507084152300893e-01
2.696507084152300893e-01
4.234652820453709277e-01
4.234652820453709277e-01
1.199999999999999956e+00
1.199999999999999956e+00
4.278016797529264337e-01
4.278016797529264337e-01
7.398034262673887085e-01
7.398034262673887085e-01
1.684931133589363805e-01
1.684931133589363805e-01
2.336507638209180948e-01
2.336507638209180948e-01
6.573827900064250773e-01
6.573827900064250773e-01
1.076748061220312025e-01
1.076748061220312025e-01
2.885819125339878499e-01
2.885819125339878499e-01
4.585415930303982646e-01
4.585415930303982646e-01
3.453199411675826336e-01
3.453199411675826336e-01
9.127947170559512491e-02
9.127947170559512491e-02
1.199999999999999956e+00
1.199999999999999956e+00
1.259026596785809193e+00
1.259026596785809193e+00
6.013486802590635172e-01
6.013486802590635172e-01
2.491598956628415795e-01
2.491598956628415795e-01
4.135774860466386871e-01
4.135774860466386871e-01
2.921348744088279187e-02
2.921348744088279187e-02
1.199999999999999956e+00
1.199999999999999956e+00
6.552843189393446899e-01
6.552843189393446899e-01
5.491867048540719498e-01
5.491867048540719498e-01
1.185491114549172692e-01
1.185491114549172692e-01
3.264242183711377754e-01
3.264242183711377754e-01
4.367607054373566777e-01
4.367607054373566777e-01
1.199999999999999956e+00
1.199999999999999956e+00
2.267615851240671054e-01
2.267615851240671054e-01
1.481333634183464865e-01
1.481333634183464865e-01
1.768055445400113224e-01
1.768055445400113224e-01
1.500496124776927323e-03
1.500496124776927323e-03
5.240547144849774241e-01
5.240547144849774241e-01
1.199999999999999956e+00
1.199999999999999956e+00
1.199999999999999956e+00
1.199999999999999956e+00
7.269466759476515827e-02
7.269466759476515827e-02
1.199999999999999956e+00
1.199999999999999956e+00
1.245715049984383316e-01
1.245715049984383316e-01
3.977955117670208263e-01
3.977955117670208263e-01
4.506721510531573327e-01
4.506721510531573327e-01
1.801308382646220618e-01
1.801308382646220618e-01
1.199999999999999956e+00
1.199999999999999956e+00
2.189326101384802270e-01
2.189326101384802270e-01
1.388657830828008144e-01
1.388657830828008144e-01
3.692221788999616727e-01
3.692221788999616727e-01
3.302565373333647414e-01
3.302565373333647414e-01
1.199999999999999956e+00
1.199999999999999956e+00
9.510546251094851300e-01
9.510546251094851300e-01
1.138283191355265664e-02
1.138283191355265664e-02
1.391411201846456114e-01
1.391411201846456114e-01
1.199999999999999956e+00
1.199999999999999956e+00
3.158882211934940787e-01
3.158882211934940787e-01
1.199999999999999956e+00
1.199999999999999956e+00
4.011933457789442631e-02
4.011933457789442631e-02
6.657546424556036457e-02
6.657546424556036457e-02
1.745255903600028413e-01
1.745255903600028413e-01
3.398804513805790961e-01
3.398804513805790961e-01
6.449760029472431100e-01
6.449760029472431100e-01
1.199999999999999956e+00
1.199999999999999956e+00
3.612797743445400611e-01
3.612797743445400611e-01
3.114136960232643525e-01
3.114136960232643525e-01
5.846687299066218868e-01
5.846687299066218868e-01
1.199999999999999956e+00
1.199999999999999956e+00
6.543846697918391797e-01
6.543846697918391797e-01
8.433404316252217647e-01
8.433404316252217647e-01
3.406717918129153477e-01
3.406717918129153477e-01
6.340600035481499530e-01
6.340600035481499530e-01
1.199999999999999956e+00
1.199999999999999956e+00
2.995285046004194096e-01
2.995285046004194096e-01
7.019939550601714817e-01
7.019939550601714817e-01
4.408451531590374950e-01
4.408451531590374950e-01
2.674442752040830096e-02
2.674442752040830096e-02
1.199999999999999956e+00
1.199999999999999956e+00
4.763580690262657069e-01
4.763580690262657069e-01
1.199999999999999956e+00
1.199999999999999956e+00
1.321407934315833865e-01
1.321407934315833865e-01
3.574837045408630343e-01
3.574837045408630343e-01
2.604370431384878115e-01
2.604370431384878115e-01
2.894857071526574788e-01
2.894857071526574788e-01
1.784458800115394927e-01
1.784458800115394927e-01
1.589480363395642804e-01
1.589480363395642804e-01
3.920463015974688381e-01
3.920463015974688381e-01
1.199999999999999956e+00
1.199999999999999956e+00
4.506640613348863317e-02
4.506640613348863317e-02
1.199999999999999956e+00
1.199999999999999956e+00
2.422979504494560121e-01
2.422979504494560121e-01
4.958405962629983676e-01
4.958405962629983676e-01
3.016518753406637887e-01
3.016518753406637887e-01
7.872823439561886516e-02
7.872823439561886516e-02
4.128502339195971316e-01
4.128502339195971316e-01
1.535637250921034758e-02
1.535637250921034758e-02
8.603714040911006888e-01
8.603714040911006888e-01
1.688427023354164558e-01
1.688427023354164558e-01
6.767898745939459060e-01
6.767898745939459060e-01
1.199999999999999956e+00
1.199999999999999956e+00
1.409825771109732284e-01
1.409825771109732284e-01
2.922701321131294661e-01
2.922701321131294661e-01
1.640122420233199874e-01
1.640122420233199874e-01
2.618746016013064337e-01
2.618746016013064337e-01
2.659985532256113894e-01
2.659985532256113894e-01
6.403939497150864524e-01
6.403939497150864524e-01
6.402512768029898493e-02
6.402512768029898493e-02
1.073468609219700859e-01
1.073468609219700859e-01
2.729828075534294074e-01
2.729828075534294074e-01
2.137778510372178864e-01
2.137778510372178864e-01
1.199999999999999956e+00
1.199999999999999956e+00
6.001581417330485030e-02
6.001581417330485030e-02
3.723464957322376589e-01
3.723464957322376589e-01
4.737998107817848470e-01
4.737998107817848470e-01
4.409675270948408832e-01
4.409675270948408832e-01
2.913589185955283156e-01
2.913589185955283156e-01
1.959432402614856572e-01
1.959432402614856572e-01
1.199999999999999956e+00
1.199999999999999956e+00
1.199999999999999956e+00
1.199999999999999956e+00
1.165009727250366361e-01
1.165009727250366361e-01
1.096972468161187542e-01
1.096972468161187542e-01
1.199999999999999956e+00
1.199999999999999956e+00
2.663443473683718699e-01
2.663443473683718699e-01
1.725186846010048625e-01
1.725186846010048625e-01
5.178023004874446888e-01
5.178023004874446888e-01
1.199999999999999956e+00
1.199999999999999956e+00
4.135048603421251912e-01
4.135048603421251912e-01
2.770814847064123621e-01
2.770814847064123621e-01
1.199999999999999956e+00
1.199999999999999956e+00
1.199999999999999956e+00
1.199999999999999956e+00
1.130128663275672685e-01
1.130128663275672685e-01
1.038225259067365319e-01
1.038225259067365319e-01
4.829368560078599604e-01
4.829368560078599604e-01
1.199999999999999956e+00
1.199999999999999956e+00
1.655763690122576681e-01
1.655763690122576681e-01
1.510252607201708654e-02
1.510252607201708654e-02
2.640484936724524778e-01
2.640484936724524778e-01
4.087147459389084969e-01
4.087147459389084969e-01
2.974370071402485105e-01
2.974370071402485105e-01
6.411458840770061229e-01
6.411458840770061229e-01
2.992500817588395479e-01
2.992500817588395479e-01
1.199999999999999956e+00
1.199999999999999956e+00
5.661302813963768887e-01
5.661302813963768887e-01
5.353538392640763699e-02
5.353538392640763699e-02
4.391172520235198107e-01
4.391172520235198107e-01
6.315425705146037183e-01
6.315425705146037183e-01
6.363999404367715051e-02
6.363999404367715051e-02
1.199999999999999956e+00
1.199999999999999956e+00
2.232908690196404311e-01
2.232908690196404311e-01
1.283640769574730112e-01
1.283640769574730112e-01
2.611536583197399120e-01
2.611536583197399120e-01
1.175494744441757250e-01
1.175494744441757250e-01
3.294269421941213860e-01
3.294269421941213860e-01
1.830857599155373272e-01
1.830857599155373272e-01
1.199999999999999956e+00
1.199999999999999956e+00
2.504491034025637108e-01
2.504491034025637108e-01
7.499715410373415658e-02
7.499715410373415658e-02
3.767641572721611709e-01
3.767641572721611709e-01
2.076498712327383700e-01
2.076498712327383700e-01
3.366306068113047445e-01
3.366306068113047445e-01
1.359117714015575240e-01
1.359117714015575240e-01
4.793681706982461654e-01
4.793681706982461654e-01
1.199999999999999956e+00
1.199999999999999956e+00
1.199999999999999956e+00
1.199999999999999956e+00
4.845094445750939283e-01
4.845094445750939283e-01
2.069436259683664903e-01
2.069436259683664903e-01
1.199999999999999956e+00
1.199999999999999956e+00
1.199999999999999956e+00
1.199999999999999956e+00
1.199999999999999956e+00
1.199999999999999956e+00
3.689588281797402947e-01
3.689588281797402947e-01
1.467913197797281466e-01
1.467913197797281466e-01
3.422099348627785087e-01
3.422099348627785087e-01
6.073520847329104688e-01
6.073520847329104688e-01
2.115972575319602089e-01
2.115972575319602089e-01
4.755828174055989899e-02
4.755828174055989899e-02
6.193334007698384491e-01
6.193334007698384491e-01
9.301857515990355485e-02
9.301857515990355485e-02
4.700829005809307737e-01
4.700829005809307737e-01
2.738460596866827967e-01
2.738460596866827967e-01
2.268248523723843391e-01
2.268248523723843391e-01
1.043699818773661941e-01
1.043699818773661941e-01
1.018470550351172177e+00
1.018470550351172177e+00
1.840873104789259584e-01
1.840873104789259584e-01
9.726614411120355908e-02
9.726614411120355908e-02
8.795111585298173718e-02
8.795111585298173718e-02
8.127479098584940512e-03
8.127479098584940512e-03
1.199999999999999956e+00
1.199999999999999956e+00
1.199999999999999956e+00
1.199999999999999956e+00
2.725345321976326285e-01
2.725345321976326285e-01
1.711600399595079314e-01
1.711600399595079314e-01
3.221064367858579303e-01
3.221064367858579303e-01
4.062805740999619331e-01
4.062805740999619331e-01
2.475536310457729372e-01
2.475536310457729372e-01
1.199999999999999956e+00
1.199999999999999956e+00
1.199999999999999956e+00
1.199999999999999956e+00
3.734930402128280869e-01
3.734930402128280869e-01
1.230216301377006216e-01
1.230216301377006216e-01
1.199999999999999956e+00
1.199999999999999956e+00
2.938401145846761819e-01
2.938401145846761819e-01
4.510378284876935817e-01
4.510378284876935817e-01
4.585169058370283657e-01
4.585169058370283657e-01
7.412842370548224924e-01
7.412842370548224924e-01
1.379688947842440949e-01
1.379688947842440949e-01
3.167120665824501025e-01
3.167120665824501025e-01
7.750741478028857490e-01
7.750741478028857490e-01
3.018647964753533586e-01
3.018647964753533586e-01
5.253490577272827977e-01
5.253490577272827977e-01
3.926168050710457935e-01
3.926168050710457935e-01
1.936604710016113784e-01
1.936604710016113784e-01
1.719376885076122352e-02
1.719376885076122352e-02
6.058117567376158918e-01
6.058117567376158918e-01
9.848529557212523100e-01
9.848529557212523100e-01
2.124770879813199509e-01
2.124770879813199509e-01
9.914726367825926756e-02
9.914726367825926756e-02
8.278015026160742695e-02
8.278015026160742695e-02
3.869766500287060151e-01
3.869766500287060151e-01
1.199999999999999956e+00
1.199999999999999956e+00
2.696084225489801117e-02
2.696084225489801117e-02
4.396293419817181442e-02
4.396293419817181442e-02
2.977161817014624123e-01
2.977161817014624123e-01
2.676579879835613296e-01
2.676579879835613296e-01
1.199999999999999956e+00
1.199999999999999956e+00
1.014443999905493832e-01
1.014443999905493832e-01
4.741645214143401788e-01
4.741645214143401788e-01
1.199999999999999956e+00
1.199999999999999956e+00
7.520474521644847365e-02
7.520474521644847365e-02
1.722542251904902733e-01
1.722542251904902733e-01
3.170989144929319773e-03
3.170989144929319773e-03
4.434379933178708710e-01
4.434379933178708710e-01
4.875862748995977158e-01
4.875862748995977158e-01
8.586228345338849099e-02
8.586228345338849099e-02
1.078594350372067689e-01
1.078594350372067689e-01
1.703531169196447759e-01
1.703531169196447759e-01
2.231925666665728336e-01
2.231925666665728336e-01
6.776297082870983424e-01
6.776297082870983424e-01
2.371028954719301418e-01
2.371028954719301418e-01
1.152320033916572478e-01
1.152320033916572478e-01
8.995692255366291579e-02
8.995692255366291579e-02
6.425800062058772966e-01
6.425800062058772966e-01
8.283544298560828745e-01
8.283544298560828745e-01
2.567619071187343116e-01
2.567619071187343116e-01
1.199999999999999956e+00
1.199999999999999956e+00
8.574092221899140553e-02
8.574092221899140553e-02
8.457500951029676972e-02
8.457500951029676972e-02
4.554389605315119494e-01
4.554389605315119494e-01
3.162449926573377423e-01
3.162449926573377423e-01
1.199999999999999956e+00
1.199999999999999956e+00
2.490239972572703686e-01
2.490239972572703686e-01
1.199999999999999956e+00
1.199999999999999956e+00
5.978550549608790260e-02
5.978550549608790260e-02
6.391286406027361922e-02
6.391286406027361922e-02
1.558846447611034469e-01
1.558846447611034469e-01
1.199999999999999956e+00
1.199999999999999956e+00
1.199999999999999956e+00
1.199999999999999956e+00
6.980243844455334690e-02
6.980243844455334690e-02
1.699222946668627332e-01
1.699222946668627332e-01
1.199999999999999956e+00
1.199999999999999956e+00
3.294515235246254364e-02
3.294515235246254364e-02
1.703887748566456639e-01
1.703887748566456639e-01
1.114670299908509035e-02
1.114670299908509035e-02
4.274294869234298577e-01
4.274294869234298577e-01
2.101404274685754470e-02
2.101404274685754470e-02
3.338652311081012347e-01
3.338652311081012347e-01
3.668428026878083892e-01
3.668428026878083892e-01
3.548047772850966286e-01
3.548047772850966286e-01
1.199999999999999956e+00
1.199999999999999956e+00
3.329753836127170574e-01
3.329753836127170574e-01
5.580859630128623960e-01
5.580859630128623960e-01
1.546220891785701768e-01
1.546220891785701768e-01
1.199999999999999956e+00
1.199999999999999956e+00
2.786764123285773720e-01
2.786764123285773720e-01
4.078775106386500759e-01
4.078775106386500759e-01
1.287078950027372437e-01
1.287078950027372437e-01
9.014779524448916781e-02
9.014779524448916781e-02
4.443454112551483148e-01
4.443454112551483148e-01
5.837666295410179340e-02
5.837666295410179340e-02
6.854957323899468769e-01
6.854957323899468769e-01
2.812452499657218732e-02
2.812452499657218732e-02
6.983741969238503877e-01
6.983741969238503877e-01
1.091187571432536895e-03
1.091187571432536895e-03
4.875397667599687401e-02
4.875397667599687401e-02
1.199999999999999956e+00
1.199999999999999956e+00
1.199999999999999956e+00
1.199999999999999956e+00
1.385611674355466671e-01
1.385611674355466671e-01
3.428068202285428252e-03
3.428068202285428252e-03
1.199999999999999956e+00
1.199999999999999956e+00
1.123501710570092404e+00
1.123501710570092404e+00
1.199999999999999956e+00
1.199999999999999956e+00
1.199999999999999956e+00
1.199999999999999956e+00
1.199999999999999956e+00
1.199999999999999956e+00
2.730967416548670812e-01
2.730967416548670812e-01
1.199999999999999956e+00
1.199999999999999956e+00
1.847974006786445855e-02
1.847974006786445855e-02
3.931792481891816515e-01
3.931792481891816515e-01
1.199999999999999956e+00
1.199999999999999956e+00
3.421084655217520448e-02
3.421084655217520448e-02
3.235661092304842890e-01
3.235661092304842890e-01
1.199999999999999956e+00
1.199999999999999956e+00
1.199999999999999956e+00
1.199999999999999956e+00
1.199999999999999956e+00
1.199999999999999956e+00
3.963508192883019587e-02
3.963508192883019587e-02
7.390744045734415346e-01
7.390744045734415346e-01
4.506281667998672247e-01
4.506281667998672247e-01
1.569225924373349179e-01
1.569225924373349179e-01
4.074456718680721234e-01
4.074456718680721234e-01
4.185324618211597181e-02
4.185324618211597181e-02
2.893650562828707362e-01
2.893650562828707362e-01
2.345216840490300658e-01
2.345216840490300658e-01
4.693884573077319877e-01
4.693884573077319877e-01
1.199999999999999956e+00
1.199999999999999956e+00
1.199999999999999956e+00
1.199999999999999956e+00
4.456159071913698422e-02
4.456159071913698422e-02
1.199999999999999956e+00
1.199999999999999956e+00
1.921648246972012808e-01
1.921648246972012808e-01
3.444268999465724401e-01
3.444268999465724401e-01
9.500841595519539107e-01
9.500841595519539107e-01
6.013071896724941218e-02
6.013071896724941218e-02
3.056697118206720409e-01
3.056697118206720409e-01
3.330714634757119263e-01
3.330714634757119263e-01
4.501105043842167364e-01
4.501105043842167364e-01
9.324999177253839866e-02
9.324999177253839866e-02
5.695329435365132920e-01
5.695329435365132920e-01
2.603054322718958632e-02
2.603054322718958632e-02
1.199999999999999956e+00
1.199999999999999956e+00
1.432124098906026322e-01
1.432124098906026322e-01
1.199999999999999956e+00
1.199999999999999956e+00
1.781517398105147421e-01
1.781517398105147421e-01
6.169187206362213294e-01
6.169187206362213294e-01
1.199999999999999956e+00
1.199999999999999956e+00
1.636035838509523332e-01
1.636035838509523332e-01
1.220569822400914550e-01
1.220569822400914550e-01
9.156996136368167338e-02
9.156996136368167338e-02
5.669237795264757684e-01
5.669237795264757684e-01
1.199999999999999956e+00
1.199999999999999956e+00
1.199999999999999956e+00
1.199999999999999956e+00
3.077044272517978629e-01
3.077044272517978629e-01
2.553174210508208364e-01
2.553174210508208364e-01
6.602041530325151175e-01
6.602041530325151175e-01
2.317967114829160014e-01
2.317967114829160014e-01
1.517847895296930809e-02
1.517847895296930809e-02
1.199999999999999956e+00
1.199999999999999956e+00
4.313146194083152807e-01
4.313146194083152807e-01
1.199999999999999956e+00
1.199999999999999956e+00
9.240215964424625117e-01
9.240215964424625117e-01
5.371238522171573049e-01
5.371238522171573049e-01
3.725511877012675499e-01
3.725511877012675499e-01
2.727958756268696050e-02
2.727958756268696050e-02
2.647715199732547653e-02
2.647715199732547653e-02
1.050868653918290097e+00
1.050868653918290097e+00
1.760392946303435124e-01
1.760392946303435124e-01
9.620361114061681818e-02
9.620361114061681818e-02
4.422698831879763870e-01
4.422698831879763870e-01
2.670819456981769063e-02
2.670819456981769063e-02
2.134734457409584452e-02
2.134734457409584452e-02
4.539906763993185185e-02
4.539906763993185185e-02
5.090570691927486235e-01
5.090570691927486235e-01
1.199999999999999956e+00
1.199999999999999956e+00
1.199999999999999956e+00
1.199999999999999956e+00
1.199999999999999956e+00
1.199999999999999956e+00
6.244870875978922875e-01
6.244870875978922875e-01
4.449614306019905041e-01
4.449614306019905041e-01
8.294696545221982298e-01
8.294696545221982298e-01
3.948892427896075752e-01
3.948892427896075752e-01
5.759791635503704876e-01
5.759791635503704876e-01
1.053377221991992352e-01
1.053377221991992352e-01
6.580158665778267080e-02
6.580158665778267080e-02
5.459263167511826942e-02
5.459263167511826942e-02
3.375205945891195380e-01
3.375205945891195380e-01
4.310443976182240511e-02
4.310443976182240511e-02
6.961167884175213372e-01
6.961167884175213372e-01
2.373062595080918380e-01
2.373062595080918380e-01
4.143102176591850760e-01
4.143102176591850760e-01
1.199999999999999956e+00
1.199999999999999956e+00
1.542037446131309109e-01
1.542037446131309109e-01
6.662289564403691688e-01
6.662289564403691688e-01
6.063881343115674893e-02
6.063881343115674893e-02
1.585239986614542240e-01
1.585239986614542240e-01
1.199999999999999956e+00
1.199999999999999956e+00
6.852003147385810067e-01
6.852003147385810067e-01
3.942260935188314219e-01
3.942260935188314219e-01
4.064163647253000722e-01
4.064163647253000722e-01
1.864365948369924378e-02
1.864365948369924378e-02
1.199999999999999956e+00
1.199999999999999956e+00
1.199999999999999956e+00
1.199999999999999956e+00
2.169952874668074350e-01
2.169952874668074350e-01
3.724762395039197815e-01
3.724762395039197815e-01
6.376586990071896055e-02
6.376586990071896055e-02
2.507627533494223918e-02
2.507627533494223918e-02
7.925469755121561377e-01
7.925469755121561377e-01
8.140419359695144630e-02
8.140419359695144630e-02
6.309629083548807804e-01
6.309629083548807804e-01
4.011620427796572935e-02
4.011620427796572935e-02
1.883463874134038984e-01
1.883463874134038984e-01
1.141814606589396271e-02
1.141814606589396271e-02
4.940177106322844458e-01
4.940177106322844458e-01
2.855873190073154322e-01
2.855873190073154322e-01
1.199999999999999956e+00
1.199999999999999956e+00
2.995792593123247083e-01
2.995792593123247083e-01
9.014450119313819482e-03
9.014450119313819482e-03
2.725831325920641812e-01
2.725831325920641812e-01
7.505679092835083888e-02
7.505679092835083888e-02
1.789194998945403681e-01
1.789194998945403681e-01
1.825220211266782300e-01
1.825220211266782300e-01
6.890893534643444118e-01
6.890893534643444118e-01
6.425630498358665399e-01
6.425630498358665399e-01
8.299609307732265240e-01
8.299609307732265240e-01
1.199999999999999956e+00
1.199999999999999956e+00
1.199999999999999956e+00
1.199999999999999956e+00
1.421018060893689261e-01
1.421018060893689261e-01
5.206740948705338434e-01
5.206740948705338434e-01
1.026851895764555600e-01
1.026851895764555600e-01
4.838428242145500491e-01
4.838428242145500491e-01
1.199999999999999956e+00
1.199999999999999956e+00
1.426309982206944854e-02
1.426309982206944854e-02
2.258722628944125344e-01
2.258722628944125344e-01
3.269409840398179723e-01
3.269409840398179723e-01
5.284946808527296591e-01
5.284946808527296591e-01
3.355202173781865471e-01
3.355202173781865471e-01
3.707775090201513857e-01
3.707775090201513857e-01
1.199999999999999956e+00
1.199999999999999956e+00
1.413914696003930882e-01
1.413914696003930882e-01
2.642038369844262879e-01
2.642038369844262879e-01
9.746221816164597485e-01
9.746221816164597485e-01
3.533936976761322540e-02
3.533936976761322540e-02
3.384296140514737039e-01
3.384296140514737039e-01
1.199999999999999956e+00
1.199999999999999956e+00
2.759399073973736183e-01
2.759399073973736183e-01
3.670702815938891583e-01
3.670702815938891583e-01
1.766367832383731670e-02
1.766367832383731670e-02
5.791971468089565644e-02
5.791971468089565644e-02
1.467898303144251904e-01
1.467898303144251904e-01
3.416031173453704661e-01
3.416031173453704661e-01
5.298787711252076621e-02
5.298787711252076621e-02
8.084111783883305424e-01
8.084111783883305424e-01
4.045160555767071120e-01
4.045160555767071120e-01
5.323768222876388290e-01
5.323768222876388290e-01
1.721196990841717955e-01
1.721196990841717955e-01
4.724453785087279201e-01
4.724453785087279201e-01
2.056975437813755251e-03
2.056975437813755251e-03
6.108499387747268194e-01
6.108499387747268194e-01
5.223905290432724335e-01
5.223905290432724335e-01
1.345560408917781114e-01
1.345560408917781114e-01
1.199999999999999956e+00
1.199999999999999956e+00
4.679605789217604062e-01
4.679605789217604062e-01
4.537263547605127068e-01
4.537263547605127068e-01
7.630009458885802509e-01
7.630009458885802509e-01
1.199999999999999956e+00
1.199999999999999956e+00
1.199999999999999956e+00
1.199999999999999956e+00
4.926874383600252649e-01
4.926874383600252649e-01
2.243982145283213436e-01
2.243982145283213436e-01
1.199999999999999956e+00
1.199999999999999956e+00
2.853402557273871688e-03
2.853402557273871688e-03
1.199999999999999956e+00
1.199999999999999956e+00
1.199999999999999956e+00
1.199999999999999956e+00
4.949773714041307837e-01
4.949773714041307837e-01
2.322846742936183484e-01
2.322846742936183484e-01
4.325876465524161607e-01
4.325876465524161607e-01
6.117235031906390619e-01
6.117235031906390619e-01
1.394445063133134370e-03
1.394445063133134370e-03
3.786263072283855280e-01
3.786263072283855280e-01
1.199999999999999956e+00
1.199999999999999956e+00
1.093618333534314008e-01
1.093618333534314008e-01
1.570438478248649683e-01
1.570438478248649683e-01
9.841397766219671384e-02
9.841397766219671384e-02
4.761153743739895972e-02
4.761153743739895972e-02
7.792891864503451171e-03
7.792891864503451171e-03
2.405578905042917437e-01
2.405578905042917437e-01
5.722305010306294459e-02
5.722305010306294459e-02
2.894392807111845767e-01
2.894392807111845767e-01
1.199999999999999956e+00
1.199999999999999956e+00
6.075946079953479240e-01
6.075946079953479240e-01
8.762802971225690241e-02
8.762802971225690241e-02
7.396238357801622199e-01
7.396238357801622199e-01
4.891231862278448694e-02
4.891231862278448694e-02
7.103488327518250878e-02
7.103488327518250878e-02
1.286910086138536857e-01
1.286910086138536857e-01
1.199999999999999956e+00
1.199999999999999956e+00
1.199999999999999956e+00
1.199999999999999956e+00
5.409471308890925201e-01
5.409471308890925201e-01
4.468975644696443830e-03
4.468975644696443830e-03
7.695903827280869969e-02
7.695903827280869969e-02
3.214639480306580310e-01
3.214639480306580310e-01
1.292693239148040574e-01
1.292693239148040574e-01
3.619554371730942383e-02
3.619554371730942383e-02
1.199999999999999956e+00
1.199999999999999956e+00
2.819536795663150075e-01
2.819536795663150075e-01
1.007291684893395711e+00
1.007291684893395711e+00
5.529477303450281989e-01
5.529477303450281989e-01
8.325188162947556869e-02
8.325188162947556869e-02
1.199999999999999956e+00
1.199999999999999956e+00
1.540073797767384511e-01
1.540073797767384511e-01
1.331719545207059041e-01
1.331719545207059041e-01
2.038456485983224098e-01
2.038456485983224098e-01
1.684024191134926018e-01
1.684024191134926018e-01
1.946658837776252815e-01
1.946658837776252815e-01
5.891184446525159490e-01
5.891184446525159490e-01
3.145282811963165948e-01
3.145282811963165948e-01
1.199999999999999956e+00
1.199999999999999956e+00
4.048937653158694028e-01
4.048937653158694028e-01
9.542649237937848028e-01
9.542649237937848028e-01
1.838941897466284947e-01
1.838941897466284947e-01
3.060869110840487295e-01
3.060869110840487295e-01
3.175068912248882880e-01
3.175068912248882880e-01
2.033179482506497493e-01
2.033179482506497493e-01
3.260773178086489033e-01
3.260773178086489033e-01
4.684797367898841935e-01
4.684797367898841935e-01
1.199999999999999956e+00
1.199999999999999956e+00
4.548504054997927759e-01
4.548504054997927759e-01
1.199999999999999956e+00
1.199999999999999956e+00
8.785790538414134376e-02
8.785790538414134376e-02
2.335067258287590666e-02
2.335067258287590666e-02
1.514681017944888575e-01
1.514681017944888575e-01
3.297293467418384583e-01
3.297293467418384583e-01
5.445142927656741044e-02
5.445142927656741044e-02
1.655634892396126157e-01
1.655634892396126157e-01
2.719580598878546668e-02
2.719580598878546668e-02
2.300299742651768509e-01
2.300299742651768509e-01
4.928529193508857098e-01
4.928529193508857098e-01
4.311087652489131727e-01
4.311087652489131727e-01
1.892042012595848144e-01
1.892042012595848144e-01
2.926786893868198181e-02
2.926786893868198181e-02
1.199999999999999956e+00
1.199999999999999956e+00
2.077755625249077809e-01
2.077755625249077809e-01
