4.838397522740468304e+01
6.681812107443543880e+01
8.544087491455894678e+01
1.034554107179805840e+02
1.161440185830428788e+02
1.377790024800222852e+02
1.447178002894352744e+02
1.628664495114009014e+02
1.728309713100580325e+02
1.836210062431136123e+02
1.973164956590360077e+02
2.075550020755505045e+02
2.186270222999567636e+02
2.294630564479121233e+02
2.378686964795428480e+02
2.516356316054374531e+02
2.570694087403603589e+02
2.610966057441253270e+02
2.729257641921380468e+02
2.767017155506393351e+02
2.876869965477568485e+02
2.890173410404645438e+02
2.983293556085939144e+02
3.024803387779806485e+02
3.092145949288803308e+02
3.150598613736599987e+02
3.190810465858358498e+02
3.257328990228018029e+02
3.335557038025336851e+02
3.342245989304794307e+02
3.344481605351166422e+02
3.380662609871566815e+02
3.376097231600272153e+02
3.474635163307876269e+02
3.501400560224126934e+02
