6.011783094865923971e+01
7.090187180941562417e+01
1.024380249948780630e+02
1.238850346878098492e+02
1.415227851684117866e+02
1.635055591890133257e+02
1.769285208775657736e+02
1.906941266209007324e+02
2.133105802047770112e+02
2.264492753623178203e+02
2.352941176470588971e+02
2.499999999999997726e+02
2.621919244887238278e+02
2.704164413196305077e+02
2.756339581036377240e+02
2.815315315315315843e+02
2.868617326448642757e+02
2.969121140142523814e+02
3.004807692307694538e+02
3.058103975535193513e+02
3.103662321539446225e+02
3.138731952291274183e+02
3.158559696778266925e+02
