3.491620111731843679e+01
5.828185103158874369e+01
7.466029565477082031e+01
9.125752874612136623e+01
1.092418614813194324e+02
1.257545271629777943e+02
1.436368859523125252e+02
1.615508885298867483e+02
1.753155680224411412e+02
1.871257485029934742e+02
1.993620414673047208e+02
2.110595187842972962e+02
2.214348981399464265e+02
2.349624060150379705e+02
2.442598925256474161e+02
2.506265664160412143e+02
2.632964718272766618e+02
2.742731760833794965e+02
2.794857462269430357e+02
2.860411899313510844e+02
2.935995302407536656e+02
2.963841138115007539e+02
3.004807692307694538e+02
3.061849357011643065e+02
3.107520198881261990e+02
3.134796238244488222e+02
3.203074951953850018e+02
3.211303789338454067e+02
3.217503217503240762e+02
3.276539973787669169e+02
3.309066843150241084e+02
3.337783711615488755e+02
