6.156877231867996869e+01
7.501875468867230268e+01
8.611780916293488986e+01
9.678668215253573237e+01
1.096491228070173349e+02
1.213886865744110821e+02
1.313370107696347304e+02
1.375894331315353440e+02
1.501952538299787818e+02
1.564945226917050718e+02
1.613423685059704553e+02
1.653439153439150857e+02
1.717032967032965018e+02
1.755617977528086158e+02
1.778726431874772516e+02
1.743983257760727099e+02
1.740341106856935198e+02
1.736714136853081811e+02
1.865671641791049353e+02
1.862197392923646930e+02
1.938735944164406249e+02
1.970831690973581942e+02
1.976284584980246564e+02
