1.941596769182976345e+01
8.893632159373899526e+01
1.086484137331590887e+02
1.178411501296253476e+02
1.318217769575533111e+02
1.465845793022570263e+02
1.562988433885580264e+02
1.668335001668332040e+02
1.875468867216810906e+02
1.896813353565997602e+02
2.052545155993418575e+02
2.118644067796604133e+02
2.205558006175565424e+02
2.328830926874722138e+02
2.483854942871338380e+02
2.549719530851618572e+02
2.655337227827916422e+02
2.733734281027896600e+02
2.875215641173085146e+02
2.868617326448642757e+02
