5.269259142164615639e+01
8.557247989046724967e+01
1.143379830779789472e+02
1.410039481105469008e+02
1.682368775235533462e+02
1.872659176029966375e+02
2.177700348432068154e+02
2.350728725905017029e+02
2.515090543259570381e+02
2.714440825190028477e+02
2.939447383891795198e+02
3.130870381966178684e+02
3.326679973386538336e+02
3.538570417551315472e+02
3.620564808110097488e+02
3.731343283582129402e+02
3.849114703618216708e+02
3.965107057890559759e+02
4.022526146419970701e+02
4.118616144975350153e+02
4.205214465937778527e+02
