6.280618012812463746e+01
7.243227582210640492e+01
8.361204013377947319e+01
9.402030838661148948e+01
1.054629824931450059e+02
1.135073779795682896e+02
1.253446979192780901e+02
1.352447930754659637e+02
1.448435689455392890e+02
1.538935056940590869e+02
1.635055591890133257e+02
1.728309713100580325e+02
1.801152737752160817e+02
1.918649270913278997e+02
1.981767736821237804e+02
2.086811352253758116e+02
2.205558006175565424e+02
2.287282708142727472e+02
2.382086707956162570e+02
2.471576866040537368e+02
