6.021194605009633705e+01
8.286377195889947700e+01
1.027960526315789025e+02
1.212709192335674828e+02
1.390047261606900975e+02
1.633986928104577316e+02
1.829491401390408498e+02
1.977848101265825278e+02
2.213368747233278384e+02
2.304147465437805806e+02
2.508780732563973288e+02
2.612330198537073898e+02
2.695417789757402716e+02
2.776235424764007576e+02
2.901915264074275456e+02
2.976190476190488994e+02
3.075030750307514040e+02
3.293807641633686671e+02
3.190810465858313592e+02
3.274394237066117626e+02
3.322259136212622934e+02
3.346720214190104343e+02
3.412969283276490273e+02
3.457814661134182757e+02
3.460207612456782726e+02
3.536067892503525627e+02
3.551136363636340434e+02
