8.327781479014008426e+01
1.117568171658471101e+02
1.313025210084037155e+02
1.411631846414454685e+02
1.561036528254761038e+02
1.671122994652409375e+02
1.812250815512866779e+02
1.912045889101329692e+02
2.048340843916423921e+02
2.107925801011807607e+02
2.187226596675405688e+02
2.321262766945205840e+02
2.351834430856061715e+02
2.461841457410136798e+02
2.557544757033224698e+02
2.602811035918768994e+02
2.648305084745761633e+02
2.698327037236922479e+02
2.720348204570208281e+02
2.801120448179249252e+02
2.840909090909116799e+02
2.903600464576072113e+02
2.890173410404645438e+02
2.941176470588213192e+02
2.956830277942049747e+02
2.999400119975971393e+02
