4.730368968779558969e+01
7.469375560203167197e+01
9.893153937475305781e+01
1.196458482890643893e+02
1.394700139470016325e+02
1.601537475976936662e+02
1.757469244288219556e+02
1.928268414963362432e+02
2.060156571899463245e+02
2.235136343316942202e+02
2.319109461966602055e+02
2.472799208704265084e+02
2.566735112936352721e+02
2.645502645502656947e+02
2.754820936639101774e+02
2.793296089385470395e+02
2.847380410022776118e+02
2.895193977996543140e+02
2.960331557134425111e+02
3.019323671497560895e+02
