5.896921806816831690e+01
7.933989209774665596e+01
9.759906304899494955e+01
1.161170459823499499e+02
1.337971635001333652e+02
1.461133839859734564e+02
1.573811772112051699e+02
1.712915381980127165e+02
1.817520901490372296e+02
1.973943939992115588e+02
2.083333333333331723e+02
2.184359982525112969e+02
2.231146809460058194e+02
2.369668246445484101e+02
2.426006792819017903e+02
2.505010020040082850e+02
2.582644628099167790e+02
2.655337227827948254e+02
2.723311546840968731e+02
2.750275027502737544e+02
2.850627137970335525e+02
2.891844997108150324e+02
2.920560747663547545e+02
2.913752913752940685e+02
2.917152858809812983e+02
3.021148036253805458e+02
3.017501508750718813e+02
3.058103975535193513e+02
3.090234857849222863e+02
