4.568713450292398193e+01
5.806526535826275648e+01
7.674597083653129914e+01
9.041591320072312499e+01
1.046243984097091442e+02
1.228199459592237019e+02
1.318217769575533111e+02
1.390433815350389466e+02
1.488981536628938613e+02
1.680672268907566433e+02
1.776830135039100753e+02
1.929756850636812260e+02
2.155172413793093256e+02
2.441406249999993463e+02
2.757859900717046457e+02
3.067484662576690653e+02
3.342245989304794307e+02
3.419972640218859965e+02
3.371544167228562969e+02
3.373819163292835128e+02
