3.952569169960472806e+01
8.250825082508252706e+01
1.079913606911446919e+02
1.392757660167137885e+02
1.650709805216234827e+02
1.899696048632210363e+02
2.094679514034347676e+02
2.308402585410894403e+02
2.431906614785976330e+02
3.058103975535152017e+02
2.937720329024671173e+02
3.056234718826419225e+02
3.415300546448090131e+02
3.576537911301890063e+02
3.646973012399737399e+02
3.690036900369017303e+02
3.728560775540601071e+02
3.840245775729637217e+02
3.955696202531580639e+02
4.016064257028160682e+02
4.111842105263175426e+02
4.159733777038297262e+02
4.266211604095580014e+02
4.366812227074166231e+02
