6.500260010400407396e+01
8.222331853313595218e+01
9.684292078249067970e+01
1.070663811563170071e+02
1.167951413221209549e+02
1.292323597828900006e+02
1.408450704225348602e+02
1.517450682852805528e+02
1.622323166774817764e+02
1.705320600272850413e+02
1.783803068141277208e+02
1.852537977028524381e+02
1.977066034005533197e+02
2.027575020275758106e+02
2.099076406381196591e+02
2.130379207498945675e+02
2.189141856392297143e+02
2.253267237494373774e+02
2.299908003679866511e+02
2.347417840375576361e+02
2.394636015325669405e+02
2.401536983669541314e+02
2.449779519843209528e+02
2.449779519843209528e+02
2.452182442373723461e+02
2.493765586034897410e+02
2.517623363544814765e+02
2.541942043721392963e+02
2.551020408163257400e+02
2.600104004160185696e+02
