1.489868891537552997e+02
1.690331304935770902e+02
1.939487975174560574e+02
2.158894645941271619e+02
2.373042240151858664e+02
2.498750624687673394e+02
2.692514808831452342e+02
2.796420581655497131e+02
2.955082742316815825e+02
3.048780487804883705e+02
3.205128205128193031e+02
3.272251308900532081e+02
3.357958361316354399e+02
3.415300546448090131e+02
3.543586109142490841e+02
3.591954022988522865e+02
3.610108303249119217e+02
3.687315634218284117e+02
3.739715781600568789e+02
3.796507213363669280e+02
3.855050115651459919e+02
3.906250000000023306e+02
3.891050583657579409e+02
3.930817610062873086e+02
4.009623095429035970e+02
3.996802557953630526e+02
4.038772213247153786e+02
4.045307443365719564e+02
4.051863857374386271e+02
4.081632653061192855e+02
4.156275976724859333e+02
