5.381552039608220639e+01
9.179364787956707517e+01
1.147578609134728822e+02
1.349892008639310177e+02
1.483239394838331009e+02
1.646361540994402048e+02
1.815541031227297708e+02
1.922337562475964319e+02
2.096436058700216165e+02
2.212389380530977974e+02
2.399232245681385507e+02
2.477700693756183909e+02
2.596053997923149268e+02
2.673796791443859320e+02
2.808988764044972868e+02
2.917152858809812983e+02
3.003003003002993410e+02
3.113325031133257426e+02
3.152585119798237656e+02
3.198976327575169307e+02
3.300330033003301082e+02
3.304692663582267755e+02
