2.517623363544812420e+01
3.975826972010182203e+01
7.206687806284232067e+01
1.241927471435669190e+02
1.569858712715858928e+02
1.737921445950631778e+02
1.998401278976815263e+02
2.200704225352127139e+02
2.315886984715145900e+02
2.593360995850627546e+02
2.712967986977761825e+02
2.956830277942049747e+02
3.101736972704688924e+02
3.328894806924093928e+02
3.415300546448090131e+02
3.511235955056226885e+02
3.644314868804617618e+02
3.728560775540663030e+02
3.813882532418014648e+02
3.977724741447901238e+02
4.019292604501605410e+02
4.122011541632325020e+02
4.166666666666663446e+02
4.215851602023615214e+02
4.359197907585053713e+02
