-8.700279701778639208e+01
-6.815673517287426364e+01
-7.782068916674509751e+01
-1.059926117944043966e+02
-7.054331021428545512e+01
-1.020004414378983171e+02
-6.811089810053725557e+01
-9.205501909328660304e+01
-7.093478433044219855e+01
-6.897497817280112997e+01
-8.587042758945069920e+01
-9.211183178109752134e+01
-8.505882763737150754e+01
-7.122247092420035131e+01
-8.847572493150904904e+01
-8.798049346914028490e+01
-6.541246434383064923e+01
-6.937614233735159530e+01
-5.055707753269411597e+01
-5.898715517651594098e+01
-5.114161092584343038e+01
-8.144392236803966512e+01
-8.896556977353662887e+01
-6.352731211990791849e+01
-5.245597783775851042e+01
-7.739172524847614909e+01
-6.627698180975518483e+01
-9.410026371111590038e+01
-5.974229333245287421e+01
-6.683198130322857367e+01
-8.796508549302386371e+01
-9.467033394474864849e+01
-9.830341525353817644e+01
-8.440356098786010364e+01
-5.218330760044791816e+01
-7.974612949640653881e+01
-7.029092784461305143e+01
-9.075246520093509162e+01
-7.219577633618858670e+01
-5.712700137631375696e+01
-9.821304525409209418e+01
-6.025965109717532897e+01
-1.147884358345544342e+02
-9.101206807746301308e+01
-8.892869126170549521e+01
-8.290847338845416914e+01
-6.993054727647583491e+01
-5.760477541966258741e+01
-8.806305689512166168e+01
-8.528795266031906408e+01
-4.880039696151717266e+01
-9.512110833590243431e+01
-8.228635123091270032e+01
-7.805043693006858518e+01
-8.123287660531987342e+01
-7.324616579146179163e+01
-6.600885866803673707e+01
-5.579625576331378056e+01
-8.959547194942594217e+01
-8.015646457130628733e+01
-6.532014627204624446e+01
-6.328124788441412107e+01
-9.271727341549528489e+01
-7.804474576274976982e+01
-8.011146456204676269e+01
-7.637758018660339587e+01
-8.277030688479320020e+01
-5.731071557678321682e+01
-7.969684539419135660e+01
-6.867892450556493600e+01
-8.136083583257810403e+01
-7.641537813133213319e+01
-6.593473384610494747e+01
-9.819075423779091238e+01
-7.386865718280124327e+01
-6.557810498230975327e+01
-7.237872014953485689e+01
-8.333881850552504034e+01
-7.040999414874559648e+01
-6.378435756272526902e+01
-6.712982117842528851e+01
-8.847181039229177202e+01
-7.912277609560749170e+01
-6.700807819795662112e+01
-7.463268427186109477e+01
-7.831735974286937108e+01
-5.485793900733887085e+01
-8.086158227167834411e+01
-7.150604970933112270e+01
-9.221540706262663889e+01
-6.751886720058216440e+01
-7.708711906683865323e+01
-8.919765847083759525e+01
-6.887206314183453060e+01
-6.504770284052735008e+01
-8.628209874408997848e+01
-5.737445868836448426e+01
-6.527886641576871796e+01
-4.330386602526721873e+01
-6.457935825825664722e+01

