-7.328340591887005928e+01
-6.818843826130169816e+01
-6.905587856049237416e+01
-7.443897686980737660e+01
-7.823849803243103906e+01
-7.254685021563496150e+01
-4.205699571101547463e+01
-6.808917397098758784e+01
-5.734522120817013757e+01
-6.850859365094112263e+01
-8.969886614040582629e+01
-8.122672488406909963e+01
-8.969252189004740217e+01
-9.679226428861743159e+01
-8.016251449658160766e+01
-8.240848857314860254e+01
-8.000449224647341850e+01
-7.559357912679845981e+01
-5.995507895609510740e+01
-9.811789898280302680e+01
-7.208899107938754014e+01
-8.218711311230212857e+01
-8.514243761726083903e+01
-8.103184097898684968e+01
-8.330754914808096601e+01
-8.200870794365158645e+01
-7.932462687277453028e+01
-9.924901790739217233e+01
-9.698530587593495511e+01
-5.809073145516207859e+01
-8.027531983241951252e+01
-6.769109484186157033e+01
-9.155651005620323701e+01
-6.433041503032536923e+01
-8.616669871739176756e+01
-8.290836982287972035e+01
-8.770400676240531368e+01
-8.299783823508938951e+01
-7.929497735994746677e+01
-9.464269966990696048e+01
-6.506745817399222176e+01
-9.422610997828499535e+01
-9.272904746239559870e+01
-5.756878207524295021e+01
-8.530028907821760242e+01
-8.319938128168810465e+01
-4.160711009701799412e+01
-8.719670870065002077e+01
-4.661450897525693193e+01
-6.804404035452388655e+01
-9.250216651669192913e+01
-8.647283142420729973e+01
-8.135733088005028435e+01
-7.981337901689893499e+01
-8.534042849079925475e+01
-6.576574489328875472e+01
-4.868947750875120306e+01
-8.389165704941216006e+01
-8.655946455739531586e+01
-5.783495592447282263e+01
-8.346073766758883039e+01
-9.907638324684837983e+01
-3.866319427285608157e+01
-9.342481199776294432e+01
-8.210073771424907818e+01
-5.544093980704272440e+01
-1.000733043967868241e+02
-8.072760239507584856e+01
-7.029846799995441131e+01
-8.265123044853855561e+01
-4.529142361473038392e+01
-7.923188687340102376e+01
-1.010549287259815401e+02
-9.364048309358472011e+01
-8.662234757957800468e+01
-6.419927149977831959e+01
-9.149234106876599526e+01
-6.956604119524828889e+01
-6.232969126271443372e+01
-6.299088240371140301e+01
-6.650772974645464330e+01
-7.586062139203613697e+01
-5.529181929010537289e+01
-1.015683662643697858e+02
-8.234753580478627555e+01
-8.910978846537221898e+01
-9.922628106897121825e+01
-6.832013621190029085e+01
-8.174832983025422095e+01
-8.992569652281099479e+01
-6.321822061699116091e+01
-9.045116312906587552e+01
-8.119182047582421546e+01
-8.227135385148338287e+01
-8.264108379066655630e+01
-8.236505887008824800e+01
-3.542838267263253726e+01
-8.890550871864147098e+01
-6.331173377571654726e+01
-8.100363521689467916e+01
