-7.466619220410839830e+01
-6.796811443745582437e+01
-7.974828930405250560e+01
-7.376824055929357371e+01
-8.202807244558218258e+01
-7.080531903865109200e+01
-5.519837869522635998e+01
-8.152802000905778357e+01
-6.987915509866172670e+01
-6.926799773592620113e+01
-9.074994470479028053e+01
-9.352696305584038328e+01
-9.105348676973419231e+01
-9.699058861491627681e+01
-8.522692556830206456e+01
-7.888476411227404128e+01
-8.276975328229698903e+01
-7.477860957433689748e+01
-6.117070511613579953e+01
-9.430591813776776178e+01
-7.253236177750969205e+01
-8.008125242948824507e+01
-9.140441210117879223e+01
-8.473732556802393390e+01
-8.756772520439498919e+01
-8.530417182342257831e+01
-7.885535321137237474e+01
-9.041083152160402392e+01
-8.562513257289528212e+01
-6.709484187128639121e+01
-7.963072872666937485e+01
-6.747411820144282046e+01
-8.504332037698770819e+01
-6.836008617836020562e+01
-9.113402118293961962e+01
-8.108585472412470097e+01
-7.939000204300336350e+01
-9.013530778482676453e+01
-7.894454439269516399e+01
-9.505824244775730847e+01
-6.242183272275280359e+01
-9.021455458751027834e+01
-8.935202889548611438e+01
-6.894165173513984257e+01
-8.911120070984445363e+01
-8.270172831301090355e+01
-3.970721180827969476e+01
-9.327667803082985643e+01
-3.872445029553362161e+01
-6.951209739225981821e+01
-9.879164882117744639e+01
-8.814775574497978994e+01
-7.595783597019847377e+01
-8.310807105415895535e+01
-8.152106592804904039e+01
-6.237366206712200523e+01
-5.955647944901097901e+01
-7.739773064319221874e+01
-7.957585463868487352e+01
-6.404624415568075335e+01
-7.591226369689907472e+01
-8.914509104273885498e+01
-4.732877625844889735e+01
-8.764183391189200734e+01
-8.203770194135063321e+01
-7.064405533844659146e+01
-9.123145922615849202e+01
-8.061474063029116621e+01
-7.186885695684213715e+01
-8.738734626079858003e+01
-3.954915159073257058e+01
-7.561512600928297445e+01
-9.221057991980590884e+01
-8.865895752092880855e+01
-8.388482341448283819e+01
-5.231716595745398024e+01
-9.137283661387344580e+01
-5.525936581453554197e+01
-6.822282039499148709e+01
-6.298839894655822746e+01
-6.878753854406552648e+01
-7.480250942545171711e+01
-6.217290605645106893e+01
-8.286281334408229782e+01
-8.291979800620752883e+01
-8.625072096630576368e+01
-8.023952452014759729e+01
-6.774539422565307234e+01
-8.312207441456305901e+01
-9.224405819899858727e+01
-7.052363380057755649e+01
-8.509932199838435452e+01
-8.201042689245599604e+01
-7.988031778887530265e+01
-9.048656910502501205e+01
-9.275024699258214866e+01
-5.282373139717036992e+01
-8.237083764546439113e+01
-6.676204491096967786e+01
-7.781647344674654221e+01
