-7.499074633376422128e+01
-6.533040643620323351e+01
-7.897230714790555339e+01
-7.255269838165074248e+01
-8.107341013586321310e+01
-7.900930722315551691e+01
-4.197371050026909245e+01
-8.139082461449740435e+01
-6.314424379247539321e+01
-6.214085104811938720e+01
-9.195729326128811465e+01
-8.511415721073949214e+01
-8.568602295128079049e+01
-9.502648857435232799e+01
-7.919827930292849771e+01
-8.103929727314368847e+01
-7.331960429375507715e+01
-7.576290294636466172e+01
-5.531249075052522102e+01
-8.837891337731174701e+01
-7.135305669859307898e+01
-8.118242396407573835e+01
-8.269612264038345018e+01
-7.969087630712596138e+01
-8.074897967221230033e+01
-8.334539937536594323e+01
-7.776964176765957859e+01
-8.727961805720312327e+01
-9.487489463380050836e+01
-6.154877614958487442e+01
-8.093591102886882993e+01
-6.504514038445969959e+01
-8.355164994111960652e+01
-6.055121923607348577e+01
-8.436323660494031174e+01
-8.236054789911038654e+01
-8.756117613825180968e+01
-8.573269830462795937e+01
-8.003513078691885596e+01
-9.238859290980262529e+01
-6.821405551521532118e+01
-9.037718819420406646e+01
-8.476907625817142389e+01
-6.875824245055331119e+01
-8.927719704681328494e+01
-9.450521189382530451e+01
-4.508747488225446887e+01
-8.986482143249040178e+01
-4.371527228439491353e+01
-4.469903922961552922e+01
-8.836653578964956068e+01
-8.238380418622651291e+01
-8.531714746975737285e+01
-9.460067513043121323e+01
-8.760590506206001749e+01
-6.949336871827004813e+01
-6.576217129956107499e+01
-7.974687799601163363e+01
-7.836976701233481890e+01
-5.559186772573693247e+01
-7.841051417822592384e+01
-9.323396302962719062e+01
-4.292859289221487984e+01
-8.649279649705502493e+01
-8.162810114501397152e+01
-7.108000592492625458e+01
-9.354288309308573446e+01
-7.809215744818001781e+01
-7.121889802079377318e+01
-8.702507644976348899e+01
-6.697488494417727622e+01
-7.596695715320672093e+01
-8.248557982406170197e+01
-9.670405387989693224e+01
-1.036816755259561944e+02
-6.379859200512670725e+01
-8.685648117982098881e+01
-6.001904761209414829e+01
-6.148436490025910928e+01
-6.539716335079145892e+01
-6.707200286364569308e+01
-7.651556287792114119e+01
-5.301155123180736695e+01
-9.973917548731152749e+01
-7.918879164669273507e+01
-9.267303547638826444e+01
-8.854483496538601628e+01
-4.860100232347678428e+01
-8.588588579692046210e+01
-9.092289683012448620e+01
-5.223697341196083954e+01
-9.180319248596576642e+01
-8.450014481587815851e+01
-8.876959528189887294e+01
-8.606259232970009521e+01
-8.651016192617305478e+01
-6.086193438686454016e+01
-9.898485557431752113e+01
-4.398664669453675913e+01
-7.863063079264773592e+01
