-6.340560421416120818e+01
-7.182277141498245498e+01
-7.567499066879551606e+01
-7.520365261005568414e+01
-8.519462075940475643e+01
-6.888261239832092997e+01
-4.731426372137391922e+01
-6.885768515852173266e+01
-6.071990927988937869e+01
-7.198661325317824833e+01
-8.281819949620377486e+01
-8.064430355593505340e+01
-8.076657808102426372e+01
-9.879809170197691515e+01
-7.949767371273003391e+01
-7.992259457169086545e+01
-8.907819055856315060e+01
-7.556789722358510630e+01
-5.369552790111381313e+01
-9.978561807299449526e+01
-7.693330517023903781e+01
-9.103760519964951925e+01
-8.273232679781008869e+01
-8.091678659655445927e+01
-8.834364166206438540e+01
-8.331148444113043183e+01
-8.146252027069971291e+01
-9.494250744951919785e+01
-9.840440305132018750e+01
-5.681968862748962579e+01
-8.191096923819351616e+01
-6.337784738698227471e+01
-9.069762249849306102e+01
-6.456284910301988589e+01
-1.039960471512689537e+02
-9.002924702486123465e+01
-7.899308552979715614e+01
-9.028453897505033865e+01
-7.632143866481865757e+01
-8.790347688138969318e+01
-5.800805150318213066e+01
-9.606149848298387894e+01
-1.021402125810949713e+02
-6.655927791697362750e+01
-1.085648802565477382e+02
-8.471677302717708358e+01
-4.313717949959374920e+01
-8.946808213183756209e+01
-3.199299279718559319e+01
-6.681147313921790953e+01
-9.110087947930412611e+01
-8.992704268696381575e+01
-8.107649217590054036e+01
-8.418863729404846197e+01
-9.646923982042869739e+01
-7.316434690955955489e+01
-5.365503620419445951e+01
-7.792196891217507471e+01
-8.468386638403899269e+01
-4.930796217013512717e+01
-9.116402865744120732e+01
-8.792451589865333972e+01
-4.562122385798478774e+01
-9.048394576055233074e+01
-7.922481242186859163e+01
-6.171025676731788678e+01
-8.475806195659637865e+01
-7.721443785701943341e+01
-6.954854292044582564e+01
-8.744617004402633142e+01
-6.516442997455123987e+01
-7.729026773727247246e+01
-9.630214973612427798e+01
-9.493584590703923709e+01
-8.100426880560048915e+01
-5.644111894124642248e+01
-9.748681615625392283e+01
-6.890951777929242894e+01
-6.582237217749695901e+01
-6.830606034995855680e+01
-6.444463418693200651e+01
-7.468514557102726314e+01
-6.233538684624078741e+01
-9.851704576765887111e+01
-7.835244674970272172e+01
-8.201800796335490418e+01
-8.573182722982102177e+01
-5.107918175990183585e+01
-8.728746333235780241e+01
-7.945468051647077345e+01
-5.375755310714330193e+01
-8.788095674011678682e+01
-8.769581552962669946e+01
-7.943202304574028005e+01
-8.662526590351536981e+01
-9.058854713267237457e+01
-4.544752724097313035e+01
-8.456002601581914746e+01
-6.527980304478531082e+01
-7.932933209237145888e+01
