-7.284540929751049987e+01
-7.622725638804010373e+01
-7.347953317890795688e+01
-7.591089866393176067e+01
-8.095064146765321311e+01
-6.911570403391712603e+01
-3.921380563578989609e+01
-8.558019478614546927e+01
-7.009171657109648379e+01
-7.423845823044028691e+01
-7.935600083131356541e+01
-8.052242168560266578e+01
-7.944399183049218038e+01
-9.240199218821197746e+01
-8.020815874143448809e+01
-8.201530225061165424e+01
-7.857481966269402562e+01
-7.548433424130473668e+01
-6.191545664444066688e+01
-9.740613040599561145e+01
-7.523847932437138297e+01
-9.070695475574444799e+01
-8.097492419627583615e+01
-8.111663275353674862e+01
-7.933309451248655364e+01
-8.430903608562331897e+01
-8.846051488864827661e+01
-9.423343436028262943e+01
-9.021962192138317960e+01
-6.409042394279657628e+01
-7.766552104792849320e+01
-6.422694823163389799e+01
-8.083752321632911730e+01
-6.432189661627032251e+01
-9.422115270975648116e+01
-7.981207917246268835e+01
-7.975096278296398111e+01
-8.897588877974560262e+01
-8.075189018708945810e+01
-9.564347744390720152e+01
-4.987090925910697337e+01
-9.127237473742476936e+01
-9.320516440271315162e+01
-6.554807996851964447e+01
-8.767609487977190952e+01
-7.968494396029498716e+01
-4.173820663670002773e+01
-9.636466665016550337e+01
-4.306493126190714094e+01
-6.891101377006829409e+01
-8.921461695725419361e+01
-8.942755338546574251e+01
-7.862968631186511459e+01
-8.084800169803504843e+01
-8.449751211418539754e+01
-4.504093509600792089e+01
-6.443369824906743304e+01
-7.680457511661253989e+01
-8.735302955479542675e+01
-6.310430705445509147e+01
-8.378913851867146434e+01
-8.434479963504790589e+01
-4.602441106841436635e+01
-8.356968560769973919e+01
-7.868764530033266169e+01
-7.313606786743959276e+01
-9.615945958202853205e+01
-7.982205013596262688e+01
-5.715361721334331691e+01
-8.392356495096383640e+01
-6.029638008647232539e+01
-7.910459713688901218e+01
-9.302629774037094990e+01
-9.220381402187641129e+01
-8.406826037291183695e+01
-6.893909437898591364e+01
-9.165156989207309834e+01
-6.043759884005654470e+01
-6.143560778303947245e+01
-6.883803528432704866e+01
-6.357721136439803900e+01
-7.484045632664584957e+01
-6.023214827117269010e+01
-9.583793107084220253e+01
-7.877465533563895406e+01
-9.470288074343756080e+01
-9.099659436827528225e+01
-6.453626474577184524e+01
-7.894789295482200941e+01
-8.175502993179452460e+01
-6.281421989599245848e+01
-8.375113167254814073e+01
-8.231366794498740092e+01
-8.244897696087419092e+01
-8.582334253865508344e+01
-8.185471724139146943e+01
-5.526123941122563110e+01
-8.750560005618579851e+01
-6.342976433430301597e+01
-7.791822339098237649e+01
