-7.440000034425365527e+01
-7.704581640011205934e+01
-7.378688141742340179e+01
-7.257750820606756292e+01
-7.740789512964545338e+01
-6.562969443582122153e+01
-4.860515854251855217e+01
-7.397765601500664445e+01
-6.160198470992452258e+01
-7.210634917149624812e+01
-8.645469950986147012e+01
-7.844584734104354595e+01
-8.017187488751183366e+01
-9.152677382335039624e+01
-8.214149803422867535e+01
-8.348395110197368751e+01
-8.112382109809300346e+01
-7.496898311497753298e+01
-5.024721723075886359e+01
-1.001825843228735096e+02
-7.316972393880546122e+01
-7.961473364930070318e+01
-8.408505328238031495e+01
-8.256283703614069225e+01
-8.050165106800744752e+01
-8.629763773690204687e+01
-8.510655288774354688e+01
-8.427554146708548899e+01
-8.439683011129056922e+01
-5.983382581269025735e+01
-9.861439538264552596e+01
-6.870326627069353265e+01
-8.848783405061008978e+01
-6.965822374357983904e+01
-1.030220719026227840e+02
-8.846865433053351069e+01
-8.339675861846424709e+01
-9.888914014596382174e+01
-7.750638459276618164e+01
-9.359639402789889573e+01
-6.913289587717582663e+01
-9.105791768167813416e+01
-9.398685390554447849e+01
-6.287747171868095108e+01
-8.278294379738468933e+01
-7.985969003497193341e+01
-3.190666861040344671e+01
-9.100940990093363325e+01
-5.860797813522556510e+01
-6.909226411348380736e+01
-9.117204096319814255e+01
-9.430464734913064717e+01
-8.065448051352034042e+01
-8.148044863031378782e+01
-8.785111069324800326e+01
-7.297414003488673018e+01
-6.434242888803873939e+01
-7.896150483049144952e+01
-7.927756575698950314e+01
-5.408241343149730085e+01
-8.138902630805097260e+01
-8.553063269640172450e+01
-3.767490813714894671e+01
-8.036450254102358315e+01
-8.794977643812198664e+01
-6.605376098957759723e+01
-8.696977208550208616e+01
-7.818541539760121850e+01
-5.169645953782193004e+01
-1.029602546800796148e+02
-4.070688339417383617e+01
-7.605611089651023349e+01
-9.779126087969491721e+01
-9.127557077090276039e+01
-8.277539399784326690e+01
-6.582318220241508300e+01
-9.506104448419151254e+01
-5.155496105055838285e+01
-5.910637605884559065e+01
-7.224260343925649863e+01
-6.072539310393569423e+01
-7.436634693467614454e+01
-6.175930109063231299e+01
-8.515562932699272380e+01
-7.846393665139292750e+01
-9.567624392520983179e+01
-8.298987170641844102e+01
-6.634382854544699626e+01
-8.267465424911941341e+01
-9.030640209305440180e+01
-6.217808441153275822e+01
-8.275058154416230138e+01
-8.597748259513812741e+01
-9.712549790984972731e+01
-9.253935708750104538e+01
-9.888206427413075517e+01
-4.220094858730607967e+01
-8.563085221175489892e+01
-6.570685151657495737e+01
-7.775008238719139797e+01
