-7.202254109929275216e+01
-7.635766319837334493e+01
-8.080707323260223518e+01
-7.373421946431665219e+01
-8.773339379678695593e+01
-7.499568182793963445e+01
-3.882247527087887562e+01
-7.556223278901441631e+01
-6.549315789175051350e+01
-6.870987440306799954e+01
-9.272266007856312342e+01
-7.902669186572786941e+01
-7.918657679302411623e+01
-9.163065989996748328e+01
-8.035350251523992426e+01
-8.811413526927591988e+01
-7.668999665434732549e+01
-7.597873989515643700e+01
-5.381753729990607127e+01
-9.253922875015705074e+01
-7.290330612113471886e+01
-8.426159696459519921e+01
-8.310605154835697306e+01
-7.867384512746649250e+01
-8.020123818553176420e+01
-8.405793933464136103e+01
-7.618019892158771711e+01
-8.582239123193475905e+01
-8.923947215165114244e+01
-6.849805434651426594e+01
-7.899260832495644991e+01
-6.401902956358935626e+01
-8.510677662884914696e+01
-5.698393242386851654e+01
-8.445779594845569704e+01
-8.776271771475512651e+01
-8.111618721141483945e+01
-9.076590626323987010e+01
-7.885251056942658465e+01
-9.589045463771815037e+01
-5.696225811205049894e+01
-1.028102160145001704e+02
-9.719277033567547619e+01
-6.348910121552547992e+01
-9.505333277966555272e+01
-8.666356382548441672e+01
-4.504057065494645684e+01
-9.572017003070276076e+01
-3.973892300967129643e+01
-6.080381668194998923e+01
-8.759013708217247540e+01
-1.070752603948368318e+02
-7.890546898744251791e+01
-8.645123335266308118e+01
-8.240525370195643973e+01
-7.322023199267923133e+01
-6.385534931781881340e+01
-7.780535856377039750e+01
-8.316110054790156880e+01
-6.045800238233773882e+01
-8.242881371051771566e+01
-8.740825500496745804e+01
-4.068939828804495562e+01
-9.371636703640784560e+01
-8.187155790216121432e+01
-6.204019185688630245e+01
-8.697403633211371243e+01
-8.371504856602284406e+01
-7.155613268747278255e+01
-8.739892853527824457e+01
-4.401251953479692247e+01
-7.700258964789662741e+01
-8.478755820002417920e+01
-9.042227507815347565e+01
-8.519082203135874920e+01
-5.440018946298862801e+01
-9.902101544458039939e+01
-6.621767270469412381e+01
-6.700080324339162985e+01
-7.237658938461525793e+01
-6.888070949885410243e+01
-7.598953841571572809e+01
-6.085088386882562617e+01
-9.185251259558735626e+01
-7.875694628460584568e+01
-9.367157635753478928e+01
-8.820839531074192053e+01
-6.960929902655709611e+01
-8.641303342890574868e+01
-8.129435278567949297e+01
-6.101530427022978387e+01
-9.030887517150995336e+01
-8.036904545845160897e+01
-8.234709972170614378e+01
-9.097611142908426984e+01
-8.412798566475936468e+01
-4.269605067768998197e+01
-9.404766406972755988e+01
-3.822270087752701784e+01
-7.794924779906506274e+01
