-7.542186807815862437e+01
-7.043801788520796947e+01
-8.486516351808806746e+01
-7.450260648013984621e+01
-8.146617066131840090e+01
-6.712460893710067467e+01
-3.673872604158095356e+01
-7.040723171981217376e+01
-6.567950443746248368e+01
-6.556164335554532840e+01
-8.401034894530280894e+01
-8.166132400758654342e+01
-8.156645391201767836e+01
-9.072629591168967522e+01
-8.390092907629677654e+01
-8.289015541502844542e+01
-7.721512548715263335e+01
-7.336585934633789918e+01
-6.534149337106961752e+01
-8.831060847379916368e+01
-6.592953191734109453e+01
-7.949678837079954974e+01
-8.082881795533448610e+01
-8.213779709720044764e+01
-7.999182954509086585e+01
-1.156231248280422648e+02
-8.085502229326816348e+01
-9.761946098476677491e+01
-9.135174181243429814e+01
-6.053944228004058203e+01
-8.288640674321500512e+01
-6.527900070272802679e+01
-8.721821364734182680e+01
-6.453918614052770408e+01
-8.494444430784761835e+01
-7.920265778643566534e+01
-7.970422737503150756e+01
-8.101753701180108180e+01
-8.144671758811489326e+01
-9.423443533632011793e+01
-5.591375433243707249e+01
-9.112507060210937482e+01
-9.079355509947626501e+01
-7.019233843380447979e+01
-9.721869547830915792e+01
-7.989211218489963073e+01
-4.806227091439740917e+01
-9.330014424092181002e+01
-4.165421750240526677e+01
-6.927131925778508048e+01
-9.676887513623665882e+01
-9.713897679681357999e+01
-7.851799774926912789e+01
-8.800328366968389560e+01
-8.372748198892085725e+01
-6.741859123237446738e+01
-5.856587848907548022e+01
-7.914766363137125893e+01
-8.455647175304916630e+01
-6.637111142665740715e+01
-8.022252159586435027e+01
-8.343247698117077960e+01
-6.590823107562569305e+01
-9.078728966455847171e+01
-7.973804418759982582e+01
-5.819123676102175580e+01
-9.418887960968748985e+01
-7.343993629889810393e+01
-7.151221050622724817e+01
-9.425428155608784664e+01
-6.159438103066048598e+01
-7.813924227322917204e+01
-8.676692257745533254e+01
-8.388594164249941798e+01
-8.592045977246638699e+01
-6.378760501311541731e+01
-8.728077907009951275e+01
-5.506977349065440563e+01
-6.770372617509619317e+01
-6.329048637134832234e+01
-6.452247409436128578e+01
-7.576275766638164555e+01
-6.241106293348033773e+01
-9.173392550382683908e+01
-7.933383113051857549e+01
-9.171513936566374525e+01
-8.567351914732810769e+01
-4.860940653515194754e+01
-8.364522094607026759e+01
-8.160623672787042437e+01
-6.004631296594963885e+01
-8.224065132933549194e+01
-8.447644384827681563e+01
-8.673442187653233759e+01
-9.019014589600288900e+01
-9.038964087341560116e+01
-5.815963747729374944e+01
-9.539490279041574183e+01
-6.882816361716625408e+01
-7.825776043410320426e+01
