-7.492875663796624508e+01
-6.557715942863571001e+01
-7.705549042837670015e+01
-6.414130214878026948e+01
-8.211506765970746358e+01
-7.094414043854183660e+01
-3.898520547341255593e+01
-7.715357255882570087e+01
-6.694737882574267474e+01
-7.048343442520051383e+01
-7.689176469964277771e+01
-8.162481660154553254e+01
-8.934481702151130378e+01
-9.505301759785193383e+01
-7.925721936067120055e+01
-9.796394951653778094e+01
-8.174950977117282491e+01
-7.734884877045035978e+01
-5.962859717966544082e+01
-9.947240315343429984e+01
-7.622871329305554866e+01
-8.271988162802638556e+01
-8.137743020433418906e+01
-8.675125597430091773e+01
-7.876188637565785200e+01
-8.841554244287327435e+01
-7.829991227012682486e+01
-8.977466194562813939e+01
-8.903709646923940113e+01
-5.757273777487290545e+01
-7.969169231270906550e+01
-6.213245951757455998e+01
-8.992942418540381766e+01
-6.310719062695383741e+01
-8.358714702667633389e+01
-8.687853020982386454e+01
-8.057274689291128311e+01
-8.248132305748843862e+01
-7.836369698498818082e+01
-9.016680715642148414e+01
-6.175396629609216603e+01
-1.030545039491505435e+02
-8.732800629340397336e+01
-6.340685177804637362e+01
-9.451603038946853985e+01
-7.732484628938590276e+01
-5.400763673914383389e+01
-9.185358505466868451e+01
-4.818401728777151760e+01
-6.293570194971169940e+01
-8.881949784679521542e+01
-9.586574244297301561e+01
-7.661230381804169554e+01
-8.657424803115432610e+01
-8.466296318226913797e+01
-6.690389604503209853e+01
-5.191441466894664813e+01
-7.991644483706858182e+01
-7.873277017857550675e+01
-5.779016989637938906e+01
-8.694997701083686081e+01
-9.094435667572689397e+01
-5.913618940060693063e+01
-8.622592668736803034e+01
-7.994685830877467936e+01
-6.775286339019920945e+01
-9.204306246416798842e+01
-8.382345925953545418e+01
-6.792598033058021656e+01
-8.689736011299882534e+01
-5.481656655439330450e+01
-7.901237566530556933e+01
-9.408319694915429920e+01
-8.633570129108872493e+01
-8.429979038279562076e+01
-6.469059284822516531e+01
-9.520905604228394736e+01
-5.982437863986739757e+01
-6.394773449929844134e+01
-6.047079228969611364e+01
-6.751263632417757776e+01
-7.635195049771931508e+01
-6.621400667466575385e+01
-9.556396957451168817e+01
-7.775298614613548409e+01
-8.722254933076985139e+01
-8.336294836917578266e+01
-6.747496550471221610e+01
-8.402689999306807067e+01
-8.056572573735421372e+01
-5.964615004079315241e+01
-8.687897198479195993e+01
-8.229973428309327232e+01
-8.777822430394654418e+01
-8.458543291288125943e+01
-8.283359422722773502e+01
-6.031060052770109792e+01
-8.526681745403021750e+01
-5.893050804992846992e+01
-8.008819738459789050e+01
