-7.612681500791009626e+01
-7.372402771322222748e+01
-8.598912777286221854e+01
-7.488324413435658755e+01
-8.057949707597786926e+01
-7.066585055385199610e+01
-4.300646439100701457e+01
-7.846354006367099032e+01
-5.976503291727165390e+01
-6.652829134955561585e+01
-9.149748165846396830e+01
-7.926328401680132174e+01
-8.429249004779734378e+01
-9.823359646074364093e+01
-8.160487670354817169e+01
-8.199153403138367935e+01
-8.745952053764875700e+01
-7.581833738226778507e+01
-6.903166636189787653e+01
-9.728133304111415214e+01
-7.026918302693532326e+01
-8.003976343192540810e+01
-8.544380689988045674e+01
-9.088293977994941031e+01
-8.380587809642889852e+01
-8.253821587485919054e+01
-7.892061827765051873e+01
-8.839319579381006520e+01
-8.968894740565360735e+01
-5.839100271297223088e+01
-8.219662443661950135e+01
-6.749281652367393747e+01
-9.361423877386948789e+01
-5.976628950311165767e+01
-8.312926495237107360e+01
-9.087428718657407956e+01
-7.948834295221456614e+01
-8.920034698164376152e+01
-7.764608041234833991e+01
-9.107894839409618726e+01
-5.018162738150540747e+01
-8.934859285597467249e+01
-8.190530994936281672e+01
-4.058045326570952938e+01
-8.585745383566224120e+01
-7.819972783555465412e+01
-3.792598784736758688e+01
-9.686748783828844012e+01
-3.691764195153385941e+01
-7.006114301136884137e+01
-8.869044766119716883e+01
-9.382294027315073492e+01
-8.423108086009673912e+01
-8.109706125214900396e+01
-8.302583276591504102e+01
-7.190979323696373626e+01
-5.130837705839341112e+01
-7.851787790594467253e+01
-8.318902492157977235e+01
-5.964008360895405758e+01
-8.529431839593659959e+01
-9.413793979636224662e+01
-3.853158272199250689e+01
-9.932685958217440714e+01
-8.123645981954115314e+01
-7.298261292776648190e+01
-8.646237327806237261e+01
-7.539174410276336857e+01
-7.136318591347040297e+01
-8.183814913040679073e+01
-5.079165020331534208e+01
-7.792740941961382362e+01
-9.905941619585576063e+01
-8.061597489656003290e+01
-7.961364921201311518e+01
-5.983468805019876413e+01
-9.130375503758138223e+01
-5.582145414863596500e+01
-6.511747699675952106e+01
-6.283960216922373831e+01
-6.945169264605823400e+01
-7.545752844082542765e+01
-6.624398006580760523e+01
-9.277242314981671711e+01
-7.861580908367574239e+01
-9.743919465513077682e+01
-9.120762679136556983e+01
-6.653668612861503107e+01
-8.068311405335875008e+01
-9.204331941269757067e+01
-6.311722726443661458e+01
-8.402710180392386974e+01
-8.046763569740313926e+01
-7.908129824034600119e+01
-8.809292246974258944e+01
-8.667887900435468396e+01
-5.245649921358153733e+01
-1.004805333946123369e+02
-6.492048567250300550e+01
-7.991277227036631814e+01
