-7.263633465945814294e+01
-6.565835098314852303e+01
-7.819131534652041182e+01
-7.380185283905454696e+01
-7.987811705455452227e+01
-7.676923276839912091e+01
-3.888136804492590670e+01
-8.014251473252264191e+01
-6.752793393026313140e+01
-6.919488554192987806e+01
-8.339353448371585387e+01
-9.052035424377828576e+01
-8.891719496550570057e+01
-9.825886727952358513e+01
-7.863578508424089364e+01
-8.543757194716442882e+01
-9.373544015654432826e+01
-7.620468661902700092e+01
-6.225678963930640464e+01
-8.999518598201294139e+01
-7.395952777655169541e+01
-7.920868465362512723e+01
-9.156789488124685761e+01
-7.955532288373163396e+01
-8.003306990222300499e+01
-8.644846604703643322e+01
-7.844372060045523654e+01
-9.427982013587050858e+01
-8.587677786551111581e+01
-5.129038907405923453e+01
-8.155970846169202559e+01
-5.538152200315455786e+01
-8.295634216734403310e+01
-5.523831444086705744e+01
-8.222057871790909189e+01
-7.859739435916714001e+01
-8.071792715340055224e+01
-8.601354222990150333e+01
-8.756440986313137387e+01
-9.672752618472506470e+01
-4.922706253614055072e+01
-9.165760163836135632e+01
-9.075993824088898521e+01
-6.517193974779138443e+01
-9.749662960026262226e+01
-8.528323486509462725e+01
-4.452994395417096030e+01
-9.007775771385092867e+01
-3.615596307588062075e+01
-7.025977286855724913e+01
-8.839908946306468351e+01
-8.602182005040663171e+01
-7.980829234254261451e+01
-8.140844465913714600e+01
-8.366558333212475418e+01
-5.816266259620795864e+01
-6.007760497394745158e+01
-7.899018159398525540e+01
-7.776936518418089861e+01
-5.246027855519113814e+01
-7.762939092427086507e+01
-9.126871959302690129e+01
-4.976507213469357538e+01
-8.481899580236627401e+01
-8.304096610376210208e+01
-6.328168202319850622e+01
-9.836567787529139650e+01
-7.842026664546482095e+01
-6.787860181552629513e+01
-8.439915906889345365e+01
-5.509234910361459470e+01
-7.742914813881452574e+01
-9.971551133525044008e+01
-8.643559725054612386e+01
-8.675888389079663909e+01
-7.127154636495723139e+01
-9.601262192543157425e+01
-6.930947487730013279e+01
-6.394226588517782517e+01
-6.500947204298933002e+01
-6.868740946022789728e+01
-7.519475441911319535e+01
-6.132737134178825755e+01
-9.883234645800526152e+01
-7.739802251307686731e+01
-9.181168459405607507e+01
-8.603242989299758392e+01
-6.938296726632604816e+01
-8.128455572731179757e+01
-8.312068630810969694e+01
-7.081016206261431023e+01
-8.686858653768564409e+01
-9.095740601882279464e+01
-7.823507593064209686e+01
-9.581502320764046488e+01
-9.195514368750288270e+01
-4.933073430254070502e+01
-9.631997331934709905e+01
-5.084524543984903033e+01
-8.037279316029156462e+01
