-6.963037224220789767e+01
-6.612016233973095325e+01
-7.821170009465551232e+01
-7.416925020342664254e+01
-7.880832140249398776e+01
-6.892058877515353288e+01
-4.450049657176181483e+01
-7.558248224735194754e+01
-5.862254828782759120e+01
-7.962830633797658209e+01
-7.840743551359625485e+01
-8.127703774233526701e+01
-8.835165201525121859e+01
-9.318251639348358140e+01
-8.290628375409163198e+01
-8.255217143728539497e+01
-8.544872792672667572e+01
-7.530169851515401547e+01
-5.911551388616010883e+01
-1.030926315276404921e+02
-7.804129554540278946e+01
-9.930253051219575866e+01
-8.225083352343267507e+01
-8.027413651079490364e+01
-8.390570316050430222e+01
-8.260472938552791788e+01
-8.310797075037365289e+01
-8.954156344464151118e+01
-9.426703631625026958e+01
-5.684228165744244166e+01
-7.888293921950196363e+01
-2.962837899218935434e+01
-9.717360878856000284e+01
-5.548920114953023841e+01
-8.231690720913834980e+01
-8.003235026046142764e+01
-8.449746045036484077e+01
-9.393928748857464939e+01
-7.704111879067562541e+01
-9.584993661731165560e+01
-5.209316270356910650e+01
-9.462418468604003863e+01
-9.496766180026268955e+01
-6.407656421074435116e+01
-8.218393359283429334e+01
-8.992131644772463517e+01
-4.179821427107896170e+01
-8.683923503460498239e+01
-4.379663806986486208e+01
-6.676995580484717152e+01
-9.589533541378152393e+01
-1.014598319580858004e+02
-8.182466265424302776e+01
-8.205469690349940493e+01
-8.644396177731496778e+01
-6.802337030176479971e+01
-5.034918327232889368e+01
-7.840457642459851684e+01
-8.601402948976702589e+01
-6.374996406308562769e+01
-8.301494665559779662e+01
-1.000107824172348643e+02
-4.030405545584707738e+01
-8.353237734660707758e+01
-8.892914668375048848e+01
-7.283536039404313556e+01
-9.079953582049755312e+01
-7.656404431093932317e+01
-7.272588251373409207e+01
-8.729240912512788952e+01
-4.090572494102300993e+01
-8.442609703966030565e+01
-9.180128231670595085e+01
-8.950065379142286304e+01
-8.531427328255649911e+01
-6.791299699292552816e+01
-8.986625193674757384e+01
-6.521397965095310667e+01
-6.217595434748566419e+01
-6.903516302056962672e+01
-4.190229632124682979e+01
-7.603601177150130752e+01
-5.593071775581730520e+01
-8.898905849226851217e+01
-7.719447356826024986e+01
-9.338390063852548906e+01
-9.207406698916125265e+01
-6.544728294656273704e+01
-7.977689711462718947e+01
-9.295812571412797354e+01
-6.732707430954008032e+01
-8.256156890654014546e+01
-8.670822608057008551e+01
-8.889807738907965984e+01
-8.672839961280784848e+01
-8.269070492827283658e+01
-4.254453029349543414e+01
-9.841119316178389909e+01
-5.794949683943065821e+01
-7.915874027310006511e+01
