-7.779443077174609300e+01
-7.151284891780997555e+01
-7.616513411169540859e+01
-8.068997334667372456e+01
-7.322494774894958880e+01
-8.074624717635363425e+01
-7.368878880722176916e+01
-7.956916494525302141e+01
-7.303440698961534849e+01
-7.197508650437244171e+01
-8.006529977861430325e+01
-7.876418536581361707e+01
-7.873173151513634593e+01
-7.489570043961636259e+01
-7.825399104401212469e+01
-7.722679423648263253e+01
-7.219900858797574017e+01
-7.307987856220866263e+01
-7.037588893279843205e+01
-7.317405319714013956e+01
-6.925586784198027601e+01
-7.827562772472209929e+01
-7.996473747904715879e+01
-7.422766632696365718e+01
-6.935574808112353651e+01
-7.567654981235796186e+01
-7.002554182575343589e+01
-7.992346110876415821e+01
-6.967695720504030987e+01
-7.038027771119236320e+01
-7.942063548083807234e+01
-7.931770168818151490e+01
-8.080706694578996974e+01
-7.754179972465276194e+01
-6.951470319255072638e+01
-7.850218889294662006e+01
-7.239438405422077949e+01
-7.647412625725908697e+01
-7.445919345775190834e+01
-6.991623123972409815e+01
-8.088201502877143412e+01
-7.365737028158713429e+01
-7.935521460558260287e+01
-7.866272067272512913e+01
-7.670110709409728145e+01
-7.948783102745206008e+01
-7.232277617704664863e+01
-7.102782550691732411e+01
-7.873802951512448089e+01
-7.927145794240038867e+01
-7.082024353420408147e+01
-7.865514338979026832e+01
-7.932324239305660285e+01
-7.790124045656421004e+01
-7.637730073262275710e+01
-7.408048268723517538e+01
-6.936211349850660213e+01
-7.252228562198203576e+01
-8.068567061686555064e+01
-7.872386765612850468e+01
-7.179401788869529355e+01
-7.559089050641195229e+01
-8.011771647660442852e+01
-7.691234865932582920e+01
-7.751957135725835712e+01
-7.562012417549401277e+01
-7.826828281308094404e+01
-7.116333714845092118e+01
-7.653990164439288435e+01
-7.317618279792947078e+01
-7.898182423875046254e+01
-7.578732166194954800e+01
-7.128461324575289382e+01
-7.997160989855973412e+01
-7.388087012082593219e+01
-7.064257750367561073e+01
-7.476904216758590849e+01
-7.706659952671532210e+01
-7.238729058743845712e+01
-6.978759117269645174e+01
-7.296488693836057848e+01
-8.053802103690296121e+01
-7.827066639745383725e+01
-7.144715104332506428e+01
-7.539592789524365912e+01
-7.731742876103749040e+01
-6.985214163685556343e+01
-7.884123885229509199e+01
-7.331986567832792900e+01
-7.805331878425724312e+01
-7.408111509530014871e+01
-7.683648118474023647e+01
-7.936299913475102130e+01
-7.423996419256992851e+01
-6.952808252156734170e+01
-8.038001374050510606e+01
-7.040364252095224629e+01
-7.517212705699712672e+01
-7.129922579992404508e+01
-7.255372172262453034e+01
