6.773486342081456169e-01
6.773486342081456169e-01
5.003727153707741016e-01
5.003727153707741016e-01
2.761508773461746613e-01
2.761508773461746613e-01
1.199999999999999956e+00
1.199999999999999956e+00
1.199999999999999956e+00
1.199999999999999956e+00
1.158582707539578538e-01
1.158582707539578538e-01
9.805955262464056688e-01
9.805955262464056688e-01
2.280777520775490452e-01
2.280777520775490452e-01
1.199999999999999956e+00
1.199999999999999956e+00
4.367376908203794011e-02
4.367376908203794011e-02
3.493410775229299770e-02
3.493410775229299770e-02
3.512419522005510997e-02
3.512419522005510997e-02
1.199999999999999956e+00
1.199999999999999956e+00
2.908690262923875336e-01
2.908690262923875336e-01
8.376357627510158665e-02
8.376357627510158665e-02
1.199999999999999956e+00
1.199999999999999956e+00
2.222656795908525273e-01
2.222656795908525273e-01
2.900167983665065119e-01
2.900167983665065119e-01
5.958863986726458117e-01
5.958863986726458117e-01
3.654835681842270034e-01
3.654835681842270034e-01
3.985126812057427914e-01
3.985126812057427914e-01
5.491119088483873041e-03
5.491119088483873041e-03
9.516109422880407454e-02
9.516109422880407454e-02
7.274322711528092844e-01
7.274322711528092844e-01
6.135361796905677290e-01
6.135361796905677290e-01
2.601888062874807006e-01
2.601888062874807006e-01
3.394034139159137209e-01
3.394034139159137209e-01
1.199999999999999956e+00
1.199999999999999956e+00
2.901013364917704451e-01
2.901013364917704451e-01
1.199999999999999956e+00
1.199999999999999956e+00
1.199999999999999956e+00
1.199999999999999956e+00
2.765464215898302824e-01
2.765464215898302824e-01
1.567092801191514173e-01
1.567092801191514173e-01
6.177411790685695125e-01
6.177411790685695125e-01
4.441569113691029580e-01
4.441569113691029580e-01
3.127186555105703203e-01
3.127186555105703203e-01
4.757350508365481012e-01
4.757350508365481012e-01
1.199999999999999956e+00
1.199999999999999956e+00
1.911110197223651608e-01
1.911110197223651608e-01
1.199999999999999956e+00
1.199999999999999956e+00
2.054871023599411650e-01
2.054871023599411650e-01
3.998253817147572886e-01
3.998253817147572886e-01
2.810030539490084300e-01
2.810030539490084300e-01
6.089834793312192129e-01
6.089834793312192129e-01
2.235948398639118762e-01
2.235948398639118762e-01
2.773905931952092008e-01
2.773905931952092008e-01
3.933590874124237580e-01
3.933590874124237580e-01
1.415848194748523525e-01
1.415848194748523525e-01
6.796106267644527188e-01
6.796106267644527188e-01
3.574011767180940158e-01
3.574011767180940158e-01
7.568019791487855252e-02
7.568019791487855252e-02
4.101121619821995745e-01
4.101121619821995745e-01
1.199999999999999956e+00
1.199999999999999956e+00
7.566463034029403956e-02
7.566463034029403956e-02
7.113365446717410945e-02
7.113365446717410945e-02
5.261641681160128536e-01
5.261641681160128536e-01
4.090144988349719846e-02
4.090144988349719846e-02
4.160688412758577481e-01
4.160688412758577481e-01
8.196305753482123480e-02
8.196305753482123480e-02
2.824770180215271931e-01
2.824770180215271931e-01
1.018524536719856571e-01
1.018524536719856571e-01
1.995180608577271641e-01
1.995180608577271641e-01
4.045511422167362703e-01
4.045511422167362703e-01
1.199999999999999956e+00
1.199999999999999956e+00
1.570657782224472304e-02
1.570657782224472304e-02
9.067293139038806737e-02
9.067293139038806737e-02
1.321846570713433415e-02
1.321846570713433415e-02
4.581700967293425575e-01
4.581700967293425575e-01
8.513582810738313800e-01
8.513582810738313800e-01
1.199999999999999956e+00
1.199999999999999956e+00
1.199999999999999956e+00
1.199999999999999956e+00
7.056038756100941889e-01
7.056038756100941889e-01
3.855678598563883758e-02
3.855678598563883758e-02
3.482121024154394284e-01
3.482121024154394284e-01
3.868054375161195796e-02
3.868054375161195796e-02
2.508923577216492715e-02
2.508923577216492715e-02
8.826135305429156919e-01
8.826135305429156919e-01
1.199999999999999956e+00
1.199999999999999956e+00
1.524302379687580422e-01
1.524302379687580422e-01
1.199999999999999956e+00
1.199999999999999956e+00
1.199999999999999956e+00
1.199999999999999956e+00
1.199999999999999956e+00
1.199999999999999956e+00
3.624056363300950934e-01
3.624056363300950934e-01
2.370172041486040271e-01
2.370172041486040271e-01
4.560286836518465670e-01
4.560286836518465670e-01
5.101200389010446257e-01
5.101200389010446257e-01
2.926265236288858040e-01
2.926265236288858040e-01
1.199999999999999956e+00
1.199999999999999956e+00
4.793839821359386355e-01
4.793839821359386355e-01
1.915694616462649269e-01
1.915694616462649269e-01
1.025061668431337947e-01
1.025061668431337947e-01
1.199999999999999956e+00
1.199999999999999956e+00
1.199999999999999956e+00
1.199999999999999956e+00
2.309468135235880071e-02
2.309468135235880071e-02
2.917730999773821554e-01
2.917730999773821554e-01
1.199999999999999956e+00
1.199999999999999956e+00
1.199999999999999956e+00
1.199999999999999956e+00
3.097446902481356679e-01
3.097446902481356679e-01
2.874533950542634830e-02
2.874533950542634830e-02
5.352088704975122013e-01
5.352088704975122013e-01
5.294077390557040685e-02
5.294077390557040685e-02
8.413458803555720067e-01
8.413458803555720067e-01
5.129677947259642101e-01
5.129677947259642101e-01
1.779072159912238327e-01
1.779072159912238327e-01
5.257856643120851770e-01
5.257856643120851770e-01
2.183344519209751700e-01
2.183344519209751700e-01
4.692422966536847762e-01
4.692422966536847762e-01
7.103369516704200262e-03
7.103369516704200262e-03
3.485069534831306548e-01
3.485069534831306548e-01
3.884788209446750629e-01
3.884788209446750629e-01
1.199999999999999956e+00
1.199999999999999956e+00
6.326724910425430073e-03
6.326724910425430073e-03
4.083779254311484808e-01
4.083779254311484808e-01
1.199999999999999956e+00
1.199999999999999956e+00
3.466780321847597879e-01
3.466780321847597879e-01
5.325037161339132297e-01
5.325037161339132297e-01
1.245785717636299916e-01
1.245785717636299916e-01
8.015623153989448468e-01
8.015623153989448468e-01
1.199999999999999956e+00
1.199999999999999956e+00
1.199999999999999956e+00
1.199999999999999956e+00
3.796551789795712950e-01
3.796551789795712950e-01
2.673507443059656291e-02
2.673507443059656291e-02
2.701719700740625729e-01
2.701719700740625729e-01
3.418201349084162843e-01
3.418201349084162843e-01
3.175623567124258306e-02
3.175623567124258306e-02
1.763926519137190008e-01
1.763926519137190008e-01
1.233401375464726613e-02
1.233401375464726613e-02
1.199999999999999956e+00
1.199999999999999956e+00
2.523341314155255755e-01
2.523341314155255755e-01
1.199999999999999956e+00
1.199999999999999956e+00
5.306648741068743513e-01
5.306648741068743513e-01
1.199999999999999956e+00
1.199999999999999956e+00
2.096629527805129178e-01
2.096629527805129178e-01
1.199999999999999956e+00
1.199999999999999956e+00
8.589006308551744295e-02
8.589006308551744295e-02
1.018495473112511207e-01
1.018495473112511207e-01
4.385799110311130455e-01
4.385799110311130455e-01
2.272204680818109418e-02
2.272204680818109418e-02
2.172121108852967941e-01
2.172121108852967941e-01
6.385872488367673183e-01
6.385872488367673183e-01
7.493266366193837014e-01
7.493266366193837014e-01
6.345118570931831958e-02
6.345118570931831958e-02
1.199999999999999956e+00
1.199999999999999956e+00
2.461942900871715301e-01
2.461942900871715301e-01
5.552177662144546638e-02
5.552177662144546638e-02
2.054335203456267855e-01
2.054335203456267855e-01
8.795880198562820718e-02
8.795880198562820718e-02
1.199999999999999956e+00
1.199999999999999956e+00
1.032475968223396830e-02
1.032475968223396830e-02
1.047443690327329868e-01
1.047443690327329868e-01
1.834209124566439364e-01
1.834209124566439364e-01
1.841141124990311115e-02
1.841141124990311115e-02
1.199999999999999956e+00
1.199999999999999956e+00
1.030964572845000787e-02
1.030964572845000787e-02
3.192743143232801839e-01
3.192743143232801839e-01
1.199999999999999956e+00
1.199999999999999956e+00
1.586820422371631178e-01
1.586820422371631178e-01
1.199999999999999956e+00
1.199999999999999956e+00
5.811781039869540200e-01
5.811781039869540200e-01
2.176340533838958258e-01
2.176340533838958258e-01
1.608213545584754878e-01
1.608213545584754878e-01
3.176412541134539941e-02
3.176412541134539941e-02
1.292926813504039485e-01
1.292926813504039485e-01
5.531438597351288067e-01
5.531438597351288067e-01
1.938818949592094332e-01
1.938818949592094332e-01
1.199999999999999956e+00
1.199999999999999956e+00
1.199999999999999956e+00
1.199999999999999956e+00
9.748559386881212874e-02
9.748559386881212874e-02
4.661229885163655773e-01
4.661229885163655773e-01
1.199999999999999956e+00
1.199999999999999956e+00
2.008829952605341307e-01
2.008829952605341307e-01
1.199999999999999956e+00
1.199999999999999956e+00
7.216428237636614007e-01
7.216428237636614007e-01
5.777746080091852310e-01
5.777746080091852310e-01
1.240552226976320144e-01
1.240552226976320144e-01
8.562640959307874500e-01
8.562640959307874500e-01
2.784200323986522618e-01
2.784200323986522618e-01
4.665769423147161921e-01
4.665769423147161921e-01
3.624634110374753693e-01
3.624634110374753693e-01
1.199999999999999956e+00
1.199999999999999956e+00
4.816388015438221593e-01
4.816388015438221593e-01
3.777484260674179306e-01
3.777484260674179306e-01
5.423091848662751208e-02
5.423091848662751208e-02
1.013258569519597946e-01
1.013258569519597946e-01
3.761705693017148439e-02
3.761705693017148439e-02
1.199999999999999956e+00
1.199999999999999956e+00
3.576011434299213310e-01
3.576011434299213310e-01
1.199999999999999956e+00
1.199999999999999956e+00
5.904309421496544141e-01
5.904309421496544141e-01
4.840690157835773610e-01
4.840690157835773610e-01
1.199999999999999956e+00
1.199999999999999956e+00
4.448738714736564237e-01
4.448738714736564237e-01
1.199999999999999956e+00
1.199999999999999956e+00
6.262450290586479840e-02
6.262450290586479840e-02
3.946328188232689493e-02
3.946328188232689493e-02
1.199999999999999956e+00
1.199999999999999956e+00
1.199999999999999956e+00
1.199999999999999956e+00
1.199999999999999956e+00
1.199999999999999956e+00
6.506954556740702778e-01
6.506954556740702778e-01
1.199999999999999956e+00
1.199999999999999956e+00
1.199999999999999956e+00
1.199999999999999956e+00
2.914147653763723422e-01
2.914147653763723422e-01
7.643393035120218393e-01
7.643393035120218393e-01
1.980404200253863545e-01
1.980404200253863545e-01
1.199999999999999956e+00
1.199999999999999956e+00
5.151749163681757990e-03
5.151749163681757990e-03
3.954461815093814891e-01
3.954461815093814891e-01
7.255594297597541820e-01
7.255594297597541820e-01
3.264412833351381105e-01
3.264412833351381105e-01
3.743911369465982575e-01
3.743911369465982575e-01
6.424879541151291840e-02
6.424879541151291840e-02
3.956820881980877558e-01
3.956820881980877558e-01
1.848123284217229045e-01
1.848123284217229045e-01
1.204350825123975260e-01
1.204350825123975260e-01
1.199999999999999956e+00
1.199999999999999956e+00
1.199999999999999956e+00
1.199999999999999956e+00
3.308745272517907843e-01
3.308745272517907843e-01
1.199999999999999956e+00
1.199999999999999956e+00
1.588767800997308299e-01
1.588767800997308299e-01
4.696790204150831372e-01
4.696790204150831372e-01
2.545386183494830479e-01
2.545386183494830479e-01
1.742463173368285212e-01
1.742463173368285212e-01
2.359815002184911803e-01
2.359815002184911803e-01
1.512675008556616241e-01
1.512675008556616241e-01
7.203187994973310193e-01
7.203187994973310193e-01
1.199999999999999956e+00
1.199999999999999956e+00
4.750926074222846518e-01
4.750926074222846518e-01
2.540664743837086070e-01
2.540664743837086070e-01
2.286017120249740353e-01
2.286017120249740353e-01
1.036172159794845671e+00
1.036172159794845671e+00
1.199999999999999956e+00
1.199999999999999956e+00
1.199999999999999956e+00
1.199999999999999956e+00
3.441965875940525364e-03
3.441965875940525364e-03
1.199999999999999956e+00
1.199999999999999956e+00
1.482516761855043330e-01
1.482516761855043330e-01
1.757828378137219968e-02
1.757828378137219968e-02
2.628072465326411478e-01
2.628072465326411478e-01
3.092174603491729123e-01
3.092174603491729123e-01
5.894632486951046912e-01
5.894632486951046912e-01
6.033408127133382814e-02
6.033408127133382814e-02
3.454963789861030254e-01
3.454963789861030254e-01
1.199999999999999956e+00
1.199999999999999956e+00
2.700814417673198520e-01
2.700814417673198520e-01
1.199999999999999956e+00
1.199999999999999956e+00
4.699278725983169203e-01
4.699278725983169203e-01
1.199999999999999956e+00
1.199999999999999956e+00
1.199999999999999956e+00
1.199999999999999956e+00
1.199999999999999956e+00
1.199999999999999956e+00
2.248658507097095471e-01
2.248658507097095471e-01
2.525628390551993285e-01
2.525628390551993285e-01
1.890687531679783595e-01
1.890687531679783595e-01
5.935773557587061822e-01
5.935773557587061822e-01
4.320299600030772513e-01
4.320299600030772513e-01
1.329261093504948213e-02
1.329261093504948213e-02
5.124543251178441394e-03
5.124543251178441394e-03
1.199999999999999956e+00
1.199999999999999956e+00
1.199999999999999956e+00
1.199999999999999956e+00
1.199999999999999956e+00
1.199999999999999956e+00
2.391598247028268731e-01
2.391598247028268731e-01
1.199999999999999956e+00
1.199999999999999956e+00
2.827612410586406999e-01
2.827612410586406999e-01
4.889324037632919451e-01
4.889324037632919451e-01
6.237916700529183567e-01
6.237916700529183567e-01
8.171118008689658152e-02
8.171118008689658152e-02
4.823628322263605606e-01
4.823628322263605606e-01
9.670433569377345773e-02
9.670433569377345773e-02
2.074771834669590920e-01
2.074771834669590920e-01
1.199999999999999956e+00
1.199999999999999956e+00
1.199999999999999956e+00
1.199999999999999956e+00
5.875147689546266205e-01
5.875147689546266205e-01
1.199999999999999956e+00
1.199999999999999956e+00
5.073203933313458203e-01
5.073203933313458203e-01
3.790939315714025870e-01
3.790939315714025870e-01
1.199999999999999956e+00
1.199999999999999956e+00
2.886432078623593633e-01
2.886432078623593633e-01
3.198682226914343341e-01
3.198682226914343341e-01
1.799122809386227359e-02
1.799122809386227359e-02
6.073723374681319620e-02
6.073723374681319620e-02
1.199999999999999956e+00
1.199999999999999956e+00
1.706815773691863214e-01
1.706815773691863214e-01
1.199999999999999956e+00
1.199999999999999956e+00
1.199999999999999956e+00
1.199999999999999956e+00
4.288450338855608890e-01
4.288450338855608890e-01
5.829501808519891304e-01
5.829501808519891304e-01
3.859991146482669722e-01
3.859991146482669722e-01
1.199999999999999956e+00
1.199999999999999956e+00
5.624923733444456841e-01
5.624923733444456841e-01
1.217123077582979440e-01
1.217123077582979440e-01
1.199999999999999956e+00
1.199999999999999956e+00
1.958200685645256622e-01
1.958200685645256622e-01
7.088434204039313347e-01
7.088434204039313347e-01
6.170379931241634641e-02
6.170379931241634641e-02
1.199999999999999956e+00
1.199999999999999956e+00
2.119615470740484620e-01
2.119615470740484620e-01
3.331993762600319875e-01
3.331993762600319875e-01
8.815613648697326332e-02
8.815613648697326332e-02
6.276210490124530805e-01
6.276210490124530805e-01
1.199999999999999956e+00
1.199999999999999956e+00
6.966423779756910628e-01
6.966423779756910628e-01
5.239213583370864180e-01
5.239213583370864180e-01
1.199999999999999956e+00
1.199999999999999956e+00
8.608735180116013075e-02
8.608735180116013075e-02
2.624421614696655913e-01
2.624421614696655913e-01
3.206053928113617446e-01
3.206053928113617446e-01
1.199999999999999956e+00
1.199999999999999956e+00
1.014132706005974882e-01
1.014132706005974882e-01
7.723267493808656792e-02
7.723267493808656792e-02
1.199999999999999956e+00
1.199999999999999956e+00
4.823928202728832715e-01
4.823928202728832715e-01
2.625036208521820402e-01
2.625036208521820402e-01
7.571077898241079795e-02
7.571077898241079795e-02
3.409354913064198134e-01
3.409354913064198134e-01
4.634489652694521178e-01
4.634489652694521178e-01
2.408909033486633100e-01
2.408909033486633100e-01
1.551902659456569633e-01
1.551902659456569633e-01
1.199999999999999956e+00
1.199999999999999956e+00
8.928624557335727852e-02
8.928624557335727852e-02
1.199999999999999956e+00
1.199999999999999956e+00
2.562130108863544531e-01
2.562130108863544531e-01
1.199999999999999956e+00
1.199999999999999956e+00
3.137903113981175274e-01
3.137903113981175274e-01
4.846592207522653073e-01
4.846592207522653073e-01
1.199999999999999956e+00
1.199999999999999956e+00
6.744085195198593619e-01
6.744085195198593619e-01
2.587432405245627676e-01
2.587432405245627676e-01
1.199999999999999956e+00
1.199999999999999956e+00
1.199999999999999956e+00
1.199999999999999956e+00
1.199999999999999956e+00
1.199999999999999956e+00
1.199999999999999956e+00
1.199999999999999956e+00
1.199999999999999956e+00
1.199999999999999956e+00
7.127247223982444320e-03
7.127247223982444320e-03
3.072544503815301253e-02
3.072544503815301253e-02
6.927973844336449138e-02
6.927973844336449138e-02
1.199999999999999956e+00
1.199999999999999956e+00
1.949426892810777745e-01
1.949426892810777745e-01
1.199999999999999956e+00
1.199999999999999956e+00
3.668788845226431672e-01
3.668788845226431672e-01
7.728191978065694634e-02
7.728191978065694634e-02
2.008416497529554035e-01
2.008416497529554035e-01
1.199999999999999956e+00
1.199999999999999956e+00
1.897088315675650172e-01
1.897088315675650172e-01
1.199999999999999956e+00
1.199999999999999956e+00
3.029690186844765654e-01
3.029690186844765654e-01
4.137619187595973358e-01
4.137619187595973358e-01
1.559556003675311719e-01
1.559556003675311719e-01
4.054027202188671963e-01
4.054027202188671963e-01
3.691896543262320612e-02
3.691896543262320612e-02
1.498885264331348555e-01
1.498885264331348555e-01
4.731543046791849005e-01
4.731543046791849005e-01
1.715019951789505462e-02
1.715019951789505462e-02
2.325871448556318111e-01
2.325871448556318111e-01
1.199999999999999956e+00
1.199999999999999956e+00
7.235686832823884362e-01
7.235686832823884362e-01
2.085722519838717481e-01
2.085722519838717481e-01
4.857094209285639508e-01
4.857094209285639508e-01
3.937321116528889609e-01
3.937321116528889609e-01
6.509136645448762026e-01
6.509136645448762026e-01
5.827604724771935363e-01
5.827604724771935363e-01
1.452985273826374879e-01
1.452985273826374879e-01
1.199999999999999956e+00
1.199999999999999956e+00
1.823779535700883470e-01
1.823779535700883470e-01
2.625505653711030507e-01
2.625505653711030507e-01
9.168822154457563489e-02
9.168822154457563489e-02
1.199999999999999956e+00
1.199999999999999956e+00
1.199999999999999956e+00
1.199999999999999956e+00
1.162775347194606596e-01
1.162775347194606596e-01
2.013247379771205547e-01
2.013247379771205547e-01
1.017599902462180239e+00
1.017599902462180239e+00
2.547315906323181500e-01
2.547315906323181500e-01
1.199999999999999956e+00
1.199999999999999956e+00
1.199999999999999956e+00
1.199999999999999956e+00
5.743088816969212085e-02
5.743088816969212085e-02
2.914272728066496509e-01
2.914272728066496509e-01
4.176431716800721450e-01
4.176431716800721450e-01
8.421604132038957857e-01
8.421604132038957857e-01
6.018966967794759926e-01
6.018966967794759926e-01
9.545286437827726900e-02
9.545286437827726900e-02
4.188208070201703825e-01
4.188208070201703825e-01
1.199999999999999956e+00
1.199999999999999956e+00
1.199999999999999956e+00
1.199999999999999956e+00
2.465143697812296752e-01
2.465143697812296752e-01
1.608219522492164710e-01
1.608219522492164710e-01
2.001916572619321100e-01
2.001916572619321100e-01
5.786814855699365379e-02
5.786814855699365379e-02
1.711501826058243469e-01
1.711501826058243469e-01
6.929820750950637098e-01
6.929820750950637098e-01
6.292504035509378923e-02
6.292504035509378923e-02
1.199999999999999956e+00
1.199999999999999956e+00
3.278746845037199265e-01
3.278746845037199265e-01
1.199999999999999956e+00
1.199999999999999956e+00
1.345620661010161756e-01
1.345620661010161756e-01
1.419930283078026378e-01
1.419930283078026378e-01
2.752492967041663130e-01
2.752492967041663130e-01
1.199999999999999956e+00
1.199999999999999956e+00
6.478599029446984181e-01
6.478599029446984181e-01
1.476015314650163945e-01
1.476015314650163945e-01
1.298580303167636285e-01
1.298580303167636285e-01
2.843017787769638871e-01
2.843017787769638871e-01
6.620631765618365527e-01
6.620631765618365527e-01
5.952431023023614376e-01
5.952431023023614376e-01
1.199999999999999956e+00
1.199999999999999956e+00
2.036514290134278093e-01
2.036514290134278093e-01
6.679194554453468102e-01
6.679194554453468102e-01
8.274387765007629181e-02
8.274387765007629181e-02
4.123990908278482026e-01
4.123990908278482026e-01
8.106844776199813030e-01
8.106844776199813030e-01
1.249473826026459983e-01
1.249473826026459983e-01
3.223108918471512523e-03
3.223108918471512523e-03
1.677652383625876931e-01
1.677652383625876931e-01
5.324820196914136217e-01
5.324820196914136217e-01
4.412648627653803501e-01
4.412648627653803501e-01
3.003037254103294029e-01
3.003037254103294029e-01
2.846390466912673833e-01
2.846390466912673833e-01
8.333336844314005454e-01
8.333336844314005454e-01
1.376448953538505215e-01
1.376448953538505215e-01
1.199999999999999956e+00
1.199999999999999956e+00
2.164094024618790080e-01
2.164094024618790080e-01
4.976455229572468442e-02
4.976455229572468442e-02
4.755519287228496261e-02
4.755519287228496261e-02
1.014948370879464878e+00
1.014948370879464878e+00
2.287104366977789696e-02
2.287104366977789696e-02
2.322643085238453586e-01
2.322643085238453586e-01
2.241266622351223980e-01
2.241266622351223980e-01
1.865046996932626655e-01
1.865046996932626655e-01
1.199999999999999956e+00
1.199999999999999956e+00
2.400923475276619257e-01
2.400923475276619257e-01
4.998581218565064654e-01
4.998581218565064654e-01
7.156701261785821666e-01
7.156701261785821666e-01
2.073389004088929122e-01
2.073389004088929122e-01
1.834714281761804233e-01
1.834714281761804233e-01
4.567354319431564114e-01
4.567354319431564114e-01
3.709216315293539790e-01
3.709216315293539790e-01
1.199999999999999956e+00
1.199999999999999956e+00
3.189750722276211703e-01
3.189750722276211703e-01
2.141031605749578459e-01
2.141031605749578459e-01
1.199999999999999956e+00
1.199999999999999956e+00
1.926491852022201717e-02
1.926491852022201717e-02
7.702617904674347038e-02
7.702617904674347038e-02
9.775088265763041961e-02
9.775088265763041961e-02
7.032420379265126309e-01
7.032420379265126309e-01
1.668128999974221593e-01
1.668128999974221593e-01
5.950956089842575070e-01
5.950956089842575070e-01
1.693726738303906743e-01
1.693726738303906743e-01
6.375252448049405496e-01
6.375252448049405496e-01
3.999181384718781818e-01
3.999181384718781818e-01
1.820058914737216482e-01
1.820058914737216482e-01
1.199999999999999956e+00
1.199999999999999956e+00
3.596942059814018378e-01
3.596942059814018378e-01
2.573926879296031811e-01
2.573926879296031811e-01
1.199999999999999956e+00
1.199999999999999956e+00
1.199999999999999956e+00
1.199999999999999956e+00
4.608554255725751947e-01
4.608554255725751947e-01
3.675924241117440316e-01
3.675924241117440316e-01
3.333742669712932982e-02
3.333742669712932982e-02
6.510430192699537266e-02
6.510430192699537266e-02
4.129213497020337020e-01
4.129213497020337020e-01
5.717292387585787283e-02
5.717292387585787283e-02
1.199999999999999956e+00
1.199999999999999956e+00
6.155101472584285638e-01
6.155101472584285638e-01
3.929142834342174151e-01
3.929142834342174151e-01
1.886138304600596949e-01
1.886138304600596949e-01
4.875322331844564316e-01
4.875322331844564316e-01
1.199999999999999956e+00
1.199999999999999956e+00
2.737790108647278897e-01
2.737790108647278897e-01
4.778793471860018904e-01
4.778793471860018904e-01
3.029984972037147450e-01
3.029984972037147450e-01
9.412720084120995701e-01
9.412720084120995701e-01
5.666113564334817054e-01
5.666113564334817054e-01
4.850092960432192957e-01
4.850092960432192957e-01
4.287639810412058328e-01
4.287639810412058328e-01
2.145301944164147712e-01
2.145301944164147712e-01
4.110055436094664505e-01
4.110055436094664505e-01
3.324372770545519495e-01
3.324372770545519495e-01
1.199999999999999956e+00
1.199999999999999956e+00
1.199999999999999956e+00
1.199999999999999956e+00
1.840073641254018622e-01
1.840073641254018622e-01
6.655777540928962122e-01
6.655777540928962122e-01
7.519110966470572421e-01
7.519110966470572421e-01
5.189078371408778478e-02
5.189078371408778478e-02
1.199999999999999956e+00
1.199999999999999956e+00
1.337653257457967759e-01
1.337653257457967759e-01
1.214776605974490775e-02
1.214776605974490775e-02
1.199999999999999956e+00
1.199999999999999956e+00
1.366619293567598870e-01
1.366619293567598870e-01
1.199999999999999956e+00
1.199999999999999956e+00
5.859815860433211787e-01
5.859815860433211787e-01
6.530630611192679569e-02
6.530630611192679569e-02
1.208825497491810702e-01
1.208825497491810702e-01
1.389734861006158007e-01
1.389734861006158007e-01
1.199999999999999956e+00
1.199999999999999956e+00
1.199999999999999956e+00
1.199999999999999956e+00
3.771202823086085010e-01
3.771202823086085010e-01
1.199999999999999956e+00
1.199999999999999956e+00
3.037947369181515644e-01
3.037947369181515644e-01
1.199999999999999956e+00
1.199999999999999956e+00
5.028120866883013795e-02
5.028120866883013795e-02
3.981757947642943218e-01
3.981757947642943218e-01
7.524379301513975937e-01
7.524379301513975937e-01
1.199999999999999956e+00
1.199999999999999956e+00
1.213467414592495769e-02
1.213467414592495769e-02
2.027550771525749307e-01
2.027550771525749307e-01
1.199999999999999956e+00
1.199999999999999956e+00
5.780778973812598087e-01
5.780778973812598087e-01
2.483280915146101331e-01
2.483280915146101331e-01
5.954507972481392075e-01
5.954507972481392075e-01
1.199999999999999956e+00
1.199999999999999956e+00
3.687703945855393961e-01
3.687703945855393961e-01
1.199999999999999956e+00
1.199999999999999956e+00
9.507478697656541744e-01
9.507478697656541744e-01
4.456457967009422316e-02
4.456457967009422316e-02
4.908272370465093792e-01
4.908272370465093792e-01
5.636605666518231805e-01
5.636605666518231805e-01
7.879421219107948793e-02
7.879421219107948793e-02
2.222703716317584177e-01
2.222703716317584177e-01
1.199999999999999956e+00
1.199999999999999956e+00
4.083942595199550607e-01
4.083942595199550607e-01
5.112182213203939618e-01
5.112182213203939618e-01
1.199999999999999956e+00
1.199999999999999956e+00
3.491719780209214807e-01
3.491719780209214807e-01
3.675339925093920601e-01
3.675339925093920601e-01
1.199999999999999956e+00
1.199999999999999956e+00
1.199999999999999956e+00
1.199999999999999956e+00
1.872873682351762492e-01
1.872873682351762492e-01
3.095649981067276624e-01
3.095649981067276624e-01
1.456091297642745364e-01
1.456091297642745364e-01
5.356107205470440613e-01
5.356107205470440613e-01
1.051017485064521306e+00
1.051017485064521306e+00
2.517911786490497628e-01
2.517911786490497628e-01
7.667595032696385149e-02
7.667595032696385149e-02
2.011154583069933166e-01
2.011154583069933166e-01
1.122528595235530724e-01
1.122528595235530724e-01
1.832072284943248863e-01
1.832072284943248863e-01
1.199999999999999956e+00
1.199999999999999956e+00
3.499099641048988296e-01
3.499099641048988296e-01
7.024726329494900001e-02
7.024726329494900001e-02
1.199999999999999956e+00
1.199999999999999956e+00
7.145839347715996492e-01
7.145839347715996492e-01
1.259054074020907465e-01
1.259054074020907465e-01
3.188459211569231733e-01
3.188459211569231733e-01
2.947707974684496998e-04
2.947707974684496998e-04
2.178092887616327467e-01
2.178092887616327467e-01
4.475699980439536152e-02
4.475699980439536152e-02
1.199999999999999956e+00
1.199999999999999956e+00
1.475723019165683936e-01
1.475723019165683936e-01
3.374025225902161917e-01
3.374025225902161917e-01
5.501976662586289812e-01
5.501976662586289812e-01
9.729248669877060829e-02
9.729248669877060829e-02
4.443695952234658630e-01
4.443695952234658630e-01
1.199999999999999956e+00
1.199999999999999956e+00
1.633723294360715436e-02
1.633723294360715436e-02
1.199999999999999956e+00
1.199999999999999956e+00
4.491506909602261399e-01
4.491506909602261399e-01
1.610796598012597114e-01
1.610796598012597114e-01
6.767177853161441270e-01
6.767177853161441270e-01
2.463416738261433037e-01
2.463416738261433037e-01
4.268936456327890316e-01
4.268936456327890316e-01
1.168335708615183127e-01
1.168335708615183127e-01
2.379697442546478969e-01
2.379697442546478969e-01
1.484258248121025359e-01
1.484258248121025359e-01
1.265683411043357631e-01
1.265683411043357631e-01
7.703299592958435214e-03
7.703299592958435214e-03
1.199999999999999956e+00
1.199999999999999956e+00
6.185784432172058978e-02
6.185784432172058978e-02
1.057461923209560423e-01
1.057461923209560423e-01
1.114977046305152930e+00
1.114977046305152930e+00
3.839278354561442841e-01
3.839278354561442841e-01
1.199999999999999956e+00
1.199999999999999956e+00
5.351316098436448288e-01
5.351316098436448288e-01
3.298249981543222020e-01
3.298249981543222020e-01
1.199999999999999956e+00
1.199999999999999956e+00
4.095975486732388315e-01
4.095975486732388315e-01
1.351341017128353750e+00
1.351341017128353750e+00
4.186948884876046106e-02
4.186948884876046106e-02
1.123533881453545602e-01
1.123533881453545602e-01
1.199999999999999956e+00
1.199999999999999956e+00
1.199999999999999956e+00
1.199999999999999956e+00
5.232471801607280204e-02
5.232471801607280204e-02
4.491591365995444285e-01
4.491591365995444285e-01
1.247052915407163287e-01
1.247052915407163287e-01
4.405707842715461675e-01
4.405707842715461675e-01
1.937775822007328230e-01
1.937775822007328230e-01
4.972025864669668560e-02
4.972025864669668560e-02
6.700371538967712925e-02
6.700371538967712925e-02
1.199999999999999956e+00
1.199999999999999956e+00
3.142809647147942198e-01
3.142809647147942198e-01
1.199999999999999956e+00
1.199999999999999956e+00
1.199999999999999956e+00
1.199999999999999956e+00
9.812066167279018258e-02
9.812066167279018258e-02
7.118127147904389496e-01
7.118127147904389496e-01
1.199999999999999956e+00
1.199999999999999956e+00
4.207963402267089759e-02
4.207963402267089759e-02
1.071646735257306138e-01
1.071646735257306138e-01
8.937189919723931286e-02
8.937189919723931286e-02
3.805745534280112752e-01
3.805745534280112752e-01
1.199999999999999956e+00
1.199999999999999956e+00
1.199999999999999956e+00
1.199999999999999956e+00
2.992934877206706590e-01
2.992934877206706590e-01
4.429273319414579468e-01
4.429273319414579468e-01
1.199999999999999956e+00
1.199999999999999956e+00
3.410678681344443408e-01
3.410678681344443408e-01
1.285897717152282085e-02
1.285897717152282085e-02
2.256835119334340556e-01
2.256835119334340556e-01
1.350841147861530679e-02
1.350841147861530679e-02
8.905063656533951377e-02
8.905063656533951377e-02
3.873438677615907988e-01
3.873438677615907988e-01
3.982121169631334112e-01
3.982121169631334112e-01
2.352520815115388686e-01
2.352520815115388686e-01
7.285723503206321255e-03
7.285723503206321255e-03
1.199999999999999956e+00
1.199999999999999956e+00
8.936468972164077207e-02
8.936468972164077207e-02
2.548780477985924942e-02
2.548780477985924942e-02
1.005234299044974744e-01
1.005234299044974744e-01
6.988027782118957365e-01
6.988027782118957365e-01
2.276799532061922759e-01
2.276799532061922759e-01
2.043369373107630504e-01
2.043369373107630504e-01
5.086793361222877868e-02
5.086793361222877868e-02
1.411683631236677616e-01
1.411683631236677616e-01
4.952319630622930013e-01
4.952319630622930013e-01
4.308695409578285063e-02
4.308695409578285063e-02
4.134783244068933050e-01
4.134783244068933050e-01
1.199999999999999956e+00
1.199999999999999956e+00
2.771345201919923062e-01
2.771345201919923062e-01
3.792795885207957997e-03
3.792795885207957997e-03
7.687824198920656382e-02
7.687824198920656382e-02
3.722192405481216659e-01
3.722192405481216659e-01
1.204508005128412523e-01
1.204508005128412523e-01
1.413374771500718052e-01
1.413374771500718052e-01
1.199999999999999956e+00
1.199999999999999956e+00
9.200867378673750763e-02
9.200867378673750763e-02
1.199999999999999956e+00
1.199999999999999956e+00
2.090183995589521282e-01
2.090183995589521282e-01
1.587580180184851031e-01
1.587580180184851031e-01
1.199999999999999956e+00
1.199999999999999956e+00
1.470399597450967322e-01
1.470399597450967322e-01
1.199999999999999956e+00
1.199999999999999956e+00
4.225203705575849011e-01
4.225203705575849011e-01
3.030876224843260802e-01
3.030876224843260802e-01
3.482507919901611793e-01
3.482507919901611793e-01
1.199999999999999956e+00
1.199999999999999956e+00
3.311197708472884416e-01
3.311197708472884416e-01
1.199999999999999956e+00
1.199999999999999956e+00
4.485662209016926250e-01
4.485662209016926250e-01
1.551701364558574214e-01
1.551701364558574214e-01
4.574295988649693112e-01
4.574295988649693112e-01
6.978356071889671962e-03
6.978356071889671962e-03
1.701225383329177110e-01
1.701225383329177110e-01
2.102909647033819329e-01
2.102909647033819329e-01
2.463014549016789845e-01
2.463014549016789845e-01
5.272716960297144095e-02
5.272716960297144095e-02
3.905743015847480404e-01
3.905743015847480404e-01
1.167635778713280587e-01
1.167635778713280587e-01
5.157383487918674181e-01
5.157383487918674181e-01
1.193785197826252031e-01
1.193785197826252031e-01
3.737066765018846048e-01
3.737066765018846048e-01
5.170706418968963325e-01
5.170706418968963325e-01
1.173147261222581283e+00
1.173147261222581283e+00
9.768907289834921626e-02
9.768907289834921626e-02
2.748331021248495154e-01
2.748331021248495154e-01
1.199999999999999956e+00
1.199999999999999956e+00
3.068067384729735170e-01
3.068067384729735170e-01
1.199999999999999956e+00
1.199999999999999956e+00
2.646520272131296370e-01
2.646520272131296370e-01
5.510661546898029672e-02
5.510661546898029672e-02
1.902859288812294158e-01
1.902859288812294158e-01
7.651686826098272332e-02
7.651686826098272332e-02
1.199999999999999956e+00
1.199999999999999956e+00
1.632688090948643811e-01
1.632688090948643811e-01
5.117237379605333869e-01
5.117237379605333869e-01
2.061433847683084852e-01
2.061433847683084852e-01
6.309359926361924886e-01
6.309359926361924886e-01
7.613446916253324703e-01
7.613446916253324703e-01
1.199999999999999956e+00
1.199999999999999956e+00
3.267015899805786883e-01
3.267015899805786883e-01
9.746033275546515939e-02
9.746033275546515939e-02
3.171132396450188767e-02
3.171132396450188767e-02
1.199999999999999956e+00
1.199999999999999956e+00
1.865541310200792002e-01
1.865541310200792002e-01
1.873879841817923525e-02
1.873879841817923525e-02
3.933084510302330972e-01
3.933084510302330972e-01
1.234879366096079505e-02
1.234879366096079505e-02
6.358529225323122924e-02
6.358529225323122924e-02
1.922853768885830483e-01
1.922853768885830483e-01
9.044720194754820586e-01
9.044720194754820586e-01
2.726510668241293733e-01
2.726510668241293733e-01
4.020459421385711996e-01
4.020459421385711996e-01
3.720021845638522007e-01
3.720021845638522007e-01
7.708294502871695930e-02
7.708294502871695930e-02
4.738512646854488586e-01
4.738512646854488586e-01
3.426373675472526026e-01
3.426373675472526026e-01
8.164995176883205197e-01
8.164995176883205197e-01
6.838580452328800741e-01
6.838580452328800741e-01
5.662712343387859004e-01
5.662712343387859004e-01
5.705961026464283492e-01
5.705961026464283492e-01
2.864704858955879896e-01
2.864704858955879896e-01
1.056932778476097137e-02
1.056932778476097137e-02
8.185210745871375482e-02
8.185210745871375482e-02
4.001189366605923947e-01
4.001189366605923947e-01
9.837912254818345636e-02
9.837912254818345636e-02
1.199999999999999956e+00
1.199999999999999956e+00
5.087404137213615840e-01
5.087404137213615840e-01
6.204460505299723705e-01
6.204460505299723705e-01
1.199999999999999956e+00
1.199999999999999956e+00
1.199999999999999956e+00
1.199999999999999956e+00
9.796130262778399156e-02
9.796130262778399156e-02
3.608231064479461292e-01
3.608231064479461292e-01
3.010484975745275071e-01
3.010484975745275071e-01
2.982086728852804958e-02
2.982086728852804958e-02
1.199999999999999956e+00
1.199999999999999956e+00
4.194072610266413870e-01
4.194072610266413870e-01
2.765072814583123262e-01
2.765072814583123262e-01
6.447311506901748368e-01
6.447311506901748368e-01
2.782276049260569706e-01
2.782276049260569706e-01
2.246895578334592580e-01
2.246895578334592580e-01
3.053151791327073372e-01
3.053151791327073372e-01
3.501629820712578306e-02
3.501629820712578306e-02
6.884948218110371887e-02
6.884948218110371887e-02
5.589729262499700813e-01
5.589729262499700813e-01
1.749715540457013885e-01
1.749715540457013885e-01
1.134240651939008304e-01
1.134240651939008304e-01
5.358130969901793161e-01
5.358130969901793161e-01
4.414073527435519728e-01
4.414073527435519728e-01
2.767747848972295088e-01
2.767747848972295088e-01
7.518006416448246299e-01
7.518006416448246299e-01
1.199999999999999956e+00
1.199999999999999956e+00
1.199999999999999956e+00
1.199999999999999956e+00
1.199999999999999956e+00
1.199999999999999956e+00
3.182217333927741393e-02
3.182217333927741393e-02
7.643070679323364647e-02
7.643070679323364647e-02
1.346549921745477940e-01
1.346549921745477940e-01
5.625898408742612267e-01
5.625898408742612267e-01
2.780320302740652699e-02
2.780320302740652699e-02
7.521627223163216414e-01
7.521627223163216414e-01
7.985257306443352410e-02
7.985257306443352410e-02
1.199999999999999956e+00
1.199999999999999956e+00
4.123249856328500274e-01
4.123249856328500274e-01
6.876039418678615567e-01
6.876039418678615567e-01
1.199999999999999956e+00
1.199999999999999956e+00
6.058812250752529209e-03
6.058812250752529209e-03
1.690712900540870534e-01
1.690712900540870534e-01
2.916816525474656696e-02
2.916816525474656696e-02
