1.199999999999999956e+00
1.199999999999999956e+00
5.041317117715715668e-01
5.041317117715715668e-01
1.967832524961209140e-01
1.967832524961209140e-01
7.223098160262337863e-01
7.223098160262337863e-01
8.754196875366786201e-02
8.754196875366786201e-02
1.199999999999999956e+00
1.199999999999999956e+00
5.771418675313672031e-02
5.771418675313672031e-02
9.311826734723982479e-02
9.311826734723982479e-02
6.423248760444064676e-01
6.423248760444064676e-01
7.630523957543082492e-02
7.630523957543082492e-02
2.252014450816411384e-01
2.252014450816411384e-01
4.425708634855858303e-01
4.425708634855858303e-01
2.622576017195495379e-01
2.622576017195495379e-01
1.199999999999999956e+00
1.199999999999999956e+00
8.234101532425845693e-02
8.234101532425845693e-02
2.597680575393550295e-02
2.597680575393550295e-02
3.694042752342452385e-01
3.694042752342452385e-01
1.199999999999999956e+00
1.199999999999999956e+00
9.034972436796950834e-02
9.034972436796950834e-02
1.406515333590817873e-01
1.406515333590817873e-01
3.759403167814599073e-02
3.759403167814599073e-02
6.651351963214488516e-02
6.651351963214488516e-02
6.193631164727854410e-02
6.193631164727854410e-02
3.327699791340152924e-01
3.327699791340152924e-01
1.934709967569185748e-03
1.934709967569185748e-03
1.608598818979840306e-01
1.608598818979840306e-01
5.596680058554673876e-01
5.596680058554673876e-01
2.284884208756109147e-02
2.284884208756109147e-02
1.894763000176439768e-02
1.894763000176439768e-02
1.199999999999999956e+00
1.199999999999999956e+00
4.556659047406532576e-02
4.556659047406532576e-02
4.791480178009239754e-01
4.791480178009239754e-01
4.489195513486591849e-01
4.489195513486591849e-01
1.199999999999999956e+00
1.199999999999999956e+00
1.199999999999999956e+00
1.199999999999999956e+00
8.849475864062288366e-01
8.849475864062288366e-01
7.556950236707789259e-02
7.556950236707789259e-02
5.738716663308933708e-01
5.738716663308933708e-01
2.310423302482654540e-02
2.310423302482654540e-02
3.881300797604528841e-01
3.881300797604528841e-01
1.199999999999999956e+00
1.199999999999999956e+00
1.199999999999999956e+00
1.199999999999999956e+00
3.226809321909298034e-01
3.226809321909298034e-01
1.199999999999999956e+00
1.199999999999999956e+00
7.340015687286008395e-02
7.340015687286008395e-02
1.199999999999999956e+00
1.199999999999999956e+00
2.812988117567943314e-01
2.812988117567943314e-01
1.254290247283088022e-01
1.254290247283088022e-01
3.004613371552974366e-01
3.004613371552974366e-01
1.074236986534550103e-01
1.074236986534550103e-01
1.236982656049451512e-01
1.236982656049451512e-01
2.076935457866883050e-01
2.076935457866883050e-01
2.384162678258832102e-01
2.384162678258832102e-01
5.683121835881452810e-01
5.683121835881452810e-01
1.199999999999999956e+00
1.199999999999999956e+00
3.220605130715428199e-01
3.220605130715428199e-01
7.813486740870456693e-02
7.813486740870456693e-02
4.563945917350681336e-01
4.563945917350681336e-01
3.260104660699619794e-01
3.260104660699619794e-01
1.199999999999999956e+00
1.199999999999999956e+00
7.072600896827008210e-01
7.072600896827008210e-01
4.618206294267849232e-01
4.618206294267849232e-01
4.646587314396891100e-01
4.646587314396891100e-01
1.199999999999999956e+00
1.199999999999999956e+00
1.172717381554359006e-01
1.172717381554359006e-01
1.199999999999999956e+00
1.199999999999999956e+00
2.727830155365183473e-01
2.727830155365183473e-01
7.536186504596865954e-02
7.536186504596865954e-02
1.550519355696452495e-01
1.550519355696452495e-01
2.735560322047160819e-01
2.735560322047160819e-01
3.312414205283914503e-03
3.312414205283914503e-03
1.257255499809256938e-01
1.257255499809256938e-01
1.199999999999999956e+00
1.199999999999999956e+00
1.199999999999999956e+00
1.199999999999999956e+00
1.264937995212955524e-01
1.264937995212955524e-01
4.327592807710520795e-01
4.327592807710520795e-01
3.266048195973961232e-01
3.266048195973961232e-01
1.199999999999999956e+00
1.199999999999999956e+00
2.980584398871420349e-01
2.980584398871420349e-01
1.199999999999999956e+00
1.199999999999999956e+00
3.788383864237285237e-01
3.788383864237285237e-01
1.199999999999999956e+00
1.199999999999999956e+00
2.497536791254015565e-01
2.497536791254015565e-01
2.047447841310611472e-01
2.047447841310611472e-01
1.199999999999999956e+00
1.199999999999999956e+00
8.110769328445333742e-03
8.110769328445333742e-03
6.694555494969767206e-01
6.694555494969767206e-01
1.199999999999999956e+00
1.199999999999999956e+00
1.199999999999999956e+00
1.199999999999999956e+00
5.086558924335585763e-01
5.086558924335585763e-01
4.391624540715484137e-01
4.391624540715484137e-01
6.512143729497125999e-02
6.512143729497125999e-02
2.867144706209011074e-01
2.867144706209011074e-01
1.199999999999999956e+00
1.199999999999999956e+00
1.199999999999999956e+00
1.199999999999999956e+00
1.829282329808352425e-01
1.829282329808352425e-01
1.445899059563547362e-01
1.445899059563547362e-01
2.951970456292573597e-01
2.951970456292573597e-01
4.484064047015591803e-01
4.484064047015591803e-01
2.445263355529962990e-01
2.445263355529962990e-01
2.860884782625359724e-01
2.860884782625359724e-01
5.993879969301183636e-02
5.993879969301183636e-02
4.795432353490441391e-01
4.795432353490441391e-01
6.481293425036670219e-02
6.481293425036670219e-02
7.590883280410128942e-01
7.590883280410128942e-01
1.010450071359927593e+00
1.010450071359927593e+00
6.386474759092570785e-01
6.386474759092570785e-01
2.851129271269103316e-01
2.851129271269103316e-01
3.244253893116870735e-01
3.244253893116870735e-01
2.573531818790805725e-02
2.573531818790805725e-02
3.068449166085381874e-01
3.068449166085381874e-01
1.199999999999999956e+00
1.199999999999999956e+00
5.585217790934919879e-01
5.585217790934919879e-01
4.052837198294175214e-01
4.052837198294175214e-01
1.199999999999999956e+00
1.199999999999999956e+00
1.526614079797202761e-01
1.526614079797202761e-01
1.018407601472257895e-01
1.018407601472257895e-01
7.307497072112091319e-01
7.307497072112091319e-01
1.199999999999999956e+00
1.199999999999999956e+00
6.223945280350350329e-01
6.223945280350350329e-01
7.319317581685043095e-01
7.319317581685043095e-01
1.347565099042880854e-01
1.347565099042880854e-01
1.680227482378920945e-01
1.680227482378920945e-01
3.710949940108424494e-01
3.710949940108424494e-01
8.052838828355626255e-01
8.052838828355626255e-01
1.199999999999999956e+00
1.199999999999999956e+00
2.223102268087399080e-01
2.223102268087399080e-01
1.199999999999999956e+00
1.199999999999999956e+00
1.199999999999999956e+00
1.199999999999999956e+00
3.892824414449928550e-01
3.892824414449928550e-01
1.334400915052662839e-01
1.334400915052662839e-01
4.207962643715199014e-01
4.207962643715199014e-01
1.226099500873181203e+00
1.226099500873181203e+00
9.995541778248889786e-02
9.995541778248889786e-02
1.199999999999999956e+00
1.199999999999999956e+00
1.199999999999999956e+00
1.199999999999999956e+00
3.119138358737842953e-01
3.119138358737842953e-01
1.199999999999999956e+00
1.199999999999999956e+00
3.681483480805609609e-01
3.681483480805609609e-01
4.475367387797685170e-01
4.475367387797685170e-01
1.199999999999999956e+00
1.199999999999999956e+00
1.207373157849469386e-01
1.207373157849469386e-01
1.199999999999999956e+00
1.199999999999999956e+00
1.026400735868900072e-01
1.026400735868900072e-01
1.729567077383099560e-01
1.729567077383099560e-01
4.310394607901123221e-02
4.310394607901123221e-02
8.427770986277788312e-02
8.427770986277788312e-02
4.978401953464410210e-03
4.978401953464410210e-03
7.256658027437778991e-01
7.256658027437778991e-01
1.199999999999999956e+00
1.199999999999999956e+00
6.882594633065150513e-02
6.882594633065150513e-02
1.199999999999999956e+00
1.199999999999999956e+00
3.566708368120063283e-02
3.566708368120063283e-02
1.769449007788438111e-01
1.769449007788438111e-01
2.952459299766632683e-01
2.952459299766632683e-01
1.199999999999999956e+00
1.199999999999999956e+00
8.600000060592730700e-01
8.600000060592730700e-01
1.199999999999999956e+00
1.199999999999999956e+00
1.199999999999999956e+00
1.199999999999999956e+00
4.682848763197492992e-01
4.682848763197492992e-01
5.844229193950882806e-01
5.844229193950882806e-01
2.332502492043796449e-01
2.332502492043796449e-01
1.199999999999999956e+00
1.199999999999999956e+00
2.217398155755668787e-01
2.217398155755668787e-01
4.163194399216067487e-01
4.163194399216067487e-01
1.199999999999999956e+00
1.199999999999999956e+00
1.287341500441275266e-01
1.287341500441275266e-01
1.709056978072988620e-01
1.709056978072988620e-01
4.212551811958693548e-01
4.212551811958693548e-01
6.473988169943766247e-01
6.473988169943766247e-01
4.102688589149003917e-01
4.102688589149003917e-01
1.199999999999999956e+00
1.199999999999999956e+00
3.225217462956868064e-01
3.225217462956868064e-01
3.495037631146855062e-02
3.495037631146855062e-02
3.815630074329046106e-02
3.815630074329046106e-02
1.894832850631055221e-01
1.894832850631055221e-01
1.199999999999999956e+00
1.199999999999999956e+00
1.199999999999999956e+00
1.199999999999999956e+00
5.603412348275460531e-01
5.603412348275460531e-01
1.199999999999999956e+00
1.199999999999999956e+00
6.293767676138824207e-03
6.293767676138824207e-03
1.199999999999999956e+00
1.199999999999999956e+00
2.160785016282914806e-01
2.160785016282914806e-01
2.817985606660050601e-01
2.817985606660050601e-01
3.957914590637974239e-01
3.957914590637974239e-01
1.070527691119178004e-01
1.070527691119178004e-01
3.229281186065830478e-01
3.229281186065830478e-01
1.199999999999999956e+00
1.199999999999999956e+00
6.168459730751907344e-02
6.168459730751907344e-02
1.199999999999999956e+00
1.199999999999999956e+00
2.587374942792257659e-01
2.587374942792257659e-01
1.199999999999999956e+00
1.199999999999999956e+00
1.553665463128169888e-01
1.553665463128169888e-01
3.465850926570421819e-01
3.465850926570421819e-01
5.966724552189671682e-01
5.966724552189671682e-01
4.600722418124185698e-01
4.600722418124185698e-01
1.199999999999999956e+00
1.199999999999999956e+00
8.491502947736269125e-01
8.491502947736269125e-01
3.687730530527743023e-01
3.687730530527743023e-01
1.755075797675077487e-01
1.755075797675077487e-01
1.092759507240664008e-01
1.092759507240664008e-01
1.199999999999999956e+00
1.199999999999999956e+00
1.199999999999999956e+00
1.199999999999999956e+00
1.637053423643008709e-01
1.637053423643008709e-01
2.674215869710190874e-01
2.674215869710190874e-01
2.987827904614173691e-02
2.987827904614173691e-02
1.279541848998247411e-01
1.279541848998247411e-01
8.640169749590564940e-02
8.640169749590564940e-02
1.199999999999999956e+00
1.199999999999999956e+00
5.218920689405691649e-01
5.218920689405691649e-01
3.630406291474242986e-01
3.630406291474242986e-01
1.533600035394869499e-01
1.533600035394869499e-01
1.199999999999999956e+00
1.199999999999999956e+00
2.676421769616628143e-01
2.676421769616628143e-01
1.199999999999999956e+00
1.199999999999999956e+00
1.199999999999999956e+00
1.199999999999999956e+00
3.943976681879764884e-02
3.943976681879764884e-02
3.674060458219581826e-01
3.674060458219581826e-01
2.729499614265895047e-01
2.729499614265895047e-01
1.712523886989789860e-03
1.712523886989789860e-03
4.411375407834255968e-01
4.411375407834255968e-01
2.869251593868926697e-01
2.869251593868926697e-01
1.199999999999999956e+00
1.199999999999999956e+00
6.194237082673479527e-02
6.194237082673479527e-02
4.053610150649759603e-01
4.053610150649759603e-01
4.198857307091904412e-01
4.198857307091904412e-01
7.127466913749021249e-02
7.127466913749021249e-02
1.199999999999999956e+00
1.199999999999999956e+00
1.199999999999999956e+00
1.199999999999999956e+00
1.199999999999999956e+00
1.199999999999999956e+00
8.961370025876229661e-01
8.961370025876229661e-01
1.199999999999999956e+00
1.199999999999999956e+00
5.168962305775862687e-01
5.168962305775862687e-01
2.981337865417070798e-01
2.981337865417070798e-01
2.197207632807485767e-01
2.197207632807485767e-01
4.498986040892979377e-01
4.498986040892979377e-01
1.199999999999999956e+00
1.199999999999999956e+00
1.192828257650142415e-01
1.192828257650142415e-01
1.199999999999999956e+00
1.199999999999999956e+00
1.852431284096135999e-01
1.852431284096135999e-01
3.300141704444914392e-01
3.300141704444914392e-01
6.382147925547754230e-01
6.382147925547754230e-01
2.907105173295171929e-01
2.907105173295171929e-01
8.359035628088636039e-02
8.359035628088636039e-02
9.095739390141495129e-01
9.095739390141495129e-01
1.199999999999999956e+00
1.199999999999999956e+00
1.199999999999999956e+00
1.199999999999999956e+00
1.336550078167824396e-01
1.336550078167824396e-01
5.463554068225655591e-01
5.463554068225655591e-01
8.985761601081511396e-02
8.985761601081511396e-02
4.101493114234928683e-01
4.101493114234928683e-01
1.167517082121500432e-01
1.167517082121500432e-01
6.678642183491340090e-01
6.678642183491340090e-01
1.199999999999999956e+00
1.199999999999999956e+00
7.639741375800079837e-01
7.639741375800079837e-01
1.923909135160523642e-01
1.923909135160523642e-01
1.199999999999999956e+00
1.199999999999999956e+00
2.129828418502460186e-01
2.129828418502460186e-01
6.470236450559371244e-01
6.470236450559371244e-01
8.134448545239195694e-01
8.134448545239195694e-01
3.664660059403492265e-01
3.664660059403492265e-01
1.960299357936287068e-01
1.960299357936287068e-01
1.893387830046108500e-01
1.893387830046108500e-01
1.688556699011417306e-01
1.688556699011417306e-01
2.504079179551066403e-01
2.504079179551066403e-01
1.199999999999999956e+00
1.199999999999999956e+00
1.207517028906960332e-01
1.207517028906960332e-01
4.654097745727135416e-01
4.654097745727135416e-01
6.221582899490823992e-01
6.221582899490823992e-01
1.199999999999999956e+00
1.199999999999999956e+00
1.052779962324890795e+00
1.052779962324890795e+00
2.970032947584029803e-01
2.970032947584029803e-01
2.467033544848899751e-01
2.467033544848899751e-01
3.061909815823715686e-01
3.061909815823715686e-01
1.401731399159623082e-01
1.401731399159623082e-01
1.513832542906362044e-01
1.513832542906362044e-01
2.115575256455699549e-01
2.115575256455699549e-01
4.119601552598484151e-01
4.119601552598484151e-01
4.965610549514281047e-01
4.965610549514281047e-01
2.553696579255703702e-01
2.553696579255703702e-01
6.552185434227709993e-02
6.552185434227709993e-02
1.199999999999999956e+00
1.199999999999999956e+00
3.608868795371995147e-02
3.608868795371995147e-02
5.889558676878978855e-02
5.889558676878978855e-02
1.407189819896782212e-01
1.407189819896782212e-01
1.199999999999999956e+00
1.199999999999999956e+00
2.976007085212019621e-01
2.976007085212019621e-01
5.339506442295094413e-01
5.339506442295094413e-01
1.199999999999999956e+00
1.199999999999999956e+00
1.273660052979782020e-01
1.273660052979782020e-01
2.484375125930203820e-01
2.484375125930203820e-01
2.998989420269140838e-02
2.998989420269140838e-02
5.602196762447418932e-01
5.602196762447418932e-01
1.184297128141445637e-01
1.184297128141445637e-01
6.535199831095095391e-01
6.535199831095095391e-01
5.369806235915654258e-02
5.369806235915654258e-02
1.270028862044147333e+00
1.270028862044147333e+00
3.170047032516892238e-01
3.170047032516892238e-01
2.575879773934123262e-01
2.575879773934123262e-01
1.637112173978554353e-01
1.637112173978554353e-01
5.731954966266760571e-02
5.731954966266760571e-02
1.199999999999999956e+00
1.199999999999999956e+00
5.216021319046081350e-01
5.216021319046081350e-01
7.188311649512184320e-02
7.188311649512184320e-02
1.452119382700946815e-01
1.452119382700946815e-01
7.953408602010231254e-01
7.953408602010231254e-01
3.135305800207219828e-01
3.135305800207219828e-01
1.199999999999999956e+00
1.199999999999999956e+00
5.127210011702881820e-01
5.127210011702881820e-01
3.284449289129223182e-01
3.284449289129223182e-01
1.199999999999999956e+00
1.199999999999999956e+00
1.199999999999999956e+00
1.199999999999999956e+00
9.513197078325273670e-02
9.513197078325273670e-02
1.199999999999999956e+00
1.199999999999999956e+00
2.898658451446866624e-01
2.898658451446866624e-01
3.536329276028441493e-01
3.536329276028441493e-01
8.895267841908514050e-01
8.895267841908514050e-01
7.725480545288236911e-01
7.725480545288236911e-01
3.667628284685651718e-01
3.667628284685651718e-01
1.177875387944240099e-01
1.177875387944240099e-01
1.199999999999999956e+00
1.199999999999999956e+00
1.996204584489344735e-01
1.996204584489344735e-01
4.062707062591820462e-01
4.062707062591820462e-01
6.630794930498427886e-02
6.630794930498427886e-02
2.638626188299701414e-01
2.638626188299701414e-01
1.199999999999999956e+00
1.199999999999999956e+00
4.477748765732597613e-01
4.477748765732597613e-01
9.054035188009177393e-01
9.054035188009177393e-01
7.362741960618451875e-01
7.362741960618451875e-01
1.199999999999999956e+00
1.199999999999999956e+00
2.079285866431690166e-01
2.079285866431690166e-01
1.199999999999999956e+00
1.199999999999999956e+00
1.199999999999999956e+00
1.199999999999999956e+00
6.665864779458521294e-01
6.665864779458521294e-01
1.199999999999999956e+00
1.199999999999999956e+00
1.199999999999999956e+00
1.199999999999999956e+00
1.992564864177228112e-01
1.992564864177228112e-01
1.558422242860428852e-01
1.558422242860428852e-01
5.458444981096984838e-01
5.458444981096984838e-01
2.176694396442468982e-01
2.176694396442468982e-01
1.691233255378543354e-01
1.691233255378543354e-01
2.311490935167812566e-01
2.311490935167812566e-01
1.026988384135356924e-01
1.026988384135356924e-01
2.999832187970700725e-01
2.999832187970700725e-01
3.223701314075113622e-01
3.223701314075113622e-01
1.199999999999999956e+00
1.199999999999999956e+00
1.199999999999999956e+00
1.199999999999999956e+00
3.051112532186796011e-01
3.051112532186796011e-01
6.111668966466952263e-02
6.111668966466952263e-02
4.149398605104478444e-01
4.149398605104478444e-01
2.944683148528572103e-02
2.944683148528572103e-02
6.640134345244377290e-01
6.640134345244377290e-01
1.199999999999999956e+00
1.199999999999999956e+00
1.572520386791912139e-01
1.572520386791912139e-01
7.225672936471615460e-01
7.225672936471615460e-01
7.529319101254627888e-01
7.529319101254627888e-01
1.831185680664519921e-01
1.831185680664519921e-01
4.652328638537163441e-02
4.652328638537163441e-02
8.077263353122020317e-02
8.077263353122020317e-02
2.130763661842060841e-01
2.130763661842060841e-01
5.497954355174949903e-02
5.497954355174949903e-02
4.997241358553145552e-01
4.997241358553145552e-01
1.199999999999999956e+00
1.199999999999999956e+00
1.476507972599860330e-01
1.476507972599860330e-01
1.199999999999999956e+00
1.199999999999999956e+00
9.223936668699361796e-02
9.223936668699361796e-02
6.370528158537376584e-02
6.370528158537376584e-02
1.199999999999999956e+00
1.199999999999999956e+00
1.199999999999999956e+00
1.199999999999999956e+00
5.618364114808203080e-01
5.618364114808203080e-01
4.257053242897262946e-02
4.257053242897262946e-02
2.476711633522624689e-01
2.476711633522624689e-01
2.814468020044502694e-01
2.814468020044502694e-01
3.310771712892333074e-01
3.310771712892333074e-01
7.863194461712249561e-01
7.863194461712249561e-01
1.591034738786118730e-01
1.591034738786118730e-01
5.187036442055928953e-01
5.187036442055928953e-01
4.226148653015310841e-01
4.226148653015310841e-01
6.086931303164937468e-01
6.086931303164937468e-01
3.858042034321145786e-01
3.858042034321145786e-01
2.621264802038709152e-01
2.621264802038709152e-01
3.610173826037225281e-02
3.610173826037225281e-02
4.489696978731277932e-01
4.489696978731277932e-01
1.199999999999999956e+00
1.199999999999999956e+00
2.757262606886735079e-01
2.757262606886735079e-01
2.222552171980665681e-01
2.222552171980665681e-01
1.199999999999999956e+00
1.199999999999999956e+00
1.199999999999999956e+00
1.199999999999999956e+00
4.663922850261639080e-02
4.663922850261639080e-02
3.551409548766740754e-01
3.551409548766740754e-01
1.199999999999999956e+00
1.199999999999999956e+00
2.340896096755635536e-01
2.340896096755635536e-01
1.396172934931655119e-01
1.396172934931655119e-01
2.507270861263928285e-01
2.507270861263928285e-01
1.199999999999999956e+00
1.199999999999999956e+00
4.292344256022092575e-01
4.292344256022092575e-01
1.199999999999999956e+00
1.199999999999999956e+00
1.199999999999999956e+00
1.199999999999999956e+00
2.808828149321223600e-01
2.808828149321223600e-01
1.199999999999999956e+00
1.199999999999999956e+00
4.283557876384081614e-02
4.283557876384081614e-02
5.913307698688161640e-01
5.913307698688161640e-01
1.607250317025577802e-01
1.607250317025577802e-01
9.006986979923606862e-01
9.006986979923606862e-01
7.266946820686748243e-02
7.266946820686748243e-02
5.500297166857928133e-01
5.500297166857928133e-01
1.887347959367390304e-01
1.887347959367390304e-01
6.961659425695990167e-02
6.961659425695990167e-02
2.985946993438362007e-01
2.985946993438362007e-01
1.199999999999999956e+00
1.199999999999999956e+00
3.472566525270334714e-01
3.472566525270334714e-01
5.208652714608286161e-01
5.208652714608286161e-01
2.109999548140801748e-02
2.109999548140801748e-02
1.199999999999999956e+00
1.199999999999999956e+00
1.199999999999999956e+00
1.199999999999999956e+00
1.011127453328990733e-01
1.011127453328990733e-01
4.947640330032615497e-01
4.947640330032615497e-01
2.022244075480447711e-02
2.022244075480447711e-02
1.068881206272090933e+00
1.068881206272090933e+00
1.079400375762785691e-01
1.079400375762785691e-01
4.605240176791990797e-02
4.605240176791990797e-02
5.078727444444605665e-02
5.078727444444605665e-02
1.053347882115305938e-02
1.053347882115305938e-02
1.213563268003022833e-01
1.213563268003022833e-01
1.199999999999999956e+00
1.199999999999999956e+00
2.734505233048913353e-01
2.734505233048913353e-01
7.140785398166166198e-01
7.140785398166166198e-01
1.199999999999999956e+00
1.199999999999999956e+00
1.106394984985422866e-02
1.106394984985422866e-02
4.002834966487202606e-01
4.002834966487202606e-01
3.407245772549345464e-01
3.407245772549345464e-01
8.431817903855616525e-02
8.431817903855616525e-02
1.199999999999999956e+00
1.199999999999999956e+00
6.353777002198537360e-01
6.353777002198537360e-01
1.199999999999999956e+00
1.199999999999999956e+00
1.911910723347577945e-01
1.911910723347577945e-01
7.032291626411968366e-02
7.032291626411968366e-02
4.700357760353942038e-01
4.700357760353942038e-01
3.244620291930679912e-01
3.244620291930679912e-01
4.819510464913526887e-02
4.819510464913526887e-02
1.427061353360644103e-01
1.427061353360644103e-01
4.268812942924375964e-01
4.268812942924375964e-01
4.124665074798742892e-01
4.124665074798742892e-01
1.781378297581313330e-01
1.781378297581313330e-01
4.441901028061560064e-01
4.441901028061560064e-01
1.199999999999999956e+00
1.199999999999999956e+00
2.303344163696774416e-01
2.303344163696774416e-01
1.916379217459018014e-01
1.916379217459018014e-01
3.012364199507937615e-02
3.012364199507937615e-02
6.405170206992343018e-02
6.405170206992343018e-02
1.199999999999999956e+00
1.199999999999999956e+00
1.199999999999999956e+00
1.199999999999999956e+00
1.199999999999999956e+00
1.199999999999999956e+00
1.508268902189027205e-01
1.508268902189027205e-01
3.041049347814514916e-05
3.041049347814514916e-05
1.199999999999999956e+00
1.199999999999999956e+00
6.354410230556609140e-02
6.354410230556609140e-02
1.199999999999999956e+00
1.199999999999999956e+00
5.143073966945447273e-01
5.143073966945447273e-01
1.199999999999999956e+00
1.199999999999999956e+00
1.199999999999999956e+00
1.199999999999999956e+00
2.919585679536340628e-01
2.919585679536340628e-01
1.546238302726671288e-01
1.546238302726671288e-01
1.199999999999999956e+00
1.199999999999999956e+00
4.904111990723979964e-01
4.904111990723979964e-01
2.455223762903082155e-02
2.455223762903082155e-02
2.563739303012809723e-01
2.563739303012809723e-01
1.199999999999999956e+00
1.199999999999999956e+00
1.228470517351660379e-01
1.228470517351660379e-01
4.232530589591592118e-01
4.232530589591592118e-01
7.767830342927875553e-02
7.767830342927875553e-02
2.632172215815978822e-01
2.632172215815978822e-01
1.199999999999999956e+00
1.199999999999999956e+00
3.242075125409675795e-01
3.242075125409675795e-01
1.473423921856468078e-03
1.473423921856468078e-03
1.254475711357443124e-01
1.254475711357443124e-01
5.639442777555040420e-01
5.639442777555040420e-01
8.138356498391428884e-02
8.138356498391428884e-02
1.199999999999999956e+00
1.199999999999999956e+00
7.834793326023553259e-03
7.834793326023553259e-03
4.566963518022437718e-02
4.566963518022437718e-02
1.580914658693009789e-01
1.580914658693009789e-01
6.672762305411292783e-01
6.672762305411292783e-01
1.199999999999999956e+00
1.199999999999999956e+00
1.199999999999999956e+00
1.199999999999999956e+00
2.975824723379502101e-01
2.975824723379502101e-01
3.787623312345698157e-01
3.787623312345698157e-01
7.844552931729620315e-02
7.844552931729620315e-02
4.815112504517085057e-01
4.815112504517085057e-01
2.661980647804643857e-02
2.661980647804643857e-02
1.005358320844778053e-01
1.005358320844778053e-01
1.495929074393086977e-01
1.495929074393086977e-01
1.537277229584121663e-01
1.537277229584121663e-01
2.700979820319676095e-01
2.700979820319676095e-01
1.312250461273662405e-01
1.312250461273662405e-01
7.234923896366431129e-02
7.234923896366431129e-02
5.269551930401547013e-01
5.269551930401547013e-01
6.408062169088978022e-02
6.408062169088978022e-02
5.520174872351216733e-01
5.520174872351216733e-01
4.138331249600019079e-01
4.138331249600019079e-01
2.614485774309412980e-01
2.614485774309412980e-01
1.199999999999999956e+00
1.199999999999999956e+00
1.199999999999999956e+00
1.199999999999999956e+00
1.834005151776294529e-01
1.834005151776294529e-01
5.542862530815542144e-01
5.542862530815542144e-01
2.031766228922187723e-01
2.031766228922187723e-01
6.891985681068120151e-01
6.891985681068120151e-01
9.043699465032223328e-02
9.043699465032223328e-02
2.400929070613948974e-02
2.400929070613948974e-02
6.642104820044981706e-01
6.642104820044981706e-01
1.199999999999999956e+00
1.199999999999999956e+00
5.793312640593947793e-02
5.793312640593947793e-02
4.133833545861142489e-01
4.133833545861142489e-01
1.173489264343201555e-01
1.173489264343201555e-01
3.285214299951744188e-02
3.285214299951744188e-02
1.638712850535876675e-01
1.638712850535876675e-01
2.853686548472987930e-02
2.853686548472987930e-02
9.297964204064208538e-01
9.297964204064208538e-01
4.270511329890267493e-01
4.270511329890267493e-01
3.826478789245308931e-01
3.826478789245308931e-01
8.405815406222889585e-01
8.405815406222889585e-01
1.134033525887734595e-01
1.134033525887734595e-01
1.562419141069382178e-01
1.562419141069382178e-01
1.199999999999999956e+00
1.199999999999999956e+00
2.695278179274998576e-01
2.695278179274998576e-01
3.202025917640027863e-01
3.202025917640027863e-01
6.497561636741061575e-01
6.497561636741061575e-01
2.872609226053641218e-01
2.872609226053641218e-01
5.470694357452492440e-01
5.470694357452492440e-01
1.199999999999999956e+00
1.199999999999999956e+00
1.199999999999999956e+00
1.199999999999999956e+00
1.145979119340296837e-01
1.145979119340296837e-01
1.022193729662057571e-01
1.022193729662057571e-01
6.713723337187738061e-01
6.713723337187738061e-01
2.753038496443672156e-01
2.753038496443672156e-01
3.342554852362009665e-01
3.342554852362009665e-01
4.582619364273157192e-01
4.582619364273157192e-01
1.909271575946768218e-01
1.909271575946768218e-01
6.556643024330495173e-01
6.556643024330495173e-01
6.810695441354286395e-01
6.810695441354286395e-01
1.202606033940082156e-02
1.202606033940082156e-02
7.665892033806672723e-01
7.665892033806672723e-01
1.987524935720510685e-02
1.987524935720510685e-02
1.199999999999999956e+00
1.199999999999999956e+00
7.745214439331934431e-01
7.745214439331934431e-01
2.309241459587150214e-01
2.309241459587150214e-01
1.199999999999999956e+00
1.199999999999999956e+00
2.121103137986706799e-01
2.121103137986706799e-01
3.701178042940031498e-01
3.701178042940031498e-01
1.468681108868237772e-01
1.468681108868237772e-01
2.553523532441383526e-01
2.553523532441383526e-01
3.709616150182151184e-01
3.709616150182151184e-01
5.447863316193652938e-01
5.447863316193652938e-01
1.199999999999999956e+00
1.199999999999999956e+00
2.206282541715703926e-02
2.206282541715703926e-02
3.640369605990050328e-01
3.640369605990050328e-01
4.670774721400748897e-01
4.670774721400748897e-01
1.684652520539469123e-01
1.684652520539469123e-01
2.857014979963635182e-01
2.857014979963635182e-01
2.964099786070909306e-03
2.964099786070909306e-03
2.605446045409640643e-01
2.605446045409640643e-01
1.199999999999999956e+00
1.199999999999999956e+00
1.467474328000174522e-01
1.467474328000174522e-01
3.530380953705869462e-02
3.530380953705869462e-02
6.793450113791396072e-01
6.793450113791396072e-01
1.199999999999999956e+00
1.199999999999999956e+00
1.199999999999999956e+00
1.199999999999999956e+00
1.199999999999999956e+00
1.199999999999999956e+00
2.565713416065846242e-01
2.565713416065846242e-01
5.426371664182060191e-03
5.426371664182060191e-03
3.849421376011191720e-01
3.849421376011191720e-01
2.958505734138386356e-01
2.958505734138386356e-01
9.065578670844925968e-02
9.065578670844925968e-02
1.325827560861178034e-01
1.325827560861178034e-01
9.295995719863298090e-02
9.295995719863298090e-02
2.807054400397326344e-01
2.807054400397326344e-01
1.283158540068982945e-01
1.283158540068982945e-01
2.733110224205390071e-01
2.733110224205390071e-01
2.251197885711744007e-01
2.251197885711744007e-01
6.382612698902399018e-01
6.382612698902399018e-01
3.931877221820153506e-02
3.931877221820153506e-02
6.658265934536058972e-02
6.658265934536058972e-02
3.394593252180424514e-01
3.394593252180424514e-01
7.754474007129174007e-01
7.754474007129174007e-01
5.319144359179836523e-02
5.319144359179836523e-02
7.120149290295277496e-03
7.120149290295277496e-03
3.532339765797460895e-01
3.532339765797460895e-01
4.481331773651055922e-02
4.481331773651055922e-02
2.403255433633209037e-01
2.403255433633209037e-01
7.734681806472926135e-02
7.734681806472926135e-02
1.199999999999999956e+00
1.199999999999999956e+00
3.644247130232942111e-01
3.644247130232942111e-01
3.042367834642670243e-01
3.042367834642670243e-01
9.250256230541793745e-02
9.250256230541793745e-02
1.199999999999999956e+00
1.199999999999999956e+00
3.307007382211646362e-01
3.307007382211646362e-01
1.019357634493620463e-01
1.019357634493620463e-01
6.890478254291268478e-02
6.890478254291268478e-02
1.981251767839228295e-01
1.981251767839228295e-01
3.895478843362177312e-01
3.895478843362177312e-01
4.457899907556417407e-01
4.457899907556417407e-01
5.134002163296509380e-01
5.134002163296509380e-01
2.356065665826555522e-01
2.356065665826555522e-01
1.199999999999999956e+00
1.199999999999999956e+00
6.828008499453631641e-01
6.828008499453631641e-01
2.179103440371932821e-01
2.179103440371932821e-01
3.142842792871337054e-01
3.142842792871337054e-01
4.588762864227199367e-01
4.588762864227199367e-01
3.318652674410977887e-01
3.318652674410977887e-01
1.251609910229396216e-01
1.251609910229396216e-01
5.764558958614303119e-01
5.764558958614303119e-01
1.199999999999999956e+00
1.199999999999999956e+00
1.199999999999999956e+00
1.199999999999999956e+00
3.876963869678279884e-01
3.876963869678279884e-01
6.470896229144798562e-02
6.470896229144798562e-02
9.292431200384609902e-02
9.292431200384609902e-02
4.331681830725627735e-01
4.331681830725627735e-01
2.232685543106111281e-01
2.232685543106111281e-01
1.591037364432755785e-01
1.591037364432755785e-01
7.011109186617529854e-02
7.011109186617529854e-02
1.176004895921895915e-01
1.176004895921895915e-01
9.315259901130434894e-02
9.315259901130434894e-02
1.199999999999999956e+00
1.199999999999999956e+00
1.313627725488857381e-02
1.313627725488857381e-02
1.199999999999999956e+00
1.199999999999999956e+00
2.203154776503972734e-01
2.203154776503972734e-01
1.355855711450915657e-01
1.355855711450915657e-01
1.115668589709453845e-01
1.115668589709453845e-01
6.619623461104295892e-01
6.619623461104295892e-01
5.495474265915165080e-02
5.495474265915165080e-02
7.322059013594453547e-02
7.322059013594453547e-02
1.367389359528536630e-01
1.367389359528536630e-01
6.761588465431433992e-01
6.761588465431433992e-01
6.020179589937668663e-03
6.020179589937668663e-03
2.272962014925364871e-01
2.272962014925364871e-01
4.500686465950884951e-01
4.500686465950884951e-01
6.725562719687174784e-01
6.725562719687174784e-01
1.660365575324255494e-01
1.660365575324255494e-01
3.172140263622487688e-01
3.172140263622487688e-01
1.515965864906366201e-01
1.515965864906366201e-01
9.612842900542620250e-02
9.612842900542620250e-02
1.199999999999999956e+00
1.199999999999999956e+00
5.553683440401212951e-02
5.553683440401212951e-02
3.992754690424419328e-01
3.992754690424419328e-01
5.774989095910163517e-01
5.774989095910163517e-01
4.167047590490973591e-02
4.167047590490973591e-02
3.258757899291258031e-01
3.258757899291258031e-01
2.840702540813454247e-02
2.840702540813454247e-02
2.349058247419022194e-01
2.349058247419022194e-01
1.069858223959848087e-01
1.069858223959848087e-01
2.714775841851528870e-01
2.714775841851528870e-01
2.632662029353290967e-01
2.632662029353290967e-01
2.883077618994525290e-02
2.883077618994525290e-02
1.907767694503905986e-01
1.907767694503905986e-01
3.593590321546240585e-01
3.593590321546240585e-01
8.605365586129244682e-02
8.605365586129244682e-02
6.200386494878602078e-03
6.200386494878602078e-03
3.737884692534990116e-01
3.737884692534990116e-01
1.596586391717228492e-01
1.596586391717228492e-01
5.608698679255476327e-02
5.608698679255476327e-02
2.552782522246256347e-01
2.552782522246256347e-01
4.737636772208068670e-01
4.737636772208068670e-01
2.268419749723929457e-01
2.268419749723929457e-01
1.199999999999999956e+00
1.199999999999999956e+00
1.803565490544277727e-01
1.803565490544277727e-01
1.199999999999999956e+00
1.199999999999999956e+00
1.199999999999999956e+00
1.199999999999999956e+00
1.199999999999999956e+00
1.199999999999999956e+00
1.199999999999999956e+00
1.199999999999999956e+00
3.634055923784840214e-01
3.634055923784840214e-01
1.199999999999999956e+00
1.199999999999999956e+00
2.047870256365833322e-02
2.047870256365833322e-02
7.451006288433295599e-02
7.451006288433295599e-02
1.199999999999999956e+00
1.199999999999999956e+00
1.724826847070671798e-01
1.724826847070671798e-01
4.337484017536550329e-01
4.337484017536550329e-01
4.731559962250362350e-01
4.731559962250362350e-01
1.199999999999999956e+00
1.199999999999999956e+00
1.262618292527528108e-01
1.262618292527528108e-01
2.215758041503542997e-01
2.215758041503542997e-01
2.955577262610890182e-02
2.955577262610890182e-02
1.091427880099662268e-01
1.091427880099662268e-01
1.199999999999999956e+00
1.199999999999999956e+00
6.054920115250456147e-02
6.054920115250456147e-02
7.707136752357209020e-02
7.707136752357209020e-02
1.337413937152602539e-01
1.337413937152602539e-01
5.445201423933625495e-01
5.445201423933625495e-01
8.456501930496264363e-02
8.456501930496264363e-02
1.199999999999999956e+00
1.199999999999999956e+00
1.199999999999999956e+00
1.199999999999999956e+00
8.751541172894855558e-02
8.751541172894855558e-02
8.885258870312523483e-02
8.885258870312523483e-02
1.199999999999999956e+00
1.199999999999999956e+00
5.167450982369459211e-01
5.167450982369459211e-01
7.444398905157798008e-02
7.444398905157798008e-02
1.384443650526940572e-01
1.384443650526940572e-01
7.218203945958200085e-02
7.218203945958200085e-02
1.939534273641075335e-01
1.939534273641075335e-01
1.140542554543300113e-01
1.140542554543300113e-01
5.975383288907066826e-01
5.975383288907066826e-01
5.408934363783457488e-01
5.408934363783457488e-01
1.933934188125918663e-01
1.933934188125918663e-01
7.583421457906075469e-02
7.583421457906075469e-02
1.199999999999999956e+00
1.199999999999999956e+00
2.598247968550071105e-02
2.598247968550071105e-02
1.202364821549033319e-01
1.202364821549033319e-01
3.218396203903810954e-02
3.218396203903810954e-02
3.433033124865365882e-02
3.433033124865365882e-02
1.934286113840830504e-02
1.934286113840830504e-02
7.186709221450024443e-03
7.186709221450024443e-03
8.611719287707669812e-02
8.611719287707669812e-02
1.480346972242169712e-01
1.480346972242169712e-01
5.015168703124703864e-01
5.015168703124703864e-01
3.035571833537891728e-01
3.035571833537891728e-01
4.777944188707515527e-02
4.777944188707515527e-02
3.575943121819466497e-01
3.575943121819466497e-01
1.833805506541348607e-01
1.833805506541348607e-01
2.344427244595969906e-01
2.344427244595969906e-01
1.199999999999999956e+00
1.199999999999999956e+00
1.347223435868168673e-01
1.347223435868168673e-01
1.199999999999999956e+00
1.199999999999999956e+00
1.137882448508843458e-01
1.137882448508843458e-01
5.476406291831649453e-02
5.476406291831649453e-02
3.398826163230637271e-02
3.398826163230637271e-02
5.988740116155336635e-01
5.988740116155336635e-01
1.199999999999999956e+00
1.199999999999999956e+00
7.094265465862774622e-01
7.094265465862774622e-01
5.747559759925831291e-02
5.747559759925831291e-02
2.435759346944079418e-01
2.435759346944079418e-01
1.199999999999999956e+00
1.199999999999999956e+00
1.199999999999999956e+00
1.199999999999999956e+00
1.250841654016412452e+00
1.250841654016412452e+00
1.199999999999999956e+00
1.199999999999999956e+00
1.017737579590384245e-01
1.017737579590384245e-01
1.140978007518869686e-01
1.140978007518869686e-01
7.738300892221614546e-01
7.738300892221614546e-01
2.761513330042845715e-01
2.761513330042845715e-01
