7.585075156224745097e-02
7.585075156224745097e-02
4.016672690880340735e-02
4.016672690880340735e-02
3.757707138544443166e-03
3.757707138544443166e-03
1.199999999999999956e+00
1.199999999999999956e+00
1.199999999999999956e+00
1.199999999999999956e+00
3.465950706896429173e-02
3.465950706896429173e-02
4.963698392924602576e-01
4.963698392924602576e-01
1.199999999999999956e+00
1.199999999999999956e+00
3.561750836656819019e-01
3.561750836656819019e-01
1.199999999999999956e+00
1.199999999999999956e+00
1.199999999999999956e+00
1.199999999999999956e+00
4.545639283453942886e-02
4.545639283453942886e-02
6.362735292832198963e-01
6.362735292832198963e-01
4.976344454984170662e-01
4.976344454984170662e-01
6.455995738463289613e-02
6.455995738463289613e-02
3.704882079673960105e-01
3.704882079673960105e-01
1.199999999999999956e+00
1.199999999999999956e+00
1.664817862065049170e-01
1.664817862065049170e-01
1.168506753078917493e+00
1.168506753078917493e+00
1.199999999999999956e+00
1.199999999999999956e+00
1.942665291648282277e-01
1.942665291648282277e-01
5.320396736378240482e-02
5.320396736378240482e-02
1.199999999999999956e+00
1.199999999999999956e+00
2.048327239957546397e-01
2.048327239957546397e-01
2.231037410704144741e-01
2.231037410704144741e-01
1.199999999999999956e+00
1.199999999999999956e+00
1.045773305007799081e+00
1.045773305007799081e+00
8.377429105695739786e-02
8.377429105695739786e-02
6.381110301808964880e-02
6.381110301808964880e-02
2.168096173143444771e-01
2.168096173143444771e-01
4.089388959765118958e-01
4.089388959765118958e-01
1.142957245923513221e-01
1.142957245923513221e-01
7.015155332733646887e-02
7.015155332733646887e-02
1.452421604767065444e-01
1.452421604767065444e-01
6.814096581538927611e-01
6.814096581538927611e-01
8.290065783804803079e-01
8.290065783804803079e-01
2.169904628058570983e-01
2.169904628058570983e-01
5.473038151682653174e-01
5.473038151682653174e-01
9.560424678500627493e-01
9.560424678500627493e-01
5.424617237243870710e-02
5.424617237243870710e-02
6.273153732240471792e-01
6.273153732240471792e-01
4.959526166592284624e-01
4.959526166592284624e-01
2.020226935030778898e-03
2.020226935030778898e-03
1.199999999999999956e+00
1.199999999999999956e+00
1.095049184500119649e-01
1.095049184500119649e-01
1.199999999999999956e+00
1.199999999999999956e+00
3.425861268917189673e-01
3.425861268917189673e-01
1.992510006632509101e-01
1.992510006632509101e-01
6.145414525466306177e-01
6.145414525466306177e-01
4.132814988597454664e-01
4.132814988597454664e-01
3.106343970622242878e-01
3.106343970622242878e-01
1.199999999999999956e+00
1.199999999999999956e+00
2.748559181115468042e-01
2.748559181115468042e-01
2.305757772385087084e-02
2.305757772385087084e-02
2.904938873777100361e-01
2.904938873777100361e-01
1.199999999999999956e+00
1.199999999999999956e+00
5.674307721647162683e-01
5.674307721647162683e-01
1.199999999999999956e+00
1.199999999999999956e+00
5.690546194934079649e-01
5.690546194934079649e-01
1.199999999999999956e+00
1.199999999999999956e+00
1.199999999999999956e+00
1.199999999999999956e+00
7.733113099162675086e-02
7.733113099162675086e-02
3.643733713177570444e-01
3.643733713177570444e-01
3.705739857326972864e-02
3.705739857326972864e-02
1.199999999999999956e+00
1.199999999999999956e+00
6.220871173227314754e-01
6.220871173227314754e-01
1.199999999999999956e+00
1.199999999999999956e+00
1.199999999999999956e+00
1.199999999999999956e+00
1.151638805759213346e-01
1.151638805759213346e-01
1.529875195318752910e-03
1.529875195318752910e-03
5.211843564337086399e-01
5.211843564337086399e-01
4.729457722851577728e-01
4.729457722851577728e-01
2.303985616650950849e-02
2.303985616650950849e-02
1.199999999999999956e+00
1.199999999999999956e+00
1.199999999999999956e+00
1.199999999999999956e+00
1.199999999999999956e+00
1.199999999999999956e+00
4.393015945445495340e-01
4.393015945445495340e-01
1.199999999999999956e+00
1.199999999999999956e+00
1.199999999999999956e+00
1.199999999999999956e+00
2.973298818728908333e-01
2.973298818728908333e-01
5.576432366215996472e-01
5.576432366215996472e-01
1.246940841029114122e-01
1.246940841029114122e-01
3.317402065454355120e-01
3.317402065454355120e-01
6.000382360188231262e-02
6.000382360188231262e-02
6.276841061796334387e-02
6.276841061796334387e-02
5.412732081133814210e-01
5.412732081133814210e-01
1.199999999999999956e+00
1.199999999999999956e+00
2.476054702284524386e-02
2.476054702284524386e-02
3.101482861458755291e-01
3.101482861458755291e-01
1.199999999999999956e+00
1.199999999999999956e+00
1.380524493555152221e-01
1.380524493555152221e-01
8.000124568732008834e-02
8.000124568732008834e-02
1.199999999999999956e+00
1.199999999999999956e+00
1.199999999999999956e+00
1.199999999999999956e+00
1.559672968393760462e-01
1.559672968393760462e-01
4.742053760097475479e-01
4.742053760097475479e-01
5.661444103734054184e-03
5.661444103734054184e-03
5.425780142079755786e-01
5.425780142079755786e-01
1.199999999999999956e+00
1.199999999999999956e+00
4.501451787326546383e-02
4.501451787326546383e-02
3.282117217429731393e-01
3.282117217429731393e-01
1.199999999999999956e+00
1.199999999999999956e+00
1.199999999999999956e+00
1.199999999999999956e+00
1.207486547446488768e-03
1.207486547446488768e-03
1.199999999999999956e+00
1.199999999999999956e+00
6.263786035578899902e-01
6.263786035578899902e-01
2.605332434104561390e-01
2.605332434104561390e-01
1.199999999999999956e+00
1.199999999999999956e+00
1.185343778589044161e-01
1.185343778589044161e-01
3.728019964166847111e-01
3.728019964166847111e-01
1.199999999999999956e+00
1.199999999999999956e+00
4.107953587077153162e-02
4.107953587077153162e-02
2.012904021830349416e-02
2.012904021830349416e-02
1.592013726011573538e-01
1.592013726011573538e-01
2.997048337711442634e-01
2.997048337711442634e-01
7.557423850020045242e-02
7.557423850020045242e-02
1.612629483000720954e-01
1.612629483000720954e-01
3.688486805681513991e-01
3.688486805681513991e-01
4.950840942630510000e-01
4.950840942630510000e-01
7.973613576577787132e-01
7.973613576577787132e-01
3.132752077020565240e-01
3.132752077020565240e-01
1.349100440058290107e-01
1.349100440058290107e-01
3.144068118009535340e-01
3.144068118009535340e-01
3.635401269113545664e-01
3.635401269113545664e-01
3.321713253087537482e-02
3.321713253087537482e-02
6.522277280872321170e-02
6.522277280872321170e-02
1.199999999999999956e+00
1.199999999999999956e+00
2.950008947798359316e-01
2.950008947798359316e-01
2.607303761639710449e-01
2.607303761639710449e-01
2.327142063068748379e-01
2.327142063068748379e-01
7.135581197185241198e-01
7.135581197185241198e-01
8.526182325214221036e-02
8.526182325214221036e-02
2.225413752472779061e-01
2.225413752472779061e-01
4.561904700873956608e-01
4.561904700873956608e-01
4.875376657117689305e-01
4.875376657117689305e-01
1.199999999999999956e+00
1.199999999999999956e+00
1.283237902027910271e-02
1.283237902027910271e-02
7.080134218337838514e-02
7.080134218337838514e-02
1.199999999999999956e+00
1.199999999999999956e+00
3.817805799266003053e-01
3.817805799266003053e-01
5.690323717148556559e-01
5.690323717148556559e-01
4.027775056972777712e-01
4.027775056972777712e-01
1.199999999999999956e+00
1.199999999999999956e+00
1.199999999999999956e+00
1.199999999999999956e+00
5.167917811889736340e-02
5.167917811889736340e-02
8.278448071736874136e-02
8.278448071736874136e-02
2.028935543704640798e-01
2.028935543704640798e-01
5.657151227895974577e-01
5.657151227895974577e-01
2.017861198564216765e-02
2.017861198564216765e-02
1.846968172891126636e-01
1.846968172891126636e-01
5.219701375683044597e-01
5.219701375683044597e-01
1.166360602575054473e-01
1.166360602575054473e-01
3.593843348275960192e-01
3.593843348275960192e-01
3.284876054117180089e-01
3.284876054117180089e-01
1.872781753304492980e-01
1.872781753304492980e-01
1.287245278964487816e-01
1.287245278964487816e-01
1.351722815534012016e-02
1.351722815534012016e-02
1.199999999999999956e+00
1.199999999999999956e+00
9.967471880606458556e-02
9.967471880606458556e-02
2.519404787462188322e-01
2.519404787462188322e-01
1.199999999999999956e+00
1.199999999999999956e+00
2.533132877815295891e-02
2.533132877815295891e-02
1.199999999999999956e+00
1.199999999999999956e+00
4.877100099452846838e-01
4.877100099452846838e-01
2.669162538528127571e-02
2.669162538528127571e-02
5.303900119501444577e-01
5.303900119501444577e-01
1.185203442491619859e-02
1.185203442491619859e-02
2.086755702827132186e-01
2.086755702827132186e-01
2.422207688159122851e-01
2.422207688159122851e-01
3.699794892930384216e-01
3.699794892930384216e-01
3.839820281996956797e-01
3.839820281996956797e-01
2.768196992348434526e-01
2.768196992348434526e-01
1.199999999999999956e+00
1.199999999999999956e+00
3.673887159062636520e-01
3.673887159062636520e-01
1.199999999999999956e+00
1.199999999999999956e+00
1.199999999999999956e+00
1.199999999999999956e+00
4.086319101934587916e-02
4.086319101934587916e-02
4.985282765002153060e-01
4.985282765002153060e-01
1.199999999999999956e+00
1.199999999999999956e+00
1.199999999999999956e+00
1.199999999999999956e+00
1.199999999999999956e+00
1.199999999999999956e+00
4.408134591349082143e-01
4.408134591349082143e-01
1.315767227741946044e-01
1.315767227741946044e-01
3.803444226910868142e-01
3.803444226910868142e-01
1.811115290863622995e-01
1.811115290863622995e-01
1.199999999999999956e+00
1.199999999999999956e+00
2.070981069272559150e-01
2.070981069272559150e-01
2.592719064725497180e-01
2.592719064725497180e-01
1.199999999999999956e+00
1.199999999999999956e+00
2.277055176818575388e-01
2.277055176818575388e-01
9.348296322853120177e-01
9.348296322853120177e-01
1.199999999999999956e+00
1.199999999999999956e+00
4.226693002912119690e-01
4.226693002912119690e-01
4.922887026320945103e-01
4.922887026320945103e-01
1.199999999999999956e+00
1.199999999999999956e+00
1.969367242354762570e-01
1.969367242354762570e-01
1.199999999999999956e+00
1.199999999999999956e+00
3.096134630767344298e-01
3.096134630767344298e-01
2.441746019023308123e-01
2.441746019023308123e-01
1.189646764994783945e-01
1.189646764994783945e-01
3.062126888974623373e-01
3.062126888974623373e-01
1.199999999999999956e+00
1.199999999999999956e+00
1.199999999999999956e+00
1.199999999999999956e+00
2.087997988841933938e-01
2.087997988841933938e-01
6.681223917720245931e-01
6.681223917720245931e-01
4.295304721011631438e-02
4.295304721011631438e-02
1.199999999999999956e+00
1.199999999999999956e+00
1.199999999999999956e+00
1.199999999999999956e+00
4.063830175162082281e-02
4.063830175162082281e-02
1.199999999999999956e+00
1.199999999999999956e+00
2.123418649202789277e-02
2.123418649202789277e-02
8.511453601311051720e-02
8.511453601311051720e-02
3.535282821731355885e-01
3.535282821731355885e-01
3.069815948980162412e-01
3.069815948980162412e-01
1.199999999999999956e+00
1.199999999999999956e+00
2.311736426941008171e-01
2.311736426941008171e-01
2.189741702633505038e-01
2.189741702633505038e-01
1.199999999999999956e+00
1.199999999999999956e+00
1.502752273965914376e-01
1.502752273965914376e-01
1.199999999999999956e+00
1.199999999999999956e+00
1.199999999999999956e+00
1.199999999999999956e+00
1.199999999999999956e+00
1.199999999999999956e+00
3.504201552521893359e-01
3.504201552521893359e-01
7.020215966997623847e-01
7.020215966997623847e-01
1.199999999999999956e+00
1.199999999999999956e+00
2.274314759194826230e-01
2.274314759194826230e-01
1.339376168861271255e-01
1.339376168861271255e-01
1.199999999999999956e+00
1.199999999999999956e+00
1.199999999999999956e+00
1.199999999999999956e+00
3.130729179769678461e-01
3.130729179769678461e-01
2.025231923260473188e-01
2.025231923260473188e-01
1.789413763721714179e-01
1.789413763721714179e-01
1.756688353777824674e-01
1.756688353777824674e-01
6.411212585623383697e-01
6.411212585623383697e-01
1.489195240537849463e-02
1.489195240537849463e-02
8.239439212161303594e-01
8.239439212161303594e-01
7.174904131236387039e-01
7.174904131236387039e-01
1.199999999999999956e+00
1.199999999999999956e+00
5.607324939411952869e-01
5.607324939411952869e-01
2.268597355494363643e-01
2.268597355494363643e-01
5.081008343756670403e-02
5.081008343756670403e-02
1.779042798991280483e-01
1.779042798991280483e-01
1.199999999999999956e+00
1.199999999999999956e+00
1.199999999999999956e+00
1.199999999999999956e+00
6.118082787029334169e-01
6.118082787029334169e-01
3.718420678756350628e-01
3.718420678756350628e-01
2.262988003754999866e-01
2.262988003754999866e-01
1.705201141972563783e-01
1.705201141972563783e-01
1.477335794626280785e-01
1.477335794626280785e-01
1.199999999999999956e+00
1.199999999999999956e+00
8.632474271217379647e-01
8.632474271217379647e-01
4.456118128816428936e-02
4.456118128816428936e-02
1.199999999999999956e+00
1.199999999999999956e+00
6.081795042795841155e-01
6.081795042795841155e-01
5.862748429322376387e-01
5.862748429322376387e-01
1.914975469985497336e-01
1.914975469985497336e-01
2.008509817769090766e-01
2.008509817769090766e-01
2.252246824651154555e-01
2.252246824651154555e-01
1.199999999999999956e+00
1.199999999999999956e+00
3.014097894334988315e-01
3.014097894334988315e-01
8.029391147535873408e-02
8.029391147535873408e-02
1.199999999999999956e+00
1.199999999999999956e+00
8.792516053681155574e-02
8.792516053681155574e-02
3.259114836268672821e-02
3.259114836268672821e-02
3.497121357585160073e-01
3.497121357585160073e-01
5.756701138953442820e-01
5.756701138953442820e-01
3.777930426334111247e-01
3.777930426334111247e-01
1.043742252665876835e-01
1.043742252665876835e-01
1.199271502170059511e-01
1.199271502170059511e-01
5.452517649576315018e-01
5.452517649576315018e-01
3.598085730123934400e-01
3.598085730123934400e-01
1.199999999999999956e+00
1.199999999999999956e+00
1.060692911386008630e-01
1.060692911386008630e-01
1.199999999999999956e+00
1.199999999999999956e+00
3.199316757771776820e-01
3.199316757771776820e-01
6.268201999873067587e-01
6.268201999873067587e-01
7.587297306381945994e-02
7.587297306381945994e-02
1.199999999999999956e+00
1.199999999999999956e+00
8.825016898013831046e-01
8.825016898013831046e-01
1.234819746906426624e-01
1.234819746906426624e-01
1.199999999999999956e+00
1.199999999999999956e+00
9.545723360314817274e-02
9.545723360314817274e-02
2.476347939497205441e-01
2.476347939497205441e-01
2.639935476058016817e-01
2.639935476058016817e-01
2.363654233343505107e-01
2.363654233343505107e-01
5.082494671385848761e-01
5.082494671385848761e-01
3.889716066305202169e-01
3.889716066305202169e-01
6.531939046404071636e-01
6.531939046404071636e-01
1.813533680059284670e-01
1.813533680059284670e-01
3.691829209087671981e-01
3.691829209087671981e-01
4.109556860386619492e-01
4.109556860386619492e-01
6.170739459337332145e-01
6.170739459337332145e-01
7.692979322961512878e-02
7.692979322961512878e-02
2.430076214423159131e-01
2.430076214423159131e-01
5.574087374993783039e-02
5.574087374993783039e-02
1.199999999999999956e+00
1.199999999999999956e+00
1.977221881683843829e-01
1.977221881683843829e-01
1.199999999999999956e+00
1.199999999999999956e+00
2.969829555727109272e-01
2.969829555727109272e-01
2.868438471762619346e-01
2.868438471762619346e-01
2.989957085756612676e-01
2.989957085756612676e-01
3.227823344402863115e-01
3.227823344402863115e-01
1.199999999999999956e+00
1.199999999999999956e+00
2.813155551327550796e-01
2.813155551327550796e-01
1.199999999999999956e+00
1.199999999999999956e+00
1.199999999999999956e+00
1.199999999999999956e+00
1.199999999999999956e+00
1.199999999999999956e+00
4.761712226371590806e-02
4.761712226371590806e-02
1.763150356754215331e-01
1.763150356754215331e-01
2.238097669992675787e-01
2.238097669992675787e-01
1.199999999999999956e+00
1.199999999999999956e+00
3.882488445063691507e-01
3.882488445063691507e-01
6.775509169522977437e-01
6.775509169522977437e-01
1.484949383351068797e-01
1.484949383351068797e-01
6.522043426000202482e-01
6.522043426000202482e-01
2.705197409941073050e-01
2.705197409941073050e-01
2.296307608448228954e-01
2.296307608448228954e-01
1.199999999999999956e+00
1.199999999999999956e+00
3.927012787518920772e-02
3.927012787518920772e-02
3.576612976002710997e-01
3.576612976002710997e-01
2.506757352257233951e-01
2.506757352257233951e-01
1.290989425642645461e-01
1.290989425642645461e-01
4.093765105577087393e-01
4.093765105577087393e-01
1.199999999999999956e+00
1.199999999999999956e+00
4.288204176489991970e-01
4.288204176489991970e-01
1.766977828687283925e-01
1.766977828687283925e-01
1.199999999999999956e+00
1.199999999999999956e+00
3.542599442416458078e-01
3.542599442416458078e-01
3.628343896051478557e-01
3.628343896051478557e-01
1.199999999999999956e+00
1.199999999999999956e+00
7.996835568690378870e-02
7.996835568690378870e-02
9.063562777831235540e-01
9.063562777831235540e-01
6.827159384698353040e-02
6.827159384698353040e-02
2.351444079635837126e-01
2.351444079635837126e-01
2.560931412088461867e-01
2.560931412088461867e-01
3.684329354913602472e-01
3.684329354913602472e-01
1.199999999999999956e+00
1.199999999999999956e+00
2.427368648248712513e-01
2.427368648248712513e-01
1.199999999999999956e+00
1.199999999999999956e+00
3.991971518246911765e-02
3.991971518246911765e-02
1.199999999999999956e+00
1.199999999999999956e+00
4.775206460596809546e-03
4.775206460596809546e-03
2.591978580840356705e-01
2.591978580840356705e-01
2.484420943396688508e-01
2.484420943396688508e-01
1.532194210832614201e-01
1.532194210832614201e-01
1.267728731500912254e-01
1.267728731500912254e-01
2.490758637510170903e-01
2.490758637510170903e-01
8.703006206674033240e-01
8.703006206674033240e-01
5.954370936347977428e-02
5.954370936347977428e-02
2.988051664338170488e-01
2.988051664338170488e-01
6.333922357178229934e-01
6.333922357178229934e-01
9.255104826288154327e-03
9.255104826288154327e-03
6.001851528394337443e-01
6.001851528394337443e-01
1.199999999999999956e+00
1.199999999999999956e+00
3.303470772265018618e-01
3.303470772265018618e-01
1.199999999999999956e+00
1.199999999999999956e+00
1.199999999999999956e+00
1.199999999999999956e+00
7.836935721385347442e-01
7.836935721385347442e-01
9.878895549900240658e-02
9.878895549900240658e-02
4.430599353546612607e-01
4.430599353546612607e-01
7.268327865634226226e-02
7.268327865634226226e-02
1.093674128171171489e+00
1.093674128171171489e+00
6.584347674284773966e-01
6.584347674284773966e-01
1.554879580448554899e-01
1.554879580448554899e-01
7.090086610409344903e-02
7.090086610409344903e-02
1.199999999999999956e+00
1.199999999999999956e+00
8.826130334272135336e-01
8.826130334272135336e-01
2.356082547326961429e-01
2.356082547326961429e-01
1.434292509633162405e-01
1.434292509633162405e-01
3.526482669937276992e-01
3.526482669937276992e-01
1.150407070436701845e-01
1.150407070436701845e-01
9.278950262079116440e-01
9.278950262079116440e-01
3.080930778356474331e-01
3.080930778356474331e-01
1.501022339056076182e-01
1.501022339056076182e-01
8.457886020000285332e-02
8.457886020000285332e-02
2.767172842965447410e-01
2.767172842965447410e-01
1.367182736010962851e-01
1.367182736010962851e-01
9.589441707584987762e-03
9.589441707584987762e-03
1.199999999999999956e+00
1.199999999999999956e+00
7.187262935627336535e-01
7.187262935627336535e-01
5.728827896619405058e-01
5.728827896619405058e-01
1.199999999999999956e+00
1.199999999999999956e+00
3.412579723009617205e-01
3.412579723009617205e-01
4.146062703862429810e-01
4.146062703862429810e-01
2.912905079974321271e-02
2.912905079974321271e-02
4.312703933582489046e-01
4.312703933582489046e-01
2.066137791633943996e-02
2.066137791633943996e-02
1.118918830237280448e-01
1.118918830237280448e-01
1.199999999999999956e+00
1.199999999999999956e+00
7.445936678608050530e-01
7.445936678608050530e-01
1.199999999999999956e+00
1.199999999999999956e+00
1.047077431000384834e-01
1.047077431000384834e-01
1.199999999999999956e+00
1.199999999999999956e+00
6.416388192353724707e-01
6.416388192353724707e-01
2.101382718531055738e-01
2.101382718531055738e-01
5.472364279806462423e-02
5.472364279806462423e-02
1.405031507659779688e-01
1.405031507659779688e-01
2.397536074537946205e-01
2.397536074537946205e-01
6.976539957617552412e-01
6.976539957617552412e-01
4.348578071321101968e-02
4.348578071321101968e-02
6.896479786920975963e-01
6.896479786920975963e-01
8.976495676696816250e-01
8.976495676696816250e-01
1.199999999999999956e+00
1.199999999999999956e+00
5.476897895272723332e-02
5.476897895272723332e-02
1.199999999999999956e+00
1.199999999999999956e+00
3.208245634375664901e-01
3.208245634375664901e-01
1.476066292041768729e-02
1.476066292041768729e-02
1.199999999999999956e+00
1.199999999999999956e+00
6.064747490062815105e-01
6.064747490062815105e-01
3.803891584027916384e-01
3.803891584027916384e-01
4.638784417780114633e-02
4.638784417780114633e-02
3.992715772347061320e-01
3.992715772347061320e-01
8.929461441189836535e-01
8.929461441189836535e-01
1.199999999999999956e+00
1.199999999999999956e+00
2.588930268959768397e-02
2.588930268959768397e-02
4.712181877535384089e-01
4.712181877535384089e-01
1.526126156610504436e-01
1.526126156610504436e-01
3.498935421789612504e-02
3.498935421789612504e-02
5.193836461725311882e-01
5.193836461725311882e-01
2.017110673952468292e-01
2.017110673952468292e-01
1.199999999999999956e+00
1.199999999999999956e+00
1.334789875532685910e-01
1.334789875532685910e-01
5.437029791319818450e-01
5.437029791319818450e-01
6.329279875733535843e-02
6.329279875733535843e-02
3.531926871504420182e-03
3.531926871504420182e-03
4.966747252003819724e-01
4.966747252003819724e-01
1.199999999999999956e+00
1.199999999999999956e+00
1.199999999999999956e+00
1.199999999999999956e+00
2.010353369270658497e-01
2.010353369270658497e-01
4.978130442601990113e-01
4.978130442601990113e-01
1.459879500345491465e-01
1.459879500345491465e-01
5.265048422666520622e-01
5.265048422666520622e-01
1.365076404804735077e-01
1.365076404804735077e-01
1.199999999999999956e+00
1.199999999999999956e+00
1.852083352781931300e-02
1.852083352781931300e-02
1.199999999999999956e+00
1.199999999999999956e+00
3.155000427373520766e-02
3.155000427373520766e-02
9.030047646476628831e-01
9.030047646476628831e-01
1.199999999999999956e+00
1.199999999999999956e+00
1.936948049786599013e-01
1.936948049786599013e-01
1.199999999999999956e+00
1.199999999999999956e+00
1.199999999999999956e+00
1.199999999999999956e+00
3.791746641126240158e-01
3.791746641126240158e-01
1.199999999999999956e+00
1.199999999999999956e+00
7.613525338153340760e-01
7.613525338153340760e-01
2.009641316839861358e-01
2.009641316839861358e-01
1.199999999999999956e+00
1.199999999999999956e+00
4.539904174158035932e-01
4.539904174158035932e-01
2.915683291812362632e-02
2.915683291812362632e-02
6.885644213641040068e-02
6.885644213641040068e-02
5.665352715818490481e-02
5.665352715818490481e-02
3.611935807638958634e-02
3.611935807638958634e-02
7.569368487009788815e-01
7.569368487009788815e-01
4.578852470830463428e-01
4.578852470830463428e-01
3.682627315840875104e-01
3.682627315840875104e-01
1.199999999999999956e+00
1.199999999999999956e+00
1.199999999999999956e+00
1.199999999999999956e+00
3.733171847509400565e-01
3.733171847509400565e-01
1.482710043968261671e-01
1.482710043968261671e-01
1.199999999999999956e+00
1.199999999999999956e+00
3.793900907136634748e-01
3.793900907136634748e-01
3.257297956174916576e-01
3.257297956174916576e-01
4.086466434824158056e-01
4.086466434824158056e-01
4.716427988746219602e-01
4.716427988746219602e-01
1.199999999999999956e+00
1.199999999999999956e+00
4.253685404414695448e-01
4.253685404414695448e-01
8.500754819069135104e-01
8.500754819069135104e-01
2.191872802367894890e-01
2.191872802367894890e-01
1.199999999999999956e+00
1.199999999999999956e+00
1.199999999999999956e+00
1.199999999999999956e+00
1.199999999999999956e+00
1.199999999999999956e+00
1.166067066189624274e-01
1.166067066189624274e-01
1.329074771323996984e-01
1.329074771323996984e-01
9.385556889045978957e-02
9.385556889045978957e-02
1.199999999999999956e+00
1.199999999999999956e+00
3.857169825878737912e-01
3.857169825878737912e-01
4.289900892047608938e-01
4.289900892047608938e-01
6.077232058972702883e-02
6.077232058972702883e-02
2.968088899678710257e-01
2.968088899678710257e-01
2.150453305448352115e-01
2.150453305448352115e-01
3.282983743486886374e-01
3.282983743486886374e-01
2.486992462510799751e-01
2.486992462510799751e-01
4.891867320649524453e-01
4.891867320649524453e-01
2.993342423675809383e-01
2.993342423675809383e-01
3.219946418367258811e-01
3.219946418367258811e-01
1.199999999999999956e+00
1.199999999999999956e+00
5.306609153187029637e-01
5.306609153187029637e-01
4.252663349933951537e-02
4.252663349933951537e-02
1.199999999999999956e+00
1.199999999999999956e+00
1.199999999999999956e+00
1.199999999999999956e+00
1.199999999999999956e+00
1.199999999999999956e+00
1.544052454626351489e-01
1.544052454626351489e-01
4.612325732764427366e-02
4.612325732764427366e-02
7.087977096103950103e-01
7.087977096103950103e-01
2.220544643945751295e-01
2.220544643945751295e-01
2.718839710282016167e-02
2.718839710282016167e-02
6.513902129095251736e-02
6.513902129095251736e-02
3.342464610285818954e-02
3.342464610285818954e-02
1.199999999999999956e+00
1.199999999999999956e+00
2.254786231526988149e-01
2.254786231526988149e-01
2.035380768331481738e-01
2.035380768331481738e-01
1.199999999999999956e+00
1.199999999999999956e+00
3.951140323079063155e-01
3.951140323079063155e-01
1.655746617056707420e-03
1.655746617056707420e-03
1.199999999999999956e+00
1.199999999999999956e+00
5.125182027232042664e-02
5.125182027232042664e-02
4.714570180879056327e-01
4.714570180879056327e-01
1.324346879236480146e-01
1.324346879236480146e-01
3.691973293035939463e-01
3.691973293035939463e-01
1.199999999999999956e+00
1.199999999999999956e+00
1.199999999999999956e+00
1.199999999999999956e+00
1.567117986492697623e-01
1.567117986492697623e-01
3.660383733465691902e-01
3.660383733465691902e-01
1.199999999999999956e+00
1.199999999999999956e+00
3.681635549605042357e-01
3.681635549605042357e-01
1.667322646601158698e-01
1.667322646601158698e-01
1.199999999999999956e+00
1.199999999999999956e+00
6.300132441231760805e-02
6.300132441231760805e-02
8.325172256852524377e-01
8.325172256852524377e-01
1.199999999999999956e+00
1.199999999999999956e+00
1.970094084701063952e-01
1.970094084701063952e-01
1.199999999999999956e+00
1.199999999999999956e+00
1.199999999999999956e+00
1.199999999999999956e+00
1.236019552059406251e-01
1.236019552059406251e-01
1.199999999999999956e+00
1.199999999999999956e+00
1.199999999999999956e+00
1.199999999999999956e+00
1.199999999999999956e+00
1.199999999999999956e+00
4.482066273877560736e-01
4.482066273877560736e-01
2.636593340458092682e-01
2.636593340458092682e-01
1.199999999999999956e+00
1.199999999999999956e+00
1.199999999999999956e+00
1.199999999999999956e+00
1.919984205486260642e-01
1.919984205486260642e-01
1.199999999999999956e+00
1.199999999999999956e+00
7.549519058723080933e-02
7.549519058723080933e-02
1.034897342550440275e-01
1.034897342550440275e-01
6.084655746325155073e-02
6.084655746325155073e-02
1.710608162775801577e-01
1.710608162775801577e-01
8.207757283136385418e-01
8.207757283136385418e-01
1.199999999999999956e+00
1.199999999999999956e+00
1.199999999999999956e+00
1.199999999999999956e+00
2.555167275230659230e-01
2.555167275230659230e-01
1.199999999999999956e+00
1.199999999999999956e+00
5.204751906415132634e-01
5.204751906415132634e-01
2.601902571591047653e-01
2.601902571591047653e-01
3.407488347444419946e-02
3.407488347444419946e-02
1.250000075543571121e-02
1.250000075543571121e-02
1.199999999999999956e+00
1.199999999999999956e+00
1.199999999999999956e+00
1.199999999999999956e+00
1.188213844094092031e-01
1.188213844094092031e-01
3.376297037051557981e-02
3.376297037051557981e-02
7.048917546125226252e-01
7.048917546125226252e-01
7.084390972100053085e-01
7.084390972100053085e-01
1.199999999999999956e+00
1.199999999999999956e+00
5.390975232205222900e-01
5.390975232205222900e-01
1.711216676349870125e-01
1.711216676349870125e-01
8.611100213919030064e-03
8.611100213919030064e-03
1.199999999999999956e+00
1.199999999999999956e+00
3.473255737076059724e-01
3.473255737076059724e-01
1.326784986609276240e-01
1.326784986609276240e-01
1.440668650631526937e-01
1.440668650631526937e-01
1.511170326797366958e-01
1.511170326797366958e-01
7.155528770394934401e-01
7.155528770394934401e-01
1.803767951969130132e-02
1.803767951969130132e-02
1.199999999999999956e+00
1.199999999999999956e+00
1.433128117026391882e-02
1.433128117026391882e-02
4.172866133785435583e-01
4.172866133785435583e-01
7.968567409503630738e-01
7.968567409503630738e-01
1.199999999999999956e+00
1.199999999999999956e+00
1.199999999999999956e+00
1.199999999999999956e+00
1.199999999999999956e+00
1.199999999999999956e+00
1.199999999999999956e+00
1.199999999999999956e+00
1.199999999999999956e+00
1.199999999999999956e+00
2.304831186789674524e-01
2.304831186789674524e-01
1.199999999999999956e+00
1.199999999999999956e+00
1.210437203222397007e-01
1.210437203222397007e-01
7.737969460247358100e-01
7.737969460247358100e-01
4.943236125856351748e-01
4.943236125856351748e-01
3.218400938674083056e-01
3.218400938674083056e-01
1.328638380729238802e-02
1.328638380729238802e-02
5.297134725646369668e-01
5.297134725646369668e-01
2.816661818882962853e-01
2.816661818882962853e-01
4.077870971976557679e-02
4.077870971976557679e-02
2.872524440429891079e-01
2.872524440429891079e-01
4.459226084659025091e-02
4.459226084659025091e-02
7.639193814491695989e-01
7.639193814491695989e-01
1.711948578371705332e-01
1.711948578371705332e-01
2.505275880094050556e-01
2.505275880094050556e-01
1.199999999999999956e+00
1.199999999999999956e+00
9.383923762936986768e-02
9.383923762936986768e-02
2.991541658928382197e-01
2.991541658928382197e-01
8.157177349061366101e-02
8.157177349061366101e-02
1.199999999999999956e+00
1.199999999999999956e+00
1.187666323665565349e+00
1.187666323665565349e+00
1.912574444913218985e-01
1.912574444913218985e-01
2.358937479785745139e-01
2.358937479785745139e-01
2.724645766438164585e-01
2.724645766438164585e-01
1.143397412364184573e+00
1.143397412364184573e+00
7.769463590373627548e-01
7.769463590373627548e-01
1.545882930986266224e-01
1.545882930986266224e-01
1.174623567761541865e-01
1.174623567761541865e-01
7.469530174670628575e-02
7.469530174670628575e-02
1.893332243887014821e-01
1.893332243887014821e-01
1.269401378750914799e-01
1.269401378750914799e-01
4.312127131531769964e-01
4.312127131531769964e-01
8.369975241773275343e-02
8.369975241773275343e-02
2.243988998978156679e-01
2.243988998978156679e-01
1.120445481740096894e-01
1.120445481740096894e-01
2.412791134062174797e-02
2.412791134062174797e-02
1.022809806495684759e-01
1.022809806495684759e-01
1.199999999999999956e+00
1.199999999999999956e+00
5.463127968158039138e-01
5.463127968158039138e-01
4.253496408895361403e-01
4.253496408895361403e-01
3.821373683143122757e-02
3.821373683143122757e-02
2.385501721054461566e-01
2.385501721054461566e-01
2.107225189757887251e-02
2.107225189757887251e-02
2.188809598435736137e-01
2.188809598435736137e-01
6.767905905597090266e-01
6.767905905597090266e-01
5.650806760242330640e-01
5.650806760242330640e-01
1.778988693560477341e-01
1.778988693560477341e-01
1.199999999999999956e+00
1.199999999999999956e+00
2.328900073669306348e-01
2.328900073669306348e-01
8.601161935667047675e-01
8.601161935667047675e-01
5.055452593672254968e-01
5.055452593672254968e-01
1.126548621553677826e-01
1.126548621553677826e-01
2.432870185451017631e-01
2.432870185451017631e-01
2.138420210500666385e-01
2.138420210500666385e-01
1.364490489987356669e-01
1.364490489987356669e-01
2.272100063384563939e-01
2.272100063384563939e-01
2.357542505484801210e-02
2.357542505484801210e-02
2.644522694733222878e-01
2.644522694733222878e-01
5.949579407223305472e-01
5.949579407223305472e-01
6.837892259129307870e-01
6.837892259129307870e-01
1.746977898595743206e-01
1.746977898595743206e-01
6.583709261834616022e-01
6.583709261834616022e-01
4.971149302974525730e-02
4.971149302974525730e-02
8.041978215836279031e-02
8.041978215836279031e-02
1.199999999999999956e+00
1.199999999999999956e+00
2.134354788156877236e-01
2.134354788156877236e-01
7.210298777048755881e-01
7.210298777048755881e-01
1.199999999999999956e+00
1.199999999999999956e+00
9.197262946173268006e-01
9.197262946173268006e-01
2.021184613433528732e-01
2.021184613433528732e-01
1.440753173129597220e-01
1.440753173129597220e-01
1.060059396796041720e-01
1.060059396796041720e-01
8.492948314672522925e-02
8.492948314672522925e-02
1.199999999999999956e+00
1.199999999999999956e+00
1.430837000589743335e-01
1.430837000589743335e-01
4.016903406010943200e-01
4.016903406010943200e-01
2.784023597420808016e-02
2.784023597420808016e-02
1.139010486100660302e-01
1.139010486100660302e-01
2.611418022537745909e-01
2.611418022537745909e-01
4.317085735207449315e-01
4.317085735207449315e-01
1.923580280596045855e-01
1.923580280596045855e-01
3.669214587713975906e-02
3.669214587713975906e-02
4.667250803695743855e-01
4.667250803695743855e-01
1.452091173508529565e-01
1.452091173508529565e-01
1.199999999999999956e+00
1.199999999999999956e+00
3.405325522289184281e-01
3.405325522289184281e-01
3.150921447264567465e-01
3.150921447264567465e-01
2.089376097296398727e-01
2.089376097296398727e-01
6.597217201738153625e-02
6.597217201738153625e-02
9.669143000823104961e-02
9.669143000823104961e-02
2.514497335758455465e-01
2.514497335758455465e-01
4.998797659806920035e-01
4.998797659806920035e-01
2.586890695131631723e-01
2.586890695131631723e-01
1.819290433311600286e-02
1.819290433311600286e-02
8.904906525609983248e-03
8.904906525609983248e-03
3.699068887638574665e-01
3.699068887638574665e-01
1.530675681958107992e-01
1.530675681958107992e-01
8.818151317418158885e-02
8.818151317418158885e-02
1.199999999999999956e+00
1.199999999999999956e+00
2.008094714491823196e-02
2.008094714491823196e-02
5.393265624702647809e-01
5.393265624702647809e-01
6.606614637465267892e-01
6.606614637465267892e-01
1.667367461108216764e-01
1.667367461108216764e-01
1.543531915494062434e-01
1.543531915494062434e-01
2.778060272999707814e-01
2.778060272999707814e-01
1.650165982996241731e-01
1.650165982996241731e-01
1.366387475523708674e-03
1.366387475523708674e-03
7.253132526404740786e-03
7.253132526404740786e-03
3.665470865852268334e-01
3.665470865852268334e-01
3.677136475722259656e-01
3.677136475722259656e-01
1.199999999999999956e+00
1.199999999999999956e+00
1.408910196750268462e-01
1.408910196750268462e-01
1.199999999999999956e+00
1.199999999999999956e+00
4.415755540176976024e-01
4.415755540176976024e-01
2.358506272886643773e-01
2.358506272886643773e-01
1.087244424234809215e-01
1.087244424234809215e-01
1.199999999999999956e+00
1.199999999999999956e+00
1.199999999999999956e+00
1.199999999999999956e+00
1.484981160035288572e-01
1.484981160035288572e-01
5.748360356179058606e-01
5.748360356179058606e-01
1.327289723119553233e-01
1.327289723119553233e-01
3.379831891275130173e-01
3.379831891275130173e-01
1.199999999999999956e+00
1.199999999999999956e+00
7.921456493222096551e-01
7.921456493222096551e-01
1.688658984244655048e-01
1.688658984244655048e-01
1.681953451566391700e-01
1.681953451566391700e-01
1.248968153122010927e-01
1.248968153122010927e-01
2.928871886474843089e-02
2.928871886474843089e-02
5.456056810310742078e-01
5.456056810310742078e-01
3.497565128070169171e-01
3.497565128070169171e-01
2.510638065113868223e-02
2.510638065113868223e-02
2.209180059315228317e-01
2.209180059315228317e-01
3.121266420927713003e-01
3.121266420927713003e-01
5.079565840584611136e-01
5.079565840584611136e-01
5.001060597732086555e-01
5.001060597732086555e-01
5.771505248980485225e-01
5.771505248980485225e-01
6.038082183906944289e-01
6.038082183906944289e-01
1.199999999999999956e+00
1.199999999999999956e+00
2.323782514637982854e-02
2.323782514637982854e-02
1.068660678166714062e+00
1.068660678166714062e+00
1.732103884454608278e-01
1.732103884454608278e-01
2.743496089643515101e-01
2.743496089643515101e-01
6.424655903880105434e-02
6.424655903880105434e-02
4.108863648846833860e-01
4.108863648846833860e-01
1.199999999999999956e+00
1.199999999999999956e+00
2.490123500699397141e-01
2.490123500699397141e-01
5.745548996656296703e-02
5.745548996656296703e-02
1.161858126816262340e-02
1.161858126816262340e-02
2.982535021338014389e-02
2.982535021338014389e-02
3.826361584129501781e-01
3.826361584129501781e-01
4.220611346317032497e-02
4.220611346317032497e-02
2.197226258372562135e-01
2.197226258372562135e-01
1.989817906946837744e-01
1.989817906946837744e-01
3.738207070652256325e-01
3.738207070652256325e-01
1.555609050739177046e-01
1.555609050739177046e-01
2.187750427080988880e-01
2.187750427080988880e-01
9.382433973733156352e-02
9.382433973733156352e-02
8.167432717834156863e-02
8.167432717834156863e-02
5.354544544947458240e-01
5.354544544947458240e-01
1.144080413814964753e-01
1.144080413814964753e-01
4.040441374910705985e-01
4.040441374910705985e-01
6.429394058040607263e-01
6.429394058040607263e-01
1.499824518341801582e-01
1.499824518341801582e-01
1.199999999999999956e+00
1.199999999999999956e+00
2.457879688991928269e-01
2.457879688991928269e-01
1.830253332375746389e-01
1.830253332375746389e-01
3.980391506193973333e-02
3.980391506193973333e-02
1.027059845818613648e-01
1.027059845818613648e-01
1.358376671647764655e-01
1.358376671647764655e-01
6.338383664365981884e-02
6.338383664365981884e-02
