3.923336229183712054e-01
3.923336229183712054e-01
1.199999999999999956e+00
1.199999999999999956e+00
1.257899088416813693e-01
1.257899088416813693e-01
5.459566177092439049e-02
5.459566177092439049e-02
7.549780198029802658e-02
7.549780198029802658e-02
6.084152501662734025e-01
6.084152501662734025e-01
3.021934043960481375e-01
3.021934043960481375e-01
2.674845523394608349e-01
2.674845523394608349e-01
4.496477746763071770e-01
4.496477746763071770e-01
3.025732168006843928e-02
3.025732168006843928e-02
4.602930948916915677e-01
4.602930948916915677e-01
6.159281269831824446e-01
6.159281269831824446e-01
2.708185199528928555e-02
2.708185199528928555e-02
3.530279602772885550e-01
3.530279602772885550e-01
6.769037859702845550e-01
6.769037859702845550e-01
1.199999999999999956e+00
1.199999999999999956e+00
1.199999999999999956e+00
1.199999999999999956e+00
1.599731143803137801e-01
1.599731143803137801e-01
1.199999999999999956e+00
1.199999999999999956e+00
1.199999999999999956e+00
1.199999999999999956e+00
1.199999999999999956e+00
1.199999999999999956e+00
5.506715720851831364e-01
5.506715720851831364e-01
1.800975857260096458e-01
1.800975857260096458e-01
3.122995244950819149e-01
3.122995244950819149e-01
1.258003131100173533e-01
1.258003131100173533e-01
5.933489052385836349e-01
5.933489052385836349e-01
7.159995524560640590e-01
7.159995524560640590e-01
1.338017565653729091e-01
1.338017565653729091e-01
1.316094275732667129e-01
1.316094275732667129e-01
4.199339778175528171e-01
4.199339778175528171e-01
1.199999999999999956e+00
1.199999999999999956e+00
1.199999999999999956e+00
1.199999999999999956e+00
3.278065391018627484e-01
3.278065391018627484e-01
5.412893697086915840e-02
5.412893697086915840e-02
1.199999999999999956e+00
1.199999999999999956e+00
1.199999999999999956e+00
1.199999999999999956e+00
8.871500125200498799e-01
8.871500125200498799e-01
2.218026609325649545e-01
2.218026609325649545e-01
1.199999999999999956e+00
1.199999999999999956e+00
1.199999999999999956e+00
1.199999999999999956e+00
1.404844785883558878e-01
1.404844785883558878e-01
3.037342915146944988e-01
3.037342915146944988e-01
1.199999999999999956e+00
1.199999999999999956e+00
2.629261061793691789e-01
2.629261061793691789e-01
4.467326546561458667e-01
4.467326546561458667e-01
3.304091130162754020e-01
3.304091130162754020e-01
6.773958310661591653e-02
6.773958310661591653e-02
4.087496399559980009e-01
4.087496399559980009e-01
3.038641098538972796e-01
3.038641098538972796e-01
1.678228316799748598e-01
1.678228316799748598e-01
2.230305851414125518e-01
2.230305851414125518e-01
9.418684097042762104e-02
9.418684097042762104e-02
3.825606915285942322e-01
3.825606915285942322e-01
1.199999999999999956e+00
1.199999999999999956e+00
7.815180846879201670e-01
7.815180846879201670e-01
2.694995838992697013e-01
2.694995838992697013e-01
9.962599294998750743e-01
9.962599294998750743e-01
1.114915792424800989e-01
1.114915792424800989e-01
1.199999999999999956e+00
1.199999999999999956e+00
1.199999999999999956e+00
1.199999999999999956e+00
1.199999999999999956e+00
1.199999999999999956e+00
2.941917095282468586e-01
2.941917095282468586e-01
1.199999999999999956e+00
1.199999999999999956e+00
4.164196757681522254e-02
4.164196757681522254e-02
5.437382355053144156e-01
5.437382355053144156e-01
1.242045004659116936e-01
1.242045004659116936e-01
7.113110802156924484e-01
7.113110802156924484e-01
3.233884045262602203e-01
3.233884045262602203e-01
7.826932213518718318e-02
7.826932213518718318e-02
1.881366848023382776e-01
1.881366848023382776e-01
5.464331714225386660e-01
5.464331714225386660e-01
7.365089413710133003e-03
7.365089413710133003e-03
1.260171919215013203e-01
1.260171919215013203e-01
3.517039919011837878e-01
3.517039919011837878e-01
4.285896357231850501e-02
4.285896357231850501e-02
3.839497836231424710e-01
3.839497836231424710e-01
1.199999999999999956e+00
1.199999999999999956e+00
1.199999999999999956e+00
1.199999999999999956e+00
2.474658043658739537e-01
2.474658043658739537e-01
1.199999999999999956e+00
1.199999999999999956e+00
5.557530984409234098e-02
5.557530984409234098e-02
9.468619155117891095e-02
9.468619155117891095e-02
1.199999999999999956e+00
1.199999999999999956e+00
1.269338857074149007e-01
1.269338857074149007e-01
6.739630516966016449e-01
6.739630516966016449e-01
1.221083535501530370e+00
1.221083535501530370e+00
9.866661777147640866e-02
9.866661777147640866e-02
1.199999999999999956e+00
1.199999999999999956e+00
2.525701573369639741e-01
2.525701573369639741e-01
2.306181696350363408e-01
2.306181696350363408e-01
1.199999999999999956e+00
1.199999999999999956e+00
4.846043089323841535e-01
4.846043089323841535e-01
1.571318805624643752e-02
1.571318805624643752e-02
1.199999999999999956e+00
1.199999999999999956e+00
7.110999914816936718e-01
7.110999914816936718e-01
2.583018113403833804e-01
2.583018113403833804e-01
5.511879261803521723e-01
5.511879261803521723e-01
5.992318118569723850e-01
5.992318118569723850e-01
1.199999999999999956e+00
1.199999999999999956e+00
5.929540720142684185e-01
5.929540720142684185e-01
1.199999999999999956e+00
1.199999999999999956e+00
7.000983918588353505e-02
7.000983918588353505e-02
1.199999999999999956e+00
1.199999999999999956e+00
1.199999999999999956e+00
1.199999999999999956e+00
2.365400212272895583e-03
2.365400212272895583e-03
6.361391119370930491e-01
6.361391119370930491e-01
4.646010167062997187e-01
4.646010167062997187e-01
8.160127450231728641e-02
8.160127450231728641e-02
1.235902617045991470e+00
1.235902617045991470e+00
9.430523351561825862e-01
9.430523351561825862e-01
5.917965190926058883e-01
5.917965190926058883e-01
7.463774162485288244e-01
7.463774162485288244e-01
9.518493298601113928e-01
9.518493298601113928e-01
3.331288613708624502e-01
3.331288613708624502e-01
2.365493961652955501e-01
2.365493961652955501e-01
1.810715398461749948e-01
1.810715398461749948e-01
6.497412961322341918e-01
6.497412961322341918e-01
6.311777979658382554e-02
6.311777979658382554e-02
2.713921800600959666e-01
2.713921800600959666e-01
4.864600456850108334e-01
4.864600456850108334e-01
1.199999999999999956e+00
1.199999999999999956e+00
1.199999999999999956e+00
1.199999999999999956e+00
3.354796620084729564e-01
3.354796620084729564e-01
9.304132693353771646e-03
9.304132693353771646e-03
9.627370157361028746e-02
9.627370157361028746e-02
8.162765502410763985e-02
8.162765502410763985e-02
6.952251254953582815e-02
6.952251254953582815e-02
1.199999999999999956e+00
1.199999999999999956e+00
5.281828914785516305e-02
5.281828914785516305e-02
1.644807372321564765e-01
1.644807372321564765e-01
4.303593250728480202e-01
4.303593250728480202e-01
1.199999999999999956e+00
1.199999999999999956e+00
8.689864809288180281e-01
8.689864809288180281e-01
1.199999999999999956e+00
1.199999999999999956e+00
1.199999999999999956e+00
1.199999999999999956e+00
1.538291861175626885e-01
1.538291861175626885e-01
1.199999999999999956e+00
1.199999999999999956e+00
1.051049388436282872e-02
1.051049388436282872e-02
3.877622715715312030e-02
3.877622715715312030e-02
8.197112824017159793e-01
8.197112824017159793e-01
1.856886014254313377e-01
1.856886014254313377e-01
4.030614644632914412e-01
4.030614644632914412e-01
1.199999999999999956e+00
1.199999999999999956e+00
1.206029806978351493e-01
1.206029806978351493e-01
2.448609545380908692e-01
2.448609545380908692e-01
5.595210174944189596e-01
5.595210174944189596e-01
2.011441140849415943e-01
2.011441140849415943e-01
1.507422594985616260e-01
1.507422594985616260e-01
2.166429478098689521e-01
2.166429478098689521e-01
2.277405394262671523e-01
2.277405394262671523e-01
8.136885606703215812e-01
8.136885606703215812e-01
1.965104251329411258e-02
1.965104251329411258e-02
1.199999999999999956e+00
1.199999999999999956e+00
2.737256154223383642e-01
2.737256154223383642e-01
9.083823881901338382e-01
9.083823881901338382e-01
9.149048273381912288e-01
9.149048273381912288e-01
1.563858044899014144e-01
1.563858044899014144e-01
1.079783318068579523e-01
1.079783318068579523e-01
2.026857767724445439e-02
2.026857767724445439e-02
3.203255647393020433e-02
3.203255647393020433e-02
7.064061802898772280e-01
7.064061802898772280e-01
7.977638421809855884e-02
7.977638421809855884e-02
4.006577414613270438e-01
4.006577414613270438e-01
3.742637792386382944e-01
3.742637792386382944e-01
2.439278242940279007e-01
2.439278242940279007e-01
1.199999999999999956e+00
1.199999999999999956e+00
1.754461455322038899e-01
1.754461455322038899e-01
8.721953394641240864e-02
8.721953394641240864e-02
3.491294006552050355e-01
3.491294006552050355e-01
1.905451945703270644e-01
1.905451945703270644e-01
1.199999999999999956e+00
1.199999999999999956e+00
1.199999999999999956e+00
1.199999999999999956e+00
1.199999999999999956e+00
1.199999999999999956e+00
3.485191080922511175e-01
3.485191080922511175e-01
2.667762090737491598e-01
2.667762090737491598e-01
1.199999999999999956e+00
1.199999999999999956e+00
1.199999999999999956e+00
1.199999999999999956e+00
9.166147733373064543e-02
9.166147733373064543e-02
1.989220865307610164e-03
1.989220865307610164e-03
5.361664393148412033e-01
5.361664393148412033e-01
3.577223295128689057e-02
3.577223295128689057e-02
1.801768305222085642e-01
1.801768305222085642e-01
6.088222441116171169e-01
6.088222441116171169e-01
3.229646079628928912e-01
3.229646079628928912e-01
2.538523545035351603e-01
2.538523545035351603e-01
1.199999999999999956e+00
1.199999999999999956e+00
6.318190737476056529e-02
6.318190737476056529e-02
4.746108686497271245e-01
4.746108686497271245e-01
2.317861152858490259e-01
2.317861152858490259e-01
5.429565806174498910e-01
5.429565806174498910e-01
7.552613564757115761e-01
7.552613564757115761e-01
4.866285366885886865e-01
4.866285366885886865e-01
1.199999999999999956e+00
1.199999999999999956e+00
5.128057157473391303e-01
5.128057157473391303e-01
1.781257850698205747e-01
1.781257850698205747e-01
5.517705296975824458e-01
5.517705296975824458e-01
2.708022339034141246e-01
2.708022339034141246e-01
1.199999999999999956e+00
1.199999999999999956e+00
5.308044673345997388e-01
5.308044673345997388e-01
3.237673255765301239e-02
3.237673255765301239e-02
1.199999999999999956e+00
1.199999999999999956e+00
4.419387267875673347e-02
4.419387267875673347e-02
1.199999999999999956e+00
1.199999999999999956e+00
6.105353722097992680e-02
6.105353722097992680e-02
1.826744383331709853e-01
1.826744383331709853e-01
1.098630566065506992e-01
1.098630566065506992e-01
5.608115036987920687e-02
5.608115036987920687e-02
1.199999999999999956e+00
1.199999999999999956e+00
1.199999999999999956e+00
1.199999999999999956e+00
2.895671194573549712e-01
2.895671194573549712e-01
1.000317195535383563e+00
1.000317195535383563e+00
4.015382664322611483e-02
4.015382664322611483e-02
1.199999999999999956e+00
1.199999999999999956e+00
3.907778873444599406e-03
3.907778873444599406e-03
4.729902770545536123e-02
4.729902770545536123e-02
5.500857367824453503e-02
5.500857367824453503e-02
3.015323213279361148e-02
3.015323213279361148e-02
6.736730370824451919e-01
6.736730370824451919e-01
2.607541666086425902e-01
2.607541666086425902e-01
6.277084907290240157e-01
6.277084907290240157e-01
1.213019309058258055e-01
1.213019309058258055e-01
1.897783894673871208e-01
1.897783894673871208e-01
4.556214050944460414e-01
4.556214050944460414e-01
2.173331697863107037e-01
2.173331697863107037e-01
3.834121111149926819e-01
3.834121111149926819e-01
1.199999999999999956e+00
1.199999999999999956e+00
2.034659284073706831e-01
2.034659284073706831e-01
4.612068066719443582e-02
4.612068066719443582e-02
1.236576583578488098e-01
1.236576583578488098e-01
1.199999999999999956e+00
1.199999999999999956e+00
4.948142300683676734e-03
4.948142300683676734e-03
4.673194735598322769e-01
4.673194735598322769e-01
7.684439234824306242e-01
7.684439234824306242e-01
6.887393720512765549e-01
6.887393720512765549e-01
4.667351919308092012e-01
4.667351919308092012e-01
4.845621663942347168e-01
4.845621663942347168e-01
1.199999999999999956e+00
1.199999999999999956e+00
1.301904689557508710e-01
1.301904689557508710e-01
4.512281630719810477e-01
4.512281630719810477e-01
4.472565536791459628e-01
4.472565536791459628e-01
4.409089675771361329e-03
4.409089675771361329e-03
4.745060991013163587e-01
4.745060991013163587e-01
5.931334905970110372e-01
5.931334905970110372e-01
7.244632621423063856e-02
7.244632621423063856e-02
6.877065358475695778e-01
6.877065358475695778e-01
2.547669054376046627e-01
2.547669054376046627e-01
4.434773076391138602e-01
4.434773076391138602e-01
7.000639181059136185e-01
7.000639181059136185e-01
1.976964103347528812e-01
1.976964103347528812e-01
1.048519012222981356e-01
1.048519012222981356e-01
4.359569640894558340e-01
4.359569640894558340e-01
1.199999999999999956e+00
1.199999999999999956e+00
1.199999999999999956e+00
1.199999999999999956e+00
1.017979713327191282e+00
1.017979713327191282e+00
1.199999999999999956e+00
1.199999999999999956e+00
2.282336502624729424e-01
2.282336502624729424e-01
1.199999999999999956e+00
1.199999999999999956e+00
1.199999999999999956e+00
1.199999999999999956e+00
7.329143093752790716e-02
7.329143093752790716e-02
1.700353776906484982e-01
1.700353776906484982e-01
8.164549695373489457e-02
8.164549695373489457e-02
7.118562897762626962e-01
7.118562897762626962e-01
5.896153128833141466e-01
5.896153128833141466e-01
1.671235302649771715e-01
1.671235302649771715e-01
3.149981952156437615e-01
3.149981952156437615e-01
1.199999999999999956e+00
1.199999999999999956e+00
3.575610835436283663e-01
3.575610835436283663e-01
3.523750035085884136e-01
3.523750035085884136e-01
1.864464937553579962e-02
1.864464937553579962e-02
6.521967942520326411e-02
6.521967942520326411e-02
9.163688220209214030e-01
9.163688220209214030e-01
6.552599054986083527e-01
6.552599054986083527e-01
2.391566395166109804e-01
2.391566395166109804e-01
2.738445965611117638e-01
2.738445965611117638e-01
3.595898716140007445e-01
3.595898716140007445e-01
5.173440503288947445e-01
5.173440503288947445e-01
1.199999999999999956e+00
1.199999999999999956e+00
3.477215764832630729e-01
3.477215764832630729e-01
4.382734335959054817e-01
4.382734335959054817e-01
2.259318461595616057e-01
2.259318461595616057e-01
1.199999999999999956e+00
1.199999999999999956e+00
8.689370681365855553e-01
8.689370681365855553e-01
1.199999999999999956e+00
1.199999999999999956e+00
7.610476117737266684e-03
7.610476117737266684e-03
7.063945326321376950e-01
7.063945326321376950e-01
1.449320368728253539e-01
1.449320368728253539e-01
4.363575879381259570e-01
4.363575879381259570e-01
7.220349340238548796e-01
7.220349340238548796e-01
6.995113788946973055e-02
6.995113788946973055e-02
1.636459377167198692e-01
1.636459377167198692e-01
1.609594756861277842e-01
1.609594756861277842e-01
2.635453613031907838e-01
2.635453613031907838e-01
4.582643858398061099e-01
4.582643858398061099e-01
7.850204572175065731e-01
7.850204572175065731e-01
1.914049886456051508e-01
1.914049886456051508e-01
5.255599678522822060e-01
5.255599678522822060e-01
3.417227638217701924e-01
3.417227638217701924e-01
1.401420546704381168e-02
1.401420546704381168e-02
9.207896151212927038e-02
9.207896151212927038e-02
4.698115621621244964e-01
4.698115621621244964e-01
3.270259919397663362e-01
3.270259919397663362e-01
2.305701694788363787e-01
2.305701694788363787e-01
2.410418927947144130e-01
2.410418927947144130e-01
1.674470838109188842e-01
1.674470838109188842e-01
7.336386343935195065e-01
7.336386343935195065e-01
1.067916972611395510e+00
1.067916972611395510e+00
2.643348959478172833e-01
2.643348959478172833e-01
1.199999999999999956e+00
1.199999999999999956e+00
4.814591366635871394e-01
4.814591366635871394e-01
3.269830320128586099e-01
3.269830320128586099e-01
1.299664394929281319e-01
1.299664394929281319e-01
2.834744358665310382e-01
2.834744358665310382e-01
1.199999999999999956e+00
1.199999999999999956e+00
1.078863404683068294e+00
1.078863404683068294e+00
2.386014383075652640e-02
2.386014383075652640e-02
1.199999999999999956e+00
1.199999999999999956e+00
1.305716452488325796e-01
1.305716452488325796e-01
3.728171972870184536e-01
3.728171972870184536e-01
3.286036739123348593e-01
3.286036739123348593e-01
6.672664273542668889e-01
6.672664273542668889e-01
3.167615041862251440e-03
3.167615041862251440e-03
4.304411949520566272e-01
4.304411949520566272e-01
4.205191272562586874e-02
4.205191272562586874e-02
8.583002834896429067e-02
8.583002834896429067e-02
6.305815194365671505e-01
6.305815194365671505e-01
1.199999999999999956e+00
1.199999999999999956e+00
1.199999999999999956e+00
1.199999999999999956e+00
1.199999999999999956e+00
1.199999999999999956e+00
1.199999999999999956e+00
1.199999999999999956e+00
1.199999999999999956e+00
1.199999999999999956e+00
1.199999999999999956e+00
1.199999999999999956e+00
1.199999999999999956e+00
1.199999999999999956e+00
1.031871204979196988e-01
1.031871204979196988e-01
1.199999999999999956e+00
1.199999999999999956e+00
1.199999999999999956e+00
1.199999999999999956e+00
1.440014502015433129e-01
1.440014502015433129e-01
2.895812185492785962e-01
2.895812185492785962e-01
3.053409489936061427e-01
3.053409489936061427e-01
5.766630692810207487e-02
5.766630692810207487e-02
2.753988871527012633e-03
2.753988871527012633e-03
8.226498512010709252e-01
8.226498512010709252e-01
5.579734438651758888e-01
5.579734438651758888e-01
2.687416938567145364e-01
2.687416938567145364e-01
1.056689301569804090e-01
1.056689301569804090e-01
7.096481222834487290e-02
7.096481222834487290e-02
2.403116428074492106e-02
2.403116428074492106e-02
1.199999999999999956e+00
1.199999999999999956e+00
5.652415858781990599e-01
5.652415858781990599e-01
1.199999999999999956e+00
1.199999999999999956e+00
1.345813641968439001e+00
1.345813641968439001e+00
3.540496074342218136e-01
3.540496074342218136e-01
1.199999999999999956e+00
1.199999999999999956e+00
2.193750277210055610e-01
2.193750277210055610e-01
1.330085707131924699e-01
1.330085707131924699e-01
2.840840838927461975e-01
2.840840838927461975e-01
5.238367809133949171e-01
5.238367809133949171e-01
6.832050996661348519e-01
6.832050996661348519e-01
1.199999999999999956e+00
1.199999999999999956e+00
1.927714601276129536e-01
1.927714601276129536e-01
2.742692968986621405e-01
2.742692968986621405e-01
2.569708051844638019e-01
2.569708051844638019e-01
1.125130439243090086e+00
1.125130439243090086e+00
1.164570689585293639e-01
1.164570689585293639e-01
3.715525113017599246e-01
3.715525113017599246e-01
2.431287654760569961e-01
2.431287654760569961e-01
3.141504668673065770e-01
3.141504668673065770e-01
1.199999999999999956e+00
1.199999999999999956e+00
9.357225403726437962e-03
9.357225403726437962e-03
1.199999999999999956e+00
1.199999999999999956e+00
1.161030469706428037e-01
1.161030469706428037e-01
1.199999999999999956e+00
1.199999999999999956e+00
2.477975115016090857e-01
2.477975115016090857e-01
6.575620068479673397e-02
6.575620068479673397e-02
6.136547670262194887e-02
6.136547670262194887e-02
1.443822310994162805e-01
1.443822310994162805e-01
6.092591883784231194e-02
6.092591883784231194e-02
1.079096803519941361e-01
1.079096803519941361e-01
8.533053542241590683e-02
8.533053542241590683e-02
1.199999999999999956e+00
1.199999999999999956e+00
4.793801515637623467e-01
4.793801515637623467e-01
1.329724215175956126e-01
1.329724215175956126e-01
4.757801938414401022e-01
4.757801938414401022e-01
2.745939775733988522e-03
2.745939775733988522e-03
1.755852623282728731e-01
1.755852623282728731e-01
5.508638523273451382e-02
5.508638523273451382e-02
4.542416654246510532e-01
4.542416654246510532e-01
2.701089176541157308e-02
2.701089176541157308e-02
3.134723744096611087e-02
3.134723744096611087e-02
4.986849109767774874e-02
4.986849109767774874e-02
1.370044704473665498e-01
1.370044704473665498e-01
3.188421236519788787e-02
3.188421236519788787e-02
2.335456766338599444e-01
2.335456766338599444e-01
2.099890714486346843e-01
2.099890714486346843e-01
3.626686341818632364e-01
3.626686341818632364e-01
1.385925376483568006e-01
1.385925376483568006e-01
4.272952331514203173e-01
4.272952331514203173e-01
1.884895065741604425e-01
1.884895065741604425e-01
4.946212095849553680e-01
4.946212095849553680e-01
6.845431514941086037e-02
6.845431514941086037e-02
1.123211507526627573e+00
1.123211507526627573e+00
1.199999999999999956e+00
1.199999999999999956e+00
1.199999999999999956e+00
1.199999999999999956e+00
2.434173119185417955e-01
2.434173119185417955e-01
6.374856936770071369e-01
6.374856936770071369e-01
3.390021091167403355e-01
3.390021091167403355e-01
3.354073960255405384e-01
3.354073960255405384e-01
1.199999999999999956e+00
1.199999999999999956e+00
2.407174368864535216e-02
2.407174368864535216e-02
1.199999999999999956e+00
1.199999999999999956e+00
3.070590309374153226e-01
3.070590309374153226e-01
2.418049029466524946e-02
2.418049029466524946e-02
4.621852204951246157e-01
4.621852204951246157e-01
2.967006311326633172e-01
2.967006311326633172e-01
1.625320394242385502e-01
1.625320394242385502e-01
1.199999999999999956e+00
1.199999999999999956e+00
1.861293999954369005e-01
1.861293999954369005e-01
3.618788190773523095e-01
3.618788190773523095e-01
5.834402283653344901e-01
5.834402283653344901e-01
3.054909053155303589e-01
3.054909053155303589e-01
4.351247437101547072e-02
4.351247437101547072e-02
1.199999999999999956e+00
1.199999999999999956e+00
3.023643814616645553e-01
3.023643814616645553e-01
2.052128606341702965e-01
2.052128606341702965e-01
1.199999999999999956e+00
1.199999999999999956e+00
1.199999999999999956e+00
1.199999999999999956e+00
1.264377555133602837e-01
1.264377555133602837e-01
3.119598216650903422e-01
3.119598216650903422e-01
4.958666708356485597e-01
4.958666708356485597e-01
9.744721005616246989e-02
9.744721005616246989e-02
5.394587675466925303e-01
5.394587675466925303e-01
1.390914750525101551e-01
1.390914750525101551e-01
3.184301646585870754e-02
3.184301646585870754e-02
7.492608021806748120e-01
7.492608021806748120e-01
2.979996839115551244e-01
2.979996839115551244e-01
5.630197523076984067e-01
5.630197523076984067e-01
6.066238864509290174e-01
6.066238864509290174e-01
2.372031050925715590e-01
2.372031050925715590e-01
6.122076934825936706e-02
6.122076934825936706e-02
1.199999999999999956e+00
1.199999999999999956e+00
3.670015002275436311e-01
3.670015002275436311e-01
9.688813102688718926e-02
9.688813102688718926e-02
3.226307992819936188e-01
3.226307992819936188e-01
9.075359518893867661e-02
9.075359518893867661e-02
2.564101498816124258e-01
2.564101498816124258e-01
3.353598278246565645e-01
3.353598278246565645e-01
1.809863189034766062e-01
1.809863189034766062e-01
1.331042501646588494e-01
1.331042501646588494e-01
3.545525562066904612e-01
3.545525562066904612e-01
1.020587349648889308e+00
1.020587349648889308e+00
3.716130421607262702e-01
3.716130421607262702e-01
4.113687747964935304e-01
4.113687747964935304e-01
1.914003188156327695e-01
1.914003188156327695e-01
2.456243820369223840e-01
2.456243820369223840e-01
1.199999999999999956e+00
1.199999999999999956e+00
4.147257731461702623e-01
4.147257731461702623e-01
1.199999999999999956e+00
1.199999999999999956e+00
6.265503107531151805e-01
6.265503107531151805e-01
3.640647207694492349e-01
3.640647207694492349e-01
1.199999999999999956e+00
1.199999999999999956e+00
1.199999999999999956e+00
1.199999999999999956e+00
1.199999999999999956e+00
1.199999999999999956e+00
5.478936576353673482e-01
5.478936576353673482e-01
2.150649950863363635e-01
2.150649950863363635e-01
4.509052066062769343e-02
4.509052066062769343e-02
1.703736351256893988e-01
1.703736351256893988e-01
3.329102549192101690e-01
3.329102549192101690e-01
9.753273805620171766e-02
9.753273805620171766e-02
1.199999999999999956e+00
1.199999999999999956e+00
1.199999999999999956e+00
1.199999999999999956e+00
1.199999999999999956e+00
1.199999999999999956e+00
5.393428089537544157e-01
5.393428089537544157e-01
1.217004178072624010e-01
1.217004178072624010e-01
5.732958503363397851e-01
5.732958503363397851e-01
2.390682214819406237e-01
2.390682214819406237e-01
4.285667215904045979e-01
4.285667215904045979e-01
2.051350270563717659e-01
2.051350270563717659e-01
2.905884622859644661e-01
2.905884622859644661e-01
3.866765213726958139e-01
3.866765213726958139e-01
1.199999999999999956e+00
1.199999999999999956e+00
7.389442489551748539e-01
7.389442489551748539e-01
1.507173360524058647e-01
1.507173360524058647e-01
5.285431452784906947e-02
5.285431452784906947e-02
6.600001637224002238e-01
6.600001637224002238e-01
5.033215387150262732e-01
5.033215387150262732e-01
1.199999999999999956e+00
1.199999999999999956e+00
1.199999999999999956e+00
1.199999999999999956e+00
1.507371807852249737e-02
1.507371807852249737e-02
1.481785361615426400e-01
1.481785361615426400e-01
3.363324978606933024e-01
3.363324978606933024e-01
1.199999999999999956e+00
1.199999999999999956e+00
4.159452530688432237e-01
4.159452530688432237e-01
4.436603070478383204e-01
4.436603070478383204e-01
3.313163777683312827e-01
3.313163777683312827e-01
9.768683579792097893e-02
9.768683579792097893e-02
3.085098100838349344e-01
3.085098100838349344e-01
1.199999999999999956e+00
1.199999999999999956e+00
1.072289113439675312e-01
1.072289113439675312e-01
2.811740475503050063e-01
2.811740475503050063e-01
2.810798571707773252e-01
2.810798571707773252e-01
1.310203297654876919e-01
1.310203297654876919e-01
1.054780294435479632e-01
1.054780294435479632e-01
1.199999999999999956e+00
1.199999999999999956e+00
1.707202041113516366e-01
1.707202041113516366e-01
1.480195839157662056e-02
1.480195839157662056e-02
1.592375721010510503e-01
1.592375721010510503e-01
2.081130748059915048e-01
2.081130748059915048e-01
4.418486340348809494e-02
4.418486340348809494e-02
5.258751404170711741e-01
5.258751404170711741e-01
7.317381865511340955e-02
7.317381865511340955e-02
5.362451388996396506e-01
5.362451388996396506e-01
3.308151540697301107e-01
3.308151540697301107e-01
3.096079799768581275e-01
3.096079799768581275e-01
1.199999999999999956e+00
1.199999999999999956e+00
4.863342531360101972e-01
4.863342531360101972e-01
3.017017481771777088e-01
3.017017481771777088e-01
4.385032281303118395e-01
4.385032281303118395e-01
3.792759719675043995e-01
3.792759719675043995e-01
1.199999999999999956e+00
1.199999999999999956e+00
2.806035027007377503e-01
2.806035027007377503e-01
2.354674753467011356e-02
2.354674753467011356e-02
1.199999999999999956e+00
1.199999999999999956e+00
6.729068822796123450e-02
6.729068822796123450e-02
1.199999999999999956e+00
1.199999999999999956e+00
4.360131544931691860e-01
4.360131544931691860e-01
1.583232842630888371e-01
1.583232842630888371e-01
1.938781026386608430e-01
1.938781026386608430e-01
3.588902223968371552e-01
3.588902223968371552e-01
1.199999999999999956e+00
1.199999999999999956e+00
5.818284328576587283e-01
5.818284328576587283e-01
3.531414263924357311e-01
3.531414263924357311e-01
1.757346745993930981e-01
1.757346745993930981e-01
3.619842738511938052e-01
3.619842738511938052e-01
6.514275174863000117e-01
6.514275174863000117e-01
5.743025748889096782e-02
5.743025748889096782e-02
1.182526023324826370e-01
1.182526023324826370e-01
1.199999999999999956e+00
1.199999999999999956e+00
1.410880078288183348e-01
1.410880078288183348e-01
1.199999999999999956e+00
1.199999999999999956e+00
4.875668360073837637e-01
4.875668360073837637e-01
1.199999999999999956e+00
1.199999999999999956e+00
1.238875434030463074e-01
1.238875434030463074e-01
9.123713980672550853e-04
9.123713980672550853e-04
3.661658307938439605e-01
3.661658307938439605e-01
8.206634238518700775e-02
8.206634238518700775e-02
1.199999999999999956e+00
1.199999999999999956e+00
1.082439738502489618e-01
1.082439738502489618e-01
1.456856663902952875e-01
1.456856663902952875e-01
1.731642691895373121e-01
1.731642691895373121e-01
4.888404662711677562e-02
4.888404662711677562e-02
2.717926005742383189e-01
2.717926005742383189e-01
1.199999999999999956e+00
1.199999999999999956e+00
6.141492944603886561e-03
6.141492944603886561e-03
4.154379961000119192e-01
4.154379961000119192e-01
1.523321370906950412e-01
1.523321370906950412e-01
1.199999999999999956e+00
1.199999999999999956e+00
5.202505727521573586e-01
5.202505727521573586e-01
6.140114337361486374e-01
6.140114337361486374e-01
1.792107903759828091e-01
1.792107903759828091e-01
1.199999999999999956e+00
1.199999999999999956e+00
1.644220299822142239e-01
1.644220299822142239e-01
5.003656804630653987e-01
5.003656804630653987e-01
1.199999999999999956e+00
1.199999999999999956e+00
4.626314477846474316e-01
4.626314477846474316e-01
4.932876731297077683e-02
4.932876731297077683e-02
1.199999999999999956e+00
1.199999999999999956e+00
3.526461088240779862e-01
3.526461088240779862e-01
3.830402973957435231e-01
3.830402973957435231e-01
5.501674946669035116e-01
5.501674946669035116e-01
1.199999999999999956e+00
1.199999999999999956e+00
3.474172066756706784e-02
3.474172066756706784e-02
4.484974073756982094e-01
4.484974073756982094e-01
1.199999999999999956e+00
1.199999999999999956e+00
5.494279058853068082e-02
5.494279058853068082e-02
4.810189678267250968e-01
4.810189678267250968e-01
1.199999999999999956e+00
1.199999999999999956e+00
1.199999999999999956e+00
1.199999999999999956e+00
2.686311202628915429e-01
2.686311202628915429e-01
6.748432208767312090e-01
6.748432208767312090e-01
1.199999999999999956e+00
1.199999999999999956e+00
6.669426221375243102e-01
6.669426221375243102e-01
1.030767587769190197e-01
1.030767587769190197e-01
1.199999999999999956e+00
1.199999999999999956e+00
2.258365633266898875e-01
2.258365633266898875e-01
6.564093414752338873e-01
6.564093414752338873e-01
1.267481749078837872e-01
1.267481749078837872e-01
2.865405656167675508e-01
2.865405656167675508e-01
2.077948879634171075e-01
2.077948879634171075e-01
1.167932989331325611e-01
1.167932989331325611e-01
2.945120481386888714e-02
2.945120481386888714e-02
1.199999999999999956e+00
1.199999999999999956e+00
2.056785345470507897e-01
2.056785345470507897e-01
8.129115111734961374e-01
8.129115111734961374e-01
6.341715731922890065e-01
6.341715731922890065e-01
1.199999999999999956e+00
1.199999999999999956e+00
2.735292757498115068e-01
2.735292757498115068e-01
4.573154635474142582e-01
4.573154635474142582e-01
1.634552506965777641e-01
1.634552506965777641e-01
3.606248514300085528e-01
3.606248514300085528e-01
3.218174109996060905e-01
3.218174109996060905e-01
6.176527283494290949e-02
6.176527283494290949e-02
1.308629445221876353e-01
1.308629445221876353e-01
6.947731533207797405e-02
6.947731533207797405e-02
1.199999999999999956e+00
1.199999999999999956e+00
1.199999999999999956e+00
1.199999999999999956e+00
5.709324638352826498e-02
5.709324638352826498e-02
2.304839960799074938e-01
2.304839960799074938e-01
3.688784280021925599e-01
3.688784280021925599e-01
9.546475264107853742e-02
9.546475264107853742e-02
7.273464109061524852e-01
7.273464109061524852e-01
9.977180278030631233e-02
9.977180278030631233e-02
8.952699363647848019e-02
8.952699363647848019e-02
1.219448118305062750e-01
1.219448118305062750e-01
2.708466453656499517e-01
2.708466453656499517e-01
1.199999999999999956e+00
1.199999999999999956e+00
3.975733737101787013e-01
3.975733737101787013e-01
9.522420643595186363e-02
9.522420643595186363e-02
2.195813195794587558e-01
2.195813195794587558e-01
4.524167765735025437e-01
4.524167765735025437e-01
1.941891629733243363e-01
1.941891629733243363e-01
1.199999999999999956e+00
1.199999999999999956e+00
1.199999999999999956e+00
1.199999999999999956e+00
4.012126924658548366e-01
4.012126924658548366e-01
1.199999999999999956e+00
1.199999999999999956e+00
3.599337396436829567e-02
3.599337396436829567e-02
1.199999999999999956e+00
1.199999999999999956e+00
1.199999999999999956e+00
1.199999999999999956e+00
3.860809353000524413e-01
3.860809353000524413e-01
1.199999999999999956e+00
1.199999999999999956e+00
7.968164579323759600e-02
7.968164579323759600e-02
2.286846490353517669e-01
2.286846490353517669e-01
1.199999999999999956e+00
1.199999999999999956e+00
1.199999999999999956e+00
1.199999999999999956e+00
5.417538736245209874e-01
5.417538736245209874e-01
1.199999999999999956e+00
1.199999999999999956e+00
9.378000672685914418e-01
9.378000672685914418e-01
1.869818128556037240e-01
1.869818128556037240e-01
5.144874560271525121e-01
5.144874560271525121e-01
7.284335409423633445e-01
7.284335409423633445e-01
1.630866520474960890e-01
1.630866520474960890e-01
6.454345833157808521e-01
6.454345833157808521e-01
1.199999999999999956e+00
1.199999999999999956e+00
1.199999999999999956e+00
1.199999999999999956e+00
1.199999999999999956e+00
1.199999999999999956e+00
2.354123023112819624e-01
2.354123023112819624e-01
1.199541462363449273e-01
1.199541462363449273e-01
1.199999999999999956e+00
1.199999999999999956e+00
1.984186934539446806e-02
1.984186934539446806e-02
4.852516442723081580e-02
4.852516442723081580e-02
1.908651431444432778e-01
1.908651431444432778e-01
1.111509339309491029e-01
1.111509339309491029e-01
3.865134997436643349e-01
3.865134997436643349e-01
8.314332632314187510e-01
8.314332632314187510e-01
8.685894431527048376e-02
8.685894431527048376e-02
9.565408378726237837e-01
9.565408378726237837e-01
5.008302184241495425e-01
5.008302184241495425e-01
3.167020406552145673e-01
3.167020406552145673e-01
1.199999999999999956e+00
1.199999999999999956e+00
3.008577191611695734e-02
3.008577191611695734e-02
1.829838042320768299e-01
1.829838042320768299e-01
7.478498836642714920e-02
7.478498836642714920e-02
1.516412790718145720e-01
1.516412790718145720e-01
1.665597263745164092e-01
1.665597263745164092e-01
9.408416706015990116e-02
9.408416706015990116e-02
1.199999999999999956e+00
1.199999999999999956e+00
1.918046655886380403e-01
1.918046655886380403e-01
3.746725962759068773e-01
3.746725962759068773e-01
9.066364811279437053e-02
9.066364811279437053e-02
2.150835878761419018e-01
2.150835878761419018e-01
8.794753992320127056e-02
8.794753992320127056e-02
7.010373828382793215e-02
7.010373828382793215e-02
4.453341901164583061e-01
4.453341901164583061e-01
7.019078192768157115e-03
7.019078192768157115e-03
2.050268048002640547e-03
2.050268048002640547e-03
5.468729501458930997e-01
5.468729501458930997e-01
1.021186056145995391e-01
1.021186056145995391e-01
4.142666511364692106e-01
4.142666511364692106e-01
6.097629644881448208e-01
6.097629644881448208e-01
1.199999999999999956e+00
1.199999999999999956e+00
1.199999999999999956e+00
1.199999999999999956e+00
5.650078836658680714e-01
5.650078836658680714e-01
1.551369006685766327e-01
1.551369006685766327e-01
2.697767954848763750e-01
2.697767954848763750e-01
5.140748576597898856e-01
5.140748576597898856e-01
2.086204604115676209e-01
2.086204604115676209e-01
4.443790644378879384e-01
4.443790644378879384e-01
1.964401185278161766e-01
1.964401185278161766e-01
1.771875833585899451e-01
1.771875833585899451e-01
1.199999999999999956e+00
1.199999999999999956e+00
1.199999999999999956e+00
1.199999999999999956e+00
5.600663880029300712e-01
5.600663880029300712e-01
3.227427174861494108e-01
3.227427174861494108e-01
3.809187580353722291e-01
3.809187580353722291e-01
9.363467888719397003e-02
9.363467888719397003e-02
3.877750161817068997e-01
3.877750161817068997e-01
1.199999999999999956e+00
1.199999999999999956e+00
1.172894083769680240e-01
1.172894083769680240e-01
5.264770101772754396e-01
5.264770101772754396e-01
1.220977710618770112e-01
1.220977710618770112e-01
4.220172639013765603e-01
4.220172639013765603e-01
9.275129727661772516e-02
9.275129727661772516e-02
1.179435668651736546e-01
1.179435668651736546e-01
5.785066731301303777e-01
5.785066731301303777e-01
2.575145096286071134e-01
2.575145096286071134e-01
2.334610093636500516e-01
2.334610093636500516e-01
2.195722882065141990e-01
2.195722882065141990e-01
1.487627534181897304e-01
1.487627534181897304e-01
7.455868903828241634e-02
7.455868903828241634e-02
2.936316843063933590e-01
2.936316843063933590e-01
3.767948973330150775e-01
3.767948973330150775e-01
1.199999999999999956e+00
1.199999999999999956e+00
3.897336141383853647e-01
3.897336141383853647e-01
4.129769034331691180e-01
4.129769034331691180e-01
2.309584424105093903e-01
2.309584424105093903e-01
7.163129863541900511e-02
7.163129863541900511e-02
9.185875261579172502e-02
9.185875261579172502e-02
1.746126400265475553e-01
1.746126400265475553e-01
7.017615191864265412e-02
7.017615191864265412e-02
2.384638782561061543e-01
2.384638782561061543e-01
1.199999999999999956e+00
1.199999999999999956e+00
1.155685148145728230e-01
1.155685148145728230e-01
2.778489686001741621e-01
2.778489686001741621e-01
1.714592638314171580e-01
1.714592638314171580e-01
5.875050479156295191e-01
5.875050479156295191e-01
1.855534821637750895e-02
1.855534821637750895e-02
7.958127242916037680e-01
7.958127242916037680e-01
1.841528731770707139e-02
1.841528731770707139e-02
4.122623355419756663e-01
4.122623355419756663e-01
3.472386751716875081e-02
3.472386751716875081e-02
3.245986451444917709e-01
3.245986451444917709e-01
4.339238026267318027e-01
4.339238026267318027e-01
2.386797369215611780e-02
2.386797369215611780e-02
3.843277205620854176e-01
3.843277205620854176e-01
1.449033404468438695e-02
1.449033404468438695e-02
1.360500139764357630e-01
1.360500139764357630e-01
