6.573940499043799679e-02
6.573940499043799679e-02
3.354390277418864419e-01
3.354390277418864419e-01
5.004853332854539705e-01
5.004853332854539705e-01
1.199999999999999956e+00
1.199999999999999956e+00
4.099914231494246053e-01
4.099914231494246053e-01
2.652684385244043486e-01
2.652684385244043486e-01
9.608950069188476606e-02
9.608950069188476606e-02
2.604164270618430921e-01
2.604164270618430921e-01
2.076215419423280487e-02
2.076215419423280487e-02
1.122712962444518264e-01
1.122712962444518264e-01
2.002752102606217832e-01
2.002752102606217832e-01
3.011536056144182849e-01
3.011536056144182849e-01
4.656784678156338231e-01
4.656784678156338231e-01
1.800802659578200626e-01
1.800802659578200626e-01
1.199999999999999956e+00
1.199999999999999956e+00
1.869951876141988933e-01
1.869951876141988933e-01
4.762924764308110875e-02
4.762924764308110875e-02
8.103117840911494563e-02
8.103117840911494563e-02
1.199999999999999956e+00
1.199999999999999956e+00
6.546959480659006458e-02
6.546959480659006458e-02
1.199999999999999956e+00
1.199999999999999956e+00
3.316298325287064808e-01
3.316298325287064808e-01
1.199999999999999956e+00
1.199999999999999956e+00
1.199999999999999956e+00
1.199999999999999956e+00
2.520337480402189967e-01
2.520337480402189967e-01
4.019696896580570722e-01
4.019696896580570722e-01
6.205641888175328358e-02
6.205641888175328358e-02
1.199999999999999956e+00
1.199999999999999956e+00
1.102244091062297296e-03
1.102244091062297296e-03
3.465998457019365819e-01
3.465998457019365819e-01
5.903117284818127919e-01
5.903117284818127919e-01
4.898441341669853566e-01
4.898441341669853566e-01
3.313613768612576338e-02
3.313613768612576338e-02
2.352528792660143753e-01
2.352528792660143753e-01
5.118784914842217093e-01
5.118784914842217093e-01
3.367968143202267148e-03
3.367968143202267148e-03
3.194925389453890929e-01
3.194925389453890929e-01
1.107565983036656737e-01
1.107565983036656737e-01
2.153326456963958746e-01
2.153326456963958746e-01
3.475716351092056899e-01
3.475716351092056899e-01
1.199999999999999956e+00
1.199999999999999956e+00
2.350037713195947675e-01
2.350037713195947675e-01
1.199999999999999956e+00
1.199999999999999956e+00
4.824961027406040603e-01
4.824961027406040603e-01
1.199999999999999956e+00
1.199999999999999956e+00
1.199999999999999956e+00
1.199999999999999956e+00
1.199999999999999956e+00
1.199999999999999956e+00
1.199999999999999956e+00
1.199999999999999956e+00
1.199999999999999956e+00
1.199999999999999956e+00
1.379238521198715428e-01
1.379238521198715428e-01
1.571394416852278098e-01
1.571394416852278098e-01
4.091332435488217456e-01
4.091332435488217456e-01
2.736151279609210785e-01
2.736151279609210785e-01
1.199999999999999956e+00
1.199999999999999956e+00
1.302101395981473779e-02
1.302101395981473779e-02
1.199999999999999956e+00
1.199999999999999956e+00
3.150646564501384805e-01
3.150646564501384805e-01
3.863169964117056654e-02
3.863169964117056654e-02
1.131690348764494147e-01
1.131690348764494147e-01
1.199999999999999956e+00
1.199999999999999956e+00
1.136685559070293589e-01
1.136685559070293589e-01
2.894566976854380524e-02
2.894566976854380524e-02
1.199999999999999956e+00
1.199999999999999956e+00
3.669750200418819275e-01
3.669750200418819275e-01
1.199999999999999956e+00
1.199999999999999956e+00
1.199999999999999956e+00
1.199999999999999956e+00
1.199999999999999956e+00
1.199999999999999956e+00
1.199999999999999956e+00
1.199999999999999956e+00
7.272303740412165984e-01
7.272303740412165984e-01
7.820912685986770585e-01
7.820912685986770585e-01
1.675953652658682680e-01
1.675953652658682680e-01
1.768322466630095971e-02
1.768322466630095971e-02
2.961278611359089569e-02
2.961278611359089569e-02
4.097838298898297538e-01
4.097838298898297538e-01
2.338283080357330679e-01
2.338283080357330679e-01
2.659046408438525341e-02
2.659046408438525341e-02
1.642345670303876348e-01
1.642345670303876348e-01
2.484889697464940927e-01
2.484889697464940927e-01
4.026315467185990205e-01
4.026315467185990205e-01
1.199999999999999956e+00
1.199999999999999956e+00
5.135130957402161272e-02
5.135130957402161272e-02
1.199999999999999956e+00
1.199999999999999956e+00
3.485360753808274814e-01
3.485360753808274814e-01
4.088781803814032223e-01
4.088781803814032223e-01
1.199999999999999956e+00
1.199999999999999956e+00
1.216839437616377584e+00
1.216839437616377584e+00
7.035246998551497599e-01
7.035246998551497599e-01
3.341136968344775582e-01
3.341136968344775582e-01
6.713864279625538778e-01
6.713864279625538778e-01
1.199999999999999956e+00
1.199999999999999956e+00
2.898902668947472283e-01
2.898902668947472283e-01
3.343582438793695211e-01
3.343582438793695211e-01
1.004412208246344557e-01
1.004412208246344557e-01
3.329858320431318686e-01
3.329858320431318686e-01
1.199999999999999956e+00
1.199999999999999956e+00
1.199999999999999956e+00
1.199999999999999956e+00
1.442304602940109592e-01
1.442304602940109592e-01
1.199999999999999956e+00
1.199999999999999956e+00
1.199999999999999956e+00
1.199999999999999956e+00
5.938866172550510275e-02
5.938866172550510275e-02
1.199999999999999956e+00
1.199999999999999956e+00
1.845518029082977574e-01
1.845518029082977574e-01
9.775974673356377376e-03
9.775974673356377376e-03
7.345124687865545177e-01
7.345124687865545177e-01
1.199999999999999956e+00
1.199999999999999956e+00
2.323393978304293117e-01
2.323393978304293117e-01
4.425281396593186978e-01
4.425281396593186978e-01
5.221231965478111414e-01
5.221231965478111414e-01
3.327540627736840784e-01
3.327540627736840784e-01
1.131481430150954454e-01
1.131481430150954454e-01
6.335994547940614063e-02
6.335994547940614063e-02
1.199999999999999956e+00
1.199999999999999956e+00
2.350975276240269418e-01
2.350975276240269418e-01
1.371864869883658057e-02
1.371864869883658057e-02
1.517380004306129737e-01
1.517380004306129737e-01
1.739642072272783446e-01
1.739642072272783446e-01
1.199999999999999956e+00
1.199999999999999956e+00
1.199999999999999956e+00
1.199999999999999956e+00
1.404685163402015491e-02
1.404685163402015491e-02
1.199999999999999956e+00
1.199999999999999956e+00
8.214880641718660947e-02
8.214880641718660947e-02
5.734031650890056286e-02
5.734031650890056286e-02
6.094052293678436927e-01
6.094052293678436927e-01
3.499448347453479879e-01
3.499448347453479879e-01
5.396686800958007124e-01
5.396686800958007124e-01
3.494168662373586254e-01
3.494168662373586254e-01
1.199999999999999956e+00
1.199999999999999956e+00
7.942079706589217913e-01
7.942079706589217913e-01
2.635178344336036038e-01
2.635178344336036038e-01
7.482933974102775609e-01
7.482933974102775609e-01
1.045630247475639596e+00
1.045630247475639596e+00
3.393824656618578128e-01
3.393824656618578128e-01
1.199999999999999956e+00
1.199999999999999956e+00
5.467362453188424620e-01
5.467362453188424620e-01
1.199999999999999956e+00
1.199999999999999956e+00
6.854182164035642622e-01
6.854182164035642622e-01
2.280938199074968031e-01
2.280938199074968031e-01
8.312074514711095818e-03
8.312074514711095818e-03
5.243642193500248627e-01
5.243642193500248627e-01
2.174655089359999183e-01
2.174655089359999183e-01
7.849028369006261219e-02
7.849028369006261219e-02
2.913403734256277966e-01
2.913403734256277966e-01
5.271815861384364643e-01
5.271815861384364643e-01
5.458291145875433792e-03
5.458291145875433792e-03
2.608028200289422976e-02
2.608028200289422976e-02
9.395018920958982112e-02
9.395018920958982112e-02
1.657568927119900670e-01
1.657568927119900670e-01
4.269400064589761179e-01
4.269400064589761179e-01
2.088881543494167381e-01
2.088881543494167381e-01
1.199999999999999956e+00
1.199999999999999956e+00
5.902899010035287386e-01
5.902899010035287386e-01
1.199999999999999956e+00
1.199999999999999956e+00
2.165767735825000484e-01
2.165767735825000484e-01
2.627166903003980702e-01
2.627166903003980702e-01
1.199999999999999956e+00
1.199999999999999956e+00
2.158924519141784681e-01
2.158924519141784681e-01
4.323160749206697573e-02
4.323160749206697573e-02
3.071353304830604092e-01
3.071353304830604092e-01
1.199999999999999956e+00
1.199999999999999956e+00
8.363739783143776529e-01
8.363739783143776529e-01
5.558011521653629661e-01
5.558011521653629661e-01
7.704036294460578360e-02
7.704036294460578360e-02
3.489468513763124280e-01
3.489468513763124280e-01
4.194958029046914061e-01
4.194958029046914061e-01
1.199999999999999956e+00
1.199999999999999956e+00
3.386417762267641129e-01
3.386417762267641129e-01
4.485775137061161037e-03
4.485775137061161037e-03
4.098649750729561614e-01
4.098649750729561614e-01
7.095785619846149694e-02
7.095785619846149694e-02
4.833691726461858962e-01
4.833691726461858962e-01
2.968581149309869605e-01
2.968581149309869605e-01
4.971118721384372441e-02
4.971118721384372441e-02
7.018543765037412729e-01
7.018543765037412729e-01
5.229687754643036479e-02
5.229687754643036479e-02
1.421991378510610859e-01
1.421991378510610859e-01
9.741697131094316509e-02
9.741697131094316509e-02
8.112118275196646966e-01
8.112118275196646966e-01
1.007380413930835383e-01
1.007380413930835383e-01
2.288365326762083485e-01
2.288365326762083485e-01
3.184958120776493207e-01
3.184958120776493207e-01
1.199999999999999956e+00
1.199999999999999956e+00
1.081984768470164032e-01
1.081984768470164032e-01
1.731791068966101188e-01
1.731791068966101188e-01
5.683144642573123573e-01
5.683144642573123573e-01
1.199999999999999956e+00
1.199999999999999956e+00
4.836821303292190288e-01
4.836821303292190288e-01
1.217166737668588933e-01
1.217166737668588933e-01
4.596658106975155533e-01
4.596658106975155533e-01
2.218337347819196725e-01
2.218337347819196725e-01
2.174040807810735110e-01
2.174040807810735110e-01
1.150723457827431268e-01
1.150723457827431268e-01
1.199999999999999956e+00
1.199999999999999956e+00
3.899999592128525205e-01
3.899999592128525205e-01
1.150903989983611403e-02
1.150903989983611403e-02
2.491481274525855771e-01
2.491481274525855771e-01
3.231996643352852971e-01
3.231996643352852971e-01
1.199999999999999956e+00
1.199999999999999956e+00
1.204019289170342316e-01
1.204019289170342316e-01
1.056475393853578137e-01
1.056475393853578137e-01
1.783033776866698727e-01
1.783033776866698727e-01
2.369835672193985610e-01
2.369835672193985610e-01
1.199999999999999956e+00
1.199999999999999956e+00
2.801615959645043508e-01
2.801615959645043508e-01
4.278632148617139697e-02
4.278632148617139697e-02
5.498262805559401833e-01
5.498262805559401833e-01
5.124341852147066279e-01
5.124341852147066279e-01
1.199999999999999956e+00
1.199999999999999956e+00
1.199999999999999956e+00
1.199999999999999956e+00
1.199999999999999956e+00
1.199999999999999956e+00
3.200769037808504636e-01
3.200769037808504636e-01
1.947125755648404510e-01
1.947125755648404510e-01
1.187529381165478570e-01
1.187529381165478570e-01
5.115515332488183159e-02
5.115515332488183159e-02
7.122901260540648316e-01
7.122901260540648316e-01
5.056159903493332441e-01
5.056159903493332441e-01
3.297308194841906594e-04
3.297308194841906594e-04
1.800913346537719173e-01
1.800913346537719173e-01
2.477070531917557883e-01
2.477070531917557883e-01
5.015387581572192666e-01
5.015387581572192666e-01
1.199999999999999956e+00
1.199999999999999956e+00
6.592000861617125507e-02
6.592000861617125507e-02
1.411026976785622333e-01
1.411026976785622333e-01
1.036741184818372741e-01
1.036741184818372741e-01
7.085496673483879237e-02
7.085496673483879237e-02
3.148162624503986762e-01
3.148162624503986762e-01
4.403278286702703159e-01
4.403278286702703159e-01
2.665642118124067136e-03
2.665642118124067136e-03
3.869777064513344467e-01
3.869777064513344467e-01
1.200984135517305096e-01
1.200984135517305096e-01
4.493781261436369800e-01
4.493781261436369800e-01
6.673018332121347096e-02
6.673018332121347096e-02
1.707783195240439589e-01
1.707783195240439589e-01
3.104333187747834177e-01
3.104333187747834177e-01
3.321222667321619415e-01
3.321222667321619415e-01
2.405719188841336509e-01
2.405719188841336509e-01
2.764583049771904832e-01
2.764583049771904832e-01
1.189964881418876380e-01
1.189964881418876380e-01
3.685283345192588156e-01
3.685283345192588156e-01
1.199999999999999956e+00
1.199999999999999956e+00
1.616149201145731518e-01
1.616149201145731518e-01
3.215978466892016607e-01
3.215978466892016607e-01
1.205393953040782666e-02
1.205393953040782666e-02
2.293523368571686594e-01
2.293523368571686594e-01
3.239592104395410121e-01
3.239592104395410121e-01
5.134848931266108307e-01
5.134848931266108307e-01
4.603482766456168385e-02
4.603482766456168385e-02
1.199999999999999956e+00
1.199999999999999956e+00
4.153561839184980453e-01
4.153561839184980453e-01
2.382896027794157434e-01
2.382896027794157434e-01
3.732168078417700263e-01
3.732168078417700263e-01
1.199999999999999956e+00
1.199999999999999956e+00
2.439122682979570078e-01
2.439122682979570078e-01
8.769389417428554226e-03
8.769389417428554226e-03
6.106331463179440755e-01
6.106331463179440755e-01
3.994038052216042356e-01
3.994038052216042356e-01
6.365655901370783631e-01
6.365655901370783631e-01
2.115617920673996677e-01
2.115617920673996677e-01
5.409713541548883953e-01
5.409713541548883953e-01
8.378731363295141565e-02
8.378731363295141565e-02
1.611227340342279435e-01
1.611227340342279435e-01
6.108513265322725871e-01
6.108513265322725871e-01
2.527327466120977695e-01
2.527327466120977695e-01
3.353324336952512308e-01
3.353324336952512308e-01
3.231218727742645180e-01
3.231218727742645180e-01
4.636444127023093831e-01
4.636444127023093831e-01
1.199999999999999956e+00
1.199999999999999956e+00
8.149570623088768506e-02
8.149570623088768506e-02
1.199999999999999956e+00
1.199999999999999956e+00
4.192405955468633261e-01
4.192405955468633261e-01
1.199999999999999956e+00
1.199999999999999956e+00
2.226100259279556806e-02
2.226100259279556806e-02
1.199999999999999956e+00
1.199999999999999956e+00
8.442616862841823000e-02
8.442616862841823000e-02
5.480259019007166499e-01
5.480259019007166499e-01
6.871115998684369508e-01
6.871115998684369508e-01
3.365288928250393385e-01
3.365288928250393385e-01
5.109067554006948564e-01
5.109067554006948564e-01
7.275314354687232310e-01
7.275314354687232310e-01
1.508338350471185307e-01
1.508338350471185307e-01
6.013541555082483336e-01
6.013541555082483336e-01
4.560511532098371346e-02
4.560511532098371346e-02
4.000052430746318111e-01
4.000052430746318111e-01
4.553599317063244944e-02
4.553599317063244944e-02
5.074490398810439507e-01
5.074490398810439507e-01
1.199999999999999956e+00
1.199999999999999956e+00
1.199999999999999956e+00
1.199999999999999956e+00
1.199999999999999956e+00
1.199999999999999956e+00
4.735784112853710370e-01
4.735784112853710370e-01
4.528855470836855024e-01
4.528855470836855024e-01
3.975607667717146604e-02
3.975607667717146604e-02
1.199999999999999956e+00
1.199999999999999956e+00
4.810685906611527063e-01
4.810685906611527063e-01
1.199999999999999956e+00
1.199999999999999956e+00
6.826500667506967268e-01
6.826500667506967268e-01
3.324453268824633101e-01
3.324453268824633101e-01
3.288000064404845157e-01
3.288000064404845157e-01
3.276874101136831308e-01
3.276874101136831308e-01
2.594529641469184855e-01
2.594529641469184855e-01
1.763524719923098560e-01
1.763524719923098560e-01
9.086981523622212897e-01
9.086981523622212897e-01
3.256048900932735912e-01
3.256048900932735912e-01
9.352349322261957476e-02
9.352349322261957476e-02
2.529819884113115314e-01
2.529819884113115314e-01
2.244303515621219047e-01
2.244303515621219047e-01
1.162899430799781142e-01
1.162899430799781142e-01
9.150399475467691293e-03
9.150399475467691293e-03
1.800658675407258366e-02
1.800658675407258366e-02
1.199999999999999956e+00
1.199999999999999956e+00
5.034508453742864154e-01
5.034508453742864154e-01
4.378736368383938198e-03
4.378736368383938198e-03
3.113505100719279883e-01
3.113505100719279883e-01
2.677191821755525725e-01
2.677191821755525725e-01
2.609121514827054678e-01
2.609121514827054678e-01
1.994947397554534541e-01
1.994947397554534541e-01
4.069214427793665934e-01
4.069214427793665934e-01
1.199999999999999956e+00
1.199999999999999956e+00
5.951979059999732563e-02
5.951979059999732563e-02
2.292699707244417184e-01
2.292699707244417184e-01
6.367764616428881475e-01
6.367764616428881475e-01
5.874967220694412573e-01
5.874967220694412573e-01
3.566756511359006621e-02
3.566756511359006621e-02
1.199999999999999956e+00
1.199999999999999956e+00
8.301097071316804188e-01
8.301097071316804188e-01
1.199999999999999956e+00
1.199999999999999956e+00
1.199999999999999956e+00
1.199999999999999956e+00
4.050547912009053175e-01
4.050547912009053175e-01
3.344459238451590322e-01
3.344459238451590322e-01
2.449223041552379687e-01
2.449223041552379687e-01
9.990347420074240370e-01
9.990347420074240370e-01
2.530913531053117782e-01
2.530913531053117782e-01
1.088882140679735988e+00
1.088882140679735988e+00
1.023772465678639554e-01
1.023772465678639554e-01
1.199999999999999956e+00
1.199999999999999956e+00
6.211525507898665310e-01
6.211525507898665310e-01
5.913384421630376586e-01
5.913384421630376586e-01
1.199999999999999956e+00
1.199999999999999956e+00
1.199999999999999956e+00
1.199999999999999956e+00
5.348674942699774837e-01
5.348674942699774837e-01
2.420545834079677362e-03
2.420545834079677362e-03
5.838600383166335783e-01
5.838600383166335783e-01
1.199999999999999956e+00
1.199999999999999956e+00
2.436881807311179760e-01
2.436881807311179760e-01
3.303606546607027461e-01
3.303606546607027461e-01
1.199999999999999956e+00
1.199999999999999956e+00
8.093564050943451438e-01
8.093564050943451438e-01
1.217700080027434711e-02
1.217700080027434711e-02
2.726905723504326473e-01
2.726905723504326473e-01
3.110420541116968862e-01
3.110420541116968862e-01
1.199999999999999956e+00
1.199999999999999956e+00
1.199999999999999956e+00
1.199999999999999956e+00
1.199999999999999956e+00
1.199999999999999956e+00
1.199999999999999956e+00
1.199999999999999956e+00
7.157534218990795338e-01
7.157534218990795338e-01
2.520979970237488543e-01
2.520979970237488543e-01
5.247993766215611755e-01
5.247993766215611755e-01
5.048758177932669566e-01
5.048758177932669566e-01
2.039136803169477874e-02
2.039136803169477874e-02
1.795152481404055367e-01
1.795152481404055367e-01
3.460948715548983756e-01
3.460948715548983756e-01
5.684727240066319576e-01
5.684727240066319576e-01
1.199999999999999956e+00
1.199999999999999956e+00
1.215097084830276952e-01
1.215097084830276952e-01
8.790089514165594364e-02
8.790089514165594364e-02
5.750414299834021720e-02
5.750414299834021720e-02
4.714987695724108530e-02
4.714987695724108530e-02
6.633567690396309502e-02
6.633567690396309502e-02
6.755348541499051063e-01
6.755348541499051063e-01
1.022503723134048914e-01
1.022503723134048914e-01
1.188677729546181894e+00
1.188677729546181894e+00
1.199999999999999956e+00
1.199999999999999956e+00
1.308252464374284607e-01
1.308252464374284607e-01
5.619159105076373395e-01
5.619159105076373395e-01
4.233539562815759050e-01
4.233539562815759050e-01
4.259749399187218732e-01
4.259749399187218732e-01
3.881812151976066216e-02
3.881812151976066216e-02
2.978259793346615392e-01
2.978259793346615392e-01
5.110022030240000124e-01
5.110022030240000124e-01
1.133187510650285196e-01
1.133187510650285196e-01
1.002757355274318529e+00
1.002757355274318529e+00
1.186123472378696440e-02
1.186123472378696440e-02
1.199999999999999956e+00
1.199999999999999956e+00
1.078457315873886276e-02
1.078457315873886276e-02
8.234359518013213697e-02
8.234359518013213697e-02
9.543905525783625832e-01
9.543905525783625832e-01
1.199999999999999956e+00
1.199999999999999956e+00
1.782733149324959021e-01
1.782733149324959021e-01
4.690537040086985646e-03
4.690537040086985646e-03
1.199999999999999956e+00
1.199999999999999956e+00
1.199999999999999956e+00
1.199999999999999956e+00
9.082518877651767075e-02
9.082518877651767075e-02
2.579730483578728251e-01
2.579730483578728251e-01
3.264754817067367504e-02
3.264754817067367504e-02
1.199999999999999956e+00
1.199999999999999956e+00
5.841871879073569362e-02
5.841871879073569362e-02
1.199999999999999956e+00
1.199999999999999956e+00
4.265679253876309557e-02
4.265679253876309557e-02
1.088870275936353882e-01
1.088870275936353882e-01
1.199999999999999956e+00
1.199999999999999956e+00
3.809829597894156539e-01
3.809829597894156539e-01
1.199999999999999956e+00
1.199999999999999956e+00
2.739627067667781968e-01
2.739627067667781968e-01
8.344308530386976841e-01
8.344308530386976841e-01
1.411746420998031271e-01
1.411746420998031271e-01
3.342915355759398244e-01
3.342915355759398244e-01
4.764566890562893509e-01
4.764566890562893509e-01
3.797861885510239732e-01
3.797861885510239732e-01
5.163770869435072575e-01
5.163770869435072575e-01
2.128774581171760105e-01
2.128774581171760105e-01
1.695043247655433905e-01
1.695043247655433905e-01
4.444800656244649595e-01
4.444800656244649595e-01
5.817972176658027239e-01
5.817972176658027239e-01
2.312342860823090873e-01
2.312342860823090873e-01
3.943298320807019086e-02
3.943298320807019086e-02
3.507011647302218371e-01
3.507011647302218371e-01
1.278091962507542645e-01
1.278091962507542645e-01
4.235027345907049073e-02
4.235027345907049073e-02
1.199999999999999956e+00
1.199999999999999956e+00
8.993949072407719791e-02
8.993949072407719791e-02
8.497398157041083366e-02
8.497398157041083366e-02
2.297683705361552031e-01
2.297683705361552031e-01
1.220273500716605453e-01
1.220273500716605453e-01
3.313473778191680652e-01
3.313473778191680652e-01
2.480246192240057046e-01
2.480246192240057046e-01
1.083225769350987105e-01
1.083225769350987105e-01
3.505435922876946053e-01
3.505435922876946053e-01
1.199999999999999956e+00
1.199999999999999956e+00
4.350848528916032021e-01
4.350848528916032021e-01
7.335098501040196450e-02
7.335098501040196450e-02
1.199999999999999956e+00
1.199999999999999956e+00
9.687553297348602821e-02
9.687553297348602821e-02
1.199999999999999956e+00
1.199999999999999956e+00
2.536282527297504807e-01
2.536282527297504807e-01
5.512995826524955817e-02
5.512995826524955817e-02
1.199999999999999956e+00
1.199999999999999956e+00
1.632715603436776242e-01
1.632715603436776242e-01
1.942957186803644376e-01
1.942957186803644376e-01
2.972459315050939022e-02
2.972459315050939022e-02
1.199999999999999956e+00
1.199999999999999956e+00
1.199999999999999956e+00
1.199999999999999956e+00
1.615722281216140921e-01
1.615722281216140921e-01
7.257244475266157180e-02
7.257244475266157180e-02
5.157397777258588834e-01
5.157397777258588834e-01
4.621785568951486400e-02
4.621785568951486400e-02
2.748853060287561045e-01
2.748853060287561045e-01
7.064408892324908207e-01
7.064408892324908207e-01
4.515527302709967938e-01
4.515527302709967938e-01
6.289229875008057746e-01
6.289229875008057746e-01
5.362744534073632385e-01
5.362744534073632385e-01
2.543238133182751937e-01
2.543238133182751937e-01
4.751706139451519206e-01
4.751706139451519206e-01
3.036435609227276511e-01
3.036435609227276511e-01
2.276751855323493889e-01
2.276751855323493889e-01
2.638051698862910466e-01
2.638051698862910466e-01
1.805557402777323850e-01
1.805557402777323850e-01
3.907955711232556917e-01
3.907955711232556917e-01
1.199999999999999956e+00
1.199999999999999956e+00
1.209277855601459395e-01
1.209277855601459395e-01
1.199999999999999956e+00
1.199999999999999956e+00
1.308776903625634425e-01
1.308776903625634425e-01
1.199999999999999956e+00
1.199999999999999956e+00
9.073795891768282607e-02
9.073795891768282607e-02
2.265903917992636019e-01
2.265903917992636019e-01
1.199999999999999956e+00
1.199999999999999956e+00
1.199999999999999956e+00
1.199999999999999956e+00
2.888746365154828410e-01
2.888746365154828410e-01
7.340743882755429439e-01
7.340743882755429439e-01
1.768822376108040162e-01
1.768822376108040162e-01
1.569814999287958146e-01
1.569814999287958146e-01
1.199999999999999956e+00
1.199999999999999956e+00
1.199999999999999956e+00
1.199999999999999956e+00
6.499363357528947782e-02
6.499363357528947782e-02
1.199999999999999956e+00
1.199999999999999956e+00
7.356358316087741045e-02
7.356358316087741045e-02
1.475940781013105052e-01
1.475940781013105052e-01
1.869788804277553174e-01
1.869788804277553174e-01
1.199999999999999956e+00
1.199999999999999956e+00
3.423694179463719900e-01
3.423694179463719900e-01
1.028677720727139422e-01
1.028677720727139422e-01
9.206507962386439869e-02
9.206507962386439869e-02
2.825468639936365434e-01
2.825468639936365434e-01
4.952154106377174014e-01
4.952154106377174014e-01
1.199999999999999956e+00
1.199999999999999956e+00
5.218286269812942857e-01
5.218286269812942857e-01
3.692973870277691528e-01
3.692973870277691528e-01
2.412050341107226936e-01
2.412050341107226936e-01
1.659847368288038805e-01
1.659847368288038805e-01
1.972619403659096604e-01
1.972619403659096604e-01
1.199999999999999956e+00
1.199999999999999956e+00
1.199999999999999956e+00
1.199999999999999956e+00
1.199999999999999956e+00
1.199999999999999956e+00
4.291238427660212240e-01
4.291238427660212240e-01
7.769521430837045273e-02
7.769521430837045273e-02
2.249224233179972221e-01
2.249224233179972221e-01
8.882001504739465980e-03
8.882001504739465980e-03
3.053275518144744627e-01
3.053275518144744627e-01
1.206239007773367844e-01
1.206239007773367844e-01
1.199999999999999956e+00
1.199999999999999956e+00
6.888013086581035865e-03
6.888013086581035865e-03
5.102392537483468882e-01
5.102392537483468882e-01
3.389425894890733537e-01
3.389425894890733537e-01
1.901455140204407201e-01
1.901455140204407201e-01
3.730673003192102044e-01
3.730673003192102044e-01
3.621282587291186905e-01
3.621282587291186905e-01
6.870805828983932440e-01
6.870805828983932440e-01
8.843498039112351883e-02
8.843498039112351883e-02
3.674886141452958221e-01
3.674886141452958221e-01
4.810130398985019706e-01
4.810130398985019706e-01
1.823827774102458332e-01
1.823827774102458332e-01
1.498631805092777436e-01
1.498631805092777436e-01
6.800388980582767751e-01
6.800388980582767751e-01
2.203276057734720461e-01
2.203276057734720461e-01
6.935972404113042167e-01
6.935972404113042167e-01
1.218389217568303373e-01
1.218389217568303373e-01
1.199999999999999956e+00
1.199999999999999956e+00
4.379654166629765033e-01
4.379654166629765033e-01
3.368591199189900909e-01
3.368591199189900909e-01
4.463356553322967435e-01
4.463356553322967435e-01
3.214730660267238749e-01
3.214730660267238749e-01
1.199999999999999956e+00
1.199999999999999956e+00
1.199999999999999956e+00
1.199999999999999956e+00
4.524185720047445014e-01
4.524185720047445014e-01
7.007040669885177681e-03
7.007040669885177681e-03
1.199999999999999956e+00
1.199999999999999956e+00
6.397496745549654529e-01
6.397496745549654529e-01
1.199999999999999956e+00
1.199999999999999956e+00
1.199999999999999956e+00
1.199999999999999956e+00
4.724760053291938711e-01
4.724760053291938711e-01
1.183424744871193868e+00
1.183424744871193868e+00
1.509484158518181185e-01
1.509484158518181185e-01
7.914372255284035651e-02
7.914372255284035651e-02
4.816893263637768152e-01
4.816893263637768152e-01
3.723159230865638047e-01
3.723159230865638047e-01
3.135427003433392812e-02
3.135427003433392812e-02
5.483012771899173909e-01
5.483012771899173909e-01
2.502583199330924990e-01
2.502583199330924990e-01
2.483055350482329393e-01
2.483055350482329393e-01
1.199999999999999956e+00
1.199999999999999956e+00
1.199999999999999956e+00
1.199999999999999956e+00
1.199999999999999956e+00
1.199999999999999956e+00
1.923994092429306968e-01
1.923994092429306968e-01
2.814639356385308377e-01
2.814639356385308377e-01
1.314974272999146036e-02
1.314974272999146036e-02
1.199999999999999956e+00
1.199999999999999956e+00
2.348025559075661572e-01
2.348025559075661572e-01
3.143437931599152857e-01
3.143437931599152857e-01
4.201592394562675414e-02
4.201592394562675414e-02
2.185444336395546694e-01
2.185444336395546694e-01
3.952904143009616234e-01
3.952904143009616234e-01
2.844132564878202318e-01
2.844132564878202318e-01
1.199999999999999956e+00
1.199999999999999956e+00
1.199999999999999956e+00
1.199999999999999956e+00
4.825404430115714516e-01
4.825404430115714516e-01
1.098849856000877340e-01
1.098849856000877340e-01
3.692693414389031648e-01
3.692693414389031648e-01
1.416955885351983413e-01
1.416955885351983413e-01
1.199999999999999956e+00
1.199999999999999956e+00
6.645647355684458635e-01
6.645647355684458635e-01
2.378641716625235283e-02
2.378641716625235283e-02
2.399113055248790760e-01
2.399113055248790760e-01
4.649922237060633012e-01
4.649922237060633012e-01
8.176536917467214227e-01
8.176536917467214227e-01
3.827537847549884464e-01
3.827537847549884464e-01
3.846303907486888218e-01
3.846303907486888218e-01
1.095514501631847104e-01
1.095514501631847104e-01
2.676122461868974400e-01
2.676122461868974400e-01
1.199999999999999956e+00
1.199999999999999956e+00
1.199999999999999956e+00
1.199999999999999956e+00
4.718147862400496328e-01
4.718147862400496328e-01
1.957624177815686650e-01
1.957624177815686650e-01
8.686944274124674958e-02
8.686944274124674958e-02
6.778917159672354087e-01
6.778917159672354087e-01
1.070544017910326079e-01
1.070544017910326079e-01
5.979416603218788984e-01
5.979416603218788984e-01
8.707852406142251034e-02
8.707852406142251034e-02
2.498424866776465803e-01
2.498424866776465803e-01
3.196493029521311202e-01
3.196493029521311202e-01
5.492522228801279827e-01
5.492522228801279827e-01
1.199999999999999956e+00
1.199999999999999956e+00
4.122227876884644870e-01
4.122227876884644870e-01
1.199999999999999956e+00
1.199999999999999956e+00
5.910241351997523873e-01
5.910241351997523873e-01
1.567179048042356415e-01
1.567179048042356415e-01
4.939542950264035892e-01
4.939542950264035892e-01
7.711273797461954960e-01
7.711273797461954960e-01
2.314947528643919450e-01
2.314947528643919450e-01
1.488093065154068861e-01
1.488093065154068861e-01
1.538444406993389000e-03
1.538444406993389000e-03
8.027858903584115247e-01
8.027858903584115247e-01
1.498273166444312465e-01
1.498273166444312465e-01
3.430885611541814595e-01
3.430885611541814595e-01
4.392133457386540596e-01
4.392133457386540596e-01
1.199999999999999956e+00
1.199999999999999956e+00
1.345643398369668897e-01
1.345643398369668897e-01
3.630439952781227553e-01
3.630439952781227553e-01
1.193237736134069443e-02
1.193237736134069443e-02
7.672397286553533924e-01
7.672397286553533924e-01
4.289840360767210869e-02
4.289840360767210869e-02
1.908749834270252466e-01
1.908749834270252466e-01
3.528297831948608021e-01
3.528297831948608021e-01
6.202696323090690633e-01
6.202696323090690633e-01
5.141469986300378769e-01
5.141469986300378769e-01
1.199999999999999956e+00
1.199999999999999956e+00
2.721965412737422652e-01
2.721965412737422652e-01
2.005426198685482664e-01
2.005426198685482664e-01
2.566833050177610431e-01
2.566833050177610431e-01
1.199999999999999956e+00
1.199999999999999956e+00
8.858453327720372528e-01
8.858453327720372528e-01
4.224784239578019407e-01
4.224784239578019407e-01
7.385654801968697392e-01
7.385654801968697392e-01
6.853238707475603486e-02
6.853238707475603486e-02
4.614842684216526741e-02
4.614842684216526741e-02
2.753043720987634613e-01
2.753043720987634613e-01
5.046106637262417483e-01
5.046106637262417483e-01
6.916168473571505937e-02
6.916168473571505937e-02
3.458645356173207785e-01
3.458645356173207785e-01
6.943896102483009258e-01
6.943896102483009258e-01
6.161257779573370286e-01
6.161257779573370286e-01
1.452372369972524668e-01
1.452372369972524668e-01
4.208248706502222269e-01
4.208248706502222269e-01
3.275953667491898064e-02
3.275953667491898064e-02
5.561413732770316143e-01
5.561413732770316143e-01
1.199999999999999956e+00
1.199999999999999956e+00
5.108789541701383996e-01
5.108789541701383996e-01
4.998222461831767771e-01
4.998222461831767771e-01
1.277341543984743533e-01
1.277341543984743533e-01
2.408796102573085851e-01
2.408796102573085851e-01
8.833542299682882459e-02
8.833542299682882459e-02
4.805600121673429120e-02
4.805600121673429120e-02
1.199999999999999956e+00
1.199999999999999956e+00
5.024651089991284403e-01
5.024651089991284403e-01
1.040165470489094607e-01
1.040165470489094607e-01
1.199999999999999956e+00
1.199999999999999956e+00
5.027079003030525683e-01
5.027079003030525683e-01
1.199999999999999956e+00
1.199999999999999956e+00
1.199999999999999956e+00
1.199999999999999956e+00
2.304746954374210510e-01
2.304746954374210510e-01
1.199999999999999956e+00
1.199999999999999956e+00
1.199999999999999956e+00
1.199999999999999956e+00
3.487983794929182951e-02
3.487983794929182951e-02
8.256072447449371021e-02
8.256072447449371021e-02
1.947580275634250013e-01
1.947580275634250013e-01
2.440651426938962032e-01
2.440651426938962032e-01
9.412709508348643395e-02
9.412709508348643395e-02
2.904842098729700228e-01
2.904842098729700228e-01
4.218992666441359063e-01
4.218992666441359063e-01
1.199999999999999956e+00
1.199999999999999956e+00
2.064427068851897862e-01
2.064427068851897862e-01
1.957201679812093642e-01
1.957201679812093642e-01
1.844720045964972077e-01
1.844720045964972077e-01
2.146222708372887422e-01
2.146222708372887422e-01
3.391122283900029066e-02
3.391122283900029066e-02
4.667788954804830831e-02
4.667788954804830831e-02
2.544176365890274405e-01
2.544176365890274405e-01
1.370851380626035010e-01
1.370851380626035010e-01
1.592098145917688612e-01
1.592098145917688612e-01
2.606294125945115558e-01
2.606294125945115558e-01
2.326777393300278052e-01
2.326777393300278052e-01
1.199999999999999956e+00
1.199999999999999956e+00
5.486782451415541662e-01
5.486782451415541662e-01
5.425843305071696987e-01
5.425843305071696987e-01
2.378321451494790351e-01
2.378321451494790351e-01
1.207538062921579974e-01
1.207538062921579974e-01
5.590481878004560645e-01
5.590481878004560645e-01
1.199999999999999956e+00
1.199999999999999956e+00
4.110569361483924489e-01
4.110569361483924489e-01
2.526816410091523718e-02
2.526816410091523718e-02
1.662337327118569852e-01
1.662337327118569852e-01
1.591457915201088535e-01
1.591457915201088535e-01
4.164078383657390248e-01
4.164078383657390248e-01
2.035938923133177314e-01
2.035938923133177314e-01
2.480353274158387800e-01
2.480353274158387800e-01
8.955837718317390950e-01
8.955837718317390950e-01
1.502004514528148538e-01
1.502004514528148538e-01
3.710381017802979325e-02
3.710381017802979325e-02
4.454325071662326024e-02
4.454325071662326024e-02
9.783345691116983323e-02
9.783345691116983323e-02
1.681638111369078981e-01
1.681638111369078981e-01
3.603853365157292377e-01
3.603853365157292377e-01
1.331869659818822882e-01
1.331869659818822882e-01
1.199999999999999956e+00
1.199999999999999956e+00
1.199999999999999956e+00
1.199999999999999956e+00
9.371897962977752961e-02
9.371897962977752961e-02
1.199999999999999956e+00
1.199999999999999956e+00
2.494168460266300846e-01
2.494168460266300846e-01
4.148349479477740458e-03
4.148349479477740458e-03
3.780163438651820140e-01
3.780163438651820140e-01
2.128346046490258436e-01
2.128346046490258436e-01
1.562892979311914232e-01
1.562892979311914232e-01
4.969653732854687478e-01
4.969653732854687478e-01
1.199999999999999956e+00
1.199999999999999956e+00
5.751084727521768025e-01
5.751084727521768025e-01
1.199999999999999956e+00
1.199999999999999956e+00
3.429424843565904713e-01
3.429424843565904713e-01
1.199999999999999956e+00
1.199999999999999956e+00
5.070981391242578712e-02
5.070981391242578712e-02
2.449000752693627492e-01
2.449000752693627492e-01
1.199999999999999956e+00
1.199999999999999956e+00
1.199999999999999956e+00
1.199999999999999956e+00
1.141397269818027194e-02
1.141397269818027194e-02
1.199999999999999956e+00
1.199999999999999956e+00
1.199999999999999956e+00
1.199999999999999956e+00
3.580240188883090369e-01
3.580240188883090369e-01
1.199999999999999956e+00
1.199999999999999956e+00
4.973299674066131160e-01
4.973299674066131160e-01
5.702927986515253789e-01
5.702927986515253789e-01
1.199999999999999956e+00
1.199999999999999956e+00
1.691979192855789793e-01
1.691979192855789793e-01
6.402239493199833598e-02
6.402239493199833598e-02
1.199999999999999956e+00
1.199999999999999956e+00
5.443401593040965158e-01
5.443401593040965158e-01
8.236814101496499063e-01
8.236814101496499063e-01
4.024249647569035915e-01
4.024249647569035915e-01
6.640052105220106693e-01
6.640052105220106693e-01
2.491789513195857841e-01
2.491789513195857841e-01
3.107157028262072518e-01
3.107157028262072518e-01
1.057551785452070237e-01
1.057551785452070237e-01
1.623036629601325442e-01
1.623036629601325442e-01
3.904431647879567646e-01
3.904431647879567646e-01
4.139444948746112130e-01
4.139444948746112130e-01
8.917312248665165697e-02
8.917312248665165697e-02
1.940151979721690123e-01
1.940151979721690123e-01
4.305004343576531167e-01
4.305004343576531167e-01
9.483660633444446209e-02
9.483660633444446209e-02
4.339589632913347095e-01
4.339589632913347095e-01
1.199999999999999956e+00
1.199999999999999956e+00
2.983309749805888172e-02
2.983309749805888172e-02
3.711211057584642981e-02
3.711211057584642981e-02
3.249025021883306108e-01
3.249025021883306108e-01
4.791268967193043071e-01
4.791268967193043071e-01
1.638231555102510617e-01
1.638231555102510617e-01
5.490840767251768950e-01
5.490840767251768950e-01
2.342457896260516370e-02
2.342457896260516370e-02
1.964155395026326856e-01
1.964155395026326856e-01
1.216140859117291750e-01
1.216140859117291750e-01
2.325486199892994044e-02
2.325486199892994044e-02
4.780440619638647859e-01
4.780440619638647859e-01
1.250142649997783850e-01
1.250142649997783850e-01
6.183605454890814812e-01
6.183605454890814812e-01
6.477426603085763013e-01
6.477426603085763013e-01
2.111909493741687405e-01
2.111909493741687405e-01
2.326926653577607584e-01
2.326926653577607584e-01
1.199999999999999956e+00
1.199999999999999956e+00
1.486930477330875855e-01
1.486930477330875855e-01
2.314698202288154316e-01
2.314698202288154316e-01
5.110044332598704872e-03
5.110044332598704872e-03
2.160654038349256456e-01
2.160654038349256456e-01
2.593518348096984782e-01
2.593518348096984782e-01
2.267808826062704119e-01
2.267808826062704119e-01
3.509829712467469887e-01
3.509829712467469887e-01
3.202215882259442092e-01
3.202215882259442092e-01
