1.199999999999999956e+00
1.199999999999999956e+00
1.199999999999999956e+00
1.199999999999999956e+00
2.375937269597316881e-01
2.375937269597316881e-01
1.199999999999999956e+00
1.199999999999999956e+00
3.288932170616472028e-01
3.288932170616472028e-01
1.199999999999999956e+00
1.199999999999999956e+00
8.171892696359184249e-01
8.171892696359184249e-01
1.199999999999999956e+00
1.199999999999999956e+00
4.252934005804089868e-01
4.252934005804089868e-01
4.651626595562102090e-02
4.651626595562102090e-02
3.760319852254524059e-02
3.760319852254524059e-02
1.407197594222961423e-01
1.407197594222961423e-01
1.811775940461020917e-01
1.811775940461020917e-01
1.199999999999999956e+00
1.199999999999999956e+00
1.401233473077571901e-01
1.401233473077571901e-01
1.402262293966037576e-01
1.402262293966037576e-01
1.199999999999999956e+00
1.199999999999999956e+00
2.584503219995346046e-01
2.584503219995346046e-01
4.424748965644710319e-01
4.424748965644710319e-01
6.658601346792595299e-01
6.658601346792595299e-01
3.045468403466903423e-02
3.045468403466903423e-02
4.460619851979967243e-01
4.460619851979967243e-01
6.698865957190629494e-01
6.698865957190629494e-01
4.072517172539309727e-02
4.072517172539309727e-02
1.199999999999999956e+00
1.199999999999999956e+00
1.930823288838220686e-01
1.930823288838220686e-01
8.758660581538375844e-02
8.758660581538375844e-02
1.199999999999999956e+00
1.199999999999999956e+00
3.450349717355452039e-01
3.450349717355452039e-01
1.199999999999999956e+00
1.199999999999999956e+00
2.923441621694514714e-01
2.923441621694514714e-01
4.772731717270879415e-01
4.772731717270879415e-01
3.641953893639751638e-01
3.641953893639751638e-01
5.403522476882980513e-02
5.403522476882980513e-02
1.199999999999999956e+00
1.199999999999999956e+00
3.878091024685719201e-01
3.878091024685719201e-01
2.388394345603307434e-01
2.388394345603307434e-01
4.835404116137242969e-01
4.835404116137242969e-01
1.199999999999999956e+00
1.199999999999999956e+00
2.242688329882441822e-01
2.242688329882441822e-01
1.199999999999999956e+00
1.199999999999999956e+00
7.910362771767339707e-01
7.910362771767339707e-01
6.203283399806353016e-01
6.203283399806353016e-01
1.711743731713791239e-01
1.711743731713791239e-01
2.138680916259501630e-01
2.138680916259501630e-01
1.199999999999999956e+00
1.199999999999999956e+00
1.199999999999999956e+00
1.199999999999999956e+00
6.171452974246867118e-01
6.171452974246867118e-01
8.382370835985737678e-02
8.382370835985737678e-02
2.011347402879120061e-01
2.011347402879120061e-01
9.800412347906175548e-01
9.800412347906175548e-01
7.678188539168540050e-02
7.678188539168540050e-02
9.370003922918613837e-01
9.370003922918613837e-01
7.891127381768315852e-01
7.891127381768315852e-01
1.349871574083967574e-01
1.349871574083967574e-01
3.933799660097578865e-01
3.933799660097578865e-01
3.506447988602910404e-01
3.506447988602910404e-01
1.199999999999999956e+00
1.199999999999999956e+00
1.086495401470287531e-01
1.086495401470287531e-01
3.452956943640919096e-01
3.452956943640919096e-01
1.842491073545973468e-01
1.842491073545973468e-01
1.199999999999999956e+00
1.199999999999999956e+00
1.064241604826603529e-02
1.064241604826603529e-02
4.894254070384746469e-01
4.894254070384746469e-01
1.199999999999999956e+00
1.199999999999999956e+00
1.836903701953016554e-01
1.836903701953016554e-01
1.199999999999999956e+00
1.199999999999999956e+00
1.436938470107513299e-01
1.436938470107513299e-01
1.396361500200160588e-01
1.396361500200160588e-01
1.199999999999999956e+00
1.199999999999999956e+00
3.614014265019456773e-01
3.614014265019456773e-01
1.351222946503791156e-01
1.351222946503791156e-01
3.574324478747640810e-01
3.574324478747640810e-01
9.583869452670223943e-01
9.583869452670223943e-01
1.183504702841769174e-01
1.183504702841769174e-01
5.036053610314845663e-01
5.036053610314845663e-01
2.811956228083564713e-01
2.811956228083564713e-01
3.350463959603323105e-01
3.350463959603323105e-01
7.430120770911474715e-01
7.430120770911474715e-01
6.303562578579503806e-02
6.303562578579503806e-02
1.199999999999999956e+00
1.199999999999999956e+00
6.248592777683428245e-01
6.248592777683428245e-01
2.312188498003295845e-01
2.312188498003295845e-01
6.166540676433180934e-01
6.166540676433180934e-01
8.134479619341772327e-02
8.134479619341772327e-02
9.206895973051305582e-01
9.206895973051305582e-01
7.192669712425837913e-02
7.192669712425837913e-02
1.022406845530191843e-01
1.022406845530191843e-01
3.550160355421709824e-01
3.550160355421709824e-01
1.199999999999999956e+00
1.199999999999999956e+00
1.973899296816264970e-01
1.973899296816264970e-01
1.370466210746883184e-01
1.370466210746883184e-01
1.199999999999999956e+00
1.199999999999999956e+00
8.258689118361617343e-02
8.258689118361617343e-02
3.004964394283284324e-01
3.004964394283284324e-01
2.237269430014451610e-01
2.237269430014451610e-01
1.199999999999999956e+00
1.199999999999999956e+00
1.199999999999999956e+00
1.199999999999999956e+00
3.023720390020595006e-01
3.023720390020595006e-01
1.199999999999999956e+00
1.199999999999999956e+00
2.832128033267490852e-01
2.832128033267490852e-01
4.685261029553979828e-01
4.685261029553979828e-01
1.199999999999999956e+00
1.199999999999999956e+00
9.227627100882757061e-01
9.227627100882757061e-01
1.107115510303517958e-01
1.107115510303517958e-01
1.199999999999999956e+00
1.199999999999999956e+00
2.064970507197420313e-01
2.064970507197420313e-01
1.199999999999999956e+00
1.199999999999999956e+00
1.199999999999999956e+00
1.199999999999999956e+00
4.641913168862521477e-01
4.641913168862521477e-01
1.164236713404942503e-01
1.164236713404942503e-01
1.199999999999999956e+00
1.199999999999999956e+00
1.595363888666083974e-01
1.595363888666083974e-01
6.747794748873679749e-02
6.747794748873679749e-02
1.199999999999999956e+00
1.199999999999999956e+00
2.933873763472689133e-01
2.933873763472689133e-01
2.411666333373670978e-01
2.411666333373670978e-01
1.336689619674296947e-01
1.336689619674296947e-01
4.047077766732955495e-01
4.047077766732955495e-01
7.063072078536858367e-02
7.063072078536858367e-02
1.832909227073894198e-01
1.832909227073894198e-01
5.051039478040015851e-01
5.051039478040015851e-01
4.080209208105718410e-01
4.080209208105718410e-01
5.056954321106020833e-01
5.056954321106020833e-01
1.199999999999999956e+00
1.199999999999999956e+00
1.199999999999999956e+00
1.199999999999999956e+00
5.882975693699824538e-01
5.882975693699824538e-01
4.056874191474155872e-02
4.056874191474155872e-02
4.886804189464095116e-01
4.886804189464095116e-01
1.199999999999999956e+00
1.199999999999999956e+00
2.152042437835295918e-01
2.152042437835295918e-01
1.199999999999999956e+00
1.199999999999999956e+00
9.810549677111241040e-02
9.810549677111241040e-02
1.453141426089276655e-01
1.453141426089276655e-01
4.015813812470153121e-01
4.015813812470153121e-01
4.091093015356098705e-01
4.091093015356098705e-01
5.795461602829802272e-01
5.795461602829802272e-01
3.742996005442563168e-01
3.742996005442563168e-01
2.025463504678105819e-02
2.025463504678105819e-02
6.638907998057125325e-04
6.638907998057125325e-04
1.199999999999999956e+00
1.199999999999999956e+00
1.199999999999999956e+00
1.199999999999999956e+00
1.199999999999999956e+00
1.199999999999999956e+00
1.199999999999999956e+00
1.199999999999999956e+00
1.199999999999999956e+00
1.199999999999999956e+00
3.825229701630348256e-01
3.825229701630348256e-01
2.305356572758432976e-01
2.305356572758432976e-01
1.199999999999999956e+00
1.199999999999999956e+00
9.864154813729517635e-01
9.864154813729517635e-01
1.080154819228042878e-01
1.080154819228042878e-01
6.163923428431566237e-02
6.163923428431566237e-02
4.232655317441336162e-01
4.232655317441336162e-01
6.255625987998065796e-01
6.255625987998065796e-01
1.199999999999999956e+00
1.199999999999999956e+00
1.120835423078546042e-02
1.120835423078546042e-02
1.269762365317841368e-01
1.269762365317841368e-01
1.199999999999999956e+00
1.199999999999999956e+00
2.519757807540253247e-01
2.519757807540253247e-01
7.317770205161723551e-02
7.317770205161723551e-02
5.397228671343617945e-02
5.397228671343617945e-02
1.199999999999999956e+00
1.199999999999999956e+00
2.696615344858530050e-01
2.696615344858530050e-01
5.101558242239490060e-01
5.101558242239490060e-01
1.162435026976648689e-01
1.162435026976648689e-01
1.459663408535820731e-02
1.459663408535820731e-02
1.199999999999999956e+00
1.199999999999999956e+00
1.025885005049136378e-01
1.025885005049136378e-01
1.199999999999999956e+00
1.199999999999999956e+00
1.455777660146289898e-01
1.455777660146289898e-01
4.938740940608856156e-01
4.938740940608856156e-01
1.199999999999999956e+00
1.199999999999999956e+00
3.613029419269712106e-01
3.613029419269712106e-01
2.677536191369612323e-02
2.677536191369612323e-02
3.696614309459519965e-01
3.696614309459519965e-01
6.831034598207252895e-02
6.831034598207252895e-02
1.199999999999999956e+00
1.199999999999999956e+00
1.113768893502531165e+00
1.113768893502531165e+00
1.199999999999999956e+00
1.199999999999999956e+00
1.199999999999999956e+00
1.199999999999999956e+00
1.199999999999999956e+00
1.199999999999999956e+00
1.827838838581987146e-01
1.827838838581987146e-01
2.621743101029909151e-01
2.621743101029909151e-01
2.304391632086202069e-01
2.304391632086202069e-01
1.199999999999999956e+00
1.199999999999999956e+00
5.320959982699735580e-02
5.320959982699735580e-02
5.029173260896960818e-01
5.029173260896960818e-01
1.500454561790633412e-01
1.500454561790633412e-01
2.578995476954276111e-01
2.578995476954276111e-01
5.207763273678981397e-01
5.207763273678981397e-01
1.199999999999999956e+00
1.199999999999999956e+00
7.460182540800183171e-01
7.460182540800183171e-01
1.610440495390811355e-01
1.610440495390811355e-01
1.199999999999999956e+00
1.199999999999999956e+00
1.199999999999999956e+00
1.199999999999999956e+00
7.745492359271826111e-01
7.745492359271826111e-01
1.691511173210852037e-01
1.691511173210852037e-01
2.734380764022549259e-01
2.734380764022549259e-01
4.861818254217329383e-01
4.861818254217329383e-01
2.573097755916113338e-01
2.573097755916113338e-01
3.210439885434281382e-01
3.210439885434281382e-01
2.142440881200459099e-02
2.142440881200459099e-02
1.199999999999999956e+00
1.199999999999999956e+00
1.199999999999999956e+00
1.199999999999999956e+00
3.655451901298920059e-01
3.655451901298920059e-01
3.306359871013734852e-01
3.306359871013734852e-01
3.889446233600002412e-02
3.889446233600002412e-02
3.676292852639080275e-03
3.676292852639080275e-03
3.035305402954264764e-01
3.035305402954264764e-01
3.808202322130250228e-01
3.808202322130250228e-01
3.814873755846059367e-01
3.814873755846059367e-01
4.309170152443065338e-01
4.309170152443065338e-01
6.802551454091586569e-01
6.802551454091586569e-01
4.602584457802763040e-01
4.602584457802763040e-01
4.566108554743852910e-01
4.566108554743852910e-01
6.706099664227054280e-01
6.706099664227054280e-01
3.460783152378813510e-01
3.460783152378813510e-01
1.199999999999999956e+00
1.199999999999999956e+00
3.210047454571220982e-01
3.210047454571220982e-01
1.199999999999999956e+00
1.199999999999999956e+00
1.934567590942200821e-01
1.934567590942200821e-01
5.552143327729112780e-03
5.552143327729112780e-03
2.070279603999178597e-01
2.070279603999178597e-01
2.876818250694927470e-01
2.876818250694927470e-01
1.219423816450379734e-02
1.219423816450379734e-02
1.199999999999999956e+00
1.199999999999999956e+00
3.044290334742518755e-01
3.044290334742518755e-01
1.199999999999999956e+00
1.199999999999999956e+00
3.545843031946804280e-01
3.545843031946804280e-01
5.313481279568380705e-02
5.313481279568380705e-02
4.557746112275031236e-01
4.557746112275031236e-01
5.782165945886320879e-02
5.782165945886320879e-02
3.556343180781033619e-01
3.556343180781033619e-01
5.042456797542203134e-03
5.042456797542203134e-03
1.199999999999999956e+00
1.199999999999999956e+00
1.199999999999999956e+00
1.199999999999999956e+00
7.917685485046818683e-02
7.917685485046818683e-02
1.199999999999999956e+00
1.199999999999999956e+00
1.199999999999999956e+00
1.199999999999999956e+00
5.923302173745009780e-01
5.923302173745009780e-01
2.046335289910148902e-01
2.046335289910148902e-01
1.111320517216108361e-01
1.111320517216108361e-01
1.849000581670884602e-01
1.849000581670884602e-01
1.112059025657817557e+00
1.112059025657817557e+00
1.199999999999999956e+00
1.199999999999999956e+00
5.089280227784511723e-01
5.089280227784511723e-01
6.937802117683249392e-01
6.937802117683249392e-01
2.960494321649633290e-02
2.960494321649633290e-02
5.414586214965745326e-01
5.414586214965745326e-01
1.199999999999999956e+00
1.199999999999999956e+00
3.638295882799025827e-01
3.638295882799025827e-01
8.905459595598247402e-02
8.905459595598247402e-02
1.199999999999999956e+00
1.199999999999999956e+00
1.066189170609266879e-01
1.066189170609266879e-01
4.537466358050957216e-01
4.537466358050957216e-01
1.199999999999999956e+00
1.199999999999999956e+00
4.686585514065731012e-03
4.686585514065731012e-03
1.199999999999999956e+00
1.199999999999999956e+00
2.084462178601843574e-01
2.084462178601843574e-01
3.345067717275817532e-01
3.345067717275817532e-01
9.699179710648977645e-03
9.699179710648977645e-03
1.199999999999999956e+00
1.199999999999999956e+00
9.054208606225971553e-03
9.054208606225971553e-03
7.686648070483165229e-02
7.686648070483165229e-02
5.161427821314987924e-02
5.161427821314987924e-02
4.743999362451438717e-01
4.743999362451438717e-01
3.278124021304596458e-01
3.278124021304596458e-01
3.563094242476093354e-02
3.563094242476093354e-02
4.421022946354160599e-01
4.421022946354160599e-01
8.266308954709874479e-01
8.266308954709874479e-01
1.199999999999999956e+00
1.199999999999999956e+00
4.074456882712425565e-01
4.074456882712425565e-01
1.199999999999999956e+00
1.199999999999999956e+00
1.351047961109994311e-01
1.351047961109994311e-01
3.124786215852978777e-01
3.124786215852978777e-01
1.249243593298087901e-01
1.249243593298087901e-01
1.199999999999999956e+00
1.199999999999999956e+00
1.199999999999999956e+00
1.199999999999999956e+00
2.265980938691581903e-01
2.265980938691581903e-01
5.107315230704561060e-01
5.107315230704561060e-01
1.824116358866471610e-01
1.824116358866471610e-01
9.770734465931928125e-02
9.770734465931928125e-02
1.199999999999999956e+00
1.199999999999999956e+00
5.547907993432149576e-01
5.547907993432149576e-01
1.199999999999999956e+00
1.199999999999999956e+00
1.199999999999999956e+00
1.199999999999999956e+00
4.897822661343596562e-01
4.897822661343596562e-01
2.311336202746832463e-02
2.311336202746832463e-02
4.885372607481512919e-01
4.885372607481512919e-01
5.885021393583710347e-01
5.885021393583710347e-01
5.977705005799879290e-01
5.977705005799879290e-01
1.073158698534010247e-01
1.073158698534010247e-01
7.873534611800803162e-01
7.873534611800803162e-01
1.199999999999999956e+00
1.199999999999999956e+00
3.859032541160917901e-02
3.859032541160917901e-02
1.574640203351625467e-01
1.574640203351625467e-01
1.346033064641034560e-01
1.346033064641034560e-01
1.693536016305519087e-01
1.693536016305519087e-01
1.360813103077618547e-01
1.360813103077618547e-01
2.006573549083322805e-01
2.006573549083322805e-01
4.941293151764496461e-01
4.941293151764496461e-01
7.570559046405441750e-01
7.570559046405441750e-01
1.199999999999999956e+00
1.199999999999999956e+00
1.199999999999999956e+00
1.199999999999999956e+00
2.045306880567328896e-03
2.045306880567328896e-03
8.500536040942571203e-01
8.500536040942571203e-01
1.378108304127163286e-01
1.378108304127163286e-01
5.070992579353066354e-01
5.070992579353066354e-01
1.199999999999999956e+00
1.199999999999999956e+00
2.200460627717783224e-01
2.200460627717783224e-01
1.199999999999999956e+00
1.199999999999999956e+00
3.550188501355357878e-02
3.550188501355357878e-02
6.622148763048832376e-02
6.622148763048832376e-02
1.199999999999999956e+00
1.199999999999999956e+00
2.815614771064250954e-01
2.815614771064250954e-01
1.924458791153569048e-01
1.924458791153569048e-01
7.585860365689551799e-01
7.585860365689551799e-01
3.086896462309355327e-01
3.086896462309355327e-01
2.871119262646363093e-03
2.871119262646363093e-03
1.310537649048446399e-02
1.310537649048446399e-02
2.479280757491217624e-01
2.479280757491217624e-01
4.875339914260576890e-01
4.875339914260576890e-01
3.893379865900872816e-01
3.893379865900872816e-01
5.609903374567155876e-02
5.609903374567155876e-02
5.351480115992671704e-01
5.351480115992671704e-01
5.446837812225301390e-01
5.446837812225301390e-01
1.199999999999999956e+00
1.199999999999999956e+00
1.605127939852113717e-01
1.605127939852113717e-01
3.090650897460227586e-01
3.090650897460227586e-01
2.928564625866238447e-01
2.928564625866238447e-01
9.205460306145496485e-02
9.205460306145496485e-02
6.398806107623648820e-02
6.398806107623648820e-02
2.880270017510492830e-01
2.880270017510492830e-01
9.660444185832790798e-02
9.660444185832790798e-02
1.199999999999999956e+00
1.199999999999999956e+00
1.199999999999999956e+00
1.199999999999999956e+00
1.117277360212253767e-01
1.117277360212253767e-01
1.501148017148625224e-01
1.501148017148625224e-01
4.120706943889983903e-02
4.120706943889983903e-02
2.878029284361807161e-01
2.878029284361807161e-01
5.851449480745021248e-01
5.851449480745021248e-01
1.199999999999999956e+00
1.199999999999999956e+00
2.753491062191969554e-02
2.753491062191969554e-02
6.596085474543235128e-01
6.596085474543235128e-01
4.026659704836677567e-01
4.026659704836677567e-01
9.521265177712753269e-01
9.521265177712753269e-01
5.347109749082601393e-01
5.347109749082601393e-01
1.866281320206009675e-01
1.866281320206009675e-01
3.736598683767073936e-01
3.736598683767073936e-01
3.565072847930995242e-02
3.565072847930995242e-02
2.474296210587046962e-01
2.474296210587046962e-01
5.036251089631761380e-01
5.036251089631761380e-01
5.310648347069195641e-01
5.310648347069195641e-01
8.272523699657358121e-02
8.272523699657358121e-02
1.107488329037194241e-01
1.107488329037194241e-01
1.199999999999999956e+00
1.199999999999999956e+00
5.088717202063625100e-01
5.088717202063625100e-01
1.199999999999999956e+00
1.199999999999999956e+00
1.199999999999999956e+00
1.199999999999999956e+00
1.199999999999999956e+00
1.199999999999999956e+00
5.208237975620519933e-01
5.208237975620519933e-01
6.048282367192908682e-01
6.048282367192908682e-01
6.141174207323057965e-01
6.141174207323057965e-01
7.570245717501304927e-01
7.570245717501304927e-01
7.571578911218861396e-01
7.571578911218861396e-01
1.663563872070488170e-01
1.663563872070488170e-01
2.317726794497542986e-01
2.317726794497542986e-01
1.199999999999999956e+00
1.199999999999999956e+00
3.968970483817696460e-02
3.968970483817696460e-02
2.412259204759469589e-01
2.412259204759469589e-01
3.700553557539920657e-02
3.700553557539920657e-02
3.292376672717531871e-01
3.292376672717531871e-01
1.957536988303951175e-01
1.957536988303951175e-01
1.424248111512989023e-01
1.424248111512989023e-01
2.718660307353519268e-01
2.718660307353519268e-01
1.199999999999999956e+00
1.199999999999999956e+00
1.199999999999999956e+00
1.199999999999999956e+00
5.222083417115722659e-01
5.222083417115722659e-01
5.694377467454114772e-01
5.694377467454114772e-01
1.115312412352672811e-01
1.115312412352672811e-01
4.034396227548271430e-01
4.034396227548271430e-01
4.141953360955835661e-02
4.141953360955835661e-02
1.199999999999999956e+00
1.199999999999999956e+00
1.465318953262047807e-01
1.465318953262047807e-01
1.199999999999999956e+00
1.199999999999999956e+00
1.199999999999999956e+00
1.199999999999999956e+00
6.973131224296943986e-02
6.973131224296943986e-02
4.261270360543369939e-01
4.261270360543369939e-01
3.276346116874691017e-01
3.276346116874691017e-01
3.992174636082593819e-01
3.992174636082593819e-01
1.199999999999999956e+00
1.199999999999999956e+00
6.481631916929417869e-01
6.481631916929417869e-01
1.199999999999999956e+00
1.199999999999999956e+00
3.381092495524029018e-01
3.381092495524029018e-01
2.231588056652040325e-02
2.231588056652040325e-02
3.961783777407183460e-01
3.961783777407183460e-01
1.969412509962615854e-01
1.969412509962615854e-01
1.199999999999999956e+00
1.199999999999999956e+00
9.005302668920450726e-02
9.005302668920450726e-02
3.335223202163303119e-02
3.335223202163303119e-02
1.519106703813155324e-01
1.519106703813155324e-01
1.042105382715250300e-01
1.042105382715250300e-01
3.382105488602591414e-01
3.382105488602591414e-01
1.199999999999999956e+00
1.199999999999999956e+00
5.202542618427119514e-02
5.202542618427119514e-02
1.399598214249276884e-01
1.399598214249276884e-01
1.199999999999999956e+00
1.199999999999999956e+00
1.199999999999999956e+00
1.199999999999999956e+00
1.861843634995135888e-01
1.861843634995135888e-01
8.124637571621430576e-02
8.124637571621430576e-02
3.698535831789215855e-01
3.698535831789215855e-01
7.820328843720767420e-01
7.820328843720767420e-01
1.199999999999999956e+00
1.199999999999999956e+00
1.199999999999999956e+00
1.199999999999999956e+00
6.697247604534996013e-01
6.697247604534996013e-01
3.425398276178256984e-02
3.425398276178256984e-02
1.199999999999999956e+00
1.199999999999999956e+00
1.199999999999999956e+00
1.199999999999999956e+00
3.153920273527893170e-01
3.153920273527893170e-01
7.904890428404658387e-01
7.904890428404658387e-01
1.199999999999999956e+00
1.199999999999999956e+00
8.862739270167072636e-01
8.862739270167072636e-01
2.447167187725063919e-01
2.447167187725063919e-01
9.454038356780646024e-02
9.454038356780646024e-02
7.068448343953189772e-01
7.068448343953189772e-01
7.056695259772880480e-01
7.056695259772880480e-01
7.000139824347613449e-02
7.000139824347613449e-02
2.601939316071638086e-01
2.601939316071638086e-01
2.033130451028480890e-01
2.033130451028480890e-01
1.199999999999999956e+00
1.199999999999999956e+00
1.199999999999999956e+00
1.199999999999999956e+00
1.199999999999999956e+00
1.199999999999999956e+00
8.831737056296914967e-02
8.831737056296914967e-02
2.418199241960139190e-01
2.418199241960139190e-01
4.254213951390107273e-01
4.254213951390107273e-01
2.474595891863706487e-01
2.474595891863706487e-01
1.199999999999999956e+00
1.199999999999999956e+00
3.483772116364907134e-01
3.483772116364907134e-01
7.924332827853358685e-02
7.924332827853358685e-02
1.199999999999999956e+00
1.199999999999999956e+00
1.887503582038063676e-02
1.887503582038063676e-02
1.199999999999999956e+00
1.199999999999999956e+00
1.199999999999999956e+00
1.199999999999999956e+00
9.881606572804907396e-02
9.881606572804907396e-02
4.653811162422263337e-01
4.653811162422263337e-01
1.199999999999999956e+00
1.199999999999999956e+00
1.119857812182683265e-01
1.119857812182683265e-01
1.283601480073156553e-01
1.283601480073156553e-01
1.199999999999999956e+00
1.199999999999999956e+00
9.286099627622003139e-01
9.286099627622003139e-01
3.551490200647312578e-01
3.551490200647312578e-01
1.199999999999999956e+00
1.199999999999999956e+00
6.476185063555628396e-02
6.476185063555628396e-02
4.115068885023671630e-01
4.115068885023671630e-01
4.830607900584021203e-02
4.830607900584021203e-02
1.363616453237087300e-01
1.363616453237087300e-01
4.849233083561480528e-01
4.849233083561480528e-01
1.583561277993159599e-01
1.583561277993159599e-01
3.741084391756607092e-02
3.741084391756607092e-02
1.262667842951313568e-01
1.262667842951313568e-01
1.199999999999999956e+00
1.199999999999999956e+00
2.083433005921653813e-01
2.083433005921653813e-01
9.646327281749822458e-02
9.646327281749822458e-02
1.199999999999999956e+00
1.199999999999999956e+00
2.923101227818372116e-01
2.923101227818372116e-01
1.199999999999999956e+00
1.199999999999999956e+00
2.847792153214022126e-01
2.847792153214022126e-01
3.556913705100027689e-01
3.556913705100027689e-01
2.342741773523713267e-01
2.342741773523713267e-01
1.199999999999999956e+00
1.199999999999999956e+00
5.379803288798885585e-01
5.379803288798885585e-01
1.391800188355050982e-01
1.391800188355050982e-01
2.894655639617622067e-01
2.894655639617622067e-01
1.973783716121456089e-01
1.973783716121456089e-01
4.924317376549055547e-01
4.924317376549055547e-01
3.975231808266628253e-01
3.975231808266628253e-01
3.098020165583044161e-01
3.098020165583044161e-01
5.643288388975441494e-01
5.643288388975441494e-01
8.868482044132613984e-02
8.868482044132613984e-02
1.199999999999999956e+00
1.199999999999999956e+00
7.112311239356236547e-02
7.112311239356236547e-02
3.947657443044207404e-01
3.947657443044207404e-01
9.356704154931606843e-02
9.356704154931606843e-02
2.947589525689131573e-01
2.947589525689131573e-01
2.687504341058668533e-01
2.687504341058668533e-01
2.647740124115742222e-01
2.647740124115742222e-01
1.440423378907232377e-01
1.440423378907232377e-01
1.199999999999999956e+00
1.199999999999999956e+00
1.973374780197732770e-01
1.973374780197732770e-01
7.411040578232134246e-01
7.411040578232134246e-01
1.199999999999999956e+00
1.199999999999999956e+00
1.199999999999999956e+00
1.199999999999999956e+00
8.290653193468176807e-02
8.290653193468176807e-02
2.321271625361583379e-01
2.321271625361583379e-01
1.099516039101804399e-01
1.099516039101804399e-01
1.707696077532407097e-01
1.707696077532407097e-01
3.826889128508140225e-01
3.826889128508140225e-01
1.199999999999999956e+00
1.199999999999999956e+00
3.924281619276845934e-01
3.924281619276845934e-01
8.559942544736021119e-01
8.559942544736021119e-01
3.145675094167219576e-01
3.145675094167219576e-01
1.199999999999999956e+00
1.199999999999999956e+00
8.232615866117851122e-02
8.232615866117851122e-02
2.438422008053462431e-01
2.438422008053462431e-01
3.181808374502751585e-02
3.181808374502751585e-02
4.485582732838548359e-01
4.485582732838548359e-01
1.199999999999999956e+00
1.199999999999999956e+00
1.199999999999999956e+00
1.199999999999999956e+00
1.908344865048327843e-01
1.908344865048327843e-01
1.012762299352306883e+00
1.012762299352306883e+00
4.242231503715156449e-01
4.242231503715156449e-01
3.193001873464229035e-01
3.193001873464229035e-01
2.231788209373794241e-01
2.231788209373794241e-01
1.199999999999999956e+00
1.199999999999999956e+00
1.199999999999999956e+00
1.199999999999999956e+00
9.564782504847212097e-02
9.564782504847212097e-02
3.271496120259418383e-01
3.271496120259418383e-01
1.199999999999999956e+00
1.199999999999999956e+00
3.763907485679900411e-01
3.763907485679900411e-01
4.242030221438216064e-01
4.242030221438216064e-01
4.468435609316073753e-01
4.468435609316073753e-01
7.868019121892526613e-01
7.868019121892526613e-01
2.859818205415700157e-02
2.859818205415700157e-02
5.164967880962688662e-01
5.164967880962688662e-01
1.090966479614484258e-01
1.090966479614484258e-01
8.105899812899958201e-01
8.105899812899958201e-01
3.008450954249116682e-01
3.008450954249116682e-01
8.611367762022066330e-01
8.611367762022066330e-01
1.034220375273709608e-01
1.034220375273709608e-01
3.614666448940661581e-01
3.614666448940661581e-01
4.424130411316176126e-01
4.424130411316176126e-01
1.639639850091184278e-02
1.639639850091184278e-02
1.532228245257806210e-01
1.532228245257806210e-01
4.951432385371284245e-02
4.951432385371284245e-02
2.940251996006642554e-01
2.940251996006642554e-01
2.164958424871530999e-03
2.164958424871530999e-03
4.131246162251988041e-01
4.131246162251988041e-01
4.987189534764265852e-01
4.987189534764265852e-01
2.914675366199060980e-01
2.914675366199060980e-01
1.607418479017415011e-02
1.607418479017415011e-02
7.935790877088615414e-01
7.935790877088615414e-01
6.656145667766373286e-01
6.656145667766373286e-01
5.229922683127835592e-02
5.229922683127835592e-02
2.737448292223316204e-01
2.737448292223316204e-01
1.416370727398851281e-01
1.416370727398851281e-01
6.366606272793777499e-02
6.366606272793777499e-02
1.295498866543792760e-01
1.295498866543792760e-01
2.454502557401089247e-01
2.454502557401089247e-01
2.140533750623322684e-01
2.140533750623322684e-01
4.330416772587426522e-01
4.330416772587426522e-01
8.230538981454142977e-01
8.230538981454142977e-01
1.505197197782015828e-01
1.505197197782015828e-01
1.711941257549853823e-01
1.711941257549853823e-01
6.468249390266689325e-01
6.468249390266689325e-01
4.330704589294454010e-01
4.330704589294454010e-01
1.648542589426764127e-01
1.648542589426764127e-01
1.199999999999999956e+00
1.199999999999999956e+00
8.256489145197299928e-01
8.256489145197299928e-01
2.787550151519782027e-01
2.787550151519782027e-01
4.069218336309278761e-01
4.069218336309278761e-01
3.578519636945534099e-01
3.578519636945534099e-01
6.770718049415090645e-02
6.770718049415090645e-02
6.708759822191070477e-01
6.708759822191070477e-01
1.116245049015070628e-01
1.116245049015070628e-01
4.508582715299436217e-01
4.508582715299436217e-01
6.846133197241137391e-02
6.846133197241137391e-02
1.199999999999999956e+00
1.199999999999999956e+00
2.768513983868619577e-01
2.768513983868619577e-01
4.078319709794183123e-01
4.078319709794183123e-01
2.028508010014105079e-01
2.028508010014105079e-01
2.652624790242130715e-01
2.652624790242130715e-01
1.199999999999999956e+00
1.199999999999999956e+00
1.135705491197149808e-01
1.135705491197149808e-01
2.177902614819622329e-01
2.177902614819622329e-01
6.329186696190592931e-01
6.329186696190592931e-01
2.775883311733787773e-01
2.775883311733787773e-01
5.780799443156175305e-02
5.780799443156175305e-02
1.199999999999999956e+00
1.199999999999999956e+00
3.164745951842949379e-01
3.164745951842949379e-01
1.148273522086959847e-01
1.148273522086959847e-01
8.299936673637270390e-02
8.299936673637270390e-02
3.457929737143214943e-01
3.457929737143214943e-01
6.401439243641357524e-02
6.401439243641357524e-02
4.753008141755418747e-02
4.753008141755418747e-02
5.805311401389608682e-03
5.805311401389608682e-03
2.289606369732017088e-01
2.289606369732017088e-01
1.199999999999999956e+00
1.199999999999999956e+00
2.704626899882229263e-01
2.704626899882229263e-01
3.455625438807172212e-01
3.455625438807172212e-01
1.199999999999999956e+00
1.199999999999999956e+00
1.199999999999999956e+00
1.199999999999999956e+00
1.199999999999999956e+00
1.199999999999999956e+00
1.015781415560175656e-02
1.015781415560175656e-02
2.024101027096553151e-01
2.024101027096553151e-01
7.819786676859544206e-02
7.819786676859544206e-02
4.556235087578064946e-01
4.556235087578064946e-01
1.879794218988943277e-01
1.879794218988943277e-01
2.272382012365985193e-01
2.272382012365985193e-01
2.971305218864072062e-01
2.971305218864072062e-01
8.136377973119403306e-02
8.136377973119403306e-02
1.528691649323167256e-01
1.528691649323167256e-01
1.199999999999999956e+00
1.199999999999999956e+00
9.878146495623070511e-02
9.878146495623070511e-02
6.513978677556982178e-02
6.513978677556982178e-02
1.199999999999999956e+00
1.199999999999999956e+00
1.480751163800500259e-01
1.480751163800500259e-01
2.265857622418669670e-02
2.265857622418669670e-02
1.199999999999999956e+00
1.199999999999999956e+00
3.385921188015434402e-01
3.385921188015434402e-01
9.182392840898683239e-01
9.182392840898683239e-01
4.997199059908419977e-02
4.997199059908419977e-02
5.499603838960175350e-01
5.499603838960175350e-01
4.347628311539519785e-01
4.347628311539519785e-01
1.037875923794572830e-01
1.037875923794572830e-01
1.009641901942893716e-01
1.009641901942893716e-01
1.199999999999999956e+00
1.199999999999999956e+00
5.244732978017282443e-01
5.244732978017282443e-01
5.200693272711896104e-02
5.200693272711896104e-02
2.525885482788662872e-01
2.525885482788662872e-01
1.044316783290668849e-01
1.044316783290668849e-01
7.673418664709944492e-01
7.673418664709944492e-01
9.684007868611825831e-01
9.684007868611825831e-01
2.394588180984159875e-01
2.394588180984159875e-01
1.579053367439537947e-01
1.579053367439537947e-01
5.208796875476906507e-02
5.208796875476906507e-02
1.199999999999999956e+00
1.199999999999999956e+00
8.638067020171319443e-02
8.638067020171319443e-02
1.199999999999999956e+00
1.199999999999999956e+00
1.199999999999999956e+00
1.199999999999999956e+00
1.495697991805627347e-01
1.495697991805627347e-01
5.653534117171229445e-01
5.653534117171229445e-01
2.704687794353448638e-01
2.704687794353448638e-01
4.111738106960481365e-01
4.111738106960481365e-01
5.179917294687739204e-01
5.179917294687739204e-01
3.760408998135044700e-01
3.760408998135044700e-01
1.183301196138065586e-01
1.183301196138065586e-01
4.352663392172263501e-01
4.352663392172263501e-01
1.199999999999999956e+00
1.199999999999999956e+00
9.268567026610387630e-03
9.268567026610387630e-03
4.582806646183226196e-01
4.582806646183226196e-01
1.244472999423028303e-02
1.244472999423028303e-02
1.199999999999999956e+00
1.199999999999999956e+00
5.971303417833321442e-02
5.971303417833321442e-02
8.068272997386568557e-01
8.068272997386568557e-01
3.386534752498708278e-01
3.386534752498708278e-01
1.199999999999999956e+00
1.199999999999999956e+00
9.706746856487511455e-01
9.706746856487511455e-01
1.199999999999999956e+00
1.199999999999999956e+00
3.105375481920579217e-01
3.105375481920579217e-01
1.199999999999999956e+00
1.199999999999999956e+00
4.890712211974377333e-01
4.890712211974377333e-01
2.138654033746533456e-01
2.138654033746533456e-01
3.360717765907184074e-01
3.360717765907184074e-01
1.199999999999999956e+00
1.199999999999999956e+00
5.439649436823258410e-01
5.439649436823258410e-01
1.199999999999999956e+00
1.199999999999999956e+00
1.205219712891628520e-01
1.205219712891628520e-01
4.811316374839689214e-01
4.811316374839689214e-01
6.237742798600259819e-02
6.237742798600259819e-02
1.199999999999999956e+00
1.199999999999999956e+00
4.276505392496730007e-01
4.276505392496730007e-01
2.546590159789728913e-01
2.546590159789728913e-01
3.960249775276362093e-03
3.960249775276362093e-03
1.825320950100723649e-01
1.825320950100723649e-01
1.199999999999999956e+00
1.199999999999999956e+00
1.570449962128150356e-01
1.570449962128150356e-01
4.389282060629022819e-01
4.389282060629022819e-01
1.199999999999999956e+00
1.199999999999999956e+00
3.216305492355872042e-01
3.216305492355872042e-01
3.162940306159566783e-01
3.162940306159566783e-01
2.698276587353691872e-02
2.698276587353691872e-02
1.905439060928050266e-01
1.905439060928050266e-01
2.378950577155442836e-01
2.378950577155442836e-01
1.199999999999999956e+00
1.199999999999999956e+00
1.199999999999999956e+00
1.199999999999999956e+00
5.906767665153570546e-01
5.906767665153570546e-01
9.595707534244668491e-02
9.595707534244668491e-02
1.199999999999999956e+00
1.199999999999999956e+00
2.510412380275585664e-01
2.510412380275585664e-01
1.199999999999999956e+00
1.199999999999999956e+00
3.221907745774646448e-02
3.221907745774646448e-02
1.057017452390110884e-01
1.057017452390110884e-01
1.199999999999999956e+00
1.199999999999999956e+00
1.362140589159347159e-01
1.362140589159347159e-01
1.883973169537302983e-01
1.883973169537302983e-01
4.036197703855020497e-02
4.036197703855020497e-02
1.199999999999999956e+00
1.199999999999999956e+00
3.812182128151964111e-01
3.812182128151964111e-01
1.583154631287322922e-01
1.583154631287322922e-01
4.004115276605536150e-02
4.004115276605536150e-02
1.199999999999999956e+00
1.199999999999999956e+00
2.240275531140640541e-01
2.240275531140640541e-01
6.876547246145863213e-01
6.876547246145863213e-01
1.574627248623698336e-02
1.574627248623698336e-02
2.419653336216037731e-01
2.419653336216037731e-01
1.126710805501508067e-01
1.126710805501508067e-01
1.199999999999999956e+00
1.199999999999999956e+00
1.692552171806868122e-01
1.692552171806868122e-01
5.931757467205417411e-02
5.931757467205417411e-02
1.071676092070480008e-01
1.071676092070480008e-01
6.940545257947101920e-02
6.940545257947101920e-02
2.280448611111635937e-01
2.280448611111635937e-01
1.127011188409871023e-01
1.127011188409871023e-01
1.656439350525698920e-02
1.656439350525698920e-02
2.298154030593113628e-01
2.298154030593113628e-01
1.023919560627894354e+00
1.023919560627894354e+00
2.066310694036597728e-01
2.066310694036597728e-01
1.235392502907698281e-01
1.235392502907698281e-01
7.811180745485660770e-01
7.811180745485660770e-01
2.654518287861779013e-02
2.654518287861779013e-02
3.332403604233804550e-01
3.332403604233804550e-01
1.199999999999999956e+00
1.199999999999999956e+00
1.657956183207137668e-01
1.657956183207137668e-01
2.311547953747013912e-02
2.311547953747013912e-02
5.482931372577807411e-02
5.482931372577807411e-02
5.939396873409598376e-02
5.939396873409598376e-02
4.662662468359190376e-02
4.662662468359190376e-02
1.237168609018444859e-01
1.237168609018444859e-01
1.199999999999999956e+00
1.199999999999999956e+00
3.615866761950574659e-01
3.615866761950574659e-01
1.084026927592039169e-01
1.084026927592039169e-01
1.199999999999999956e+00
1.199999999999999956e+00
2.632857545168033608e-01
2.632857545168033608e-01
1.731529819231879541e-01
1.731529819231879541e-01
5.754839985709228611e-02
5.754839985709228611e-02
1.950384900930334231e-01
1.950384900930334231e-01
2.695243883953465924e-01
2.695243883953465924e-01
5.906868167594773178e-01
5.906868167594773178e-01
4.273590903534214558e-01
4.273590903534214558e-01
1.199999999999999956e+00
1.199999999999999956e+00
3.159287652257907197e-01
3.159287652257907197e-01
9.313564471044673623e-03
9.313564471044673623e-03
3.060318538431224256e-01
3.060318538431224256e-01
6.611348941041912397e-01
6.611348941041912397e-01
3.598788770184166430e-01
3.598788770184166430e-01
3.300509380671041715e-01
3.300509380671041715e-01
1.033031184485211224e-01
1.033031184485211224e-01
1.594582491409747560e-02
1.594582491409747560e-02
5.698126166624746525e-03
5.698126166624746525e-03
1.503932688058862710e-01
1.503932688058862710e-01
3.433453626012138854e-02
3.433453626012138854e-02
3.511282517213455412e-01
3.511282517213455412e-01
2.802550599216881433e-01
2.802550599216881433e-01
7.257634218938140147e-02
7.257634218938140147e-02
3.741815575375899150e-01
3.741815575375899150e-01
1.106852722353735274e-01
1.106852722353735274e-01
1.199999999999999956e+00
1.199999999999999956e+00
3.858028722496509993e-02
3.858028722496509993e-02
2.082795010630033861e-01
2.082795010630033861e-01
4.541898267915820547e-02
4.541898267915820547e-02
6.171729558501851814e-02
6.171729558501851814e-02
1.091455892887902152e-01
1.091455892887902152e-01
3.300737368164763375e-01
3.300737368164763375e-01
6.338694128582378351e-02
6.338694128582378351e-02
3.318683888292997541e-01
3.318683888292997541e-01
6.681216984972386808e-01
6.681216984972386808e-01
1.199999999999999956e+00
1.199999999999999956e+00
1.117375302586493258e-01
1.117375302586493258e-01
2.133965652357210918e-01
2.133965652357210918e-01
4.206100137786685789e-01
4.206100137786685789e-01
2.837768306318567690e-01
2.837768306318567690e-01
4.358646404802055119e-02
4.358646404802055119e-02
1.199999999999999956e+00
1.199999999999999956e+00
