3.771779384147820879e-01
3.771779384147820879e-01
6.090565534197205783e-02
6.090565534197205783e-02
2.252731393249916558e-01
2.252731393249916558e-01
1.081721014363152406e-02
1.081721014363152406e-02
2.464349037180618984e-01
2.464349037180618984e-01
2.382821265650167941e-01
2.382821265650167941e-01
1.199999999999999956e+00
1.199999999999999956e+00
2.150543543861570817e-01
2.150543543861570817e-01
4.112881762377168515e-01
4.112881762377168515e-01
5.359280595401735847e-02
5.359280595401735847e-02
1.991465492046012170e-02
1.991465492046012170e-02
3.375912798098542472e-02
3.375912798098542472e-02
1.519027541605526554e-01
1.519027541605526554e-01
1.038946469117878746e-01
1.038946469117878746e-01
5.764499198513035605e-01
5.764499198513035605e-01
1.199999999999999956e+00
1.199999999999999956e+00
1.199999999999999956e+00
1.199999999999999956e+00
1.199999999999999956e+00
1.199999999999999956e+00
6.585479431434686504e-01
6.585479431434686504e-01
4.928596877503499951e-01
4.928596877503499951e-01
5.198579474747919149e-02
5.198579474747919149e-02
4.893565228367979802e-02
4.893565228367979802e-02
1.199999999999999956e+00
1.199999999999999956e+00
1.199999999999999956e+00
1.199999999999999956e+00
1.431683153286089083e-01
1.431683153286089083e-01
1.199999999999999956e+00
1.199999999999999956e+00
3.295128676358128339e-01
3.295128676358128339e-01
1.199999999999999956e+00
1.199999999999999956e+00
7.559384403023696741e-01
7.559384403023696741e-01
4.975640505709728878e-02
4.975640505709728878e-02
3.494095519872928990e-01
3.494095519872928990e-01
1.298566702864913658e-01
1.298566702864913658e-01
2.845195528211470481e-01
2.845195528211470481e-01
2.251341804446393979e-01
2.251341804446393979e-01
2.135805345635272967e-01
2.135805345635272967e-01
6.251659721775691680e-02
6.251659721775691680e-02
1.173087864663007428e-02
1.173087864663007428e-02
4.279712578377351528e-01
4.279712578377351528e-01
5.363255124654005002e-01
5.363255124654005002e-01
2.547316045684750452e-01
2.547316045684750452e-01
6.423281366671661496e-01
6.423281366671661496e-01
1.995737749782442172e-01
1.995737749782442172e-01
4.884762648664963125e-01
4.884762648664963125e-01
1.199999999999999956e+00
1.199999999999999956e+00
2.056585624119425249e-01
2.056585624119425249e-01
3.235679048557709575e-02
3.235679048557709575e-02
1.199999999999999956e+00
1.199999999999999956e+00
4.171842928458138755e-01
4.171842928458138755e-01
2.101969282238860814e-01
2.101969282238860814e-01
1.199999999999999956e+00
1.199999999999999956e+00
1.199999999999999956e+00
1.199999999999999956e+00
2.020764732906643601e-01
2.020764732906643601e-01
2.984396757067905859e-01
2.984396757067905859e-01
1.178469111840949046e-01
1.178469111840949046e-01
8.420402817867401746e-01
8.420402817867401746e-01
3.855121105471271958e-01
3.855121105471271958e-01
1.105932076073242176e-01
1.105932076073242176e-01
2.890687790742671459e-01
2.890687790742671459e-01
9.743971431873796329e-02
9.743971431873796329e-02
9.587139565395767782e-02
9.587139565395767782e-02
1.199999999999999956e+00
1.199999999999999956e+00
5.894644487447820991e-01
5.894644487447820991e-01
2.043849344124324952e-01
2.043849344124324952e-01
2.176637184071547881e-01
2.176637184071547881e-01
1.199999999999999956e+00
1.199999999999999956e+00
1.199999999999999956e+00
1.199999999999999956e+00
1.199999999999999956e+00
1.199999999999999956e+00
1.513188723198119479e-01
1.513188723198119479e-01
1.700536572562795778e-01
1.700536572562795778e-01
2.825490619651038204e-01
2.825490619651038204e-01
2.727783501295240054e-01
2.727783501295240054e-01
1.801441266295048665e-02
1.801441266295048665e-02
3.054466782829456384e-01
3.054466782829456384e-01
8.259826342900510043e-02
8.259826342900510043e-02
1.556668547252642587e-01
1.556668547252642587e-01
3.541973498095252193e-02
3.541973498095252193e-02
3.005517170112796954e-01
3.005517170112796954e-01
1.792146457467297671e-01
1.792146457467297671e-01
1.619771245876732435e-01
1.619771245876732435e-01
4.877338894292568838e-01
4.877338894292568838e-01
2.460008119123904269e-01
2.460008119123904269e-01
4.329575231525633616e-01
4.329575231525633616e-01
1.199999999999999956e+00
1.199999999999999956e+00
5.371064251727330346e-02
5.371064251727330346e-02
6.252593388079619174e-01
6.252593388079619174e-01
1.199999999999999956e+00
1.199999999999999956e+00
1.796607364180597965e-01
1.796607364180597965e-01
3.475014201634150091e-01
3.475014201634150091e-01
1.916044536452602143e-01
1.916044536452602143e-01
4.695453659404207336e-01
4.695453659404207336e-01
8.920794271497461958e-02
8.920794271497461958e-02
4.369425373728794693e-01
4.369425373728794693e-01
2.402193130505377305e-01
2.402193130505377305e-01
4.456933834468156386e-01
4.456933834468156386e-01
4.323262229764641973e-02
4.323262229764641973e-02
6.149379918432266168e-01
6.149379918432266168e-01
1.733197440565843184e-01
1.733197440565843184e-01
5.563510578540208362e-01
5.563510578540208362e-01
1.199999999999999956e+00
1.199999999999999956e+00
1.199999999999999956e+00
1.199999999999999956e+00
1.199999999999999956e+00
1.199999999999999956e+00
4.164435838621480257e-01
4.164435838621480257e-01
3.333105820923705220e-01
3.333105820923705220e-01
1.199999999999999956e+00
1.199999999999999956e+00
1.199999999999999956e+00
1.199999999999999956e+00
1.501136049429815378e-01
1.501136049429815378e-01
3.194521545309705890e-01
3.194521545309705890e-01
5.389951547886624450e-01
5.389951547886624450e-01
3.757297885764930290e-01
3.757297885764930290e-01
1.199999999999999956e+00
1.199999999999999956e+00
1.407791560882492854e-01
1.407791560882492854e-01
1.199999999999999956e+00
1.199999999999999956e+00
4.818030939988430794e-01
4.818030939988430794e-01
5.349514380343223241e-01
5.349514380343223241e-01
1.433265886206913642e-01
1.433265886206913642e-01
3.401680963630519527e-01
3.401680963630519527e-01
5.813299004306695661e-01
5.813299004306695661e-01
8.147655757499947526e-01
8.147655757499947526e-01
3.184796802596991938e-01
3.184796802596991938e-01
1.199999999999999956e+00
1.199999999999999956e+00
5.016959274821504167e-01
5.016959274821504167e-01
1.199999999999999956e+00
1.199999999999999956e+00
3.525496901883259371e-01
3.525496901883259371e-01
1.199999999999999956e+00
1.199999999999999956e+00
7.083084873916233315e-01
7.083084873916233315e-01
1.008234477471762064e-01
1.008234477471762064e-01
4.569175531959256964e-01
4.569175531959256964e-01
8.440990836797969410e-02
8.440990836797969410e-02
2.452073025082809332e-01
2.452073025082809332e-01
1.199999999999999956e+00
1.199999999999999956e+00
9.654996030874608559e-01
9.654996030874608559e-01
4.614748001278640155e-01
4.614748001278640155e-01
1.406187818924832800e-01
1.406187818924832800e-01
1.199999999999999956e+00
1.199999999999999956e+00
1.199999999999999956e+00
1.199999999999999956e+00
1.199999999999999956e+00
1.199999999999999956e+00
2.253977345391552367e-01
2.253977345391552367e-01
5.542364396277398297e-01
5.542364396277398297e-01
1.199999999999999956e+00
1.199999999999999956e+00
1.199999999999999956e+00
1.199999999999999956e+00
1.296554428933888725e-01
1.296554428933888725e-01
3.392356820051051769e-01
3.392356820051051769e-01
1.048199714190364562e-01
1.048199714190364562e-01
7.017854933740473589e-02
7.017854933740473589e-02
7.558134027747642758e-02
7.558134027747642758e-02
1.199999999999999956e+00
1.199999999999999956e+00
1.199999999999999956e+00
1.199999999999999956e+00
1.199999999999999956e+00
1.199999999999999956e+00
1.126494600898827747e-01
1.126494600898827747e-01
1.743614557753380701e-01
1.743614557753380701e-01
2.049214998242673280e-01
2.049214998242673280e-01
5.003104837210338163e-01
5.003104837210338163e-01
2.182929246102351672e-01
2.182929246102351672e-01
2.200889075098866332e-01
2.200889075098866332e-01
4.514569931238814893e-01
4.514569931238814893e-01
3.350658108770233623e-01
3.350658108770233623e-01
1.686063990796855816e-01
1.686063990796855816e-01
3.361073774641683554e-01
3.361073774641683554e-01
1.199999999999999956e+00
1.199999999999999956e+00
2.052603884313078941e-01
2.052603884313078941e-01
1.292094323843085216e-02
1.292094323843085216e-02
6.355947780836974648e-01
6.355947780836974648e-01
1.974673051597763407e-01
1.974673051597763407e-01
5.406186110307230619e-01
5.406186110307230619e-01
4.397914138445350729e-01
4.397914138445350729e-01
1.199999999999999956e+00
1.199999999999999956e+00
1.978848495206338154e-01
1.978848495206338154e-01
1.112648134265780409e-01
1.112648134265780409e-01
1.312454353801283113e-01
1.312454353801283113e-01
7.738531186435173570e-01
7.738531186435173570e-01
2.920011002241768017e-01
2.920011002241768017e-01
3.066139173444731303e-01
3.066139173444731303e-01
1.199999999999999956e+00
1.199999999999999956e+00
1.199999999999999956e+00
1.199999999999999956e+00
3.249629171253844429e-01
3.249629171253844429e-01
1.247340108943811726e-01
1.247340108943811726e-01
3.217713512598632253e-01
3.217713512598632253e-01
2.797681937594567736e-01
2.797681937594567736e-01
5.390947289021292832e-01
5.390947289021292832e-01
1.199999999999999956e+00
1.199999999999999956e+00
1.199999999999999956e+00
1.199999999999999956e+00
1.603179906757835615e-01
1.603179906757835615e-01
1.156137703612870882e-01
1.156137703612870882e-01
4.414954630319662399e-01
4.414954630319662399e-01
9.921594913808584604e-02
9.921594913808584604e-02
1.442952466652825394e-01
1.442952466652825394e-01
7.505048365742644778e-02
7.505048365742644778e-02
2.559552592019413431e-01
2.559552592019413431e-01
2.653088937861139973e-01
2.653088937861139973e-01
8.321558209637563985e-02
8.321558209637563985e-02
1.199999999999999956e+00
1.199999999999999956e+00
3.502336188757146918e-01
3.502336188757146918e-01
9.114266262125778617e-01
9.114266262125778617e-01
5.944558098723001782e-01
5.944558098723001782e-01
2.131695838776644092e-02
2.131695838776644092e-02
2.051612007697505846e-01
2.051612007697505846e-01
6.094283330511867519e-02
6.094283330511867519e-02
3.262027243842624546e-01
3.262027243842624546e-01
2.677014955926158568e-01
2.677014955926158568e-01
3.587552412679135272e-01
3.587552412679135272e-01
1.199999999999999956e+00
1.199999999999999956e+00
2.416541253747443996e-01
2.416541253747443996e-01
5.526178685196359019e-01
5.526178685196359019e-01
1.199999999999999956e+00
1.199999999999999956e+00
7.693650448939615138e-01
7.693650448939615138e-01
5.286042777601843712e-01
5.286042777601843712e-01
5.429915899272439450e-01
5.429915899272439450e-01
1.501752466441006462e-01
1.501752466441006462e-01
1.199999999999999956e+00
1.199999999999999956e+00
6.665313176854769095e-01
6.665313176854769095e-01
8.657989644525365680e-02
8.657989644525365680e-02
4.496997769818232848e-01
4.496997769818232848e-01
3.706001188448072581e-01
3.706001188448072581e-01
1.199999999999999956e+00
1.199999999999999956e+00
8.268826449536370582e-02
8.268826449536370582e-02
1.280622659056505352e-01
1.280622659056505352e-01
4.372014506227227537e-01
4.372014506227227537e-01
1.199999999999999956e+00
1.199999999999999956e+00
2.341198795036725233e-01
2.341198795036725233e-01
1.199999999999999956e+00
1.199999999999999956e+00
2.574144260529239170e-01
2.574144260529239170e-01
1.851463411494156386e-01
1.851463411494156386e-01
3.108806975746077339e-01
3.108806975746077339e-01
1.371489863259555547e-02
1.371489863259555547e-02
1.410567332489170156e-01
1.410567332489170156e-01
1.433116301926121161e-01
1.433116301926121161e-01
5.778762050069457396e-02
5.778762050069457396e-02
1.199999999999999956e+00
1.199999999999999956e+00
1.199999999999999956e+00
1.199999999999999956e+00
2.821673008835581253e-01
2.821673008835581253e-01
1.199999999999999956e+00
1.199999999999999956e+00
2.788633892096671896e-01
2.788633892096671896e-01
2.300718404914564030e-01
2.300718404914564030e-01
2.214755314025592670e-01
2.214755314025592670e-01
2.876203515729824911e-01
2.876203515729824911e-01
1.199999999999999956e+00
1.199999999999999956e+00
2.235764408670282144e-01
2.235764408670282144e-01
1.199999999999999956e+00
1.199999999999999956e+00
1.789342144951815983e-01
1.789342144951815983e-01
5.388340285319220824e-01
5.388340285319220824e-01
1.199999999999999956e+00
1.199999999999999956e+00
5.247741537711898552e-01
5.247741537711898552e-01
1.619326715534741556e-01
1.619326715534741556e-01
6.083455733584554048e-01
6.083455733584554048e-01
6.817244599420123619e-01
6.817244599420123619e-01
1.228839386291482177e-01
1.228839386291482177e-01
6.977330895887307038e-02
6.977330895887307038e-02
1.199999999999999956e+00
1.199999999999999956e+00
9.067380215205910199e-01
9.067380215205910199e-01
1.199999999999999956e+00
1.199999999999999956e+00
2.741388542579225596e-01
2.741388542579225596e-01
3.456957351483591623e-01
3.456957351483591623e-01
1.112861870265144798e-01
1.112861870265144798e-01
1.480105684103505126e-01
1.480105684103505126e-01
4.200564688642483002e-02
4.200564688642483002e-02
1.199999999999999956e+00
1.199999999999999956e+00
3.939162212408741648e-01
3.939162212408741648e-01
2.878778755969240710e-01
2.878778755969240710e-01
1.199999999999999956e+00
1.199999999999999956e+00
3.889429058169205367e-01
3.889429058169205367e-01
7.665521691223000644e-01
7.665521691223000644e-01
2.221466772635672382e-01
2.221466772635672382e-01
5.192856146508216808e-01
5.192856146508216808e-01
2.302064859554359133e-01
2.302064859554359133e-01
1.199999999999999956e+00
1.199999999999999956e+00
1.199999999999999956e+00
1.199999999999999956e+00
6.553434939226541189e-01
6.553434939226541189e-01
1.199999999999999956e+00
1.199999999999999956e+00
6.704215358787199985e-01
6.704215358787199985e-01
2.141727601668393013e-03
2.141727601668393013e-03
5.102819010227949148e-02
5.102819010227949148e-02
3.065207140571968303e-01
3.065207140571968303e-01
1.199999999999999956e+00
1.199999999999999956e+00
5.600968894516372698e-02
5.600968894516372698e-02
1.199999999999999956e+00
1.199999999999999956e+00
1.418565891627789899e-01
1.418565891627789899e-01
3.778791464409422818e-01
3.778791464409422818e-01
1.199999999999999956e+00
1.199999999999999956e+00
8.747496986084858372e-01
8.747496986084858372e-01
9.433883765258094245e-02
9.433883765258094245e-02
1.199999999999999956e+00
1.199999999999999956e+00
1.199999999999999956e+00
1.199999999999999956e+00
1.040194497897022202e-01
1.040194497897022202e-01
7.211641341472410094e-01
7.211641341472410094e-01
3.438021087471960779e-01
3.438021087471960779e-01
2.860458058003419457e-01
2.860458058003419457e-01
1.199999999999999956e+00
1.199999999999999956e+00
1.618705041130482636e-01
1.618705041130482636e-01
5.090274858296979232e-01
5.090274858296979232e-01
8.185714348038477528e-01
8.185714348038477528e-01
5.238754137274460598e-01
5.238754137274460598e-01
1.199999999999999956e+00
1.199999999999999956e+00
1.199999999999999956e+00
1.199999999999999956e+00
7.797043302616053495e-01
7.797043302616053495e-01
2.913681849331480334e-01
2.913681849331480334e-01
5.902143339242162112e-02
5.902143339242162112e-02
7.522040202553201271e-02
7.522040202553201271e-02
2.779676783971488790e-02
2.779676783971488790e-02
1.199999999999999956e+00
1.199999999999999956e+00
3.122993454577165373e-01
3.122993454577165373e-01
2.434135198074717232e-01
2.434135198074717232e-01
1.481330849381693182e-01
1.481330849381693182e-01
4.170483983788356719e-01
4.170483983788356719e-01
5.407267757225209248e-01
5.407267757225209248e-01
3.949063561144170592e-02
3.949063561144170592e-02
1.166195191862222091e-01
1.166195191862222091e-01
6.782485393913315064e-02
6.782485393913315064e-02
3.831011852674988116e-01
3.831011852674988116e-01
1.199999999999999956e+00
1.199999999999999956e+00
5.869832053710095920e-02
5.869832053710095920e-02
3.065188232270963375e-01
3.065188232270963375e-01
4.347970389775602240e-01
4.347970389775602240e-01
1.397076672343629811e-01
1.397076672343629811e-01
1.199999999999999956e+00
1.199999999999999956e+00
3.379750370210347077e-01
3.379750370210347077e-01
2.304184345321176261e-02
2.304184345321176261e-02
4.722426804802302147e-01
4.722426804802302147e-01
3.107040015925517928e-01
3.107040015925517928e-01
1.199999999999999956e+00
1.199999999999999956e+00
3.416480491900119043e-01
3.416480491900119043e-01
1.397338192559421655e-01
1.397338192559421655e-01
1.758936490433009037e-01
1.758936490433009037e-01
1.518088206893788428e-01
1.518088206893788428e-01
4.879651556685309088e-02
4.879651556685309088e-02
1.565802380686462728e-02
1.565802380686462728e-02
4.153655010180006824e-01
4.153655010180006824e-01
4.788382889950674737e-01
4.788382889950674737e-01
1.199999999999999956e+00
1.199999999999999956e+00
2.261977323685196439e-01
2.261977323685196439e-01
6.195462872442072388e-01
6.195462872442072388e-01
5.140180006661543288e-01
5.140180006661543288e-01
5.998448966457742282e-02
5.998448966457742282e-02
5.902932028966569877e-01
5.902932028966569877e-01
7.695000821951812620e-03
7.695000821951812620e-03
2.471751446951729880e-01
2.471751446951729880e-01
3.466172818349831375e-01
3.466172818349831375e-01
4.205803160197316704e-01
4.205803160197316704e-01
3.521637660528464386e-01
3.521637660528464386e-01
6.686884534542020253e-01
6.686884534542020253e-01
5.697775010451678890e-01
5.697775010451678890e-01
1.417300733295646376e-01
1.417300733295646376e-01
1.199999999999999956e+00
1.199999999999999956e+00
6.764408080139608925e-01
6.764408080139608925e-01
5.334137842503968718e-01
5.334137842503968718e-01
3.195137900346090021e-01
3.195137900346090021e-01
1.199999999999999956e+00
1.199999999999999956e+00
2.226971116129232708e-01
2.226971116129232708e-01
5.679378531629150073e-01
5.679378531629150073e-01
1.199999999999999956e+00
1.199999999999999956e+00
1.570511872046201352e-01
1.570511872046201352e-01
8.548839006288251330e-01
8.548839006288251330e-01
8.028978100614302116e-02
8.028978100614302116e-02
7.874598990621511918e-02
7.874598990621511918e-02
3.405717356055591727e-02
3.405717356055591727e-02
1.199999999999999956e+00
1.199999999999999956e+00
1.870677174717924884e-01
1.870677174717924884e-01
7.610754123202888577e-01
7.610754123202888577e-01
1.793591910228204689e-01
1.793591910228204689e-01
1.199999999999999956e+00
1.199999999999999956e+00
3.793278924280691494e-02
3.793278924280691494e-02
1.496947659943403952e-01
1.496947659943403952e-01
8.130421871750086460e-01
8.130421871750086460e-01
3.048314652813002845e-01
3.048314652813002845e-01
1.199999999999999956e+00
1.199999999999999956e+00
3.308614521157817179e-01
3.308614521157817179e-01
3.254723887457503517e-01
3.254723887457503517e-01
1.199999999999999956e+00
1.199999999999999956e+00
3.188667846336436518e-01
3.188667846336436518e-01
7.592683921742775233e-02
7.592683921742775233e-02
1.861751684257071382e-01
1.861751684257071382e-01
6.651211120535682753e-02
6.651211120535682753e-02
4.515386645580982128e-01
4.515386645580982128e-01
1.199999999999999956e+00
1.199999999999999956e+00
1.199999999999999956e+00
1.199999999999999956e+00
6.741433049179310633e-01
6.741433049179310633e-01
4.947090016475630403e-01
4.947090016475630403e-01
1.199999999999999956e+00
1.199999999999999956e+00
4.544736660167446596e-01
4.544736660167446596e-01
2.791947974615566208e-01
2.791947974615566208e-01
5.172285211430901475e-01
5.172285211430901475e-01
6.891202830433318383e-02
6.891202830433318383e-02
7.176710754974038875e-02
7.176710754974038875e-02
5.845375564804902724e-02
5.845375564804902724e-02
9.394586886577309670e-01
9.394586886577309670e-01
1.199999999999999956e+00
1.199999999999999956e+00
2.785798070233909685e-01
2.785798070233909685e-01
1.199999999999999956e+00
1.199999999999999956e+00
4.055325932675726830e-01
4.055325932675726830e-01
1.590782364255557968e-01
1.590782364255557968e-01
9.252287117774576908e-02
9.252287117774576908e-02
9.846549726522024759e-02
9.846549726522024759e-02
1.199999999999999956e+00
1.199999999999999956e+00
1.904988838227559544e-01
1.904988838227559544e-01
1.332930151587230216e-01
1.332930151587230216e-01
1.771177098584266196e-01
1.771177098584266196e-01
4.098635524396868068e-01
4.098635524396868068e-01
2.681666592172132768e-01
2.681666592172132768e-01
1.199999999999999956e+00
1.199999999999999956e+00
1.617563710408385924e-01
1.617563710408385924e-01
7.026234408466515147e-01
7.026234408466515147e-01
4.545711034832596309e-01
4.545711034832596309e-01
1.600588507760453139e-01
1.600588507760453139e-01
1.199999999999999956e+00
1.199999999999999956e+00
5.774731927161711464e-01
5.774731927161711464e-01
1.199999999999999956e+00
1.199999999999999956e+00
7.565257355318175114e-02
7.565257355318175114e-02
2.716272672400300153e-02
2.716272672400300153e-02
2.405696369320069194e-01
2.405696369320069194e-01
1.396999229497845330e-01
1.396999229497845330e-01
2.176335314186190750e-01
2.176335314186190750e-01
7.416629213657534025e-01
7.416629213657534025e-01
9.235772111411845453e-02
9.235772111411845453e-02
6.164093703758932036e-02
6.164093703758932036e-02
3.479135309386996999e-01
3.479135309386996999e-01
6.738979225425245634e-02
6.738979225425245634e-02
1.199999999999999956e+00
1.199999999999999956e+00
4.118183175848891264e-01
4.118183175848891264e-01
1.070243988771588523e-01
1.070243988771588523e-01
1.479052637881277665e-01
1.479052637881277665e-01
1.199999999999999956e+00
1.199999999999999956e+00
5.131779652191537089e-02
5.131779652191537089e-02
4.787780874091678851e-01
4.787780874091678851e-01
8.323649681907835385e-01
8.323649681907835385e-01
1.062555534902288046e-01
1.062555534902288046e-01
1.199999999999999956e+00
1.199999999999999956e+00
6.667514799815921211e-02
6.667514799815921211e-02
1.913280870261375999e-01
1.913280870261375999e-01
1.717229892617692100e-01
1.717229892617692100e-01
6.589531625022716499e-01
6.589531625022716499e-01
7.035244810919993874e-02
7.035244810919993874e-02
6.741710389535218173e-01
6.741710389535218173e-01
3.968953520136688784e-01
3.968953520136688784e-01
5.078047708455658837e-02
5.078047708455658837e-02
5.794373836475261857e-02
5.794373836475261857e-02
7.330253094056168872e-02
7.330253094056168872e-02
1.199999999999999956e+00
1.199999999999999956e+00
1.199999999999999956e+00
1.199999999999999956e+00
2.227521265964178265e-01
2.227521265964178265e-01
8.305848077709088173e-01
8.305848077709088173e-01
1.199999999999999956e+00
1.199999999999999956e+00
7.842520093320231034e-01
7.842520093320231034e-01
3.222188482239650154e-01
3.222188482239650154e-01
4.987199261469991152e-01
4.987199261469991152e-01
4.120128574297038937e-01
4.120128574297038937e-01
2.602951186146502671e-01
2.602951186146502671e-01
3.675146942691032148e-01
3.675146942691032148e-01
1.205153004837445363e-01
1.205153004837445363e-01
5.324974731081932866e-02
5.324974731081932866e-02
1.350094837957657168e-01
1.350094837957657168e-01
1.080877230227991481e-01
1.080877230227991481e-01
1.443992058896802211e-03
1.443992058896802211e-03
3.859511526852276719e-01
3.859511526852276719e-01
2.783393264984522775e-01
2.783393264984522775e-01
2.748672006094053932e-01
2.748672006094053932e-01
2.599864675072184605e-02
2.599864675072184605e-02
2.588616697225937791e-01
2.588616697225937791e-01
6.762912763742451316e-01
6.762912763742451316e-01
6.426706273566105132e-01
6.426706273566105132e-01
1.199999999999999956e+00
1.199999999999999956e+00
6.378589120993793937e-02
6.378589120993793937e-02
1.899958544475750521e-01
1.899958544475750521e-01
5.356223331827182355e-01
5.356223331827182355e-01
1.199999999999999956e+00
1.199999999999999956e+00
3.135119842804536677e-02
3.135119842804536677e-02
1.199999999999999956e+00
1.199999999999999956e+00
3.313035309603660772e-01
3.313035309603660772e-01
3.468225898512045657e-01
3.468225898512045657e-01
1.199999999999999956e+00
1.199999999999999956e+00
3.211253975498090663e-02
3.211253975498090663e-02
1.199999999999999956e+00
1.199999999999999956e+00
2.670657473024647399e-01
2.670657473024647399e-01
3.032518426572567982e-01
3.032518426572567982e-01
5.092279682510272298e-01
5.092279682510272298e-01
7.914703222255750625e-02
7.914703222255750625e-02
1.199999999999999956e+00
1.199999999999999956e+00
4.581303188446128605e-01
4.581303188446128605e-01
1.199999999999999956e+00
1.199999999999999956e+00
1.199999999999999956e+00
1.199999999999999956e+00
1.242460189465020709e-01
1.242460189465020709e-01
4.232339826893060653e-01
4.232339826893060653e-01
6.579325701703118978e-02
6.579325701703118978e-02
8.851390027431929597e-02
8.851390027431929597e-02
3.538960711090504696e-01
3.538960711090504696e-01
4.463155393870860826e-02
4.463155393870860826e-02
3.587314308550776931e-01
3.587314308550776931e-01
1.199999999999999956e+00
1.199999999999999956e+00
7.925328240012388670e-02
7.925328240012388670e-02
1.199999999999999956e+00
1.199999999999999956e+00
1.522293911086463891e-01
1.522293911086463891e-01
3.484973021483819267e-01
3.484973021483819267e-01
1.199999999999999956e+00
1.199999999999999956e+00
1.199999999999999956e+00
1.199999999999999956e+00
1.199999999999999956e+00
1.199999999999999956e+00
3.754004138630339660e-01
3.754004138630339660e-01
3.500788966424824289e-01
3.500788966424824289e-01
4.676329862025124795e-02
4.676329862025124795e-02
7.300566025935116554e-02
7.300566025935116554e-02
1.199999999999999956e+00
1.199999999999999956e+00
6.006093195311135169e-02
6.006093195311135169e-02
6.057504822008701745e-02
6.057504822008701745e-02
6.306221489296176541e-01
6.306221489296176541e-01
2.559525591155896174e-01
2.559525591155896174e-01
3.644276528004356530e-01
3.644276528004356530e-01
1.199999999999999956e+00
1.199999999999999956e+00
6.533954646191234006e-02
6.533954646191234006e-02
2.264042941801849007e-01
2.264042941801849007e-01
1.701742499326533709e-01
1.701742499326533709e-01
4.320011411776546462e-01
4.320011411776546462e-01
1.553975521689918149e-01
1.553975521689918149e-01
2.432107764167713571e-01
2.432107764167713571e-01
3.542333095036010460e-01
3.542333095036010460e-01
1.242966296403759385e-01
1.242966296403759385e-01
6.405078262924728261e-01
6.405078262924728261e-01
2.224130579233296601e-01
2.224130579233296601e-01
1.002064010163549873e-01
1.002064010163549873e-01
1.199999999999999956e+00
1.199999999999999956e+00
2.024476282596580912e-01
2.024476282596580912e-01
3.015916462273947052e-01
3.015916462273947052e-01
1.199999999999999956e+00
1.199999999999999956e+00
1.199999999999999956e+00
1.199999999999999956e+00
2.600725096984631279e-01
2.600725096984631279e-01
1.358573081390340165e-01
1.358573081390340165e-01
2.615067536159089157e-01
2.615067536159089157e-01
1.834072235555109232e-02
1.834072235555109232e-02
2.810970836188345090e-02
2.810970836188345090e-02
1.716430703007549297e-01
1.716430703007549297e-01
1.199999999999999956e+00
1.199999999999999956e+00
1.622254443132695456e-01
1.622254443132695456e-01
3.155148635169052057e-02
3.155148635169052057e-02
5.188044389557946445e-01
5.188044389557946445e-01
3.615957382580792800e-01
3.615957382580792800e-01
7.814962239089628948e-02
7.814962239089628948e-02
7.414987357470901319e-01
7.414987357470901319e-01
1.754518110338010028e-01
1.754518110338010028e-01
7.638386759498194678e-01
7.638386759498194678e-01
1.205345049148842523e-01
1.205345049148842523e-01
2.921810548529376050e-01
2.921810548529376050e-01
5.200747952974407173e-01
5.200747952974407173e-01
2.041670978674537396e-01
2.041670978674537396e-01
2.559071816403568622e-02
2.559071816403568622e-02
1.199999999999999956e+00
1.199999999999999956e+00
3.830075468628084678e-01
3.830075468628084678e-01
5.323803594593854577e-02
5.323803594593854577e-02
1.199999999999999956e+00
1.199999999999999956e+00
1.220662389851133317e-01
1.220662389851133317e-01
2.305169104279593817e-01
2.305169104279593817e-01
7.470228626122991933e-02
7.470228626122991933e-02
2.453033831175540080e-01
2.453033831175540080e-01
2.350199286879054439e-01
2.350199286879054439e-01
1.199999999999999956e+00
1.199999999999999956e+00
2.170989791794866175e-01
2.170989791794866175e-01
5.109912484186634324e-02
5.109912484186634324e-02
2.099876384385365446e-01
2.099876384385365446e-01
3.997895577325734084e-01
3.997895577325734084e-01
4.113555489049220970e-01
4.113555489049220970e-01
6.366982953827694802e-02
6.366982953827694802e-02
5.058958154011400365e-01
5.058958154011400365e-01
4.773988675900763257e-01
4.773988675900763257e-01
4.888394624463592297e-01
4.888394624463592297e-01
2.895513536387536724e-01
2.895513536387536724e-01
2.124509508255021384e-01
2.124509508255021384e-01
5.426347112925374028e-02
5.426347112925374028e-02
2.781246449983698077e-01
2.781246449983698077e-01
1.112364276613339309e-01
1.112364276613339309e-01
1.547352758870726708e-01
1.547352758870726708e-01
1.199999999999999956e+00
1.199999999999999956e+00
2.423151041667466199e-01
2.423151041667466199e-01
9.639030444120977315e-02
9.639030444120977315e-02
1.179466990874544097e+00
1.179466990874544097e+00
2.576149428136328412e-01
2.576149428136328412e-01
1.199999999999999956e+00
1.199999999999999956e+00
8.282680050750900191e-01
8.282680050750900191e-01
8.777299215289352530e-01
8.777299215289352530e-01
1.199999999999999956e+00
1.199999999999999956e+00
2.313519049205434441e-01
2.313519049205434441e-01
1.199999999999999956e+00
1.199999999999999956e+00
2.379553427261775767e-01
2.379553427261775767e-01
1.991241352712501411e-01
1.991241352712501411e-01
5.319914697285060834e-01
5.319914697285060834e-01
1.989313586751947915e-01
1.989313586751947915e-01
2.893655841177522059e-01
2.893655841177522059e-01
3.511579628499203465e-02
3.511579628499203465e-02
5.697102963274414122e-01
5.697102963274414122e-01
2.387737652542385181e-01
2.387737652542385181e-01
8.008114811576777514e-02
8.008114811576777514e-02
4.438109429642150272e-01
4.438109429642150272e-01
8.331516114531455075e-02
8.331516114531455075e-02
8.072425733634965850e-01
8.072425733634965850e-01
1.199999999999999956e+00
1.199999999999999956e+00
1.199999999999999956e+00
1.199999999999999956e+00
1.199999999999999956e+00
1.199999999999999956e+00
8.048024493634603482e-02
8.048024493634603482e-02
3.798776355683396444e-01
3.798776355683396444e-01
8.162076322053710836e-03
8.162076322053710836e-03
1.199999999999999956e+00
1.199999999999999956e+00
1.199999999999999956e+00
1.199999999999999956e+00
7.168317296313291287e-01
7.168317296313291287e-01
6.343463927180378326e-01
6.343463927180378326e-01
1.199999999999999956e+00
1.199999999999999956e+00
8.262113606415290301e-02
8.262113606415290301e-02
1.199999999999999956e+00
1.199999999999999956e+00
3.728646539532884385e-02
3.728646539532884385e-02
3.790127153490015499e-01
3.790127153490015499e-01
4.597227501503110825e-02
4.597227501503110825e-02
5.755803219789493719e-01
5.755803219789493719e-01
1.768041070915656598e-01
1.768041070915656598e-01
3.730606241390863054e-01
3.730606241390863054e-01
1.199999999999999956e+00
1.199999999999999956e+00
8.732240208528613268e-02
8.732240208528613268e-02
1.199999999999999956e+00
1.199999999999999956e+00
1.199999999999999956e+00
1.199999999999999956e+00
2.909876511053661186e-01
2.909876511053661186e-01
2.045704449318429818e-01
2.045704449318429818e-01
5.066947667156528334e-01
5.066947667156528334e-01
4.484143056028465357e-02
4.484143056028465357e-02
1.517336656634455938e-01
1.517336656634455938e-01
4.741794759970501261e-01
4.741794759970501261e-01
7.359058867091462508e-01
7.359058867091462508e-01
3.777504014230694818e-01
3.777504014230694818e-01
6.164838500125143783e-01
6.164838500125143783e-01
1.668491383881944012e-01
1.668491383881944012e-01
1.592653469940498168e-01
1.592653469940498168e-01
5.126820838476070508e-02
5.126820838476070508e-02
1.199999999999999956e+00
1.199999999999999956e+00
5.106930313945142741e-01
5.106930313945142741e-01
2.082353939481141891e-01
2.082353939481141891e-01
1.199999999999999956e+00
1.199999999999999956e+00
8.831558555608400030e-02
8.831558555608400030e-02
3.113911691158192333e-03
3.113911691158192333e-03
2.852765847818553718e-02
2.852765847818553718e-02
1.179508656366256292e-01
1.179508656366256292e-01
3.167744951324205083e-01
3.167744951324205083e-01
1.199999999999999956e+00
1.199999999999999956e+00
2.467362742197808378e-01
2.467362742197808378e-01
2.542114548094952520e-01
2.542114548094952520e-01
1.199999999999999956e+00
1.199999999999999956e+00
1.925489114714754590e-01
1.925489114714754590e-01
7.378540833254916553e-02
7.378540833254916553e-02
6.272097912040255352e-01
6.272097912040255352e-01
1.199999999999999956e+00
1.199999999999999956e+00
3.017481067187448556e-03
3.017481067187448556e-03
5.365669577030882792e-02
5.365669577030882792e-02
3.481626342470751645e-01
3.481626342470751645e-01
1.870084260566842781e-03
1.870084260566842781e-03
1.199999999999999956e+00
1.199999999999999956e+00
8.816221476321652872e-01
8.816221476321652872e-01
1.824731051222622524e-01
1.824731051222622524e-01
4.015056194191469752e-01
4.015056194191469752e-01
2.346031780184651971e-01
2.346031780184651971e-01
1.344513083617776272e-01
1.344513083617776272e-01
4.558965992224952024e-01
4.558965992224952024e-01
6.108142013109127966e-01
6.108142013109127966e-01
2.658834802616401594e-01
2.658834802616401594e-01
4.476145235435991521e-01
4.476145235435991521e-01
3.350639264794623151e-01
3.350639264794623151e-01
7.823912758073989226e-02
7.823912758073989226e-02
8.405298338271728620e-03
8.405298338271728620e-03
5.054485951812596189e-01
5.054485951812596189e-01
3.116618697604128796e-01
3.116618697604128796e-01
3.314930630242476917e-03
3.314930630242476917e-03
8.798513917459539757e-02
8.798513917459539757e-02
1.135992617127226795e-01
1.135992617127226795e-01
1.760058591785020887e-01
1.760058591785020887e-01
3.091924074280118506e-01
3.091924074280118506e-01
2.577486924319126183e-01
2.577486924319126183e-01
5.367013551999699761e-02
5.367013551999699761e-02
1.199999999999999956e+00
1.199999999999999956e+00
8.961266751291946386e-02
8.961266751291946386e-02
8.422508607078680321e-01
8.422508607078680321e-01
3.055183121291986104e-01
3.055183121291986104e-01
1.189895648113467735e-01
1.189895648113467735e-01
5.855967956365343285e-01
5.855967956365343285e-01
1.199999999999999956e+00
1.199999999999999956e+00
1.469129133283117172e-01
1.469129133283117172e-01
4.119187600585400705e-02
4.119187600585400705e-02
2.094148360648134810e-01
2.094148360648134810e-01
4.463762848991120191e-01
4.463762848991120191e-01
1.199999999999999956e+00
1.199999999999999956e+00
2.643936492747735525e-02
2.643936492747735525e-02
4.170063399221082823e-01
4.170063399221082823e-01
4.069479245907891250e-03
4.069479245907891250e-03
1.199999999999999956e+00
1.199999999999999956e+00
2.557467296119794731e-01
2.557467296119794731e-01
1.005681059930589316e-01
1.005681059930589316e-01
1.199999999999999956e+00
1.199999999999999956e+00
3.637408278352741164e-01
3.637408278352741164e-01
6.596597860035502414e-01
6.596597860035502414e-01
1.158073272971054390e-01
1.158073272971054390e-01
4.169152786875688910e-01
4.169152786875688910e-01
5.405913735895531147e-01
5.405913735895531147e-01
5.146166908313626331e-01
5.146166908313626331e-01
2.350027142942343605e-01
2.350027142942343605e-01
1.385654394594358074e-01
1.385654394594358074e-01
1.003643842476728970e-01
1.003643842476728970e-01
2.237095620938675811e-01
2.237095620938675811e-01
4.120780690782494537e-01
4.120780690782494537e-01
8.180263398864694446e-01
8.180263398864694446e-01
2.817255438571781290e-01
2.817255438571781290e-01
5.278827091555304829e-01
5.278827091555304829e-01
1.199999999999999956e+00
1.199999999999999956e+00
1.266777750213239351e-01
1.266777750213239351e-01
2.155830179708915773e-01
2.155830179708915773e-01
9.071665943589513059e-02
9.071665943589513059e-02
2.334624152898571448e-01
2.334624152898571448e-01
4.791095916658341669e-02
4.791095916658341669e-02
1.727941702781749522e-01
1.727941702781749522e-01
4.962527500374591671e-01
4.962527500374591671e-01
1.291773231473632155e-01
1.291773231473632155e-01
9.578619655693108859e-02
9.578619655693108859e-02
3.432736477109091799e-01
3.432736477109091799e-01
3.606679591553047515e-01
3.606679591553047515e-01
1.199999999999999956e+00
1.199999999999999956e+00
2.520436437620411363e-01
2.520436437620411363e-01
1.002278269829681157e-01
1.002278269829681157e-01
1.355647453961581206e-01
1.355647453961581206e-01
1.245477753064978405e-01
1.245477753064978405e-01
1.091615484722448653e-01
1.091615484722448653e-01
8.911444944456560491e-02
8.911444944456560491e-02
4.726293982060042476e-01
4.726293982060042476e-01
4.989550022925964140e-02
4.989550022925964140e-02
2.834008725755327585e-01
2.834008725755327585e-01
1.981751001381056310e-01
1.981751001381056310e-01
5.069465339481921129e-02
5.069465339481921129e-02
6.411414457468193884e-02
6.411414457468193884e-02
1.199999999999999956e+00
1.199999999999999956e+00
1.199999999999999956e+00
1.199999999999999956e+00
7.626505080208553777e-02
7.626505080208553777e-02
4.668985993050917549e-01
4.668985993050917549e-01
5.681962727307837691e-01
5.681962727307837691e-01
9.410494452675920163e-02
9.410494452675920163e-02
4.355681015682024704e-01
4.355681015682024704e-01
5.534628576341189543e-01
5.534628576341189543e-01
1.199999999999999956e+00
1.199999999999999956e+00
1.199999999999999956e+00
1.199999999999999956e+00
1.871605105770806077e-01
1.871605105770806077e-01
2.890714281703645194e-01
2.890714281703645194e-01
2.378687731105921799e-01
2.378687731105921799e-01
1.048778632870901673e+00
1.048778632870901673e+00
2.729599162786756628e-01
2.729599162786756628e-01
1.013204735051782546e-01
1.013204735051782546e-01
1.804863396594229286e-02
1.804863396594229286e-02
7.286756146676858226e-01
7.286756146676858226e-01
3.993825639086617807e-02
3.993825639086617807e-02
3.741281493942484326e-01
3.741281493942484326e-01
2.772991764197722808e-02
2.772991764197722808e-02
1.403141089673654029e-01
1.403141089673654029e-01
1.739257652138486432e-01
1.739257652138486432e-01
3.430580784990765464e-01
3.430580784990765464e-01
5.078975402962794261e-01
5.078975402962794261e-01
4.941378361589934265e-01
4.941378361589934265e-01
1.199999999999999956e+00
1.199999999999999956e+00
1.199999999999999956e+00
1.199999999999999956e+00
5.764519991849289537e-01
5.764519991849289537e-01
2.131100486084317458e-01
2.131100486084317458e-01
1.003174042793382736e-01
1.003174042793382736e-01
1.199999999999999956e+00
1.199999999999999956e+00
1.199999999999999956e+00
1.199999999999999956e+00
6.334164564380805908e-05
6.334164564380805908e-05
6.923782840656662885e-02
6.923782840656662885e-02
1.199999999999999956e+00
1.199999999999999956e+00
