2.944277214660064312e-01
2.944277214660064312e-01
3.199704984155899989e-01
3.199704984155899989e-01
3.713853437932863044e-01
3.713853437932863044e-01
1.400698251839145939e-02
1.400698251839145939e-02
1.755592693260392689e-01
1.755592693260392689e-01
1.199999999999999956e+00
1.199999999999999956e+00
1.199999999999999956e+00
1.199999999999999956e+00
5.509743646871186895e-01
5.509743646871186895e-01
2.054402497053454124e-01
2.054402497053454124e-01
5.066188921201357775e-01
5.066188921201357775e-01
6.488859500553547655e-01
6.488859500553547655e-01
4.134227482647710450e-01
4.134227482647710450e-01
3.948276398615321869e-01
3.948276398615321869e-01
2.137145472331465346e-01
2.137145472331465346e-01
4.668449833232577451e-01
4.668449833232577451e-01
6.128190365055660171e-01
6.128190365055660171e-01
5.155144484298562757e-01
5.155144484298562757e-01
4.539190270948902373e-01
4.539190270948902373e-01
1.199999999999999956e+00
1.199999999999999956e+00
5.986566593931855196e-02
5.986566593931855196e-02
1.199999999999999956e+00
1.199999999999999956e+00
1.199999999999999956e+00
1.199999999999999956e+00
1.199999999999999956e+00
1.199999999999999956e+00
4.517772664696448337e-01
4.517772664696448337e-01
1.199999999999999956e+00
1.199999999999999956e+00
6.033428668136282536e-01
6.033428668136282536e-01
1.473769841467144175e-02
1.473769841467144175e-02
1.008719715220987578e-01
1.008719715220987578e-01
4.737404083289716294e-01
4.737404083289716294e-01
1.199999999999999956e+00
1.199999999999999956e+00
2.653710648460715915e-01
2.653710648460715915e-01
6.310986600279174796e-01
6.310986600279174796e-01
1.199999999999999956e+00
1.199999999999999956e+00
4.924462239242894390e-01
4.924462239242894390e-01
4.124066782846939616e-01
4.124066782846939616e-01
1.199999999999999956e+00
1.199999999999999956e+00
1.199999999999999956e+00
1.199999999999999956e+00
1.199999999999999956e+00
1.199999999999999956e+00
4.695274290859816624e-01
4.695274290859816624e-01
1.199999999999999956e+00
1.199999999999999956e+00
1.580645070935144947e-01
1.580645070935144947e-01
4.824081831182642777e-01
4.824081831182642777e-01
1.199999999999999956e+00
1.199999999999999956e+00
1.417244918881086502e-01
1.417244918881086502e-01
4.478914859759411948e-01
4.478914859759411948e-01
3.394033736806069124e-01
3.394033736806069124e-01
1.199999999999999956e+00
1.199999999999999956e+00
1.004139732962402443e-01
1.004139732962402443e-01
1.199999999999999956e+00
1.199999999999999956e+00
6.132659860309375155e-01
6.132659860309375155e-01
1.199999999999999956e+00
1.199999999999999956e+00
1.516406594791177564e-01
1.516406594791177564e-01
2.538608605245096794e-01
2.538608605245096794e-01
1.033807098852416451e-01
1.033807098852416451e-01
2.655634601632494429e-01
2.655634601632494429e-01
3.555141308288792823e-01
3.555141308288792823e-01
5.479424043317336901e-01
5.479424043317336901e-01
7.194763380813221643e-01
7.194763380813221643e-01
7.739384563027449371e-01
7.739384563027449371e-01
1.199999999999999956e+00
1.199999999999999956e+00
5.693055453244889597e-01
5.693055453244889597e-01
6.557886764374099009e-01
6.557886764374099009e-01
1.548826318665877944e-01
1.548826318665877944e-01
1.199999999999999956e+00
1.199999999999999956e+00
5.572796587989859995e-01
5.572796587989859995e-01
1.913048080324020461e-01
1.913048080324020461e-01
4.193688421871434591e-02
4.193688421871434591e-02
2.568699435713341084e-02
2.568699435713341084e-02
5.604589447721975981e-01
5.604589447721975981e-01
2.765544409076800547e-01
2.765544409076800547e-01
2.055492475275687014e-01
2.055492475275687014e-01
1.199999999999999956e+00
1.199999999999999956e+00
1.199999999999999956e+00
1.199999999999999956e+00
3.602301788059880661e-01
3.602301788059880661e-01
1.199999999999999956e+00
1.199999999999999956e+00
3.341257893249786060e-01
3.341257893249786060e-01
2.464387949932107524e-01
2.464387949932107524e-01
1.390223515410316246e-01
1.390223515410316246e-01
8.172954641480029148e-01
8.172954641480029148e-01
1.199999999999999956e+00
1.199999999999999956e+00
2.609901294446311248e-01
2.609901294446311248e-01
1.685960787669047445e-01
1.685960787669047445e-01
4.906591611177457679e-02
4.906591611177457679e-02
1.199999999999999956e+00
1.199999999999999956e+00
1.341629522509086014e-01
1.341629522509086014e-01
1.199999999999999956e+00
1.199999999999999956e+00
8.589089642196423569e-01
8.589089642196423569e-01
2.763210676675151856e-01
2.763210676675151856e-01
1.391452371118761799e-01
1.391452371118761799e-01
1.199999999999999956e+00
1.199999999999999956e+00
2.485412712527700629e-01
2.485412712527700629e-01
2.106037798295439661e-02
2.106037798295439661e-02
1.199999999999999956e+00
1.199999999999999956e+00
6.007617283504504968e-01
6.007617283504504968e-01
8.847572996211273688e-01
8.847572996211273688e-01
1.864702124753236240e-02
1.864702124753236240e-02
1.464252513899867159e-01
1.464252513899867159e-01
2.536137734606276339e-01
2.536137734606276339e-01
4.497536274298019610e-01
4.497536274298019610e-01
4.402753402004440098e-01
4.402753402004440098e-01
1.199999999999999956e+00
1.199999999999999956e+00
1.199999999999999956e+00
1.199999999999999956e+00
7.589525794200318032e-01
7.589525794200318032e-01
1.932931586102964172e-01
1.932931586102964172e-01
1.369844263604730050e-01
1.369844263604730050e-01
2.726870427415972187e-01
2.726870427415972187e-01
1.471503894418745295e-01
1.471503894418745295e-01
2.030962580832854636e-01
2.030962580832854636e-01
1.151956731380572585e-01
1.151956731380572585e-01
1.566602467657787767e-01
1.566602467657787767e-01
4.816427661667214699e-01
4.816427661667214699e-01
2.214323830678954497e-01
2.214323830678954497e-01
1.199999999999999956e+00
1.199999999999999956e+00
1.199999999999999956e+00
1.199999999999999956e+00
6.396567506838951589e-02
6.396567506838951589e-02
6.168800028999087415e-01
6.168800028999087415e-01
3.096177025381859679e-03
3.096177025381859679e-03
3.982354130244110113e-01
3.982354130244110113e-01
1.199999999999999956e+00
1.199999999999999956e+00
1.060662024334590656e-02
1.060662024334590656e-02
2.552619011196042426e-02
2.552619011196042426e-02
1.199999999999999956e+00
1.199999999999999956e+00
1.199999999999999956e+00
1.199999999999999956e+00
3.649313807097689932e-02
3.649313807097689932e-02
1.199999999999999956e+00
1.199999999999999956e+00
3.436346576101605987e-01
3.436346576101605987e-01
1.199999999999999956e+00
1.199999999999999956e+00
4.582094727592647132e-01
4.582094727592647132e-01
3.805050515248885601e-01
3.805050515248885601e-01
1.036660999689341001e+00
1.036660999689341001e+00
2.992668708273597544e-01
2.992668708273597544e-01
1.199999999999999956e+00
1.199999999999999956e+00
6.271995160520100754e-01
6.271995160520100754e-01
1.094050473608575019e-01
1.094050473608575019e-01
1.196042323349366526e-01
1.196042323349366526e-01
1.891769564439467477e-01
1.891769564439467477e-01
4.363590046077334139e-02
4.363590046077334139e-02
4.966087336299671584e-01
4.966087336299671584e-01
3.865612915063154631e-01
3.865612915063154631e-01
3.582560289359215666e-01
3.582560289359215666e-01
1.199999999999999956e+00
1.199999999999999956e+00
7.308641941389875107e-01
7.308641941389875107e-01
4.024686672872471727e-01
4.024686672872471727e-01
7.035732430776505675e-01
7.035732430776505675e-01
2.489337518504831648e-01
2.489337518504831648e-01
4.310782232450294238e-01
4.310782232450294238e-01
7.251712982955242637e-02
7.251712982955242637e-02
1.199999999999999956e+00
1.199999999999999956e+00
1.199999999999999956e+00
1.199999999999999956e+00
3.899096012297649239e-01
3.899096012297649239e-01
5.423935116814309482e-02
5.423935116814309482e-02
1.694529919053050782e-01
1.694529919053050782e-01
3.671091481356860142e-01
3.671091481356860142e-01
3.185841182153281159e-01
3.185841182153281159e-01
7.561834233934843219e-01
7.561834233934843219e-01
3.581758617055383898e-01
3.581758617055383898e-01
1.028570133700282829e-01
1.028570133700282829e-01
1.061420819390845732e-01
1.061420819390845732e-01
1.199999999999999956e+00
1.199999999999999956e+00
1.998551959485653506e-01
1.998551959485653506e-01
1.199999999999999956e+00
1.199999999999999956e+00
3.834445318950875925e-01
3.834445318950875925e-01
1.748544835244797979e-01
1.748544835244797979e-01
4.672951275593025255e-01
4.672951275593025255e-01
1.199999999999999956e+00
1.199999999999999956e+00
2.822138118078036384e-01
2.822138118078036384e-01
2.092733540393811598e-01
2.092733540393811598e-01
2.230001599012522429e-02
2.230001599012522429e-02
1.199999999999999956e+00
1.199999999999999956e+00
5.247626382356374020e-02
5.247626382356374020e-02
1.199999999999999956e+00
1.199999999999999956e+00
1.199999999999999956e+00
1.199999999999999956e+00
2.026045532351760520e-02
2.026045532351760520e-02
1.199999999999999956e+00
1.199999999999999956e+00
2.580501411956155969e-02
2.580501411956155969e-02
6.818002152697970608e-01
6.818002152697970608e-01
1.199999999999999956e+00
1.199999999999999956e+00
4.587745104608473290e-01
4.587745104608473290e-01
8.140741217785308903e-01
8.140741217785308903e-01
6.262603065431622262e-01
6.262603065431622262e-01
1.262596602331765572e-01
1.262596602331765572e-01
2.066621521542236217e-01
2.066621521542236217e-01
5.521928541091148945e-01
5.521928541091148945e-01
3.863875919287143579e-01
3.863875919287143579e-01
1.199999999999999956e+00
1.199999999999999956e+00
5.611173071909109078e-02
5.611173071909109078e-02
2.457460718237350350e-01
2.457460718237350350e-01
1.199999999999999956e+00
1.199999999999999956e+00
1.199999999999999956e+00
1.199999999999999956e+00
6.666320930917617460e-01
6.666320930917617460e-01
8.362097936656219810e-01
8.362097936656219810e-01
1.056262007936408509e-01
1.056262007936408509e-01
1.152162734427349955e-01
1.152162734427349955e-01
8.158477927680030106e-01
8.158477927680030106e-01
1.199999999999999956e+00
1.199999999999999956e+00
1.199999999999999956e+00
1.199999999999999956e+00
1.199999999999999956e+00
1.199999999999999956e+00
2.268580571127480020e-03
2.268580571127480020e-03
6.277026879948048865e-01
6.277026879948048865e-01
1.199999999999999956e+00
1.199999999999999956e+00
7.010175894062811719e-02
7.010175894062811719e-02
9.398194857701813731e-01
9.398194857701813731e-01
2.575686274190594136e-02
2.575686274190594136e-02
2.666020970347325880e-01
2.666020970347325880e-01
3.932250976847185275e-01
3.932250976847185275e-01
8.877813230760219984e-03
8.877813230760219984e-03
7.341060915800079467e-01
7.341060915800079467e-01
6.001905774147676675e-01
6.001905774147676675e-01
2.371741479642763828e-01
2.371741479642763828e-01
4.593093177636555224e-01
4.593093177636555224e-01
5.292910007970306197e-01
5.292910007970306197e-01
5.462554298480565285e-02
5.462554298480565285e-02
1.104668432999581090e-01
1.104668432999581090e-01
1.553134213019023990e-01
1.553134213019023990e-01
1.426709833202851607e-01
1.426709833202851607e-01
4.535287045704775588e-01
4.535287045704775588e-01
2.269459263224935242e-01
2.269459263224935242e-01
3.679175527473618201e-01
3.679175527473618201e-01
3.807366421626622310e-01
3.807366421626622310e-01
2.550660246368921524e-01
2.550660246368921524e-01
5.454490369452089094e-02
5.454490369452089094e-02
1.026646994905920096e-01
1.026646994905920096e-01
5.429871097042940908e-01
5.429871097042940908e-01
4.010116110824955560e-01
4.010116110824955560e-01
8.765411734154848755e-02
8.765411734154848755e-02
5.915360147166101035e-01
5.915360147166101035e-01
1.089227695648494268e-02
1.089227695648494268e-02
4.053372213102097721e-01
4.053372213102097721e-01
4.895846344130701522e-01
4.895846344130701522e-01
1.438875023809421498e-02
1.438875023809421498e-02
1.894922496977813620e-01
1.894922496977813620e-01
5.230082933123174627e-01
5.230082933123174627e-01
4.581794170746547046e-01
4.581794170746547046e-01
1.130852926207522424e+00
1.130852926207522424e+00
2.166977950344070314e-01
2.166977950344070314e-01
3.517621102954469614e-01
3.517621102954469614e-01
3.812498038207403073e-01
3.812498038207403073e-01
2.862478500992832881e-02
2.862478500992832881e-02
4.580490188885886216e-01
4.580490188885886216e-01
3.951023209613766518e-01
3.951023209613766518e-01
3.739754787525313429e-01
3.739754787525313429e-01
1.199999999999999956e+00
1.199999999999999956e+00
1.199999999999999956e+00
1.199999999999999956e+00
1.048132523287762380e-01
1.048132523287762380e-01
1.199999999999999956e+00
1.199999999999999956e+00
1.199999999999999956e+00
1.199999999999999956e+00
3.529676564022126706e-01
3.529676564022126706e-01
2.828464491556507976e-02
2.828464491556507976e-02
1.784526633386959160e-01
1.784526633386959160e-01
1.199999999999999956e+00
1.199999999999999956e+00
1.199999999999999956e+00
1.199999999999999956e+00
8.417923301256977631e-01
8.417923301256977631e-01
1.578999179326227853e-01
1.578999179326227853e-01
2.389495791503432054e-01
2.389495791503432054e-01
7.457984854248321527e-02
7.457984854248321527e-02
2.384051704563593457e-02
2.384051704563593457e-02
2.073487900229512571e-01
2.073487900229512571e-01
4.536884037922201407e-01
4.536884037922201407e-01
8.689389998306706886e-02
8.689389998306706886e-02
1.199999999999999956e+00
1.199999999999999956e+00
5.553947487335036959e-01
5.553947487335036959e-01
9.798896356239722438e-02
9.798896356239722438e-02
1.199999999999999956e+00
1.199999999999999956e+00
9.666372992911755058e-02
9.666372992911755058e-02
1.011003672553704436e-01
1.011003672553704436e-01
1.199999999999999956e+00
1.199999999999999956e+00
3.757254858649242690e-01
3.757254858649242690e-01
6.254021055921317185e-01
6.254021055921317185e-01
2.630227210302080176e-01
2.630227210302080176e-01
1.199999999999999956e+00
1.199999999999999956e+00
4.337767927315139271e-01
4.337767927315139271e-01
5.540471241697574323e-01
5.540471241697574323e-01
1.199999999999999956e+00
1.199999999999999956e+00
5.686950416534827246e-01
5.686950416534827246e-01
1.009059784896326750e-01
1.009059784896326750e-01
7.603118666937236370e-02
7.603118666937236370e-02
4.506760994275071236e-02
4.506760994275071236e-02
1.696458033192663195e-01
1.696458033192663195e-01
4.002800969504803352e-01
4.002800969504803352e-01
1.199999999999999956e+00
1.199999999999999956e+00
1.580423665819466750e-01
1.580423665819466750e-01
5.292982786639768844e-02
5.292982786639768844e-02
5.786605259606744101e-01
5.786605259606744101e-01
3.806045177329356322e-02
3.806045177329356322e-02
9.125784196606441523e-02
9.125784196606441523e-02
3.358944228932034259e-01
3.358944228932034259e-01
1.199999999999999956e+00
1.199999999999999956e+00
6.929880821514913247e-01
6.929880821514913247e-01
2.308953450757744441e-01
2.308953450757744441e-01
1.199999999999999956e+00
1.199999999999999956e+00
1.521669189272070455e-01
1.521669189272070455e-01
3.200417384221561079e-01
3.200417384221561079e-01
6.508482000861687267e-01
6.508482000861687267e-01
1.807433401858847821e-01
1.807433401858847821e-01
1.199999999999999956e+00
1.199999999999999956e+00
2.256476097182675000e-01
2.256476097182675000e-01
5.222410134105048840e-01
5.222410134105048840e-01
6.476213497994234292e-01
6.476213497994234292e-01
5.447306819277993040e-02
5.447306819277993040e-02
6.329527699875936442e-01
6.329527699875936442e-01
1.591901627166018851e-01
1.591901627166018851e-01
2.388074655589071948e-01
2.388074655589071948e-01
2.471181496763442675e-01
2.471181496763442675e-01
1.199999999999999956e+00
1.199999999999999956e+00
1.199999999999999956e+00
1.199999999999999956e+00
4.105898129180752254e-01
4.105898129180752254e-01
7.350607276123828637e-02
7.350607276123828637e-02
1.199999999999999956e+00
1.199999999999999956e+00
1.233691824434452189e-01
1.233691824434452189e-01
5.024048514400754062e-01
5.024048514400754062e-01
1.199999999999999956e+00
1.199999999999999956e+00
5.408844906995704527e-01
5.408844906995704527e-01
4.276239633693696418e-01
4.276239633693696418e-01
5.814526451785715366e-01
5.814526451785715366e-01
1.199999999999999956e+00
1.199999999999999956e+00
1.199999999999999956e+00
1.199999999999999956e+00
2.040965632923912310e-01
2.040965632923912310e-01
2.894039805181180536e-01
2.894039805181180536e-01
1.199999999999999956e+00
1.199999999999999956e+00
1.199999999999999956e+00
1.199999999999999956e+00
7.038062868930229643e-02
7.038062868930229643e-02
9.511444120522555279e-02
9.511444120522555279e-02
1.199999999999999956e+00
1.199999999999999956e+00
1.199999999999999956e+00
1.199999999999999956e+00
2.684387164400219850e-01
2.684387164400219850e-01
3.724647860665666887e-01
3.724647860665666887e-01
1.535874057780584612e-01
1.535874057780584612e-01
1.807276214984677443e-01
1.807276214984677443e-01
1.199999999999999956e+00
1.199999999999999956e+00
1.199999999999999956e+00
1.199999999999999956e+00
1.989496180569282416e-02
1.989496180569282416e-02
6.412895748746022528e-01
6.412895748746022528e-01
1.199999999999999956e+00
1.199999999999999956e+00
1.199999999999999956e+00
1.199999999999999956e+00
2.752044267994507298e-01
2.752044267994507298e-01
7.555625720706766746e-01
7.555625720706766746e-01
1.199999999999999956e+00
1.199999999999999956e+00
6.839875724502395560e-01
6.839875724502395560e-01
1.199999999999999956e+00
1.199999999999999956e+00
7.674023368026539060e-01
7.674023368026539060e-01
1.152957935854160704e-01
1.152957935854160704e-01
1.199999999999999956e+00
1.199999999999999956e+00
4.212596916252552837e-01
4.212596916252552837e-01
7.391925518036982501e-01
7.391925518036982501e-01
9.840564666899531687e-02
9.840564666899531687e-02
4.016823465783089797e-02
4.016823465783089797e-02
3.722514239876670294e-01
3.722514239876670294e-01
4.327259472163496601e-01
4.327259472163496601e-01
4.186519359106246063e-01
4.186519359106246063e-01
1.199999999999999956e+00
1.199999999999999956e+00
2.256931504423531354e-01
2.256931504423531354e-01
1.662556709487512940e-01
1.662556709487512940e-01
1.317288003153732345e-01
1.317288003153732345e-01
2.016405187426644763e-01
2.016405187426644763e-01
1.651072310426220380e-01
1.651072310426220380e-01
6.200153527630852812e-02
6.200153527630852812e-02
8.715534209546794975e-02
8.715534209546794975e-02
6.144733906112693766e-01
6.144733906112693766e-01
2.186137276942111130e-01
2.186137276942111130e-01
2.804117380519126068e-01
2.804117380519126068e-01
2.715878567577718200e-02
2.715878567577718200e-02
4.386133646742196301e-02
4.386133646742196301e-02
3.079503257039353237e-01
3.079503257039353237e-01
1.463944443633674319e-01
1.463944443633674319e-01
1.199999999999999956e+00
1.199999999999999956e+00
6.878169098947621574e-02
6.878169098947621574e-02
1.535631843487673953e-01
1.535631843487673953e-01
1.199999999999999956e+00
1.199999999999999956e+00
3.258699909587864929e-01
3.258699909587864929e-01
6.553940334927986500e-02
6.553940334927986500e-02
2.421118405424410591e-02
2.421118405424410591e-02
1.199999999999999956e+00
1.199999999999999956e+00
3.476563142225508329e-01
3.476563142225508329e-01
3.293959482214135065e-02
3.293959482214135065e-02
3.221370042902584330e-01
3.221370042902584330e-01
1.199999999999999956e+00
1.199999999999999956e+00
3.544850292683526805e-01
3.544850292683526805e-01
6.404984132287450116e-01
6.404984132287450116e-01
1.199999999999999956e+00
1.199999999999999956e+00
1.752125248225946952e-01
1.752125248225946952e-01
3.851231488370689959e-01
3.851231488370689959e-01
1.199999999999999956e+00
1.199999999999999956e+00
1.586703324363948064e-01
1.586703324363948064e-01
8.570173038755213302e-02
8.570173038755213302e-02
1.933887222344773116e-01
1.933887222344773116e-01
3.337058575476096745e-01
3.337058575476096745e-01
9.376527548020067993e-02
9.376527548020067993e-02
1.199999999999999956e+00
1.199999999999999956e+00
6.416878580477922700e-01
6.416878580477922700e-01
6.872991399708934523e-02
6.872991399708934523e-02
2.093060812570154694e-01
2.093060812570154694e-01
1.199999999999999956e+00
1.199999999999999956e+00
1.512677756758576963e-01
1.512677756758576963e-01
1.342773111377759954e-01
1.342773111377759954e-01
1.199999999999999956e+00
1.199999999999999956e+00
1.199999999999999956e+00
1.199999999999999956e+00
1.548397565177286050e-01
1.548397565177286050e-01
1.199999999999999956e+00
1.199999999999999956e+00
2.974102649005830878e-01
2.974102649005830878e-01
1.199999999999999956e+00
1.199999999999999956e+00
1.199999999999999956e+00
1.199999999999999956e+00
2.656878970622970626e-01
2.656878970622970626e-01
3.390565120438744640e-02
3.390565120438744640e-02
5.632962811508651635e-01
5.632962811508651635e-01
2.688424671508774511e-01
2.688424671508774511e-01
1.627182221861569744e-01
1.627182221861569744e-01
1.071562784677645985e-01
1.071562784677645985e-01
1.829227721855220812e-01
1.829227721855220812e-01
4.597648503964428812e-01
4.597648503964428812e-01
2.309477889250582394e-01
2.309477889250582394e-01
2.523396479570289008e-01
2.523396479570289008e-01
1.504428761864505804e-01
1.504428761864505804e-01
7.503260119426069519e-02
7.503260119426069519e-02
1.199999999999999956e+00
1.199999999999999956e+00
5.277080990107609892e-01
5.277080990107609892e-01
1.199999999999999956e+00
1.199999999999999956e+00
6.681788387532555662e-03
6.681788387532555662e-03
1.199999999999999956e+00
1.199999999999999956e+00
2.242759348719940149e-01
2.242759348719940149e-01
1.938798535268332346e-02
1.938798535268332346e-02
5.011294249432551168e-02
5.011294249432551168e-02
5.312316292264643997e-02
5.312316292264643997e-02
1.623334265109440677e-01
1.623334265109440677e-01
6.837245301250988172e-01
6.837245301250988172e-01
2.790427756352525154e-03
2.790427756352525154e-03
5.542263941312459696e-01
5.542263941312459696e-01
1.199999999999999956e+00
1.199999999999999956e+00
4.281238258946866715e-01
4.281238258946866715e-01
1.142811018400582967e-01
1.142811018400582967e-01
3.190838261402169085e-01
3.190838261402169085e-01
1.953055144132120891e-01
1.953055144132120891e-01
1.244692223733256387e-01
1.244692223733256387e-01
7.822412878180577955e-01
7.822412878180577955e-01
1.199999999999999956e+00
1.199999999999999956e+00
2.694840518227999970e-01
2.694840518227999970e-01
3.478873827841588162e-01
3.478873827841588162e-01
1.199999999999999956e+00
1.199999999999999956e+00
3.847731425756970025e-01
3.847731425756970025e-01
7.504605950434021233e-01
7.504605950434021233e-01
1.637348996212083518e-01
1.637348996212083518e-01
4.316465878726820637e-01
4.316465878726820637e-01
1.199999999999999956e+00
1.199999999999999956e+00
2.978533640872357280e-01
2.978533640872357280e-01
3.134361968645822671e-02
3.134361968645822671e-02
1.199999999999999956e+00
1.199999999999999956e+00
1.199999999999999956e+00
1.199999999999999956e+00
2.538273206208121469e-01
2.538273206208121469e-01
2.598559511286853696e-01
2.598559511286853696e-01
6.714310050681063791e-01
6.714310050681063791e-01
1.097403356855096990e-01
1.097403356855096990e-01
2.425106359310758020e-02
2.425106359310758020e-02
1.199999999999999956e+00
1.199999999999999956e+00
1.414747308030612494e-01
1.414747308030612494e-01
4.510682187052177800e-02
4.510682187052177800e-02
3.965966330647754945e-01
3.965966330647754945e-01
1.199999999999999956e+00
1.199999999999999956e+00
1.199999999999999956e+00
1.199999999999999956e+00
7.516061568694700767e-01
7.516061568694700767e-01
3.287153662528570219e-01
3.287153662528570219e-01
1.125447609812380984e-01
1.125447609812380984e-01
2.017226859861448451e-02
2.017226859861448451e-02
1.784301810909350028e-01
1.784301810909350028e-01
4.981916505400294515e-01
4.981916505400294515e-01
2.523246654686502333e-01
2.523246654686502333e-01
2.255818047174968088e-01
2.255818047174968088e-01
1.107988651207644920e-01
1.107988651207644920e-01
1.199999999999999956e+00
1.199999999999999956e+00
3.935635797447900042e-01
3.935635797447900042e-01
7.182381014324699109e-01
7.182381014324699109e-01
2.156143645063536562e-01
2.156143645063536562e-01
5.115584137171950152e-01
5.115584137171950152e-01
2.660007022466611137e-01
2.660007022466611137e-01
1.902606706620020294e-01
1.902606706620020294e-01
7.597236553408732718e-01
7.597236553408732718e-01
4.579554885548313692e-01
4.579554885548313692e-01
2.937037160950983217e-01
2.937037160950983217e-01
3.491312598440489690e-01
3.491312598440489690e-01
6.613652948789777719e-01
6.613652948789777719e-01
1.199999999999999956e+00
1.199999999999999956e+00
1.305749000926724468e-01
1.305749000926724468e-01
8.638464933067235840e-02
8.638464933067235840e-02
1.199999999999999956e+00
1.199999999999999956e+00
3.309166317881853114e-01
3.309166317881853114e-01
4.582125006714659055e-01
4.582125006714659055e-01
1.386318640595205764e-01
1.386318640595205764e-01
1.199999999999999956e+00
1.199999999999999956e+00
1.914400619724530017e-01
1.914400619724530017e-01
1.706700850664936986e-01
1.706700850664936986e-01
3.664873810137784377e-02
3.664873810137784377e-02
6.451825037191420975e-01
6.451825037191420975e-01
4.844405265747384615e-01
4.844405265747384615e-01
5.766393931378702153e-02
5.766393931378702153e-02
1.025948524214091440e-01
1.025948524214091440e-01
1.199999999999999956e+00
1.199999999999999956e+00
1.232617586440165197e-01
1.232617586440165197e-01
5.657702965271272921e-01
5.657702965271272921e-01
1.199999999999999956e+00
1.199999999999999956e+00
1.199999999999999956e+00
1.199999999999999956e+00
1.469668841431787387e-01
1.469668841431787387e-01
2.456067734696903981e-02
2.456067734696903981e-02
7.736609461900407769e-01
7.736609461900407769e-01
1.256334992447541432e-01
1.256334992447541432e-01
9.019802452299003903e-01
9.019802452299003903e-01
6.466783867459113821e-01
6.466783867459113821e-01
5.674560171715125056e-01
5.674560171715125056e-01
2.039601496052877438e-01
2.039601496052877438e-01
2.170887529552752993e-01
2.170887529552752993e-01
1.714305001090988267e-01
1.714305001090988267e-01
4.309819635556566553e-02
4.309819635556566553e-02
1.199999999999999956e+00
1.199999999999999956e+00
3.130287811329619529e-01
3.130287811329619529e-01
1.199999999999999956e+00
1.199999999999999956e+00
3.795599757741752178e-01
3.795599757741752178e-01
4.484757459000817542e-02
4.484757459000817542e-02
1.199999999999999956e+00
1.199999999999999956e+00
3.067789180614938910e-02
3.067789180614938910e-02
1.199999999999999956e+00
1.199999999999999956e+00
4.981523133717744578e-01
4.981523133717744578e-01
3.699557390145901542e-02
3.699557390145901542e-02
4.788297565723391158e-01
4.788297565723391158e-01
1.199999999999999956e+00
1.199999999999999956e+00
2.408023270147053307e-01
2.408023270147053307e-01
2.147394226427857822e-01
2.147394226427857822e-01
1.199999999999999956e+00
1.199999999999999956e+00
2.264215868227750783e-01
2.264215868227750783e-01
1.199999999999999956e+00
1.199999999999999956e+00
6.926507530786939204e-02
6.926507530786939204e-02
2.117699447173279539e-03
2.117699447173279539e-03
1.578333443174581227e-02
1.578333443174581227e-02
1.921290324089839491e-02
1.921290324089839491e-02
1.939737297792551163e-01
1.939737297792551163e-01
9.241769272188030682e-01
9.241769272188030682e-01
1.073810710861064152e-02
1.073810710861064152e-02
2.806248493855001414e-01
2.806248493855001414e-01
3.405071994150972725e-01
3.405071994150972725e-01
1.199999999999999956e+00
1.199999999999999956e+00
3.194258816393174549e-01
3.194258816393174549e-01
3.933995332701054615e-01
3.933995332701054615e-01
6.397529018209689999e-01
6.397529018209689999e-01
4.420595941455946615e-02
4.420595941455946615e-02
1.199999999999999956e+00
1.199999999999999956e+00
4.372520434364642883e-01
4.372520434364642883e-01
1.199999999999999956e+00
1.199999999999999956e+00
3.955449653335630367e-01
3.955449653335630367e-01
6.789036045755796056e-02
6.789036045755796056e-02
6.383201389961831729e-02
6.383201389961831729e-02
1.199999999999999956e+00
1.199999999999999956e+00
1.714044346521422790e-01
1.714044346521422790e-01
9.051344169953895458e-01
9.051344169953895458e-01
2.946621955372498158e-01
2.946621955372498158e-01
1.074499785229561799e-01
1.074499785229561799e-01
1.365465932369176183e-01
1.365465932369176183e-01
1.199999999999999956e+00
1.199999999999999956e+00
4.405305398001100881e-01
4.405305398001100881e-01
3.639672996654541026e-01
3.639672996654541026e-01
5.160656468639864825e-01
5.160656468639864825e-01
2.887742123253216886e-01
2.887742123253216886e-01
1.429901255109149172e-01
1.429901255109149172e-01
9.886954955232095388e-02
9.886954955232095388e-02
7.252386737639469061e-01
7.252386737639469061e-01
7.947533042816540272e-02
7.947533042816540272e-02
4.617087682090370016e-01
4.617087682090370016e-01
5.089338759412508767e-02
5.089338759412508767e-02
1.199999999999999956e+00
1.199999999999999956e+00
3.758755492967613687e-02
3.758755492967613687e-02
1.693103993735811663e-01
1.693103993735811663e-01
1.561624731724756687e-01
1.561624731724756687e-01
1.199999999999999956e+00
1.199999999999999956e+00
3.174310309824113219e-02
3.174310309824113219e-02
4.052257706916174707e-01
4.052257706916174707e-01
1.199999999999999956e+00
1.199999999999999956e+00
6.391499887665742508e-01
6.391499887665742508e-01
4.578797337697218528e-01
4.578797337697218528e-01
9.363128080445978080e-03
9.363128080445978080e-03
1.739501447878933904e-01
1.739501447878933904e-01
7.922028635562680110e-01
7.922028635562680110e-01
2.175872352718210279e-01
2.175872352718210279e-01
1.199999999999999956e+00
1.199999999999999956e+00
1.199999999999999956e+00
1.199999999999999956e+00
3.332265666747011856e-01
3.332265666747011856e-01
2.150140916052994400e-01
2.150140916052994400e-01
1.199999999999999956e+00
1.199999999999999956e+00
3.467598609100224216e-01
3.467598609100224216e-01
5.598646588533124913e-01
5.598646588533124913e-01
1.199999999999999956e+00
1.199999999999999956e+00
2.704159853630824784e-01
2.704159853630824784e-01
1.490950349061948843e-01
1.490950349061948843e-01
2.663229142585172848e-01
2.663229142585172848e-01
1.199999999999999956e+00
1.199999999999999956e+00
3.634425606084079607e-01
3.634425606084079607e-01
5.070390793358975356e-01
5.070390793358975356e-01
2.660809462757224297e-01
2.660809462757224297e-01
4.011577279991327405e-01
4.011577279991327405e-01
3.452947033981175196e-01
3.452947033981175196e-01
2.108386396188959844e-01
2.108386396188959844e-01
5.348131373482182260e-01
5.348131373482182260e-01
3.057231080775622556e-01
3.057231080775622556e-01
6.130484164400497038e-01
6.130484164400497038e-01
1.147832889017793012e-01
1.147832889017793012e-01
1.199999999999999956e+00
1.199999999999999956e+00
1.039035582728490420e-02
1.039035582728490420e-02
4.475653319718795320e-01
4.475653319718795320e-01
1.464637387566829207e-01
1.464637387566829207e-01
2.547615821406395975e-02
2.547615821406395975e-02
2.944306196970244982e-01
2.944306196970244982e-01
1.199999999999999956e+00
1.199999999999999956e+00
1.199999999999999956e+00
1.199999999999999956e+00
4.923988288854569406e-02
4.923988288854569406e-02
2.647587112062205206e-01
2.647587112062205206e-01
1.191354394001287037e-01
1.191354394001287037e-01
3.896531440753182030e-01
3.896531440753182030e-01
1.199999999999999956e+00
1.199999999999999956e+00
1.199999999999999956e+00
1.199999999999999956e+00
5.349063132319823444e-01
5.349063132319823444e-01
7.081919702037886566e-01
7.081919702037886566e-01
6.987398149727468422e-01
6.987398149727468422e-01
6.247309223793545696e-02
6.247309223793545696e-02
6.411773758225401687e-02
6.411773758225401687e-02
1.199999999999999956e+00
1.199999999999999956e+00
1.199999999999999956e+00
1.199999999999999956e+00
2.693765068295063680e-01
2.693765068295063680e-01
1.482188042910480841e-01
1.482188042910480841e-01
1.305956464179139076e-01
1.305956464179139076e-01
9.068315836678671193e-03
9.068315836678671193e-03
2.397701416700547539e-01
2.397701416700547539e-01
2.150864019834981267e-01
2.150864019834981267e-01
4.882965624253499115e-01
4.882965624253499115e-01
8.995859951188469594e-01
8.995859951188469594e-01
4.726104032189298865e-02
4.726104032189298865e-02
1.617350926559196767e-01
1.617350926559196767e-01
1.199999999999999956e+00
1.199999999999999956e+00
9.165966373384276666e-02
9.165966373384276666e-02
1.666051282679684442e-01
1.666051282679684442e-01
1.077136673764044206e-01
1.077136673764044206e-01
1.257842847955733534e-01
1.257842847955733534e-01
3.897841915317074579e-01
3.897841915317074579e-01
3.816967613904561629e-01
3.816967613904561629e-01
3.490853480834820166e-01
3.490853480834820166e-01
7.832314328021047212e-01
7.832314328021047212e-01
8.881390295526848944e-03
8.881390295526848944e-03
2.200181997495152530e-01
2.200181997495152530e-01
1.199999999999999956e+00
1.199999999999999956e+00
1.987393452479940259e-01
1.987393452479940259e-01
1.199999999999999956e+00
1.199999999999999956e+00
5.704303803002901407e-01
5.704303803002901407e-01
1.420667655007242826e-02
1.420667655007242826e-02
7.832907723788684606e-02
7.832907723788684606e-02
2.236668337082621250e-01
2.236668337082621250e-01
3.388033154506553402e-01
3.388033154506553402e-01
6.782392490608425417e-01
6.782392490608425417e-01
2.717529089642942708e-01
2.717529089642942708e-01
4.261887893685595806e-03
4.261887893685595806e-03
2.964453893245994065e-01
2.964453893245994065e-01
5.250961994813690970e-02
5.250961994813690970e-02
2.388402204624757719e-01
2.388402204624757719e-01
2.130957182565418051e-01
2.130957182565418051e-01
1.776575561009667292e-01
1.776575561009667292e-01
5.208259195629796334e-01
5.208259195629796334e-01
2.176661835933969835e-02
2.176661835933969835e-02
2.909090382113327933e-01
2.909090382113327933e-01
1.668178673357228470e-01
1.668178673357228470e-01
1.199999999999999956e+00
1.199999999999999956e+00
5.029134267683493809e-01
5.029134267683493809e-01
7.708668338620369154e-01
7.708668338620369154e-01
8.633028943793225052e-01
8.633028943793225052e-01
4.042091919424808388e-01
4.042091919424808388e-01
1.500023111167585466e-01
1.500023111167585466e-01
1.199999999999999956e+00
1.199999999999999956e+00
5.305213054278221652e-01
5.305213054278221652e-01
2.029150018190245888e-02
2.029150018190245888e-02
2.103887648515813391e-01
2.103887648515813391e-01
6.111008701760389794e-01
6.111008701760389794e-01
3.349420057893803815e-02
3.349420057893803815e-02
2.561055054245943256e-03
2.561055054245943256e-03
2.669974323716120534e-01
2.669974323716120534e-01
1.199999999999999956e+00
1.199999999999999956e+00
1.326798574158164490e-01
1.326798574158164490e-01
3.157038587309305821e-03
3.157038587309305821e-03
2.192692263236987321e-02
2.192692263236987321e-02
2.339120758878803219e-01
2.339120758878803219e-01
1.199999999999999956e+00
1.199999999999999956e+00
1.491470981901061588e-01
1.491470981901061588e-01
1.444350032493621205e-01
1.444350032493621205e-01
3.891687114455106844e-01
3.891687114455106844e-01
1.355683615836086042e-01
1.355683615836086042e-01
1.199999999999999956e+00
1.199999999999999956e+00
1.199999999999999956e+00
1.199999999999999956e+00
5.521006599528938130e-02
5.521006599528938130e-02
1.199999999999999956e+00
1.199999999999999956e+00
3.740695846427486426e-01
3.740695846427486426e-01
1.199999999999999956e+00
1.199999999999999956e+00
1.199999999999999956e+00
1.199999999999999956e+00
2.564244106998915806e-01
2.564244106998915806e-01
4.900381555642372433e-01
4.900381555642372433e-01
1.475705784167836709e-01
1.475705784167836709e-01
1.693016463763453716e-01
1.693016463763453716e-01
4.449373708912816028e-01
4.449373708912816028e-01
3.763458323793307247e-01
3.763458323793307247e-01
3.794612318691055197e-01
3.794612318691055197e-01
4.443434496445739512e-01
4.443434496445739512e-01
1.199999999999999956e+00
1.199999999999999956e+00
1.330876327207439203e-01
1.330876327207439203e-01
2.172652382514174418e-02
2.172652382514174418e-02
7.566359073414397063e-02
7.566359073414397063e-02
2.021442614754720146e-01
2.021442614754720146e-01
3.766263644514349362e-01
3.766263644514349362e-01
1.479592669173881159e-01
1.479592669173881159e-01
2.373942124272616638e-01
2.373942124272616638e-01
6.371421440635058331e-02
6.371421440635058331e-02
2.941002142275320197e-01
2.941002142275320197e-01
1.199999999999999956e+00
1.199999999999999956e+00
2.028806334975137571e-02
2.028806334975137571e-02
1.909209867703851315e-01
1.909209867703851315e-01
2.139870719646679853e-01
2.139870719646679853e-01
8.356259026992875205e-02
8.356259026992875205e-02
2.062161660613632541e-01
2.062161660613632541e-01
1.282753704905748027e-01
1.282753704905748027e-01
7.080113908036236858e-02
7.080113908036236858e-02
3.374241470148786615e-01
3.374241470148786615e-01
5.953200838652806803e-01
5.953200838652806803e-01
1.675685475995616347e-01
1.675685475995616347e-01
2.286782125002461974e-01
2.286782125002461974e-01
1.199999999999999956e+00
1.199999999999999956e+00
1.199999999999999956e+00
1.199999999999999956e+00
7.244279062963598914e-02
7.244279062963598914e-02
1.199999999999999956e+00
1.199999999999999956e+00
3.308729883013548645e-01
3.308729883013548645e-01
7.653286819982496603e-01
7.653286819982496603e-01
4.255148199901491179e-01
4.255148199901491179e-01
2.044351680569510554e-01
2.044351680569510554e-01
4.563528042300845494e-02
4.563528042300845494e-02
3.893241623588878930e-01
3.893241623588878930e-01
2.552165037730980690e-01
2.552165037730980690e-01
4.968536857042274435e-02
4.968536857042274435e-02
1.049491720858102273e-01
1.049491720858102273e-01
1.370887900961300643e-01
1.370887900961300643e-01
8.013469632169550882e-02
8.013469632169550882e-02
3.237665271984349613e-02
3.237665271984349613e-02
4.983762046346614238e-01
4.983762046346614238e-01
