9.451652905609725375e-02
9.451652905609725375e-02
1.199999999999999956e+00
1.199999999999999956e+00
9.858081878695141853e-01
9.858081878695141853e-01
8.604145141705248356e-01
8.604145141705248356e-01
1.199999999999999956e+00
1.199999999999999956e+00
2.220998019235057019e-01
2.220998019235057019e-01
1.199999999999999956e+00
1.199999999999999956e+00
3.107202771879033487e-01
3.107202771879033487e-01
6.271497107909520530e-01
6.271497107909520530e-01
4.952784642629435297e-01
4.952784642629435297e-01
6.935862944905707428e-02
6.935862944905707428e-02
1.199999999999999956e+00
1.199999999999999956e+00
1.239866370333044393e-01
1.239866370333044393e-01
5.248456406758734705e-01
5.248456406758734705e-01
1.532069050718887215e-01
1.532069050718887215e-01
1.379129481858502315e-01
1.379129481858502315e-01
4.340600883249736142e-01
4.340600883249736142e-01
2.521314411798644683e-01
2.521314411798644683e-01
2.526218401592493223e-01
2.526218401592493223e-01
4.804007514368511811e-01
4.804007514368511811e-01
9.528106171047708850e-01
9.528106171047708850e-01
1.199930050922823899e-01
1.199930050922823899e-01
3.956002572194700084e-02
3.956002572194700084e-02
2.270788244894191843e-01
2.270788244894191843e-01
3.445727543306166263e-01
3.445727543306166263e-01
1.199999999999999956e+00
1.199999999999999956e+00
9.095033166712909178e-01
9.095033166712909178e-01
1.970367826903535458e-01
1.970367826903535458e-01
6.888352955044321213e-01
6.888352955044321213e-01
5.559088375461759268e-01
5.559088375461759268e-01
2.257286403911725747e-01
2.257286403911725747e-01
5.924207022887418850e-01
5.924207022887418850e-01
1.199999999999999956e+00
1.199999999999999956e+00
2.923007688380993563e-02
2.923007688380993563e-02
6.579254451390578740e-02
6.579254451390578740e-02
2.859115935197436564e-01
2.859115935197436564e-01
1.199999999999999956e+00
1.199999999999999956e+00
4.795555781043994159e-01
4.795555781043994159e-01
4.500186747824194144e-01
4.500186747824194144e-01
5.321654560547036672e-01
5.321654560547036672e-01
3.356292551861950191e-01
3.356292551861950191e-01
1.199999999999999956e+00
1.199999999999999956e+00
6.374753398757282419e-01
6.374753398757282419e-01
2.661448068718837434e-01
2.661448068718837434e-01
1.627185024636617905e-01
1.627185024636617905e-01
1.199999999999999956e+00
1.199999999999999956e+00
5.579473804074341903e-01
5.579473804074341903e-01
1.199999999999999956e+00
1.199999999999999956e+00
6.836251287128970455e-01
6.836251287128970455e-01
2.771883044566722520e-01
2.771883044566722520e-01
1.199999999999999956e+00
1.199999999999999956e+00
1.963560351178895713e-01
1.963560351178895713e-01
1.155151242236392845e-02
1.155151242236392845e-02
2.707117355879836706e-01
2.707117355879836706e-01
1.199999999999999956e+00
1.199999999999999956e+00
5.115563649696722864e-02
5.115563649696722864e-02
1.656616151018666105e-01
1.656616151018666105e-01
1.199999999999999956e+00
1.199999999999999956e+00
2.837879373434445407e-01
2.837879373434445407e-01
1.199999999999999956e+00
1.199999999999999956e+00
9.326661320077755946e-01
9.326661320077755946e-01
3.106287227617345881e-01
3.106287227617345881e-01
1.606885930438231858e-01
1.606885930438231858e-01
1.199999999999999956e+00
1.199999999999999956e+00
1.199999999999999956e+00
1.199999999999999956e+00
1.878920947537876529e-01
1.878920947537876529e-01
7.891194344583475351e-01
7.891194344583475351e-01
1.199999999999999956e+00
1.199999999999999956e+00
2.033432787576543443e-01
2.033432787576543443e-01
9.702740736771123253e-02
9.702740736771123253e-02
3.830212406299906558e-01
3.830212406299906558e-01
1.717744549849157809e-01
1.717744549849157809e-01
1.199999999999999956e+00
1.199999999999999956e+00
2.028721301972501723e-01
2.028721301972501723e-01
1.199999999999999956e+00
1.199999999999999956e+00
3.097881859880915849e-03
3.097881859880915849e-03
1.215357971997476777e-01
1.215357971997476777e-01
7.467196623031708835e-01
7.467196623031708835e-01
2.331186981440161107e-02
2.331186981440161107e-02
1.199999999999999956e+00
1.199999999999999956e+00
1.199999999999999956e+00
1.199999999999999956e+00
5.474722739549952033e-01
5.474722739549952033e-01
1.102991193770170436e-01
1.102991193770170436e-01
1.199999999999999956e+00
1.199999999999999956e+00
3.673742012180081229e-01
3.673742012180081229e-01
6.159246283811541378e-01
6.159246283811541378e-01
7.108116547396662321e-01
7.108116547396662321e-01
1.935147891206305815e-01
1.935147891206305815e-01
6.827442009227960851e-01
6.827442009227960851e-01
3.799651908603404737e-01
3.799651908603404737e-01
1.287285887232920423e-01
1.287285887232920423e-01
2.872689675531034381e-01
2.872689675531034381e-01
1.228319754593824031e-01
1.228319754593824031e-01
5.133667633303015121e-01
5.133667633303015121e-01
1.199999999999999956e+00
1.199999999999999956e+00
1.199999999999999956e+00
1.199999999999999956e+00
1.083070604912356460e-01
1.083070604912356460e-01
1.844369584747112545e-01
1.844369584747112545e-01
1.199999999999999956e+00
1.199999999999999956e+00
3.934576334264542896e-01
3.934576334264542896e-01
7.970852803678476484e-01
7.970852803678476484e-01
2.508114946542520096e-01
2.508114946542520096e-01
4.266911033684173127e-01
4.266911033684173127e-01
1.419307303514638977e-02
1.419307303514638977e-02
3.883064778760249580e-01
3.883064778760249580e-01
4.428142651300261967e-01
4.428142651300261967e-01
1.423965631972467782e-01
1.423965631972467782e-01
8.040481832507817561e-01
8.040481832507817561e-01
1.199999999999999956e+00
1.199999999999999956e+00
4.090662319656034329e-01
4.090662319656034329e-01
2.926007346695697620e-01
2.926007346695697620e-01
1.199999999999999956e+00
1.199999999999999956e+00
1.178896041634335118e-01
1.178896041634335118e-01
1.199999999999999956e+00
1.199999999999999956e+00
6.423226998846023328e-01
6.423226998846023328e-01
4.557782040023283798e-01
4.557782040023283798e-01
5.528342841889927195e-01
5.528342841889927195e-01
4.590156628977377640e-01
4.590156628977377640e-01
3.033527704376258738e-01
3.033527704376258738e-01
1.368698742574535054e-01
1.368698742574535054e-01
1.199999999999999956e+00
1.199999999999999956e+00
5.554322675441600854e-01
5.554322675441600854e-01
5.744019834728031348e-01
5.744019834728031348e-01
2.054406528655723096e-01
2.054406528655723096e-01
1.199999999999999956e+00
1.199999999999999956e+00
5.543265992683418242e-01
5.543265992683418242e-01
5.248394689127096058e-01
5.248394689127096058e-01
4.134963108164090295e-01
4.134963108164090295e-01
1.199999999999999956e+00
1.199999999999999956e+00
3.305855701372842348e-01
3.305855701372842348e-01
5.650012565988981050e-01
5.650012565988981050e-01
5.481159470079696727e-02
5.481159470079696727e-02
9.020891994340578257e-05
9.020891994340578257e-05
3.124489700763756310e-03
3.124489700763756310e-03
1.199999999999999956e+00
1.199999999999999956e+00
1.028960974835410602e-01
1.028960974835410602e-01
1.502827974613549777e-01
1.502827974613549777e-01
3.617074595924933966e-01
3.617074595924933966e-01
1.199999999999999956e+00
1.199999999999999956e+00
5.942390365819610887e-01
5.942390365819610887e-01
1.381028124413797298e-01
1.381028124413797298e-01
9.047885579309571102e-02
9.047885579309571102e-02
3.548931389570077477e-01
3.548931389570077477e-01
6.022439741529443946e-01
6.022439741529443946e-01
1.078651738732064047e-01
1.078651738732064047e-01
1.199999999999999956e+00
1.199999999999999956e+00
1.199999999999999956e+00
1.199999999999999956e+00
2.881500619009314534e-01
2.881500619009314534e-01
6.690210016617317290e-01
6.690210016617317290e-01
2.768226360803942021e-01
2.768226360803942021e-01
1.199999999999999956e+00
1.199999999999999956e+00
1.601116902542689402e-01
1.601116902542689402e-01
1.199999999999999956e+00
1.199999999999999956e+00
1.110448118844001852e+00
1.110448118844001852e+00
7.434215055042728282e-03
7.434215055042728282e-03
1.199999999999999956e+00
1.199999999999999956e+00
2.537210038067795326e-01
2.537210038067795326e-01
1.199999999999999956e+00
1.199999999999999956e+00
1.199999999999999956e+00
1.199999999999999956e+00
8.631259294426471551e-03
8.631259294426471551e-03
7.157142031356349132e-02
7.157142031356349132e-02
1.515435282759739211e-01
1.515435282759739211e-01
6.951376417841509392e-01
6.951376417841509392e-01
1.192877394111823003e-01
1.192877394111823003e-01
5.799960865069322957e-02
5.799960865069322957e-02
1.808578785714868575e-01
1.808578785714868575e-01
1.199999999999999956e+00
1.199999999999999956e+00
4.025922253449361055e-01
4.025922253449361055e-01
3.238205367221760889e-01
3.238205367221760889e-01
1.136207176594190793e+00
1.136207176594190793e+00
1.199999999999999956e+00
1.199999999999999956e+00
1.199999999999999956e+00
1.199999999999999956e+00
1.258463378398518573e-01
1.258463378398518573e-01
1.199999999999999956e+00
1.199999999999999956e+00
1.199999999999999956e+00
1.199999999999999956e+00
4.853557657924959523e-01
4.853557657924959523e-01
4.973342325539265585e-01
4.973342325539265585e-01
1.275995454333935242e-01
1.275995454333935242e-01
1.258492951723156617e-01
1.258492951723156617e-01
4.067663850115352808e-01
4.067663850115352808e-01
1.199999999999999956e+00
1.199999999999999956e+00
6.382839631306584938e-01
6.382839631306584938e-01
1.085122223751478904e-01
1.085122223751478904e-01
1.199999999999999956e+00
1.199999999999999956e+00
1.199999999999999956e+00
1.199999999999999956e+00
1.141417039286342777e-01
1.141417039286342777e-01
1.474752548615475833e-01
1.474752548615475833e-01
1.199999999999999956e+00
1.199999999999999956e+00
1.199999999999999956e+00
1.199999999999999956e+00
1.199999999999999956e+00
1.199999999999999956e+00
9.531550302077849979e-02
9.531550302077849979e-02
4.008734256202486357e-01
4.008734256202486357e-01
7.069193839498685294e-01
7.069193839498685294e-01
2.527488726061715707e-01
2.527488726061715707e-01
1.244414099922440536e-01
1.244414099922440536e-01
1.199999999999999956e+00
1.199999999999999956e+00
2.738716510973992491e-01
2.738716510973992491e-01
6.375534116798284856e-01
6.375534116798284856e-01
3.419144161660849779e-01
3.419144161660849779e-01
3.431953567549614892e-01
3.431953567549614892e-01
3.617000047939321061e-01
3.617000047939321061e-01
6.178097615823507915e-01
6.178097615823507915e-01
6.480411032139606897e-01
6.480411032139606897e-01
1.332150244351792689e-01
1.332150244351792689e-01
7.807872751726474547e-02
7.807872751726474547e-02
1.414611443687562031e-01
1.414611443687562031e-01
2.712613339813644830e-01
2.712613339813644830e-01
6.203870824117717619e-01
6.203870824117717619e-01
8.796960826587967297e-01
8.796960826587967297e-01
4.499591171403991563e-01
4.499591171403991563e-01
2.139511707092321968e-01
2.139511707092321968e-01
2.354566903601739425e-01
2.354566903601739425e-01
2.422086070555663426e-02
2.422086070555663426e-02
6.010511211626008432e-01
6.010511211626008432e-01
6.261994471893314040e-01
6.261994471893314040e-01
1.199999999999999956e+00
1.199999999999999956e+00
8.237342272444735103e-02
8.237342272444735103e-02
1.199999999999999956e+00
1.199999999999999956e+00
1.199999999999999956e+00
1.199999999999999956e+00
1.199999999999999956e+00
1.199999999999999956e+00
1.199999999999999956e+00
1.199999999999999956e+00
5.738629934905702806e-02
5.738629934905702806e-02
1.199999999999999956e+00
1.199999999999999956e+00
1.199999999999999956e+00
1.199999999999999956e+00
2.542060742011766350e-01
2.542060742011766350e-01
5.347145574811920099e-01
5.347145574811920099e-01
2.066835514188963274e-01
2.066835514188963274e-01
1.199999999999999956e+00
1.199999999999999956e+00
5.931149388397107813e-01
5.931149388397107813e-01
4.866459809826465532e-01
4.866459809826465532e-01
2.567465810374719992e-01
2.567465810374719992e-01
1.199999999999999956e+00
1.199999999999999956e+00
1.065798083976218780e-01
1.065798083976218780e-01
6.149778737381487170e-01
6.149778737381487170e-01
1.199999999999999956e+00
1.199999999999999956e+00
3.736658168990594220e-01
3.736658168990594220e-01
1.199999999999999956e+00
1.199999999999999956e+00
1.199999999999999956e+00
1.199999999999999956e+00
1.575052947820164140e-01
1.575052947820164140e-01
5.175197674180943563e-01
5.175197674180943563e-01
3.507303298149024307e-01
3.507303298149024307e-01
4.107463549566874317e-01
4.107463549566874317e-01
4.511026805854276289e-01
4.511026805854276289e-01
3.070586727363693313e-01
3.070586727363693313e-01
1.263389331051530673e-01
1.263389331051530673e-01
2.021765599552708681e-01
2.021765599552708681e-01
5.052686341075193210e-01
5.052686341075193210e-01
8.371444284103433942e-02
8.371444284103433942e-02
1.199999999999999956e+00
1.199999999999999956e+00
1.199999999999999956e+00
1.199999999999999956e+00
4.620441516533805859e-01
4.620441516533805859e-01
3.027004895475217672e-01
3.027004895475217672e-01
1.199999999999999956e+00
1.199999999999999956e+00
5.579690593473873861e-02
5.579690593473873861e-02
6.415000540905917148e-02
6.415000540905917148e-02
1.672987531390998373e-01
1.672987531390998373e-01
1.199999999999999956e+00
1.199999999999999956e+00
1.112690646273513558e-02
1.112690646273513558e-02
3.199914146728996545e-01
3.199914146728996545e-01
5.534422196307425823e-01
5.534422196307425823e-01
2.118594389126659261e-01
2.118594389126659261e-01
5.083795654832681254e-01
5.083795654832681254e-01
4.432607588055250125e-01
4.432607588055250125e-01
1.199999999999999956e+00
1.199999999999999956e+00
1.605442242466115776e-01
1.605442242466115776e-01
1.199999999999999956e+00
1.199999999999999956e+00
6.474103207959887030e-01
6.474103207959887030e-01
4.074284143633790101e-01
4.074284143633790101e-01
5.301828395551401174e-01
5.301828395551401174e-01
4.221356678553647157e-01
4.221356678553647157e-01
1.199999999999999956e+00
1.199999999999999956e+00
7.900132134322848665e-02
7.900132134322848665e-02
9.506584104785791300e-01
9.506584104785791300e-01
3.884874412305490132e-01
3.884874412305490132e-01
4.166319681411295162e-01
4.166319681411295162e-01
4.179538184880138285e-01
4.179538184880138285e-01
1.689094622902112819e-01
1.689094622902112819e-01
9.739014189656125531e-02
9.739014189656125531e-02
4.022160507229430859e-01
4.022160507229430859e-01
1.199999999999999956e+00
1.199999999999999956e+00
6.652767261141540218e-03
6.652767261141540218e-03
1.199999999999999956e+00
1.199999999999999956e+00
1.199999999999999956e+00
1.199999999999999956e+00
6.242025736296579197e-01
6.242025736296579197e-01
5.098999614651202050e-02
5.098999614651202050e-02
1.411727546061741084e-02
1.411727546061741084e-02
2.015386825574942697e-01
2.015386825574942697e-01
1.199999999999999956e+00
1.199999999999999956e+00
9.388063761346808478e-02
9.388063761346808478e-02
4.051542075862769043e-01
4.051542075862769043e-01
1.199999999999999956e+00
1.199999999999999956e+00
1.461160847398994822e-01
1.461160847398994822e-01
1.199999999999999956e+00
1.199999999999999956e+00
1.199999999999999956e+00
1.199999999999999956e+00
3.102172830933368486e-01
3.102172830933368486e-01
1.199999999999999956e+00
1.199999999999999956e+00
3.912929773017678747e-01
3.912929773017678747e-01
9.941259810824294441e-01
9.941259810824294441e-01
2.850988209218206504e-01
2.850988209218206504e-01
7.761530643260775575e-01
7.761530643260775575e-01
2.929640565576959732e-01
2.929640565576959732e-01
2.788393123345593305e-01
2.788393123345593305e-01
1.993702087466494299e-01
1.993702087466494299e-01
5.402400518972991783e-01
5.402400518972991783e-01
1.974283086445990654e-01
1.974283086445990654e-01
5.475390430616075554e-02
5.475390430616075554e-02
4.062255407532331941e-01
4.062255407532331941e-01
1.199999999999999956e+00
1.199999999999999956e+00
1.077300135503024142e-01
1.077300135503024142e-01
1.624363058520054415e-01
1.624363058520054415e-01
1.199999999999999956e+00
1.199999999999999956e+00
4.410804420014095562e-01
4.410804420014095562e-01
1.354665604724075018e-02
1.354665604724075018e-02
5.401066597198110886e-01
5.401066597198110886e-01
1.199999999999999956e+00
1.199999999999999956e+00
1.199999999999999956e+00
1.199999999999999956e+00
1.199999999999999956e+00
1.199999999999999956e+00
1.523846071201903074e-01
1.523846071201903074e-01
4.235186428367304634e-02
4.235186428367304634e-02
1.638057492321989828e-01
1.638057492321989828e-01
3.096001029143726768e-01
3.096001029143726768e-01
1.199999999999999956e+00
1.199999999999999956e+00
1.199999999999999956e+00
1.199999999999999956e+00
8.820194821443813615e-02
8.820194821443813615e-02
6.665292969425404834e-01
6.665292969425404834e-01
2.596636326622347446e-01
2.596636326622347446e-01
3.008089391048340833e-01
3.008089391048340833e-01
5.987825960777795054e-01
5.987825960777795054e-01
4.425509622130897880e-02
4.425509622130897880e-02
1.199999999999999956e+00
1.199999999999999956e+00
4.291973327270553473e-01
4.291973327270553473e-01
5.037356171135579652e-01
5.037356171135579652e-01
5.853713920695009509e-01
5.853713920695009509e-01
1.199999999999999956e+00
1.199999999999999956e+00
2.207147210666456916e-01
2.207147210666456916e-01
4.248036355686542892e-02
4.248036355686542892e-02
4.040016226113029574e-01
4.040016226113029574e-01
7.742984135813123503e-01
7.742984135813123503e-01
4.718211851367597465e-01
4.718211851367597465e-01
7.233211677110195081e-01
7.233211677110195081e-01
1.199999999999999956e+00
1.199999999999999956e+00
4.779808738941866975e-01
4.779808738941866975e-01
3.244425349690132077e-01
3.244425349690132077e-01
2.576338479267024570e-03
2.576338479267024570e-03
1.338415937819945334e-01
1.338415937819945334e-01
1.923808833743335667e-01
1.923808833743335667e-01
5.955338726914476827e-02
5.955338726914476827e-02
1.168119173874577754e-01
1.168119173874577754e-01
2.245976686980834594e-02
2.245976686980834594e-02
5.084782576382338437e-01
5.084782576382338437e-01
8.331141083187558749e-01
8.331141083187558749e-01
4.039946963811333891e-01
4.039946963811333891e-01
9.712058559933038626e-02
9.712058559933038626e-02
3.068895371720958831e-01
3.068895371720958831e-01
2.938636220756268846e-01
2.938636220756268846e-01
7.008764172159795969e-01
7.008764172159795969e-01
4.927761812813438169e-01
4.927761812813438169e-01
2.274881422995484737e-01
2.274881422995484737e-01
1.517977651187351062e-01
1.517977651187351062e-01
3.666673923017665926e-01
3.666673923017665926e-01
1.547441480762034582e-01
1.547441480762034582e-01
1.247642844915910348e-01
1.247642844915910348e-01
1.199999999999999956e+00
1.199999999999999956e+00
1.199999999999999956e+00
1.199999999999999956e+00
2.933107318730169832e-01
2.933107318730169832e-01
2.463885202406188302e-01
2.463885202406188302e-01
1.199999999999999956e+00
1.199999999999999956e+00
7.264363805611083469e-02
7.264363805611083469e-02
6.031551674146204967e-01
6.031551674146204967e-01
2.837947497558501730e-01
2.837947497558501730e-01
6.152681077256775266e-01
6.152681077256775266e-01
2.768404752431956051e-01
2.768404752431956051e-01
1.328456062136755544e-01
1.328456062136755544e-01
4.251715339150015094e-01
4.251715339150015094e-01
2.692463691315355456e-01
2.692463691315355456e-01
2.116527240358054562e-01
2.116527240358054562e-01
2.526514585426870574e-01
2.526514585426870574e-01
1.265261597709943231e-01
1.265261597709943231e-01
2.010426082172889761e-01
2.010426082172889761e-01
2.899278968650195742e-01
2.899278968650195742e-01
2.913499567495816400e-01
2.913499567495816400e-01
4.409164140815912680e-01
4.409164140815912680e-01
2.546281539263837157e-01
2.546281539263837157e-01
2.395556946912162088e-01
2.395556946912162088e-01
3.746411885433464928e-01
3.746411885433464928e-01
1.199999999999999956e+00
1.199999999999999956e+00
1.199999999999999956e+00
1.199999999999999956e+00
1.407647846019729476e-01
1.407647846019729476e-01
7.031770617255048705e-01
7.031770617255048705e-01
4.476970214674658166e-01
4.476970214674658166e-01
1.199999999999999956e+00
1.199999999999999956e+00
2.715787099848332997e-01
2.715787099848332997e-01
5.588353310859807133e-01
5.588353310859807133e-01
1.199999999999999956e+00
1.199999999999999956e+00
2.090683819039528268e-01
2.090683819039528268e-01
2.178366853715503204e-01
2.178366853715503204e-01
2.318445657792014281e-01
2.318445657792014281e-01
1.199999999999999956e+00
1.199999999999999956e+00
6.487205796551807069e-01
6.487205796551807069e-01
1.199999999999999956e+00
1.199999999999999956e+00
2.387992094033648538e-01
2.387992094033648538e-01
1.199999999999999956e+00
1.199999999999999956e+00
1.279904587358383639e-01
1.279904587358383639e-01
1.199999999999999956e+00
1.199999999999999956e+00
2.711358029672343295e-01
2.711358029672343295e-01
1.173775847683985046e-01
1.173775847683985046e-01
5.230311364852510692e-02
5.230311364852510692e-02
2.688841683925641268e-02
2.688841683925641268e-02
2.224304072695224288e-01
2.224304072695224288e-01
1.199999999999999956e+00
1.199999999999999956e+00
1.199999999999999956e+00
1.199999999999999956e+00
3.617195075205146410e-02
3.617195075205146410e-02
2.345761687332052203e-01
2.345761687332052203e-01
1.199999999999999956e+00
1.199999999999999956e+00
4.345187532218248716e-01
4.345187532218248716e-01
4.227451530528916201e-01
4.227451530528916201e-01
6.535364359135249490e-01
6.535364359135249490e-01
1.199999999999999956e+00
1.199999999999999956e+00
1.388537131059754681e-01
1.388537131059754681e-01
8.730629733694329764e-02
8.730629733694329764e-02
1.199999999999999956e+00
1.199999999999999956e+00
2.486204613302571420e-01
2.486204613302571420e-01
3.495271496888416873e-01
3.495271496888416873e-01
5.872403249678289638e-01
5.872403249678289638e-01
5.834212202925437296e-01
5.834212202925437296e-01
7.617377006708772602e-02
7.617377006708772602e-02
2.438141167708455515e-01
2.438141167708455515e-01
7.329977566007113421e-02
7.329977566007113421e-02
1.900571345363688547e-01
1.900571345363688547e-01
1.199999999999999956e+00
1.199999999999999956e+00
1.199999999999999956e+00
1.199999999999999956e+00
1.199999999999999956e+00
1.199999999999999956e+00
3.345394336082708753e-01
3.345394336082708753e-01
8.541007571304511936e-01
8.541007571304511936e-01
1.199999999999999956e+00
1.199999999999999956e+00
1.029309478872117156e-01
1.029309478872117156e-01
3.382589420800132807e-01
3.382589420800132807e-01
4.228384766624860847e-01
4.228384766624860847e-01
3.041324242999630598e-03
3.041324242999630598e-03
1.199999999999999956e+00
1.199999999999999956e+00
5.173513080203546999e-02
5.173513080203546999e-02
3.477659268488469957e-01
3.477659268488469957e-01
6.959960651491402528e-01
6.959960651491402528e-01
1.199999999999999956e+00
1.199999999999999956e+00
4.629752929524543620e-02
4.629752929524543620e-02
1.199999999999999956e+00
1.199999999999999956e+00
1.103775914962298876e-02
1.103775914962298876e-02
1.199999999999999956e+00
1.199999999999999956e+00
3.987450399585912852e-01
3.987450399585912852e-01
1.199999999999999956e+00
1.199999999999999956e+00
1.102930779267980582e-01
1.102930779267980582e-01
4.795866516070813011e-03
4.795866516070813011e-03
5.358527618863105912e-01
5.358527618863105912e-01
2.303456299494841264e-01
2.303456299494841264e-01
1.199999999999999956e+00
1.199999999999999956e+00
3.972221240722013658e-01
3.972221240722013658e-01
1.199999999999999956e+00
1.199999999999999956e+00
8.506449646771655493e-01
8.506449646771655493e-01
6.079036110878601740e-01
6.079036110878601740e-01
1.158209134358433173e-01
1.158209134358433173e-01
6.137264198037322149e-01
6.137264198037322149e-01
6.154397713723774865e-02
6.154397713723774865e-02
1.911180952039495118e-01
1.911180952039495118e-01
1.199999999999999956e+00
1.199999999999999956e+00
4.313096374165231173e-01
4.313096374165231173e-01
8.540424848658273449e-02
8.540424848658273449e-02
3.392875028126177139e-01
3.392875028126177139e-01
1.690433560708008709e-01
1.690433560708008709e-01
1.885364115121123951e-01
1.885364115121123951e-01
4.634252923267923596e-01
4.634252923267923596e-01
2.524132563236962390e-03
2.524132563236962390e-03
1.786996934965230099e-01
1.786996934965230099e-01
9.418752549262397744e-02
9.418752549262397744e-02
2.712501080935402209e-01
2.712501080935402209e-01
5.632123336535726534e-04
5.632123336535726534e-04
1.667101884398429212e-01
1.667101884398429212e-01
3.847115271255948515e-02
3.847115271255948515e-02
8.104881694194659980e-01
8.104881694194659980e-01
1.784145142700427067e-01
1.784145142700427067e-01
1.040113867981976359e+00
1.040113867981976359e+00
4.118022684493302110e-01
4.118022684493302110e-01
1.199999999999999956e+00
1.199999999999999956e+00
1.474874914652003211e-01
1.474874914652003211e-01
1.199999999999999956e+00
1.199999999999999956e+00
1.104677792488706345e+00
1.104677792488706345e+00
4.563985654430433581e-01
4.563985654430433581e-01
1.051729896809642240e-01
1.051729896809642240e-01
1.199999999999999956e+00
1.199999999999999956e+00
1.628040965001918972e-01
1.628040965001918972e-01
2.985324400960141789e-02
2.985324400960141789e-02
5.144174444169912208e-01
5.144174444169912208e-01
4.276022674570992277e-01
4.276022674570992277e-01
1.199999999999999956e+00
1.199999999999999956e+00
1.285059197679288001e-01
1.285059197679288001e-01
1.934651016116241684e-01
1.934651016116241684e-01
5.335779647613625443e-01
5.335779647613625443e-01
4.554146048493337706e-01
4.554146048493337706e-01
1.199999999999999956e+00
1.199999999999999956e+00
1.199999999999999956e+00
1.199999999999999956e+00
7.114410040515154465e-01
7.114410040515154465e-01
9.062263979818113713e-02
9.062263979818113713e-02
3.161801393086566270e-01
3.161801393086566270e-01
1.386980245953632895e-01
1.386980245953632895e-01
7.533818691714026794e-02
7.533818691714026794e-02
4.415415326252315475e-01
4.415415326252315475e-01
1.121162961277614653e-02
1.121162961277614653e-02
3.445611402387246391e-01
3.445611402387246391e-01
6.736245486229287815e-02
6.736245486229287815e-02
2.222935747774235082e-02
2.222935747774235082e-02
1.199999999999999956e+00
1.199999999999999956e+00
1.710958351362381336e-01
1.710958351362381336e-01
4.490028010533958502e-01
4.490028010533958502e-01
7.844245934038579504e-02
7.844245934038579504e-02
2.902198811096633191e-02
2.902198811096633191e-02
2.877870489424758094e-01
2.877870489424758094e-01
5.616415830383493513e-02
5.616415830383493513e-02
4.184759675163855497e-01
4.184759675163855497e-01
2.420177919951386203e-01
2.420177919951386203e-01
8.098707231469547407e-01
8.098707231469547407e-01
7.743180308266141287e-02
7.743180308266141287e-02
7.960361530033226510e-03
7.960361530033226510e-03
5.244230217926033610e-01
5.244230217926033610e-01
1.119414969050306213e-01
1.119414969050306213e-01
2.605800790613287399e-01
2.605800790613287399e-01
3.963922569564374276e-01
3.963922569564374276e-01
5.994851432586559836e-01
5.994851432586559836e-01
1.752752172839025513e-01
1.752752172839025513e-01
4.512309624766055460e-01
4.512309624766055460e-01
7.643098302301861713e-01
7.643098302301861713e-01
1.210338349645108807e-01
1.210338349645108807e-01
6.266415951681035545e-02
6.266415951681035545e-02
1.199999999999999956e+00
1.199999999999999956e+00
5.094272823856352828e-01
5.094272823856352828e-01
3.338427318589834991e-01
3.338427318589834991e-01
5.593431468825778297e-02
5.593431468825778297e-02
9.328821787523594589e-01
9.328821787523594589e-01
6.563479041181856655e-01
6.563479041181856655e-01
1.199999999999999956e+00
1.199999999999999956e+00
4.408810372774865094e-01
4.408810372774865094e-01
9.659607180474067967e-01
9.659607180474067967e-01
2.478473177227438207e-01
2.478473177227438207e-01
1.403424229900411546e-01
1.403424229900411546e-01
4.752156376636735846e-01
4.752156376636735846e-01
1.199999999999999956e+00
1.199999999999999956e+00
1.199999999999999956e+00
1.199999999999999956e+00
8.264757001285012450e-01
8.264757001285012450e-01
3.645706001993538337e-01
3.645706001993538337e-01
1.199999999999999956e+00
1.199999999999999956e+00
1.180274362955924077e-02
1.180274362955924077e-02
1.682306143267291443e-01
1.682306143267291443e-01
6.628162580504993739e-01
6.628162580504993739e-01
1.145279923627056662e-01
1.145279923627056662e-01
8.429739089718196743e-02
8.429739089718196743e-02
1.199999999999999956e+00
1.199999999999999956e+00
1.199999999999999956e+00
1.199999999999999956e+00
1.258287815218042116e-01
1.258287815218042116e-01
5.426158372149580402e-04
5.426158372149580402e-04
4.094140161905079900e-01
4.094140161905079900e-01
2.511506700137215720e-02
2.511506700137215720e-02
4.983245243732915830e-02
4.983245243732915830e-02
1.199999999999999956e+00
1.199999999999999956e+00
1.199999999999999956e+00
1.199999999999999956e+00
4.686651842183162664e-01
4.686651842183162664e-01
1.740528841672928928e-01
1.740528841672928928e-01
1.199999999999999956e+00
1.199999999999999956e+00
6.979552436733249543e-01
6.979552436733249543e-01
2.597862252797574212e-01
2.597862252797574212e-01
3.078573081559861646e-01
3.078573081559861646e-01
2.766534291541560275e-01
2.766534291541560275e-01
6.313685219498594847e-01
6.313685219498594847e-01
3.040469284506863712e-02
3.040469284506863712e-02
2.353541997143999420e-01
2.353541997143999420e-01
4.963346368674089598e-02
4.963346368674089598e-02
1.199999999999999956e+00
1.199999999999999956e+00
4.160203158189518802e-01
4.160203158189518802e-01
4.167367211452952663e-02
4.167367211452952663e-02
4.178553769058327427e-01
4.178553769058327427e-01
2.651688646321848641e-01
2.651688646321848641e-01
1.199999999999999956e+00
1.199999999999999956e+00
1.972205962384347422e-01
1.972205962384347422e-01
1.199999999999999956e+00
1.199999999999999956e+00
1.992902588773709516e-01
1.992902588773709516e-01
1.199999999999999956e+00
1.199999999999999956e+00
2.384621341781911416e-02
2.384621341781911416e-02
5.833393093198300239e-01
5.833393093198300239e-01
9.906203157850724805e-01
9.906203157850724805e-01
4.216888537134826365e-01
4.216888537134826365e-01
3.320896937562340390e-01
3.320896937562340390e-01
3.606786209026471290e-01
3.606786209026471290e-01
6.259056141990074207e-02
6.259056141990074207e-02
9.073916796527131678e-02
9.073916796527131678e-02
5.700452087617907670e-03
5.700452087617907670e-03
9.332977061055475199e-02
9.332977061055475199e-02
1.199999999999999956e+00
1.199999999999999956e+00
8.016866270553280049e-01
8.016866270553280049e-01
1.199999999999999956e+00
1.199999999999999956e+00
5.014569496427545570e-02
5.014569496427545570e-02
1.199999999999999956e+00
1.199999999999999956e+00
1.199999999999999956e+00
1.199999999999999956e+00
1.310458723267841075e+00
1.310458723267841075e+00
2.697502200257677063e-01
2.697502200257677063e-01
1.814778255097802828e-01
1.814778255097802828e-01
1.166400043382872370e-01
1.166400043382872370e-01
1.858985533641079047e-01
1.858985533641079047e-01
1.070466020823138964e-01
1.070466020823138964e-01
3.805744358936516414e-02
3.805744358936516414e-02
1.199999999999999956e+00
1.199999999999999956e+00
4.492899834540786674e-01
4.492899834540786674e-01
2.297435617603950375e-01
2.297435617603950375e-01
4.696974033867019199e-02
4.696974033867019199e-02
1.573931381498993309e-01
1.573931381498993309e-01
3.561287481096189755e-01
3.561287481096189755e-01
1.533559464632545388e-01
1.533559464632545388e-01
9.536481949502963185e-02
9.536481949502963185e-02
2.710236531409845884e-01
2.710236531409845884e-01
2.091876997069631039e-01
2.091876997069631039e-01
4.812366604268429882e-01
4.812366604268429882e-01
1.199999999999999956e+00
1.199999999999999956e+00
1.199999999999999956e+00
1.199999999999999956e+00
3.914983384588622828e-01
3.914983384588622828e-01
8.451160006562284666e-03
8.451160006562284666e-03
1.199999999999999956e+00
1.199999999999999956e+00
8.468995634563936115e-01
8.468995634563936115e-01
6.147207601241339026e-01
6.147207601241339026e-01
5.424265912427735925e-01
5.424265912427735925e-01
1.199999999999999956e+00
1.199999999999999956e+00
1.199999999999999956e+00
1.199999999999999956e+00
2.117204947986263061e-02
2.117204947986263061e-02
3.886244506669936927e-01
3.886244506669936927e-01
1.844724454701467953e-01
1.844724454701467953e-01
3.885376547374927991e-01
3.885376547374927991e-01
4.438146096750844594e-01
4.438146096750844594e-01
1.435340068484262932e-01
1.435340068484262932e-01
4.351274991694449312e-01
4.351274991694449312e-01
1.147959344007172255e-01
1.147959344007172255e-01
4.019119508367641203e-01
4.019119508367641203e-01
2.937962659527101894e-02
2.937962659527101894e-02
1.199999999999999956e+00
1.199999999999999956e+00
6.742662566893233012e-02
6.742662566893233012e-02
1.199999999999999956e+00
1.199999999999999956e+00
1.903006812838886896e-01
1.903006812838886896e-01
3.822096031477147937e-01
3.822096031477147937e-01
3.236491780107956795e-01
3.236491780107956795e-01
9.563705303502235966e-02
9.563705303502235966e-02
1.170446903119229942e-01
1.170446903119229942e-01
6.347863108483858818e-01
6.347863108483858818e-01
1.148760360652403972e-01
1.148760360652403972e-01
6.779167276567717518e-03
6.779167276567717518e-03
3.410908922861715098e-01
3.410908922861715098e-01
1.687026971003768305e-01
1.687026971003768305e-01
5.107599946502124899e-01
5.107599946502124899e-01
8.252646202434890665e-02
8.252646202434890665e-02
3.751251123883348609e-02
3.751251123883348609e-02
1.199999999999999956e+00
1.199999999999999956e+00
2.110296668431783929e-02
2.110296668431783929e-02
2.380955971809537441e-01
2.380955971809537441e-01
1.199999999999999956e+00
1.199999999999999956e+00
5.879030938962215291e-01
5.879030938962215291e-01
3.116805295991638136e-01
3.116805295991638136e-01
1.560610287738452007e-01
1.560610287738452007e-01
2.646937708848395854e-01
2.646937708848395854e-01
5.068980338126788387e-01
5.068980338126788387e-01
1.229768122709030097e-02
1.229768122709030097e-02
1.584766807489023932e-01
1.584766807489023932e-01
8.222785143044659961e-02
8.222785143044659961e-02
8.111138058479890056e-02
8.111138058479890056e-02
2.632408930833528560e-01
2.632408930833528560e-01
8.327574452850614040e-02
8.327574452850614040e-02
4.569814839836678910e-01
4.569814839836678910e-01
6.512826285914642688e-02
6.512826285914642688e-02
1.199999999999999956e+00
1.199999999999999956e+00
2.176890937173204810e-01
2.176890937173204810e-01
2.158807744963560649e-01
2.158807744963560649e-01
6.999043083016520672e-01
6.999043083016520672e-01
1.199999999999999956e+00
1.199999999999999956e+00
1.166183437547240742e-01
1.166183437547240742e-01
3.470612871584708437e-01
3.470612871584708437e-01
1.199999999999999956e+00
1.199999999999999956e+00
2.997418239688404151e-01
2.997418239688404151e-01
2.331704301299430959e-02
2.331704301299430959e-02
1.247762535396457761e-01
1.247762535396457761e-01
2.025911302653603530e-01
2.025911302653603530e-01
2.671688151607610195e-01
2.671688151607610195e-01
5.457969503304189729e-01
5.457969503304189729e-01
1.666944495063445997e-01
1.666944495063445997e-01
8.652472564664423493e-02
8.652472564664423493e-02
4.914766656410254342e-01
4.914766656410254342e-01
9.052289562569805492e-02
9.052289562569805492e-02
4.215272349046722544e-02
4.215272349046722544e-02
5.000243017283532154e-01
5.000243017283532154e-01
1.199999999999999956e+00
1.199999999999999956e+00
5.633186041145243211e-02
5.633186041145243211e-02
2.954348615056968108e-01
2.954348615056968108e-01
7.610894137069149079e-02
7.610894137069149079e-02
9.474913265960399275e-03
9.474913265960399275e-03
1.199999999999999956e+00
1.199999999999999956e+00
6.212228210104221715e-02
6.212228210104221715e-02
1.199999999999999956e+00
1.199999999999999956e+00
1.199999999999999956e+00
1.199999999999999956e+00
1.240808512201228286e-01
1.240808512201228286e-01
9.340822900759337966e-02
9.340822900759337966e-02
1.983303494813651868e-01
1.983303494813651868e-01
1.199999999999999956e+00
1.199999999999999956e+00
9.999976464762343198e-02
9.999976464762343198e-02
1.831390723561450995e-01
1.831390723561450995e-01
1.532152336274300933e-02
1.532152336274300933e-02
9.785948560864897103e-03
9.785948560864897103e-03
1.199999999999999956e+00
1.199999999999999956e+00
1.997861734018858693e-01
1.997861734018858693e-01
4.308818667396276947e-01
4.308818667396276947e-01
1.564083506195154127e-01
1.564083506195154127e-01
3.861688966682077506e-01
3.861688966682077506e-01
1.578762723648848565e-01
1.578762723648848565e-01
1.620830999221777036e-01
1.620830999221777036e-01
5.167777325959794776e-01
5.167777325959794776e-01
3.240724596821839554e-01
3.240724596821839554e-01
8.546955242064907532e-02
8.546955242064907532e-02
4.572614888664052746e-01
4.572614888664052746e-01
4.702151083307395396e-01
4.702151083307395396e-01
1.553161977150142870e-01
1.553161977150142870e-01
2.035583453083221750e-01
2.035583453083221750e-01
2.353892532104488733e-01
2.353892532104488733e-01
7.693202162705732594e-02
7.693202162705732594e-02
3.004774601764743092e-01
3.004774601764743092e-01
1.679832740376660180e-02
1.679832740376660180e-02
2.157212727308215061e-02
2.157212727308215061e-02
4.769222927770537246e-01
4.769222927770537246e-01
1.611289952918818769e-01
1.611289952918818769e-01
1.039273233410994979e-01
1.039273233410994979e-01
1.857261760384369340e-02
1.857261760384369340e-02
1.809066533538884469e-01
1.809066533538884469e-01
7.303063519651562530e-01
7.303063519651562530e-01
4.718989294761155029e-01
4.718989294761155029e-01
2.210990002154160361e-01
2.210990002154160361e-01
1.199999999999999956e+00
1.199999999999999956e+00
1.199999999999999956e+00
1.199999999999999956e+00
5.865322610689721605e-01
5.865322610689721605e-01
1.911907399444123246e-01
1.911907399444123246e-01
8.900587525723281657e-02
8.900587525723281657e-02
6.745263001010665116e-02
6.745263001010665116e-02
4.479574684677558039e-01
4.479574684677558039e-01
6.655168484857806321e-01
6.655168484857806321e-01
2.103382252431709176e-01
2.103382252431709176e-01
5.144712383599973071e-01
5.144712383599973071e-01
6.911426895232851697e-01
6.911426895232851697e-01
8.306266456078381655e-02
8.306266456078381655e-02
