4.377509841493708587e-01
4.377509841493708587e-01
6.028394308108224742e-01
6.028394308108224742e-01
1.199999999999999956e+00
1.199999999999999956e+00
1.099179119935714821e-01
1.099179119935714821e-01
1.199999999999999956e+00
1.199999999999999956e+00
1.199999999999999956e+00
1.199999999999999956e+00
3.283389689475763595e-01
3.283389689475763595e-01
2.872661466257060980e-01
2.872661466257060980e-01
1.044692328947369325e-01
1.044692328947369325e-01
3.060234375724653066e-01
3.060234375724653066e-01
6.093901327738606710e-01
6.093901327738606710e-01
7.237197444379391831e-01
7.237197444379391831e-01
1.199999999999999956e+00
1.199999999999999956e+00
2.836770435628238607e-01
2.836770435628238607e-01
1.668100858328390446e-01
1.668100858328390446e-01
3.266542457338304506e-01
3.266542457338304506e-01
1.199999999999999956e+00
1.199999999999999956e+00
2.909422011881949710e-01
2.909422011881949710e-01
1.776490753324514449e-01
1.776490753324514449e-01
6.570388714269104202e-01
6.570388714269104202e-01
1.539170639725752354e-01
1.539170639725752354e-01
3.927376396624636563e-03
3.927376396624636563e-03
6.199469522076461736e-01
6.199469522076461736e-01
1.840610265807813839e-01
1.840610265807813839e-01
1.199999999999999956e+00
1.199999999999999956e+00
1.199999999999999956e+00
1.199999999999999956e+00
1.847690788446546689e-02
1.847690788446546689e-02
3.453137119684385192e-01
3.453137119684385192e-01
2.403651125220181983e-01
2.403651125220181983e-01
1.199999999999999956e+00
1.199999999999999956e+00
7.265898684939317564e-02
7.265898684939317564e-02
1.199999999999999956e+00
1.199999999999999956e+00
5.287491212016579567e-01
5.287491212016579567e-01
5.360770546143108772e-01
5.360770546143108772e-01
2.245327155297308919e-01
2.245327155297308919e-01
3.245904213037816843e-01
3.245904213037816843e-01
1.199999999999999956e+00
1.199999999999999956e+00
4.798325333229982448e-01
4.798325333229982448e-01
1.022286361244189035e-01
1.022286361244189035e-01
4.910195038009751989e-01
4.910195038009751989e-01
1.199999999999999956e+00
1.199999999999999956e+00
1.199999999999999956e+00
1.199999999999999956e+00
9.253163868684283200e-02
9.253163868684283200e-02
6.419155055342637417e-02
6.419155055342637417e-02
9.233112715797928138e-02
9.233112715797928138e-02
2.165864102990881779e-01
2.165864102990881779e-01
2.815200389437813588e-01
2.815200389437813588e-01
1.910676982781738531e-01
1.910676982781738531e-01
1.199999999999999956e+00
1.199999999999999956e+00
1.199999999999999956e+00
1.199999999999999956e+00
3.888082129717314595e-01
3.888082129717314595e-01
1.199999999999999956e+00
1.199999999999999956e+00
9.449945923203745268e-02
9.449945923203745268e-02
1.199999999999999956e+00
1.199999999999999956e+00
5.957516771172087777e-01
5.957516771172087777e-01
2.954458650826761179e-01
2.954458650826761179e-01
4.095045763577886966e-01
4.095045763577886966e-01
5.370430962863355709e-03
5.370430962863355709e-03
2.760297705825757175e-01
2.760297705825757175e-01
4.991622847589015366e-02
4.991622847589015366e-02
2.576707954357290720e-01
2.576707954357290720e-01
5.735656299837528227e-01
5.735656299837528227e-01
1.199999999999999956e+00
1.199999999999999956e+00
6.742096188769800547e-01
6.742096188769800547e-01
2.210556943082857273e-02
2.210556943082857273e-02
1.708729498686700765e-01
1.708729498686700765e-01
2.459982253150687359e-01
2.459982253150687359e-01
1.199999999999999956e+00
1.199999999999999956e+00
1.379068774584664148e-01
1.379068774584664148e-01
5.492431017327740195e-01
5.492431017327740195e-01
6.994543899796851205e-01
6.994543899796851205e-01
2.301974612971581235e-01
2.301974612971581235e-01
1.857836236975371758e-01
1.857836236975371758e-01
4.661947480781444830e-01
4.661947480781444830e-01
2.089121191624093155e-01
2.089121191624093155e-01
3.102268884898442547e-01
3.102268884898442547e-01
3.289556681946806949e-01
3.289556681946806949e-01
1.199999999999999956e+00
1.199999999999999956e+00
1.199999999999999956e+00
1.199999999999999956e+00
5.996518021379170227e-01
5.996518021379170227e-01
2.869020140634122029e-01
2.869020140634122029e-01
1.199999999999999956e+00
1.199999999999999956e+00
2.820656686888946552e-01
2.820656686888946552e-01
1.761690775529945463e-01
1.761690775529945463e-01
5.125657356245460344e-02
5.125657356245460344e-02
1.974919280512131836e-01
1.974919280512131836e-01
1.199999999999999956e+00
1.199999999999999956e+00
3.505691121890341932e-01
3.505691121890341932e-01
2.674264451394452458e-01
2.674264451394452458e-01
6.203198760589226923e-01
6.203198760589226923e-01
4.213772933341903837e-01
4.213772933341903837e-01
3.778647956061335911e-02
3.778647956061335911e-02
2.531526144820090418e-01
2.531526144820090418e-01
3.157745838722575971e-01
3.157745838722575971e-01
5.220124671964614382e-01
5.220124671964614382e-01
1.199999999999999956e+00
1.199999999999999956e+00
1.336267308735803461e-01
1.336267308735803461e-01
1.199999999999999956e+00
1.199999999999999956e+00
1.199999999999999956e+00
1.199999999999999956e+00
3.514609009424976560e-01
3.514609009424976560e-01
1.199999999999999956e+00
1.199999999999999956e+00
6.736529025199965159e-02
6.736529025199965159e-02
1.726197235112678641e-01
1.726197235112678641e-01
3.839781204926950853e-01
3.839781204926950853e-01
2.671273145866645549e-01
2.671273145866645549e-01
1.199999999999999956e+00
1.199999999999999956e+00
1.486751489894058975e-01
1.486751489894058975e-01
1.199999999999999956e+00
1.199999999999999956e+00
1.199999999999999956e+00
1.199999999999999956e+00
1.199999999999999956e+00
1.199999999999999956e+00
1.327236576055968176e-01
1.327236576055968176e-01
1.216934659336150748e-01
1.216934659336150748e-01
4.654051488306123162e-03
4.654051488306123162e-03
1.709838038457684173e-01
1.709838038457684173e-01
2.986616906962308859e-01
2.986616906962308859e-01
1.199999999999999956e+00
1.199999999999999956e+00
1.339433472667786174e-01
1.339433472667786174e-01
7.350574223304126020e-01
7.350574223304126020e-01
1.252133174918967029e+00
1.252133174918967029e+00
1.199999999999999956e+00
1.199999999999999956e+00
6.078867781971011297e-01
6.078867781971011297e-01
1.401969642367163205e-01
1.401969642367163205e-01
4.830634145971846038e-01
4.830634145971846038e-01
2.232314701383449895e-01
2.232314701383449895e-01
1.010606164419364461e+00
1.010606164419364461e+00
1.858137701096775063e-01
1.858137701096775063e-01
1.199999999999999956e+00
1.199999999999999956e+00
1.700979273591366955e-02
1.700979273591366955e-02
2.723975642015273868e-01
2.723975642015273868e-01
1.515709906100600191e-01
1.515709906100600191e-01
2.271623001055506352e-01
2.271623001055506352e-01
9.463155824563757035e-01
9.463155824563757035e-01
3.172142457174825791e-01
3.172142457174825791e-01
1.816884700087990911e-01
1.816884700087990911e-01
2.110277308895792125e-01
2.110277308895792125e-01
4.195799151284371753e-01
4.195799151284371753e-01
3.072372499409100621e-01
3.072372499409100621e-01
1.199999999999999956e+00
1.199999999999999956e+00
5.036552828515453717e-01
5.036552828515453717e-01
3.649181109881814711e-02
3.649181109881814711e-02
1.108917501978918391e-01
1.108917501978918391e-01
7.141088877451148842e-02
7.141088877451148842e-02
1.662912099213769979e-01
1.662912099213769979e-01
1.714806661701574753e-02
1.714806661701574753e-02
4.753564028525936180e-01
4.753564028525936180e-01
2.134633825863444523e-01
2.134633825863444523e-01
1.199999999999999956e+00
1.199999999999999956e+00
1.199999999999999956e+00
1.199999999999999956e+00
1.199999999999999956e+00
1.199999999999999956e+00
1.018242327202030922e-01
1.018242327202030922e-01
4.915446855118736913e-01
4.915446855118736913e-01
1.016401645172066770e+00
1.016401645172066770e+00
3.182616783664096172e-01
3.182616783664096172e-01
5.911653335818782828e-01
5.911653335818782828e-01
2.033989562056700007e-01
2.033989562056700007e-01
1.207985173260518047e-01
1.207985173260518047e-01
1.199999999999999956e+00
1.199999999999999956e+00
1.199999999999999956e+00
1.199999999999999956e+00
3.797403720692871243e-02
3.797403720692871243e-02
1.199999999999999956e+00
1.199999999999999956e+00
5.889684976183331422e-01
5.889684976183331422e-01
3.776450795715554087e-01
3.776450795715554087e-01
5.515552310466581565e-01
5.515552310466581565e-01
2.490457918837932771e-01
2.490457918837932771e-01
2.072296972764338663e-01
2.072296972764338663e-01
1.199999999999999956e+00
1.199999999999999956e+00
2.531449337202034133e-01
2.531449337202034133e-01
6.056739600419733804e-01
6.056739600419733804e-01
8.223431164287782202e-01
8.223431164287782202e-01
3.918481352087082592e-01
3.918481352087082592e-01
4.887476510440931787e-01
4.887476510440931787e-01
3.857910920133459931e-01
3.857910920133459931e-01
1.199999999999999956e+00
1.199999999999999956e+00
1.596399923911356600e-01
1.596399923911356600e-01
2.627737356857245410e-01
2.627737356857245410e-01
1.199999999999999956e+00
1.199999999999999956e+00
1.428144081968194257e-01
1.428144081968194257e-01
1.593898379938372134e-01
1.593898379938372134e-01
3.026032376954685965e-01
3.026032376954685965e-01
3.730309383979779625e-01
3.730309383979779625e-01
5.526688102953560833e-01
5.526688102953560833e-01
7.250990717171094113e-01
7.250990717171094113e-01
6.448173279237745525e-01
6.448173279237745525e-01
1.823183292907314401e-01
1.823183292907314401e-01
1.261266500804981705e-01
1.261266500804981705e-01
1.618637194332949170e-01
1.618637194332949170e-01
1.863145692880583959e-01
1.863145692880583959e-01
8.386131186963030615e-02
8.386131186963030615e-02
4.808985398854085172e-03
4.808985398854085172e-03
1.199999999999999956e+00
1.199999999999999956e+00
1.290714419127576146e-02
1.290714419127576146e-02
1.199999999999999956e+00
1.199999999999999956e+00
6.167393870159701974e-01
6.167393870159701974e-01
5.136964433875029767e-01
5.136964433875029767e-01
2.978181922438947749e-01
2.978181922438947749e-01
1.199999999999999956e+00
1.199999999999999956e+00
1.199999999999999956e+00
1.199999999999999956e+00
2.654101062235086905e-02
2.654101062235086905e-02
1.199999999999999956e+00
1.199999999999999956e+00
9.884704723675097338e-02
9.884704723675097338e-02
5.844332075603843324e-02
5.844332075603843324e-02
3.292655214150746468e-01
3.292655214150746468e-01
8.497367930659469049e-02
8.497367930659469049e-02
1.199999999999999956e+00
1.199999999999999956e+00
1.106181575344126859e-03
1.106181575344126859e-03
1.199999999999999956e+00
1.199999999999999956e+00
1.199999999999999956e+00
1.199999999999999956e+00
8.149803316036522416e-01
8.149803316036522416e-01
1.199999999999999956e+00
1.199999999999999956e+00
1.199999999999999956e+00
1.199999999999999956e+00
1.199999999999999956e+00
1.199999999999999956e+00
1.199999999999999956e+00
1.199999999999999956e+00
1.199999999999999956e+00
1.199999999999999956e+00
2.406505551224149553e-01
2.406505551224149553e-01
2.394854767485246061e-01
2.394854767485246061e-01
4.773154406139924061e-02
4.773154406139924061e-02
8.175039085124803651e-02
8.175039085124803651e-02
4.600215364176639676e-01
4.600215364176639676e-01
1.456598667014304682e-01
1.456598667014304682e-01
1.199999999999999956e+00
1.199999999999999956e+00
2.878643065480537833e-02
2.878643065480537833e-02
1.199999999999999956e+00
1.199999999999999956e+00
2.466338653748002541e-01
2.466338653748002541e-01
1.199999999999999956e+00
1.199999999999999956e+00
3.643533166236312404e-01
3.643533166236312404e-01
4.090301060227962693e-01
4.090301060227962693e-01
2.334610646663621003e-01
2.334610646663621003e-01
2.746056524609802874e-01
2.746056524609802874e-01
8.302285726513002062e-02
8.302285726513002062e-02
1.282679177212326938e-01
1.282679177212326938e-01
5.669862069493994960e-01
5.669862069493994960e-01
8.637672977138003416e-01
8.637672977138003416e-01
7.260570567912012774e-02
7.260570567912012774e-02
5.088715644747331401e-01
5.088715644747331401e-01
1.233565622615350466e-01
1.233565622615350466e-01
3.970240677411263630e-01
3.970240677411263630e-01
1.268634924236780870e-01
1.268634924236780870e-01
1.199999999999999956e+00
1.199999999999999956e+00
1.199999999999999956e+00
1.199999999999999956e+00
1.302736384605711339e-01
1.302736384605711339e-01
5.026762138251582995e-02
5.026762138251582995e-02
2.152725803651561187e-01
2.152725803651561187e-01
3.366259753109674402e-01
3.366259753109674402e-01
7.535880730465484012e-01
7.535880730465484012e-01
1.199999999999999956e+00
1.199999999999999956e+00
3.626514795944444924e-01
3.626514795944444924e-01
3.021700470026093543e-01
3.021700470026093543e-01
7.597387214912616760e-02
7.597387214912616760e-02
2.320729555111340492e-01
2.320729555111340492e-01
4.680379226398651560e-01
4.680379226398651560e-01
1.199999999999999956e+00
1.199999999999999956e+00
6.700057287888275814e-01
6.700057287888275814e-01
9.360640495670984051e-02
9.360640495670984051e-02
9.439885856350567483e-02
9.439885856350567483e-02
8.695145265293441339e-02
8.695145265293441339e-02
1.234289703751145356e-01
1.234289703751145356e-01
3.754636793718316712e-01
3.754636793718316712e-01
5.207067174397213005e-01
5.207067174397213005e-01
2.167129921513297752e-01
2.167129921513297752e-01
2.821147083109371706e-02
2.821147083109371706e-02
4.092467217125226320e-01
4.092467217125226320e-01
6.449403022591825296e-01
6.449403022591825296e-01
2.601138324555573589e-01
2.601138324555573589e-01
1.300328721677695420e-01
1.300328721677695420e-01
1.529001307466882620e-01
1.529001307466882620e-01
1.199999999999999956e+00
1.199999999999999956e+00
2.021422339246322919e-01
2.021422339246322919e-01
1.738164461890774337e-01
1.738164461890774337e-01
3.819961907739325979e-01
3.819961907739325979e-01
2.465975892563401772e-01
2.465975892563401772e-01
3.990118285279181665e-01
3.990118285279181665e-01
1.725442241972370561e-02
1.725442241972370561e-02
7.519974488375303912e-01
7.519974488375303912e-01
5.634571693724130942e-02
5.634571693724130942e-02
2.019105965614300096e-03
2.019105965614300096e-03
3.092663215948578403e-01
3.092663215948578403e-01
3.308407016820440472e-01
3.308407016820440472e-01
6.371870320298235191e-01
6.371870320298235191e-01
2.988626987862893492e-01
2.988626987862893492e-01
3.337070304231670725e-01
3.337070304231670725e-01
5.752999732937821298e-01
5.752999732937821298e-01
1.967396794559276296e-01
1.967396794559276296e-01
1.074340951588749760e-01
1.074340951588749760e-01
1.918598040565207830e-01
1.918598040565207830e-01
1.199999999999999956e+00
1.199999999999999956e+00
9.396772448563353031e-01
9.396772448563353031e-01
4.246094366794939123e-01
4.246094366794939123e-01
5.495100285348418767e-01
5.495100285348418767e-01
6.820197332765576270e-01
6.820197332765576270e-01
1.199999999999999956e+00
1.199999999999999956e+00
2.167551121864436103e-01
2.167551121864436103e-01
3.563183516869558587e-02
3.563183516869558587e-02
8.406567552153781930e-02
8.406567552153781930e-02
1.199999999999999956e+00
1.199999999999999956e+00
1.798743852053878989e-01
1.798743852053878989e-01
5.093685271790325819e-01
5.093685271790325819e-01
4.716988829100063896e-01
4.716988829100063896e-01
1.151425831479105710e+00
1.151425831479105710e+00
8.036001797062898300e-01
8.036001797062898300e-01
6.259338259733796539e-01
6.259338259733796539e-01
3.447494952380525945e-01
3.447494952380525945e-01
1.199999999999999956e+00
1.199999999999999956e+00
1.199999999999999956e+00
1.199999999999999956e+00
1.199999999999999956e+00
1.199999999999999956e+00
4.250894412025709723e-01
4.250894412025709723e-01
7.087276243930775710e-01
7.087276243930775710e-01
1.199999999999999956e+00
1.199999999999999956e+00
6.323998613764272858e-02
6.323998613764272858e-02
6.095722410623788390e-01
6.095722410623788390e-01
6.346177498227688618e-01
6.346177498227688618e-01
1.051091624817366288e+00
1.051091624817366288e+00
2.305508107700127152e-01
2.305508107700127152e-01
1.649264448673120331e-01
1.649264448673120331e-01
3.873781933928179266e-01
3.873781933928179266e-01
1.199999999999999956e+00
1.199999999999999956e+00
1.276384930360734138e-01
1.276384930360734138e-01
1.199999999999999956e+00
1.199999999999999956e+00
7.054688454555567596e-03
7.054688454555567596e-03
1.199999999999999956e+00
1.199999999999999956e+00
3.588290289783981901e-01
3.588290289783981901e-01
2.095733941941913536e-01
2.095733941941913536e-01
1.199999999999999956e+00
1.199999999999999956e+00
1.534499631268831932e-01
1.534499631268831932e-01
1.507190875728527668e-01
1.507190875728527668e-01
2.507440971632114990e-01
2.507440971632114990e-01
3.046680971727244724e-01
3.046680971727244724e-01
1.199999999999999956e+00
1.199999999999999956e+00
3.635603810088077759e-01
3.635603810088077759e-01
4.769421624752905875e-01
4.769421624752905875e-01
1.443423061808660479e-01
1.443423061808660479e-01
1.199999999999999956e+00
1.199999999999999956e+00
1.199999999999999956e+00
1.199999999999999956e+00
2.041945879845108447e-01
2.041945879845108447e-01
1.199999999999999956e+00
1.199999999999999956e+00
8.448988819598787225e-01
8.448988819598787225e-01
1.199999999999999956e+00
1.199999999999999956e+00
3.423526486342922115e-01
3.423526486342922115e-01
3.666542045201426347e-01
3.666542045201426347e-01
1.199999999999999956e+00
1.199999999999999956e+00
1.432343356701944737e-01
1.432343356701944737e-01
3.363840419183150576e-01
3.363840419183150576e-01
2.752102489093457560e-01
2.752102489093457560e-01
1.770195225167173481e-01
1.770195225167173481e-01
6.169258391787127982e-01
6.169258391787127982e-01
4.433953808813836384e-01
4.433953808813836384e-01
1.199999999999999956e+00
1.199999999999999956e+00
1.285613702514819615e-02
1.285613702514819615e-02
6.972298470807361884e-03
6.972298470807361884e-03
5.244361204220300554e-02
5.244361204220300554e-02
4.804135622563017183e-01
4.804135622563017183e-01
5.568381775512890597e-01
5.568381775512890597e-01
8.025916991624462149e-01
8.025916991624462149e-01
6.592876862567458029e-02
6.592876862567458029e-02
1.199999999999999956e+00
1.199999999999999956e+00
6.279804572032813281e-01
6.279804572032813281e-01
2.771704072659971971e-02
2.771704072659971971e-02
1.104181724266896647e-01
1.104181724266896647e-01
1.199999999999999956e+00
1.199999999999999956e+00
1.477150453263263719e-01
1.477150453263263719e-01
1.292557222390104399e-01
1.292557222390104399e-01
3.264770889365269935e-01
3.264770889365269935e-01
1.191101738512605757e-01
1.191101738512605757e-01
8.918266302804710166e-02
8.918266302804710166e-02
4.711947358272232100e-01
4.711947358272232100e-01
7.129457372911868554e-03
7.129457372911868554e-03
1.054890432884635632e-01
1.054890432884635632e-01
1.199999999999999956e+00
1.199999999999999956e+00
1.199999999999999956e+00
1.199999999999999956e+00
5.147448189425539722e-01
5.147448189425539722e-01
3.058279919059648799e-01
3.058279919059648799e-01
1.199999999999999956e+00
1.199999999999999956e+00
8.395516874011178798e-02
8.395516874011178798e-02
3.068049437634234322e-01
3.068049437634234322e-01
4.114275696779443048e-02
4.114275696779443048e-02
1.749343016877492885e-01
1.749343016877492885e-01
1.754738974491213410e-01
1.754738974491213410e-01
1.199999999999999956e+00
1.199999999999999956e+00
6.969481658495356446e-02
6.969481658495356446e-02
2.982793098681468802e-02
2.982793098681468802e-02
2.109215619860883573e-01
2.109215619860883573e-01
1.806940499988823889e-01
1.806940499988823889e-01
1.199999999999999956e+00
1.199999999999999956e+00
6.228379499881796511e-01
6.228379499881796511e-01
5.852275895210244938e-01
5.852275895210244938e-01
1.566141924495093873e-01
1.566141924495093873e-01
1.199999999999999956e+00
1.199999999999999956e+00
4.524026097497595433e-01
4.524026097497595433e-01
1.199999999999999956e+00
1.199999999999999956e+00
2.000075475672273839e-01
2.000075475672273839e-01
1.199999999999999956e+00
1.199999999999999956e+00
1.199999999999999956e+00
1.199999999999999956e+00
1.715815177170543493e-01
1.715815177170543493e-01
7.187589832462308592e-02
7.187589832462308592e-02
5.866552642775587668e-03
5.866552642775587668e-03
4.024655917088669210e-01
4.024655917088669210e-01
1.199999999999999956e+00
1.199999999999999956e+00
1.199999999999999956e+00
1.199999999999999956e+00
8.930070765913608599e-02
8.930070765913608599e-02
8.369080314639669727e-01
8.369080314639669727e-01
6.471604360247806831e-01
6.471604360247806831e-01
1.946530610745008383e-01
1.946530610745008383e-01
6.993604747214177131e-01
6.993604747214177131e-01
3.585449436577919924e-01
3.585449436577919924e-01
5.997251348800504145e-01
5.997251348800504145e-01
3.602147244488834721e-02
3.602147244488834721e-02
1.003953206079351568e-01
1.003953206079351568e-01
1.199999999999999956e+00
1.199999999999999956e+00
1.199999999999999956e+00
1.199999999999999956e+00
1.199999999999999956e+00
1.199999999999999956e+00
4.243902621889678040e-02
4.243902621889678040e-02
1.124138398434076785e-01
1.124138398434076785e-01
1.199999999999999956e+00
1.199999999999999956e+00
6.703858687453301268e-01
6.703858687453301268e-01
1.563222804433495872e-01
1.563222804433495872e-01
1.199999999999999956e+00
1.199999999999999956e+00
5.308618427757271219e-01
5.308618427757271219e-01
6.201557648794285560e-03
6.201557648794285560e-03
1.199999999999999956e+00
1.199999999999999956e+00
9.215969854263227068e-03
9.215969854263227068e-03
3.435825686180641880e-01
3.435825686180641880e-01
5.183493916354489084e-01
5.183493916354489084e-01
2.104644102479218959e-01
2.104644102479218959e-01
6.105821346454898269e-01
6.105821346454898269e-01
1.199999999999999956e+00
1.199999999999999956e+00
7.644424658277314266e-02
7.644424658277314266e-02
1.800040146544497344e-01
1.800040146544497344e-01
1.312457287458842214e-01
1.312457287458842214e-01
2.019692537504168967e-02
2.019692537504168967e-02
4.146002265162179734e-01
4.146002265162179734e-01
1.836633034565766376e-01
1.836633034565766376e-01
1.199999999999999956e+00
1.199999999999999956e+00
1.943691235592988897e-01
1.943691235592988897e-01
2.971790352710472205e-01
2.971790352710472205e-01
1.199999999999999956e+00
1.199999999999999956e+00
2.344953561862994813e-03
2.344953561862994813e-03
1.199999999999999956e+00
1.199999999999999956e+00
5.940060889839257063e-01
5.940060889839257063e-01
8.851846192701942617e-02
8.851846192701942617e-02
5.721278286499972277e-01
5.721278286499972277e-01
1.199999999999999956e+00
1.199999999999999956e+00
1.940021967601314179e-01
1.940021967601314179e-01
2.759236165702281252e-01
2.759236165702281252e-01
5.191805305066119480e-01
5.191805305066119480e-01
1.300338446850138330e-01
1.300338446850138330e-01
3.455126367866629966e-01
3.455126367866629966e-01
6.035588197376939856e-01
6.035588197376939856e-01
3.116662098065468567e-01
3.116662098065468567e-01
1.199999999999999956e+00
1.199999999999999956e+00
1.199999999999999956e+00
1.199999999999999956e+00
6.402674041750057166e-01
6.402674041750057166e-01
1.175310773742953008e-01
1.175310773742953008e-01
5.168691873512414742e-02
5.168691873512414742e-02
1.199999999999999956e+00
1.199999999999999956e+00
3.094397034515985467e-01
3.094397034515985467e-01
1.199999999999999956e+00
1.199999999999999956e+00
4.201272985911831959e-01
4.201272985911831959e-01
4.027857473722420423e-01
4.027857473722420423e-01
1.199999999999999956e+00
1.199999999999999956e+00
8.727997439090222354e-02
8.727997439090222354e-02
3.079515562870339118e-01
3.079515562870339118e-01
1.199999999999999956e+00
1.199999999999999956e+00
2.771946054645192947e-01
2.771946054645192947e-01
2.139082651720122519e-01
2.139082651720122519e-01
4.870864494319013804e-01
4.870864494319013804e-01
1.331830260409824496e-01
1.331830260409824496e-01
4.346254380964523212e-01
4.346254380964523212e-01
3.896266078300595903e-01
3.896266078300595903e-01
3.829879769834942382e-01
3.829879769834942382e-01
3.434504921325056692e-01
3.434504921325056692e-01
1.098981178851737711e-01
1.098981178851737711e-01
1.199999999999999956e+00
1.199999999999999956e+00
1.096412247639141219e-02
1.096412247639141219e-02
1.698216501730765576e-02
1.698216501730765576e-02
3.986254025258059719e-01
3.986254025258059719e-01
1.432622458418318367e-01
1.432622458418318367e-01
4.170016653636988702e-01
4.170016653636988702e-01
4.092484990570802172e-01
4.092484990570802172e-01
1.199999999999999956e+00
1.199999999999999956e+00
1.199999999999999956e+00
1.199999999999999956e+00
2.882862070401376875e-01
2.882862070401376875e-01
1.199999999999999956e+00
1.199999999999999956e+00
1.199999999999999956e+00
1.199999999999999956e+00
1.199999999999999956e+00
1.199999999999999956e+00
1.741383718000514072e-02
1.741383718000514072e-02
1.308091775817924185e-01
1.308091775817924185e-01
4.012493026590213119e-01
4.012493026590213119e-01
1.760606236395077795e-01
1.760606236395077795e-01
2.133032246577370172e-01
2.133032246577370172e-01
4.970023861571515322e-01
4.970023861571515322e-01
5.351802190527373826e-01
5.351802190527373826e-01
4.254191945997080615e-01
4.254191945997080615e-01
2.635935867542084088e-01
2.635935867542084088e-01
3.825631062056160658e-01
3.825631062056160658e-01
1.199999999999999956e+00
1.199999999999999956e+00
4.608534343435276986e-02
4.608534343435276986e-02
6.048284626401380371e-02
6.048284626401380371e-02
2.120182542662263081e-01
2.120182542662263081e-01
4.796240430077496342e-01
4.796240430077496342e-01
2.540971612578704075e-01
2.540971612578704075e-01
6.076917555216612143e-01
6.076917555216612143e-01
9.988251151493690583e-02
9.988251151493690583e-02
4.433634516322496610e-01
4.433634516322496610e-01
1.199999999999999956e+00
1.199999999999999956e+00
1.199999999999999956e+00
1.199999999999999956e+00
6.457746661079124539e-01
6.457746661079124539e-01
5.515378035010584656e-02
5.515378035010584656e-02
1.725181456730875626e-02
1.725181456730875626e-02
3.151037375944638619e-01
3.151037375944638619e-01
6.349984581210663115e-02
6.349984581210663115e-02
1.199999999999999956e+00
1.199999999999999956e+00
2.345216819980476541e-02
2.345216819980476541e-02
3.856386638677012368e-01
3.856386638677012368e-01
5.115361696082644516e-02
5.115361696082644516e-02
1.312440805334047222e-01
1.312440805334047222e-01
1.088288389227382719e-01
1.088288389227382719e-01
1.199999999999999956e+00
1.199999999999999956e+00
1.584196985260043766e-01
1.584196985260043766e-01
4.083636832007139228e-01
4.083636832007139228e-01
2.524089103864015846e-02
2.524089103864015846e-02
4.105428792316829223e-01
4.105428792316829223e-01
3.048980078973013708e-01
3.048980078973013708e-01
5.713074751169918697e-01
5.713074751169918697e-01
1.344954674222582358e-01
1.344954674222582358e-01
4.154267560078738208e-01
4.154267560078738208e-01
1.891660258925553506e-01
1.891660258925553506e-01
5.198454005283100754e-01
5.198454005283100754e-01
3.580283667841848150e-01
3.580283667841848150e-01
6.050884551727246929e-01
6.050884551727246929e-01
1.516983432690995337e-01
1.516983432690995337e-01
7.008955449786623271e-02
7.008955449786623271e-02
1.199999999999999956e+00
1.199999999999999956e+00
1.938748961354918587e-01
1.938748961354918587e-01
3.019452248882920401e-04
3.019452248882920401e-04
1.549222468726589863e-01
1.549222468726589863e-01
1.600786175029995928e-01
1.600786175029995928e-01
1.157958944502650083e-03
1.157958944502650083e-03
2.270168083100407019e-01
2.270168083100407019e-01
4.936911432014048362e-01
4.936911432014048362e-01
4.623527550047327184e-01
4.623527550047327184e-01
2.192893862232961344e-01
2.192893862232961344e-01
1.620429096840120542e-01
1.620429096840120542e-01
1.035572879695178194e+00
1.035572879695178194e+00
1.199999999999999956e+00
1.199999999999999956e+00
8.836658220767523719e-02
8.836658220767523719e-02
5.805678438091492755e-01
5.805678438091492755e-01
3.881309161768085048e-01
3.881309161768085048e-01
1.665709445819185328e-02
1.665709445819185328e-02
2.100194971984933601e-01
2.100194971984933601e-01
2.697725280461416020e-01
2.697725280461416020e-01
1.189647693979464446e-02
1.189647693979464446e-02
3.690371424985248172e-01
3.690371424985248172e-01
1.670058184323786055e-01
1.670058184323786055e-01
6.746177396952050820e-02
6.746177396952050820e-02
2.340016962971039893e-01
2.340016962971039893e-01
2.406654794875167647e-01
2.406654794875167647e-01
1.234460615954262180e-01
1.234460615954262180e-01
1.199999999999999956e+00
1.199999999999999956e+00
6.197934277201164743e-01
6.197934277201164743e-01
2.125420271522986126e-01
2.125420271522986126e-01
8.619643750131601445e-01
8.619643750131601445e-01
1.438112875481461217e-01
1.438112875481461217e-01
1.199999999999999956e+00
1.199999999999999956e+00
2.424505470136484320e-01
2.424505470136484320e-01
1.199999999999999956e+00
1.199999999999999956e+00
2.536621811875560684e-01
2.536621811875560684e-01
1.199999999999999956e+00
1.199999999999999956e+00
3.623469807313001723e-01
3.623469807313001723e-01
2.609793985241841141e-01
2.609793985241841141e-01
1.199999999999999956e+00
1.199999999999999956e+00
5.998642390675752722e-02
5.998642390675752722e-02
3.387850782554705509e-01
3.387850782554705509e-01
7.536269407776361451e-01
7.536269407776361451e-01
1.199999999999999956e+00
1.199999999999999956e+00
3.564587551243689201e-01
3.564587551243689201e-01
4.390626558298628135e-01
4.390626558298628135e-01
3.649017811695945968e-01
3.649017811695945968e-01
1.199999999999999956e+00
1.199999999999999956e+00
4.811834582953482542e-01
4.811834582953482542e-01
2.864368409935473814e-01
2.864368409935473814e-01
2.730248568335675308e-01
2.730248568335675308e-01
1.199999999999999956e+00
1.199999999999999956e+00
3.987284551138776667e-01
3.987284551138776667e-01
1.191007928849242142e-01
1.191007928849242142e-01
5.198195675466078525e-01
5.198195675466078525e-01
4.022157130949335357e-01
4.022157130949335357e-01
9.136681759303559927e-03
9.136681759303559927e-03
2.251863363404815466e-01
2.251863363404815466e-01
4.998163631443843236e-01
4.998163631443843236e-01
2.175747225964814735e-01
2.175747225964814735e-01
1.308305309028640895e-01
1.308305309028640895e-01
4.119526199879517958e-01
4.119526199879517958e-01
3.616834729328123332e-01
3.616834729328123332e-01
1.199999999999999956e+00
1.199999999999999956e+00
3.443774155980534601e-01
3.443774155980534601e-01
2.965410949041060173e-01
2.965410949041060173e-01
1.199999999999999956e+00
1.199999999999999956e+00
1.199999999999999956e+00
1.199999999999999956e+00
1.894415548303151897e-01
1.894415548303151897e-01
7.208970908156565882e-02
7.208970908156565882e-02
2.216852820181327427e-03
2.216852820181327427e-03
1.199999999999999956e+00
1.199999999999999956e+00
3.150031417013443580e-02
3.150031417013443580e-02
4.644530365318766951e-01
4.644530365318766951e-01
1.199999999999999956e+00
1.199999999999999956e+00
1.919677787957949910e-01
1.919677787957949910e-01
1.161985667395370181e-01
1.161985667395370181e-01
6.965415731582147441e-01
6.965415731582147441e-01
4.980851793313272324e-01
4.980851793313272324e-01
9.679567705666856925e-02
9.679567705666856925e-02
4.464804245394354831e-01
4.464804245394354831e-01
4.142323997643603817e-01
4.142323997643603817e-01
1.482277771484372397e-01
1.482277771484372397e-01
1.199999999999999956e+00
1.199999999999999956e+00
1.082185465267567620e-01
1.082185465267567620e-01
4.047272361720962407e-03
4.047272361720962407e-03
3.126139184318358910e-01
3.126139184318358910e-01
1.858219126542262059e-03
1.858219126542262059e-03
3.747109960759735237e-01
3.747109960759735237e-01
2.324097780372934019e-01
2.324097780372934019e-01
1.199999999999999956e+00
1.199999999999999956e+00
2.904504239425914069e-01
2.904504239425914069e-01
3.041534293631733554e-01
3.041534293631733554e-01
1.199999999999999956e+00
1.199999999999999956e+00
7.406058785029051572e-01
7.406058785029051572e-01
6.530280497300242626e-01
6.530280497300242626e-01
1.054162861811771407e-01
1.054162861811771407e-01
3.664034708137926533e-01
3.664034708137926533e-01
9.728175594790533509e-01
9.728175594790533509e-01
9.018461978960630177e-01
9.018461978960630177e-01
2.850963970946400750e-01
2.850963970946400750e-01
1.105582583850651252e-01
1.105582583850651252e-01
1.144267640772336780e-01
1.144267640772336780e-01
1.199999999999999956e+00
1.199999999999999956e+00
7.583538036607865296e-01
7.583538036607865296e-01
1.632632848176030216e-01
1.632632848176030216e-01
1.199999999999999956e+00
1.199999999999999956e+00
6.294369147589784497e-01
6.294369147589784497e-01
5.097464982104564779e-01
5.097464982104564779e-01
1.199999999999999956e+00
1.199999999999999956e+00
3.648751454131607397e-01
3.648751454131607397e-01
7.208950788387001873e-01
7.208950788387001873e-01
3.605232204969568977e-01
3.605232204969568977e-01
3.517635586676825521e-01
3.517635586676825521e-01
1.308969646660874953e-01
1.308969646660874953e-01
1.199999999999999956e+00
1.199999999999999956e+00
2.545420087066729495e-02
2.545420087066729495e-02
1.389122577268159520e-01
1.389122577268159520e-01
4.454350569369543433e-01
4.454350569369543433e-01
4.043719784842542825e-02
4.043719784842542825e-02
2.949992832938382048e-02
2.949992832938382048e-02
5.352374201267304787e-01
5.352374201267304787e-01
2.418310205343900954e-01
2.418310205343900954e-01
2.854394845862233132e-01
2.854394845862233132e-01
1.668442720600149809e-01
1.668442720600149809e-01
1.199999999999999956e+00
1.199999999999999956e+00
1.300708407237939068e-01
1.300708407237939068e-01
1.199999999999999956e+00
1.199999999999999956e+00
2.044188892609324348e-01
2.044188892609324348e-01
8.246202416331732676e-02
8.246202416331732676e-02
1.769878076088819974e-01
1.769878076088819974e-01
5.156050878522209224e-01
5.156050878522209224e-01
4.223493492670422726e-03
4.223493492670422726e-03
1.199999999999999956e+00
1.199999999999999956e+00
3.306068161751364864e-01
3.306068161751364864e-01
8.662184139102013791e-02
8.662184139102013791e-02
8.427855867771589793e-01
8.427855867771589793e-01
2.297633464177247786e-01
2.297633464177247786e-01
1.040852499552469557e-01
1.040852499552469557e-01
1.199999999999999956e+00
1.199999999999999956e+00
1.284388777890635436e-01
1.284388777890635436e-01
9.611962074992999039e-01
9.611962074992999039e-01
4.219216329170091123e-02
4.219216329170091123e-02
3.843365930886190607e-01
3.843365930886190607e-01
9.019688319237505192e-02
9.019688319237505192e-02
1.591362002586598767e-01
1.591362002586598767e-01
3.156425914523616066e-02
3.156425914523616066e-02
1.529442100577866614e-01
1.529442100577866614e-01
2.779552849447272742e-03
2.779552849447272742e-03
8.330232778862362020e-01
8.330232778862362020e-01
2.196852900395632746e-01
2.196852900395632746e-01
2.881486850164958757e-01
2.881486850164958757e-01
3.297991325969678450e-02
3.297991325969678450e-02
1.199999999999999956e+00
1.199999999999999956e+00
5.899044242518493297e-02
5.899044242518493297e-02
3.911676067334375340e-01
3.911676067334375340e-01
4.469779658208875017e-01
4.469779658208875017e-01
2.519421705197412709e-01
2.519421705197412709e-01
8.003263045477393423e-01
8.003263045477393423e-01
3.261427866627854277e-02
3.261427866627854277e-02
1.199999999999999956e+00
1.199999999999999956e+00
1.367965978781546521e-01
1.367965978781546521e-01
8.990785047224392201e-02
8.990785047224392201e-02
2.570237934459026000e-02
2.570237934459026000e-02
1.804720926833679462e-01
1.804720926833679462e-01
1.310848446706113224e-01
1.310848446706113224e-01
4.040051690340502183e-02
4.040051690340502183e-02
1.206879134855994018e-01
1.206879134855994018e-01
3.980833797538937402e-01
3.980833797538937402e-01
2.068771917519703352e-01
2.068771917519703352e-01
2.272218084587071252e-01
2.272218084587071252e-01
6.110073397958087904e-01
6.110073397958087904e-01
1.199999999999999956e+00
1.199999999999999956e+00
9.725420770056503184e-02
9.725420770056503184e-02
1.739544647365232899e-01
1.739544647365232899e-01
2.322965950774513455e-01
2.322965950774513455e-01
1.736858052418205900e-01
1.736858052418205900e-01
1.199999999999999956e+00
1.199999999999999956e+00
6.176905888725806593e-01
6.176905888725806593e-01
1.697973788309724286e-01
1.697973788309724286e-01
1.965393717490050984e-01
1.965393717490050984e-01
3.221710327052158540e-01
3.221710327052158540e-01
1.268330893374185198e-01
1.268330893374185198e-01
5.997640596498632001e-03
5.997640596498632001e-03
3.853229793267835823e-02
3.853229793267835823e-02
1.199999999999999956e+00
1.199999999999999956e+00
1.322410892909331170e-01
1.322410892909331170e-01
6.583225952262382330e-02
6.583225952262382330e-02
5.674734300253862079e-02
5.674734300253862079e-02
3.966716027557873336e-01
3.966716027557873336e-01
1.199999999999999956e+00
1.199999999999999956e+00
9.500072887806963740e-02
9.500072887806963740e-02
1.199999999999999956e+00
1.199999999999999956e+00
1.891300124325606333e-02
1.891300124325606333e-02
3.375311023653759790e-01
3.375311023653759790e-01
1.584350552477071239e-01
1.584350552477071239e-01
6.291932113809727278e-01
6.291932113809727278e-01
5.528557995375660283e-01
5.528557995375660283e-01
1.199999999999999956e+00
1.199999999999999956e+00
2.161392279209975106e-02
2.161392279209975106e-02
1.199999999999999956e+00
1.199999999999999956e+00
1.199999999999999956e+00
1.199999999999999956e+00
5.582060813088481899e-01
5.582060813088481899e-01
3.983220211566536606e-01
3.983220211566536606e-01
2.286745879031951492e-02
2.286745879031951492e-02
6.584060487137899376e-01
6.584060487137899376e-01
1.199999999999999956e+00
1.199999999999999956e+00
2.296529411446781577e-01
2.296529411446781577e-01
6.863656844689336456e-01
6.863656844689336456e-01
4.146283460074788874e-01
4.146283460074788874e-01
6.669117838161414680e-01
6.669117838161414680e-01
5.800967569145558667e-01
5.800967569145558667e-01
1.199999999999999956e+00
1.199999999999999956e+00
2.268315419046592618e-01
2.268315419046592618e-01
3.514639289597502048e-01
3.514639289597502048e-01
2.317280801093239348e-02
2.317280801093239348e-02
1.199999999999999956e+00
1.199999999999999956e+00
1.110973114024290526e-01
1.110973114024290526e-01
1.870053986541371782e-01
1.870053986541371782e-01
1.521088397277680915e-01
1.521088397277680915e-01
1.199999999999999956e+00
1.199999999999999956e+00
4.851480279756355540e-01
4.851480279756355540e-01
8.601825831212352863e-03
8.601825831212352863e-03
3.025297468296668235e-01
3.025297468296668235e-01
2.173597048413090649e-01
2.173597048413090649e-01
