8.625297269000775646e-01
8.625297269000775646e-01
8.867792018889675276e-02
8.867792018889675276e-02
1.199999999999999956e+00
1.199999999999999956e+00
5.586768125282177977e-02
5.586768125282177977e-02
1.199999999999999956e+00
1.199999999999999956e+00
5.618669570168212113e-01
5.618669570168212113e-01
4.238622164601013598e-01
4.238622164601013598e-01
3.700482980714160930e-01
3.700482980714160930e-01
1.610773985912941630e-01
1.610773985912941630e-01
7.273918828780038259e-01
7.273918828780038259e-01
2.107818230377316027e-01
2.107818230377316027e-01
4.533749742962611684e-01
4.533749742962611684e-01
1.199999999999999956e+00
1.199999999999999956e+00
1.199999999999999956e+00
1.199999999999999956e+00
6.295825958051322058e-01
6.295825958051322058e-01
2.675006024607714528e-01
2.675006024607714528e-01
5.791216743417431090e-01
5.791216743417431090e-01
1.199999999999999956e+00
1.199999999999999956e+00
1.006101102146322313e-01
1.006101102146322313e-01
1.751707537652519575e-01
1.751707537652519575e-01
1.199999999999999956e+00
1.199999999999999956e+00
1.199999999999999956e+00
1.199999999999999956e+00
4.659965381432231712e-01
4.659965381432231712e-01
3.562791070785178427e-01
3.562791070785178427e-01
1.199999999999999956e+00
1.199999999999999956e+00
5.546633569997164726e-01
5.546633569997164726e-01
8.646741611741179390e-02
8.646741611741179390e-02
2.282884547167406686e-01
2.282884547167406686e-01
7.833555535877501086e-02
7.833555535877501086e-02
4.135059614918648596e-01
4.135059614918648596e-01
7.130746924374912199e-01
7.130746924374912199e-01
9.882539173646251451e-02
9.882539173646251451e-02
5.965224666931606690e-01
5.965224666931606690e-01
1.706853867437433392e-01
1.706853867437433392e-01
9.080880341643911280e-02
9.080880341643911280e-02
1.199999999999999956e+00
1.199999999999999956e+00
4.416802096363473540e-01
4.416802096363473540e-01
1.199999999999999956e+00
1.199999999999999956e+00
2.341981326386365636e-01
2.341981326386365636e-01
4.136980833953836090e-01
4.136980833953836090e-01
3.771131414596047282e-01
3.771131414596047282e-01
1.199999999999999956e+00
1.199999999999999956e+00
5.804708733728446424e-01
5.804708733728446424e-01
6.922326102674216664e-01
6.922326102674216664e-01
8.431213798826982242e-02
8.431213798826982242e-02
1.199999999999999956e+00
1.199999999999999956e+00
2.293328681696725213e-01
2.293328681696725213e-01
2.537272339198392568e-01
2.537272339198392568e-01
1.452193112603570313e-01
1.452193112603570313e-01
1.199999999999999956e+00
1.199999999999999956e+00
1.199999999999999956e+00
1.199999999999999956e+00
2.395055264654014915e-01
2.395055264654014915e-01
7.155169608772073975e-01
7.155169608772073975e-01
7.507935611894112071e-01
7.507935611894112071e-01
1.199999999999999956e+00
1.199999999999999956e+00
5.548754958051085873e-03
5.548754958051085873e-03
2.102415668787656067e-01
2.102415668787656067e-01
6.506461459237494749e-01
6.506461459237494749e-01
1.666597048134438319e-01
1.666597048134438319e-01
4.753916845905533511e-02
4.753916845905533511e-02
1.778226788539379877e-01
1.778226788539379877e-01
1.293956739267491940e-01
1.293956739267491940e-01
1.911692014027481235e-01
1.911692014027481235e-01
2.726949292473818121e-01
2.726949292473818121e-01
4.683085622884884391e-01
4.683085622884884391e-01
1.072514921229083956e-01
1.072514921229083956e-01
1.199999999999999956e+00
1.199999999999999956e+00
1.199999999999999956e+00
1.199999999999999956e+00
5.446940874025131274e-01
5.446940874025131274e-01
9.251134826438619507e-01
9.251134826438619507e-01
1.199999999999999956e+00
1.199999999999999956e+00
3.658416830276961518e-01
3.658416830276961518e-01
5.357940787525755644e-02
5.357940787525755644e-02
7.649249386408062401e-01
7.649249386408062401e-01
3.772249602545992841e-01
3.772249602545992841e-01
1.225771843655868304e-01
1.225771843655868304e-01
3.412062118348522799e-01
3.412062118348522799e-01
1.108633981423955417e-01
1.108633981423955417e-01
1.199999999999999956e+00
1.199999999999999956e+00
1.199999999999999956e+00
1.199999999999999956e+00
1.199999999999999956e+00
1.199999999999999956e+00
3.267159885803326835e-01
3.267159885803326835e-01
5.438387554182931849e-01
5.438387554182931849e-01
4.412501514797550345e-02
4.412501514797550345e-02
1.199999999999999956e+00
1.199999999999999956e+00
5.809311398834474810e-02
5.809311398834474810e-02
7.067475313864400588e-02
7.067475313864400588e-02
7.157847180893173178e-01
7.157847180893173178e-01
2.365927142690788659e-02
2.365927142690788659e-02
1.199999999999999956e+00
1.199999999999999956e+00
1.430442250051884301e-01
1.430442250051884301e-01
1.199999999999999956e+00
1.199999999999999956e+00
6.391583850140915291e-02
6.391583850140915291e-02
1.957236370128283831e-01
1.957236370128283831e-01
1.199999999999999956e+00
1.199999999999999956e+00
3.606925270196966737e-01
3.606925270196966737e-01
1.178856156198082178e-01
1.178856156198082178e-01
7.140096133664579348e-02
7.140096133664579348e-02
1.199999999999999956e+00
1.199999999999999956e+00
1.199999999999999956e+00
1.199999999999999956e+00
9.063154215557983617e-01
9.063154215557983617e-01
4.945445790703102418e-01
4.945445790703102418e-01
1.286550858619466275e-01
1.286550858619466275e-01
2.735956302468615653e-01
2.735956302468615653e-01
5.652947208459568884e-01
5.652947208459568884e-01
1.443942952644397884e-02
1.443942952644397884e-02
1.199999999999999956e+00
1.199999999999999956e+00
1.199999999999999956e+00
1.199999999999999956e+00
1.199999999999999956e+00
1.199999999999999956e+00
6.567548466483185132e-01
6.567548466483185132e-01
1.199999999999999956e+00
1.199999999999999956e+00
4.326593384999281172e-02
4.326593384999281172e-02
4.778390586457791911e-01
4.778390586457791911e-01
5.704890927818333513e-01
5.704890927818333513e-01
1.199999999999999956e+00
1.199999999999999956e+00
3.777765973367482322e-01
3.777765973367482322e-01
1.199999999999999956e+00
1.199999999999999956e+00
2.856695425282880230e-01
2.856695425282880230e-01
1.199999999999999956e+00
1.199999999999999956e+00
1.199999999999999956e+00
1.199999999999999956e+00
2.324560363608151603e-01
2.324560363608151603e-01
9.550984712706021146e-04
9.550984712706021146e-04
7.578999621187132441e-02
7.578999621187132441e-02
4.516288256260047457e-02
4.516288256260047457e-02
3.414598303957308012e-01
3.414598303957308012e-01
1.199999999999999956e+00
1.199999999999999956e+00
1.199999999999999956e+00
1.199999999999999956e+00
9.580742487660178774e-01
9.580742487660178774e-01
2.052643570438832943e-01
2.052643570438832943e-01
4.793584329445302328e-01
4.793584329445302328e-01
2.791819968478407854e-01
2.791819968478407854e-01
3.719068771147648889e-01
3.719068771147648889e-01
4.246477892112476837e-01
4.246477892112476837e-01
4.064931515378031879e-01
4.064931515378031879e-01
1.199999999999999956e+00
1.199999999999999956e+00
6.627583584833867114e-01
6.627583584833867114e-01
2.349887463180374836e-01
2.349887463180374836e-01
1.199999999999999956e+00
1.199999999999999956e+00
1.261535527377767030e-01
1.261535527377767030e-01
2.578913220438520115e-01
2.578913220438520115e-01
1.199999999999999956e+00
1.199999999999999956e+00
3.578803371266056077e-01
3.578803371266056077e-01
1.199999999999999956e+00
1.199999999999999956e+00
3.157707815476546998e-01
3.157707815476546998e-01
3.223430183710763175e-01
3.223430183710763175e-01
4.936392613286785802e-01
4.936392613286785802e-01
1.199999999999999956e+00
1.199999999999999956e+00
7.997956804890793414e-02
7.997956804890793414e-02
1.199999999999999956e+00
1.199999999999999956e+00
3.641006075879721360e-01
3.641006075879721360e-01
1.199999999999999956e+00
1.199999999999999956e+00
2.484526154299946110e-01
2.484526154299946110e-01
1.199999999999999956e+00
1.199999999999999956e+00
5.709403854945689361e-01
5.709403854945689361e-01
1.199999999999999956e+00
1.199999999999999956e+00
3.848434948096540742e-01
3.848434948096540742e-01
4.003239686032262767e-01
4.003239686032262767e-01
1.438328829903994244e-01
1.438328829903994244e-01
5.556295796563334721e-02
5.556295796563334721e-02
5.174938487042264335e-01
5.174938487042264335e-01
3.189080593891864268e-01
3.189080593891864268e-01
1.199999999999999956e+00
1.199999999999999956e+00
1.962163128981639082e-01
1.962163128981639082e-01
4.175068146082466791e-01
4.175068146082466791e-01
1.066290173428146582e-01
1.066290173428146582e-01
1.199999999999999956e+00
1.199999999999999956e+00
5.686954264418171701e-02
5.686954264418171701e-02
1.199999999999999956e+00
1.199999999999999956e+00
1.199999999999999956e+00
1.199999999999999956e+00
3.338379141682780715e-01
3.338379141682780715e-01
3.342376939432755711e-01
3.342376939432755711e-01
1.199999999999999956e+00
1.199999999999999956e+00
4.409080081853786193e-02
4.409080081853786193e-02
2.302893994225824192e-01
2.302893994225824192e-01
3.292373975302229083e-02
3.292373975302229083e-02
5.364027331256218112e-01
5.364027331256218112e-01
1.652261555797451820e-01
1.652261555797451820e-01
1.356124475963587164e-02
1.356124475963587164e-02
1.199999999999999956e+00
1.199999999999999956e+00
1.199999999999999956e+00
1.199999999999999956e+00
5.299480367608070397e-01
5.299480367608070397e-01
7.451854798039470040e-01
7.451854798039470040e-01
1.199999999999999956e+00
1.199999999999999956e+00
1.199999999999999956e+00
1.199999999999999956e+00
1.561843950009016158e-02
1.561843950009016158e-02
1.346598850186835408e-02
1.346598850186835408e-02
2.876648640144764402e-01
2.876648640144764402e-01
1.199999999999999956e+00
1.199999999999999956e+00
4.180520329548746417e-01
4.180520329548746417e-01
1.199999999999999956e+00
1.199999999999999956e+00
2.344077923416910125e-01
2.344077923416910125e-01
1.956218837735128335e-01
1.956218837735128335e-01
4.189533711466132404e-01
4.189533711466132404e-01
2.308835119649391976e-01
2.308835119649391976e-01
3.281658066929338813e-01
3.281658066929338813e-01
2.727891732210567244e-01
2.727891732210567244e-01
1.199999999999999956e+00
1.199999999999999956e+00
3.481955160202125123e-03
3.481955160202125123e-03
1.199999999999999956e+00
1.199999999999999956e+00
7.443450642139490814e-01
7.443450642139490814e-01
1.460302055842224445e-01
1.460302055842224445e-01
8.204534922821711262e-01
8.204534922821711262e-01
7.015735312771628207e-01
7.015735312771628207e-01
5.649945954263035919e-01
5.649945954263035919e-01
1.692173169300740521e-01
1.692173169300740521e-01
1.199999999999999956e+00
1.199999999999999956e+00
1.199999999999999956e+00
1.199999999999999956e+00
2.313926565430614035e-01
2.313926565430614035e-01
2.926568732905187112e-02
2.926568732905187112e-02
1.199999999999999956e+00
1.199999999999999956e+00
1.199999999999999956e+00
1.199999999999999956e+00
1.199999999999999956e+00
1.199999999999999956e+00
1.199999999999999956e+00
1.199999999999999956e+00
1.199999999999999956e+00
1.199999999999999956e+00
6.844830276304016137e-02
6.844830276304016137e-02
1.329080391620628132e-01
1.329080391620628132e-01
1.646807149711322360e-01
1.646807149711322360e-01
1.199999999999999956e+00
1.199999999999999956e+00
2.131752309946984836e-01
2.131752309946984836e-01
7.519019210770978567e-01
7.519019210770978567e-01
5.057363037691713359e-01
5.057363037691713359e-01
1.438393302160381054e-02
1.438393302160381054e-02
4.151283135142231906e-01
4.151283135142231906e-01
5.251497906237471286e-02
5.251497906237471286e-02
1.199999999999999956e+00
1.199999999999999956e+00
2.747048469704801987e-01
2.747048469704801987e-01
4.575329370450249844e-02
4.575329370450249844e-02
1.456546307847185646e-03
1.456546307847185646e-03
4.747603005521894293e-01
4.747603005521894293e-01
1.199999999999999956e+00
1.199999999999999956e+00
6.295441567731904220e-01
6.295441567731904220e-01
1.199999999999999956e+00
1.199999999999999956e+00
5.433589547664138264e-01
5.433589547664138264e-01
3.561497979262392422e-01
3.561497979262392422e-01
3.632870183486788807e-01
3.632870183486788807e-01
1.295728507629420080e-02
1.295728507629420080e-02
1.743997185232852298e-01
1.743997185232852298e-01
1.199999999999999956e+00
1.199999999999999956e+00
1.199999999999999956e+00
1.199999999999999956e+00
1.117308756056534513e-01
1.117308756056534513e-01
5.212062605637355350e-01
5.212062605637355350e-01
3.682516330121634596e-01
3.682516330121634596e-01
7.836036511163664287e-01
7.836036511163664287e-01
8.283260298954040479e-01
8.283260298954040479e-01
1.199999999999999956e+00
1.199999999999999956e+00
1.199999999999999956e+00
1.199999999999999956e+00
4.583677547488344550e-01
4.583677547488344550e-01
1.199999999999999956e+00
1.199999999999999956e+00
1.199999999999999956e+00
1.199999999999999956e+00
6.338270645311889773e-01
6.338270645311889773e-01
1.742832509326150969e-01
1.742832509326150969e-01
3.200538172612351490e-02
3.200538172612351490e-02
1.199999999999999956e+00
1.199999999999999956e+00
2.527472310880937711e-01
2.527472310880937711e-01
5.448555785002048291e-01
5.448555785002048291e-01
1.452549914773479667e-01
1.452549914773479667e-01
1.730567026043160483e-01
1.730567026043160483e-01
1.199999999999999956e+00
1.199999999999999956e+00
3.295111170192708272e-01
3.295111170192708272e-01
3.758404637248455304e-02
3.758404637248455304e-02
1.199999999999999956e+00
1.199999999999999956e+00
1.199999999999999956e+00
1.199999999999999956e+00
2.938453683944928368e-02
2.938453683944928368e-02
4.620603042472629096e-01
4.620603042472629096e-01
3.915069074032637708e-01
3.915069074032637708e-01
2.458109090433772403e-01
2.458109090433772403e-01
2.392989049547164238e-01
2.392989049547164238e-01
1.199999999999999956e+00
1.199999999999999956e+00
1.926108053527698927e-01
1.926108053527698927e-01
2.528414654398346562e-01
2.528414654398346562e-01
1.199999999999999956e+00
1.199999999999999956e+00
1.199999999999999956e+00
1.199999999999999956e+00
1.422661576457051880e-01
1.422661576457051880e-01
2.759595457695019904e-01
2.759595457695019904e-01
5.033202384805956359e-02
5.033202384805956359e-02
8.398084724005867585e-01
8.398084724005867585e-01
4.343084898841406138e-01
4.343084898841406138e-01
1.480854256964283522e-01
1.480854256964283522e-01
2.974614208520549030e-01
2.974614208520549030e-01
1.781232027167756193e-01
1.781232027167756193e-01
3.401280334624534607e-02
3.401280334624534607e-02
5.377753598030724641e-02
5.377753598030724641e-02
1.199999999999999956e+00
1.199999999999999956e+00
1.537848813495792666e-01
1.537848813495792666e-01
2.111156814481517652e-01
2.111156814481517652e-01
2.462085383257964916e-02
2.462085383257964916e-02
2.302795025310089005e-01
2.302795025310089005e-01
4.552379474952583660e-01
4.552379474952583660e-01
1.199999999999999956e+00
1.199999999999999956e+00
2.818355281809620250e-01
2.818355281809620250e-01
2.318005760391788142e-02
2.318005760391788142e-02
2.040091635895310285e-01
2.040091635895310285e-01
2.922010631869624842e-01
2.922010631869624842e-01
6.535716241926010917e-03
6.535716241926010917e-03
2.525035080678271482e-02
2.525035080678271482e-02
1.199999999999999956e+00
1.199999999999999956e+00
2.618712160623932750e-01
2.618712160623932750e-01
1.199999999999999956e+00
1.199999999999999956e+00
8.354558151190742687e-02
8.354558151190742687e-02
1.253939526413995476e-01
1.253939526413995476e-01
1.199999999999999956e+00
1.199999999999999956e+00
2.439713891274236102e-01
2.439713891274236102e-01
1.199999999999999956e+00
1.199999999999999956e+00
1.199999999999999956e+00
1.199999999999999956e+00
2.688595316103061239e-01
2.688595316103061239e-01
1.690964195920230395e-01
1.690964195920230395e-01
7.253177648897984886e-02
7.253177648897984886e-02
1.199999999999999956e+00
1.199999999999999956e+00
9.293012706927777922e-02
9.293012706927777922e-02
1.350587100448933653e-01
1.350587100448933653e-01
3.122754573476742013e-01
3.122754573476742013e-01
9.473019902631378830e-01
9.473019902631378830e-01
3.885457001934086718e-02
3.885457001934086718e-02
1.199999999999999956e+00
1.199999999999999956e+00
4.550323898001109035e-01
4.550323898001109035e-01
2.925917050072772696e-01
2.925917050072772696e-01
3.256465077104068184e-01
3.256465077104068184e-01
1.893322488721820018e-02
1.893322488721820018e-02
9.150925332801973511e-02
9.150925332801973511e-02
1.199999999999999956e+00
1.199999999999999956e+00
4.969668397561263773e-01
4.969668397561263773e-01
5.127019671563536329e-01
5.127019671563536329e-01
4.503851039205504225e-01
4.503851039205504225e-01
1.199999999999999956e+00
1.199999999999999956e+00
4.430743192923776164e-01
4.430743192923776164e-01
8.864415728926590132e-01
8.864415728926590132e-01
1.199999999999999956e+00
1.199999999999999956e+00
2.349283806511872630e-01
2.349283806511872630e-01
1.199999999999999956e+00
1.199999999999999956e+00
3.405500540686146049e-01
3.405500540686146049e-01
1.825700677148473991e-02
1.825700677148473991e-02
1.199999999999999956e+00
1.199999999999999956e+00
2.993111355389793671e-01
2.993111355389793671e-01
1.109686503390370019e-02
1.109686503390370019e-02
1.199999999999999956e+00
1.199999999999999956e+00
1.199999999999999956e+00
1.199999999999999956e+00
1.199999999999999956e+00
1.199999999999999956e+00
2.048810587905524044e-03
2.048810587905524044e-03
1.840918219188818986e-03
1.840918219188818986e-03
1.653526765773163376e-01
1.653526765773163376e-01
2.020923432968294020e-01
2.020923432968294020e-01
1.256500199712445309e-01
1.256500199712445309e-01
1.199999999999999956e+00
1.199999999999999956e+00
4.742254785632141756e-01
4.742254785632141756e-01
1.483375418507058563e-01
1.483375418507058563e-01
1.199999999999999956e+00
1.199999999999999956e+00
2.370168172961564790e-01
2.370168172961564790e-01
1.145033409732993390e-01
1.145033409732993390e-01
5.986316167583057846e-01
5.986316167583057846e-01
3.387223645766907487e-01
3.387223645766907487e-01
5.665377299778330267e-01
5.665377299778330267e-01
1.199999999999999956e+00
1.199999999999999956e+00
1.199999999999999956e+00
1.199999999999999956e+00
1.199999999999999956e+00
1.199999999999999956e+00
1.615898451562182078e-02
1.615898451562182078e-02
3.807222217802286313e-01
3.807222217802286313e-01
1.360644820685258383e-01
1.360644820685258383e-01
3.790790775656755485e-01
3.790790775656755485e-01
3.362974214661914596e-01
3.362974214661914596e-01
5.956189995448678554e-01
5.956189995448678554e-01
5.813625669057563838e-01
5.813625669057563838e-01
5.565684560310576456e-01
5.565684560310576456e-01
2.955148694585866820e-01
2.955148694585866820e-01
4.365821983355917119e-02
4.365821983355917119e-02
2.842592150838650356e-01
2.842592150838650356e-01
1.199999999999999956e+00
1.199999999999999956e+00
1.199999999999999956e+00
1.199999999999999956e+00
2.813652472450657305e-01
2.813652472450657305e-01
2.680589827885768162e-01
2.680589827885768162e-01
4.710605028919590542e-01
4.710605028919590542e-01
7.302538550319515043e-02
7.302538550319515043e-02
1.199999999999999956e+00
1.199999999999999956e+00
8.082368530928246697e-01
8.082368530928246697e-01
9.205901101373039630e-01
9.205901101373039630e-01
2.722139853809899535e-01
2.722139853809899535e-01
1.199999999999999956e+00
1.199999999999999956e+00
1.199999999999999956e+00
1.199999999999999956e+00
6.229142521088185808e-02
6.229142521088185808e-02
3.097783149816338844e-01
3.097783149816338844e-01
1.199999999999999956e+00
1.199999999999999956e+00
4.808111319852845233e-01
4.808111319852845233e-01
1.199999999999999956e+00
1.199999999999999956e+00
1.199999999999999956e+00
1.199999999999999956e+00
2.771417518326652618e-01
2.771417518326652618e-01
1.469959360767972845e-01
1.469959360767972845e-01
1.119636304461990584e+00
1.119636304461990584e+00
1.199999999999999956e+00
1.199999999999999956e+00
1.386864396789723175e+00
1.386864396789723175e+00
1.041527654608993547e+00
1.041527654608993547e+00
8.834974299839250256e-02
8.834974299839250256e-02
1.199999999999999956e+00
1.199999999999999956e+00
3.380024182243451247e-01
3.380024182243451247e-01
1.097956773758110294e-01
1.097956773758110294e-01
1.862920181555751953e-01
1.862920181555751953e-01
5.048341544940376791e-01
5.048341544940376791e-01
1.199999999999999956e+00
1.199999999999999956e+00
1.199999999999999956e+00
1.199999999999999956e+00
2.274163027561928452e-01
2.274163027561928452e-01
3.018487146513550989e-01
3.018487146513550989e-01
7.256276546003684880e-01
7.256276546003684880e-01
7.392148900414642620e-02
7.392148900414642620e-02
6.039399868077563460e-02
6.039399868077563460e-02
4.704865829720916021e-02
4.704865829720916021e-02
6.354860672058499915e-01
6.354860672058499915e-01
3.820957018027184571e-01
3.820957018027184571e-01
3.124831837103992371e-01
3.124831837103992371e-01
1.199999999999999956e+00
1.199999999999999956e+00
1.199999999999999956e+00
1.199999999999999956e+00
2.171685670247981703e-01
2.171685670247981703e-01
1.101179402863110418e-01
1.101179402863110418e-01
1.199999999999999956e+00
1.199999999999999956e+00
1.199999999999999956e+00
1.199999999999999956e+00
9.072489380432785522e-02
9.072489380432785522e-02
1.199999999999999956e+00
1.199999999999999956e+00
5.019855403245735564e-02
5.019855403245735564e-02
2.997060526813420389e-01
2.997060526813420389e-01
3.151520724013561203e-01
3.151520724013561203e-01
1.199999999999999956e+00
1.199999999999999956e+00
3.688645216596525556e-01
3.688645216596525556e-01
1.199999999999999956e+00
1.199999999999999956e+00
1.017122654957406669e-01
1.017122654957406669e-01
4.186127752178334660e-01
4.186127752178334660e-01
2.798398245707169329e-01
2.798398245707169329e-01
3.274084498249810876e-02
3.274084498249810876e-02
7.784363146609815653e-02
7.784363146609815653e-02
6.388323534090375455e-01
6.388323534090375455e-01
3.156470611930445869e-01
3.156470611930445869e-01
2.388827770639881387e-01
2.388827770639881387e-01
1.734543122615584132e-01
1.734543122615584132e-01
1.199999999999999956e+00
1.199999999999999956e+00
4.375723164459321274e-02
4.375723164459321274e-02
5.178828949373934232e-02
5.178828949373934232e-02
1.849663039906218887e-01
1.849663039906218887e-01
3.949087609196556548e-01
3.949087609196556548e-01
1.227484449095634089e-01
1.227484449095634089e-01
3.225164594794698303e-01
3.225164594794698303e-01
2.111705451356069574e-01
2.111705451356069574e-01
5.250522995284089695e-02
5.250522995284089695e-02
6.959154145392912882e-01
6.959154145392912882e-01
7.140049411448724792e-02
7.140049411448724792e-02
9.967811386843559995e-02
9.967811386843559995e-02
5.129896110701660517e-01
5.129896110701660517e-01
1.199999999999999956e+00
1.199999999999999956e+00
2.045315417527219515e-01
2.045315417527219515e-01
1.199999999999999956e+00
1.199999999999999956e+00
4.807896595543503793e-02
4.807896595543503793e-02
1.005487451738619198e-01
1.005487451738619198e-01
4.380388845321113722e-01
4.380388845321113722e-01
1.199999999999999956e+00
1.199999999999999956e+00
5.389477926929323592e-01
5.389477926929323592e-01
1.199999999999999956e+00
1.199999999999999956e+00
3.671465792540240525e-01
3.671465792540240525e-01
5.155549102164748154e-01
5.155549102164748154e-01
1.942228339409095006e-01
1.942228339409095006e-01
1.199999999999999956e+00
1.199999999999999956e+00
4.369013739034087462e-02
4.369013739034087462e-02
5.183633545301746109e-02
5.183633545301746109e-02
2.078348632117650863e-01
2.078348632117650863e-01
7.107424157198471981e-01
7.107424157198471981e-01
5.525423491409020560e-01
5.525423491409020560e-01
1.710370909362439740e-01
1.710370909362439740e-01
1.554762509588568098e-01
1.554762509588568098e-01
7.800033070990758377e-01
7.800033070990758377e-01
6.625980903413512813e-02
6.625980903413512813e-02
1.632519789104134034e-01
1.632519789104134034e-01
1.039232067284397099e+00
1.039232067284397099e+00
1.050657703765665585e-01
1.050657703765665585e-01
1.962925851998824078e-01
1.962925851998824078e-01
1.552778751346383518e-02
1.552778751346383518e-02
2.585629050060151424e-01
2.585629050060151424e-01
8.995143656250365397e-03
8.995143656250365397e-03
1.199999999999999956e+00
1.199999999999999956e+00
2.396588996717996245e-01
2.396588996717996245e-01
4.214183012642541346e-03
4.214183012642541346e-03
1.678352044627691789e-02
1.678352044627691789e-02
2.623685892234547401e-01
2.623685892234547401e-01
1.059060483264716856e-01
1.059060483264716856e-01
1.452613332790751166e-01
1.452613332790751166e-01
1.745509584912310619e-01
1.745509584912310619e-01
2.565719120723747859e-01
2.565719120723747859e-01
2.963884069442463964e-01
2.963884069442463964e-01
4.187147676610123437e-01
4.187147676610123437e-01
1.060992411712091132e-01
1.060992411712091132e-01
1.870722150754297042e-01
1.870722150754297042e-01
1.199999999999999956e+00
1.199999999999999956e+00
1.199999999999999956e+00
1.199999999999999956e+00
2.583402657871207153e-01
2.583402657871207153e-01
1.535191791345765777e-01
1.535191791345765777e-01
2.607407366683751615e-01
2.607407366683751615e-01
4.030295875369484526e-01
4.030295875369484526e-01
2.546831037267280329e-01
2.546831037267280329e-01
1.199999999999999956e+00
1.199999999999999956e+00
1.297846635797473940e-02
1.297846635797473940e-02
2.098874664082204244e-01
2.098874664082204244e-01
1.729017373036497718e-01
1.729017373036497718e-01
2.546511099801467351e-02
2.546511099801467351e-02
2.832402144507909503e-01
2.832402144507909503e-01
3.605712283620616798e-01
3.605712283620616798e-01
1.199999999999999956e+00
1.199999999999999956e+00
2.299304907421756416e-02
2.299304907421756416e-02
1.199999999999999956e+00
1.199999999999999956e+00
1.482230259415480422e-01
1.482230259415480422e-01
2.386416825276052589e-02
2.386416825276052589e-02
2.303865349951218777e-01
2.303865349951218777e-01
1.260131931832609020e-01
1.260131931832609020e-01
3.896153782264363263e-01
3.896153782264363263e-01
2.954394908962282296e-01
2.954394908962282296e-01
3.273721187633074070e-01
3.273721187633074070e-01
3.579988677096626049e-01
3.579988677096626049e-01
1.199999999999999956e+00
1.199999999999999956e+00
3.259959364936544368e-01
3.259959364936544368e-01
2.862970644646111174e-01
2.862970644646111174e-01
1.199999999999999956e+00
1.199999999999999956e+00
1.199999999999999956e+00
1.199999999999999956e+00
8.419731064515562080e-01
8.419731064515562080e-01
3.217494870649040828e-01
3.217494870649040828e-01
3.674399528175916613e-02
3.674399528175916613e-02
3.333585597955849300e-01
3.333585597955849300e-01
1.199999999999999956e+00
1.199999999999999956e+00
9.370141969015187422e-02
9.370141969015187422e-02
6.516294793189492118e-02
6.516294793189492118e-02
4.740890141609372943e-01
4.740890141609372943e-01
1.199999999999999956e+00
1.199999999999999956e+00
1.199999999999999956e+00
1.199999999999999956e+00
4.228338230489884220e-01
4.228338230489884220e-01
1.199999999999999956e+00
1.199999999999999956e+00
1.385867297029791390e-01
1.385867297029791390e-01
2.036731253071947731e-02
2.036731253071947731e-02
5.463987186932727225e-01
5.463987186932727225e-01
8.804758439370616308e-02
8.804758439370616308e-02
3.680465574005119256e-02
3.680465574005119256e-02
5.038855092472284414e-02
5.038855092472284414e-02
5.101018879161788311e-01
5.101018879161788311e-01
2.567170283529504604e-01
2.567170283529504604e-01
7.717185927309172522e-02
7.717185927309172522e-02
1.331708594014441860e-01
1.331708594014441860e-01
1.199999999999999956e+00
1.199999999999999956e+00
3.522611330949940722e-01
3.522611330949940722e-01
1.199999999999999956e+00
1.199999999999999956e+00
3.986100012106747470e-01
3.986100012106747470e-01
5.191712040017921748e-01
5.191712040017921748e-01
4.695739642413295778e-01
4.695739642413295778e-01
8.887113429758559668e-01
8.887113429758559668e-01
8.306800680986233809e-01
8.306800680986233809e-01
6.936489517549360162e-01
6.936489517549360162e-01
4.560007059193008638e-01
4.560007059193008638e-01
3.956882154521706302e-02
3.956882154521706302e-02
5.042093385790493397e-03
5.042093385790493397e-03
1.199999999999999956e+00
1.199999999999999956e+00
2.458721186947618320e-02
2.458721186947618320e-02
3.191101289223531867e-01
3.191101289223531867e-01
3.367411949816011552e-01
3.367411949816011552e-01
2.510464189245621980e-01
2.510464189245621980e-01
9.766714537773302229e-01
9.766714537773302229e-01
1.199999999999999956e+00
1.199999999999999956e+00
1.043378623419585483e-01
1.043378623419585483e-01
1.247642771293541453e-01
1.247642771293541453e-01
3.929819525577499251e-01
3.929819525577499251e-01
1.134664673203881896e-01
1.134664673203881896e-01
1.199999999999999956e+00
1.199999999999999956e+00
9.242581417160454504e-02
9.242581417160454504e-02
7.514581162953200000e-01
7.514581162953200000e-01
8.424191382108575654e-02
8.424191382108575654e-02
7.195971114137713620e-01
7.195971114137713620e-01
1.721866781443514571e-01
1.721866781443514571e-01
5.848248006691398881e-01
5.848248006691398881e-01
2.232873845983082139e-01
2.232873845983082139e-01
9.369034150415839202e-02
9.369034150415839202e-02
1.199999999999999956e+00
1.199999999999999956e+00
2.830437328040512623e-01
2.830437328040512623e-01
2.621298148759154123e-01
2.621298148759154123e-01
1.967099408000524408e-01
1.967099408000524408e-01
7.053749087102428872e-02
7.053749087102428872e-02
1.199999999999999956e+00
1.199999999999999956e+00
1.199999999999999956e+00
1.199999999999999956e+00
1.067231234921546534e-02
1.067231234921546534e-02
3.421722263867348346e-01
3.421722263867348346e-01
1.199999999999999956e+00
1.199999999999999956e+00
3.237272051583039434e-01
3.237272051583039434e-01
1.199999999999999956e+00
1.199999999999999956e+00
6.817963092146425153e-01
6.817963092146425153e-01
6.524915983234023109e-01
6.524915983234023109e-01
5.836198979202723569e-01
5.836198979202723569e-01
6.722760498166173715e-01
6.722760498166173715e-01
1.795727395083285272e-01
1.795727395083285272e-01
8.212823846990737267e-03
8.212823846990737267e-03
1.684723179171845331e-01
1.684723179171845331e-01
4.614637764088245359e-02
4.614637764088245359e-02
8.819490651539203530e-01
8.819490651539203530e-01
1.985941590524520906e-01
1.985941590524520906e-01
1.343567668291545669e-01
1.343567668291545669e-01
1.199999999999999956e+00
1.199999999999999956e+00
1.904792572774912374e-01
1.904792572774912374e-01
1.566264393590972026e-01
1.566264393590972026e-01
4.628389810046942277e-01
4.628389810046942277e-01
8.196337784446420735e-03
8.196337784446420735e-03
1.199999999999999956e+00
1.199999999999999956e+00
1.901628233317944894e-01
1.901628233317944894e-01
3.357348864113032239e-01
3.357348864113032239e-01
1.447374776419150799e-01
1.447374776419150799e-01
1.199999999999999956e+00
1.199999999999999956e+00
1.517531875806509278e-01
1.517531875806509278e-01
1.199999999999999956e+00
1.199999999999999956e+00
6.969189983521366372e-02
6.969189983521366372e-02
6.928855518008708581e-01
6.928855518008708581e-01
3.565040598869973487e-01
3.565040598869973487e-01
2.862822814669060967e-01
2.862822814669060967e-01
4.719167906700103693e-02
4.719167906700103693e-02
2.150962458434105273e-01
2.150962458434105273e-01
3.662839018250896861e-01
3.662839018250896861e-01
1.822537932600901689e-01
1.822537932600901689e-01
2.684467261579507880e-01
2.684467261579507880e-01
1.199999999999999956e+00
1.199999999999999956e+00
5.421803358843438891e-01
5.421803358843438891e-01
2.171822024628158876e-01
2.171822024628158876e-01
1.954046262671920720e-01
1.954046262671920720e-01
5.743171875860894060e-01
5.743171875860894060e-01
3.102143724636401978e-01
3.102143724636401978e-01
1.199999999999999956e+00
1.199999999999999956e+00
2.890577703042354063e-01
2.890577703042354063e-01
8.044277330636753764e-02
8.044277330636753764e-02
7.209665160348952551e-01
7.209665160348952551e-01
6.427895191270716069e-02
6.427895191270716069e-02
1.199999999999999956e+00
1.199999999999999956e+00
2.457376247750315545e-01
2.457376247750315545e-01
1.508402702493002456e-01
1.508402702493002456e-01
1.199999999999999956e+00
1.199999999999999956e+00
2.368210170748348831e-01
2.368210170748348831e-01
8.148878661417706670e-01
8.148878661417706670e-01
1.041869747592964190e-01
1.041869747592964190e-01
1.333221202256180404e-01
1.333221202256180404e-01
1.199999999999999956e+00
1.199999999999999956e+00
3.816488501288272661e-01
3.816488501288272661e-01
1.770818989119888887e-01
1.770818989119888887e-01
1.199999999999999956e+00
1.199999999999999956e+00
3.523767442968263053e-01
3.523767442968263053e-01
1.085531577449887347e-01
1.085531577449887347e-01
1.131826496389831960e-01
1.131826496389831960e-01
5.305212187128375417e-02
5.305212187128375417e-02
7.782424612318875057e-02
7.782424612318875057e-02
1.199999999999999956e+00
1.199999999999999956e+00
4.423070699518423243e-01
4.423070699518423243e-01
4.353683451294769746e-01
4.353683451294769746e-01
1.454532599343073274e-01
1.454532599343073274e-01
1.199999999999999956e+00
1.199999999999999956e+00
4.510179628066331436e-01
4.510179628066331436e-01
1.915882994301162379e-01
1.915882994301162379e-01
1.651815343461942309e-01
1.651815343461942309e-01
1.843714716132931475e-01
1.843714716132931475e-01
4.080587014040524818e-01
4.080587014040524818e-01
3.517053884533223318e-01
3.517053884533223318e-01
1.199999999999999956e+00
1.199999999999999956e+00
4.450365210416711292e-01
4.450365210416711292e-01
1.199999999999999956e+00
1.199999999999999956e+00
1.151231090004523061e-01
1.151231090004523061e-01
1.550978602907639725e-01
1.550978602907639725e-01
8.520234130050824417e-02
8.520234130050824417e-02
3.417386555514133617e-01
3.417386555514133617e-01
1.946270203724798364e-01
1.946270203724798364e-01
1.199999999999999956e+00
1.199999999999999956e+00
5.245010758399581974e-01
5.245010758399581974e-01
2.107934430737354592e-01
2.107934430737354592e-01
6.062749033763390472e-01
6.062749033763390472e-01
1.199999999999999956e+00
1.199999999999999956e+00
4.940876078320609321e-02
4.940876078320609321e-02
3.316276604766563718e-01
3.316276604766563718e-01
6.195807344099137914e-01
6.195807344099137914e-01
4.876662951283630004e-02
4.876662951283630004e-02
5.136807116849227972e-01
5.136807116849227972e-01
1.600051700105702135e-01
1.600051700105702135e-01
1.219818178310574236e-01
1.219818178310574236e-01
3.680050562909274459e-01
3.680050562909274459e-01
2.042931224139786506e-02
2.042931224139786506e-02
1.316979778278591640e-01
1.316979778278591640e-01
1.199999999999999956e+00
1.199999999999999956e+00
5.976485293816937716e-01
5.976485293816937716e-01
4.060828576689776148e-01
4.060828576689776148e-01
1.199999999999999956e+00
1.199999999999999956e+00
8.751207225808760315e-02
8.751207225808760315e-02
5.107970543475189862e-01
5.107970543475189862e-01
1.199999999999999956e+00
1.199999999999999956e+00
1.546122918462508045e-01
1.546122918462508045e-01
5.070308521130563462e-02
5.070308521130563462e-02
2.124252132659973924e-01
2.124252132659973924e-01
3.907702495198725479e-02
3.907702495198725479e-02
4.070222254963465347e-02
4.070222254963465347e-02
3.986839611766617164e-01
3.986839611766617164e-01
4.059694797969329305e-02
4.059694797969329305e-02
2.538694474953161542e-02
2.538694474953161542e-02
2.024385354783137803e-01
2.024385354783137803e-01
2.921259792833335034e-01
2.921259792833335034e-01
1.199999999999999956e+00
1.199999999999999956e+00
9.308702409466317051e-02
9.308702409466317051e-02
8.742822476758956018e-02
8.742822476758956018e-02
1.655769735803154230e-01
1.655769735803154230e-01
6.459702384179973889e-01
6.459702384179973889e-01
1.199999999999999956e+00
1.199999999999999956e+00
1.014805667348648577e-01
1.014805667348648577e-01
4.992053435522576521e-01
4.992053435522576521e-01
5.690297542390724272e-01
5.690297542390724272e-01
1.538597567306951852e-01
1.538597567306951852e-01
5.274215788309811748e-01
5.274215788309811748e-01
6.718358383752400798e-01
6.718358383752400798e-01
6.956445146610511221e-02
6.956445146610511221e-02
2.126524773537523672e-01
2.126524773537523672e-01
1.074771964648682659e-01
1.074771964648682659e-01
8.557152960046826573e-01
8.557152960046826573e-01
1.745271175953708870e-02
1.745271175953708870e-02
1.325484041287328663e-01
1.325484041287328663e-01
4.545470530512745189e-01
4.545470530512745189e-01
8.646860636296199720e-02
8.646860636296199720e-02
1.199999999999999956e+00
1.199999999999999956e+00
9.883559816642110973e-02
9.883559816642110973e-02
1.132539617008410104e-01
1.132539617008410104e-01
1.189721412838275622e-01
1.189721412838275622e-01
