7.091184307094304806e-01
7.091184307094304806e-01
6.870347284372854135e-01
6.870347284372854135e-01
4.808818623690572780e-01
4.808818623690572780e-01
9.662587964974161947e-02
9.662587964974161947e-02
1.199999999999999956e+00
1.199999999999999956e+00
4.087513074174398131e-01
4.087513074174398131e-01
8.167246673939495549e-01
8.167246673939495549e-01
1.812548219248882320e-01
1.812548219248882320e-01
7.035848660295379586e-02
7.035848660295379586e-02
2.985703259261843212e-01
2.985703259261843212e-01
1.199999999999999956e+00
1.199999999999999956e+00
2.332671983332911259e-01
2.332671983332911259e-01
2.614248387790145123e-01
2.614248387790145123e-01
3.751230621575334795e-02
3.751230621575334795e-02
4.098574771346465417e-01
4.098574771346465417e-01
3.371049508385410842e-01
3.371049508385410842e-01
5.921340729890929300e-01
5.921340729890929300e-01
6.598633067689493314e-01
6.598633067689493314e-01
1.199999999999999956e+00
1.199999999999999956e+00
5.580738153496526133e-01
5.580738153496526133e-01
5.349081170775092930e-01
5.349081170775092930e-01
1.199999999999999956e+00
1.199999999999999956e+00
6.582965077152794220e-03
6.582965077152794220e-03
5.784221427990504649e-01
5.784221427990504649e-01
1.199999999999999956e+00
1.199999999999999956e+00
1.199999999999999956e+00
1.199999999999999956e+00
5.839274434320365637e-02
5.839274434320365637e-02
5.902877816961883406e-01
5.902877816961883406e-01
2.757115150679521065e-01
2.757115150679521065e-01
1.199999999999999956e+00
1.199999999999999956e+00
7.543454275389084585e-02
7.543454275389084585e-02
7.524766081439801524e-02
7.524766081439801524e-02
1.199999999999999956e+00
1.199999999999999956e+00
2.091794786505294379e-01
2.091794786505294379e-01
2.303812710538508390e-01
2.303812710538508390e-01
1.387043904674694905e-01
1.387043904674694905e-01
4.535387537696238258e-01
4.535387537696238258e-01
1.199999999999999956e+00
1.199999999999999956e+00
3.996057216960094971e-01
3.996057216960094971e-01
5.744097286417152448e-01
5.744097286417152448e-01
3.240937183855459036e-01
3.240937183855459036e-01
2.532557632647626789e-01
2.532557632647626789e-01
1.199999999999999956e+00
1.199999999999999956e+00
1.443699524226617070e-01
1.443699524226617070e-01
1.110050897716712975e-01
1.110050897716712975e-01
1.199999999999999956e+00
1.199999999999999956e+00
1.199999999999999956e+00
1.199999999999999956e+00
9.312173621744508634e-02
9.312173621744508634e-02
1.199999999999999956e+00
1.199999999999999956e+00
3.859567844390224267e-01
3.859567844390224267e-01
2.369868222523185686e-01
2.369868222523185686e-01
4.571785610278292222e-01
4.571785610278292222e-01
7.124974285831299492e-02
7.124974285831299492e-02
1.199999999999999956e+00
1.199999999999999956e+00
1.199999999999999956e+00
1.199999999999999956e+00
1.070867255591739647e-01
1.070867255591739647e-01
1.199999999999999956e+00
1.199999999999999956e+00
2.237041213115903704e-01
2.237041213115903704e-01
8.331254864954575901e-01
8.331254864954575901e-01
1.191481388197918739e-02
1.191481388197918739e-02
5.882213595819830720e-01
5.882213595819830720e-01
1.199999999999999956e+00
1.199999999999999956e+00
1.205032312900534974e-01
1.205032312900534974e-01
3.195216024810965671e-01
3.195216024810965671e-01
8.313237085001597970e-01
8.313237085001597970e-01
5.850850204055253745e-02
5.850850204055253745e-02
9.668566192906104251e-03
9.668566192906104251e-03
2.446855818552536310e-01
2.446855818552536310e-01
3.670588754388036112e-01
3.670588754388036112e-01
1.560345138630940820e-01
1.560345138630940820e-01
1.199999999999999956e+00
1.199999999999999956e+00
1.115190065502613126e-01
1.115190065502613126e-01
3.375755307208870848e-01
3.375755307208870848e-01
1.199999999999999956e+00
1.199999999999999956e+00
3.231614528447831480e-01
3.231614528447831480e-01
1.199999999999999956e+00
1.199999999999999956e+00
2.374461136491831381e-01
2.374461136491831381e-01
4.773566778140663769e-01
4.773566778140663769e-01
1.199999999999999956e+00
1.199999999999999956e+00
5.127843025093329343e-01
5.127843025093329343e-01
8.847088895835650280e-02
8.847088895835650280e-02
8.394726455795459286e-02
8.394726455795459286e-02
1.199999999999999956e+00
1.199999999999999956e+00
1.159665737499597643e-01
1.159665737499597643e-01
3.405439466026740636e-01
3.405439466026740636e-01
1.199999999999999956e+00
1.199999999999999956e+00
6.776357350201853702e-01
6.776357350201853702e-01
6.674577665292108497e-01
6.674577665292108497e-01
4.002645712112967019e-02
4.002645712112967019e-02
3.275313125387989133e-01
3.275313125387989133e-01
5.481305253769754859e-01
5.481305253769754859e-01
1.368063995029022151e-01
1.368063995029022151e-01
2.156706851090401944e-01
2.156706851090401944e-01
3.681475618150031881e-01
3.681475618150031881e-01
7.765413712350481557e-02
7.765413712350481557e-02
7.336484132061407704e-02
7.336484132061407704e-02
9.380553407167180335e-02
9.380553407167180335e-02
6.716044734570900676e-01
6.716044734570900676e-01
1.845063474623650501e-01
1.845063474623650501e-01
2.699544828008908492e-01
2.699544828008908492e-01
2.277941063363262408e-01
2.277941063363262408e-01
1.199999999999999956e+00
1.199999999999999956e+00
2.324028661016690200e-01
2.324028661016690200e-01
1.594034015182708708e-01
1.594034015182708708e-01
1.199999999999999956e+00
1.199999999999999956e+00
5.910244167344437249e-01
5.910244167344437249e-01
1.199999999999999956e+00
1.199999999999999956e+00
1.199999999999999956e+00
1.199999999999999956e+00
1.604174732941971993e-01
1.604174732941971993e-01
9.072822504785899023e-01
9.072822504785899023e-01
4.826488021887991725e-02
4.826488021887991725e-02
5.198988557691202050e-01
5.198988557691202050e-01
1.199999999999999956e+00
1.199999999999999956e+00
8.438394462493414849e-01
8.438394462493414849e-01
7.716784040622424179e-01
7.716784040622424179e-01
5.549801552487962919e-01
5.549801552487962919e-01
8.601742176490971559e-02
8.601742176490971559e-02
6.755679850061585556e-01
6.755679850061585556e-01
3.415742760102709052e-01
3.415742760102709052e-01
1.400933622304985082e-01
1.400933622304985082e-01
5.771036258555722193e-02
5.771036258555722193e-02
1.199999999999999956e+00
1.199999999999999956e+00
1.199999999999999956e+00
1.199999999999999956e+00
4.242458233859244254e-01
4.242458233859244254e-01
4.149973822322238215e-01
4.149973822322238215e-01
1.112433123836537308e-01
1.112433123836537308e-01
8.428805986171229447e-01
8.428805986171229447e-01
1.199999999999999956e+00
1.199999999999999956e+00
2.261402914296347429e-03
2.261402914296347429e-03
5.572381317213793706e-01
5.572381317213793706e-01
1.199999999999999956e+00
1.199999999999999956e+00
6.828750739186806307e-01
6.828750739186806307e-01
2.442700363687548559e-01
2.442700363687548559e-01
3.801089559722343747e-01
3.801089559722343747e-01
5.079016655958762394e-02
5.079016655958762394e-02
1.066641034272758137e+00
1.066641034272758137e+00
5.660469339479761164e-01
5.660469339479761164e-01
3.336940586823222699e-01
3.336940586823222699e-01
1.199999999999999956e+00
1.199999999999999956e+00
3.237660814300619694e-01
3.237660814300619694e-01
1.199999999999999956e+00
1.199999999999999956e+00
7.776359339091157841e-01
7.776359339091157841e-01
1.122917526305330649e-01
1.122917526305330649e-01
1.199999999999999956e+00
1.199999999999999956e+00
8.615255565963760853e-01
8.615255565963760853e-01
1.199999999999999956e+00
1.199999999999999956e+00
8.979083105069071147e-01
8.979083105069071147e-01
1.199999999999999956e+00
1.199999999999999956e+00
2.966823226620796117e-01
2.966823226620796117e-01
1.199999999999999956e+00
1.199999999999999956e+00
3.313763282449293524e-01
3.313763282449293524e-01
1.199999999999999956e+00
1.199999999999999956e+00
1.199999999999999956e+00
1.199999999999999956e+00
1.199999999999999956e+00
1.199999999999999956e+00
5.264452211752864708e-01
5.264452211752864708e-01
1.199999999999999956e+00
1.199999999999999956e+00
1.181970914597270383e-01
1.181970914597270383e-01
1.041607734721590184e+00
1.041607734721590184e+00
2.759085719772058076e-01
2.759085719772058076e-01
5.426715677810793892e-01
5.426715677810793892e-01
1.199999999999999956e+00
1.199999999999999956e+00
9.884507843837576913e-02
9.884507843837576913e-02
1.199999999999999956e+00
1.199999999999999956e+00
1.199999999999999956e+00
1.199999999999999956e+00
4.976523727361154004e-03
4.976523727361154004e-03
5.069964165508818177e-02
5.069964165508818177e-02
1.199999999999999956e+00
1.199999999999999956e+00
1.199999999999999956e+00
1.199999999999999956e+00
1.199999999999999956e+00
1.199999999999999956e+00
5.512861755978135103e-02
5.512861755978135103e-02
6.500248223727691510e-01
6.500248223727691510e-01
3.756785927016299542e-01
3.756785927016299542e-01
1.273751978917149752e-01
1.273751978917149752e-01
1.199999999999999956e+00
1.199999999999999956e+00
1.607896471144013573e-01
1.607896471144013573e-01
3.205216135249455700e-01
3.205216135249455700e-01
2.138436763922697548e-01
2.138436763922697548e-01
1.038034946415959531e-01
1.038034946415959531e-01
4.439244488723075033e-02
4.439244488723075033e-02
7.186898829162867430e-02
7.186898829162867430e-02
1.199999999999999956e+00
1.199999999999999956e+00
1.199999999999999956e+00
1.199999999999999956e+00
9.536257966066423453e-02
9.536257966066423453e-02
2.191548546770998307e-01
2.191548546770998307e-01
3.668880493779554941e-01
3.668880493779554941e-01
6.157035055754600528e-02
6.157035055754600528e-02
9.534154033930367089e-02
9.534154033930367089e-02
7.005572997122504197e-02
7.005572997122504197e-02
2.027429026835856352e-01
2.027429026835856352e-01
1.199999999999999956e+00
1.199999999999999956e+00
5.102495774198468892e-01
5.102495774198468892e-01
4.023894387555168595e-02
4.023894387555168595e-02
3.941815038577494157e-01
3.941815038577494157e-01
1.224080376102074236e-01
1.224080376102074236e-01
1.427962230801837346e-02
1.427962230801837346e-02
3.668288425405499265e-01
3.668288425405499265e-01
3.360579292397488649e-01
3.360579292397488649e-01
2.849633511096267280e-01
2.849633511096267280e-01
1.199999999999999956e+00
1.199999999999999956e+00
1.419762966059191778e-01
1.419762966059191778e-01
1.199999999999999956e+00
1.199999999999999956e+00
1.199999999999999956e+00
1.199999999999999956e+00
1.485118784799437965e-02
1.485118784799437965e-02
2.199941917686932813e-01
2.199941917686932813e-01
5.910249142685929380e-01
5.910249142685929380e-01
7.700616992828583918e-01
7.700616992828583918e-01
8.580570498419429898e-03
8.580570498419429898e-03
2.156729409816872389e-01
2.156729409816872389e-01
3.032359185778653043e-01
3.032359185778653043e-01
9.229736212901885617e-01
9.229736212901885617e-01
1.199999999999999956e+00
1.199999999999999956e+00
2.832566089896676464e-01
2.832566089896676464e-01
4.019500251543365876e-01
4.019500251543365876e-01
7.719796035976145276e-01
7.719796035976145276e-01
1.199999999999999956e+00
1.199999999999999956e+00
3.818188757368347619e-01
3.818188757368347619e-01
1.199999999999999956e+00
1.199999999999999956e+00
1.199999999999999956e+00
1.199999999999999956e+00
1.199999999999999956e+00
1.199999999999999956e+00
1.057763787351762713e-01
1.057763787351762713e-01
4.690389851393854670e-01
4.690389851393854670e-01
1.199999999999999956e+00
1.199999999999999956e+00
4.090925812473635848e-01
4.090925812473635848e-01
4.580053449109678931e-01
4.580053449109678931e-01
7.583200572246012738e-02
7.583200572246012738e-02
3.156455099060251901e-01
3.156455099060251901e-01
9.262079074724109962e-01
9.262079074724109962e-01
2.176918205203758616e-01
2.176918205203758616e-01
7.794431184683617460e-03
7.794431184683617460e-03
8.660294116129586550e-01
8.660294116129586550e-01
1.565802701647607820e-01
1.565802701647607820e-01
5.787224822001543201e-01
5.787224822001543201e-01
2.621241435718901225e-01
2.621241435718901225e-01
6.697560553301591391e-01
6.697560553301591391e-01
2.736036818348010491e-01
2.736036818348010491e-01
3.280033585782483052e-01
3.280033585782483052e-01
7.450414469668200645e-01
7.450414469668200645e-01
3.734630004223283284e-01
3.734630004223283284e-01
5.027742361766964763e-01
5.027742361766964763e-01
3.153261386597677740e-02
3.153261386597677740e-02
6.440052537987782655e-01
6.440052537987782655e-01
4.331781970779677859e-01
4.331781970779677859e-01
3.178290303989682042e-01
3.178290303989682042e-01
5.510841982422221008e-01
5.510841982422221008e-01
6.225547268917721588e-01
6.225547268917721588e-01
1.901671435800446341e-01
1.901671435800446341e-01
1.199999999999999956e+00
1.199999999999999956e+00
7.131326951394130198e-01
7.131326951394130198e-01
1.199999999999999956e+00
1.199999999999999956e+00
3.900696592604357416e-01
3.900696592604357416e-01
1.199999999999999956e+00
1.199999999999999956e+00
2.505839206666273244e-01
2.505839206666273244e-01
5.396110413374674009e-01
5.396110413374674009e-01
1.199999999999999956e+00
1.199999999999999956e+00
5.367322039270180367e-01
5.367322039270180367e-01
3.018823834856627086e-01
3.018823834856627086e-01
2.782995319894813746e-01
2.782995319894813746e-01
5.060067245190141838e-01
5.060067245190141838e-01
5.148377362974523690e-03
5.148377362974523690e-03
4.564087932628796418e-01
4.564087932628796418e-01
1.199999999999999956e+00
1.199999999999999956e+00
7.689976699042602171e-01
7.689976699042602171e-01
7.470447476654040742e-02
7.470447476654040742e-02
3.493228410210317825e-01
3.493228410210317825e-01
2.760674228184849532e-01
2.760674228184849532e-01
5.460399535107963720e-01
5.460399535107963720e-01
3.821708073499178321e-02
3.821708073499178321e-02
1.205822314158072839e+00
1.205822314158072839e+00
1.562792819901559840e-02
1.562792819901559840e-02
1.980233594680471665e-01
1.980233594680471665e-01
5.872028598008446898e-02
5.872028598008446898e-02
1.199999999999999956e+00
1.199999999999999956e+00
2.593507181639678194e-01
2.593507181639678194e-01
9.108199271317369838e-01
9.108199271317369838e-01
2.388835931072606500e-01
2.388835931072606500e-01
2.650452363569984482e-01
2.650452363569984482e-01
1.199999999999999956e+00
1.199999999999999956e+00
8.687606273791534939e-01
8.687606273791534939e-01
1.199999999999999956e+00
1.199999999999999956e+00
5.166798156801150066e-01
5.166798156801150066e-01
1.199999999999999956e+00
1.199999999999999956e+00
1.199999999999999956e+00
1.199999999999999956e+00
3.648823035831261219e-01
3.648823035831261219e-01
1.199999999999999956e+00
1.199999999999999956e+00
9.121549070014578486e-02
9.121549070014578486e-02
1.199999999999999956e+00
1.199999999999999956e+00
3.200794348942743728e-01
3.200794348942743728e-01
1.199999999999999956e+00
1.199999999999999956e+00
6.059305446826410702e-01
6.059305446826410702e-01
1.574738343380666372e-01
1.574738343380666372e-01
9.538694421881223351e-02
9.538694421881223351e-02
2.182726831510836685e-02
2.182726831510836685e-02
1.199999999999999956e+00
1.199999999999999956e+00
2.128281594611257932e-01
2.128281594611257932e-01
5.499429346720692280e-01
5.499429346720692280e-01
1.199999999999999956e+00
1.199999999999999956e+00
1.199999999999999956e+00
1.199999999999999956e+00
1.199999999999999956e+00
1.199999999999999956e+00
1.609712139897803707e-01
1.609712139897803707e-01
8.079998683970917028e-01
8.079998683970917028e-01
6.490899584212498352e-01
6.490899584212498352e-01
2.572265502179282848e-01
2.572265502179282848e-01
5.727086573629984745e-01
5.727086573629984745e-01
1.074406557257982842e+00
1.074406557257982842e+00
4.573358384249818775e-01
4.573358384249818775e-01
1.199999999999999956e+00
1.199999999999999956e+00
4.723164802560376185e-01
4.723164802560376185e-01
1.199999999999999956e+00
1.199999999999999956e+00
1.199999999999999956e+00
1.199999999999999956e+00
1.199999999999999956e+00
1.199999999999999956e+00
3.234042059511774148e-01
3.234042059511774148e-01
1.014713600853431319e-01
1.014713600853431319e-01
1.199999999999999956e+00
1.199999999999999956e+00
2.566902102887623216e-01
2.566902102887623216e-01
2.459757263384345638e-01
2.459757263384345638e-01
1.288223944830429735e-01
1.288223944830429735e-01
1.199999999999999956e+00
1.199999999999999956e+00
3.240838699867292227e-01
3.240838699867292227e-01
1.166607090094161914e-01
1.166607090094161914e-01
4.499723261664524410e-01
4.499723261664524410e-01
1.199999999999999956e+00
1.199999999999999956e+00
1.199999999999999956e+00
1.199999999999999956e+00
1.090099354869407677e-01
1.090099354869407677e-01
2.330703173243956483e-01
2.330703173243956483e-01
2.123917042101047814e-01
2.123917042101047814e-01
2.403601790706066665e-01
2.403601790706066665e-01
1.199999999999999956e+00
1.199999999999999956e+00
2.893384947968348220e-01
2.893384947968348220e-01
2.422794818069923528e-01
2.422794818069923528e-01
3.557830904014227524e-01
3.557830904014227524e-01
1.199999999999999956e+00
1.199999999999999956e+00
7.048652121936842541e-01
7.048652121936842541e-01
2.270373417314146547e-01
2.270373417314146547e-01
2.648293184123899913e-01
2.648293184123899913e-01
1.199999999999999956e+00
1.199999999999999956e+00
1.199999999999999956e+00
1.199999999999999956e+00
1.756805728244845988e-01
1.756805728244845988e-01
1.199999999999999956e+00
1.199999999999999956e+00
4.809920166258891405e-01
4.809920166258891405e-01
7.198758615030464471e-05
7.198758615030464471e-05
7.791031844822825514e-01
7.791031844822825514e-01
6.271360175505273915e-01
6.271360175505273915e-01
4.989825249607341556e-02
4.989825249607341556e-02
5.608425634250666092e-02
5.608425634250666092e-02
1.199999999999999956e+00
1.199999999999999956e+00
1.930944392355915806e-01
1.930944392355915806e-01
5.085253017020068298e-05
5.085253017020068298e-05
3.959418061771140529e-01
3.959418061771140529e-01
3.493083676610218014e-01
3.493083676610218014e-01
1.077530387065897960e-01
1.077530387065897960e-01
1.199999999999999956e+00
1.199999999999999956e+00
5.397260104436134576e-01
5.397260104436134576e-01
1.176311786451667563e-01
1.176311786451667563e-01
1.758626666535808569e-01
1.758626666535808569e-01
4.260772933561354781e-02
4.260772933561354781e-02
5.892320846723756583e-02
5.892320846723756583e-02
2.120586570376095659e-01
2.120586570376095659e-01
1.199999999999999956e+00
1.199999999999999956e+00
1.199999999999999956e+00
1.199999999999999956e+00
2.612569174601614974e-01
2.612569174601614974e-01
5.690134135059178311e-01
5.690134135059178311e-01
6.900642723244646004e-02
6.900642723244646004e-02
1.199999999999999956e+00
1.199999999999999956e+00
1.060370274711974203e-01
1.060370274711974203e-01
3.943870567763554380e-01
3.943870567763554380e-01
3.762053193484313218e-01
3.762053193484313218e-01
1.199999999999999956e+00
1.199999999999999956e+00
4.422322520665893930e-01
4.422322520665893930e-01
1.199999999999999956e+00
1.199999999999999956e+00
4.159641167512589388e-01
4.159641167512589388e-01
4.959057981370877943e-01
4.959057981370877943e-01
8.140342628043856221e-02
8.140342628043856221e-02
1.353554766720148827e-03
1.353554766720148827e-03
1.199999999999999956e+00
1.199999999999999956e+00
1.423486269511720914e-01
1.423486269511720914e-01
5.126812912520237742e-01
5.126812912520237742e-01
1.199999999999999956e+00
1.199999999999999956e+00
7.151826509145987609e-01
7.151826509145987609e-01
5.968116062175242709e-01
5.968116062175242709e-01
1.896713691018312442e-01
1.896713691018312442e-01
1.019838780802517220e-01
1.019838780802517220e-01
1.199999999999999956e+00
1.199999999999999956e+00
5.662976709476950088e-01
5.662976709476950088e-01
5.631175980919650437e-01
5.631175980919650437e-01
1.199999999999999956e+00
1.199999999999999956e+00
4.193975186989274719e-03
4.193975186989274719e-03
1.199999999999999956e+00
1.199999999999999956e+00
1.673586356676679265e-01
1.673586356676679265e-01
2.084108408714321348e-01
2.084108408714321348e-01
4.655496078473634336e-01
4.655496078473634336e-01
6.388854359076244493e-02
6.388854359076244493e-02
3.206500264175231596e-01
3.206500264175231596e-01
2.676486217222289743e-01
2.676486217222289743e-01
4.118942123453020465e-02
4.118942123453020465e-02
1.015290207485075591e-01
1.015290207485075591e-01
1.199999999999999956e+00
1.199999999999999956e+00
3.489953885412393209e-02
3.489953885412393209e-02
4.399055814054703695e-01
4.399055814054703695e-01
5.890833269495302643e-02
5.890833269495302643e-02
5.470086738920905134e-01
5.470086738920905134e-01
1.199999999999999956e+00
1.199999999999999956e+00
3.861134120150196830e-02
3.861134120150196830e-02
1.199999999999999956e+00
1.199999999999999956e+00
8.617157901759633920e-02
8.617157901759633920e-02
1.199999999999999956e+00
1.199999999999999956e+00
1.199999999999999956e+00
1.199999999999999956e+00
4.929440363915783829e-02
4.929440363915783829e-02
1.301652053523527988e-02
1.301652053523527988e-02
4.898799091044712117e-01
4.898799091044712117e-01
1.262235016482399774e-01
1.262235016482399774e-01
8.795151928553622822e-01
8.795151928553622822e-01
1.798148826141425793e-01
1.798148826141425793e-01
1.602230531027200866e-01
1.602230531027200866e-01
2.597303976112474433e-01
2.597303976112474433e-01
5.361574134831007532e-01
5.361574134831007532e-01
1.118224052994467865e-01
1.118224052994467865e-01
1.490479340173786818e-02
1.490479340173786818e-02
5.270964704814707913e-01
5.270964704814707913e-01
2.530830043243882388e-01
2.530830043243882388e-01
6.177456039122006803e-01
6.177456039122006803e-01
1.944079518163432663e-01
1.944079518163432663e-01
1.260887561288127900e-01
1.260887561288127900e-01
7.176586701820834857e-02
7.176586701820834857e-02
3.816980522160087763e-01
3.816980522160087763e-01
3.408570276686673922e-02
3.408570276686673922e-02
1.801434369224177434e-01
1.801434369224177434e-01
1.234125603427826401e-01
1.234125603427826401e-01
2.756656911210408345e-01
2.756656911210408345e-01
9.175181899701825294e-01
9.175181899701825294e-01
1.199999999999999956e+00
1.199999999999999956e+00
3.053767493855278348e-01
3.053767493855278348e-01
3.251899554252831170e-01
3.251899554252831170e-01
1.199999999999999956e+00
1.199999999999999956e+00
1.031300886395024458e-01
1.031300886395024458e-01
1.701424863703036860e-01
1.701424863703036860e-01
2.163484536276402137e-01
2.163484536276402137e-01
5.419178863436241445e-02
5.419178863436241445e-02
1.059404162549792416e-01
1.059404162549792416e-01
2.520375953781539002e-01
2.520375953781539002e-01
5.055554205561990644e-01
5.055554205561990644e-01
1.199999999999999956e+00
1.199999999999999956e+00
6.116663242429351000e-01
6.116663242429351000e-01
1.082827838714042756e-01
1.082827838714042756e-01
2.660167044134607583e-01
2.660167044134607583e-01
2.360851084246727849e-01
2.360851084246727849e-01
3.571792408563320698e-01
3.571792408563320698e-01
4.658913478203992042e-01
4.658913478203992042e-01
2.610369178140308777e-01
2.610369178140308777e-01
2.330122032332655191e-01
2.330122032332655191e-01
2.444011865463728006e-01
2.444011865463728006e-01
2.962678634755916973e-01
2.962678634755916973e-01
8.099014020728526053e-02
8.099014020728526053e-02
5.316128608755538165e-01
5.316128608755538165e-01
1.199999999999999956e+00
1.199999999999999956e+00
4.639231606803040364e-02
4.639231606803040364e-02
2.011214143696888890e-01
2.011214143696888890e-01
2.790236126389561977e-01
2.790236126389561977e-01
1.199999999999999956e+00
1.199999999999999956e+00
5.630894254495487639e-01
5.630894254495487639e-01
1.525709834163405665e-01
1.525709834163405665e-01
2.332313645624788101e-01
2.332313645624788101e-01
4.339544227285793143e-01
4.339544227285793143e-01
4.748455350083542470e-01
4.748455350083542470e-01
3.265441796493152027e-01
3.265441796493152027e-01
5.289896301535790268e-01
5.289896301535790268e-01
1.199999999999999956e+00
1.199999999999999956e+00
2.014010010812453677e-01
2.014010010812453677e-01
1.199999999999999956e+00
1.199999999999999956e+00
4.021159422115269111e-01
4.021159422115269111e-01
8.989642437987652168e-03
8.989642437987652168e-03
1.199999999999999956e+00
1.199999999999999956e+00
6.587090003796608473e-02
6.587090003796608473e-02
1.565359263991594196e-01
1.565359263991594196e-01
6.051587468862892338e-01
6.051587468862892338e-01
9.084723531494772741e-01
9.084723531494772741e-01
1.199999999999999956e+00
1.199999999999999956e+00
1.095789084756841336e-01
1.095789084756841336e-01
1.199999999999999956e+00
1.199999999999999956e+00
2.661325439707640239e-01
2.661325439707640239e-01
1.419697270604242945e-01
1.419697270604242945e-01
1.199999999999999956e+00
1.199999999999999956e+00
2.855081356054697816e-01
2.855081356054697816e-01
1.199999999999999956e+00
1.199999999999999956e+00
1.199999999999999956e+00
1.199999999999999956e+00
3.706211602517219678e-02
3.706211602517219678e-02
1.199999999999999956e+00
1.199999999999999956e+00
3.017696864803177670e-01
3.017696864803177670e-01
2.314124689841153271e-01
2.314124689841153271e-01
1.199999999999999956e+00
1.199999999999999956e+00
6.598749796677711998e-01
6.598749796677711998e-01
1.199999999999999956e+00
1.199999999999999956e+00
6.604177531411956625e-01
6.604177531411956625e-01
7.658666287820432572e-01
7.658666287820432572e-01
1.199999999999999956e+00
1.199999999999999956e+00
5.259721803897025177e-02
5.259721803897025177e-02
1.513775674378191605e-01
1.513775674378191605e-01
1.570767645063975149e-01
1.570767645063975149e-01
1.977474263408053878e-01
1.977474263408053878e-01
8.850970829752755620e-01
8.850970829752755620e-01
1.684960716207736520e-01
1.684960716207736520e-01
2.471796773646619261e-01
2.471796773646619261e-01
1.762373501563350986e-01
1.762373501563350986e-01
1.368830753549997170e-01
1.368830753549997170e-01
1.199999999999999956e+00
1.199999999999999956e+00
1.199999999999999956e+00
1.199999999999999956e+00
1.199999999999999956e+00
1.199999999999999956e+00
2.199668692397811209e-01
2.199668692397811209e-01
5.826759856260188553e-02
5.826759856260188553e-02
1.610884250810270257e-01
1.610884250810270257e-01
2.886859514501803337e-01
2.886859514501803337e-01
1.199999999999999956e+00
1.199999999999999956e+00
2.661126532274086243e-01
2.661126532274086243e-01
2.357222431279504815e-01
2.357222431279504815e-01
4.889934362841461546e-01
4.889934362841461546e-01
1.211312201819459422e-01
1.211312201819459422e-01
1.199999999999999956e+00
1.199999999999999956e+00
4.693588597569382515e-01
4.693588597569382515e-01
1.199999999999999956e+00
1.199999999999999956e+00
4.758890891962355707e-02
4.758890891962355707e-02
1.242140155375191270e-02
1.242140155375191270e-02
3.783263007702202807e-01
3.783263007702202807e-01
8.864254284109482351e-02
8.864254284109482351e-02
3.831578204211241179e-01
3.831578204211241179e-01
4.936876928204446680e-01
4.936876928204446680e-01
4.049535506856575262e-01
4.049535506856575262e-01
2.131930982434351307e-01
2.131930982434351307e-01
8.503294616108858506e-02
8.503294616108858506e-02
1.434885358109506265e-02
1.434885358109506265e-02
1.199999999999999956e+00
1.199999999999999956e+00
1.400614626317312483e-01
1.400614626317312483e-01
1.539369403508653589e-01
1.539369403508653589e-01
2.372248218049592128e-01
2.372248218049592128e-01
1.418408634633402110e-01
1.418408634633402110e-01
3.501644492948826626e-01
3.501644492948826626e-01
1.568717878962420653e-01
1.568717878962420653e-01
1.199999999999999956e+00
1.199999999999999956e+00
1.142441609480701059e-01
1.142441609480701059e-01
1.048927181117439711e-01
1.048927181117439711e-01
3.238520063356040701e-01
3.238520063356040701e-01
1.199999999999999956e+00
1.199999999999999956e+00
1.199999999999999956e+00
1.199999999999999956e+00
4.617011833011337996e-01
4.617011833011337996e-01
1.528559189521726536e-01
1.528559189521726536e-01
1.482869999633054936e-01
1.482869999633054936e-01
1.604032387228335466e-01
1.604032387228335466e-01
3.863043664544874023e-01
3.863043664544874023e-01
1.199999999999999956e+00
1.199999999999999956e+00
5.171798926899905391e-01
5.171798926899905391e-01
1.624658547510827653e-03
1.624658547510827653e-03
5.675696564397573196e-01
5.675696564397573196e-01
3.233756252127179542e-01
3.233756252127179542e-01
4.145798476104919916e-02
4.145798476104919916e-02
5.034409821566265819e-01
5.034409821566265819e-01
1.199999999999999956e+00
1.199999999999999956e+00
1.199999999999999956e+00
1.199999999999999956e+00
1.617301165637650626e-02
1.617301165637650626e-02
2.415966594851332860e-01
2.415966594851332860e-01
2.401803158539532468e-01
2.401803158539532468e-01
3.008485851133955169e-01
3.008485851133955169e-01
3.641964895205853647e-01
3.641964895205853647e-01
4.914202295383747199e-01
4.914202295383747199e-01
9.620996928907958878e-01
9.620996928907958878e-01
2.571121049072646048e-01
2.571121049072646048e-01
1.603551124734030608e-01
1.603551124734030608e-01
1.199999999999999956e+00
1.199999999999999956e+00
1.199999999999999956e+00
1.199999999999999956e+00
3.056427520519420377e-02
3.056427520519420377e-02
1.053569557474853813e-01
1.053569557474853813e-01
5.859773584566435600e-01
5.859773584566435600e-01
4.610359435857420106e-03
4.610359435857420106e-03
1.697075913670442471e-01
1.697075913670442471e-01
1.503146883339294693e-01
1.503146883339294693e-01
7.509921812180685163e-02
7.509921812180685163e-02
6.460390433512237518e-01
6.460390433512237518e-01
9.665219588623151503e-02
9.665219588623151503e-02
3.577809296155060048e-01
3.577809296155060048e-01
9.607087275078177169e-02
9.607087275078177169e-02
3.957230118405444808e-01
3.957230118405444808e-01
3.606512852586339912e-01
3.606512852586339912e-01
1.199999999999999956e+00
1.199999999999999956e+00
1.561906153207806569e-01
1.561906153207806569e-01
2.315204633851574434e-01
2.315204633851574434e-01
8.409354002261966443e-02
8.409354002261966443e-02
3.410493806687967533e-01
3.410493806687967533e-01
1.288795747971332173e-01
1.288795747971332173e-01
1.225956944074468036e-01
1.225956944074468036e-01
1.557643516121391680e-02
1.557643516121391680e-02
5.047991524600606295e-02
5.047991524600606295e-02
8.441606946542795642e-02
8.441606946542795642e-02
1.927698251258756490e-01
1.927698251258756490e-01
8.246040407702419361e-02
8.246040407702419361e-02
1.169391513906371388e-01
1.169391513906371388e-01
1.279169499643866871e-02
1.279169499643866871e-02
4.009918253801054294e-02
4.009918253801054294e-02
1.199999999999999956e+00
1.199999999999999956e+00
2.578964616176384617e-01
2.578964616176384617e-01
1.515424348431167745e-01
1.515424348431167745e-01
8.499634517691218027e-02
8.499634517691218027e-02
8.375917119943292188e-02
8.375917119943292188e-02
4.707428859255234355e-01
4.707428859255234355e-01
1.199999999999999956e+00
1.199999999999999956e+00
4.641571614980860572e-02
4.641571614980860572e-02
5.664949311401813459e-01
5.664949311401813459e-01
1.199999999999999956e+00
1.199999999999999956e+00
3.313154331193733926e-01
3.313154331193733926e-01
6.437926967381448762e-01
6.437926967381448762e-01
2.669170560938295411e-01
2.669170560938295411e-01
2.255374180087207359e-01
2.255374180087207359e-01
3.606310922197099589e-01
3.606310922197099589e-01
1.445062814876582891e-01
1.445062814876582891e-01
2.289076968882930996e-01
2.289076968882930996e-01
5.068740395247631758e-01
5.068740395247631758e-01
5.679279391120214404e-01
5.679279391120214404e-01
1.199999999999999956e+00
1.199999999999999956e+00
2.141588277034226495e-01
2.141588277034226495e-01
1.676002043476435693e-02
1.676002043476435693e-02
2.502937823674117324e-01
2.502937823674117324e-01
1.267508257641279945e-01
1.267508257641279945e-01
1.023205437538343254e+00
1.023205437538343254e+00
8.037686086628195170e-01
8.037686086628195170e-01
1.199999999999999956e+00
1.199999999999999956e+00
1.199999999999999956e+00
1.199999999999999956e+00
3.440382645424282515e-01
3.440382645424282515e-01
1.199999999999999956e+00
1.199999999999999956e+00
8.529263319288782341e-02
8.529263319288782341e-02
3.051971487354194212e-01
3.051971487354194212e-01
1.199999999999999956e+00
1.199999999999999956e+00
4.569617725875342595e-02
4.569617725875342595e-02
1.199999999999999956e+00
1.199999999999999956e+00
1.208776061420916009e-01
1.208776061420916009e-01
5.511134270294332921e-03
5.511134270294332921e-03
7.315959346383164863e-02
7.315959346383164863e-02
1.776347189401345783e-01
1.776347189401345783e-01
5.459518205162661175e-02
5.459518205162661175e-02
5.134723931682995124e-01
5.134723931682995124e-01
2.090763942227204797e-01
2.090763942227204797e-01
1.199999999999999956e+00
1.199999999999999956e+00
2.845487828742990916e-02
2.845487828742990916e-02
2.304168766137473789e-01
2.304168766137473789e-01
3.265277226814107814e-01
3.265277226814107814e-01
1.363595469211225375e-01
1.363595469211225375e-01
2.925075385821605534e-01
2.925075385821605534e-01
1.278532561330235073e-01
1.278532561330235073e-01
3.821470344404790526e-02
3.821470344404790526e-02
1.199999999999999956e+00
1.199999999999999956e+00
3.751821604623194889e-02
3.751821604623194889e-02
1.199999999999999956e+00
1.199999999999999956e+00
9.335689521213141884e-02
9.335689521213141884e-02
5.788277686641142283e-01
5.788277686641142283e-01
1.223227177060475096e-01
1.223227177060475096e-01
7.589254124348416841e-01
7.589254124348416841e-01
2.903607544189226383e-02
2.903607544189226383e-02
1.589181990306099967e-01
1.589181990306099967e-01
1.199999999999999956e+00
1.199999999999999956e+00
8.363899872956168657e-01
8.363899872956168657e-01
1.199999999999999956e+00
1.199999999999999956e+00
8.937566941472621096e-01
8.937566941472621096e-01
8.656937696319616515e-01
8.656937696319616515e-01
7.092722153153976361e-01
7.092722153153976361e-01
1.199999999999999956e+00
1.199999999999999956e+00
2.333639242695073335e-01
2.333639242695073335e-01
7.835521607630042962e-02
7.835521607630042962e-02
1.199999999999999956e+00
1.199999999999999956e+00
1.199999999999999956e+00
1.199999999999999956e+00
3.505889334428474169e-01
3.505889334428474169e-01
2.831185383598908145e-01
2.831185383598908145e-01
4.237065066338480124e-01
4.237065066338480124e-01
3.884393716821901016e-02
3.884393716821901016e-02
2.966302661952323616e-01
2.966302661952323616e-01
2.013498558369373748e-01
2.013498558369373748e-01
3.082934966687808642e-02
3.082934966687808642e-02
1.114035038893537444e-01
1.114035038893537444e-01
3.902218937199066762e-01
3.902218937199066762e-01
6.456422634700707819e-02
6.456422634700707819e-02
1.199999999999999956e+00
1.199999999999999956e+00
1.199999999999999956e+00
1.199999999999999956e+00
1.581898511229991033e-01
1.581898511229991033e-01
2.885530728403699618e-01
2.885530728403699618e-01
1.199999999999999956e+00
1.199999999999999956e+00
1.199999999999999956e+00
1.199999999999999956e+00
1.199999999999999956e+00
1.199999999999999956e+00
4.906617435354576617e-01
4.906617435354576617e-01
1.886622936372540915e-01
1.886622936372540915e-01
1.080692714691347950e-01
1.080692714691347950e-01
1.681813062424646066e-01
1.681813062424646066e-01
1.274274705532104368e-01
1.274274705532104368e-01
4.083532248860874403e-01
4.083532248860874403e-01
1.105985915724673752e-01
1.105985915724673752e-01
2.997264034005250322e-01
2.997264034005250322e-01
4.635017805071672825e-01
4.635017805071672825e-01
1.199999999999999956e+00
1.199999999999999956e+00
2.937093749358701475e-02
2.937093749358701475e-02
2.437741283637303857e-01
2.437741283637303857e-01
2.254649721284086028e-01
2.254649721284086028e-01
2.364188782684328860e-01
2.364188782684328860e-01
5.891592636246653081e-01
5.891592636246653081e-01
8.926627586866561770e-02
8.926627586866561770e-02
5.219965642235907533e-02
5.219965642235907533e-02
3.557975969951383544e-01
3.557975969951383544e-01
6.223765187336791072e-02
6.223765187336791072e-02
3.156358001420910275e-01
3.156358001420910275e-01
8.823998880886148033e-01
8.823998880886148033e-01
1.416587755703155316e-01
1.416587755703155316e-01
2.484674512700279780e-01
2.484674512700279780e-01
1.199999999999999956e+00
1.199999999999999956e+00
2.691927878375578037e-02
2.691927878375578037e-02
4.539571317943480455e-01
4.539571317943480455e-01
4.917667734112268763e-01
4.917667734112268763e-01
2.417445923309091416e-01
2.417445923309091416e-01
2.010275618552800347e-01
2.010275618552800347e-01
4.828365750777341425e-01
4.828365750777341425e-01
1.199999999999999956e+00
1.199999999999999956e+00
1.856333773647775021e-01
1.856333773647775021e-01
5.415539744764402003e-02
5.415539744764402003e-02
4.583465856197145860e-01
4.583465856197145860e-01
1.817957840802444380e-01
1.817957840802444380e-01
6.658143590300111825e-01
6.658143590300111825e-01
1.199999999999999956e+00
1.199999999999999956e+00
4.163009625399553548e-01
4.163009625399553548e-01
1.199999999999999956e+00
1.199999999999999956e+00
6.869963911557488423e-01
6.869963911557488423e-01
3.410233349872026087e-01
3.410233349872026087e-01
6.858193207605142172e-01
6.858193207605142172e-01
1.199999999999999956e+00
1.199999999999999956e+00
1.199999999999999956e+00
1.199999999999999956e+00
1.419815566307954316e-02
1.419815566307954316e-02
2.785055436189873279e-01
2.785055436189873279e-01
1.199999999999999956e+00
1.199999999999999956e+00
1.199999999999999956e+00
1.199999999999999956e+00
6.152194137863098433e-02
6.152194137863098433e-02
