4.628855067722108529e-01
4.628855067722108529e-01
6.876240040330167114e-01
6.876240040330167114e-01
3.737313414951246721e-02
3.737313414951246721e-02
5.332853225852659529e-01
5.332853225852659529e-01
9.979071065102922411e-01
9.979071065102922411e-01
1.199999999999999956e+00
1.199999999999999956e+00
1.761925244575331673e-01
1.761925244575331673e-01
2.245431523362546589e-01
2.245431523362546589e-01
1.199999999999999956e+00
1.199999999999999956e+00
1.199999999999999956e+00
1.199999999999999956e+00
5.819480333759080581e-01
5.819480333759080581e-01
4.060825791510249139e-01
4.060825791510249139e-01
1.069794256948757155e-01
1.069794256948757155e-01
1.460630711318342267e-01
1.460630711318342267e-01
2.059820532579630381e-01
2.059820532579630381e-01
3.404051821134878586e-01
3.404051821134878586e-01
1.199999999999999956e+00
1.199999999999999956e+00
1.810325709145290674e-01
1.810325709145290674e-01
2.721754507059075401e-01
2.721754507059075401e-01
2.289660492090017374e-01
2.289660492090017374e-01
1.060827969957589545e-01
1.060827969957589545e-01
1.378503930663140531e-01
1.378503930663140531e-01
1.199999999999999956e+00
1.199999999999999956e+00
3.834248738199783069e-01
3.834248738199783069e-01
6.631231836248798750e-01
6.631231836248798750e-01
1.199999999999999956e+00
1.199999999999999956e+00
1.465935032586753173e-01
1.465935032586753173e-01
5.481944102287482634e-01
5.481944102287482634e-01
5.917746847073355188e-01
5.917746847073355188e-01
5.169118597051539643e-01
5.169118597051539643e-01
2.180247196930302500e-01
2.180247196930302500e-01
4.695537987384573730e-02
4.695537987384573730e-02
5.585488458351325902e-02
5.585488458351325902e-02
1.199999999999999956e+00
1.199999999999999956e+00
6.123924065776629178e-01
6.123924065776629178e-01
4.150836860944905893e-01
4.150836860944905893e-01
5.939928263488668536e-01
5.939928263488668536e-01
1.199999999999999956e+00
1.199999999999999956e+00
1.199999999999999956e+00
1.199999999999999956e+00
1.242967454844164515e-01
1.242967454844164515e-01
2.504545282143158524e-01
2.504545282143158524e-01
1.199999999999999956e+00
1.199999999999999956e+00
1.199999999999999956e+00
1.199999999999999956e+00
1.199999999999999956e+00
1.199999999999999956e+00
3.752698072492281489e-01
3.752698072492281489e-01
4.139954473566356263e-01
4.139954473566356263e-01
3.538905115241484239e-02
3.538905115241484239e-02
6.896647222895624374e-01
6.896647222895624374e-01
3.180844922836609800e-01
3.180844922836609800e-01
1.323145537647889558e-01
1.323145537647889558e-01
3.795688810750703079e-01
3.795688810750703079e-01
1.650546322967511859e-01
1.650546322967511859e-01
1.199999999999999956e+00
1.199999999999999956e+00
5.142863743999711579e-01
5.142863743999711579e-01
1.552397813159761553e-01
1.552397813159761553e-01
4.076008481139413719e-01
4.076008481139413719e-01
7.576998359039692765e-01
7.576998359039692765e-01
2.922679109125568830e-01
2.922679109125568830e-01
1.199999999999999956e+00
1.199999999999999956e+00
1.199999999999999956e+00
1.199999999999999956e+00
1.199999999999999956e+00
1.199999999999999956e+00
3.378923912361588011e-02
3.378923912361588011e-02
1.199999999999999956e+00
1.199999999999999956e+00
1.199999999999999956e+00
1.199999999999999956e+00
1.799965691924739764e-01
1.799965691924739764e-01
4.179101949804612248e-01
4.179101949804612248e-01
1.481884437448212632e-01
1.481884437448212632e-01
9.530291664732374324e-01
9.530291664732374324e-01
2.664771655127934902e-01
2.664771655127934902e-01
2.919106852597209145e-01
2.919106852597209145e-01
5.339416601573834242e-01
5.339416601573834242e-01
1.199999999999999956e+00
1.199999999999999956e+00
3.769378028362229127e-01
3.769378028362229127e-01
3.322891661359159698e-01
3.322891661359159698e-01
1.250450829418390530e-01
1.250450829418390530e-01
1.948276469393998844e-01
1.948276469393998844e-01
1.199999999999999956e+00
1.199999999999999956e+00
2.372941016047317442e-01
2.372941016047317442e-01
7.742726410161790938e-03
7.742726410161790938e-03
1.199999999999999956e+00
1.199999999999999956e+00
1.192742662442528023e-01
1.192742662442528023e-01
7.583716583640311322e-03
7.583716583640311322e-03
3.353864981142384155e-02
3.353864981142384155e-02
2.598988539116517393e-01
2.598988539116517393e-01
1.199999999999999956e+00
1.199999999999999956e+00
1.199999999999999956e+00
1.199999999999999956e+00
1.324713573223548491e-01
1.324713573223548491e-01
7.741188936106031537e-01
7.741188936106031537e-01
1.015996909471809984e+00
1.015996909471809984e+00
1.004031104381471196e-01
1.004031104381471196e-01
4.435707778319322725e-01
4.435707778319322725e-01
5.110123445821809218e-01
5.110123445821809218e-01
1.199999999999999956e+00
1.199999999999999956e+00
1.199999999999999956e+00
1.199999999999999956e+00
8.066809583468921296e-01
8.066809583468921296e-01
1.199999999999999956e+00
1.199999999999999956e+00
6.589737703140138847e-02
6.589737703140138847e-02
6.461186300361219936e-02
6.461186300361219936e-02
3.657530985649588562e-01
3.657530985649588562e-01
1.199999999999999956e+00
1.199999999999999956e+00
6.778612334909777104e-01
6.778612334909777104e-01
1.199999999999999956e+00
1.199999999999999956e+00
1.199999999999999956e+00
1.199999999999999956e+00
4.035541724063601565e-02
4.035541724063601565e-02
1.703444909369284943e-01
1.703444909369284943e-01
3.403411349596965202e-02
3.403411349596965202e-02
8.045088474096418960e-03
8.045088474096418960e-03
1.199999999999999956e+00
1.199999999999999956e+00
4.814326382190708964e-02
4.814326382190708964e-02
1.497199075507925914e-01
1.497199075507925914e-01
1.529548734173951097e-01
1.529548734173951097e-01
2.608398718615757561e-01
2.608398718615757561e-01
2.798740382947568217e-01
2.798740382947568217e-01
4.398640579392809613e-01
4.398640579392809613e-01
6.248366813207074655e-01
6.248366813207074655e-01
5.998024918125350879e-01
5.998024918125350879e-01
1.199999999999999956e+00
1.199999999999999956e+00
3.241717971111561236e-01
3.241717971111561236e-01
5.994882490242922080e-01
5.994882490242922080e-01
1.199999999999999956e+00
1.199999999999999956e+00
2.769461982978702053e-01
2.769461982978702053e-01
5.262770994155412801e-02
5.262770994155412801e-02
5.678918355021388420e-01
5.678918355021388420e-01
1.199999999999999956e+00
1.199999999999999956e+00
4.209761073002267762e-01
4.209761073002267762e-01
2.023151380964189061e-01
2.023151380964189061e-01
8.858368649939783734e-02
8.858368649939783734e-02
1.199999999999999956e+00
1.199999999999999956e+00
1.929564109612096068e-01
1.929564109612096068e-01
2.339806323016509482e-01
2.339806323016509482e-01
5.785783632790009179e-02
5.785783632790009179e-02
8.012201958529723000e-02
8.012201958529723000e-02
9.363944066531942889e-01
9.363944066531942889e-01
6.665880381284252643e-01
6.665880381284252643e-01
8.019812407840088975e-01
8.019812407840088975e-01
2.856405892930043502e-02
2.856405892930043502e-02
1.199999999999999956e+00
1.199999999999999956e+00
1.336072463072677519e-01
1.336072463072677519e-01
1.753895012040312396e-01
1.753895012040312396e-01
1.126746901277827784e-01
1.126746901277827784e-01
2.990722112476041500e-02
2.990722112476041500e-02
6.206573493289552212e-01
6.206573493289552212e-01
3.224415484653146424e-01
3.224415484653146424e-01
1.199999999999999956e+00
1.199999999999999956e+00
5.596539080887871220e-01
5.596539080887871220e-01
1.484840379122795706e-01
1.484840379122795706e-01
1.605964209519099573e-01
1.605964209519099573e-01
1.000855787645777428e-01
1.000855787645777428e-01
3.417582298552384601e-01
3.417582298552384601e-01
5.163571043523761395e-01
5.163571043523761395e-01
1.199999999999999956e+00
1.199999999999999956e+00
3.965131668147994226e-01
3.965131668147994226e-01
1.199999999999999956e+00
1.199999999999999956e+00
2.809388617234044871e-01
2.809388617234044871e-01
6.670359211273650946e-01
6.670359211273650946e-01
5.217734344546502007e-02
5.217734344546502007e-02
1.199999999999999956e+00
1.199999999999999956e+00
2.372200513703865143e-01
2.372200513703865143e-01
7.136719132842647140e-01
7.136719132842647140e-01
1.461758184966758523e-01
1.461758184966758523e-01
3.170995461314669861e-02
3.170995461314669861e-02
3.075125483820793648e-01
3.075125483820793648e-01
5.722082735764222328e-01
5.722082735764222328e-01
1.490856379328822090e-01
1.490856379328822090e-01
1.853689186258229427e-01
1.853689186258229427e-01
2.841127906110375578e-01
2.841127906110375578e-01
2.505928382050048864e-01
2.505928382050048864e-01
7.016032459338765737e-01
7.016032459338765737e-01
1.199999999999999956e+00
1.199999999999999956e+00
2.646832881683256478e-01
2.646832881683256478e-01
4.814071188358333697e-01
4.814071188358333697e-01
1.166782871713858694e-01
1.166782871713858694e-01
1.199999999999999956e+00
1.199999999999999956e+00
1.172690927416469853e-01
1.172690927416469853e-01
2.689754116201635917e-02
2.689754116201635917e-02
1.199999999999999956e+00
1.199999999999999956e+00
8.980995931266800847e-01
8.980995931266800847e-01
1.187463061171442069e+00
1.187463061171442069e+00
1.199999999999999956e+00
1.199999999999999956e+00
1.199999999999999956e+00
1.199999999999999956e+00
3.665274325131476774e-01
3.665274325131476774e-01
1.425944498109824599e-01
1.425944498109824599e-01
1.199999999999999956e+00
1.199999999999999956e+00
2.461294462625725488e-01
2.461294462625725488e-01
1.965106812924539981e-01
1.965106812924539981e-01
3.339757488741637026e-01
3.339757488741637026e-01
2.511116611271760890e-01
2.511116611271760890e-01
1.199999999999999956e+00
1.199999999999999956e+00
3.503373317903649142e-01
3.503373317903649142e-01
2.647472762185721917e-01
2.647472762185721917e-01
1.199999999999999956e+00
1.199999999999999956e+00
1.199999999999999956e+00
1.199999999999999956e+00
7.236403565347757638e-01
7.236403565347757638e-01
3.997222376185191606e-02
3.997222376185191606e-02
1.199999999999999956e+00
1.199999999999999956e+00
3.617376789602951836e-01
3.617376789602951836e-01
1.199999999999999956e+00
1.199999999999999956e+00
2.454062739007505933e-01
2.454062739007505933e-01
3.452806516964006533e-01
3.452806516964006533e-01
1.917035786831364696e-03
1.917035786831364696e-03
2.226051958642760731e-01
2.226051958642760731e-01
1.199999999999999956e+00
1.199999999999999956e+00
9.392631929812774727e-01
9.392631929812774727e-01
1.697201016878555624e-01
1.697201016878555624e-01
3.112210261786590437e-01
3.112210261786590437e-01
8.804951730408913657e-02
8.804951730408913657e-02
1.199999999999999956e+00
1.199999999999999956e+00
2.295494674036390251e-02
2.295494674036390251e-02
4.701745107984965921e-01
4.701745107984965921e-01
6.957870384148701071e-02
6.957870384148701071e-02
7.029536463824008763e-01
7.029536463824008763e-01
1.199999999999999956e+00
1.199999999999999956e+00
6.190171415222706086e-01
6.190171415222706086e-01
3.566374723660573620e-01
3.566374723660573620e-01
7.557317990823371190e-01
7.557317990823371190e-01
1.199999999999999956e+00
1.199999999999999956e+00
5.891444399881371093e-03
5.891444399881371093e-03
6.477744986931710525e-01
6.477744986931710525e-01
3.500779667902116365e-01
3.500779667902116365e-01
6.019204723312068239e-01
6.019204723312068239e-01
1.823943476060814195e-01
1.823943476060814195e-01
7.282497616124790074e-01
7.282497616124790074e-01
2.694344745787479734e-01
2.694344745787479734e-01
1.335690780587904525e-01
1.335690780587904525e-01
3.551544362386629405e-01
3.551544362386629405e-01
4.040238078674914246e-01
4.040238078674914246e-01
3.491333638281380880e-01
3.491333638281380880e-01
1.265747762256226983e+00
1.265747762256226983e+00
2.190033501318806586e-01
2.190033501318806586e-01
1.709309024321447879e-01
1.709309024321447879e-01
8.235574949859557348e-02
8.235574949859557348e-02
4.584291447521900986e-01
4.584291447521900986e-01
2.418321210405789123e-01
2.418321210405789123e-01
2.512118249744888510e-01
2.512118249744888510e-01
4.702537230484443720e-01
4.702537230484443720e-01
1.387737668505940603e+00
1.387737668505940603e+00
1.199999999999999956e+00
1.199999999999999956e+00
3.785787624931009621e-01
3.785787624931009621e-01
5.530532827692268283e-01
5.530532827692268283e-01
3.134552141377482393e-01
3.134552141377482393e-01
2.407120760041933094e-01
2.407120760041933094e-01
1.199999999999999956e+00
1.199999999999999956e+00
5.634026612126971090e-01
5.634026612126971090e-01
1.199999999999999956e+00
1.199999999999999956e+00
5.018188502749886259e-01
5.018188502749886259e-01
2.112517516043227739e-01
2.112517516043227739e-01
1.199999999999999956e+00
1.199999999999999956e+00
1.199999999999999956e+00
1.199999999999999956e+00
5.119026053184522196e-01
5.119026053184522196e-01
5.131658371885174930e-01
5.131658371885174930e-01
1.199999999999999956e+00
1.199999999999999956e+00
4.627466162610268663e-01
4.627466162610268663e-01
6.375262581691394648e-02
6.375262581691394648e-02
6.470575222542404026e-01
6.470575222542404026e-01
3.105672615579766482e-01
3.105672615579766482e-01
2.108847372353286204e-02
2.108847372353286204e-02
1.123049998091548290e-01
1.123049998091548290e-01
1.779627698738232011e-01
1.779627698738232011e-01
1.562401523918832413e-01
1.562401523918832413e-01
3.074297785803818406e-01
3.074297785803818406e-01
3.052560913055512026e-01
3.052560913055512026e-01
1.199999999999999956e+00
1.199999999999999956e+00
7.440083249113267350e-01
7.440083249113267350e-01
1.199999999999999956e+00
1.199999999999999956e+00
2.879079544278062563e-01
2.879079544278062563e-01
6.600957900427378844e-01
6.600957900427378844e-01
1.199999999999999956e+00
1.199999999999999956e+00
6.728432596985971237e-02
6.728432596985971237e-02
7.038853308652232021e-01
7.038853308652232021e-01
5.183866386326969888e-02
5.183866386326969888e-02
1.434529420172963865e-01
1.434529420172963865e-01
5.503314930716690818e-03
5.503314930716690818e-03
1.199999999999999956e+00
1.199999999999999956e+00
2.082722662505031019e-01
2.082722662505031019e-01
1.199999999999999956e+00
1.199999999999999956e+00
1.199999999999999956e+00
1.199999999999999956e+00
1.053006644763838928e-01
1.053006644763838928e-01
2.714166912217323424e-01
2.714166912217323424e-01
4.128120711855001179e-01
4.128120711855001179e-01
5.017787652840585144e-01
5.017787652840585144e-01
8.904536805397745836e-01
8.904536805397745836e-01
3.896890424675878428e-01
3.896890424675878428e-01
4.723608909878588419e-02
4.723608909878588419e-02
1.425867548934144080e-01
1.425867548934144080e-01
8.708829712737881090e-02
8.708829712737881090e-02
2.426535863092620093e-01
2.426535863092620093e-01
2.347960540123593121e-01
2.347960540123593121e-01
4.961360333652921617e-01
4.961360333652921617e-01
1.144478453324602879e-01
1.144478453324602879e-01
1.148894982211431243e-01
1.148894982211431243e-01
1.308949141835128727e-01
1.308949141835128727e-01
1.199999999999999956e+00
1.199999999999999956e+00
1.199999999999999956e+00
1.199999999999999956e+00
9.361191131516843900e-01
9.361191131516843900e-01
5.330777689197331304e-01
5.330777689197331304e-01
1.199999999999999956e+00
1.199999999999999956e+00
1.199999999999999956e+00
1.199999999999999956e+00
1.364966957313446805e-01
1.364966957313446805e-01
3.405501044952444212e-01
3.405501044952444212e-01
1.223744530209910746e-02
1.223744530209910746e-02
4.429774294592661033e-01
4.429774294592661033e-01
1.199999999999999956e+00
1.199999999999999956e+00
1.199999999999999956e+00
1.199999999999999956e+00
2.913276162028743607e-02
2.913276162028743607e-02
4.754011913458280336e-01
4.754011913458280336e-01
6.913177609596083961e-01
6.913177609596083961e-01
5.730173155935484181e-02
5.730173155935484181e-02
4.991123095800636955e-02
4.991123095800636955e-02
1.199999999999999956e+00
1.199999999999999956e+00
3.611216992086340727e-01
3.611216992086340727e-01
2.108452289942366054e-01
2.108452289942366054e-01
5.668524239279115057e-02
5.668524239279115057e-02
2.093299123274708351e-01
2.093299123274708351e-01
2.398413428398070701e-01
2.398413428398070701e-01
1.199999999999999956e+00
1.199999999999999956e+00
1.199999999999999956e+00
1.199999999999999956e+00
1.118891971773382510e-01
1.118891971773382510e-01
1.051949402151427793e-01
1.051949402151427793e-01
1.199999999999999956e+00
1.199999999999999956e+00
5.879425684275844111e-01
5.879425684275844111e-01
5.410701933272830111e-01
5.410701933272830111e-01
3.379716580683095883e-01
3.379716580683095883e-01
1.199999999999999956e+00
1.199999999999999956e+00
1.926088989914744865e-01
1.926088989914744865e-01
1.423279310063044201e-01
1.423279310063044201e-01
1.199999999999999956e+00
1.199999999999999956e+00
1.199999999999999956e+00
1.199999999999999956e+00
6.002980468790758417e-01
6.002980468790758417e-01
8.363745239139727117e-01
8.363745239139727117e-01
1.726089434222861374e-01
1.726089434222861374e-01
1.489117873018805660e-01
1.489117873018805660e-01
1.645113477920906730e-01
1.645113477920906730e-01
1.962888403528851022e-01
1.962888403528851022e-01
2.787382742921368783e-01
2.787382742921368783e-01
1.199999999999999956e+00
1.199999999999999956e+00
4.522864006514537311e-04
4.522864006514537311e-04
2.950802259639026537e-01
2.950802259639026537e-01
5.366850958280745543e-01
5.366850958280745543e-01
1.199999999999999956e+00
1.199999999999999956e+00
3.522152250933412998e-01
3.522152250933412998e-01
1.199999999999999956e+00
1.199999999999999956e+00
4.799079032499166120e-01
4.799079032499166120e-01
2.319989826836519331e-01
2.319989826836519331e-01
1.391249889127534056e-01
1.391249889127534056e-01
9.270819696378031216e-02
9.270819696378031216e-02
1.752089300969318086e-01
1.752089300969318086e-01
7.391406029295789770e-02
7.391406029295789770e-02
1.199999999999999956e+00
1.199999999999999956e+00
1.006952506192815150e-01
1.006952506192815150e-01
2.261114269127376952e-01
2.261114269127376952e-01
4.142587617155564783e-01
4.142587617155564783e-01
7.838208695099362355e-01
7.838208695099362355e-01
6.971437187718789730e-01
6.971437187718789730e-01
5.424761602694172513e-01
5.424761602694172513e-01
1.199999999999999956e+00
1.199999999999999956e+00
1.594369634208559205e-01
1.594369634208559205e-01
1.633271009047787548e-01
1.633271009047787548e-01
6.940747539089512363e-01
6.940747539089512363e-01
1.199999999999999956e+00
1.199999999999999956e+00
5.030390675705208592e-01
5.030390675705208592e-01
3.529076384322402116e-01
3.529076384322402116e-01
2.770302447779756164e-02
2.770302447779756164e-02
3.731935423922418948e-01
3.731935423922418948e-01
6.874055176382829480e-01
6.874055176382829480e-01
8.134700462978970703e-02
8.134700462978970703e-02
4.648432003380238986e-01
4.648432003380238986e-01
1.644774165383330530e-02
1.644774165383330530e-02
3.514120633294908758e-01
3.514120633294908758e-01
2.314831709759269940e-01
2.314831709759269940e-01
2.490078529706612476e-01
2.490078529706612476e-01
1.199999999999999956e+00
1.199999999999999956e+00
1.199999999999999956e+00
1.199999999999999956e+00
5.421336716902924041e-02
5.421336716902924041e-02
1.199999999999999956e+00
1.199999999999999956e+00
5.932459965792956647e-01
5.932459965792956647e-01
7.105881191328600188e-02
7.105881191328600188e-02
7.457261160047755633e-01
7.457261160047755633e-01
1.563363160211789574e-02
1.563363160211789574e-02
1.199999999999999956e+00
1.199999999999999956e+00
1.555845573632081980e-01
1.555845573632081980e-01
5.671733996165547742e-01
5.671733996165547742e-01
6.716439308241923811e-01
6.716439308241923811e-01
1.151084131547751160e-01
1.151084131547751160e-01
1.067554492927536534e-02
1.067554492927536534e-02
1.199999999999999956e+00
1.199999999999999956e+00
3.297998618713805785e-03
3.297998618713805785e-03
4.660676933812357703e-01
4.660676933812357703e-01
2.274143758691676842e-01
2.274143758691676842e-01
1.770923024168320759e-01
1.770923024168320759e-01
1.199999999999999956e+00
1.199999999999999956e+00
1.648935619624855853e-01
1.648935619624855853e-01
5.439766824603416984e-01
5.439766824603416984e-01
1.199999999999999956e+00
1.199999999999999956e+00
4.059301451457285603e-01
4.059301451457285603e-01
1.199999999999999956e+00
1.199999999999999956e+00
1.199999999999999956e+00
1.199999999999999956e+00
1.199999999999999956e+00
1.199999999999999956e+00
5.002166738675920508e-03
5.002166738675920508e-03
1.508254263639177417e-01
1.508254263639177417e-01
3.801137065983660746e-01
3.801137065983660746e-01
1.199999999999999956e+00
1.199999999999999956e+00
1.199999999999999956e+00
1.199999999999999956e+00
8.953985349947603256e-02
8.953985349947603256e-02
1.199999999999999956e+00
1.199999999999999956e+00
1.338205533245801215e-01
1.338205533245801215e-01
2.629310345123467285e-01
2.629310345123467285e-01
1.910239281615503659e-01
1.910239281615503659e-01
1.199999999999999956e+00
1.199999999999999956e+00
1.199999999999999956e+00
1.199999999999999956e+00
2.061126067899072822e-01
2.061126067899072822e-01
2.400996631028648187e-01
2.400996631028648187e-01
4.694354470337211982e-01
4.694354470337211982e-01
8.867705076757446125e-01
8.867705076757446125e-01
8.570028622192636669e-02
8.570028622192636669e-02
1.592047985589317427e-01
1.592047985589317427e-01
1.199999999999999956e+00
1.199999999999999956e+00
6.450961376288670557e-02
6.450961376288670557e-02
4.005354874921274178e-02
4.005354874921274178e-02
4.824165219990594888e-01
4.824165219990594888e-01
2.201129070421473655e-01
2.201129070421473655e-01
4.433427448343278399e-01
4.433427448343278399e-01
5.318135839045192714e-01
5.318135839045192714e-01
2.626357778941969257e-02
2.626357778941969257e-02
7.612573624072410672e-01
7.612573624072410672e-01
1.331315947118975884e-01
1.331315947118975884e-01
1.199999999999999956e+00
1.199999999999999956e+00
3.711457764640282431e-01
3.711457764640282431e-01
1.199999999999999956e+00
1.199999999999999956e+00
1.133095852423028904e-01
1.133095852423028904e-01
1.894046669814715422e-01
1.894046669814715422e-01
1.222886348997515582e-01
1.222886348997515582e-01
1.199999999999999956e+00
1.199999999999999956e+00
1.566860341805183798e-01
1.566860341805183798e-01
2.271723953029319149e-02
2.271723953029319149e-02
1.353479984709140549e-01
1.353479984709140549e-01
1.199999999999999956e+00
1.199999999999999956e+00
1.199999999999999956e+00
1.199999999999999956e+00
8.886956213269915639e-02
8.886956213269915639e-02
2.258702413001580922e-01
2.258702413001580922e-01
1.199999999999999956e+00
1.199999999999999956e+00
2.520940527134540310e-01
2.520940527134540310e-01
6.032180437769547598e-01
6.032180437769547598e-01
1.062930956194864385e-01
1.062930956194864385e-01
3.416810631931799791e-01
3.416810631931799791e-01
1.199999999999999956e+00
1.199999999999999956e+00
1.199999999999999956e+00
1.199999999999999956e+00
1.199999999999999956e+00
1.199999999999999956e+00
7.258829780333447834e-02
7.258829780333447834e-02
1.199999999999999956e+00
1.199999999999999956e+00
1.923188167896588696e-01
1.923188167896588696e-01
1.199999999999999956e+00
1.199999999999999956e+00
1.199999999999999956e+00
1.199999999999999956e+00
3.320042354199893020e-01
3.320042354199893020e-01
1.199999999999999956e+00
1.199999999999999956e+00
1.353332370580329624e-01
1.353332370580329624e-01
3.153803606664697945e-01
3.153803606664697945e-01
3.360356257739504637e-01
3.360356257739504637e-01
5.756568887129814849e-01
5.756568887129814849e-01
5.589964973736237797e-01
5.589964973736237797e-01
1.000320917684474759e-01
1.000320917684474759e-01
5.674462915803766411e-02
5.674462915803766411e-02
1.883554753825310568e-01
1.883554753825310568e-01
1.199999999999999956e+00
1.199999999999999956e+00
3.936041735816985243e-01
3.936041735816985243e-01
2.652488325518611023e-01
2.652488325518611023e-01
3.365340256851567791e-02
3.365340256851567791e-02
1.595370317961949391e-01
1.595370317961949391e-01
3.620628175634309498e-01
3.620628175634309498e-01
6.582288717877141093e-02
6.582288717877141093e-02
1.199999999999999956e+00
1.199999999999999956e+00
9.061142411419831344e-02
9.061142411419831344e-02
3.396875503311680422e-01
3.396875503311680422e-01
1.199999999999999956e+00
1.199999999999999956e+00
7.990548610386059847e-02
7.990548610386059847e-02
1.309613955934509077e-02
1.309613955934509077e-02
1.199999999999999956e+00
1.199999999999999956e+00
1.891048109823886270e-01
1.891048109823886270e-01
1.199999999999999956e+00
1.199999999999999956e+00
9.158190431254921160e-01
9.158190431254921160e-01
4.305250965257665374e-01
4.305250965257665374e-01
3.176284512562617679e-01
3.176284512562617679e-01
4.912508066541392271e-01
4.912508066541392271e-01
1.199999999999999956e+00
1.199999999999999956e+00
1.199999999999999956e+00
1.199999999999999956e+00
3.666382570717550138e-01
3.666382570717550138e-01
4.061129262474790780e-01
4.061129262474790780e-01
2.816715161401493472e-01
2.816715161401493472e-01
1.199999999999999956e+00
1.199999999999999956e+00
7.316867820899860542e-01
7.316867820899860542e-01
6.717595472662778455e-01
6.717595472662778455e-01
2.488220596341471080e-01
2.488220596341471080e-01
1.199999999999999956e+00
1.199999999999999956e+00
1.199999999999999956e+00
1.199999999999999956e+00
1.072048384463592519e-01
1.072048384463592519e-01
5.170914117891737410e-02
5.170914117891737410e-02
1.532292691904939552e-01
1.532292691904939552e-01
3.430330866856736716e-01
3.430330866856736716e-01
1.550423850228606903e-01
1.550423850228606903e-01
1.199999999999999956e+00
1.199999999999999956e+00
5.271647221069607481e-01
5.271647221069607481e-01
5.298755830868059347e-01
5.298755830868059347e-01
1.199999999999999956e+00
1.199999999999999956e+00
3.062227357738362965e-01
3.062227357738362965e-01
1.713536578679332179e-01
1.713536578679332179e-01
3.000105371687784850e-02
3.000105371687784850e-02
1.927963198526882471e-01
1.927963198526882471e-01
1.014708515059713351e-01
1.014708515059713351e-01
3.951017676252272415e-04
3.951017676252272415e-04
1.199999999999999956e+00
1.199999999999999956e+00
1.618362579703855331e-01
1.618362579703855331e-01
1.199999999999999956e+00
1.199999999999999956e+00
1.038901537175956902e+00
1.038901537175956902e+00
4.330351981442923659e-01
4.330351981442923659e-01
3.263402794237062476e-01
3.263402794237062476e-01
9.261267856149167643e-02
9.261267856149167643e-02
3.127809875394853556e-01
3.127809875394853556e-01
5.443416375080930569e-01
5.443416375080930569e-01
2.628166280789066556e-01
2.628166280789066556e-01
7.667591335074390724e-01
7.667591335074390724e-01
4.956659258981645499e-01
4.956659258981645499e-01
2.892253521925625126e-01
2.892253521925625126e-01
1.199999999999999956e+00
1.199999999999999956e+00
3.134880781309428710e-01
3.134880781309428710e-01
9.235649076226697396e-01
9.235649076226697396e-01
7.304690547824839175e-01
7.304690547824839175e-01
9.263790733278682854e-01
9.263790733278682854e-01
3.556304508512267426e-01
3.556304508512267426e-01
3.889738463757707043e-01
3.889738463757707043e-01
1.692782392447587381e-01
1.692782392447587381e-01
5.796664676761044133e-01
5.796664676761044133e-01
1.746495580046418250e-01
1.746495580046418250e-01
1.538705649074900150e-01
1.538705649074900150e-01
2.803894451726453296e-02
2.803894451726453296e-02
1.199999999999999956e+00
1.199999999999999956e+00
6.035165639541847371e-01
6.035165639541847371e-01
7.384336049336462371e-02
7.384336049336462371e-02
1.199999999999999956e+00
1.199999999999999956e+00
1.199999999999999956e+00
1.199999999999999956e+00
2.836914364643012831e-01
2.836914364643012831e-01
2.304010143891476181e-01
2.304010143891476181e-01
7.962789742166814788e-02
7.962789742166814788e-02
6.482935754022848274e-01
6.482935754022848274e-01
1.667795746791316674e-02
1.667795746791316674e-02
7.962826376716332089e-01
7.962826376716332089e-01
3.132188591990962140e-02
3.132188591990962140e-02
2.429112154838148907e-01
2.429112154838148907e-01
2.022867068536118029e-01
2.022867068536118029e-01
5.406381091277654566e-02
5.406381091277654566e-02
1.199999999999999956e+00
1.199999999999999956e+00
7.309288367898150174e-01
7.309288367898150174e-01
1.199999999999999956e+00
1.199999999999999956e+00
1.289589221495134053e-01
1.289589221495134053e-01
5.236544357593386073e-02
5.236544357593386073e-02
6.391353356441829003e-01
6.391353356441829003e-01
1.199999999999999956e+00
1.199999999999999956e+00
9.053489038997791782e-02
9.053489038997791782e-02
7.055080555696706668e-01
7.055080555696706668e-01
2.696969198030282899e-01
2.696969198030282899e-01
1.199999999999999956e+00
1.199999999999999956e+00
9.741859230622186561e-02
9.741859230622186561e-02
3.150348192662846269e-01
3.150348192662846269e-01
1.199999999999999956e+00
1.199999999999999956e+00
1.199999999999999956e+00
1.199999999999999956e+00
1.199999999999999956e+00
1.199999999999999956e+00
1.241495729185633223e-01
1.241495729185633223e-01
9.625300568771909537e-01
9.625300568771909537e-01
1.361579303177733180e-01
1.361579303177733180e-01
6.691301954446449152e-01
6.691301954446449152e-01
4.979654820207530808e-01
4.979654820207530808e-01
1.948364888157551045e-01
1.948364888157551045e-01
4.926375652732192245e-01
4.926375652732192245e-01
5.084627163793177529e-02
5.084627163793177529e-02
5.315422558633750016e-01
5.315422558633750016e-01
2.507156200945520608e-01
2.507156200945520608e-01
3.144854160216468131e-01
3.144854160216468131e-01
1.100374105949554204e-01
1.100374105949554204e-01
2.648581490109037928e-02
2.648581490109037928e-02
6.782959072701132131e-02
6.782959072701132131e-02
1.281660874255304561e-01
1.281660874255304561e-01
3.479557455886607698e-01
3.479557455886607698e-01
2.070633436324762888e-03
2.070633436324762888e-03
2.233548563188270109e-01
2.233548563188270109e-01
7.671010247290271922e-02
7.671010247290271922e-02
1.497279351767324129e-01
1.497279351767324129e-01
1.199999999999999956e+00
1.199999999999999956e+00
6.154547203930168554e-03
6.154547203930168554e-03
2.824437939023370925e-01
2.824437939023370925e-01
2.341668663934880212e-02
2.341668663934880212e-02
4.074449009593323345e-01
4.074449009593323345e-01
2.206512427218785266e-01
2.206512427218785266e-01
1.199999999999999956e+00
1.199999999999999956e+00
8.168233364664756468e-01
8.168233364664756468e-01
1.019051520598103888e+00
1.019051520598103888e+00
1.199999999999999956e+00
1.199999999999999956e+00
4.979114553397464421e-02
4.979114553397464421e-02
1.199999999999999956e+00
1.199999999999999956e+00
1.199999999999999956e+00
1.199999999999999956e+00
5.335309269716633773e-01
5.335309269716633773e-01
3.457886867944336418e-01
3.457886867944336418e-01
3.613260916041963200e-01
3.613260916041963200e-01
3.675217578079508218e-01
3.675217578079508218e-01
1.289976455820609769e-01
1.289976455820609769e-01
4.424499744276157859e-02
4.424499744276157859e-02
7.394841264872696607e-02
7.394841264872696607e-02
3.316258058124615937e-02
3.316258058124615937e-02
4.031852642198312520e-01
4.031852642198312520e-01
1.094434988612646639e-02
1.094434988612646639e-02
7.432601113769182755e-01
7.432601113769182755e-01
1.388464221774487750e-01
1.388464221774487750e-01
1.199999999999999956e+00
1.199999999999999956e+00
6.126889563771241720e-01
6.126889563771241720e-01
2.859690782937934217e-01
2.859690782937934217e-01
8.909985929963591678e-02
8.909985929963591678e-02
1.199999999999999956e+00
1.199999999999999956e+00
1.083451693440406149e+00
1.083451693440406149e+00
3.325902937046386065e-01
3.325902937046386065e-01
5.715549909528599981e-01
5.715549909528599981e-01
4.183704168337438328e-02
4.183704168337438328e-02
1.971568299076143782e-01
1.971568299076143782e-01
2.547239303935331933e-01
2.547239303935331933e-01
4.394948548344338596e-02
4.394948548344338596e-02
1.199999999999999956e+00
1.199999999999999956e+00
1.716973582764068917e-01
1.716973582764068917e-01
2.340679152566521593e-02
2.340679152566521593e-02
2.649524282740081116e-01
2.649524282740081116e-01
3.552868009204695338e-02
3.552868009204695338e-02
8.721621902719806085e-01
8.721621902719806085e-01
2.882759731922347468e-01
2.882759731922347468e-01
1.446020949278083723e-01
1.446020949278083723e-01
1.199999999999999956e+00
1.199999999999999956e+00
1.199999999999999956e+00
1.199999999999999956e+00
2.823959978147889960e-03
2.823959978147889960e-03
4.294189670661825442e-01
4.294189670661825442e-01
1.771580047871855745e-01
1.771580047871855745e-01
2.863072664137305545e-01
2.863072664137305545e-01
3.702321183450336672e-01
3.702321183450336672e-01
2.695143176920681283e-01
2.695143176920681283e-01
5.137454099735254687e-01
5.137454099735254687e-01
2.169633773409577471e-01
2.169633773409577471e-01
3.355572326953606271e-02
3.355572326953606271e-02
1.925040435876602674e-01
1.925040435876602674e-01
2.809064921443926166e-01
2.809064921443926166e-01
3.570564867384218299e-01
3.570564867384218299e-01
1.199999999999999956e+00
1.199999999999999956e+00
9.847810153156622004e-02
9.847810153156622004e-02
3.635890870666989017e-01
3.635890870666989017e-01
2.492885220841941918e-01
2.492885220841941918e-01
2.216185575461589174e-02
2.216185575461589174e-02
1.199999999999999956e+00
1.199999999999999956e+00
2.588065744642754212e-02
2.588065744642754212e-02
4.311904301495277092e-02
4.311904301495277092e-02
2.912444007507436136e-02
2.912444007507436136e-02
6.383665386260682639e-02
6.383665386260682639e-02
3.861541568827547288e-01
3.861541568827547288e-01
4.784066954952429507e-01
4.784066954952429507e-01
1.199999999999999956e+00
1.199999999999999956e+00
1.718702033821072755e-02
1.718702033821072755e-02
2.835519803901259128e-01
2.835519803901259128e-01
6.472797758551709912e-02
6.472797758551709912e-02
5.726665249734562702e-01
5.726665249734562702e-01
2.805901290967176553e-01
2.805901290967176553e-01
2.636684829158423282e-01
2.636684829158423282e-01
6.212846825137467027e-02
6.212846825137467027e-02
5.045306394173109110e-01
5.045306394173109110e-01
5.019656384565207574e-01
5.019656384565207574e-01
4.736541047979417884e-01
4.736541047979417884e-01
2.191644912333051975e-01
2.191644912333051975e-01
8.528317060356210844e-02
8.528317060356210844e-02
1.489324209031299417e-01
1.489324209031299417e-01
2.229366588339477540e-01
2.229366588339477540e-01
4.429939936853349858e-01
4.429939936853349858e-01
4.773571594677168684e-02
4.773571594677168684e-02
3.466663506635280223e-01
3.466663506635280223e-01
1.199999999999999956e+00
1.199999999999999956e+00
8.076937591010358020e-02
8.076937591010358020e-02
2.804550404675764663e-01
2.804550404675764663e-01
1.199999999999999956e+00
1.199999999999999956e+00
2.898830431564516918e-01
2.898830431564516918e-01
2.367219824155873953e-01
2.367219824155873953e-01
1.272078439076539114e-01
1.272078439076539114e-01
1.693496080933047376e-01
1.693496080933047376e-01
1.199999999999999956e+00
1.199999999999999956e+00
5.873518347220751251e-02
5.873518347220751251e-02
1.634326305446315297e-01
1.634326305446315297e-01
8.731196364328331905e-01
8.731196364328331905e-01
1.199999999999999956e+00
1.199999999999999956e+00
5.412944164901104666e-02
5.412944164901104666e-02
1.976961514659476560e-01
1.976961514659476560e-01
8.810068578759880920e-01
8.810068578759880920e-01
1.170849073325070863e-02
1.170849073325070863e-02
3.279987534786263925e-01
3.279987534786263925e-01
1.199999999999999956e+00
1.199999999999999956e+00
4.647941856963453411e-01
4.647941856963453411e-01
6.138171103731533407e-01
6.138171103731533407e-01
1.199999999999999956e+00
1.199999999999999956e+00
1.522217881520013076e-02
1.522217881520013076e-02
1.199999999999999956e+00
1.199999999999999956e+00
8.051362639882844729e-02
8.051362639882844729e-02
3.024751087686982087e-01
3.024751087686982087e-01
1.022404657658894378e-01
1.022404657658894378e-01
6.210427404096527382e-02
6.210427404096527382e-02
5.127730746161328623e-01
5.127730746161328623e-01
1.070359265242457475e-01
1.070359265242457475e-01
2.912635334548069332e-01
2.912635334548069332e-01
6.916758950345033852e-02
6.916758950345033852e-02
6.847270333148615384e-02
6.847270333148615384e-02
3.946087755734203339e-01
3.946087755734203339e-01
2.348948887539265007e-01
2.348948887539265007e-01
1.524739733699840560e-01
1.524739733699840560e-01
1.199999999999999956e+00
1.199999999999999956e+00
2.631585634993633405e-01
2.631585634993633405e-01
1.199999999999999956e+00
1.199999999999999956e+00
1.199999999999999956e+00
1.199999999999999956e+00
6.997429267408581399e-01
6.997429267408581399e-01
4.391173148698732653e-01
4.391173148698732653e-01
1.199999999999999956e+00
1.199999999999999956e+00
5.390221986180948610e-01
5.390221986180948610e-01
1.063488298776915225e-01
1.063488298776915225e-01
1.199999999999999956e+00
1.199999999999999956e+00
1.223405836335564045e-01
1.223405836335564045e-01
2.314231997584476064e-01
2.314231997584476064e-01
4.905820034703950450e-01
4.905820034703950450e-01
2.836653651470621984e-02
2.836653651470621984e-02
2.616456284822106793e-01
2.616456284822106793e-01
2.712133619059378109e-01
2.712133619059378109e-01
2.498413887202130812e-01
2.498413887202130812e-01
2.663618557632888018e-02
2.663618557632888018e-02
1.932024575590955418e-01
1.932024575590955418e-01
3.128379653071749478e-01
3.128379653071749478e-01
6.010201868639899470e-01
6.010201868639899470e-01
2.671544285781985439e-01
2.671544285781985439e-01
1.433677027553645622e-01
1.433677027553645622e-01
1.199999999999999956e+00
1.199999999999999956e+00
5.414206545866129261e-01
5.414206545866129261e-01
2.639614828421351644e-01
2.639614828421351644e-01
8.355915136840320542e-03
8.355915136840320542e-03
1.484181123179336426e-01
1.484181123179336426e-01
1.377984779143889005e-01
1.377984779143889005e-01
1.199999999999999956e+00
1.199999999999999956e+00
2.800237189568877648e-03
2.800237189568877648e-03
8.801299040933990847e-01
8.801299040933990847e-01
6.679940358383774923e-02
6.679940358383774923e-02
7.720946415330784407e-02
7.720946415330784407e-02
2.730272964673765568e-01
2.730272964673765568e-01
5.391978667787774571e-01
5.391978667787774571e-01
1.871908967570385385e-01
1.871908967570385385e-01
5.659356497316845452e-02
5.659356497316845452e-02
3.151938581364514547e-01
3.151938581364514547e-01
1.199999999999999956e+00
1.199999999999999956e+00
6.049908523809857108e-01
6.049908523809857108e-01
2.404609226892487905e-01
2.404609226892487905e-01
1.199999999999999956e+00
1.199999999999999956e+00
1.199999999999999956e+00
1.199999999999999956e+00
1.335597906669544477e-01
1.335597906669544477e-01
1.766955963543593300e-01
1.766955963543593300e-01
1.199999999999999956e+00
1.199999999999999956e+00
1.199999999999999956e+00
1.199999999999999956e+00
4.457770192445231761e-01
4.457770192445231761e-01
1.058684369902728184e+00
1.058684369902728184e+00
8.768326870952380947e-02
8.768326870952380947e-02
