2.429743094703085138e-01
2.429743094703085138e-01
3.698508851707887901e-01
3.698508851707887901e-01
1.938814835200527442e-01
1.938814835200527442e-01
5.883863953611422337e-01
5.883863953611422337e-01
5.200043758178705122e-01
5.200043758178705122e-01
7.120468483969370765e-02
7.120468483969370765e-02
4.560865874894777239e-01
4.560865874894777239e-01
6.694181071000422367e-01
6.694181071000422367e-01
7.219322694285710273e-01
7.219322694285710273e-01
1.199999999999999956e+00
1.199999999999999956e+00
6.540623077622105264e-01
6.540623077622105264e-01
1.881311929355561699e-02
1.881311929355561699e-02
1.199999999999999956e+00
1.199999999999999956e+00
5.302201121051635518e-02
5.302201121051635518e-02
1.138972758712226557e-01
1.138972758712226557e-01
1.199999999999999956e+00
1.199999999999999956e+00
3.053729862612806212e-01
3.053729862612806212e-01
1.414329712524225457e-01
1.414329712524225457e-01
3.343713234095414388e-03
3.343713234095414388e-03
4.701248505480271067e-02
4.701248505480271067e-02
1.623219195045242318e-05
1.623219195045242318e-05
1.199999999999999956e+00
1.199999999999999956e+00
2.495276081362748644e-01
2.495276081362748644e-01
4.897883863653912373e-02
4.897883863653912373e-02
1.067259466307000304e+00
1.067259466307000304e+00
2.237811089054873581e-01
2.237811089054873581e-01
1.103202124447355409e-01
1.103202124447355409e-01
2.681699662426976771e-01
2.681699662426976771e-01
3.588749155399066915e-01
3.588749155399066915e-01
5.410118950105536895e-01
5.410118950105536895e-01
1.199999999999999956e+00
1.199999999999999956e+00
2.061768333795005112e-02
2.061768333795005112e-02
3.136310409973663282e-01
3.136310409973663282e-01
8.636884366558228443e-01
8.636884366558228443e-01
8.095408110000730240e-01
8.095408110000730240e-01
1.199999999999999956e+00
1.199999999999999956e+00
3.375652319494449327e-01
3.375652319494449327e-01
4.653873789173863518e-01
4.653873789173863518e-01
5.429368727929611421e-02
5.429368727929611421e-02
8.199680379188546420e-01
8.199680379188546420e-01
3.512265397990241289e-01
3.512265397990241289e-01
1.199999999999999956e+00
1.199999999999999956e+00
1.199999999999999956e+00
1.199999999999999956e+00
1.199999999999999956e+00
1.199999999999999956e+00
1.221384578954530786e-01
1.221384578954530786e-01
1.169148171771707823e+00
1.169148171771707823e+00
4.041720818353070621e-01
4.041720818353070621e-01
7.934726848224391560e-01
7.934726848224391560e-01
4.976409996382061274e-02
4.976409996382061274e-02
7.494355428858698875e-01
7.494355428858698875e-01
1.123792272899641342e-01
1.123792272899641342e-01
3.776155977179128653e-01
3.776155977179128653e-01
4.470024732817460406e-02
4.470024732817460406e-02
5.745168748814647453e-01
5.745168748814647453e-01
4.391354842093386779e-02
4.391354842093386779e-02
6.072229948534682009e-01
6.072229948534682009e-01
1.199999999999999956e+00
1.199999999999999956e+00
1.199999999999999956e+00
1.199999999999999956e+00
6.480040518949544692e-01
6.480040518949544692e-01
3.347367305669770032e-01
3.347367305669770032e-01
2.620001192991529559e-01
2.620001192991529559e-01
4.938668046325254690e-01
4.938668046325254690e-01
1.638861761333837985e-01
1.638861761333837985e-01
9.979583749498634193e-02
9.979583749498634193e-02
2.886425615972173508e-01
2.886425615972173508e-01
1.777291847878348097e-01
1.777291847878348097e-01
5.738973339475411661e-02
5.738973339475411661e-02
1.147665529942839546e-01
1.147665529942839546e-01
3.072432354635326601e-01
3.072432354635326601e-01
4.387112119325685677e-01
4.387112119325685677e-01
2.660062623019915362e-01
2.660062623019915362e-01
1.150756804507609421e-01
1.150756804507609421e-01
2.515047451167635173e-01
2.515047451167635173e-01
6.517005797608322881e-01
6.517005797608322881e-01
4.068082553547828772e-01
4.068082553547828772e-01
4.271609661141710923e-01
4.271609661141710923e-01
1.199999999999999956e+00
1.199999999999999956e+00
9.653505404243255261e-02
9.653505404243255261e-02
3.169344278501095014e-01
3.169344278501095014e-01
5.390126967968213167e-02
5.390126967968213167e-02
1.789235826693928721e-01
1.789235826693928721e-01
8.223044149164738387e-03
8.223044149164738387e-03
3.198624068852980347e-03
3.198624068852980347e-03
1.199999999999999956e+00
1.199999999999999956e+00
1.199999999999999956e+00
1.199999999999999956e+00
1.199999999999999956e+00
1.199999999999999956e+00
1.704472419768701674e-01
1.704472419768701674e-01
2.466323537837378788e-01
2.466323537837378788e-01
8.509572183041240467e-02
8.509572183041240467e-02
1.199999999999999956e+00
1.199999999999999956e+00
1.199999999999999956e+00
1.199999999999999956e+00
1.199999999999999956e+00
1.199999999999999956e+00
8.215205019655585916e-02
8.215205019655585916e-02
1.408957620154709101e-01
1.408957620154709101e-01
1.199999999999999956e+00
1.199999999999999956e+00
2.672007788128336059e-01
2.672007788128336059e-01
1.199999999999999956e+00
1.199999999999999956e+00
4.881734437020805450e-01
4.881734437020805450e-01
1.851447107088186605e-01
1.851447107088186605e-01
1.337180166424561112e-01
1.337180166424561112e-01
2.480384652376527513e-02
2.480384652376527513e-02
5.655672072344641865e-01
5.655672072344641865e-01
9.432584003181579413e-02
9.432584003181579413e-02
6.104566774150591013e-02
6.104566774150591013e-02
7.468273009541381846e-01
7.468273009541381846e-01
3.018240976464158232e-01
3.018240976464158232e-01
4.884714797487036408e-01
4.884714797487036408e-01
1.199999999999999956e+00
1.199999999999999956e+00
3.354498343169403651e-01
3.354498343169403651e-01
1.199999999999999956e+00
1.199999999999999956e+00
1.199999999999999956e+00
1.199999999999999956e+00
1.199999999999999956e+00
1.199999999999999956e+00
2.198018538565410518e-01
2.198018538565410518e-01
1.758393430483628506e-01
1.758393430483628506e-01
1.199999999999999956e+00
1.199999999999999956e+00
6.253259459562612310e-01
6.253259459562612310e-01
6.977569907625165158e-01
6.977569907625165158e-01
4.982977654876205587e-02
4.982977654876205587e-02
1.199999999999999956e+00
1.199999999999999956e+00
4.944760661929340495e-01
4.944760661929340495e-01
9.700047978114156866e-02
9.700047978114156866e-02
4.039571913741358405e-02
4.039571913741358405e-02
2.018065931764560228e-01
2.018065931764560228e-01
6.083322761175509186e-01
6.083322761175509186e-01
2.532312502551534172e-01
2.532312502551534172e-01
1.199999999999999956e+00
1.199999999999999956e+00
4.979682858358857600e-01
4.979682858358857600e-01
1.199999999999999956e+00
1.199999999999999956e+00
1.946574729814939952e-01
1.946574729814939952e-01
1.199999999999999956e+00
1.199999999999999956e+00
3.255476577551879580e-01
3.255476577551879580e-01
1.699081896047013873e-01
1.699081896047013873e-01
2.337201956852555385e-01
2.337201956852555385e-01
5.794109948121244358e-01
5.794109948121244358e-01
1.034172230940322464e-02
1.034172230940322464e-02
2.538469973259036006e-01
2.538469973259036006e-01
1.546668367148028578e-01
1.546668367148028578e-01
2.128043219884566961e-01
2.128043219884566961e-01
1.637862356762818383e-01
1.637862356762818383e-01
1.414342546808118328e-01
1.414342546808118328e-01
4.469877133888786047e-02
4.469877133888786047e-02
2.050039233262862803e-01
2.050039233262862803e-01
8.098736396202128596e-01
8.098736396202128596e-01
1.663823629175830987e-01
1.663823629175830987e-01
1.199999999999999956e+00
1.199999999999999956e+00
4.466104473330421709e-01
4.466104473330421709e-01
1.246095440606142662e-01
1.246095440606142662e-01
1.199999999999999956e+00
1.199999999999999956e+00
1.199999999999999956e+00
1.199999999999999956e+00
4.755433019105232972e-01
4.755433019105232972e-01
5.541029466133037262e-01
5.541029466133037262e-01
1.199999999999999956e+00
1.199999999999999956e+00
5.616544877640076150e-01
5.616544877640076150e-01
5.196691929456268566e-01
5.196691929456268566e-01
5.871240757334431626e-01
5.871240757334431626e-01
1.199999999999999956e+00
1.199999999999999956e+00
3.244388785175959106e-02
3.244388785175959106e-02
1.733608755422570424e-01
1.733608755422570424e-01
3.008481581705914620e-01
3.008481581705914620e-01
1.199999999999999956e+00
1.199999999999999956e+00
1.754299828093968394e-01
1.754299828093968394e-01
1.199999999999999956e+00
1.199999999999999956e+00
1.128507076835553874e-01
1.128507076835553874e-01
8.525168595831245089e-03
8.525168595831245089e-03
3.947464423514288612e-01
3.947464423514288612e-01
8.301921716634436121e-02
8.301921716634436121e-02
1.051312349491937970e-01
1.051312349491937970e-01
1.491083681693452234e-01
1.491083681693452234e-01
1.199999999999999956e+00
1.199999999999999956e+00
6.458167167718258384e-01
6.458167167718258384e-01
1.199999999999999956e+00
1.199999999999999956e+00
1.173317146219093332e-01
1.173317146219093332e-01
1.032552389663631554e-01
1.032552389663631554e-01
1.160068381223565703e-01
1.160068381223565703e-01
1.199999999999999956e+00
1.199999999999999956e+00
6.819999825692057982e-02
6.819999825692057982e-02
1.199999999999999956e+00
1.199999999999999956e+00
5.095733040506338768e-02
5.095733040506338768e-02
5.515049898773827231e-01
5.515049898773827231e-01
1.199999999999999956e+00
1.199999999999999956e+00
1.199999999999999956e+00
1.199999999999999956e+00
8.637130458065493677e-02
8.637130458065493677e-02
4.056308372242962701e-01
4.056308372242962701e-01
5.427863564560035936e-01
5.427863564560035936e-01
1.127065483310288330e-01
1.127065483310288330e-01
1.199999999999999956e+00
1.199999999999999956e+00
1.199999999999999956e+00
1.199999999999999956e+00
6.098629875487059371e-01
6.098629875487059371e-01
1.199999999999999956e+00
1.199999999999999956e+00
1.417647785349129552e-01
1.417647785349129552e-01
1.199999999999999956e+00
1.199999999999999956e+00
2.031597854269586445e-01
2.031597854269586445e-01
2.772260134869039550e-01
2.772260134869039550e-01
2.606623395428761970e-03
2.606623395428761970e-03
1.064921642979966832e-01
1.064921642979966832e-01
2.864761282182952118e-01
2.864761282182952118e-01
1.276818668503043597e-01
1.276818668503043597e-01
4.117622445372157713e-01
4.117622445372157713e-01
1.354366822782316904e-01
1.354366822782316904e-01
9.201964968248736373e-03
9.201964968248736373e-03
3.292341701452772273e-01
3.292341701452772273e-01
1.047920429622996308e-02
1.047920429622996308e-02
2.325585280244706066e-01
2.325585280244706066e-01
3.262192707567787564e-01
3.262192707567787564e-01
1.199999999999999956e+00
1.199999999999999956e+00
1.516809025766798456e-03
1.516809025766798456e-03
5.320312112936398385e-01
5.320312112936398385e-01
5.022058309060736248e-01
5.022058309060736248e-01
1.211044250016885676e-02
1.211044250016885676e-02
1.199999999999999956e+00
1.199999999999999956e+00
1.032919761415797971e-02
1.032919761415797971e-02
1.828452310372742640e-01
1.828452310372742640e-01
1.199999999999999956e+00
1.199999999999999956e+00
2.519263610281330945e-01
2.519263610281330945e-01
1.199999999999999956e+00
1.199999999999999956e+00
2.255623161995142234e-01
2.255623161995142234e-01
2.173794020495605217e-01
2.173794020495605217e-01
1.099335626008478145e-01
1.099335626008478145e-01
3.046755113743776500e-01
3.046755113743776500e-01
7.218477490268571106e-01
7.218477490268571106e-01
4.568999998388982298e-01
4.568999998388982298e-01
4.426240694197617481e-02
4.426240694197617481e-02
2.905314217606720928e-01
2.905314217606720928e-01
4.820327763814286626e-01
4.820327763814286626e-01
4.162434697137359918e-02
4.162434697137359918e-02
1.199999999999999956e+00
1.199999999999999956e+00
6.090360645590997719e-03
6.090360645590997719e-03
1.199999999999999956e+00
1.199999999999999956e+00
1.199999999999999956e+00
1.199999999999999956e+00
1.199999999999999956e+00
1.199999999999999956e+00
6.368626728923020286e-01
6.368626728923020286e-01
7.881694598768889115e-01
7.881694598768889115e-01
1.199999999999999956e+00
1.199999999999999956e+00
1.199999999999999956e+00
1.199999999999999956e+00
6.758152665572315920e-02
6.758152665572315920e-02
1.215524341646331830e-01
1.215524341646331830e-01
5.525793237544842640e-01
5.525793237544842640e-01
5.874140376586600015e-02
5.874140376586600015e-02
3.153928024883433934e-01
3.153928024883433934e-01
1.747216304263141812e-03
1.747216304263141812e-03
6.973524200669015682e-01
6.973524200669015682e-01
3.896111892461906479e-01
3.896111892461906479e-01
1.199999999999999956e+00
1.199999999999999956e+00
3.494328045911647695e-01
3.494328045911647695e-01
1.414385718309252027e-01
1.414385718309252027e-01
6.631004585538242679e-01
6.631004585538242679e-01
2.249676525588381326e-01
2.249676525588381326e-01
4.825939993612758383e-01
4.825939993612758383e-01
3.576503574416356468e-01
3.576503574416356468e-01
1.909416623085720410e-02
1.909416623085720410e-02
9.438005013396308929e-01
9.438005013396308929e-01
3.061090114989754030e-01
3.061090114989754030e-01
2.786677568775483005e-01
2.786677568775483005e-01
7.769276117421262950e-02
7.769276117421262950e-02
1.199999999999999956e+00
1.199999999999999956e+00
7.226649979591724671e-02
7.226649979591724671e-02
1.199999999999999956e+00
1.199999999999999956e+00
8.621765986487759381e-01
8.621765986487759381e-01
9.131686607621285201e-02
9.131686607621285201e-02
3.355107810114306144e-01
3.355107810114306144e-01
1.199999999999999956e+00
1.199999999999999956e+00
6.112055844178048147e-01
6.112055844178048147e-01
9.514483648222067658e-02
9.514483648222067658e-02
7.622927831183741454e-02
7.622927831183741454e-02
1.726003246433689131e-01
1.726003246433689131e-01
3.678365481564299655e-01
3.678365481564299655e-01
2.880929350650668352e-01
2.880929350650668352e-01
1.282399095647777931e-01
1.282399095647777931e-01
1.198305344698905872e-01
1.198305344698905872e-01
4.037018801681664382e-01
4.037018801681664382e-01
1.152002695682004946e-01
1.152002695682004946e-01
1.199999999999999956e+00
1.199999999999999956e+00
1.031530820339668086e-01
1.031530820339668086e-01
7.309282241087849963e-01
7.309282241087849963e-01
6.469494194922696673e-02
6.469494194922696673e-02
9.806111349877011385e-01
9.806111349877011385e-01
3.316010850858878145e-01
3.316010850858878145e-01
5.775514666456774693e-01
5.775514666456774693e-01
2.258028582782667937e-01
2.258028582782667937e-01
4.517847028540149246e-02
4.517847028540149246e-02
1.221628322542392953e-01
1.221628322542392953e-01
5.517749381633964001e-01
5.517749381633964001e-01
1.259949716255026886e-01
1.259949716255026886e-01
2.404983551307303957e-01
2.404983551307303957e-01
1.199999999999999956e+00
1.199999999999999956e+00
3.777042566769903686e-01
3.777042566769903686e-01
1.199999999999999956e+00
1.199999999999999956e+00
2.960844370016896820e-01
2.960844370016896820e-01
4.111935000436839349e-01
4.111935000436839349e-01
3.615012089989191324e-01
3.615012089989191324e-01
2.781248843435913942e-01
2.781248843435913942e-01
5.198794000656071779e-01
5.198794000656071779e-01
8.124482104554024697e-02
8.124482104554024697e-02
9.233360928063686357e-01
9.233360928063686357e-01
1.199999999999999956e+00
1.199999999999999956e+00
2.780990936695379445e-01
2.780990936695379445e-01
2.311213687853175269e-01
2.311213687853175269e-01
1.145349001617091411e-01
1.145349001617091411e-01
9.150525385329717765e-02
9.150525385329717765e-02
5.284957337923572585e-01
5.284957337923572585e-01
8.566200183529515400e-01
8.566200183529515400e-01
2.408576241819552211e-01
2.408576241819552211e-01
3.459976723627499196e-01
3.459976723627499196e-01
3.135364734634727424e-01
3.135364734634727424e-01
1.980312127972531089e-01
1.980312127972531089e-01
5.998302910074645999e-02
5.998302910074645999e-02
2.654608964585361552e-01
2.654608964585361552e-01
3.063333720657573367e-01
3.063333720657573367e-01
2.949507479895502327e-01
2.949507479895502327e-01
4.687954749959283296e-02
4.687954749959283296e-02
1.199999999999999956e+00
1.199999999999999956e+00
1.558119045483847831e-01
1.558119045483847831e-01
4.215006268351444429e-01
4.215006268351444429e-01
4.523603851698785316e-01
4.523603851698785316e-01
1.199999999999999956e+00
1.199999999999999956e+00
1.199999999999999956e+00
1.199999999999999956e+00
3.620416378516500000e-01
3.620416378516500000e-01
1.117836063018519122e-01
1.117836063018519122e-01
2.956562507922506633e-01
2.956562507922506633e-01
1.199999999999999956e+00
1.199999999999999956e+00
9.732907090921011362e-02
9.732907090921011362e-02
1.199999999999999956e+00
1.199999999999999956e+00
9.391683975950361196e-01
9.391683975950361196e-01
1.199999999999999956e+00
1.199999999999999956e+00
1.199999999999999956e+00
1.199999999999999956e+00
1.361377281769729219e-01
1.361377281769729219e-01
4.628459386809287146e-01
4.628459386809287146e-01
1.199999999999999956e+00
1.199999999999999956e+00
1.199999999999999956e+00
1.199999999999999956e+00
1.898227072979309371e-01
1.898227072979309371e-01
1.219587248352591025e-01
1.219587248352591025e-01
4.831507352196787730e-01
4.831507352196787730e-01
5.694153318475550507e-02
5.694153318475550507e-02
2.502088912699673151e-01
2.502088912699673151e-01
1.199999999999999956e+00
1.199999999999999956e+00
4.368923552568422242e-01
4.368923552568422242e-01
1.000538942392705577e+00
1.000538942392705577e+00
1.448594208154013463e-01
1.448594208154013463e-01
2.353373345529016503e-01
2.353373345529016503e-01
3.469119756831818835e-01
3.469119756831818835e-01
5.835074471339084072e-03
5.835074471339084072e-03
1.199999999999999956e+00
1.199999999999999956e+00
9.359575492855919110e-02
9.359575492855919110e-02
6.643637492007838929e-01
6.643637492007838929e-01
4.666986397888561178e-01
4.666986397888561178e-01
1.121546915561201091e-01
1.121546915561201091e-01
3.044137630429903374e-01
3.044137630429903374e-01
8.025701147850567985e-01
8.025701147850567985e-01
3.303442912662004072e-01
3.303442912662004072e-01
6.364278323872905041e-01
6.364278323872905041e-01
3.793297531561914404e-01
3.793297531561914404e-01
1.199999999999999956e+00
1.199999999999999956e+00
4.070704450016653375e-01
4.070704450016653375e-01
1.199999999999999956e+00
1.199999999999999956e+00
1.201739539981913629e-01
1.201739539981913629e-01
2.276825013557213229e-01
2.276825013557213229e-01
1.199999999999999956e+00
1.199999999999999956e+00
6.282597104170996316e-02
6.282597104170996316e-02
1.199999999999999956e+00
1.199999999999999956e+00
9.145906081238465157e-01
9.145906081238465157e-01
4.803835646510632995e-01
4.803835646510632995e-01
1.199999999999999956e+00
1.199999999999999956e+00
2.504256188107342740e-01
2.504256188107342740e-01
5.216074725595619688e-01
5.216074725595619688e-01
2.147865382409582802e-01
2.147865382409582802e-01
7.236199451170248764e-01
7.236199451170248764e-01
2.412143627539818924e-01
2.412143627539818924e-01
2.685905980927912884e-01
2.685905980927912884e-01
6.028955595540337331e-01
6.028955595540337331e-01
1.329399721891234287e-01
1.329399721891234287e-01
7.283651454407547021e-02
7.283651454407547021e-02
9.352201690056136107e-02
9.352201690056136107e-02
2.905119603823211327e-01
2.905119603823211327e-01
1.199999999999999956e+00
1.199999999999999956e+00
1.199999999999999956e+00
1.199999999999999956e+00
1.986803866183262102e-01
1.986803866183262102e-01
1.199999999999999956e+00
1.199999999999999956e+00
3.355705063642672181e-01
3.355705063642672181e-01
4.028037516531306483e-01
4.028037516531306483e-01
4.873559736166283018e-01
4.873559736166283018e-01
4.691177637836391745e-01
4.691177637836391745e-01
4.444734290396742948e-02
4.444734290396742948e-02
1.214788622994030648e-01
1.214788622994030648e-01
1.199999999999999956e+00
1.199999999999999956e+00
9.177864179976539735e-03
9.177864179976539735e-03
5.357407633447687501e-02
5.357407633447687501e-02
2.929358052013245062e-01
2.929358052013245062e-01
4.850302409373993817e-01
4.850302409373993817e-01
5.570580294577883729e-01
5.570580294577883729e-01
3.229969105576846466e-01
3.229969105576846466e-01
4.709979457034871309e-01
4.709979457034871309e-01
1.199999999999999956e+00
1.199999999999999956e+00
2.566799458750658736e-01
2.566799458750658736e-01
8.138168948485817455e-02
8.138168948485817455e-02
6.403510716426905613e-01
6.403510716426905613e-01
1.488871264310290543e-01
1.488871264310290543e-01
1.199999999999999956e+00
1.199999999999999956e+00
1.811397839763433659e-01
1.811397839763433659e-01
2.066693391645941513e-01
2.066693391645941513e-01
3.620470493673426660e-01
3.620470493673426660e-01
2.662355209677772505e-01
2.662355209677772505e-01
4.236156951894023970e-02
4.236156951894023970e-02
6.206105926528711070e-01
6.206105926528711070e-01
2.244172626299320850e-01
2.244172626299320850e-01
6.220043983174590174e-01
6.220043983174590174e-01
2.929220117380922361e-01
2.929220117380922361e-01
6.816072272677926591e-01
6.816072272677926591e-01
1.199999999999999956e+00
1.199999999999999956e+00
2.309772165357637519e-01
2.309772165357637519e-01
3.751715103960671649e-01
3.751715103960671649e-01
1.282622343694747036e-01
1.282622343694747036e-01
2.381745734041432749e-01
2.381745734041432749e-01
4.024420362736671475e-01
4.024420362736671475e-01
3.666552443760567326e-01
3.666552443760567326e-01
6.664210370652254856e-01
6.664210370652254856e-01
1.499799506571475594e-01
1.499799506571475594e-01
1.312188440999045858e-01
1.312188440999045858e-01
2.346131765068468489e-01
2.346131765068468489e-01
5.025723569284744618e-01
5.025723569284744618e-01
7.511547714018224076e-01
7.511547714018224076e-01
1.199999999999999956e+00
1.199999999999999956e+00
1.745365130549321117e-02
1.745365130549321117e-02
4.268689611251660354e-01
4.268689611251660354e-01
8.638301453186217893e-01
8.638301453186217893e-01
1.199999999999999956e+00
1.199999999999999956e+00
1.199999999999999956e+00
1.199999999999999956e+00
6.918749125547090165e-03
6.918749125547090165e-03
1.199999999999999956e+00
1.199999999999999956e+00
1.199999999999999956e+00
1.199999999999999956e+00
1.727377380721776060e-02
1.727377380721776060e-02
1.794364114754103123e-02
1.794364114754103123e-02
1.199999999999999956e+00
1.199999999999999956e+00
8.256985393592954914e-01
8.256985393592954914e-01
1.703719974211668486e-01
1.703719974211668486e-01
2.845666889138859790e-01
2.845666889138859790e-01
1.199999999999999956e+00
1.199999999999999956e+00
1.199999999999999956e+00
1.199999999999999956e+00
6.352989968100362095e-01
6.352989968100362095e-01
4.250380178107476259e-01
4.250380178107476259e-01
6.810066730089021914e-02
6.810066730089021914e-02
1.958629343557715882e-02
1.958629343557715882e-02
1.199999999999999956e+00
1.199999999999999956e+00
1.771653645959494205e-01
1.771653645959494205e-01
1.447781393593182975e-01
1.447781393593182975e-01
1.038894625369708891e+00
1.038894625369708891e+00
1.199999999999999956e+00
1.199999999999999956e+00
1.854195459700497817e-01
1.854195459700497817e-01
8.960039544515900900e-01
8.960039544515900900e-01
1.163568081548506106e-01
1.163568081548506106e-01
1.199999999999999956e+00
1.199999999999999956e+00
6.397556313119204252e-02
6.397556313119204252e-02
6.509853305688063918e-02
6.509853305688063918e-02
1.390687360593093336e-01
1.390687360593093336e-01
1.691680637800337117e-01
1.691680637800337117e-01
2.931781576264221867e-01
2.931781576264221867e-01
5.116499444844621047e-01
5.116499444844621047e-01
3.577566976419573330e-01
3.577566976419573330e-01
1.669892340242862955e-02
1.669892340242862955e-02
3.811354494031038431e-01
3.811354494031038431e-01
5.563111299842978807e-01
5.563111299842978807e-01
1.199999999999999956e+00
1.199999999999999956e+00
2.048031474662987683e-01
2.048031474662987683e-01
1.639684345942473906e-02
1.639684345942473906e-02
2.209915074158348355e-02
2.209915074158348355e-02
7.294102134581548214e-01
7.294102134581548214e-01
1.081768303540105447e-01
1.081768303540105447e-01
9.662212162888063061e-01
9.662212162888063061e-01
8.807206531197361299e-01
8.807206531197361299e-01
3.480970566279911194e-01
3.480970566279911194e-01
4.395533720331963323e-01
4.395533720331963323e-01
4.057772274327104967e-01
4.057772274327104967e-01
5.028799465153965115e-02
5.028799465153965115e-02
3.432053531558631465e-01
3.432053531558631465e-01
9.257197220695320694e-02
9.257197220695320694e-02
3.978427620025906664e-01
3.978427620025906664e-01
4.868131383052197170e-01
4.868131383052197170e-01
2.202175284840622582e-02
2.202175284840622582e-02
3.308856222232705591e-01
3.308856222232705591e-01
1.199999999999999956e+00
1.199999999999999956e+00
4.643088102866501643e-01
4.643088102866501643e-01
3.136358981090130449e-01
3.136358981090130449e-01
8.400558064363172761e-02
8.400558064363172761e-02
7.049907034626566593e-02
7.049907034626566593e-02
2.679206781947274241e-01
2.679206781947274241e-01
7.978991412686846640e-01
7.978991412686846640e-01
1.199999999999999956e+00
1.199999999999999956e+00
4.381892988097593200e-01
4.381892988097593200e-01
4.615525472843209354e-01
4.615525472843209354e-01
8.230766757472228468e-02
8.230766757472228468e-02
5.503041105213878348e-01
5.503041105213878348e-01
1.199999999999999956e+00
1.199999999999999956e+00
4.805838491658518397e-01
4.805838491658518397e-01
6.309453263813408208e-01
6.309453263813408208e-01
1.826929813245374845e-01
1.826929813245374845e-01
5.979677778045893594e-02
5.979677778045893594e-02
3.213870109994158564e-01
3.213870109994158564e-01
4.771738434627090242e-01
4.771738434627090242e-01
6.148559170039948896e-01
6.148559170039948896e-01
6.592278044506271195e-01
6.592278044506271195e-01
1.199999999999999956e+00
1.199999999999999956e+00
2.908119383375871725e-01
2.908119383375871725e-01
4.051621058710941359e-01
4.051621058710941359e-01
9.539822225526076171e-02
9.539822225526076171e-02
1.729672724386565885e-01
1.729672724386565885e-01
2.299600067510306975e-03
2.299600067510306975e-03
5.454571841171141910e-01
5.454571841171141910e-01
1.199999999999999956e+00
1.199999999999999956e+00
3.063992046988077700e-01
3.063992046988077700e-01
1.909304875785751143e-01
1.909304875785751143e-01
3.289206604698616254e-01
3.289206604698616254e-01
1.237517776774189615e-01
1.237517776774189615e-01
3.460165249743375054e-02
3.460165249743375054e-02
3.727747088701498929e-02
3.727747088701498929e-02
2.228860229035318496e-01
2.228860229035318496e-01
7.620417625263086192e-01
7.620417625263086192e-01
6.958509348034447317e-01
6.958509348034447317e-01
5.450395817017034128e-01
5.450395817017034128e-01
1.199999999999999956e+00
1.199999999999999956e+00
1.199999999999999956e+00
1.199999999999999956e+00
7.856468425198352354e-04
7.856468425198352354e-04
3.794690723499150597e-01
3.794690723499150597e-01
5.856891469225229407e-01
5.856891469225229407e-01
2.712726780114245728e-01
2.712726780114245728e-01
6.395847171413707732e-01
6.395847171413707732e-01
4.803214354242679729e-01
4.803214354242679729e-01
6.565711174689006224e-01
6.565711174689006224e-01
3.682708806131212292e-02
3.682708806131212292e-02
6.369474711175208970e-03
6.369474711175208970e-03
1.403506245056477808e-01
1.403506245056477808e-01
1.199999999999999956e+00
1.199999999999999956e+00
2.851748421200634431e-01
2.851748421200634431e-01
1.199999999999999956e+00
1.199999999999999956e+00
1.557575620339218259e-01
1.557575620339218259e-01
6.524714765659438143e-02
6.524714765659438143e-02
1.199999999999999956e+00
1.199999999999999956e+00
1.199999999999999956e+00
1.199999999999999956e+00
1.684286261644221128e-01
1.684286261644221128e-01
2.325733727455498931e-02
2.325733727455498931e-02
1.018465798052738958e-01
1.018465798052738958e-01
1.199999999999999956e+00
1.199999999999999956e+00
1.447805552149255930e-02
1.447805552149255930e-02
1.199999999999999956e+00
1.199999999999999956e+00
1.719432035397490399e-01
1.719432035397490399e-01
2.414282899759349066e-01
2.414282899759349066e-01
1.199999999999999956e+00
1.199999999999999956e+00
2.750012747229406418e-03
2.750012747229406418e-03
2.730391056075270884e-01
2.730391056075270884e-01
1.199999999999999956e+00
1.199999999999999956e+00
2.600363449742014721e-01
2.600363449742014721e-01
5.547571021215725873e-01
5.547571021215725873e-01
2.159070150629555929e-01
2.159070150629555929e-01
2.489376248329777386e-01
2.489376248329777386e-01
3.477063007717956511e-02
3.477063007717956511e-02
1.243349275826425154e-01
1.243349275826425154e-01
1.017296482407111652e-01
1.017296482407111652e-01
4.466068178252568521e-01
4.466068178252568521e-01
4.527358161630197220e-01
4.527358161630197220e-01
2.231049090765881981e-01
2.231049090765881981e-01
6.295193292266736129e-02
6.295193292266736129e-02
6.612870071396002025e-01
6.612870071396002025e-01
7.099108331830850105e-01
7.099108331830850105e-01
1.579220857065429251e-01
1.579220857065429251e-01
7.543458158621754901e-03
7.543458158621754901e-03
5.406260103597134714e-01
5.406260103597134714e-01
6.115589269256119231e-02
6.115589269256119231e-02
5.036388379660107217e-01
5.036388379660107217e-01
2.317551038038201117e-01
2.317551038038201117e-01
3.382448444091938344e-01
3.382448444091938344e-01
7.674072992312068742e-01
7.674072992312068742e-01
3.410826209624512328e-02
3.410826209624512328e-02
1.199999999999999956e+00
1.199999999999999956e+00
3.227541784135373737e-01
3.227541784135373737e-01
1.199999999999999956e+00
1.199999999999999956e+00
5.411796059251839514e-03
5.411796059251839514e-03
1.199999999999999956e+00
1.199999999999999956e+00
4.285825525291765692e-02
4.285825525291765692e-02
1.199999999999999956e+00
1.199999999999999956e+00
1.199999999999999956e+00
1.199999999999999956e+00
4.393470164721609561e-01
4.393470164721609561e-01
2.924677800911139047e-01
2.924677800911139047e-01
2.141808139104142694e-01
2.141808139104142694e-01
2.082881894812720347e-01
2.082881894812720347e-01
1.199999999999999956e+00
1.199999999999999956e+00
1.335363059436135424e-01
1.335363059436135424e-01
3.162090757284341525e-01
3.162090757284341525e-01
1.248520607437809127e-01
1.248520607437809127e-01
2.850709653216843553e-01
2.850709653216843553e-01
2.533040624460895507e-01
2.533040624460895507e-01
6.101589283293759047e-01
6.101589283293759047e-01
2.713943861131298263e-01
2.713943861131298263e-01
4.501740774566588832e-01
4.501740774566588832e-01
2.554136523388656488e-01
2.554136523388656488e-01
5.769265149455068409e-01
5.769265149455068409e-01
4.472640863537405420e-01
4.472640863537405420e-01
1.199999999999999956e+00
1.199999999999999956e+00
1.467051083478819185e-01
1.467051083478819185e-01
5.870491118300927291e-02
5.870491118300927291e-02
1.214359224552510885e-01
1.214359224552510885e-01
4.599119214265878219e-01
4.599119214265878219e-01
1.667260175461657834e-01
1.667260175461657834e-01
8.218519326895453725e-01
8.218519326895453725e-01
3.613359527725393816e-01
3.613359527725393816e-01
1.807182956801738627e-01
1.807182956801738627e-01
2.552058630462803457e-01
2.552058630462803457e-01
1.191875937410499686e+00
1.191875937410499686e+00
7.529494375195791012e-01
7.529494375195791012e-01
5.642535248180274854e-02
5.642535248180274854e-02
3.838564378350593082e-02
3.838564378350593082e-02
5.825348680685019792e-02
5.825348680685019792e-02
3.827743609190052774e-03
3.827743609190052774e-03
1.698606578651649379e-01
1.698606578651649379e-01
1.027311298421918206e-01
1.027311298421918206e-01
7.019788609071819785e-01
7.019788609071819785e-01
1.199999999999999956e+00
1.199999999999999956e+00
5.635421622627388716e-03
5.635421622627388716e-03
2.235301732686119092e-01
2.235301732686119092e-01
4.598957562749392824e-01
4.598957562749392824e-01
7.547547887142782574e-01
7.547547887142782574e-01
3.040817323148322163e-02
3.040817323148322163e-02
1.324137782435811650e-01
1.324137782435811650e-01
3.701806642966919969e-01
3.701806642966919969e-01
5.203830568001498458e-01
5.203830568001498458e-01
1.199999999999999956e+00
1.199999999999999956e+00
3.606519063282354054e-01
3.606519063282354054e-01
1.199999999999999956e+00
1.199999999999999956e+00
2.169843671723381273e-01
2.169843671723381273e-01
1.199999999999999956e+00
1.199999999999999956e+00
4.627654591263782868e-01
4.627654591263782868e-01
4.876795594215176388e-01
4.876795594215176388e-01
1.851908812970469720e-01
1.851908812970469720e-01
5.101512674328344543e-01
5.101512674328344543e-01
7.000161249696798538e-02
7.000161249696798538e-02
1.038160977218649528e-01
1.038160977218649528e-01
2.340476879375695818e-01
2.340476879375695818e-01
1.199999999999999956e+00
1.199999999999999956e+00
6.465932262862290614e-01
6.465932262862290614e-01
7.081699943387252671e-02
7.081699943387252671e-02
1.199999999999999956e+00
1.199999999999999956e+00
2.940887288682824882e-02
2.940887288682824882e-02
9.400121220504593644e-01
9.400121220504593644e-01
2.821162532150920765e-04
2.821162532150920765e-04
1.630259454364094834e-02
1.630259454364094834e-02
4.058443357873606772e-01
4.058443357873606772e-01
1.199999999999999956e+00
1.199999999999999956e+00
1.199999999999999956e+00
1.199999999999999956e+00
5.740457822778618491e-01
5.740457822778618491e-01
1.468474049229927525e-01
1.468474049229927525e-01
1.199999999999999956e+00
1.199999999999999956e+00
1.793054389708736707e-01
1.793054389708736707e-01
6.499679685859290901e-01
6.499679685859290901e-01
1.630746263568763899e-01
1.630746263568763899e-01
5.160891930183989645e-02
5.160891930183989645e-02
1.610571142632584996e-01
1.610571142632584996e-01
6.231111619005450519e-01
6.231111619005450519e-01
4.795435791755835453e-01
4.795435791755835453e-01
5.003449060682891858e-01
5.003449060682891858e-01
1.162734197388482910e-01
1.162734197388482910e-01
1.199999999999999956e+00
1.199999999999999956e+00
3.686229541790377873e-01
3.686229541790377873e-01
3.569209088808363017e-02
3.569209088808363017e-02
1.199999999999999956e+00
1.199999999999999956e+00
5.285921802851733381e-02
5.285921802851733381e-02
1.023686886723128575e-01
1.023686886723128575e-01
3.509807050801239114e-01
3.509807050801239114e-01
6.973644624355400667e-01
6.973644624355400667e-01
1.890780553445365886e-01
1.890780553445365886e-01
9.834216995509459380e-02
9.834216995509459380e-02
1.724165290584223076e-01
1.724165290584223076e-01
9.105733852488623326e-01
9.105733852488623326e-01
1.830098030013332933e-01
1.830098030013332933e-01
1.000119328996467438e-01
1.000119328996467438e-01
1.129520525469022985e-02
1.129520525469022985e-02
1.199999999999999956e+00
1.199999999999999956e+00
4.858778106696632904e-01
4.858778106696632904e-01
1.199999999999999956e+00
1.199999999999999956e+00
3.669649933937234043e-01
3.669649933937234043e-01
1.199999999999999956e+00
1.199999999999999956e+00
1.199999999999999956e+00
1.199999999999999956e+00
2.991342273565224530e-01
2.991342273565224530e-01
6.403695324844266290e-02
6.403695324844266290e-02
6.981523754591979491e-01
6.981523754591979491e-01
4.893103365524582582e-01
4.893103365524582582e-01
2.961274891254555564e-01
2.961274891254555564e-01
5.587785134054588099e-01
5.587785134054588099e-01
4.082436129671190850e-01
4.082436129671190850e-01
5.847521521047779336e-01
5.847521521047779336e-01
3.607631348747327715e-01
3.607631348747327715e-01
4.987358087361914993e-02
4.987358087361914993e-02
1.825970625748839227e-01
1.825970625748839227e-01
1.199999999999999956e+00
1.199999999999999956e+00
1.199999999999999956e+00
1.199999999999999956e+00
1.199999999999999956e+00
1.199999999999999956e+00
2.802691015390392226e-01
2.802691015390392226e-01
1.199999999999999956e+00
1.199999999999999956e+00
3.149354523675356177e-01
3.149354523675356177e-01
1.331261548719690768e-01
1.331261548719690768e-01
6.182951069798460209e-01
6.182951069798460209e-01
5.374393314623372442e-01
5.374393314623372442e-01
4.534195617223242269e-01
4.534195617223242269e-01
5.179651014822983512e-02
5.179651014822983512e-02
4.733507323609160711e-01
4.733507323609160711e-01
6.085491557270543694e-01
6.085491557270543694e-01
1.199999999999999956e+00
1.199999999999999956e+00
1.640203818017962334e-01
1.640203818017962334e-01
1.199999999999999956e+00
1.199999999999999956e+00
7.514074819219804247e-02
7.514074819219804247e-02
1.199999999999999956e+00
1.199999999999999956e+00
6.862207801106031679e-01
6.862207801106031679e-01
2.469698137157387910e-02
2.469698137157387910e-02
5.800271686002158589e-01
5.800271686002158589e-01
1.199999999999999956e+00
1.199999999999999956e+00
2.759439801410719650e-01
2.759439801410719650e-01
2.238700719616312229e-01
2.238700719616312229e-01
8.129626678219177560e-02
8.129626678219177560e-02
1.386585185338902459e-01
1.386585185338902459e-01
2.104955009773700481e-01
2.104955009773700481e-01
2.463621395199316888e-01
2.463621395199316888e-01
8.732059245221228672e-01
8.732059245221228672e-01
2.995160096064276578e-01
2.995160096064276578e-01
4.868505451967218289e-01
4.868505451967218289e-01
4.941749250119576442e-01
4.941749250119576442e-01
1.133112691737246103e-01
1.133112691737246103e-01
3.162535333687221256e-02
3.162535333687221256e-02
5.333783316206316405e-01
5.333783316206316405e-01
1.199999999999999956e+00
1.199999999999999956e+00
4.443501527886011826e-01
4.443501527886011826e-01
1.199999999999999956e+00
1.199999999999999956e+00
5.849723117746858936e-01
5.849723117746858936e-01
4.228359818899308370e-02
4.228359818899308370e-02
9.522896486590387566e-02
9.522896486590387566e-02
9.911137016727201710e-01
9.911137016727201710e-01
1.199999999999999956e+00
1.199999999999999956e+00
1.199999999999999956e+00
1.199999999999999956e+00
1.621161678375681592e-01
1.621161678375681592e-01
1.316183060809438844e-02
1.316183060809438844e-02
2.611723380706953979e-01
2.611723380706953979e-01
2.034827991051572915e-02
2.034827991051572915e-02
2.799446543064462167e-01
2.799446543064462167e-01
8.998002288138215454e-02
8.998002288138215454e-02
2.302830502028270498e-02
2.302830502028270498e-02
2.335286966432277220e-02
2.335286966432277220e-02
1.173153797628987693e-01
1.173153797628987693e-01
1.756185386349896072e-01
1.756185386349896072e-01
1.278293839239363905e-01
1.278293839239363905e-01
1.199999999999999956e+00
1.199999999999999956e+00
3.078681080260736169e-01
3.078681080260736169e-01
3.780536617627535678e-01
3.780536617627535678e-01
1.722844027975441727e-01
1.722844027975441727e-01
5.667653844878257630e-01
5.667653844878257630e-01
1.199999999999999956e+00
1.199999999999999956e+00
8.814585838691296749e-02
8.814585838691296749e-02
5.650243392156413524e-02
5.650243392156413524e-02
2.685865686321726176e-01
2.685865686321726176e-01
