2.583405785461233561e-01
2.583405785461233561e-01
1.516525129107884062e-01
1.516525129107884062e-01
2.486510075425941713e-01
2.486510075425941713e-01
5.412995946370613431e-01
5.412995946370613431e-01
1.199999999999999956e+00
1.199999999999999956e+00
4.191583223177393625e-01
4.191583223177393625e-01
1.199999999999999956e+00
1.199999999999999956e+00
1.199999999999999956e+00
1.199999999999999956e+00
8.371342166900435089e-01
8.371342166900435089e-01
5.831438738307366254e-01
5.831438738307366254e-01
8.331577591042507169e-01
8.331577591042507169e-01
2.963494638274663528e-01
2.963494638274663528e-01
3.587315969951974243e-02
3.587315969951974243e-02
5.536276186070975269e-01
5.536276186070975269e-01
1.317678943192231861e-03
1.317678943192231861e-03
4.429434026597929286e-01
4.429434026597929286e-01
1.199999999999999956e+00
1.199999999999999956e+00
2.133100589498188038e-02
2.133100589498188038e-02
6.772096298396214076e-01
6.772096298396214076e-01
1.696437366618152032e-01
1.696437366618152032e-01
7.727396151499653365e-02
7.727396151499653365e-02
1.199999999999999956e+00
1.199999999999999956e+00
5.153119333691246196e-01
5.153119333691246196e-01
2.106311147315895749e-01
2.106311147315895749e-01
1.992123551190582154e-01
1.992123551190582154e-01
2.481803663543993010e-01
2.481803663543993010e-01
2.114380886047831365e-01
2.114380886047831365e-01
3.253488916515322876e-02
3.253488916515322876e-02
1.199999999999999956e+00
1.199999999999999956e+00
4.316931407185482517e-01
4.316931407185482517e-01
8.092562295947243467e-02
8.092562295947243467e-02
1.199999999999999956e+00
1.199999999999999956e+00
1.199999999999999956e+00
1.199999999999999956e+00
6.599735119140073825e-02
6.599735119140073825e-02
1.199999999999999956e+00
1.199999999999999956e+00
1.976980834629447903e-01
1.976980834629447903e-01
6.542894557467726635e-02
6.542894557467726635e-02
1.276237475756097639e-01
1.276237475756097639e-01
3.253862611127154858e-02
3.253862611127154858e-02
6.097727477495693549e-01
6.097727477495693549e-01
6.901790388096959994e-01
6.901790388096959994e-01
8.252719626923153695e-02
8.252719626923153695e-02
4.230354656673985803e-01
4.230354656673985803e-01
1.776088871178693740e-01
1.776088871178693740e-01
3.566506794643347633e-01
3.566506794643347633e-01
4.073177011013298099e-01
4.073177011013298099e-01
1.199999999999999956e+00
1.199999999999999956e+00
1.557197916019150696e-01
1.557197916019150696e-01
1.915855762015765684e-01
1.915855762015765684e-01
5.493190543096512779e-02
5.493190543096512779e-02
7.106765544715608618e-01
7.106765544715608618e-01
3.758163219153394241e-01
3.758163219153394241e-01
1.199999999999999956e+00
1.199999999999999956e+00
3.513102380683021941e-01
3.513102380683021941e-01
4.263109957055686294e-01
4.263109957055686294e-01
1.199999999999999956e+00
1.199999999999999956e+00
1.199999999999999956e+00
1.199999999999999956e+00
1.199999999999999956e+00
1.199999999999999956e+00
2.282445015503546670e-01
2.282445015503546670e-01
2.456179700385022757e-01
2.456179700385022757e-01
2.641092689257470982e-01
2.641092689257470982e-01
1.199999999999999956e+00
1.199999999999999956e+00
1.387913444365873050e-01
1.387913444365873050e-01
2.702165053557210178e-02
2.702165053557210178e-02
9.311093727064700953e-02
9.311093727064700953e-02
1.199999999999999956e+00
1.199999999999999956e+00
4.431241815610482970e-02
4.431241815610482970e-02
1.568762688046764220e-01
1.568762688046764220e-01
1.199999999999999956e+00
1.199999999999999956e+00
4.347903863800220425e-02
4.347903863800220425e-02
6.724189636410417004e-01
6.724189636410417004e-01
1.199999999999999956e+00
1.199999999999999956e+00
6.358306789545434823e-01
6.358306789545434823e-01
2.070308160419245258e-01
2.070308160419245258e-01
1.199999999999999956e+00
1.199999999999999956e+00
1.199999999999999956e+00
1.199999999999999956e+00
6.365243683328418722e-01
6.365243683328418722e-01
1.276762914117495276e-02
1.276762914117495276e-02
1.080637540823864706e-01
1.080637540823864706e-01
1.569809262131844352e-01
1.569809262131844352e-01
3.223494482661910521e-01
3.223494482661910521e-01
1.889312990959067795e-01
1.889312990959067795e-01
1.199999999999999956e+00
1.199999999999999956e+00
6.171027271003368814e-02
6.171027271003368814e-02
1.199999999999999956e+00
1.199999999999999956e+00
5.200121548599955235e-01
5.200121548599955235e-01
1.199999999999999956e+00
1.199999999999999956e+00
2.230697246943001422e-01
2.230697246943001422e-01
2.599185944642115054e-01
2.599185944642115054e-01
1.199999999999999956e+00
1.199999999999999956e+00
2.558185727745270754e-01
2.558185727745270754e-01
1.199999999999999956e+00
1.199999999999999956e+00
8.799672414365383721e-02
8.799672414365383721e-02
1.875587518599938219e-01
1.875587518599938219e-01
3.684401448241421129e-01
3.684401448241421129e-01
1.805885567147161863e-01
1.805885567147161863e-01
3.115832557874735897e-01
3.115832557874735897e-01
1.931709463691799744e-01
1.931709463691799744e-01
4.007699565115017681e-01
4.007699565115017681e-01
2.061408110257742232e-01
2.061408110257742232e-01
2.154881627306508372e-03
2.154881627306508372e-03
4.477340786708076947e-02
4.477340786708076947e-02
1.523349749562269984e-01
1.523349749562269984e-01
2.630676382867699892e-01
2.630676382867699892e-01
1.246111563702274883e-01
1.246111563702274883e-01
3.543990442856042034e-01
3.543990442856042034e-01
7.216022731465869811e-01
7.216022731465869811e-01
1.199999999999999956e+00
1.199999999999999956e+00
1.199999999999999956e+00
1.199999999999999956e+00
2.010713936019425663e-01
2.010713936019425663e-01
4.321972710285174601e-01
4.321972710285174601e-01
9.485540689996782571e-02
9.485540689996782571e-02
4.598578041300103308e-02
4.598578041300103308e-02
1.220709801064170930e-01
1.220709801064170930e-01
4.542113644112754089e-01
4.542113644112754089e-01
2.973045166715033716e-01
2.973045166715033716e-01
1.199999999999999956e+00
1.199999999999999956e+00
5.332388708367038488e-01
5.332388708367038488e-01
9.355125876045046196e-01
9.355125876045046196e-01
1.450675463882748484e-01
1.450675463882748484e-01
5.241059706595273537e-01
5.241059706595273537e-01
1.578468573601899960e-01
1.578468573601899960e-01
2.988580894715854308e-01
2.988580894715854308e-01
1.199999999999999956e+00
1.199999999999999956e+00
5.896396678736118835e-01
5.896396678736118835e-01
1.780075092907315859e-01
1.780075092907315859e-01
3.367720040486024691e-02
3.367720040486024691e-02
3.807385942990349631e-02
3.807385942990349631e-02
4.531465358592243892e-02
4.531465358592243892e-02
9.061908286414198654e-01
9.061908286414198654e-01
5.522884333746447272e-01
5.522884333746447272e-01
4.252084724864675369e-01
4.252084724864675369e-01
1.199999999999999956e+00
1.199999999999999956e+00
1.199999999999999956e+00
1.199999999999999956e+00
5.551699879236944579e-02
5.551699879236944579e-02
1.199999999999999956e+00
1.199999999999999956e+00
1.510592412868684009e-01
1.510592412868684009e-01
9.183454334540266766e-04
9.183454334540266766e-04
4.321591179543429195e-01
4.321591179543429195e-01
1.199999999999999956e+00
1.199999999999999956e+00
3.131793600498269381e-01
3.131793600498269381e-01
2.740820183563757451e-01
2.740820183563757451e-01
1.814633913802529697e-01
1.814633913802529697e-01
3.487400533521264195e-02
3.487400533521264195e-02
1.199999999999999956e+00
1.199999999999999956e+00
1.199999999999999956e+00
1.199999999999999956e+00
1.199999999999999956e+00
1.199999999999999956e+00
4.965030037594710399e-01
4.965030037594710399e-01
8.962771370507192081e-01
8.962771370507192081e-01
1.199999999999999956e+00
1.199999999999999956e+00
1.199999999999999956e+00
1.199999999999999956e+00
4.811872638322289841e-01
4.811872638322289841e-01
4.180301592632620356e-01
4.180301592632620356e-01
4.986707606289245143e-02
4.986707606289245143e-02
4.486756291388586115e-01
4.486756291388586115e-01
3.295778192022759678e-01
3.295778192022759678e-01
2.221676277401350430e-01
2.221676277401350430e-01
5.999441417639430618e-01
5.999441417639430618e-01
4.382460235908793300e-01
4.382460235908793300e-01
3.758147188878052658e-01
3.758147188878052658e-01
2.578047757131172180e-01
2.578047757131172180e-01
4.040203841094327508e-01
4.040203841094327508e-01
3.217076701427766250e-01
3.217076701427766250e-01
1.199999999999999956e+00
1.199999999999999956e+00
7.536397704013808596e-01
7.536397704013808596e-01
3.134304258708262569e-01
3.134304258708262569e-01
3.915915154816009824e-01
3.915915154816009824e-01
1.931764038122732174e-01
1.931764038122732174e-01
3.434762602976435542e-01
3.434762602976435542e-01
8.440708698751095418e-02
8.440708698751095418e-02
1.199999999999999956e+00
1.199999999999999956e+00
3.494769969565526546e-01
3.494769969565526546e-01
7.436974345560275201e-02
7.436974345560275201e-02
1.199999999999999956e+00
1.199999999999999956e+00
8.690470820911205818e-02
8.690470820911205818e-02
1.732148363922456080e-01
1.732148363922456080e-01
3.434003904469136170e-01
3.434003904469136170e-01
1.039753252109637760e+00
1.039753252109637760e+00
1.049680997363325319e-01
1.049680997363325319e-01
2.562492820282081807e-01
2.562492820282081807e-01
6.898952844748884594e-01
6.898952844748884594e-01
6.570046017613810907e-01
6.570046017613810907e-01
1.199999999999999956e+00
1.199999999999999956e+00
4.236286148536084761e-01
4.236286148536084761e-01
1.199999999999999956e+00
1.199999999999999956e+00
5.463668151488519920e-01
5.463668151488519920e-01
5.635896059924243584e-01
5.635896059924243584e-01
3.970666836474605610e-01
3.970666836474605610e-01
1.199999999999999956e+00
1.199999999999999956e+00
1.199999999999999956e+00
1.199999999999999956e+00
1.650517920403750949e-01
1.650517920403750949e-01
6.688024012573063892e-01
6.688024012573063892e-01
4.737869296204350045e-02
4.737869296204350045e-02
3.997845104367693247e-01
3.997845104367693247e-01
8.976091826126972317e-02
8.976091826126972317e-02
1.199999999999999956e+00
1.199999999999999956e+00
6.359246393686992516e-01
6.359246393686992516e-01
1.199999999999999956e+00
1.199999999999999956e+00
2.646127194888688861e-01
2.646127194888688861e-01
8.446456541248394123e-02
8.446456541248394123e-02
5.067500642687589041e-01
5.067500642687589041e-01
2.562834737151746256e-01
2.562834737151746256e-01
4.993567257498385814e-01
4.993567257498385814e-01
3.839968784657740164e-01
3.839968784657740164e-01
6.674263199987836570e-01
6.674263199987836570e-01
1.199999999999999956e+00
1.199999999999999956e+00
1.199999999999999956e+00
1.199999999999999956e+00
4.346911937639381107e-01
4.346911937639381107e-01
2.475899013494933243e-01
2.475899013494933243e-01
2.899856803243391346e-01
2.899856803243391346e-01
1.199999999999999956e+00
1.199999999999999956e+00
6.837138844757463252e-01
6.837138844757463252e-01
7.751695246648625248e-02
7.751695246648625248e-02
6.457513763083720659e-02
6.457513763083720659e-02
1.199999999999999956e+00
1.199999999999999956e+00
1.199999999999999956e+00
1.199999999999999956e+00
7.354214595386010522e-01
7.354214595386010522e-01
6.281065042272373500e-01
6.281065042272373500e-01
1.199999999999999956e+00
1.199999999999999956e+00
5.856557464901787080e-01
5.856557464901787080e-01
3.877956126637103207e-01
3.877956126637103207e-01
2.056074588642213541e-01
2.056074588642213541e-01
1.745419335616967688e-02
1.745419335616967688e-02
4.976694048447618396e-02
4.976694048447618396e-02
5.442072351164659594e-01
5.442072351164659594e-01
1.147347970966896141e-01
1.147347970966896141e-01
1.199999999999999956e+00
1.199999999999999956e+00
5.091685744113908646e-02
5.091685744113908646e-02
1.199999999999999956e+00
1.199999999999999956e+00
4.171108939918314329e-01
4.171108939918314329e-01
1.663105472591737688e-01
1.663105472591737688e-01
3.527140308102194588e-01
3.527140308102194588e-01
3.453763533008522568e-01
3.453763533008522568e-01
1.199999999999999956e+00
1.199999999999999956e+00
9.908822726801297387e-02
9.908822726801297387e-02
1.108241055763461436e-01
1.108241055763461436e-01
4.651587202518670527e-01
4.651587202518670527e-01
1.920934823384924661e-01
1.920934823384924661e-01
2.887612984857745868e-01
2.887612984857745868e-01
2.487965023725539904e-01
2.487965023725539904e-01
2.304201959354180707e-01
2.304201959354180707e-01
2.320917412092402543e-01
2.320917412092402543e-01
3.833608002315337937e-01
3.833608002315337937e-01
1.646809820828676607e-01
1.646809820828676607e-01
1.199999999999999956e+00
1.199999999999999956e+00
3.500725660203595768e-01
3.500725660203595768e-01
3.617511845892266986e-02
3.617511845892266986e-02
3.529744141116086809e-01
3.529744141116086809e-01
9.884896948009731787e-02
9.884896948009731787e-02
4.211850216423473348e-01
4.211850216423473348e-01
6.762078934566874422e-02
6.762078934566874422e-02
7.871648727180753369e-01
7.871648727180753369e-01
2.152840986805410195e-01
2.152840986805410195e-01
1.199999999999999956e+00
1.199999999999999956e+00
1.952165863222709297e-01
1.952165863222709297e-01
4.091586910301711066e-01
4.091586910301711066e-01
1.199999999999999956e+00
1.199999999999999956e+00
1.199999999999999956e+00
1.199999999999999956e+00
1.199999999999999956e+00
1.199999999999999956e+00
5.466873985403680053e-02
5.466873985403680053e-02
4.806321964142334924e-01
4.806321964142334924e-01
9.332564874916424169e-02
9.332564874916424169e-02
1.199999999999999956e+00
1.199999999999999956e+00
3.275716084754376478e-01
3.275716084754376478e-01
5.195195516270183500e-01
5.195195516270183500e-01
2.251419624133347563e-01
2.251419624133347563e-01
6.058801373332622225e-02
6.058801373332622225e-02
1.350269521267777051e-01
1.350269521267777051e-01
4.213277450663179685e-02
4.213277450663179685e-02
2.640256334395953974e-01
2.640256334395953974e-01
3.775433492286822679e-01
3.775433492286822679e-01
1.199999999999999956e+00
1.199999999999999956e+00
1.199999999999999956e+00
1.199999999999999956e+00
1.675074061350474985e-01
1.675074061350474985e-01
3.773284638201487157e-02
3.773284638201487157e-02
1.077744470729818799e-01
1.077744470729818799e-01
1.235771226376974029e-02
1.235771226376974029e-02
5.830251061029778636e-01
5.830251061029778636e-01
1.199999999999999956e+00
1.199999999999999956e+00
7.469383099007269600e-01
7.469383099007269600e-01
1.516088767301467799e-01
1.516088767301467799e-01
3.848004772544090235e-01
3.848004772544090235e-01
1.199999999999999956e+00
1.199999999999999956e+00
9.720111292566607775e-02
9.720111292566607775e-02
8.007985879963231204e-03
8.007985879963231204e-03
1.400148449763337910e-01
1.400148449763337910e-01
1.199999999999999956e+00
1.199999999999999956e+00
8.878391925040457489e-02
8.878391925040457489e-02
4.629139307142471904e-01
4.629139307142471904e-01
1.199999999999999956e+00
1.199999999999999956e+00
9.429087078925854071e-01
9.429087078925854071e-01
3.792135239109715311e-02
3.792135239109715311e-02
1.715735877112888330e-01
1.715735877112888330e-01
5.946029406333487310e-01
5.946029406333487310e-01
3.184271466958707442e-02
3.184271466958707442e-02
2.906610993337128135e-01
2.906610993337128135e-01
2.823989964781843387e-01
2.823989964781843387e-01
1.199999999999999956e+00
1.199999999999999956e+00
1.199999999999999956e+00
1.199999999999999956e+00
1.138502059402836109e-01
1.138502059402836109e-01
1.199999999999999956e+00
1.199999999999999956e+00
9.523618160117974796e-02
9.523618160117974796e-02
3.837796296764619530e-01
3.837796296764619530e-01
9.384100323991539927e-01
9.384100323991539927e-01
4.098531001939994534e-01
4.098531001939994534e-01
4.071035123702475556e-01
4.071035123702475556e-01
2.474446548225337217e-01
2.474446548225337217e-01
1.432313879701829495e-01
1.432313879701829495e-01
1.309366212922640216e-01
1.309366212922640216e-01
3.740461948919491381e-02
3.740461948919491381e-02
1.199999999999999956e+00
1.199999999999999956e+00
1.199999999999999956e+00
1.199999999999999956e+00
1.793244120821249066e-01
1.793244120821249066e-01
5.330516330498314970e-01
5.330516330498314970e-01
6.606081393505982557e-01
6.606081393505982557e-01
6.145558313957935614e-02
6.145558313957935614e-02
2.030438220210891709e-01
2.030438220210891709e-01
2.822844510492710235e-01
2.822844510492710235e-01
1.199999999999999956e+00
1.199999999999999956e+00
1.199999999999999956e+00
1.199999999999999956e+00
1.199999999999999956e+00
1.199999999999999956e+00
5.693390107166256264e-01
5.693390107166256264e-01
1.560988577565722291e-01
1.560988577565722291e-01
6.147771978284123640e-03
6.147771978284123640e-03
6.241369111600056918e-01
6.241369111600056918e-01
8.054721504741069182e-01
8.054721504741069182e-01
6.111137894109226476e-01
6.111137894109226476e-01
3.635521239606724908e-01
3.635521239606724908e-01
2.953492094571741333e-02
2.953492094571741333e-02
8.568017260320535122e-01
8.568017260320535122e-01
1.749404161826562110e-01
1.749404161826562110e-01
4.818183399400237654e-01
4.818183399400237654e-01
2.217609547415433924e-01
2.217609547415433924e-01
4.681498195381591509e-01
4.681498195381591509e-01
2.607356824975903820e-01
2.607356824975903820e-01
1.780485202124587607e-02
1.780485202124587607e-02
7.399145653268265899e-02
7.399145653268265899e-02
1.449610791164844537e-01
1.449610791164844537e-01
3.524782601527656767e-01
3.524782601527656767e-01
1.199999999999999956e+00
1.199999999999999956e+00
3.228953939775994764e-01
3.228953939775994764e-01
6.788289248552157318e-01
6.788289248552157318e-01
1.199999999999999956e+00
1.199999999999999956e+00
3.932799963832857015e-01
3.932799963832857015e-01
1.199999999999999956e+00
1.199999999999999956e+00
3.717703638496582669e-02
3.717703638496582669e-02
5.110566588417014139e-02
5.110566588417014139e-02
7.041727887027706689e-01
7.041727887027706689e-01
2.428125207063010493e-01
2.428125207063010493e-01
1.199999999999999956e+00
1.199999999999999956e+00
1.199999999999999956e+00
1.199999999999999956e+00
2.337879446573716269e-01
2.337879446573716269e-01
4.980650065474357402e-01
4.980650065474357402e-01
1.994454840599097986e-02
1.994454840599097986e-02
2.060164794001586308e-01
2.060164794001586308e-01
4.448414349042661975e-01
4.448414349042661975e-01
1.199999999999999956e+00
1.199999999999999956e+00
2.572624688632749179e-01
2.572624688632749179e-01
8.668974579291287286e-02
8.668974579291287286e-02
1.199999999999999956e+00
1.199999999999999956e+00
4.731298910789502599e-01
4.731298910789502599e-01
5.629600835715926621e-01
5.629600835715926621e-01
1.199999999999999956e+00
1.199999999999999956e+00
7.981816006713002842e-01
7.981816006713002842e-01
1.374288916286510731e-01
1.374288916286510731e-01
3.284766949579420725e-01
3.284766949579420725e-01
1.199999999999999956e+00
1.199999999999999956e+00
8.176614747042697529e-01
8.176614747042697529e-01
3.166603740817262591e-01
3.166603740817262591e-01
1.690295116474256273e-02
1.690295116474256273e-02
3.757654778247547789e-01
3.757654778247547789e-01
4.234101931060574309e-01
4.234101931060574309e-01
1.199999999999999956e+00
1.199999999999999956e+00
1.133583550121886607e-01
1.133583550121886607e-01
1.541834480001630370e-01
1.541834480001630370e-01
4.830359317006197029e-01
4.830359317006197029e-01
1.199999999999999956e+00
1.199999999999999956e+00
1.323352373720296793e-01
1.323352373720296793e-01
1.199999999999999956e+00
1.199999999999999956e+00
4.851391133149233759e-01
4.851391133149233759e-01
2.639561227525901721e-01
2.639561227525901721e-01
2.454282831007675303e-01
2.454282831007675303e-01
4.077581108372418384e-01
4.077581108372418384e-01
3.644329976628314371e-01
3.644329976628314371e-01
1.199999999999999956e+00
1.199999999999999956e+00
1.199999999999999956e+00
1.199999999999999956e+00
2.643345015122244290e-01
2.643345015122244290e-01
5.120113146391086500e-01
5.120113146391086500e-01
1.199999999999999956e+00
1.199999999999999956e+00
4.581219526775678896e-02
4.581219526775678896e-02
3.318550204782304280e-02
3.318550204782304280e-02
4.928064018080658970e-01
4.928064018080658970e-01
3.443836520759215314e-01
3.443836520759215314e-01
8.707987519022973577e-02
8.707987519022973577e-02
4.068173891438343626e-01
4.068173891438343626e-01
5.140572035818660179e-01
5.140572035818660179e-01
3.869447179589531327e-01
3.869447179589531327e-01
5.181386489941920415e-01
5.181386489941920415e-01
6.905817491389418250e-02
6.905817491389418250e-02
2.564502264442121426e-02
2.564502264442121426e-02
1.199999999999999956e+00
1.199999999999999956e+00
3.159500974139267671e-01
3.159500974139267671e-01
1.132885415587496780e-01
1.132885415587496780e-01
1.641021408868607312e-01
1.641021408868607312e-01
7.207548572801910636e-01
7.207548572801910636e-01
1.199999999999999956e+00
1.199999999999999956e+00
1.249854368905962548e-01
1.249854368905962548e-01
1.107055337528693173e-01
1.107055337528693173e-01
4.153640338783949892e-01
4.153640338783949892e-01
5.398939539877013472e-01
5.398939539877013472e-01
1.199999999999999956e+00
1.199999999999999956e+00
1.199999999999999956e+00
1.199999999999999956e+00
7.619901395904333796e-01
7.619901395904333796e-01
4.727367924040135755e-02
4.727367924040135755e-02
2.306535088096946587e-02
2.306535088096946587e-02
1.474713507206897034e-01
1.474713507206897034e-01
5.265079564384068656e-01
5.265079564384068656e-01
3.957485607494504176e-01
3.957485607494504176e-01
4.010442850285733107e-01
4.010442850285733107e-01
1.711585145242729422e-01
1.711585145242729422e-01
1.199999999999999956e+00
1.199999999999999956e+00
1.199999999999999956e+00
1.199999999999999956e+00
2.933391299110578165e-01
2.933391299110578165e-01
1.199999999999999956e+00
1.199999999999999956e+00
1.199999999999999956e+00
1.199999999999999956e+00
1.199999999999999956e+00
1.199999999999999956e+00
7.834677752783187898e-01
7.834677752783187898e-01
1.199999999999999956e+00
1.199999999999999956e+00
1.790717269523975086e-01
1.790717269523975086e-01
5.121193862810965447e-01
5.121193862810965447e-01
1.821768211764471235e-01
1.821768211764471235e-01
1.199999999999999956e+00
1.199999999999999956e+00
9.018540353172985191e-02
9.018540353172985191e-02
1.199999999999999956e+00
1.199999999999999956e+00
6.493816715440003939e-01
6.493816715440003939e-01
5.957969794608869440e-01
5.957969794608869440e-01
3.697526266523513683e-01
3.697526266523513683e-01
6.366503187738749292e-02
6.366503187738749292e-02
4.172475046719633512e-02
4.172475046719633512e-02
6.978446719549370458e-01
6.978446719549370458e-01
4.648598979371474371e-01
4.648598979371474371e-01
5.649882637037206834e-01
5.649882637037206834e-01
2.857048841587249421e-02
2.857048841587249421e-02
1.199999999999999956e+00
1.199999999999999956e+00
1.053806686360757028e-01
1.053806686360757028e-01
3.534770104801658874e-01
3.534770104801658874e-01
1.098594838626467229e+00
1.098594838626467229e+00
2.663069458687921109e-01
2.663069458687921109e-01
9.683528860260220972e-02
9.683528860260220972e-02
1.664587694117992678e-01
1.664587694117992678e-01
1.814029037038684122e-01
1.814029037038684122e-01
1.257686268064840684e-01
1.257686268064840684e-01
7.652836768636951670e-02
7.652836768636951670e-02
4.499013426174574420e-02
4.499013426174574420e-02
1.325407903451701341e-01
1.325407903451701341e-01
2.172484452023766277e-01
2.172484452023766277e-01
1.199999999999999956e+00
1.199999999999999956e+00
1.415029928762291112e-01
1.415029928762291112e-01
5.689519065779179846e-02
5.689519065779179846e-02
4.386181878749076946e-01
4.386181878749076946e-01
1.814635493014971901e-01
1.814635493014971901e-01
5.348043074470043567e-01
5.348043074470043567e-01
7.567789090404186680e-01
7.567789090404186680e-01
2.014178670114366923e-02
2.014178670114366923e-02
1.913372173490241190e-01
1.913372173490241190e-01
1.199999999999999956e+00
1.199999999999999956e+00
1.516727111898356628e-01
1.516727111898356628e-01
3.406094657982081109e-01
3.406094657982081109e-01
4.058736950592289894e-02
4.058736950592289894e-02
2.519910320789048863e-01
2.519910320789048863e-01
1.199999999999999956e+00
1.199999999999999956e+00
1.199999999999999956e+00
1.199999999999999956e+00
1.199999999999999956e+00
1.199999999999999956e+00
3.489698071405921559e-02
3.489698071405921559e-02
6.307671404789376712e-01
6.307671404789376712e-01
2.151328546837451006e-01
2.151328546837451006e-01
5.540958909412451172e-01
5.540958909412451172e-01
8.405082266339909680e-02
8.405082266339909680e-02
2.011638808593396721e-01
2.011638808593396721e-01
1.199999999999999956e+00
1.199999999999999956e+00
6.657611557305257444e-01
6.657611557305257444e-01
7.024665681779360127e-02
7.024665681779360127e-02
5.195590416474365342e-02
5.195590416474365342e-02
1.199999999999999956e+00
1.199999999999999956e+00
4.387200720615434119e-02
4.387200720615434119e-02
1.199999999999999956e+00
1.199999999999999956e+00
1.199999999999999956e+00
1.199999999999999956e+00
2.136410127045457186e-01
2.136410127045457186e-01
7.120915302116626044e-02
7.120915302116626044e-02
1.068776668989186440e-01
1.068776668989186440e-01
8.240274085885300748e-01
8.240274085885300748e-01
3.406629375206207122e-01
3.406629375206207122e-01
6.574995187060896917e-01
6.574995187060896917e-01
2.085617816183031603e-02
2.085617816183031603e-02
5.052848461042526163e-01
5.052848461042526163e-01
3.053100977439365260e-01
3.053100977439365260e-01
6.584647320860431696e-01
6.584647320860431696e-01
5.884417968580639702e-01
5.884417968580639702e-01
1.199999999999999956e+00
1.199999999999999956e+00
1.199999999999999956e+00
1.199999999999999956e+00
2.885204496242927963e-01
2.885204496242927963e-01
1.702388155718407847e-01
1.702388155718407847e-01
4.072739404982425593e-02
4.072739404982425593e-02
3.652745363454781291e-01
3.652745363454781291e-01
4.477537192416856660e-01
4.477537192416856660e-01
3.377519127492423778e-01
3.377519127492423778e-01
1.199999999999999956e+00
1.199999999999999956e+00
1.038027793598031157e-01
1.038027793598031157e-01
2.405255478768421884e-01
2.405255478768421884e-01
4.520736119712023826e-02
4.520736119712023826e-02
1.182049012037843516e+00
1.182049012037843516e+00
1.199999999999999956e+00
1.199999999999999956e+00
1.199999999999999956e+00
1.199999999999999956e+00
2.906354836690760446e-01
2.906354836690760446e-01
7.497464291956494609e-02
7.497464291956494609e-02
3.527944854433959221e-01
3.527944854433959221e-01
2.335158236302357915e-02
2.335158236302357915e-02
1.199999999999999956e+00
1.199999999999999956e+00
2.113072879056004383e-01
2.113072879056004383e-01
1.483500010772702271e-01
1.483500010772702271e-01
2.039758212790858671e-01
2.039758212790858671e-01
5.479410373650998034e-01
5.479410373650998034e-01
1.199999999999999956e+00
1.199999999999999956e+00
3.984315654148871122e-01
3.984315654148871122e-01
2.896897765564057647e-01
2.896897765564057647e-01
2.740303894829607678e-01
2.740303894829607678e-01
2.258370229752992009e-01
2.258370229752992009e-01
1.199999999999999956e+00
1.199999999999999956e+00
1.233102544585323035e-01
1.233102544585323035e-01
1.776654664361588809e-01
1.776654664361588809e-01
5.087676691987317312e-01
5.087676691987317312e-01
3.359738637376457060e-01
3.359738637376457060e-01
5.111451297577259689e-01
5.111451297577259689e-01
5.583892381631160289e-04
5.583892381631160289e-04
3.125002682698101442e-01
3.125002682698101442e-01
3.067345154743039357e-02
3.067345154743039357e-02
2.161518281637858641e-01
2.161518281637858641e-01
2.405219413804201012e-01
2.405219413804201012e-01
1.199999999999999956e+00
1.199999999999999956e+00
4.655202891612066907e-01
4.655202891612066907e-01
3.620027936548377845e-01
3.620027936548377845e-01
6.258054425652455066e-01
6.258054425652455066e-01
6.733096211258701169e-01
6.733096211258701169e-01
1.199999999999999956e+00
1.199999999999999956e+00
9.797992986399833848e-02
9.797992986399833848e-02
6.534153354118577006e-02
6.534153354118577006e-02
8.330723645657672760e-02
8.330723645657672760e-02
5.312177855745264798e-01
5.312177855745264798e-01
1.106758078160599013e-01
1.106758078160599013e-01
6.131570826839720656e-01
6.131570826839720656e-01
5.725705571579210729e-02
5.725705571579210729e-02
6.289185352126504258e-02
6.289185352126504258e-02
2.914295414812402910e-02
2.914295414812402910e-02
1.199999999999999956e+00
1.199999999999999956e+00
1.199999999999999956e+00
1.199999999999999956e+00
3.697069780283119278e-01
3.697069780283119278e-01
1.688634049477546473e-01
1.688634049477546473e-01
3.158813658129380753e-01
3.158813658129380753e-01
1.199999999999999956e+00
1.199999999999999956e+00
3.952046504444142183e-01
3.952046504444142183e-01
6.068681106179680818e-01
6.068681106179680818e-01
3.347486111961860966e-01
3.347486111961860966e-01
1.199999999999999956e+00
1.199999999999999956e+00
6.219960930290985290e-01
6.219960930290985290e-01
1.199999999999999956e+00
1.199999999999999956e+00
1.199999999999999956e+00
1.199999999999999956e+00
3.641093177274372095e-01
3.641093177274372095e-01
1.199999999999999956e+00
1.199999999999999956e+00
2.644540005013092110e-02
2.644540005013092110e-02
4.104984111270153502e-01
4.104984111270153502e-01
1.199999999999999956e+00
1.199999999999999956e+00
2.404046313428172960e-02
2.404046313428172960e-02
4.379757151871204179e-01
4.379757151871204179e-01
3.074300330712372853e-01
3.074300330712372853e-01
5.476007073655638768e-01
5.476007073655638768e-01
3.508880932256970286e-01
3.508880932256970286e-01
2.078825273921872108e-01
2.078825273921872108e-01
8.391588901376970111e-02
8.391588901376970111e-02
1.199999999999999956e+00
1.199999999999999956e+00
1.199999999999999956e+00
1.199999999999999956e+00
4.401307561122195233e-01
4.401307561122195233e-01
4.211063306668362261e-01
4.211063306668362261e-01
2.264191280063794220e-01
2.264191280063794220e-01
7.362629153540227733e-01
7.362629153540227733e-01
6.745368755833586194e-02
6.745368755833586194e-02
3.213837469663783919e-01
3.213837469663783919e-01
1.698693721056081934e-02
1.698693721056081934e-02
1.376973655356145132e-01
1.376973655356145132e-01
1.199999999999999956e+00
1.199999999999999956e+00
2.654908145809542486e-02
2.654908145809542486e-02
3.534888466291771225e-01
3.534888466291771225e-01
3.201910181672722455e-01
3.201910181672722455e-01
3.928388214210685181e-01
3.928388214210685181e-01
5.805410908834303108e-01
5.805410908834303108e-01
1.526320920338047615e-01
1.526320920338047615e-01
5.705126225028867015e-01
5.705126225028867015e-01
2.343476228916634152e-02
2.343476228916634152e-02
3.953242793401376964e-01
3.953242793401376964e-01
1.199999999999999956e+00
1.199999999999999956e+00
2.445854269590554686e-01
2.445854269590554686e-01
4.691146737452236981e-01
4.691146737452236981e-01
1.199999999999999956e+00
1.199999999999999956e+00
1.637356337125503089e-02
1.637356337125503089e-02
1.199999999999999956e+00
1.199999999999999956e+00
1.199999999999999956e+00
1.199999999999999956e+00
2.642987526320949576e-01
2.642987526320949576e-01
1.620336178465074106e-01
1.620336178465074106e-01
3.048307774423364425e-01
3.048307774423364425e-01
4.250342943589323075e-01
4.250342943589323075e-01
1.199999999999999956e+00
1.199999999999999956e+00
2.310904066424643855e-01
2.310904066424643855e-01
1.259489685291869943e-01
1.259489685291869943e-01
3.000069061369537438e-01
3.000069061369537438e-01
3.110848827049013110e-01
3.110848827049013110e-01
5.239703798099618615e-01
5.239703798099618615e-01
1.199999999999999956e+00
1.199999999999999956e+00
5.694909518745195909e-01
5.694909518745195909e-01
5.836163611163981413e-01
5.836163611163981413e-01
5.583243107014580486e-01
5.583243107014580486e-01
1.199999999999999956e+00
1.199999999999999956e+00
2.772708580552725732e-01
2.772708580552725732e-01
5.074633038560971698e-01
5.074633038560971698e-01
4.411403565496987977e-01
4.411403565496987977e-01
1.199999999999999956e+00
1.199999999999999956e+00
6.840111324502314849e-01
6.840111324502314849e-01
5.114128761045548810e-01
5.114128761045548810e-01
2.931015128309810702e-01
2.931015128309810702e-01
2.475122790921912008e-01
2.475122790921912008e-01
6.454657546196176376e-01
6.454657546196176376e-01
3.257028645692294222e-01
3.257028645692294222e-01
7.974440374088846983e-01
7.974440374088846983e-01
4.609718264210647121e-01
4.609718264210647121e-01
1.061575746563551415e-01
1.061575746563551415e-01
1.199999999999999956e+00
1.199999999999999956e+00
4.247574058725980262e-01
4.247574058725980262e-01
3.754151176854183536e-01
3.754151176854183536e-01
1.199999999999999956e+00
1.199999999999999956e+00
6.511348624995174639e-01
6.511348624995174639e-01
2.205543564822992075e-01
2.205543564822992075e-01
1.806203438788376095e-02
1.806203438788376095e-02
1.199999999999999956e+00
1.199999999999999956e+00
1.199999999999999956e+00
1.199999999999999956e+00
1.582136870227346392e-01
1.582136870227346392e-01
2.506348094965319961e-01
2.506348094965319961e-01
1.584417881897516311e-01
1.584417881897516311e-01
8.865953452633915793e-03
8.865953452633915793e-03
5.906403798223618384e-01
5.906403798223618384e-01
1.744451047585079406e-01
1.744451047585079406e-01
1.199999999999999956e+00
1.199999999999999956e+00
1.420739309725387034e-02
1.420739309725387034e-02
1.643369343897651547e-01
1.643369343897651547e-01
4.946653828262904118e-01
4.946653828262904118e-01
1.781174989274823539e-01
1.781174989274823539e-01
2.288124008532699816e-01
2.288124008532699816e-01
1.199999999999999956e+00
1.199999999999999956e+00
2.318493733499307416e-02
2.318493733499307416e-02
1.929571922473806156e-01
1.929571922473806156e-01
1.404908707974609205e-01
1.404908707974609205e-01
9.180063709574448616e-02
9.180063709574448616e-02
6.450196079877525968e-01
6.450196079877525968e-01
4.010850366503461162e-01
4.010850366503461162e-01
2.777793775433110013e-01
2.777793775433110013e-01
4.052548530477084743e-01
4.052548530477084743e-01
1.508814779236131720e-01
1.508814779236131720e-01
3.060990732911159085e-01
3.060990732911159085e-01
2.181889959012378033e-01
2.181889959012378033e-01
4.336859427999976702e-01
4.336859427999976702e-01
3.051076063117655890e-01
3.051076063117655890e-01
1.801093757242961946e-01
1.801093757242961946e-01
6.109958464338491879e-01
6.109958464338491879e-01
1.929807198743936081e-01
1.929807198743936081e-01
2.279254891711927078e-01
2.279254891711927078e-01
9.382330865512737705e-02
9.382330865512737705e-02
4.738759597331806961e-02
4.738759597331806961e-02
9.662481100460235117e-02
9.662481100460235117e-02
1.148048225838297354e+00
1.148048225838297354e+00
1.323996166145715303e-01
1.323996166145715303e-01
5.209593289736974553e-01
5.209593289736974553e-01
1.342163120832050027e-01
1.342163120832050027e-01
1.312612490336659554e-01
1.312612490336659554e-01
1.199999999999999956e+00
1.199999999999999956e+00
6.073817777172254573e-01
6.073817777172254573e-01
4.788101309988743864e-02
4.788101309988743864e-02
1.199999999999999956e+00
1.199999999999999956e+00
2.660475970716089655e-01
2.660475970716089655e-01
1.669281953022160592e-01
1.669281953022160592e-01
3.584497234202861371e-01
3.584497234202861371e-01
5.305916480394732293e-01
5.305916480394732293e-01
9.833443715535931939e-02
9.833443715535931939e-02
2.792011359234836121e-01
2.792011359234836121e-01
9.705191097334937844e-02
9.705191097334937844e-02
2.898555547189817783e-01
2.898555547189817783e-01
4.064397542678849749e-03
4.064397542678849749e-03
1.621718137584946817e-01
1.621718137584946817e-01
2.787039992043698344e-01
2.787039992043698344e-01
4.011981069637302055e-01
4.011981069637302055e-01
1.879107235407014576e-01
1.879107235407014576e-01
4.700657847141494483e-01
4.700657847141494483e-01
5.493442747213753696e-01
5.493442747213753696e-01
1.958446904425236168e-01
1.958446904425236168e-01
5.361727981421738898e-01
5.361727981421738898e-01
1.349136006117439002e-01
1.349136006117439002e-01
1.237986151209192615e-01
1.237986151209192615e-01
1.072567120433954857e-01
1.072567120433954857e-01
3.535899738603485304e-02
3.535899738603485304e-02
3.620191851180611931e-01
3.620191851180611931e-01
8.851930791219088379e-02
8.851930791219088379e-02
4.437550958451063621e-01
4.437550958451063621e-01
1.199999999999999956e+00
1.199999999999999956e+00
3.115088494077869127e-02
3.115088494077869127e-02
4.477800818352350998e-01
4.477800818352350998e-01
5.916147947545585817e-02
5.916147947545585817e-02
2.449513362804745520e-01
2.449513362804745520e-01
2.349264874964143712e-01
2.349264874964143712e-01
7.814623066820930442e-02
7.814623066820930442e-02
1.199999999999999956e+00
1.199999999999999956e+00
3.363647681069548145e-01
3.363647681069548145e-01
8.140959633081616964e-01
8.140959633081616964e-01
3.006625296235273040e-02
3.006625296235273040e-02
1.199999999999999956e+00
1.199999999999999956e+00
1.199999999999999956e+00
1.199999999999999956e+00
1.647024093928322330e-01
1.647024093928322330e-01
4.527735446134947828e-01
4.527735446134947828e-01
3.981221441812584083e-01
3.981221441812584083e-01
1.048361510008193193e-01
1.048361510008193193e-01
4.105153691901224089e-02
4.105153691901224089e-02
1.359162840281338824e-01
1.359162840281338824e-01
1.199999999999999956e+00
1.199999999999999956e+00
2.507951927416974258e-01
2.507951927416974258e-01
7.135480471936060942e-01
7.135480471936060942e-01
1.199999999999999956e+00
1.199999999999999956e+00
4.621792712839635844e-03
4.621792712839635844e-03
3.288668221999763164e-02
3.288668221999763164e-02
6.038907433858267670e-02
6.038907433858267670e-02
1.584794507254471685e-01
1.584794507254471685e-01
2.549112946684212733e-01
2.549112946684212733e-01
