1.199999999999999956e+00
1.199999999999999956e+00
2.221304973059707588e-01
2.221304973059707588e-01
2.143468275971091019e-01
2.143468275971091019e-01
1.896311709428895320e-01
1.896311709428895320e-01
1.603831788971174233e-01
1.603831788971174233e-01
8.230269544954460503e-02
8.230269544954460503e-02
4.951992651936820145e-01
4.951992651936820145e-01
2.291982796816320889e-01
2.291982796816320889e-01
1.199999999999999956e+00
1.199999999999999956e+00
7.064444477129094846e-01
7.064444477129094846e-01
1.199999999999999956e+00
1.199999999999999956e+00
4.782803683955048624e-01
4.782803683955048624e-01
7.898822370606644050e-01
7.898822370606644050e-01
1.199999999999999956e+00
1.199999999999999956e+00
1.199999999999999956e+00
1.199999999999999956e+00
3.848913014603441707e-01
3.848913014603441707e-01
4.269541419793822512e-01
4.269541419793822512e-01
6.245709963837947631e-02
6.245709963837947631e-02
3.187415757552747309e-01
3.187415757552747309e-01
1.199999999999999956e+00
1.199999999999999956e+00
5.475371253927090454e-01
5.475371253927090454e-01
5.125930393717889055e-01
5.125930393717889055e-01
5.767213306687115626e-01
5.767213306687115626e-01
3.175734061868181191e-01
3.175734061868181191e-01
3.797717186954603363e-01
3.797717186954603363e-01
1.199999999999999956e+00
1.199999999999999956e+00
2.518506498362636514e-01
2.518506498362636514e-01
1.199999999999999956e+00
1.199999999999999956e+00
6.283316957700214866e-02
6.283316957700214866e-02
5.560008086382297599e-01
5.560008086382297599e-01
5.122460656851618443e-01
5.122460656851618443e-01
1.199999999999999956e+00
1.199999999999999956e+00
1.199999999999999956e+00
1.199999999999999956e+00
2.731430698395453383e-01
2.731430698395453383e-01
1.199999999999999956e+00
1.199999999999999956e+00
3.715125442503074971e-01
3.715125442503074971e-01
2.349196357600907836e-01
2.349196357600907836e-01
4.176422452294861754e-01
4.176422452294861754e-01
8.609624565465739954e-02
8.609624565465739954e-02
1.199999999999999956e+00
1.199999999999999956e+00
1.199999999999999956e+00
1.199999999999999956e+00
4.213676986728169260e-01
4.213676986728169260e-01
5.756606916946086644e-02
5.756606916946086644e-02
5.768915671248231458e-01
5.768915671248231458e-01
2.179004088540275608e-01
2.179004088540275608e-01
1.199999999999999956e+00
1.199999999999999956e+00
9.617069521451547809e-01
9.617069521451547809e-01
4.401272809048179524e-01
4.401272809048179524e-01
3.065723335095862367e-01
3.065723335095862367e-01
2.820312522028880706e-02
2.820312522028880706e-02
1.199999999999999956e+00
1.199999999999999956e+00
3.157738560895265167e-01
3.157738560895265167e-01
1.199999999999999956e+00
1.199999999999999956e+00
3.979839491783406791e-01
3.979839491783406791e-01
1.199999999999999956e+00
1.199999999999999956e+00
1.665242576464442958e-01
1.665242576464442958e-01
5.696460972983661275e-01
5.696460972983661275e-01
5.065364347528332756e-01
5.065364347528332756e-01
2.685820360943175916e-02
2.685820360943175916e-02
4.786140890760194333e-01
4.786140890760194333e-01
1.199999999999999956e+00
1.199999999999999956e+00
3.384239563610364626e-02
3.384239563610364626e-02
1.752653080479144310e-01
1.752653080479144310e-01
1.199999999999999956e+00
1.199999999999999956e+00
1.199999999999999956e+00
1.199999999999999956e+00
6.380895850748802278e-01
6.380895850748802278e-01
6.550237424299054645e-01
6.550237424299054645e-01
1.199999999999999956e+00
1.199999999999999956e+00
1.878712426059819807e-01
1.878712426059819807e-01
4.788301565410990057e-01
4.788301565410990057e-01
1.932757888297678139e-01
1.932757888297678139e-01
8.276098678478206461e-01
8.276098678478206461e-01
1.353239527110574464e-02
1.353239527110574464e-02
2.627938296437314358e-01
2.627938296437314358e-01
3.194066726231754028e-01
3.194066726231754028e-01
1.199999999999999956e+00
1.199999999999999956e+00
3.383082637631714129e-01
3.383082637631714129e-01
1.851110914575768707e-01
1.851110914575768707e-01
4.720829732860326589e-01
4.720829732860326589e-01
6.674720383727557049e-01
6.674720383727557049e-01
9.604148767220299643e-02
9.604148767220299643e-02
1.199999999999999956e+00
1.199999999999999956e+00
2.146901893576248777e-01
2.146901893576248777e-01
8.578363206687159015e-03
8.578363206687159015e-03
4.263626356071814616e-01
4.263626356071814616e-01
1.199999999999999956e+00
1.199999999999999956e+00
4.380852086061127193e-01
4.380852086061127193e-01
9.622041771872709426e-02
9.622041771872709426e-02
1.356915295208188932e-01
1.356915295208188932e-01
1.199999999999999956e+00
1.199999999999999956e+00
5.863353452049852033e-01
5.863353452049852033e-01
6.169072979178724658e-01
6.169072979178724658e-01
1.096351925206781319e-01
1.096351925206781319e-01
5.543261361503412643e-02
5.543261361503412643e-02
1.371406609216723471e-01
1.371406609216723471e-01
4.417070554960157991e-01
4.417070554960157991e-01
9.375728397482423204e-02
9.375728397482423204e-02
1.199999999999999956e+00
1.199999999999999956e+00
1.199999999999999956e+00
1.199999999999999956e+00
6.450344521723079261e-01
6.450344521723079261e-01
1.199999999999999956e+00
1.199999999999999956e+00
4.710056915679002865e-01
4.710056915679002865e-01
1.199999999999999956e+00
1.199999999999999956e+00
1.566446313313614794e-02
1.566446313313614794e-02
1.186023626581879653e-01
1.186023626581879653e-01
2.369769380200783260e-01
2.369769380200783260e-01
1.199999999999999956e+00
1.199999999999999956e+00
2.890451997067374282e-02
2.890451997067374282e-02
1.199999999999999956e+00
1.199999999999999956e+00
1.642024468883939992e-01
1.642024468883939992e-01
1.199999999999999956e+00
1.199999999999999956e+00
3.401858606309510202e-01
3.401858606309510202e-01
1.199999999999999956e+00
1.199999999999999956e+00
1.199999999999999956e+00
1.199999999999999956e+00
1.461249728376144696e-01
1.461249728376144696e-01
1.861702963273762501e-01
1.861702963273762501e-01
3.145457409324722287e-01
3.145457409324722287e-01
1.199999999999999956e+00
1.199999999999999956e+00
7.725518685872487801e-01
7.725518685872487801e-01
6.205107628086040661e-01
6.205107628086040661e-01
1.199999999999999956e+00
1.199999999999999956e+00
3.725607668001002515e-01
3.725607668001002515e-01
1.636626197332470209e-02
1.636626197332470209e-02
2.624689054626096474e-01
2.624689054626096474e-01
1.199999999999999956e+00
1.199999999999999956e+00
5.988723530424888697e-01
5.988723530424888697e-01
1.199999999999999956e+00
1.199999999999999956e+00
1.199999999999999956e+00
1.199999999999999956e+00
8.887106803071050942e-01
8.887106803071050942e-01
1.199999999999999956e+00
1.199999999999999956e+00
4.420519016954979619e-01
4.420519016954979619e-01
6.403493042772435972e-02
6.403493042772435972e-02
1.199999999999999956e+00
1.199999999999999956e+00
1.978575270445892542e-01
1.978575270445892542e-01
1.225965056777909568e-01
1.225965056777909568e-01
1.199999999999999956e+00
1.199999999999999956e+00
4.439526163862383967e-02
4.439526163862383967e-02
1.074318502425374161e-01
1.074318502425374161e-01
1.199999999999999956e+00
1.199999999999999956e+00
5.908956443582251694e-01
5.908956443582251694e-01
8.189477795823210116e-01
8.189477795823210116e-01
1.588129890958563939e-01
1.588129890958563939e-01
1.199999999999999956e+00
1.199999999999999956e+00
4.150950195376681418e-01
4.150950195376681418e-01
2.048853795088745877e-01
2.048853795088745877e-01
1.334259239803646524e-01
1.334259239803646524e-01
1.199999999999999956e+00
1.199999999999999956e+00
3.650924915535557203e-01
3.650924915535557203e-01
5.039705163828304135e-01
5.039705163828304135e-01
1.199999999999999956e+00
1.199999999999999956e+00
8.269605848759655764e-01
8.269605848759655764e-01
1.859207401492825318e-01
1.859207401492825318e-01
4.378523959496063989e-02
4.378523959496063989e-02
9.937461873004471702e-01
9.937461873004471702e-01
2.572961961684983034e-01
2.572961961684983034e-01
5.271963502144736413e-01
5.271963502144736413e-01
5.707321014162755057e-01
5.707321014162755057e-01
1.165133136453784524e-02
1.165133136453784524e-02
2.887973316581894379e-01
2.887973316581894379e-01
7.676762453368786154e-01
7.676762453368786154e-01
4.466619471211280556e-01
4.466619471211280556e-01
2.644414780663709164e-01
2.644414780663709164e-01
7.393793532812565905e-01
7.393793532812565905e-01
1.261929208495407850e-01
1.261929208495407850e-01
2.093129685537880036e-01
2.093129685537880036e-01
3.938401571786256938e-02
3.938401571786256938e-02
1.199999999999999956e+00
1.199999999999999956e+00
1.630619184829971147e-01
1.630619184829971147e-01
8.262607815482138074e-01
8.262607815482138074e-01
7.736080317888119895e-01
7.736080317888119895e-01
1.199999999999999956e+00
1.199999999999999956e+00
5.595132812755470031e-01
5.595132812755470031e-01
1.199999999999999956e+00
1.199999999999999956e+00
1.199999999999999956e+00
1.199999999999999956e+00
4.136699645926252278e-01
4.136699645926252278e-01
1.475902969143652044e-01
1.475902969143652044e-01
1.199999999999999956e+00
1.199999999999999956e+00
1.884009418709813588e-01
1.884009418709813588e-01
1.004830022270275292e+00
1.004830022270275292e+00
3.353957090494683602e-01
3.353957090494683602e-01
3.831744629311334971e-01
3.831744629311334971e-01
7.771937046033699018e-03
7.771937046033699018e-03
1.468240050711084980e-02
1.468240050711084980e-02
1.199999999999999956e+00
1.199999999999999956e+00
4.567389939706560376e-01
4.567389939706560376e-01
1.199999999999999956e+00
1.199999999999999956e+00
2.825597512432096448e-01
2.825597512432096448e-01
1.199999999999999956e+00
1.199999999999999956e+00
1.926849644403624273e-01
1.926849644403624273e-01
1.336606769915686492e-03
1.336606769915686492e-03
3.522725939314996779e-01
3.522725939314996779e-01
1.219885532122273741e-01
1.219885532122273741e-01
5.324873692393657931e-01
5.324873692393657931e-01
6.709851863939801653e-02
6.709851863939801653e-02
1.525189257512079011e-01
1.525189257512079011e-01
6.547439310349384423e-01
6.547439310349384423e-01
1.959794737784432625e-02
1.959794737784432625e-02
1.199999999999999956e+00
1.199999999999999956e+00
5.240225854443812947e-01
5.240225854443812947e-01
1.376442845872833109e-01
1.376442845872833109e-01
1.199999999999999956e+00
1.199999999999999956e+00
1.199999999999999956e+00
1.199999999999999956e+00
1.199999999999999956e+00
1.199999999999999956e+00
2.535280470689046384e-01
2.535280470689046384e-01
5.285754359972288929e-01
5.285754359972288929e-01
4.198969202442945359e-01
4.198969202442945359e-01
1.199999999999999956e+00
1.199999999999999956e+00
1.199999999999999956e+00
1.199999999999999956e+00
2.333057862450488296e-01
2.333057862450488296e-01
1.435264291300518413e-01
1.435264291300518413e-01
1.954441711175783636e-01
1.954441711175783636e-01
1.199999999999999956e+00
1.199999999999999956e+00
6.163859630162708131e-02
6.163859630162708131e-02
1.515280657724848989e-01
1.515280657724848989e-01
2.331546347301620414e-01
2.331546347301620414e-01
6.839082602437063230e-01
6.839082602437063230e-01
4.980880079418691375e-01
4.980880079418691375e-01
1.199999999999999956e+00
1.199999999999999956e+00
2.942631175047493164e-01
2.942631175047493164e-01
4.847022684942801085e-01
4.847022684942801085e-01
7.570120438070250535e-02
7.570120438070250535e-02
3.216851458400168395e-01
3.216851458400168395e-01
3.807734355147205374e-01
3.807734355147205374e-01
6.220964595109388512e-02
6.220964595109388512e-02
2.616307085730581461e-01
2.616307085730581461e-01
1.199999999999999956e+00
1.199999999999999956e+00
1.199999999999999956e+00
1.199999999999999956e+00
1.199999999999999956e+00
1.199999999999999956e+00
4.203218725144470813e-01
4.203218725144470813e-01
1.593022432728473659e-01
1.593022432728473659e-01
1.235525393488327503e-02
1.235525393488327503e-02
3.955045665907552799e-01
3.955045665907552799e-01
1.199999999999999956e+00
1.199999999999999956e+00
5.963519417403093659e-01
5.963519417403093659e-01
2.662716075773043367e-01
2.662716075773043367e-01
3.795314155774391907e-01
3.795314155774391907e-01
7.786136932396572341e-01
7.786136932396572341e-01
5.999300223418229105e-01
5.999300223418229105e-01
1.199999999999999956e+00
1.199999999999999956e+00
1.199999999999999956e+00
1.199999999999999956e+00
7.310051819050848720e-02
7.310051819050848720e-02
1.199999999999999956e+00
1.199999999999999956e+00
1.199999999999999956e+00
1.199999999999999956e+00
1.199999999999999956e+00
1.199999999999999956e+00
7.568279789509494426e-01
7.568279789509494426e-01
2.756361867139229815e-01
2.756361867139229815e-01
3.639839660689492447e-03
3.639839660689492447e-03
1.199999999999999956e+00
1.199999999999999956e+00
6.007399075304857838e-01
6.007399075304857838e-01
1.199999999999999956e+00
1.199999999999999956e+00
1.199999999999999956e+00
1.199999999999999956e+00
3.155636971910147359e-01
3.155636971910147359e-01
4.128262485927862713e-01
4.128262485927862713e-01
3.255822869115827523e-01
3.255822869115827523e-01
8.974815930874168249e-03
8.974815930874168249e-03
2.547799131614900126e-02
2.547799131614900126e-02
2.107952606892106451e-01
2.107952606892106451e-01
7.541757746713873001e-01
7.541757746713873001e-01
7.645099354228265254e-01
7.645099354228265254e-01
1.199999999999999956e+00
1.199999999999999956e+00
4.198958783966431907e-02
4.198958783966431907e-02
2.896419248399992319e-01
2.896419248399992319e-01
9.401049203692098122e-02
9.401049203692098122e-02
1.583919101523573181e-01
1.583919101523573181e-01
8.672901325707847719e-02
8.672901325707847719e-02
4.055441114413968484e-02
4.055441114413968484e-02
1.759506824748415799e-01
1.759506824748415799e-01
6.639821403173362668e-01
6.639821403173362668e-01
2.520724652559759929e-02
2.520724652559759929e-02
1.199999999999999956e+00
1.199999999999999956e+00
1.199999999999999956e+00
1.199999999999999956e+00
3.462595184388044256e-01
3.462595184388044256e-01
6.151986612941375832e-01
6.151986612941375832e-01
5.708286834931539794e-02
5.708286834931539794e-02
4.606644511513902779e-02
4.606644511513902779e-02
2.901818035642745319e-01
2.901818035642745319e-01
5.390491345123697986e-01
5.390491345123697986e-01
2.854386509029025465e-01
2.854386509029025465e-01
7.049596839183926329e-03
7.049596839183926329e-03
4.969823785471282895e-01
4.969823785471282895e-01
5.267170658820673479e-01
5.267170658820673479e-01
1.199999999999999956e+00
1.199999999999999956e+00
1.199999999999999956e+00
1.199999999999999956e+00
2.955634536688995784e-01
2.955634536688995784e-01
1.203001163895009960e-02
1.203001163895009960e-02
1.199999999999999956e+00
1.199999999999999956e+00
6.366030897649409548e-01
6.366030897649409548e-01
1.199999999999999956e+00
1.199999999999999956e+00
4.466432657698565234e-01
4.466432657698565234e-01
4.340537390791654460e-01
4.340537390791654460e-01
1.199999999999999956e+00
1.199999999999999956e+00
4.821654463242695532e-01
4.821654463242695532e-01
1.199999999999999956e+00
1.199999999999999956e+00
7.366133328056629903e-01
7.366133328056629903e-01
1.199999999999999956e+00
1.199999999999999956e+00
1.934785640251240613e-01
1.934785640251240613e-01
8.067485801618916319e-02
8.067485801618916319e-02
2.298039187956743036e-03
2.298039187956743036e-03
9.430129541841113516e-01
9.430129541841113516e-01
4.532654040538944273e-02
4.532654040538944273e-02
3.325156798246917678e-01
3.325156798246917678e-01
2.600132761422267458e-01
2.600132761422267458e-01
1.199999999999999956e+00
1.199999999999999956e+00
2.553072709358294445e-01
2.553072709358294445e-01
1.304976571657516515e-01
1.304976571657516515e-01
2.652707389899860990e-01
2.652707389899860990e-01
1.169476207383146962e-02
1.169476207383146962e-02
3.100734675001382001e-01
3.100734675001382001e-01
1.182195011928460354e-01
1.182195011928460354e-01
3.174789475744020650e-02
3.174789475744020650e-02
1.199999999999999956e+00
1.199999999999999956e+00
2.656408295764008942e-01
2.656408295764008942e-01
2.707689259168593598e-01
2.707689259168593598e-01
2.762998723252048650e-01
2.762998723252048650e-01
7.504544058822084640e-01
7.504544058822084640e-01
1.199999999999999956e+00
1.199999999999999956e+00
2.650186897012986598e-01
2.650186897012986598e-01
1.164643034742631339e-01
1.164643034742631339e-01
2.823009032611127622e-02
2.823009032611127622e-02
1.199999999999999956e+00
1.199999999999999956e+00
3.497333545928481002e-01
3.497333545928481002e-01
3.301536925508872233e-01
3.301536925508872233e-01
6.329765527194530783e-01
6.329765527194530783e-01
1.149793991533357568e-01
1.149793991533357568e-01
3.117543013269222230e-01
3.117543013269222230e-01
5.391490034722556945e-01
5.391490034722556945e-01
9.501012027682204097e-02
9.501012027682204097e-02
8.266410227238113473e-02
8.266410227238113473e-02
7.559687753575810021e-01
7.559687753575810021e-01
4.806980167135945781e-01
4.806980167135945781e-01
3.154074393616397298e-01
3.154074393616397298e-01
1.945207150430875442e-01
1.945207150430875442e-01
1.199999999999999956e+00
1.199999999999999956e+00
4.315244132970843388e-02
4.315244132970843388e-02
4.667016395216363467e-01
4.667016395216363467e-01
2.799652274841887278e-01
2.799652274841887278e-01
4.615932523785993280e-01
4.615932523785993280e-01
1.199999999999999956e+00
1.199999999999999956e+00
1.004911016144501429e-01
1.004911016144501429e-01
6.752525833534186450e-01
6.752525833534186450e-01
1.199999999999999956e+00
1.199999999999999956e+00
5.545680548600468995e-01
5.545680548600468995e-01
1.972146666609710386e-01
1.972146666609710386e-01
1.199999999999999956e+00
1.199999999999999956e+00
9.610905452678511485e-02
9.610905452678511485e-02
8.024460760435070394e-02
8.024460760435070394e-02
2.266052779144591689e-01
2.266052779144591689e-01
1.199999999999999956e+00
1.199999999999999956e+00
1.199999999999999956e+00
1.199999999999999956e+00
2.382792713410657182e-01
2.382792713410657182e-01
3.201719721445493438e-01
3.201719721445493438e-01
3.942308281050888041e-01
3.942308281050888041e-01
1.199999999999999956e+00
1.199999999999999956e+00
1.817397000532692541e-01
1.817397000532692541e-01
5.408884035304423188e-01
5.408884035304423188e-01
2.510159588745384251e-01
2.510159588745384251e-01
6.493578112291736870e-01
6.493578112291736870e-01
1.213376430831704378e-01
1.213376430831704378e-01
3.634071788969160943e-01
3.634071788969160943e-01
2.347321830656704522e-01
2.347321830656704522e-01
1.488748052281273215e-01
1.488748052281273215e-01
1.199999999999999956e+00
1.199999999999999956e+00
4.927682322879070043e-01
4.927682322879070043e-01
1.199999999999999956e+00
1.199999999999999956e+00
2.394851777216432109e-02
2.394851777216432109e-02
1.199999999999999956e+00
1.199999999999999956e+00
1.199999999999999956e+00
1.199999999999999956e+00
2.108843491209866708e-02
2.108843491209866708e-02
2.757952179363946238e-02
2.757952179363946238e-02
1.199999999999999956e+00
1.199999999999999956e+00
5.863235762316366673e-01
5.863235762316366673e-01
2.126940830397845983e-01
2.126940830397845983e-01
2.049124494881430503e-01
2.049124494881430503e-01
1.129816932223961734e+00
1.129816932223961734e+00
4.318926431064392668e-01
4.318926431064392668e-01
1.199999999999999956e+00
1.199999999999999956e+00
5.429656390410150801e-02
5.429656390410150801e-02
6.827886294305023085e-02
6.827886294305023085e-02
5.249706190110249582e-02
5.249706190110249582e-02
4.811540699751741812e-01
4.811540699751741812e-01
2.871972452055708280e-01
2.871972452055708280e-01
9.975279503029971240e-02
9.975279503029971240e-02
2.545234398569606871e-01
2.545234398569606871e-01
2.749004144011414352e-01
2.749004144011414352e-01
2.249233675787111475e-01
2.249233675787111475e-01
6.316801680534873675e-01
6.316801680534873675e-01
1.199999999999999956e+00
1.199999999999999956e+00
1.199999999999999956e+00
1.199999999999999956e+00
2.023463562810960681e-01
2.023463562810960681e-01
1.472759406852532094e-01
1.472759406852532094e-01
1.199999999999999956e+00
1.199999999999999956e+00
1.098345286484727623e-01
1.098345286484727623e-01
7.557946930476349134e-01
7.557946930476349134e-01
2.414379443224541621e-03
2.414379443224541621e-03
2.805208561668656730e-01
2.805208561668656730e-01
4.642472545120090999e-01
4.642472545120090999e-01
1.199999999999999956e+00
1.199999999999999956e+00
1.349189766551785186e-01
1.349189766551785186e-01
2.098761029082376606e-01
2.098761029082376606e-01
3.220507678903987703e-01
3.220507678903987703e-01
4.205796058152582173e-01
4.205796058152582173e-01
1.199999999999999956e+00
1.199999999999999956e+00
1.199999999999999956e+00
1.199999999999999956e+00
1.199999999999999956e+00
1.199999999999999956e+00
1.468589869919737778e-01
1.468589869919737778e-01
7.846998367137893171e-02
7.846998367137893171e-02
3.638155420559200937e-01
3.638155420559200937e-01
2.772779595773894323e-01
2.772779595773894323e-01
1.199999999999999956e+00
1.199999999999999956e+00
3.971115724165458390e-03
3.971115724165458390e-03
2.763065134408249079e-01
2.763065134408249079e-01
6.761277497555497895e-01
6.761277497555497895e-01
9.872382367731426245e-02
9.872382367731426245e-02
1.199999999999999956e+00
1.199999999999999956e+00
6.392821195933362510e-01
6.392821195933362510e-01
4.182148049985507376e-01
4.182148049985507376e-01
4.081979307934777146e-01
4.081979307934777146e-01
1.199999999999999956e+00
1.199999999999999956e+00
1.122599117899518717e-01
1.122599117899518717e-01
3.681532068861106399e-01
3.681532068861106399e-01
3.193807108416863993e-01
3.193807108416863993e-01
3.190256046759715886e-02
3.190256046759715886e-02
2.767506286372244384e-01
2.767506286372244384e-01
2.848273303848578575e-01
2.848273303848578575e-01
1.878949838333806577e-01
1.878949838333806577e-01
2.084708177114541483e-01
2.084708177114541483e-01
3.971727284387091550e-01
3.971727284387091550e-01
1.645841806078447711e-01
1.645841806078447711e-01
9.697014870923024998e-02
9.697014870923024998e-02
1.199999999999999956e+00
1.199999999999999956e+00
1.063396049194411941e-01
1.063396049194411941e-01
4.767808943908097286e-01
4.767808943908097286e-01
2.676569580661795900e-02
2.676569580661795900e-02
1.199999999999999956e+00
1.199999999999999956e+00
1.199999999999999956e+00
1.199999999999999956e+00
3.018747972923132572e-01
3.018747972923132572e-01
5.071073957816421562e-02
5.071073957816421562e-02
2.911252626075943109e-02
2.911252626075943109e-02
1.067633122680651872e-02
1.067633122680651872e-02
4.262471434466672537e-01
4.262471434466672537e-01
2.069648878902163591e-01
2.069648878902163591e-01
1.435030332401876774e-01
1.435030332401876774e-01
1.199999999999999956e+00
1.199999999999999956e+00
5.935458335796211377e-02
5.935458335796211377e-02
1.258731127796527960e-01
1.258731127796527960e-01
1.199999999999999956e+00
1.199999999999999956e+00
9.660273203780223028e-01
9.660273203780223028e-01
1.614976374588654451e-01
1.614976374588654451e-01
1.120057836777317989e-01
1.120057836777317989e-01
5.209365890254612497e-01
5.209365890254612497e-01
9.584541128939359431e-03
9.584541128939359431e-03
3.169335609882892313e-01
3.169335609882892313e-01
1.199999999999999956e+00
1.199999999999999956e+00
1.857830505078447714e-01
1.857830505078447714e-01
4.622936095810382118e-01
4.622936095810382118e-01
1.199999999999999956e+00
1.199999999999999956e+00
7.222012742261487706e-01
7.222012742261487706e-01
1.199999999999999956e+00
1.199999999999999956e+00
7.157683750008173029e-02
7.157683750008173029e-02
7.388906057877484557e-01
7.388906057877484557e-01
1.199999999999999956e+00
1.199999999999999956e+00
2.469454583328735409e-01
2.469454583328735409e-01
2.918456310862678205e-01
2.918456310862678205e-01
1.374996196287745220e-01
1.374996196287745220e-01
1.058708610853352633e-01
1.058708610853352633e-01
1.199999999999999956e+00
1.199999999999999956e+00
1.199999999999999956e+00
1.199999999999999956e+00
2.539193375188740776e-01
2.539193375188740776e-01
1.890816077376448190e-01
1.890816077376448190e-01
2.038919371751253540e-02
2.038919371751253540e-02
1.793789531349401500e-01
1.793789531349401500e-01
2.303377202516421196e-02
2.303377202516421196e-02
1.864619413451069907e-01
1.864619413451069907e-01
7.047301153228724413e-01
7.047301153228724413e-01
1.199999999999999956e+00
1.199999999999999956e+00
9.421428797316781789e-02
9.421428797316781789e-02
1.598382510690792568e-01
1.598382510690792568e-01
1.283554321615156257e-01
1.283554321615156257e-01
1.199999999999999956e+00
1.199999999999999956e+00
5.172503214266584159e-02
5.172503214266584159e-02
6.765747573929457026e-01
6.765747573929457026e-01
9.289542848153367616e-02
9.289542848153367616e-02
1.199999999999999956e+00
1.199999999999999956e+00
3.122067288735343449e-01
3.122067288735343449e-01
1.199999999999999956e+00
1.199999999999999956e+00
1.530348628161623259e-01
1.530348628161623259e-01
9.715235538859066933e-02
9.715235538859066933e-02
1.721588994529252570e-01
1.721588994529252570e-01
2.023681657248924959e-01
2.023681657248924959e-01
1.199999999999999956e+00
1.199999999999999956e+00
1.199999999999999956e+00
1.199999999999999956e+00
9.054855388265109495e-02
9.054855388265109495e-02
4.035879257747166382e-01
4.035879257747166382e-01
2.600023853141019137e-01
2.600023853141019137e-01
1.199999999999999956e+00
1.199999999999999956e+00
1.343055299883290921e-01
1.343055299883290921e-01
2.970059534263223555e-01
2.970059534263223555e-01
8.396032973585604298e-02
8.396032973585604298e-02
9.519394787678479020e-01
9.519394787678479020e-01
1.199999999999999956e+00
1.199999999999999956e+00
1.948056753442983513e-01
1.948056753442983513e-01
1.199999999999999956e+00
1.199999999999999956e+00
4.942476465325051915e-01
4.942476465325051915e-01
2.686133223262566344e-02
2.686133223262566344e-02
2.209284203402087643e-01
2.209284203402087643e-01
1.199999999999999956e+00
1.199999999999999956e+00
5.711271991343359611e-01
5.711271991343359611e-01
9.643358355301109852e-02
9.643358355301109852e-02
6.710677159165484573e-02
6.710677159165484573e-02
1.721435919621120553e-02
1.721435919621120553e-02
2.667192065005904444e-01
2.667192065005904444e-01
2.228101047998354844e-01
2.228101047998354844e-01
1.199999999999999956e+00
1.199999999999999956e+00
3.694604993688475059e-01
3.694604993688475059e-01
2.741430310793470659e-01
2.741430310793470659e-01
1.199999999999999956e+00
1.199999999999999956e+00
2.162286809876625415e-01
2.162286809876625415e-01
1.630468319293691959e-01
1.630468319293691959e-01
3.679916547448529585e-01
3.679916547448529585e-01
2.484308804899962864e-01
2.484308804899962864e-01
2.146112453206308612e-02
2.146112453206308612e-02
4.501794131420093770e-01
4.501794131420093770e-01
4.011375783417174823e-01
4.011375783417174823e-01
1.199999999999999956e+00
1.199999999999999956e+00
2.521490861831710006e-02
2.521490861831710006e-02
5.412940769889368342e-02
5.412940769889368342e-02
4.799105722859174361e-01
4.799105722859174361e-01
7.121251242936179615e-01
7.121251242936179615e-01
3.700587527580533886e-01
3.700587527580533886e-01
2.661649071519494800e-02
2.661649071519494800e-02
4.296980352001217307e-01
4.296980352001217307e-01
1.431667757433342514e-01
1.431667757433342514e-01
1.199999999999999956e+00
1.199999999999999956e+00
1.199999999999999956e+00
1.199999999999999956e+00
1.199999999999999956e+00
1.199999999999999956e+00
3.543840190302726678e-01
3.543840190302726678e-01
1.366562392933722558e-01
1.366562392933722558e-01
4.176782866381824610e-01
4.176782866381824610e-01
3.928665002550340568e-01
3.928665002550340568e-01
3.048594850588650651e-01
3.048594850588650651e-01
4.777850421842956552e-03
4.777850421842956552e-03
2.133290918046797102e-02
2.133290918046797102e-02
1.199999999999999956e+00
1.199999999999999956e+00
4.146740799950436873e-01
4.146740799950436873e-01
1.208678308450401861e-01
1.208678308450401861e-01
1.199999999999999956e+00
1.199999999999999956e+00
1.062438854005842981e-01
1.062438854005842981e-01
5.456916696446830750e-01
5.456916696446830750e-01
2.496244373062453739e-02
2.496244373062453739e-02
3.706868790359009180e-01
3.706868790359009180e-01
2.478276127425621811e-01
2.478276127425621811e-01
1.199999999999999956e+00
1.199999999999999956e+00
3.603553816697558920e-01
3.603553816697558920e-01
1.199999999999999956e+00
1.199999999999999956e+00
1.199999999999999956e+00
1.199999999999999956e+00
8.809062031731458575e-02
8.809062031731458575e-02
5.149533915572238052e-02
5.149533915572238052e-02
6.943196058548394001e-02
6.943196058548394001e-02
4.536983205747354697e-01
4.536983205747354697e-01
1.199999999999999956e+00
1.199999999999999956e+00
3.673868492272530650e-01
3.673868492272530650e-01
1.713025478322791062e-01
1.713025478322791062e-01
1.153749250869590404e-01
1.153749250869590404e-01
8.053259543861224223e-02
8.053259543861224223e-02
2.492091381978323028e-01
2.492091381978323028e-01
1.959670683940007707e-01
1.959670683940007707e-01
8.518024534751005294e-01
8.518024534751005294e-01
3.810836294599661001e-01
3.810836294599661001e-01
2.247850583881155773e-01
2.247850583881155773e-01
1.553552443052117482e-01
1.553552443052117482e-01
1.199999999999999956e+00
1.199999999999999956e+00
3.520684232819588089e-01
3.520684232819588089e-01
1.413537871864767141e-02
1.413537871864767141e-02
5.569328432661468931e-01
5.569328432661468931e-01
1.603948215700414792e-01
1.603948215700414792e-01
1.199999999999999956e+00
1.199999999999999956e+00
4.166348815049326915e-02
4.166348815049326915e-02
3.039611893446171886e-01
3.039611893446171886e-01
1.621242703647174099e-01
1.621242703647174099e-01
4.092613932412888511e-01
4.092613932412888511e-01
1.199999999999999956e+00
1.199999999999999956e+00
3.244961376957360838e-02
3.244961376957360838e-02
5.821875613688610139e-03
5.821875613688610139e-03
4.615388571898602632e-01
4.615388571898602632e-01
1.199999999999999956e+00
1.199999999999999956e+00
1.199999999999999956e+00
1.199999999999999956e+00
7.283438539250340626e-02
7.283438539250340626e-02
4.613528264010460234e-01
4.613528264010460234e-01
2.134629688065467767e-01
2.134629688065467767e-01
3.946036694191329963e-01
3.946036694191329963e-01
6.146354560414123841e-02
6.146354560414123841e-02
3.710469479700042594e-01
3.710469479700042594e-01
2.984433449782186373e-02
2.984433449782186373e-02
3.972913251474136653e-01
3.972913251474136653e-01
5.641302487843173896e-01
5.641302487843173896e-01
2.174271652567906221e-01
2.174271652567906221e-01
5.765726880607847660e-01
5.765726880607847660e-01
5.274277149878102700e-01
5.274277149878102700e-01
3.691766871772750314e-03
3.691766871772750314e-03
1.789612467889607804e-03
1.789612467889607804e-03
1.199999999999999956e+00
1.199999999999999956e+00
9.490579725954134682e-01
9.490579725954134682e-01
6.324883038609128982e-02
6.324883038609128982e-02
1.676687095180936712e-02
1.676687095180936712e-02
2.806740123304802270e-01
2.806740123304802270e-01
5.648766409212958584e-01
5.648766409212958584e-01
3.170637328978362923e-01
3.170637328978362923e-01
1.472514524826727678e-01
1.472514524826727678e-01
1.199999999999999956e+00
1.199999999999999956e+00
5.357437490586018473e-03
5.357437490586018473e-03
4.112632569894796308e-01
4.112632569894796308e-01
3.490514184939602083e-01
3.490514184939602083e-01
1.199999999999999956e+00
1.199999999999999956e+00
3.373832657744656460e-01
3.373832657744656460e-01
5.499838298562130801e-01
5.499838298562130801e-01
2.661962316769609926e-01
2.661962316769609926e-01
4.824326357851122515e-01
4.824326357851122515e-01
2.828517430866547833e-01
2.828517430866547833e-01
3.396674106393247211e-02
3.396674106393247211e-02
9.287400626347599442e-01
9.287400626347599442e-01
3.543630318030900339e-01
3.543630318030900339e-01
1.930454131537756857e-01
1.930454131537756857e-01
6.253813057674437736e-01
6.253813057674437736e-01
2.247420984440697822e-01
2.247420984440697822e-01
2.019084243792380051e-01
2.019084243792380051e-01
1.464247618641523196e-01
1.464247618641523196e-01
1.199999999999999956e+00
1.199999999999999956e+00
4.011714287910309040e-02
4.011714287910309040e-02
1.199999999999999956e+00
1.199999999999999956e+00
1.565929362158079985e-01
1.565929362158079985e-01
7.202054433600890704e-01
7.202054433600890704e-01
5.415087871421316867e-01
5.415087871421316867e-01
4.732811926070564224e-01
4.732811926070564224e-01
1.199999999999999956e+00
1.199999999999999956e+00
3.466067432298952089e-01
3.466067432298952089e-01
3.036845547404411483e-01
3.036845547404411483e-01
6.274038294907517688e-02
6.274038294907517688e-02
5.070568700810602625e-01
5.070568700810602625e-01
4.070182332030264916e-01
4.070182332030264916e-01
1.851486479342266400e-01
1.851486479342266400e-01
1.358401339440601721e-02
1.358401339440601721e-02
1.199999999999999956e+00
1.199999999999999956e+00
6.013541368710124679e-01
6.013541368710124679e-01
1.385515245865622247e-01
1.385515245865622247e-01
3.885478448144423780e-01
3.885478448144423780e-01
8.337981044828228494e-02
8.337981044828228494e-02
3.403994232393682262e-01
3.403994232393682262e-01
1.199999999999999956e+00
1.199999999999999956e+00
1.728795182699279787e-01
1.728795182699279787e-01
6.649904313870406980e-02
6.649904313870406980e-02
4.513986421780773889e-02
4.513986421780773889e-02
1.199999999999999956e+00
1.199999999999999956e+00
5.444668011922475515e-01
5.444668011922475515e-01
5.077162529505446775e-01
5.077162529505446775e-01
2.481450387915704603e-01
2.481450387915704603e-01
1.199999999999999956e+00
1.199999999999999956e+00
1.207137119437710349e-01
1.207137119437710349e-01
2.844060274593692705e-01
2.844060274593692705e-01
4.103771381918162875e-02
4.103771381918162875e-02
1.199999999999999956e+00
1.199999999999999956e+00
4.261574657603596217e-01
4.261574657603596217e-01
2.197701903312975491e-01
2.197701903312975491e-01
1.199999999999999956e+00
1.199999999999999956e+00
3.488946377332128868e-01
3.488946377332128868e-01
1.097828725018038076e+00
1.097828725018038076e+00
2.965749826362930053e-01
2.965749826362930053e-01
7.453246453502651026e-01
7.453246453502651026e-01
7.083826745938415215e-02
7.083826745938415215e-02
2.418450652152029368e-01
2.418450652152029368e-01
3.336574510195520205e-01
3.336574510195520205e-01
1.146712119911168087e-01
1.146712119911168087e-01
4.444227540306484592e-01
4.444227540306484592e-01
8.120051169621844700e-01
8.120051169621844700e-01
4.480825991110254924e-01
4.480825991110254924e-01
7.623701843359244057e-01
7.623701843359244057e-01
1.011155410163989271e-01
1.011155410163989271e-01
1.154714570569962684e-01
1.154714570569962684e-01
1.199999999999999956e+00
1.199999999999999956e+00
7.017561710164159361e-02
7.017561710164159361e-02
8.980475533841114633e-02
8.980475533841114633e-02
5.033917059234407909e-02
5.033917059234407909e-02
1.459872027616275769e-01
1.459872027616275769e-01
3.321129107842547001e-01
3.321129107842547001e-01
1.199999999999999956e+00
1.199999999999999956e+00
1.199999999999999956e+00
1.199999999999999956e+00
5.905521215098843424e-01
5.905521215098843424e-01
3.120145002201596962e-01
3.120145002201596962e-01
2.191168009233981362e-01
2.191168009233981362e-01
1.772455306261813135e-01
1.772455306261813135e-01
5.470271607591684626e-01
5.470271607591684626e-01
2.243531799813519856e-01
2.243531799813519856e-01
2.294135172803686007e-01
2.294135172803686007e-01
5.131709666184033347e-01
5.131709666184033347e-01
