1.774669200366423005e-02
1.774669200366423005e-02
2.259251384876671820e-01
2.259251384876671820e-01
3.671121330763204016e-01
3.671121330763204016e-01
2.319217405764100737e-01
2.319217405764100737e-01
1.028542335074981995e-02
1.028542335074981995e-02
9.461513155647065521e-01
9.461513155647065521e-01
3.381590412401482004e-02
3.381590412401482004e-02
1.199999999999999956e+00
1.199999999999999956e+00
2.584479841836406222e-01
2.584479841836406222e-01
1.199999999999999956e+00
1.199999999999999956e+00
2.675836018277017447e-01
2.675836018277017447e-01
8.240279569465393250e-02
8.240279569465393250e-02
1.769323564979486396e-01
1.769323564979486396e-01
1.199999999999999956e+00
1.199999999999999956e+00
4.895100902867865339e-02
4.895100902867865339e-02
2.156770084505773566e-01
2.156770084505773566e-01
3.475869814475522901e-01
3.475869814475522901e-01
1.293198543758978525e-01
1.293198543758978525e-01
1.199999999999999956e+00
1.199999999999999956e+00
1.199999999999999956e+00
1.199999999999999956e+00
1.199999999999999956e+00
1.199999999999999956e+00
3.115537266051648380e-01
3.115537266051648380e-01
3.797177246272542273e-01
3.797177246272542273e-01
2.422496480695796039e-01
2.422496480695796039e-01
1.513472498779049324e-01
1.513472498779049324e-01
2.023443490175362222e-02
2.023443490175362222e-02
4.812042410818210825e-01
4.812042410818210825e-01
1.199999999999999956e+00
1.199999999999999956e+00
7.239529442712162866e-02
7.239529442712162866e-02
1.199999999999999956e+00
1.199999999999999956e+00
7.948087300292602797e-02
7.948087300292602797e-02
4.307146498652149602e-01
4.307146498652149602e-01
5.636923272294748211e-01
5.636923272294748211e-01
1.042784710239289536e+00
1.042784710239289536e+00
1.641221060586944003e-01
1.641221060586944003e-01
1.323210109128643286e-01
1.323210109128643286e-01
6.959799132551447443e-01
6.959799132551447443e-01
1.491144658980361193e-01
1.491144658980361193e-01
3.274513645512041604e-01
3.274513645512041604e-01
4.351044592681480028e-01
4.351044592681480028e-01
4.751389662484838405e-01
4.751389662484838405e-01
1.199999999999999956e+00
1.199999999999999956e+00
1.199999999999999956e+00
1.199999999999999956e+00
1.199999999999999956e+00
1.199999999999999956e+00
1.630317853173138820e-01
1.630317853173138820e-01
2.243807684318326334e-01
2.243807684318326334e-01
4.193452648269084815e-01
4.193452648269084815e-01
1.199999999999999956e+00
1.199999999999999956e+00
2.628660593445536486e-01
2.628660593445536486e-01
5.151095872005317933e-02
5.151095872005317933e-02
1.199999999999999956e+00
1.199999999999999956e+00
7.175082626276420017e-01
7.175082626276420017e-01
4.069759846308487194e-01
4.069759846308487194e-01
2.416182913629231210e-01
2.416182913629231210e-01
1.199999999999999956e+00
1.199999999999999956e+00
1.199999999999999956e+00
1.199999999999999956e+00
1.199999999999999956e+00
1.199999999999999956e+00
6.870175539665788200e-01
6.870175539665788200e-01
5.562447435130234430e-01
5.562447435130234430e-01
1.199999999999999956e+00
1.199999999999999956e+00
2.896592817994355085e-01
2.896592817994355085e-01
1.199999999999999956e+00
1.199999999999999956e+00
1.199999999999999956e+00
1.199999999999999956e+00
4.623458743908419044e-01
4.623458743908419044e-01
1.199999999999999956e+00
1.199999999999999956e+00
2.731400433153284846e-01
2.731400433153284846e-01
1.413449307501221663e-01
1.413449307501221663e-01
2.470702066205149317e-01
2.470702066205149317e-01
1.888869514616385026e-01
1.888869514616385026e-01
1.199999999999999956e+00
1.199999999999999956e+00
4.104913901640143137e-01
4.104913901640143137e-01
4.241633145602397015e-01
4.241633145602397015e-01
5.969673995506088460e-01
5.969673995506088460e-01
1.199999999999999956e+00
1.199999999999999956e+00
1.199999999999999956e+00
1.199999999999999956e+00
1.363194946958563858e-01
1.363194946958563858e-01
1.199999999999999956e+00
1.199999999999999956e+00
5.361399317965699352e-01
5.361399317965699352e-01
2.274416496665062071e-01
2.274416496665062071e-01
8.035235570100319746e-01
8.035235570100319746e-01
1.924397972783827293e-01
1.924397972783827293e-01
7.738171181009223520e-02
7.738171181009223520e-02
7.204209352274310030e-01
7.204209352274310030e-01
1.199999999999999956e+00
1.199999999999999956e+00
1.199999999999999956e+00
1.199999999999999956e+00
4.973872409129146965e-01
4.973872409129146965e-01
1.199999999999999956e+00
1.199999999999999956e+00
1.199999999999999956e+00
1.199999999999999956e+00
4.473845211888415052e-02
4.473845211888415052e-02
1.199999999999999956e+00
1.199999999999999956e+00
1.199999999999999956e+00
1.199999999999999956e+00
4.487129938868816836e-01
4.487129938868816836e-01
1.199999999999999956e+00
1.199999999999999956e+00
3.595422186823982180e-01
3.595422186823982180e-01
1.199999999999999956e+00
1.199999999999999956e+00
7.968275066085903080e-02
7.968275066085903080e-02
2.220298400374319803e-01
2.220298400374319803e-01
1.199999999999999956e+00
1.199999999999999956e+00
3.733550987626801376e-01
3.733550987626801376e-01
2.874681749292173905e-01
2.874681749292173905e-01
1.199999999999999956e+00
1.199999999999999956e+00
2.512193510524090012e-01
2.512193510524090012e-01
1.199999999999999956e+00
1.199999999999999956e+00
3.863782296807764527e-01
3.863782296807764527e-01
6.583950078131795003e-01
6.583950078131795003e-01
1.199999999999999956e+00
1.199999999999999956e+00
3.524108556939182235e-01
3.524108556939182235e-01
3.712768446367867292e-01
3.712768446367867292e-01
1.199999999999999956e+00
1.199999999999999956e+00
1.199999999999999956e+00
1.199999999999999956e+00
1.564859287250285891e-01
1.564859287250285891e-01
1.199999999999999956e+00
1.199999999999999956e+00
8.121836528132010680e-02
8.121836528132010680e-02
1.199999999999999956e+00
1.199999999999999956e+00
1.199999999999999956e+00
1.199999999999999956e+00
1.199999999999999956e+00
1.199999999999999956e+00
7.202844777454512348e-01
7.202844777454512348e-01
1.199999999999999956e+00
1.199999999999999956e+00
1.199999999999999956e+00
1.199999999999999956e+00
3.184590262083065726e-01
3.184590262083065726e-01
1.280888282707450809e-01
1.280888282707450809e-01
9.229873695457178895e-02
9.229873695457178895e-02
5.316038043307504957e-01
5.316038043307504957e-01
1.199999999999999956e+00
1.199999999999999956e+00
1.199999999999999956e+00
1.199999999999999956e+00
4.062075891271677008e-01
4.062075891271677008e-01
1.776427971199708300e-01
1.776427971199708300e-01
6.798115674635474281e-01
6.798115674635474281e-01
3.886276132993988219e-01
3.886276132993988219e-01
3.830945456612885325e-01
3.830945456612885325e-01
2.666792700005886640e-01
2.666792700005886640e-01
2.684945100753683978e-01
2.684945100753683978e-01
8.506709044823760335e-01
8.506709044823760335e-01
1.199999999999999956e+00
1.199999999999999956e+00
1.797899790928290109e-01
1.797899790928290109e-01
3.863373896332928381e-01
3.863373896332928381e-01
3.549361829583668748e-01
3.549361829583668748e-01
4.851889663568169642e-01
4.851889663568169642e-01
9.454441160218539364e-02
9.454441160218539364e-02
1.199999999999999956e+00
1.199999999999999956e+00
1.875665265825113281e-01
1.875665265825113281e-01
2.697291296185627685e-01
2.697291296185627685e-01
5.512938848253880197e-02
5.512938848253880197e-02
4.531356857571398056e-01
4.531356857571398056e-01
2.578130837731850700e-01
2.578130837731850700e-01
7.942908943636282082e-01
7.942908943636282082e-01
2.388872333551379235e-01
2.388872333551379235e-01
3.464957758094931450e-01
3.464957758094931450e-01
1.010170563409133193e-01
1.010170563409133193e-01
3.904304307485944037e-01
3.904304307485944037e-01
4.124150263591979115e-01
4.124150263591979115e-01
1.199999999999999956e+00
1.199999999999999956e+00
3.958933898964215881e-01
3.958933898964215881e-01
3.828093838129871251e-01
3.828093838129871251e-01
5.049276566958292856e-01
5.049276566958292856e-01
9.380011608597289552e-01
9.380011608597289552e-01
4.224963804528871214e-01
4.224963804528871214e-01
1.629785452387900457e-01
1.629785452387900457e-01
5.981260314864518257e-01
5.981260314864518257e-01
2.669080307470456104e-01
2.669080307470456104e-01
1.199999999999999956e+00
1.199999999999999956e+00
1.327037954517766571e-01
1.327037954517766571e-01
4.385714379476852165e-01
4.385714379476852165e-01
3.930277978043000137e-03
3.930277978043000137e-03
2.786779457351410416e-01
2.786779457351410416e-01
2.483829745819896295e-01
2.483829745819896295e-01
7.163757823469345427e-03
7.163757823469345427e-03
5.462985360776306809e-01
5.462985360776306809e-01
1.199999999999999956e+00
1.199999999999999956e+00
4.428592538479328988e-01
4.428592538479328988e-01
2.960599755776440953e-03
2.960599755776440953e-03
2.125580373335567708e-01
2.125580373335567708e-01
1.021516638748915656e-01
1.021516638748915656e-01
6.091003626943551907e-01
6.091003626943551907e-01
2.971221536659918727e-01
2.971221536659918727e-01
4.455541703539516729e-01
4.455541703539516729e-01
1.391171702970995516e-01
1.391171702970995516e-01
1.655556914415044420e-02
1.655556914415044420e-02
2.160232698524911510e-01
2.160232698524911510e-01
1.199999999999999956e+00
1.199999999999999956e+00
1.199999999999999956e+00
1.199999999999999956e+00
1.199999999999999956e+00
1.199999999999999956e+00
1.199999999999999956e+00
1.199999999999999956e+00
2.260332365982025693e-01
2.260332365982025693e-01
1.982858865025567685e-01
1.982858865025567685e-01
2.699767724605910968e-01
2.699767724605910968e-01
3.775739255568791308e-01
3.775739255568791308e-01
2.809309804269997657e-01
2.809309804269997657e-01
1.199999999999999956e+00
1.199999999999999956e+00
1.199999999999999956e+00
1.199999999999999956e+00
4.489710997026127304e-01
4.489710997026127304e-01
8.944336486584646417e-01
8.944336486584646417e-01
1.130425107088449677e-01
1.130425107088449677e-01
6.487652911453119231e-02
6.487652911453119231e-02
4.451878187616206128e-01
4.451878187616206128e-01
1.864665167380769040e-01
1.864665167380769040e-01
1.841791779179229316e-01
1.841791779179229316e-01
1.199999999999999956e+00
1.199999999999999956e+00
1.844248100542769143e-03
1.844248100542769143e-03
1.846037175925222332e-02
1.846037175925222332e-02
1.199999999999999956e+00
1.199999999999999956e+00
3.064370893570609322e-01
3.064370893570609322e-01
9.735698489396208410e-01
9.735698489396208410e-01
5.925041790003433562e-01
5.925041790003433562e-01
2.991360365371515395e-01
2.991360365371515395e-01
6.174029238977996048e-02
6.174029238977996048e-02
6.430909102659256860e-01
6.430909102659256860e-01
6.816600651679380340e-02
6.816600651679380340e-02
2.805769550877577900e-02
2.805769550877577900e-02
1.732000742800197390e-01
1.732000742800197390e-01
3.250199549018701339e-01
3.250199549018701339e-01
4.814169499538566988e-01
4.814169499538566988e-01
2.127139709719949312e-01
2.127139709719949312e-01
3.268757929574840349e-01
3.268757929574840349e-01
7.110583984605418628e-01
7.110583984605418628e-01
9.430479754882303833e-02
9.430479754882303833e-02
2.245879838209078605e-01
2.245879838209078605e-01
1.199999999999999956e+00
1.199999999999999956e+00
2.446313442127398888e-02
2.446313442127398888e-02
1.199999999999999956e+00
1.199999999999999956e+00
5.082693055855570519e-01
5.082693055855570519e-01
2.002226486375674741e-01
2.002226486375674741e-01
9.635961672515103160e-02
9.635961672515103160e-02
4.050539419995242141e-01
4.050539419995242141e-01
1.617696961713937231e-01
1.617696961713937231e-01
1.100658511008292706e+00
1.100658511008292706e+00
1.144751281567051998e-01
1.144751281567051998e-01
6.686548154131571886e-01
6.686548154131571886e-01
1.839268504597600384e-01
1.839268504597600384e-01
3.756450320186295322e-01
3.756450320186295322e-01
1.021851477490312021e+00
1.021851477490312021e+00
1.199999999999999956e+00
1.199999999999999956e+00
2.427063015715326955e-01
2.427063015715326955e-01
1.047734511122072609e-01
1.047734511122072609e-01
3.690225791647100961e-01
3.690225791647100961e-01
1.199999999999999956e+00
1.199999999999999956e+00
1.199999999999999956e+00
1.199999999999999956e+00
3.580961325966245390e-01
3.580961325966245390e-01
1.076727989294532783e-01
1.076727989294532783e-01
4.117389436571136097e-01
4.117389436571136097e-01
1.199999999999999956e+00
1.199999999999999956e+00
4.369892784822655973e-01
4.369892784822655973e-01
3.321922260635652990e-01
3.321922260635652990e-01
3.746402609206872514e-01
3.746402609206872514e-01
3.394777313431229793e-01
3.394777313431229793e-01
1.199999999999999956e+00
1.199999999999999956e+00
6.274504787461311350e-01
6.274504787461311350e-01
1.199999999999999956e+00
1.199999999999999956e+00
2.217799968903977348e-01
2.217799968903977348e-01
1.199999999999999956e+00
1.199999999999999956e+00
1.199999999999999956e+00
1.199999999999999956e+00
5.498776637269813666e-02
5.498776637269813666e-02
6.501680097689963578e-01
6.501680097689963578e-01
1.199999999999999956e+00
1.199999999999999956e+00
1.985880695026804310e-01
1.985880695026804310e-01
2.662335449459077297e-01
2.662335449459077297e-01
7.255951699075019468e-02
7.255951699075019468e-02
7.388387893665618322e-02
7.388387893665618322e-02
1.199999999999999956e+00
1.199999999999999956e+00
8.173724132637438800e-02
8.173724132637438800e-02
5.128386665483422036e-01
5.128386665483422036e-01
3.320125115209836553e-01
3.320125115209836553e-01
2.905297559349510617e-01
2.905297559349510617e-01
1.199999999999999956e+00
1.199999999999999956e+00
1.199999999999999956e+00
1.199999999999999956e+00
3.874701737182520977e-01
3.874701737182520977e-01
1.199999999999999956e+00
1.199999999999999956e+00
5.041851379758892637e-01
5.041851379758892637e-01
1.199999999999999956e+00
1.199999999999999956e+00
1.199999999999999956e+00
1.199999999999999956e+00
6.580040643186123306e-02
6.580040643186123306e-02
4.294316679420624450e-01
4.294316679420624450e-01
2.041458661235254213e-01
2.041458661235254213e-01
1.199999999999999956e+00
1.199999999999999956e+00
1.135825901508895480e-01
1.135825901508895480e-01
1.300768161539839207e-01
1.300768161539839207e-01
2.051574323400295607e-01
2.051574323400295607e-01
2.638695798756754071e-02
2.638695798756754071e-02
4.690071291644770657e-01
4.690071291644770657e-01
1.250946540501964577e-01
1.250946540501964577e-01
1.891535039519258721e-01
1.891535039519258721e-01
2.510560236464104422e-01
2.510560236464104422e-01
1.199999999999999956e+00
1.199999999999999956e+00
1.649301205765662734e-02
1.649301205765662734e-02
8.994178855458427879e-01
8.994178855458427879e-01
1.199999999999999956e+00
1.199999999999999956e+00
4.158586772187467528e-01
4.158586772187467528e-01
7.751529916232412498e-01
7.751529916232412498e-01
2.778996522892026588e-01
2.778996522892026588e-01
6.131004778856288251e-01
6.131004778856288251e-01
4.371720643850467436e-01
4.371720643850467436e-01
3.014284036059297067e-01
3.014284036059297067e-01
2.084314715329230183e-01
2.084314715329230183e-01
1.199999999999999956e+00
1.199999999999999956e+00
1.797593657353524221e-01
1.797593657353524221e-01
1.199999999999999956e+00
1.199999999999999956e+00
1.199999999999999956e+00
1.199999999999999956e+00
2.192921004010803601e-02
2.192921004010803601e-02
4.066414205946592419e-01
4.066414205946592419e-01
1.199999999999999956e+00
1.199999999999999956e+00
1.199999999999999956e+00
1.199999999999999956e+00
7.847036133474247221e-02
7.847036133474247221e-02
1.798667300345306863e-01
1.798667300345306863e-01
6.335820364096809154e-01
6.335820364096809154e-01
1.199999999999999956e+00
1.199999999999999956e+00
1.101125643795249354e-01
1.101125643795249354e-01
6.958110915253272466e-02
6.958110915253272466e-02
1.069453726220993550e-01
1.069453726220993550e-01
1.383995535639258312e-01
1.383995535639258312e-01
1.199999999999999956e+00
1.199999999999999956e+00
7.240831441284317771e-01
7.240831441284317771e-01
3.560949696823643706e-01
3.560949696823643706e-01
3.562027865067475263e-01
3.562027865067475263e-01
7.280483132812408664e-01
7.280483132812408664e-01
4.033234448007201323e-01
4.033234448007201323e-01
7.390121388047938833e-01
7.390121388047938833e-01
1.199999999999999956e+00
1.199999999999999956e+00
4.772147689041215668e-01
4.772147689041215668e-01
1.199999999999999956e+00
1.199999999999999956e+00
1.574113530915794978e-01
1.574113530915794978e-01
4.043156889986701530e-02
4.043156889986701530e-02
6.256072906634213560e-01
6.256072906634213560e-01
6.749608284591004370e-01
6.749608284591004370e-01
5.019332799733748907e-01
5.019332799733748907e-01
7.710561890608651492e-01
7.710561890608651492e-01
8.090699670522204512e-01
8.090699670522204512e-01
3.181738309410639953e-01
3.181738309410639953e-01
4.266604267102222514e-01
4.266604267102222514e-01
2.944677558144998542e-01
2.944677558144998542e-01
2.098272481822204272e-01
2.098272481822204272e-01
1.199999999999999956e+00
1.199999999999999956e+00
7.417759785329067768e-01
7.417759785329067768e-01
1.810637194616219470e-01
1.810637194616219470e-01
1.199999999999999956e+00
1.199999999999999956e+00
2.108649431328045720e-01
2.108649431328045720e-01
5.077173699480566071e-01
5.077173699480566071e-01
2.289134456249735106e-01
2.289134456249735106e-01
5.019891374280620600e-01
5.019891374280620600e-01
6.192637193198775869e-02
6.192637193198775869e-02
1.926876532549191834e-01
1.926876532549191834e-01
1.199999999999999956e+00
1.199999999999999956e+00
3.667528133456253170e-01
3.667528133456253170e-01
8.785835989230850185e-02
8.785835989230850185e-02
1.199999999999999956e+00
1.199999999999999956e+00
1.235004532441544706e-01
1.235004532441544706e-01
4.944160441028883080e-01
4.944160441028883080e-01
3.549492805980992705e-01
3.549492805980992705e-01
5.784063449269037649e-03
5.784063449269037649e-03
1.199999999999999956e+00
1.199999999999999956e+00
3.322618651957506830e-01
3.322618651957506830e-01
1.834417682943305095e-01
1.834417682943305095e-01
9.320563973363663601e-01
9.320563973363663601e-01
4.606671669272373038e-01
4.606671669272373038e-01
1.199999999999999956e+00
1.199999999999999956e+00
1.199999999999999956e+00
1.199999999999999956e+00
2.316995908795042303e-01
2.316995908795042303e-01
1.199999999999999956e+00
1.199999999999999956e+00
1.199999999999999956e+00
1.199999999999999956e+00
3.332999602505825054e-01
3.332999602505825054e-01
1.199999999999999956e+00
1.199999999999999956e+00
5.173781599665512321e-01
5.173781599665512321e-01
5.966251141048561912e-01
5.966251141048561912e-01
1.069062568300019334e-01
1.069062568300019334e-01
4.235726349780048472e-01
4.235726349780048472e-01
1.199999999999999956e+00
1.199999999999999956e+00
3.455049475985504381e-01
3.455049475985504381e-01
1.199999999999999956e+00
1.199999999999999956e+00
7.820305487191361871e-02
7.820305487191361871e-02
3.998570491031249591e-02
3.998570491031249591e-02
4.393632005084203707e-01
4.393632005084203707e-01
3.540524173824564080e-01
3.540524173824564080e-01
2.472914747815821990e-01
2.472914747815821990e-01
1.691449905960516753e-01
1.691449905960516753e-01
1.199999999999999956e+00
1.199999999999999956e+00
6.621752392270912058e-01
6.621752392270912058e-01
1.192473353572779671e-01
1.192473353572779671e-01
1.774965532268637791e-01
1.774965532268637791e-01
1.199999999999999956e+00
1.199999999999999956e+00
3.372366491401999067e-01
3.372366491401999067e-01
2.217262380741605310e-01
2.217262380741605310e-01
3.170343185665998043e-01
3.170343185665998043e-01
6.982689460375586868e-03
6.982689460375586868e-03
7.970296563166434645e-02
7.970296563166434645e-02
2.550015738844066959e-01
2.550015738844066959e-01
2.167216952115819106e-01
2.167216952115819106e-01
1.199999999999999956e+00
1.199999999999999956e+00
1.199999999999999956e+00
1.199999999999999956e+00
1.199999999999999956e+00
1.199999999999999956e+00
1.199999999999999956e+00
1.199999999999999956e+00
2.083504514013214404e-01
2.083504514013214404e-01
3.030038075528123098e-01
3.030038075528123098e-01
1.687582310078845071e-01
1.687582310078845071e-01
2.770716173354676459e-01
2.770716173354676459e-01
4.907906394703371311e-01
4.907906394703371311e-01
3.068865644206384413e-01
3.068865644206384413e-01
3.597189693390017151e-01
3.597189693390017151e-01
6.847019962152327277e-02
6.847019962152327277e-02
2.785463670728464264e-02
2.785463670728464264e-02
6.754279111727541640e-02
6.754279111727541640e-02
5.684562865291747230e-02
5.684562865291747230e-02
2.003118278428551724e-01
2.003118278428551724e-01
5.553974914162734811e-01
5.553974914162734811e-01
3.184354774638099572e-01
3.184354774638099572e-01
3.579914695115065659e-01
3.579914695115065659e-01
7.606724105902358257e-01
7.606724105902358257e-01
1.497264403492491180e-01
1.497264403492491180e-01
1.278503979131735135e-01
1.278503979131735135e-01
3.883715427964303801e-01
3.883715427964303801e-01
3.177804898428141511e-01
3.177804898428141511e-01
8.335030833150570695e-01
8.335030833150570695e-01
1.199999999999999956e+00
1.199999999999999956e+00
1.877442004623280924e-01
1.877442004623280924e-01
1.199999999999999956e+00
1.199999999999999956e+00
6.896189644512438210e-01
6.896189644512438210e-01
1.944679291799786547e-01
1.944679291799786547e-01
4.901699017978271566e-01
4.901699017978271566e-01
4.844293216903789584e-02
4.844293216903789584e-02
2.067582725575631830e-01
2.067582725575631830e-01
2.779206133085443398e-01
2.779206133085443398e-01
2.039212306572248667e-01
2.039212306572248667e-01
5.075966780432785708e-01
5.075966780432785708e-01
3.069363412355369941e-02
3.069363412355369941e-02
8.806600448090007305e-02
8.806600448090007305e-02
1.199999999999999956e+00
1.199999999999999956e+00
1.199999999999999956e+00
1.199999999999999956e+00
6.442284489416596482e-01
6.442284489416596482e-01
1.992548182362195996e-01
1.992548182362195996e-01
7.297242390430427328e-01
7.297242390430427328e-01
1.199999999999999956e+00
1.199999999999999956e+00
1.794153506403022291e-01
1.794153506403022291e-01
1.493011281448588246e-01
1.493011281448588246e-01
3.460451434884674882e-01
3.460451434884674882e-01
1.507871824480034872e-01
1.507871824480034872e-01
6.002804577530896912e-01
6.002804577530896912e-01
1.199999999999999956e+00
1.199999999999999956e+00
1.199999999999999956e+00
1.199999999999999956e+00
1.199999999999999956e+00
1.199999999999999956e+00
4.694667232851788136e-02
4.694667232851788136e-02
1.729242498666120897e-01
1.729242498666120897e-01
1.243186628730002241e-01
1.243186628730002241e-01
1.199999999999999956e+00
1.199999999999999956e+00
1.894859163398815716e-01
1.894859163398815716e-01
1.347239781711934495e-02
1.347239781711934495e-02
4.203901466443664692e-01
4.203901466443664692e-01
1.199999999999999956e+00
1.199999999999999956e+00
4.608781981940603956e-01
4.608781981940603956e-01
7.021918159449311858e-01
7.021918159449311858e-01
1.199999999999999956e+00
1.199999999999999956e+00
1.634269444518901548e-02
1.634269444518901548e-02
4.137000437595638597e-02
4.137000437595638597e-02
1.141729168224031588e-01
1.141729168224031588e-01
5.503927741237282234e-01
5.503927741237282234e-01
5.277921832902080501e-01
5.277921832902080501e-01
1.239081041082346936e-02
1.239081041082346936e-02
1.540127937700526140e-01
1.540127937700526140e-01
1.199999999999999956e+00
1.199999999999999956e+00
1.199999999999999956e+00
1.199999999999999956e+00
1.345282262978962085e-01
1.345282262978962085e-01
1.199999999999999956e+00
1.199999999999999956e+00
3.014903882036489846e-01
3.014903882036489846e-01
2.107177101371300321e-01
2.107177101371300321e-01
8.948421966299624497e-02
8.948421966299624497e-02
1.199999999999999956e+00
1.199999999999999956e+00
4.787561508095717899e-01
4.787561508095717899e-01
1.199999999999999956e+00
1.199999999999999956e+00
4.945694584196580479e-01
4.945694584196580479e-01
1.199999999999999956e+00
1.199999999999999956e+00
1.107915396959367402e-02
1.107915396959367402e-02
3.210081273857424145e-01
3.210081273857424145e-01
2.237858738961721328e-01
2.237858738961721328e-01
7.486555360738168796e-02
7.486555360738168796e-02
1.199999999999999956e+00
1.199999999999999956e+00
7.072082226030275143e-01
7.072082226030275143e-01
1.578874271423152398e-01
1.578874271423152398e-01
1.199999999999999956e+00
1.199999999999999956e+00
1.199999999999999956e+00
1.199999999999999956e+00
1.199999999999999956e+00
1.199999999999999956e+00
3.627268651060246984e-01
3.627268651060246984e-01
1.858953031803736999e-01
1.858953031803736999e-01
1.199999999999999956e+00
1.199999999999999956e+00
2.823530418138731624e-01
2.823530418138731624e-01
3.115273873714805020e-01
3.115273873714805020e-01
1.199999999999999956e+00
1.199999999999999956e+00
1.247356662239661740e-01
1.247356662239661740e-01
4.635940711514493495e-01
4.635940711514493495e-01
1.492108771877075080e-01
1.492108771877075080e-01
4.102221583495243573e-01
4.102221583495243573e-01
1.199999999999999956e+00
1.199999999999999956e+00
3.483896208015178075e-01
3.483896208015178075e-01
4.855266755743515295e-01
4.855266755743515295e-01
7.138597129627077820e-01
7.138597129627077820e-01
1.199999999999999956e+00
1.199999999999999956e+00
3.193290522157825329e-02
3.193290522157825329e-02
1.325950791442225829e-01
1.325950791442225829e-01
7.004126995475898898e-01
7.004126995475898898e-01
1.336288449755145824e-01
1.336288449755145824e-01
1.871939246999953371e-02
1.871939246999953371e-02
3.654202310657486130e-01
3.654202310657486130e-01
1.567037379726996318e-02
1.567037379726996318e-02
1.564358507862616543e-01
1.564358507862616543e-01
1.736443358695425598e-01
1.736443358695425598e-01
4.456892238257453842e-02
4.456892238257453842e-02
1.199999999999999956e+00
1.199999999999999956e+00
2.832580990370208926e-02
2.832580990370208926e-02
6.626523047821325507e-01
6.626523047821325507e-01
2.977909692073834047e-01
2.977909692073834047e-01
3.208011718641336496e-01
3.208011718641336496e-01
1.199999999999999956e+00
1.199999999999999956e+00
1.596632003562138344e-02
1.596632003562138344e-02
7.912160061519533938e-03
7.912160061519533938e-03
3.792451452715199789e-01
3.792451452715199789e-01
1.829380852111663625e-01
1.829380852111663625e-01
1.383091030734348303e-01
1.383091030734348303e-01
6.621281364945356129e-01
6.621281364945356129e-01
1.199999999999999956e+00
1.199999999999999956e+00
2.707900478765112307e-01
2.707900478765112307e-01
1.199999999999999956e+00
1.199999999999999956e+00
3.698774841833412652e-01
3.698774841833412652e-01
6.390657469346473496e-01
6.390657469346473496e-01
1.336385012592281873e-01
1.336385012592281873e-01
4.920173057463408245e-02
4.920173057463408245e-02
2.029193323835505047e-01
2.029193323835505047e-01
5.491605721021335790e-02
5.491605721021335790e-02
1.025565825331076070e-01
1.025565825331076070e-01
5.087687604004973441e-01
5.087687604004973441e-01
2.268753539775564265e-01
2.268753539775564265e-01
1.199999999999999956e+00
1.199999999999999956e+00
5.435415201064799362e-01
5.435415201064799362e-01
2.000467450443742939e-02
2.000467450443742939e-02
6.452654438445851737e-01
6.452654438445851737e-01
2.886102897335412476e-01
2.886102897335412476e-01
1.770242845106327068e-01
1.770242845106327068e-01
4.005000067264999908e-01
4.005000067264999908e-01
1.199999999999999956e+00
1.199999999999999956e+00
1.249762148941672424e-01
1.249762148941672424e-01
1.199999999999999956e+00
1.199999999999999956e+00
1.593835494005103048e-01
1.593835494005103048e-01
8.128927679726689892e-02
8.128927679726689892e-02
7.128842951132556560e-02
7.128842951132556560e-02
1.199999999999999956e+00
1.199999999999999956e+00
3.561194494979559311e-01
3.561194494979559311e-01
6.617611716134954580e-01
6.617611716134954580e-01
1.199999999999999956e+00
1.199999999999999956e+00
1.199999999999999956e+00
1.199999999999999956e+00
6.486136491779360969e-02
6.486136491779360969e-02
6.326998336588843808e-01
6.326998336588843808e-01
1.199999999999999956e+00
1.199999999999999956e+00
4.058497983947848553e-01
4.058497983947848553e-01
1.199999999999999956e+00
1.199999999999999956e+00
3.657543234225892233e-03
3.657543234225892233e-03
8.485360487708053512e-01
8.485360487708053512e-01
1.421174171602734015e-01
1.421174171602734015e-01
1.116518046270327247e-01
1.116518046270327247e-01
1.199999999999999956e+00
1.199999999999999956e+00
7.933055790514849381e-02
7.933055790514849381e-02
2.954700148120117942e-01
2.954700148120117942e-01
3.430189939700144242e-02
3.430189939700144242e-02
5.803040203604977743e-01
5.803040203604977743e-01
4.247454076306552695e-01
4.247454076306552695e-01
3.748151340725191516e-01
3.748151340725191516e-01
1.076496686878246206e-01
1.076496686878246206e-01
1.199999999999999956e+00
1.199999999999999956e+00
1.034051419792429760e+00
1.034051419792429760e+00
1.154127732269226714e-01
1.154127732269226714e-01
1.199999999999999956e+00
1.199999999999999956e+00
5.005715615965644627e-02
5.005715615965644627e-02
9.104088426990624150e-01
9.104088426990624150e-01
2.137022002922594754e-01
2.137022002922594754e-01
2.656477934088809501e-01
2.656477934088809501e-01
6.625432226565812488e-02
6.625432226565812488e-02
2.962834578916609049e-02
2.962834578916609049e-02
8.215771496404056240e-02
8.215771496404056240e-02
1.784127876200548579e-01
1.784127876200548579e-01
2.490262677267435498e-01
2.490262677267435498e-01
5.715366240019997823e-02
5.715366240019997823e-02
3.755339347680626272e-01
3.755339347680626272e-01
7.880084740444086300e-02
7.880084740444086300e-02
1.199999999999999956e+00
1.199999999999999956e+00
4.939625758318143961e-02
4.939625758318143961e-02
4.262026290516878202e-01
4.262026290516878202e-01
1.904701727835675373e-01
1.904701727835675373e-01
4.037486414361485254e-01
4.037486414361485254e-01
3.282173626295811775e-01
3.282173626295811775e-01
1.278358700989421295e-02
1.278358700989421295e-02
1.137111941588646313e-02
1.137111941588646313e-02
7.011334773866177705e-02
7.011334773866177705e-02
1.579084097239651652e-01
1.579084097239651652e-01
1.199999999999999956e+00
1.199999999999999956e+00
4.578877690568982084e-01
4.578877690568982084e-01
1.162460192124131625e-01
1.162460192124131625e-01
4.991257579562966007e-01
4.991257579562966007e-01
6.405532963993636197e-02
6.405532963993636197e-02
8.529297467516479270e-02
8.529297467516479270e-02
3.881493051362853164e-01
3.881493051362853164e-01
1.199999999999999956e+00
1.199999999999999956e+00
2.497416760655393198e-01
2.497416760655393198e-01
1.214253151713863832e-01
1.214253151713863832e-01
6.280220407815616246e-02
6.280220407815616246e-02
1.363939533700932183e-01
1.363939533700932183e-01
8.198754806004441287e-01
8.198754806004441287e-01
3.601466370899204360e-03
3.601466370899204360e-03
1.199999999999999956e+00
1.199999999999999956e+00
5.769501285433186605e-02
5.769501285433186605e-02
5.817189866909601159e-01
5.817189866909601159e-01
1.081279293169425809e-02
1.081279293169425809e-02
4.694776262958907931e-02
4.694776262958907931e-02
5.370469125877884720e-01
5.370469125877884720e-01
3.992513857576653891e-01
3.992513857576653891e-01
1.715359067900262824e-01
1.715359067900262824e-01
8.292286840787088664e-02
8.292286840787088664e-02
3.982409454672039550e-01
3.982409454672039550e-01
1.199999999999999956e+00
1.199999999999999956e+00
3.051412727539573044e-01
3.051412727539573044e-01
7.341668725511854565e-02
7.341668725511854565e-02
1.507283017351706556e-01
1.507283017351706556e-01
3.826052743478212115e-01
3.826052743478212115e-01
6.325028446286976580e-01
6.325028446286976580e-01
4.449282055064187613e-01
4.449282055064187613e-01
3.192581492044623687e-02
3.192581492044623687e-02
3.974663729342003959e-01
3.974663729342003959e-01
4.879499553838506642e-02
4.879499553838506642e-02
1.309842355254216828e-01
1.309842355254216828e-01
3.406470726470996468e-01
3.406470726470996468e-01
1.180169444409556734e-01
1.180169444409556734e-01
1.199999999999999956e+00
1.199999999999999956e+00
6.786078203668012565e-02
6.786078203668012565e-02
9.326618725949858968e-01
9.326618725949858968e-01
7.324791907947522662e-02
7.324791907947522662e-02
1.199999999999999956e+00
1.199999999999999956e+00
1.107750508314969962e-01
1.107750508314969962e-01
3.994866258263847225e-01
3.994866258263847225e-01
1.199999999999999956e+00
1.199999999999999956e+00
1.575928165868736019e-01
1.575928165868736019e-01
1.508224113679335343e-01
1.508224113679335343e-01
2.015133075854645961e-01
2.015133075854645961e-01
1.199999999999999956e+00
1.199999999999999956e+00
2.656986940142712639e-01
2.656986940142712639e-01
3.711922019893365565e-01
3.711922019893365565e-01
3.586178776787337097e-01
3.586178776787337097e-01
4.979171900089729430e-02
4.979171900089729430e-02
3.597809620537302799e-01
3.597809620537302799e-01
1.199999999999999956e+00
1.199999999999999956e+00
9.060847678319478016e-02
9.060847678319478016e-02
2.224097729206342133e-01
2.224097729206342133e-01
1.199999999999999956e+00
1.199999999999999956e+00
2.785290797450118983e-01
2.785290797450118983e-01
1.900857789040928392e-01
1.900857789040928392e-01
1.916395507139489474e-01
1.916395507139489474e-01
1.060533222188763808e-01
1.060533222188763808e-01
1.926365878933517309e-02
1.926365878933517309e-02
8.409370880364365475e-02
8.409370880364365475e-02
2.867033975878114371e-01
2.867033975878114371e-01
1.199999999999999956e+00
1.199999999999999956e+00
1.854566420919780134e-01
1.854566420919780134e-01
3.717852845212020196e-01
3.717852845212020196e-01
5.663104257162364721e-03
5.663104257162364721e-03
8.391986269428376721e-02
8.391986269428376721e-02
3.208269855962962019e-02
3.208269855962962019e-02
3.641329943446224293e-01
3.641329943446224293e-01
4.983402857185552648e-01
4.983402857185552648e-01
9.191422468816938529e-02
9.191422468816938529e-02
3.199103784857961208e-01
3.199103784857961208e-01
6.157020719089298932e-01
6.157020719089298932e-01
1.199999999999999956e+00
1.199999999999999956e+00
3.440513205230744109e-01
3.440513205230744109e-01
7.229646415531208736e-02
7.229646415531208736e-02
5.843286169836103133e-02
5.843286169836103133e-02
1.199999999999999956e+00
1.199999999999999956e+00
1.744101295802377161e-01
1.744101295802377161e-01
8.650598627769728877e-01
8.650598627769728877e-01
1.504122278637555210e-01
1.504122278637555210e-01
2.122929595740174757e-01
2.122929595740174757e-01
1.199999999999999956e+00
1.199999999999999956e+00
1.556261198115019007e-01
1.556261198115019007e-01
3.883823404045443073e-02
3.883823404045443073e-02
2.379722206681650631e-01
2.379722206681650631e-01
5.811657805631157414e-01
5.811657805631157414e-01
2.546819793113542785e-01
2.546819793113542785e-01
1.683924519142844245e-01
1.683924519142844245e-01
1.636833826440104722e-01
1.636833826440104722e-01
2.942779599924276734e-01
2.942779599924276734e-01
1.199999999999999956e+00
1.199999999999999956e+00
4.445298040788707439e-02
4.445298040788707439e-02
1.790166422829388149e-01
1.790166422829388149e-01
2.334910902510405409e-02
2.334910902510405409e-02
2.485115629127697123e-01
2.485115629127697123e-01
2.108616964116997450e-01
2.108616964116997450e-01
8.327793364763709516e-02
8.327793364763709516e-02
6.184880925190212597e-01
6.184880925190212597e-01
8.774420990457620917e-02
8.774420990457620917e-02
8.269004992750958460e-02
8.269004992750958460e-02
4.168728520629152445e-01
4.168728520629152445e-01
1.199999999999999956e+00
1.199999999999999956e+00
1.797496741747577412e-03
1.797496741747577412e-03
9.636831974911232168e-02
9.636831974911232168e-02
1.608387912988379354e-01
1.608387912988379354e-01
2.354013691636349173e-02
2.354013691636349173e-02
2.557556654454455902e-01
2.557556654454455902e-01
7.058425857396546932e-02
7.058425857396546932e-02
5.981421845236785106e-01
5.981421845236785106e-01
2.329609977018128053e-02
2.329609977018128053e-02
1.011049523439603304e-01
1.011049523439603304e-01
1.199999999999999956e+00
1.199999999999999956e+00
2.029182857111493932e-01
2.029182857111493932e-01
7.497284780885842270e-01
7.497284780885842270e-01
7.610927962574437489e-01
7.610927962574437489e-01
7.750249686290126006e-01
7.750249686290126006e-01
2.936646080854775631e-01
2.936646080854775631e-01
1.844004527146595185e-01
1.844004527146595185e-01
3.288465773888947508e-02
3.288465773888947508e-02
3.684425948733527356e-03
3.684425948733527356e-03
3.898092860217758360e-02
3.898092860217758360e-02
1.030084932547908755e-01
1.030084932547908755e-01
2.024793310491211362e-01
2.024793310491211362e-01
1.306043213438868866e-01
1.306043213438868866e-01
2.412586358371082706e-01
2.412586358371082706e-01
2.704246988133525154e-01
2.704246988133525154e-01
3.993022336897898983e-01
3.993022336897898983e-01
3.179326613215617825e-01
3.179326613215617825e-01
2.861968481025594091e-01
2.861968481025594091e-01
1.986113625334010591e-01
1.986113625334010591e-01
3.065710701623563517e-01
3.065710701623563517e-01
7.039478528741195673e-02
7.039478528741195673e-02
1.997365059057931158e-01
1.997365059057931158e-01
1.199999999999999956e+00
1.199999999999999956e+00
1.199999999999999956e+00
1.199999999999999956e+00
2.554307387350047143e-01
2.554307387350047143e-01
